-5990.5 -1495.7 29.2
-6018.8 -1520.9 27.7
-6022.5 -1508.5 27.9
-5871.8 -1375.0 36.8
-3677.5 -2742.5 25.9
-3671.4 -2756.7 25.6
-6770.4 -2093.7 20.7
-6257.8 8673.8 23.2
-6253.6 8664.3 23.2
-6246.8 8653.7 23.2
-6240.0 8646.5 23.1
-6229.8 8722.8 23.4
-6373.5 8709.0 24.8
-6849.3 7740.3 32.4
5268.6 7948.8 30.2
-6841.1 7738.1 32.6
-6873.2 7733.0 32.0
-6599.3 6453.0 26.4
-6618.5 6478.5 26.5
-6622.9 6484.2 26.5
-5825.5 -1350.2 39.3
-5848.8 -1370.4 37.8
-6045.6 -1529.2 27.5
-2968.1 -1274.2 19.3
-2968.8 -1289.1 19.3
-2985.1 -1270.8 19.3
-2967.6 -1237.1 19.3
-2954.8 -1249.6 19.3
-2895.0 -1080.1 19.3
-2810.4 -1230.8 19.4
-3036.1 -1117.4 19.2
-2322.3 -1887.0 21.5
-2826.2 -1128.3 19.4
-255.2 -1455.6 22.1
-246.2 -1480.1 22.1
-1653.9 -1754.7 18.8
-6250.0 8671.7 23.1
-6278.4 8718.5 23.4
-6378.3 8699.0 25.2
-6384.2 8658.1 26.0
-6370.7 8684.9 25.4
-4981.9 8696.2 28.5
-5747.5 5305.7 22.9
-1290.1 -129.2 21.4
-1048.1 -89.5 22.6
-1038.2 156.7 23.5
-1377.9 317.6 19.1
-1113.0 294.9 21.0
-1309.6 329.1 20.2
-1334.6 309.3 19.7
-1228.5 71.9 23.5
-2890.4 -1052.9 19.3
-2897.9 -1065.3 19.3
-2863.4 -1142.2 19.3
-2841.0 -1129.4 19.4
-3020.8 -979.3 18.9
-3019.0 -985.5 19.0
-3065.0 -1016.3 19.2
-3045.4 -999.0 19.2
-3099.6 -985.0 19.0
-2944.8 -985.2 19.0
375.2 -1000.5 20.5
-149.7 -1077.3 20.2
400.9 -1016.1 20.2
-1467.8 1244.5 16.6
-1425.7 1246.0 16.7
-6603.7 6458.9 26.4
-6610.8 6434.1 26.5
-6639.3 6428.0 26.8
-742.5 -616.6 18.7
-3077.2 1386.0 17.7
-3073.2 1399.1 17.6
-2794.8 860.9 16.8
-1217.1 105.3 23.2
-1209.7 99.2 23.2
-1222.3 75.4 23.5
-1262.4 61.7 23.2
-1277.7 97.8 23.0
72.3 -647.8 20.0
45.0 -196.0 19.9
-450.7 -256.2 19.0
-441.5 -248.6 18.9
-431.2 -240.3 18.9
-647.5 20.6 22.0
-834.0 -25.1 23.2
-833.7 81.9 22.4
-1033.2 -53.3 23.4
-1051.1 1.2 23.9
-1035.2 -36.3 23.7
-905.2 -30.4 23.2
-941.4 33.3 23.2
-741.9 88.7 22.3
-712.9 74.0 22.4
-737.7 54.0 22.7
-737.5 -66.9 22.2
-831.6 -330.9 19.3
-818.0 -305.6 19.7
-784.3 -227.6 21.0
-841.9 -326.5 19.4
-778.9 -109.0 22.3
-771.1 -130.3 21.9
-737.7 -104.7 22.0
-2993.5 1082.1 16.4
-3001.7 1082.5 16.4
-2810.7 -1191.0 19.4
-2962.3 -1285.3 19.3
-2970.5 -1234.2 19.3
-2957.3 -1186.5 19.3
-2961.5 -1182.8 19.3
-2996.3 -1211.3 19.3
-2940.8 -1230.1 19.3
-2946.9 -1232.6 19.3
-2941.4 -1256.1 19.3
-2936.0 -1255.4 19.3
-2919.3 -1259.0 19.3
-2912.6 -1252.4 19.3
-2903.0 -1079.7 19.3
-2928.0 -1102.8 19.3
-2892.4 -1106.8 19.3
-2874.5 -1095.8 19.3
-2887.0 -1090.8 19.3
-2885.5 -1095.1 19.3
-2894.2 -1177.2 19.3
-2898.9 -1147.7 19.3
-2902.5 -1141.8 19.3
-2862.4 -1162.7 19.3
-2877.3 -1124.3 19.3
-2851.6 -1197.2 19.4
-2856.4 -1198.7 19.4
-2850.3 -1181.9 19.4
-2842.3 -1189.3 19.4
-2838.4 -1192.8 19.4
-2792.7 -1227.1 19.4
-2809.0 -1222.6 19.4
-3062.2 -1078.5 19.2
-2937.3 -1133.0 19.3
-2941.5 -1126.7 19.3
-3000.8 -1134.1 19.3
-3007.6 -1136.5 19.2
-3017.7 -1138.9 19.2
-3019.3 -1100.2 19.2
-2961.6 -1089.0 19.3
-1054.7 634.6 19.0
-1051.8 636.9 19.0
-258.4 -1647.4 22.0
-283.3 -1631.7 22.0
-819.9 493.2 18.2
-225.9 -1459.7 21.9
-226.8 -1466.8 21.9
-234.3 -1479.4 22.0
-122.9 -1074.5 20.2
-146.8 -1062.9 20.2
-139.4 -1081.0 20.2
-107.2 -1111.9 20.0
-115.6 -1101.1 20.1
-683.9 167.9 20.7
-698.8 162.2 20.7
-721.4 154.2 20.7
-715.6 156.4 20.7
-3305.9 -292.5 21.0
-1099.0 -7084.2 28.0
-1158.6 720.2 19.3
-1337.3 767.9 19.5
4165.1 -6865.5 38.0
4133.9 -6859.6 37.9
4233.4 -6713.6 36.7
-3707.5 -2706.9 26.6
-3710.1 -2699.4 26.5
-3702.9 -2679.1 25.8
-3691.0 -2709.4 26.4
-3681.8 -2731.1 26.1
-3669.3 -2764.6 25.5
-3270.4 -1090.2 19.4
-3271.5 -1086.9 19.4
-3834.1 -1101.4 22.6
-2310.8 -1905.9 22.4
-2316.8 -1900.0 22.1
-535.6 -458.1 19.3
-308.4 -736.6 19.1
-4257.6 5427.2 20.9
-4233.2 5443.9 21.2
-2285.9 -1970.1 25.0
-2279.8 -1982.8 25.1
-3704.4 -2714.0 26.7
-3713.5 -2692.1 26.3
-3705.9 -2672.3 25.7
-3700.0 -2686.5 25.9
3970.6 4883.6 22.3
-2348.6 -129.7 20.0
-2364.2 -103.2 19.9
-1660.3 490.6 21.1
366.0 -1010.4 20.3
367.8 -983.7 20.9
356.9 -985.6 20.8
5271.3 7945.9 30.3
5268.0 7945.1 30.2
5285.4 7972.2 30.9
5281.1 7975.0 30.8
5282.0 7972.4 30.8
5283.0 7969.6 30.8
5427.4 7966.9 30.0
5428.3 7939.0 29.0
5536.1 7812.2 28.0
5715.7 7932.0 30.2
5711.9 7936.7 30.2
5709.2 7941.6 30.2
5706.1 7953.6 30.2
5675.2 7705.5 28.8
6525.6 6688.0 39.8
-820.2 -336.1 18.9
-823.6 -334.2 19.0
-820.2 -304.6 19.8
-3377.0 -716.1 21.6
-3322.4 -730.2 21.0
-3313.7 -741.9 20.7
-3167.7 -669.3 20.4
-3208.5 -692.2 20.3
-3275.9 -872.4 19.5
-3280.9 -880.7 19.4
4782.0 7989.3 19.3
4710.6 7998.6 18.4
4942.9 8593.6 24.5
4951.6 8595.7 24.7
-1298.4 450.4 20.0
-1284.3 419.9 20.2
-2973.3 1092.2 16.2
-2982.2 1081.4 16.4
-1340.7 790.9 19.0
-2073.2 88.4 20.4
-1068.7 198.2 23.2
-1060.6 168.3 23.5
-732.8 150.2 20.8
-686.3 189.1 20.4
-709.2 158.4 20.7
-2848.6 -901.9 19.3
-2865.4 -904.7 19.3
-2339.9 -121.8 20.0
-2356.0 -131.2 20.0
-2364.2 -126.7 20.0
-2369.7 -110.1 19.9
-2345.4 -101.5 19.8
-2850.0 -1134.3 19.3
-2917.4 -1207.6 19.3
-2953.2 -1181.4 19.3
-2956.9 -1179.4 19.3
-2996.1 -1202.3 19.3
-3003.7 -1208.2 19.3
-2906.8 -1154.7 19.3
-2897.1 -1153.7 19.3
-2867.0 -1152.4 19.3
-2864.6 -1222.2 19.3
-2846.2 -1185.4 19.4
-2825.6 -1217.6 19.4
-2817.1 -1219.8 19.4
-2944.4 -1118.9 19.3
-2976.1 -1127.5 19.3
-3031.0 -1150.6 19.2
-3036.5 -1107.7 19.2
-3015.1 -1098.7 19.2
-3025.4 -1102.8 19.2
-3023.4 -1113.0 19.2
-672.5 99.7 22.0
-727.5 -137.1 21.3
-735.2 -121.5 21.7
-723.8 -118.2 21.6
-1041.4 -86.2 22.7
-1031.2 -41.6 23.6
-1020.9 132.5 23.6
-953.7 39.2 23.3
-780.8 -113.5 22.3
-1379.3 334.0 18.6
-1370.9 323.0 18.9
-1254.7 338.4 20.7
-1364.7 302.0 19.5
-1189.0 339.3 20.7
-1226.0 334.3 20.8
-1237.9 331.6 20.7
-1262.7 326.4 20.7
-1268.4 325.2 20.7
-1286.7 321.3 20.6
-1337.2 321.2 19.6
-1352.3 320.4 19.2
-1349.7 315.6 19.3
-1232.5 124.6 23.0
-1218.3 118.3 23.1
-1212.5 82.6 23.3
-1236.5 66.0 23.7
-1264.9 67.7 23.3
-1272.6 85.7 23.2
-1278.2 86.3 23.2
713.2 0.4 25.5
-2957.8 -1724.5 20.6
-2698.8 -1324.4 19.5
499.1 -874.1 23.1
2530.0 4827.2 19.3
-687.6 122.6 21.6
-579.6 479.2 19.9
-756.4 -65.5 22.4
-601.1 41.3 22.1
-2216.1 -88.2 20.1
-2103.5 -86.1 19.6
-3748.0 -1208.9 22.2
-4279.9 5431.7 20.8
-3378.8 -729.9 21.5
-3296.6 -729.6 20.4
-5026.9 4878.2 22.6
-5792.1 5294.1 22.5
-5762.5 5302.8 22.8
-5786.9 5275.5 22.0
-4390.2 4435.9 21.3
-4395.1 4443.7 21.4
-4407.7 4465.6 21.5
4430.0 -7897.6 43.9
4445.1 -7859.4 47.9
4419.7 -7804.6 47.6
4114.4 -7359.0 51.5
3964.6 4875.6 22.3
3959.0 4867.5 22.3
3959.7 4871.4 22.3
3960.7 4875.2 22.2
3953.8 4767.4 23.3
817.0 -3506.3 23.2
818.1 -3510.1 23.2
463.1 -3401.0 23.4
-977.1 676.0 18.2
-1178.2 676.6 19.7
-3691.9 -2748.1 26.2
-3698.5 -2728.9 26.5
-760.1 76.1 22.5
-747.1 87.9 22.3
-735.9 88.7 22.3
-785.4 101.4 21.8
-805.1 93.6 21.9
-600.4 35.3 22.0
-605.6 57.8 22.0
-655.0 16.8 21.9
-662.6 17.1 22.0
-604.2 6.0 21.5
-604.6 16.5 21.7
3934.8 4795.2 22.7
-2869.1 -1057.1 19.3
-2853.3 -1178.7 19.4
-3062.2 -1009.9 19.2
-3029.0 -1144.4 19.2
-2963.9 -1079.4 19.3
-2905.4 -1248.7 19.3
-2824.5 -1201.8 19.4
-2228.9 36.2 20.4
-2241.1 31.6 20.2
-2354.3 -116.4 19.9
-1296.4 -115.6 21.5
5433.7 -4925.4 31.7
4163.4 -7319.7 51.2
4145.1 -7369.2 50.7
-1635.8 -1739.8 19.3
-1599.5 -1708.8 20.7
-2163.8 -198.4 19.3
-2131.2 -91.8 19.7
-5866.0 -1385.8 36.7
-5926.6 -1439.3 32.6
-6001.8 -1505.8 28.7
-5988.3 -1478.2 29.6
-5921.6 -1419.2 33.4
-5862.8 -1367.6 37.3
-5840.1 -1347.1 38.7
-6085.2 -1578.9 27.2
-6011.1 -1498.1 28.6
5706.5 7965.7 30.3
5709.8 7920.7 30.1
-735.6 -153.5 21.2
-1302.7 -122.8 21.4
-1777.2 -633.0 22.5
-1636.0 -1696.2 20.9
-1618.0 -1647.6 20.8
-1599.7 -1648.2 20.7
-6391.3 8672.5 26.4
-6212.8 8748.9 23.5
-4036.3 -1074.0 21.9
-6218.8 8706.5 23.0
-6246.5 8661.9 23.1
-4207.6 5445.8 21.4
-6078.4 -1572.9 27.3
-6066.8 -1562.9 27.4
5284.1 7974.9 30.9
-1189.8 705.3 19.6
-1168.0 658.0 19.8
-1333.3 1114.9 18.0
-1528.5 1242.1 16.6
-1040.9 1204.5 18.3
-1349.8 343.1 19.1
-5881.0 -1383.3 36.2
-5965.0 -1457.8 30.7
-5983.5 -1489.5 29.5
-5978.6 -1485.3 29.7
-5895.7 -1411.6 34.6
-5837.6 -1360.9 38.5
-450.4 -260.6 19.0
-1523.5 1253.8 16.5
-474.8 100.5 21.1
-562.6 42.9 21.9
-574.0 42.5 22.0
-1003.9 -481.0 17.3
-4213.0 5445.3 21.4
-6740.0 6790.3 25.2
-2084.8 411.2 21.6
-2532.5 -248.7 20.8
-2214.0 -325.1 18.4
4953.8 -4038.9 49.6
-1265.4 108.9 23.0
-3370.7 -300.8 21.4
-2451.0 -19.7 19.4
-2443.5 -25.7 19.4
-2441.9 -19.6 19.4
-1254.9 344.6 20.6
-1291.6 427.3 20.1
-1213.9 336.6 20.8
4388.0 -7840.6 46.7
4173.3 -6862.1 38.0
4195.5 -6855.2 38.0
4233.9 -6754.8 37.2
5120.4 -4362.8 42.1
5126.0 -4352.0 42.2
5137.6 -4328.7 42.2
5086.8 -4477.3 41.0
-143.0 -1071.2 20.2
-1278.3 1149.1 17.8
-1044.0 1206.1 18.3
-2211.4 -335.4 18.8
-2192.3 -138.8 19.8
367.2 -993.8 20.6
-6593.5 6445.4 26.3
-3982.9 -1115.8 22.1
-2907.7 -1204.0 19.3
-2957.3 -1281.7 19.3
-3076.3 -984.9 19.0
-2866.4 -1135.3 19.3
-2893.2 -1128.1 19.3
-2856.2 -1070.6 19.3
-2947.3 -1267.0 19.3
-3040.3 -957.7 19.0
-6860.6 7710.3 32.4
-6425.6 -1720.4 24.9
-3167.6 -675.4 20.4
-2858.7 -907.6 19.2
-2868.5 -947.9 18.9
-1020.4 -85.9 22.8
-950.0 45.4 23.2
-606.6 48.2 22.1
-606.2 52.9 22.1
82.2 -328.2 20.0
-5845.9 -1352.2 38.4
-2538.5 -243.8 20.8
-3340.5 -268.5 20.8
-1656.4 1211.9 16.9
-1821.5 1131.4 16.1
-1175.8 -255.6 20.0
-1260.1 342.6 20.6
-682.7 460.5 18.0
-5993.2 -1482.9 29.4
-6028.7 -1513.8 27.6
-6040.1 -1523.9 27.5
-6057.3 -1539.2 27.4
-6007.4 -1510.7 28.4
-5960.8 -1469.7 30.6
-1325.8 748.5 19.7
-1309.4 754.0 19.5
-3080.4 1404.4 17.5
-1676.6 489.4 21.0
-4660.0 -2944.0 48.6
-2849.8 -1199.2 19.4
-2920.5 -1010.2 19.2
-3369.5 -707.6 21.6
-3355.9 -284.4 21.0
-4262.7 5422.0 20.8
3962.7 4867.6 22.4
-3323.8 -271.9 20.9
-3339.2 -287.8 21.0
-3330.0 -742.5 21.0
-1447.0 1247.4 16.7
-1353.9 1194.7 17.3
-3745.8 -1213.7 22.1
-3951.3 -1134.0 22.2
-3958.8 -1129.2 22.2
-4054.8 -1063.1 21.9
-4058.9 -1059.8 21.9
-4074.7 -1047.7 21.9
-4089.5 -1036.6 21.7
-4109.7 -1021.8 22.0
-3905.0 -1122.9 22.2
-3825.6 -1101.7 22.6
-3823.5 -1131.2 22.4
-3739.8 -1035.2 22.9
-3750.0 -1024.0 22.9
-2242.8 71.4 20.3
-815.1 -307.1 19.8
-4021.7 -1085.2 21.9
-2892.8 -1003.7 19.2
-2888.2 -1058.9 19.3
-2886.3 -1134.3 19.3
-2839.7 -1210.0 19.4
-3060.3 -1082.4 19.2
-2977.2 -1008.7 19.2
-2862.2 -1018.3 19.2
-2949.2 -1115.1 19.3
-3701.7 -2721.4 26.7
-3716.2 -2684.7 26.2
-615.3 -4182.7 23.0
5410.5 -4894.6 32.7
5093.2 -4451.0 41.3
5086.6 -4431.1 41.6
2.6 -110.6 20.8
4290.8 7161.8 20.9
-1227.5 126.8 23.0
-1469.5 110.3 22.5
-2959.4 -1696.3 21.2
4168.7 -7331.0 51.3
-2965.3 -1025.0 19.2
-310.5 -748.7 19.1
-215.2 -1695.7 21.9
-332.7 -697.5 19.1
-110.7 -1091.2 20.1
-102.5 -1096.5 20.1
-5912.5 -1426.8 33.5
-5949.2 -1459.4 31.2
9.6 -1521.1 20.2
-24.2 -1547.3 21.0
4197.6 -7309.6 50.8
4452.7 -7852.6 48.6
4407.2 -7876.2 45.0
-5789.1 5281.8 22.2
416.8 -688.4 22.8
84.3 -644.0 20.1
-2844.1 -1233.8 19.4
-2827.7 -1230.7 19.4
-1232.9 1106.4 18.3
-1551.5 1237.8 16.6
-1535.4 1251.6 16.5
-1372.3 1214.3 17.1
-1654.5 -1664.5 21.2
5707.6 7947.1 30.2
492.0 -832.6 22.2
144.9 -903.5 20.1
390.8 -1021.3 20.1
2711.8 -3805.6 22.4
-29.1 -44.5 20.8
-586.9 41.7 22.0
193.7 -171.6 21.4
205.8 -176.5 21.5
430.7 -3346.3 22.3
1719.1 1540.9 19.9
-1680.7 520.8 20.9
-1665.0 497.4 21.1
-1145.8 700.0 19.3
-1046.3 641.8 18.9
17.8 -1543.9 20.4
-1482.6 118.6 22.4
-780.4 103.5 21.8
-1473.4 -527.5 20.2
-680.6 174.7 20.6
-678.6 169.7 20.7
-736.6 148.7 20.8
-682.4 126.3 21.5
-667.6 125.5 21.6
-687.6 215.5 19.9
-1317.5 326.3 20.0
-1312.6 324.2 20.1
-1358.8 303.5 19.5
-1352.9 304.9 19.5
-1350.1 330.7 19.2
-1346.7 316.4 19.4
-110.3 -1071.2 20.1
-1287.6 431.6 20.1
-1280.6 322.6 20.7
-1294.3 454.7 20.0
-1291.0 443.8 20.1
-1279.4 440.6 20.2
-3033.0 -3.0 21.2
-1317.6 752.4 19.6
-1790.6 675.9 19.0
-587.8 481.7 19.8
-562.7 474.4 20.1
-570.8 477.1 20.0
-1765.0 658.1 19.2
-1786.6 160.0 21.2
-1000.5 -49.0 23.6
-1019.4 -80.8 23.0
-1040.6 -30.0 23.8
-899.3 -40.7 23.2
-913.6 -18.4 23.2
-907.9 -14.1 23.2
-922.2 -6.2 23.2
-916.4 -1.7 23.2
-929.7 4.8 23.2
-1103.9 253.3 22.5
-1094.7 248.8 22.5
-1118.0 311.4 20.8
-1224.2 130.8 23.0
-1801.8 120.5 21.5
-2961.6 -1270.3 19.3
-2937.2 -1192.8 19.3
-271.6 -1063.9 20.5
-5808.2 -1335.0 40.4
-5860.5 -1380.4 37.1
-5921.2 -1434.4 32.9
-5932.0 -1444.3 32.3
-5943.4 -1454.2 31.6
-6013.4 -1515.8 28.0
-6061.8 -1558.6 27.4
-6072.7 -1567.9 27.3
-6063.5 -1544.5 27.4
-6052.4 -1535.9 27.4
-6005.4 -1493.4 28.8
-5959.6 -1452.9 31.0
-5953.0 -1447.3 31.4
-5868.2 -1372.5 37.0
-5857.0 -1362.4 37.7
-5835.0 -1342.5 39.1
-2889.5 -996.2 19.1
-3097.0 1385.0 17.7
-3091.6 1379.8 17.7
4159.2 -7321.8 51.3
4136.5 -7374.4 50.4
4118.3 -7354.9 51.6
4128.6 -7343.0 51.9
-3364.6 -707.4 21.6
-3346.6 -749.9 21.1
-3331.1 -722.3 21.1
-3304.7 -734.2 20.6
-3189.3 -693.7 20.3
-3209.1 -702.7 20.2
37.7 -75.9 20.8
-44.5 -19.3 21.1
28.4 -110.1 20.6
66.6 -142.0 20.7
80.0 -156.6 20.8
-2077.0 108.2 20.6
-2074.9 96.5 20.5
-2056.9 -77.9 19.5
-195.2 108.4 19.6
-6588.5 1773.1 36.8
-6592.8 1768.7 36.9
222.4 -182.1 21.6
39.0 -194.9 19.8
-2827.4 -1222.9 19.4
-1389.5 -46.8 21.3
-1490.8 119.6 22.3
-1251.8 55.8 23.3
-1273.0 73.6 23.3
-982.8 87.4 23.2
-1038.1 186.1 23.0
-992.3 -44.5 23.7
-1024.2 -99.1 22.5
-1034.6 -28.8 23.8
-2230.6 72.2 20.5
-2235.9 -43.1 20.1
-2239.6 -0.4 20.2
-439.6 99.4 20.9
-593.8 41.5 22.1
-688.4 166.4 20.7
-726.8 152.3 20.8
-729.9 88.2 22.3
77.0 -632.9 20.1
-3113.9 -1300.0 19.1
-2973.5 -1282.5 19.3
-2929.0 -1212.2 19.3
-2963.4 -1192.6 19.3
-1717.8 -218.4 19.9
-622.3 -388.3 19.6
-2190.1 -114.4 19.9
-2162.0 -97.8 19.8
-3685.9 -2721.5 26.3
-2919.2 -1006.2 19.2
-2871.8 -986.1 18.9
-2936.7 -1101.9 19.3
-2880.7 -1082.3 19.3
-2899.8 -1060.4 19.3
-2901.5 -1066.9 19.3
-2887.4 -1109.0 19.3
-2850.9 -1064.4 19.3
-2837.4 -1057.3 19.3
-2891.0 -1136.0 19.3
-2842.7 -1201.8 19.4
-2840.2 -1216.3 19.4
-2860.9 -1017.7 19.2
-2847.2 -1136.4 19.3
5101.7 -4397.7 41.8
5078.8 -4413.0 41.9
-2203.6 -1871.6 21.2
-1703.7 -1617.8 20.8
-3306.9 -280.8 21.0
-3308.2 -263.7 21.0
-3322.4 -291.2 20.9
498.5 -854.8 22.9
-3384.8 -713.8 21.6
-4977.1 8712.7 28.3
-2880.8 -1231.2 19.3
-3035.3 -992.6 19.1
-2879.9 -1061.9 19.3
-3743.7 -1218.0 22.0
-3937.7 -1144.9 22.3
-3990.2 -1111.2 22.0
-4000.8 -1102.9 22.0
-4018.3 -1089.9 21.9
-4029.4 -1080.4 21.9
-3858.5 -1109.2 22.4
-3777.9 -1059.5 22.8
-3772.8 -1054.7 22.8
-3778.7 -1069.6 22.8
-3832.8 946.2 19.2
4960.8 8608.8 25.2
-4961.8 8724.0 27.6
-829.2 -331.7 19.2
-3957.2 -376.6 23.6
-5851.6 -1357.4 38.0
-5875.6 -1378.8 36.5
-5889.3 -1391.3 35.6
-5941.8 -1436.6 32.1
-5976.5 -1467.8 30.1
-6043.2 -1542.2 27.5
-6036.8 -1536.7 27.6
-5883.4 -1401.2 35.5
-5830.9 -1355.0 38.9
-1295.0 438.8 20.1
-1341.2 308.3 19.6
-2901.2 -1159.9 19.3
-2847.4 -1198.2 19.4
-2795.6 -1183.8 19.4
-2807.2 -1189.7 19.4
-3956.0 -396.8 23.8
-3924.1 -389.6 23.7
5706.2 7959.2 30.3
4721.3 7927.1 19.9
2691.0 -3772.7 22.4
4161.9 -6850.2 37.9
4139.7 -6859.5 37.9
4226.5 -6715.2 36.6
4213.8 -6719.5 36.5
4214.9 -6726.7 36.6
-5017.8 4876.1 22.6
-2645.7 -1143.0 19.5
-3929.9 -1146.3 22.3
-4031.3 -1078.9 21.9
-3740.6 -1024.7 22.9
-5779.1 5296.4 22.6
-1177.2 -275.4 19.9
-3054.0 -1078.0 19.2
-3040.8 -976.5 18.9
-3029.6 -955.5 19.0
-3048.2 -937.4 19.1
-2983.7 -1011.3 19.2
-2951.1 -1047.9 19.3
-2983.3 -1130.3 19.3
-3015.9 -1109.8 19.2
-2974.4 -1093.1 19.3
-2978.2 -1094.4 19.3
4454.7 -7877.9 46.6
-4275.1 5424.3 20.8
-1695.6 879.9 18.6
-258.6 -1473.0 22.2
-225.0 -1683.6 21.9
-2197.5 -328.7 18.2
-269.3 -1072.0 20.5
-114.7 -1074.2 20.1
-268.6 -1079.3 20.5
-5029.0 4874.1 22.6
-5786.6 5288.3 22.4
3962.0 4877.6 22.2
-2974.3 1103.5 15.8
-290.8 -769.1 19.2
-679.7 89.5 22.1
-703.7 160.7 20.7
-1654.7 -1649.3 21.1
-1306.8 -117.8 21.4
-1292.3 -123.7 21.5
-1207.9 85.6 23.3
-1282.9 101.4 23.0
-1171.4 664.1 19.8
-1164.3 722.5 19.3
-978.6 664.4 18.3
-1353.6 -604.0 22.1
-1330.6 1183.7 17.4
-1349.4 1204.5 17.2
-1041.8 1190.0 18.3
-2093.7 409.5 21.4
-2097.1 408.9 21.4
-2181.2 -133.4 19.8
-2169.5 -158.0 19.6
-2196.4 -332.5 18.4
-1670.8 507.3 21.1
-1362.9 714.7 20.3
-1539.6 1240.0 16.6
-1544.2 1439.2 15.6
-1548.2 1249.4 16.5
-1491.8 1248.1 16.6
-1480.2 1246.6 16.6
-2078.7 116.2 20.6
-815.5 89.6 22.0
-1364.7 1199.5 17.2
-1195.5 340.1 20.8
-573.6 36.2 21.9
87.5 -165.3 20.8
-623.5 -383.3 19.6
-1284.2 -145.1 21.4
-1172.9 -274.2 19.9
-1423.2 1237.5 16.8
-1524.2 1453.7 15.6
2332.2 6507.8 18.7
-1774.2 652.4 19.2
-2200.8 -340.4 18.9
-1262.5 336.8 20.6
-1136.1 331.9 20.4
-1306.6 441.5 20.1
-1263.5 342.1 20.6
-3171.8 -682.2 20.4
-3016.0 -1070.4 19.2
-3080.3 -1018.4 19.2
-3028.0 -961.6 19.0
-2871.7 -949.2 18.9
-1244.6 1112.3 18.2
-1397.2 1225.1 16.9
-2574.9 -256.1 20.7
-2524.4 -255.2 20.6
5706.5 7837.5 29.7
-1300.3 756.0 19.5
3953.2 4763.2 23.3
-596.3 484.9 19.5
-1012.7 644.0 18.7
5423.7 -4911.0 32.1
5026.2 -4161.2 46.3
5170.4 -4146.8 47.0
-3081.7 1379.1 17.7
-1617.7 -1694.9 21.1
-1581.5 -1664.7 20.9
-1581.1 -1694.3 20.9
-275.4 -1640.1 22.0
-294.7 -768.7 19.3
-808.2 92.3 22.0
4961.1 -4025.6 50.0
-3321.4 -310.0 21.0
4425.4 -7797.7 47.8
4448.3 -7887.3 45.5
-2871.5 841.0 17.9
-2974.0 1081.0 16.5
5424.6 8098.3 34.7
5601.7 7773.8 28.4
5777.9 8512.1 29.2
5095.9 -4404.6 41.8
5138.5 -4448.1 40.8
-4697.4 -2965.4 48.3
-1363.2 1210.3 17.1
-1266.5 1131.7 18.0
-1035.3 1207.3 18.3
609.7 1431.6 20.0
631.8 1436.9 20.1
-1175.8 337.5 20.6
-1218.5 346.4 20.8
-1363.8 819.8 19.5
-1169.2 720.3 19.4
-1443.8 1235.0 16.8
-1517.5 1244.3 16.6
3954.8 4770.9 23.2
-4978.5 8710.2 28.3
5167.6 -4144.1 47.0
-2203.9 -85.5 20.0
-1334.1 -602.1 21.7
5131.9 -4340.3 42.2
5425.3 7950.4 29.4
-4392.1 4500.9 21.4
-3173.4 -675.3 20.4
5059.9 -4422.0 42.0
5232.6 -4492.8 39.3
5103.3 -4479.8 40.8
5108.4 -4478.0 40.8
-3666.1 -2771.1 25.3
-5771.6 5299.0 22.7
-5754.9 5302.1 22.8
-1663.3 -2668.8 19.6
610.1 -1616.1 17.9
5100.3 -4471.5 40.9
4381.1 -7826.0 46.3
-1045.4 -7.2 23.9
-2050.4 -77.4 19.4
-1271.5 106.0 23.0
-1256.6 52.7 23.2
-1267.3 73.7 23.4
-1269.9 79.9 23.4
-1275.2 91.9 23.1
-1283.2 96.0 23.0
-1280.3 91.2 23.1
-1275.4 79.6 23.3
-1265.6 56.0 23.1
-1465.3 103.1 22.4
-2204.6 -322.7 18.1
4242.2 -6743.3 37.2
4235.9 -6721.0 36.8
4241.1 -6752.7 37.3
-836.8 80.8 22.5
-991.4 99.5 23.6
-973.8 74.6 23.3
-958.7 57.3 23.3
-964.4 54.1 23.3
496.9 -838.9 22.5
502.7 -846.0 22.8
504.8 -867.1 23.2
510.5 -860.4 23.3
227.4 -3248.1 25.5
435.3 -699.6 22.4
776.0 -2249.5 20.6
2229.8 -1124.9 28.8
4164.2 -7333.2 51.5
4173.0 -7328.7 51.2
4158.7 -7340.7 52.0
4176.3 -7315.2 51.2
4182.5 -7326.0 51.1
4177.9 -7326.9 51.1
4187.7 -7326.4 51.1
4192.3 -7327.3 51.1
4197.2 -7329.8 51.1
4194.3 -7305.9 50.8
4125.8 -7346.9 51.8
4200.8 -7313.1 50.8
4201.6 -7332.4 51.2
4132.1 -7377.0 50.4
4167.6 -6858.4 38.0
4158.8 -6869.8 38.1
4155.6 -6854.9 37.9
4148.1 -6859.7 37.9
4180.5 -6859.9 38.0
4187.4 -6857.8 38.0
4202.5 -6853.9 38.0
4211.4 -6852.3 38.0
4219.1 -6851.2 38.0
4186.7 -6846.9 37.9
4169.8 -6847.5 37.9
4174.9 -6847.8 37.9
5016.4 -4145.2 46.7
5058.0 -4213.6 44.9
1262.6 911.2 23.4
-1636.4 -1665.5 21.2
-1636.2 -1680.3 21.2
-1654.1 -1696.9 20.7
-1654.7 -1680.2 21.2
-1617.8 -1665.2 21.1
-1636.1 -1647.9 21.0
-1654.1 -1739.1 19.1
-1654.1 -1725.7 19.6
-1636.1 -1709.8 20.4
-1617.4 -1739.4 19.4
-1617.6 -1724.7 20.0
-1599.1 -1724.4 20.1
-1599.7 -1694.9 21.0
-1599.5 -1679.8 21.0
-1599.5 -1665.1 21.1
-1581.5 -1647.0 20.6
-1581.4 -1679.6 21.0
-1444.8 -517.3 19.1
-530.2 -466.7 19.3
5114.5 -4374.5 42.0
5108.8 -4385.8 41.9
5078.1 -4447.7 41.5
-4665.3 -2956.5 48.5
2701.7 -3789.4 22.4
-249.9 -1671.9 21.9
-256.8 -1663.1 21.9
-264.9 -1639.1 22.0
-626.4 -394.3 19.6
-634.1 -386.2 19.6
-3338.5 -746.2 21.1
-1575.0 -1582.7 21.3
5098.7 -4467.1 41.0
5084.5 -4473.9 41.1
-20.5 -1555.8 21.1
-1635.8 -1755.0 19.0
-1635.6 -1770.8 18.9
-1654.3 -1770.9 18.7
-1617.3 -1755.4 19.3
4201.1 -6840.8 38.0
4215.8 -6833.0 37.8
4240.1 -6736.0 37.1
4238.0 -6728.8 36.9
4219.6 -6716.7 36.5
4222.0 -6749.9 37.0
4224.1 -6757.4 37.1
5389.5 -5014.0 32.7
5403.3 -4886.8 33.0
5428.4 -4917.4 31.9
590.2 -1559.8 18.6
-631.6 -4434.8 21.7
-242.5 -1466.0 22.0
5099.7 -4274.1 43.2
5164.4 -4147.1 47.0
5142.3 -4331.0 42.1
5125.3 -4406.4 41.5
5102.6 -4413.1 41.6
5130.4 -4354.3 42.1
5136.2 -4342.5 42.2
2721.0 -3821.4 22.5
4392.2 -7795.5 47.1
4387.6 -7797.8 46.9
4396.1 -7855.3 46.4
4416.3 -7885.6 44.5
4414.2 -7792.6 47.7
-1035.6 180.5 23.1
-1129.5 331.0 20.4
-1155.9 334.6 20.4
-1162.6 335.6 20.5
-1169.4 336.4 20.6
-682.8 179.5 20.5
-693.0 164.3 20.7
138.3 226.5 21.7
-1379.9 326.4 18.7
-1371.1 313.0 19.2
-1361.0 313.6 19.2
-6438.4 -2196.5 20.5
-6091.7 -1584.5 27.1
-6097.7 -1589.6 27.0
-4404.2 4563.9 21.4
4232.9 7157.8 20.0
4231.1 7125.8 19.8
-37.9 -1559.9 21.4
-249.5 -1452.6 22.1
4159.7 -7335.4 51.6
4178.2 -7310.8 51.1
4140.8 -7371.8 50.6
4122.1 -7350.7 51.7
-2953.7 -1263.5 19.3
-2955.0 -1275.5 19.3
-2971.5 -1238.7 19.3
-2929.6 -1257.1 19.3
-2892.6 -1246.1 19.3
4216.9 -6734.1 36.7
4219.2 -6741.7 36.8
4237.7 -6753.6 37.3
-1242.5 62.6 23.6
-1270.3 67.4 23.2
-6386.9 8681.3 26.0
-6362.3 8702.4 24.6
-6870.7 7737.8 32.0
4234.3 7152.7 19.9
5418.1 8096.9 34.7
-812.8 -308.2 19.7
-630.6 -400.8 19.5
-632.8 -391.3 19.5
-6239.0 8655.8 23.1
-1765.6 678.4 19.1
36.7 -98.4 20.8
183.1 113.2 23.2
-799.3 -231.1 20.9
-763.8 78.2 22.5
-710.2 69.7 22.4
38.2 -201.2 19.8
-1057.3 192.6 23.1
-684.6 184.4 20.5
-1012.3 -127.0 22.1
-1012.0 120.4 23.6
-885.5 -43.2 23.2
-932.7 21.1 23.2
-937.8 16.5 23.2
-946.9 29.2 23.2
-1064.3 174.4 23.5
-1219.6 110.8 23.1
-1211.3 92.8 23.3
-1205.3 91.3 23.3
-1313.5 327.5 20.1
-1347.2 306.7 19.5
-1316.1 313.9 20.1
-1322.4 312.2 20.0
-1298.8 318.8 20.5
-1283.5 435.8 20.1
-1280.0 424.7 20.2
-1271.9 433.4 20.3
-1333.0 320.1 19.7
-1345.2 329.9 19.3
-1365.8 316.4 19.1
-3102.4 1389.9 17.7
-1174.4 669.7 19.8
-1211.5 352.8 20.6
-1149.3 333.6 20.4
-1183.2 709.2 19.6
-1002.5 652.4 18.5
-2070.0 -79.0 19.5
-726.2 -151.6 21.1
-1025.8 -48.4 23.5
-893.5 -49.6 23.2
-890.6 -36.0 23.2
-5813.5 -1339.9 40.0
-5899.2 -1399.5 34.9
-284.1 -763.5 19.1
-284.4 -768.6 19.2
-305.1 -742.7 19.1
-3929.0 -1152.2 22.2
-4055.9 -1060.3 21.9
-2911.0 -1011.6 19.2
-2946.2 -1032.1 19.3
-2897.2 -1095.2 19.3
-2911.6 -1086.0 19.3
-2925.6 -1082.7 19.3
-2910.5 -1079.0 19.3
-2891.3 -1079.5 19.3
-2874.4 -1059.2 19.3
-2859.5 -1074.8 19.3
-3023.0 -1067.5 19.2
-3034.5 -1072.7 19.2
-3044.5 -1073.4 19.2
-3021.9 -1009.9 19.2
-3006.7 -1006.7 19.2
-3004.7 -1006.8 19.2
-3044.5 -1043.6 19.2
-3090.4 -1022.2 19.2
-3054.5 -1002.7 19.2
-3033.7 -995.9 19.1
-3058.9 -996.3 19.2
-3034.9 -932.4 19.1
-3045.8 -942.7 19.0
-2984.9 -998.5 19.1
-3002.5 -1006.0 19.2
-2914.8 -1004.4 19.2
-2940.6 -1042.2 19.3
-2866.3 -1019.8 19.2
-2945.7 -1074.8 19.3
-6048.5 -1546.9 27.5
-3234.2 -1076.5 19.1
2426.0 6285.1 19.3
-3072.1 1391.9 17.6
-3094.9 1409.8 17.5
-3099.0 1404.2 17.5
-1182.9 685.2 19.7
-1138.1 685.8 19.4
-1131.3 665.4 19.4
-6281.9 8706.3 23.4
-6430.1 8563.3 26.5
-4978.6 8707.4 28.3
-4976.2 8700.9 28.3
413.3 -704.2 22.6
-4203.2 5446.1 21.3
-4218.1 5445.2 21.4
-4223.1 5444.4 21.3
-4228.3 5444.1 21.3
-4234.0 5448.8 21.3
-4234.4 5454.1 21.3
-4235.1 5459.0 21.4
-4235.9 5464.2 21.4
-4263.5 5433.2 20.9
-3379.0 -707.9 21.6
-3374.2 -707.7 21.6
-3354.9 -753.4 21.2
-3290.2 -741.0 20.1
-3196.5 -701.1 20.3
-3273.9 -879.2 19.4
-3278.2 -877.3 19.4
-6273.7 8705.6 23.4
-6221.5 8739.2 23.5
-4401.1 4422.3 21.4
-4420.9 4434.2 21.7
-2905.4 -1008.9 19.2
-2954.7 -1028.9 19.2
-2864.5 -1071.1 19.3
-2887.2 -1061.7 19.3
-2861.8 -1057.9 19.3
-3025.0 -1000.6 19.2
-3023.3 -1005.0 19.2
-3018.2 -1020.1 19.2
-3020.0 -982.0 19.0
-3030.4 -1026.9 19.2
-3039.6 -1030.7 19.2
-3061.0 -1050.3 19.2
-3050.7 -1045.8 19.2
-3079.7 -1024.0 19.2
-3088.2 -1025.6 19.2
-3049.4 -1000.5 19.2
-3081.3 -978.3 19.0
-3032.4 -948.7 19.0
-2961.5 -989.0 19.0
-2947.8 -986.3 19.0
-2939.1 -999.8 19.1
-2939.3 -1045.5 19.3
-1378.9 331.0 18.6
-1371.9 317.2 19.1
-1202.8 350.7 20.6
-1309.2 326.4 20.2
-1328.8 310.7 19.8
-1142.7 332.7 20.3
-1207.6 338.2 20.8
-1250.3 328.9 20.7
-1256.5 327.7 20.7
-1219.9 335.4 20.8
-1292.9 319.9 20.6
-1302.7 445.8 20.1
-1299.1 434.4 20.0
-1287.0 447.6 20.1
-1275.9 428.9 20.3
-1337.9 323.9 19.6
-1349.6 338.7 19.1
-1359.3 336.7 18.9
-1351.4 318.1 19.2
-1360.9 332.9 18.8
-1364.4 320.5 19.0
-6379.8 8667.0 25.8
442.0 -3367.1 22.6
5439.4 -4936.0 31.4
5045.8 -4428.1 42.0
-2339.5 -109.0 19.9
-3086.7 1410.0 17.5
-3103.3 1398.1 17.6
-6613.5 6471.9 26.4
-2893.9 -1168.2 19.3
-2842.7 -1126.5 19.3
-2870.1 -1202.2 19.3
-3005.5 -1066.2 19.2
-3067.2 -1052.6 19.2
-3042.0 -953.4 19.0
-2980.2 -996.8 19.1
-3041.0 -1109.7 19.2
-3033.2 -1116.4 19.2
-2803.7 -1188.4 19.4
-2087.7 410.6 21.6
5597.2 -8737.5 45.8
-1586.8 -1616.0 20.9
-1574.8 -1568.2 21.2
-2188.8 -1867.3 20.9
-254.5 -1469.8 22.1
-250.9 -1483.9 22.1
4370.7 -7807.5 46.3
4433.8 -7835.7 48.2
4427.2 -7820.8 47.7
-1617.8 -1679.3 21.1
-1617.6 -1709.8 20.5
-6278.1 8697.8 23.4
-6766.4 -2092.9 20.8
454.9 -3387.0 23.1
-1029.5 144.6 23.5
-1242.9 120.1 23.0
-1238.0 122.2 23.0
-1221.3 124.5 23.0
-1222.3 116.5 23.1
-1215.5 112.6 23.1
-1277.6 103.8 23.0
-5972.8 -1480.3 30.0
-5843.2 -1365.7 38.2
-5854.2 -1375.3 37.5
-5872.9 -1391.5 36.3
-5877.7 -1395.9 35.9
-5906.8 -1421.8 33.8
-5996.1 -1500.9 28.9
-6055.0 -1552.1 27.5
-6034.3 -1519.0 27.6
-6016.8 -1503.4 28.3
-5999.7 -1488.6 29.1
-5982.4 -1472.6 29.9
-5930.9 -1427.3 32.7
-5896.9 -1397.7 35.1
-3961.3 -374.1 23.5
-3961.3 -391.6 23.7
-4018.9 -1087.4 21.9
-4043.0 -1069.0 21.9
-4086.7 -1038.7 21.8
-3890.6 -1136.8 22.3
-2122.3 -90.1 19.7
-2183.4 -102.8 19.9
-2195.7 -337.9 18.6
-2180.9 -163.0 19.6
-2154.6 -189.1 19.4
-2353.5 -99.3 19.8
-2369.3 -119.7 20.0
-1703.5 -1609.6 20.6
-1635.7 -1725.7 19.8
-2839.8 -895.6 19.4
-3368.4 -725.6 21.5
-3360.0 -707.2 21.5
-3050.2 -932.9 19.1
-1677.7 516.9 21.0
-1674.0 512.1 21.0
-1688.5 494.5 21.0
-4015.0 -1090.5 21.9
-812.5 498.2 18.0
-2227.1 0.2 20.4
-428.0 -246.5 18.9
-604.0 1.3 21.5
-604.6 11.4 21.6
442.0 -690.3 22.5
435.6 -680.2 22.8
425.6 -680.9 22.9
424.9 -702.3 22.5
409.5 -696.5 22.7
509.2 -852.3 23.1
-1388.5 -270.0 20.7
-1709.6 -219.6 19.8
637.2 1438.4 20.2
-1745.0 916.4 18.9
-1756.5 664.6 19.2
-1779.8 660.1 19.1
4232.5 7121.9 19.8
4233.9 7131.6 19.8
-4091.3 -1033.0 21.7
-4113.4 -1014.1 22.0
-6219.5 8721.1 23.2
-6234.8 8734.8 23.5
-6224.9 8730.4 23.4
-6152.5 8454.3 22.9
-6375.3 8675.7 25.7
-4105.7 -1022.7 21.9
-2571.2 -250.4 20.8
-3354.6 -303.6 21.2
-3337.7 -307.0 21.1
-3305.1 -304.8 20.8
-2971.4 -1193.3 19.3
-2955.7 -1222.6 19.3
-2968.8 -1125.4 19.3
-2990.2 -1013.8 19.2
-3010.0 -1003.0 19.2
-2809.4 -1216.8 19.4
-2855.8 -1056.0 19.3
-26.1 -48.1 20.8
90.9 -169.7 20.8
5432.0 8077.2 33.9
-3114.6 -1278.3 19.2
-307.7 -753.7 19.2
-620.7 -394.4 19.6
-1288.5 -132.4 21.4
-1232.7 69.0 23.6
-1004.2 -145.7 21.9
-629.0 -385.0 19.6
70.6 -147.1 20.7
-3695.8 -2736.6 26.4
-3719.2 -2677.4 26.0
-3697.9 -2692.8 26.1
-3693.9 -2702.3 26.2
-3687.6 -2716.5 26.4
-3680.4 -2777.4 25.6
-3683.2 -2768.7 25.7
-3685.1 -2763.8 25.8
-5819.9 -1345.4 39.6
-5889.7 -1406.3 35.1
-5901.2 -1416.7 34.3
-5937.0 -1448.9 32.0
-5955.2 -1464.6 30.9
-5966.6 -1474.9 30.3
-6025.4 -1526.2 27.7
-5970.3 -1462.4 30.4
-923.9 8.9 23.2
-1000.4 111.8 23.6
-811.9 90.8 22.0
-1267.9 61.8 23.1
-1214.4 99.6 23.2
-1654.0 -1710.2 20.2
-2305.1 -1926.6 23.4
-2310.4 -1914.5 22.8
-2960.5 -1261.2 19.3
-2960.2 -1224.5 19.3
-2912.3 -1205.9 19.3
-2967.4 -1189.3 19.3
-2975.7 -1189.5 19.3
-2801.4 -1213.9 19.4
4149.4 -7366.6 50.9
3993.0 4883.6 22.7
4229.7 -6755.8 37.2
-374.4 -4578.0 21.2
-1761.7 672.3 19.1
-1774.8 688.0 19.0
-1783.5 680.4 19.0
-1786.0 669.0 19.0
5416.9 -4902.7 32.4
-1205.6 353.2 20.5
-1210.6 348.9 20.7
-1215.0 349.9 20.7
-1221.1 349.5 20.8
-1257.5 341.2 20.6
-1182.3 338.4 20.6
-1201.6 339.5 20.8
-1232.0 332.8 20.7
-1244.2 330.2 20.7
-1274.3 324.0 20.7
345.2 -8483.1 32.6
-6874.0 7739.6 31.9
-6844.6 7732.6 32.6
-6839.6 7742.7 32.6
-1755.3 169.9 21.1
-1181.7 -265.3 20.0
-714.4 -149.5 21.0
-483.0 103.5 21.1
-508.4 94.8 21.3
-450.5 121.2 20.8
-581.2 41.8 22.0
-568.0 42.5 22.0
-567.8 36.4 21.9
-580.6 35.9 21.9
-586.9 35.5 21.9
-593.6 35.2 22.0
94.9 -175.0 20.7
83.3 -160.6 20.8
62.7 -137.3 20.7
59.1 -133.3 20.7
56.3 -129.8 20.7
79.3 -128.8 20.8
-826.1 -333.0 19.1
-809.0 -310.0 19.6
-905.8 -821.6 20.1
-1109.2 -382.8 18.7
-1098.6 -360.4 18.6
-1240.6 1104.1 18.3
-1258.4 1092.9 18.3
-1836.8 1128.5 15.7
-16.5 -89.0 20.7
37.7 -109.6 20.8
32.1 -104.1 20.7
45.1 -117.9 20.7
15.9 -95.0 20.6
11.3 -73.6 20.7
-0.0 -59.1 20.8
-15.6 -51.1 20.8
-22.0 -51.9 20.7
26.7 -70.9 20.8
-1533.0 1448.9 15.6
-627.6 -389.7 19.6
-625.4 -398.3 19.5
-631.8 -395.9 19.5
-1008.3 -136.2 22.0
-1016.1 -117.8 22.2
-1020.2 -108.4 22.4
-1224.9 122.2 23.0
-1212.8 105.5 23.2
-1218.0 78.8 23.4
-1246.4 59.6 23.5
-1407.5 -273.1 20.6
-1402.7 -270.0 20.6
-1398.2 -266.9 20.7
-1177.3 -263.6 20.0
-1184.2 -258.9 20.1
-1285.3 -139.8 21.4
-1293.9 -120.8 21.5
-1303.7 -112.6 21.5
-1295.3 -133.4 21.4
-1299.1 -128.6 21.4
-1286.9 -143.7 21.4
-1291.0 -138.6 21.4
-426.1 -254.1 18.9
-434.0 -255.9 18.9
-436.3 -244.6 18.9
-441.6 -257.6 18.9
-445.5 -252.3 18.9
-456.4 -261.2 19.0
-530.0 -456.5 19.3
-1359.5 812.4 19.3
-1352.8 812.3 19.3
-1186.4 691.5 19.7
-1180.4 680.5 19.7
-1176.8 674.0 19.7
-1150.7 709.3 19.3
-1141.8 692.2 19.4
-1134.4 678.8 19.4
-1131.1 671.1 19.4
-1053.1 635.9 19.0
-1050.0 638.5 19.0
-1843.4 1135.5 15.8
-1627.5 1234.9 16.5
-1611.7 1227.3 16.6
142.6 -163.0 21.1
174.2 -164.9 21.3
150.1 -156.0 21.2
130.9 -148.2 21.1
-882.3 -419.5 18.2
-773.9 -113.9 22.2
-775.0 -123.1 22.1
469.9 212.4 24.8
-38.5 -27.2 21.0
-42.2 -22.1 21.0
-71.9 9.6 21.6
-55.1 12.8 21.6
-64.7 15.9 21.7
-53.2 16.5 21.7
-44.7 22.3 21.8
-1326.5 1194.1 17.3
-1315.5 1189.3 17.4
-1305.3 1172.1 17.5
-1296.5 1165.9 17.6
-1302.5 1182.7 17.4
-1038.8 1185.9 18.4
-1034.0 1185.5 18.4
-1029.8 1188.3 18.4
-1028.7 1192.3 18.4
-1055.0 1200.9 18.2
-1416.1 1233.6 16.8
-1408.7 1238.3 16.8
-1375.0 1204.1 17.1
-1385.5 1208.4 17.1
-1272.0 1158.0 17.7
-1263.4 1147.1 17.8
-1270.3 1139.1 17.9
-1256.5 1136.7 17.9
-1455.1 1240.0 16.7
-1579.9 1248.3 16.5
-1637.7 1222.8 16.6
-1613.1 1237.0 16.5
-1588.4 1231.5 16.6
-1599.4 1229.6 16.6
-1420.1 1251.9 16.7
-1408.1 1246.5 16.8
-1458.7 1253.1 16.6
-1503.7 1246.8 16.6
-1508.0 1256.8 16.5
-1565.1 1251.4 16.4
-1796.1 933.5 19.1
-1720.2 901.9 18.8
-492.8 1433.3 16.4
-488.4 1430.0 16.5
-1727.6 -212.7 19.9
-1094.6 236.0 22.8
-1070.2 211.6 22.9
621.1 1434.2 20.1
626.3 1435.6 20.1
615.8 1433.1 20.1
-1435.1 -514.4 19.1
-1455.6 -520.7 19.2
728.1 20.3 25.7
711.1 13.4 25.6
735.8 36.1 25.8
-290.6 -763.3 19.2
-313.7 -742.5 19.1
-316.6 -737.3 19.1
-319.9 -731.3 19.1
-301.3 -749.7 19.1
183.2 102.9 23.0
142.6 205.9 22.0
-1159.9 650.6 19.8
-3881.0 7214.4 22.8
-3867.0 7219.7 22.9
-3867.9 7231.8 22.9
-3873.4 7245.7 22.9
-3882.9 7270.3 23.0
-3980.6 7215.9 22.7
-3980.8 7202.0 22.6
-3975.1 7188.2 22.4
-3969.4 7174.3 22.3
-3962.9 7163.3 22.3
-3950.7 7172.1 22.4
-3938.5 7180.9 22.4
-3915.7 7197.3 22.6
-3943.4 7250.8 22.8
-3990.5 7233.9 22.9
-3989.6 7230.2 22.9
-3987.4 7226.6 22.8
-3982.0 7225.2 22.7
-6684.2 7829.0 31.4
-6686.9 7854.0 30.9
-4500.5 7623.5 29.9
-4485.8 7626.4 29.5
-4471.1 7629.4 29.2
-4456.4 7632.4 28.9
-4441.7 7635.3 28.6
-4427.0 7638.3 27.9
-4409.6 7641.8 27.2
-2266.7 8445.6 25.3
-2281.6 8443.7 25.5
-2296.5 8441.8 25.7
-2311.3 8439.8 25.9
-2326.2 8437.9 26.0
-2341.1 8436.0 26.2
-2356.0 8434.1 26.4
-2379.7 8431.0 26.7
-1104.6 6259.7 25.2
-1105.0 6274.7 25.1
-1105.3 6289.7 25.1
-1105.7 6304.7 25.0
-1106.1 6319.7 25.0
-1106.5 6334.7 25.0
-1106.9 6349.7 24.7
-1107.3 6364.7 24.6
-1107.6 6379.7 24.5
-1108.3 6404.9 24.3
-2300.3 -5119.3 25.9
-2311.3 -5109.0 25.6
-2322.3 -5098.8 25.3
-2333.2 -5088.6 25.1
-2344.2 -5078.3 25.3
-2355.2 -5068.1 25.4
-2366.1 -5057.9 25.5
-2377.1 -5047.7 25.6
-2388.1 -5037.4 25.6
-2399.1 -5027.2 25.7
-2410.0 -5017.0 25.7
-2421.0 -5006.8 25.7
-2432.0 -4996.5 25.8
-2443.0 -4986.3 25.9
-2453.9 -4976.1 26.1
-2464.9 -4965.8 26.4
-2475.9 -4955.6 26.4
-2486.8 -4945.4 26.3
-2497.8 -4935.2 26.3
-2508.8 -4924.9 26.3
-2519.8 -4914.7 26.2
-2530.7 -4904.5 26.2
-2541.7 -4894.2 26.2
-2562.0 -4875.3 26.1
-1636.1 -1248.1 19.7
-1606.1 -1247.0 20.2
-2420.6 -429.9 20.9
-2432.9 -410.0 20.9
-2439.5 -413.2 20.9
-1116.5 1169.3 18.2
-1094.4 1156.8 18.3
-785.1 921.9 17.9
-771.8 928.9 17.7
-747.2 941.8 18.2
-3568.9 3840.0 24.0
-3576.6 3852.9 23.9
-3584.3 3865.8 23.8
-3592.0 3878.7 23.7
-3599.7 3891.5 23.6
-3607.4 3904.4 23.4
-3616.6 3907.3 23.4
-3627.8 3897.3 23.6
-3639.0 3887.3 23.7
-3650.1 3877.3 23.9
-3661.3 3867.3 24.0
-3673.3 3858.7 24.2
-3687.6 3854.3 24.3
-3702.0 3849.9 24.4
-3716.3 3845.5 24.6
-3730.6 3841.1 24.6
-3745.0 3836.7 24.4
-3750.1 3822.6 24.4
-3755.2 3808.5 24.4
-3748.0 3800.1 24.5
-3733.9 3794.8 24.7
-3719.9 3789.5 24.8
-3705.9 3784.2 25.0
-3691.8 3778.9 25.1
-3677.6 3774.1 25.3
-3662.9 3771.4 25.4
-3648.1 3768.7 25.4
-3633.4 3766.0 25.3
-3618.6 3763.3 25.2
-3603.9 3760.6 25.1
-3589.1 3757.9 25.0
-3574.4 3755.2 25.0
-3559.6 3752.5 25.0
-3544.8 3749.8 25.0
-3530.1 3747.1 24.9
-3504.3 3742.4 24.7
-6902.9 7880.1 30.1
-6866.7 7885.0 30.3
-3499.6 3742.4 24.7
-3508.3 3754.6 24.8
-3517.0 3766.8 24.7
-3525.7 3779.0 24.6
-3534.4 3791.2 24.5
-3543.1 3803.5 24.4
-3558.2 3824.6 24.2
393.6 4338.9 12.5
385.2 4326.4 12.3
376.8 4314.0 12.1
368.5 4301.6 12.4
360.1 4289.1 12.8
349.5 4273.3 13.3
-4035.5 7083.1 23.4
-4029.6 7069.3 23.1
-4023.7 7055.5 22.8
-4017.8 7041.7 22.7
-4011.5 7029.0 22.7
-3998.0 7035.5 22.7
-3984.4 7042.0 22.8
-3961.4 7053.1 22.6
1466.8 2104.8 18.0
1471.5 2113.3 18.0
1463.0 2154.7 18.6
1487.5 2159.7 18.1
-6799.3 7937.0 29.2
-6818.4 7961.4 28.8
-6205.7 8647.6 22.7
-6214.8 8659.5 22.7
-6224.0 8671.4 22.8
-6233.2 8683.3 22.9
-6242.3 8695.1 23.1
-6251.5 8707.0 23.3
-6265.0 8724.4 23.5
-6666.4 8166.6 27.2
-6658.7 8179.5 27.2
-6650.9 8192.3 27.2
-6643.2 8205.1 27.2
-6635.4 8218.0 26.9
-6627.7 8230.8 26.5
-6620.0 8243.7 26.1
-6612.2 8256.5 25.7
-6604.7 8269.5 25.5
-6597.3 8282.6 25.4
-6589.9 8295.6 25.3
-6582.5 8308.6 25.1
-6575.1 8321.7 25.0
-6567.6 8334.7 25.0
-6560.2 8347.8 25.0
-6548.8 8367.9 25.0
-6460.1 8503.0 26.4
-6453.4 8516.4 26.5
-6441.7 8540.2 26.5
-6470.9 8509.8 26.3
-6477.9 8496.5 26.2
-6484.9 8483.3 26.1
-6496.2 8461.9 26.0
-6346.6 8728.8 23.8
-6523.8 8412.8 25.6
-6534.5 8393.4 25.3
-6058.2 6220.2 25.7
-6056.0 6235.0 25.6
-6053.9 6249.9 25.5
-6048.0 6261.5 25.4
-6033.7 6266.1 25.4
-6019.4 6270.6 25.4
-6005.1 6275.2 25.3
-5980.9 6282.9 25.3
-2703.3 -168.5 21.1
-2711.5 -150.5 21.0
-2709.1 -149.2 20.9
-2700.8 -167.3 21.1
-2703.3 -168.5 21.1
-1156.6 6386.3 24.1
-1145.4 6396.3 24.2
-1134.2 6406.3 24.2
-1114.8 6423.6 24.1
-6686.8 6467.3 27.1
-6661.0 6487.5 26.8
-6303.9 7996.5 26.3
-6317.8 7990.8 26.3
-6331.7 7985.2 26.4
-6345.6 7979.6 26.4
-6360.0 7973.7 26.5
-6302.6 8003.9 26.3
-6278.7 8014.7 26.3
-6250.3 8032.0 26.3
-6721.2 6460.3 27.5
-6699.8 6476.1 27.2
-6890.5 6818.6 26.8
-6876.5 6824.0 26.5
-6862.5 6829.4 26.4
-6839.6 6838.2 26.3
370.7 7065.7 15.0
384.6 7060.1 14.9
398.5 7054.4 14.9
412.4 7048.8 14.8
421.8 7042.2 14.7
411.1 7031.7 14.8
400.5 7021.2 14.8
389.8 7010.6 14.8
379.1 7000.1 14.8
357.9 6979.2 14.9
5676.7 7758.8 29.1
5671.0 7774.7 29.1
1479.9 2213.4 18.8
1480.9 2260.0 19.0
1477.3 2259.9 19.1
1477.4 2273.8 19.0
-6840.6 7943.6 28.8
-6821.1 7959.8 28.8
-6425.2 8573.3 26.5
-6411.4 8602.2 26.6
-5001.5 6948.6 29.1
-5024.1 6930.2 28.0
-5033.5 6917.5 27.4
-5045.7 6898.1 27.0
-176.6 3624.7 13.8
-190.5 3619.2 13.8
-204.5 3613.7 14.2
-219.0 3610.2 14.6
-233.9 3609.1 14.8
-248.9 3607.9 14.8
-263.9 3606.9 14.9
-278.8 3605.9 14.9
-293.8 3604.9 14.9
-308.8 3603.9 14.8
-323.7 3603.0 14.8
-344.2 3601.6 14.8
1983.6 7114.4 13.1
1968.7 7112.6 13.0
1957.9 7105.4 13.0
1952.3 7091.5 13.1
1946.8 7077.6 13.3
1941.2 7063.7 13.5
1935.6 7049.7 14.2
1940.0 7047.2 14.3
1945.3 7061.2 13.7
1958.1 7060.7 13.7
1972.6 7056.8 14.0
1987.0 7052.9 14.4
2001.5 7049.0 14.7
2016.0 7045.0 15.0
2030.5 7041.1 15.3
2044.9 7037.2 15.6
2059.4 7033.3 15.9
2073.9 7029.3 16.3
2088.4 7025.4 16.6
2100.1 7025.9 16.6
2087.1 7030.8 16.2
2072.7 7034.9 15.9
2058.2 7038.9 15.5
2043.8 7043.0 15.2
2029.4 7047.0 14.9
2014.9 7051.1 14.6
2000.5 7055.1 14.2
1986.0 7059.2 13.9
1971.6 7063.3 13.6
1957.2 7067.3 13.4
1950.4 7075.2 13.3
1955.9 7089.1 13.2
1961.5 7103.0 13.1
1974.6 7107.2 13.1
1989.5 7108.4 13.2
2004.2 7105.7 13.3
2018.8 7102.1 13.4
2033.4 7098.6 13.6
2047.9 7095.1 13.7
2062.5 7091.6 13.8
2077.1 7088.1 13.9
2091.7 7084.6 14.1
2106.3 7081.3 14.2
2121.0 7078.3 14.3
2135.7 7075.3 14.4
2150.5 7072.9 14.6
2165.4 7070.7 14.7
2180.2 7068.4 14.8
2188.2 7071.7 14.8
2174.5 7075.0 14.7
2159.6 7076.9 14.6
2144.7 7078.9 14.5
2129.9 7081.2 14.3
2115.2 7084.3 14.2
2100.5 7087.3 14.1
2085.9 7090.4 14.0
2071.2 7093.7 13.8
2056.6 7097.2 13.7
2042.0 7100.6 13.6
2027.4 7104.1 13.5
2012.8 7107.5 13.3
1998.2 7111.0 13.2
1983.6 7114.4 13.1
-757.1 7837.9 15.5
-751.7 7823.9 15.4
-746.3 7809.9 15.2
-740.9 7795.9 15.1
-734.5 7782.6 15.1
-721.1 7777.5 15.1
-706.3 7775.5 15.0
-691.3 7775.5 14.9
-676.4 7776.9 14.9
-669.9 7784.4 14.8
-677.4 7809.4 14.7
-6665.9 8146.7 26.9
-6657.8 8159.3 27.0
-6649.7 8171.9 27.0
-6641.5 8184.5 27.0
-6633.4 8197.2 27.1
-6625.4 8209.8 26.9
-6617.4 8222.5 26.5
-6609.9 8235.5 26.1
-6602.5 8248.5 25.7
-6592.1 8266.7 25.4
4136.4 6970.4 19.6
4151.4 6971.6 19.2
4166.3 6972.8 18.8
4181.3 6974.0 18.4
4196.2 6975.2 18.0
4211.1 6975.4 17.6
4213.8 6962.2 17.5
4212.8 6947.2 17.6
4211.8 6932.2 17.8
4210.8 6917.3 18.0
4206.6 6918.7 18.0
4207.4 6933.7 17.8
4208.2 6948.7 17.6
4209.0 6963.7 17.6
4203.5 6972.3 17.8
4188.6 6971.3 18.2
4173.6 6970.3 18.6
4158.6 6969.3 19.0
4136.4 6970.4 19.6
-471.5 3556.5 15.0
-485.9 3552.2 15.0
-500.3 3548.0 15.0
-514.7 3543.7 15.0
-529.1 3539.5 14.9
-543.5 3535.3 14.7
-557.9 3531.3 14.7
-572.7 3528.5 14.6
-587.5 3526.2 14.6
-614.6 3530.3 14.4
-2289.1 -5129.9 26.2
-2278.1 -5140.1 26.6
-2267.1 -5150.3 27.0
-2256.2 -5160.5 27.4
-2244.9 -5171.0 27.4
1653.1 1020.4 23.2
1643.7 1008.7 23.0
1635.7 996.0 22.9
1629.8 982.2 22.7
1625.9 967.7 22.7
1622.0 953.3 22.6
1618.1 938.8 22.4
1614.1 924.3 22.2
1610.2 909.8 22.0
1606.3 895.4 22.1
1602.3 880.9 22.4
1598.4 866.4 22.6
1594.5 851.9 22.8
1590.7 837.4 23.1
1586.9 822.9 23.3
1583.1 808.4 23.6
1579.3 793.9 23.8
1575.6 779.4 24.1
1571.8 764.8 24.3
1568.0 750.3 24.6
1564.2 735.8 24.8
1560.4 721.3 25.1
1556.5 706.8 25.3
1552.4 692.4 25.2
1548.3 678.0 25.1
1544.2 663.5 24.9
1540.2 649.1 24.8
1536.8 634.5 24.6
1534.2 619.7 24.3
1534.8 604.8 23.9
1537.6 590.1 23.5
1541.0 575.5 23.1
1544.4 560.9 22.7
1547.9 546.3 23.0
1553.5 522.1 23.4
1903.9 4529.2 16.3
1904.1 4544.2 16.4
1904.2 4559.2 16.5
1904.3 4574.2 16.6
1904.5 4589.2 16.6
1904.6 4604.2 16.7
1904.2 4618.8 16.8
1901.3 4607.8 16.7
1901.4 4592.8 16.6
1901.4 4577.8 16.6
1901.5 4562.8 16.5
1901.5 4547.8 16.4
1903.9 4529.2 16.3
-6981.7 2745.5 40.0
-6972.7 2751.7 39.7
-6977.0 2766.1 39.6
-6981.4 2780.5 39.6
-6985.7 2794.8 39.6
-6984.2 2806.1 39.4
-6970.0 2810.7 39.0
-6955.7 2815.3 38.5
-6941.4 2819.9 38.0
-6920.5 2826.7 37.1
-5906.2 5179.8 23.2
-5891.7 5183.6 23.0
-5877.3 5187.5 22.8
-5862.8 5191.4 22.6
-5852.1 5198.2 22.4
-5852.4 5213.2 22.1
-5852.7 5228.2 21.9
-5853.0 5243.2 21.6
-5853.3 5258.2 21.3
-5853.6 5273.2 21.5
-5854.0 5288.2 21.9
-5854.3 5303.2 22.3
-5854.6 5318.2 22.4
-5854.9 5333.2 22.9
-5855.2 5348.2 23.5
-5855.5 5363.5 24.0
-6668.4 1748.1 38.8
-6669.8 1733.2 39.0
-6671.2 1718.2 39.4
-6672.6 1703.3 39.7
-6667.2 1694.1 39.6
-6637.5 1691.8 38.8
1398.0 2087.5 19.0
1395.0 2102.2 19.4
1392.0 2116.9 19.9
1387.3 2139.3 20.2
3664.7 4987.9 21.0
3659.9 4976.4 21.0
3654.8 4961.3 21.2
3652.7 4950.9 21.2
3648.9 4933.3 21.4
3644.4 4916.2 21.5
-423.2 403.0 19.8
-456.3 425.4 18.2
-470.1 433.4 18.4
-1956.7 5257.9 13.9
-1964.2 5244.9 13.9
-1971.8 5232.0 13.8
-1980.6 5223.5 13.7
-1994.0 5230.3 13.7
-2007.4 5237.1 13.7
-2026.8 5247.0 13.7
-233.3 202.0 19.0
-243.3 213.2 18.8
-253.2 224.4 18.5
-263.2 235.6 18.4
-277.3 251.5 18.4
-3652.2 3776.3 25.3
-3639.5 3784.4 25.0
-3626.9 3792.5 24.8
-3614.3 3800.6 24.6
-3601.6 3808.7 24.5
-3589.0 3816.8 24.4
-3564.8 3832.3 24.1
1959.8 4773.7 16.2
1953.3 4760.2 16.3
1946.8 4746.7 16.2
1940.3 4733.1 16.2
1933.8 4719.6 16.1
1927.0 4707.2 16.1
1931.3 4720.2 16.2
1937.9 4733.6 16.2
1944.4 4747.1 16.3
1951.0 4760.6 16.3
1959.8 4773.7 16.2
1915.8 4671.3 16.6
1911.6 4659.9 16.8
1910.1 4645.0 17.0
1909.9 4630.0 16.9
1909.8 4615.0 16.8
1909.6 4600.0 16.7
1909.4 4585.0 16.6
1909.2 4570.0 16.6
1909.0 4555.0 16.5
1908.8 4540.0 16.4
1908.7 4525.0 16.3
1908.5 4510.0 16.3
1908.3 4495.0 16.3
1908.2 4480.0 16.2
1912.0 4488.3 16.2
1912.3 4503.3 16.3
1912.6 4518.3 16.3
1912.9 4533.3 16.4
1913.1 4548.3 16.5
1913.2 4563.3 16.5
1913.2 4578.3 16.6
1913.2 4593.3 16.7
1913.0 4608.3 16.8
1912.9 4623.3 16.9
1912.8 4638.3 17.0
1913.5 4653.2 16.9
1915.8 4671.3 16.6
6394.5 8481.6 23.4
6377.4 8481.0 23.8
5355.9 8021.9 32.6
5342.7 8055.3 33.2
4136.2 6976.0 19.7
4148.5 6973.9 19.3
4163.4 6975.3 18.9
4178.4 6976.7 18.5
4193.3 6978.0 18.2
4208.2 6979.4 17.8
4223.2 6980.8 17.4
4238.1 6982.1 17.0
4245.4 6985.8 16.9
4230.5 6984.3 17.2
4215.5 6982.7 17.6
4200.6 6981.3 18.0
4185.7 6980.1 18.4
4170.7 6978.8 18.8
4155.8 6977.6 19.2
4136.2 6976.0 19.7
2037.7 8744.8 11.7
2060.0 8803.6 12.4
2060.1 8811.4 12.2
2056.8 8821.0 12.0
2048.7 8837.8 11.4
2039.0 8851.3 10.9
2026.4 8877.9 10.8
2024.0 8885.6 10.7
2023.2 8897.2 10.6
2032.6 8908.5 13.0
2043.7 8915.7 13.5
2115.0 8934.0 14.5
2117.9 8935.7 14.5
2120.9 8938.9 14.6
2122.2 8942.8 14.7
2123.3 8959.4 15.4
2120.3 8970.9 16.0
2120.3 8982.9 16.5
2125.4 8993.7 16.9
1309.7 8173.2 12.3
1324.7 8172.3 12.3
1339.6 8171.5 12.2
1354.6 8170.6 12.1
1369.6 8169.8 12.0
1384.6 8168.9 12.0
1399.5 8168.1 11.9
1414.5 8167.2 11.8
1429.5 8166.4 11.8
1446.3 8165.4 11.7
-340.2 322.2 20.8
-350.2 333.4 21.2
-369.2 354.6 22.0
-624.4 231.7 19.8
-627.9 246.3 19.4
-631.4 260.8 19.0
-634.9 275.4 18.6
-638.5 290.0 18.2
-643.8 303.9 18.1
-650.3 317.5 17.9
-656.7 331.0 17.8
-663.2 344.6 17.7
-669.6 358.1 17.5
-676.1 371.6 17.4
-682.5 385.2 17.4
-689.0 398.7 17.4
-695.4 412.3 17.5
-704.2 430.7 17.6
-732.5 959.4 19.0
-739.8 972.5 19.5
-747.2 985.5 19.3
-754.5 998.6 19.0
-743.9 1006.3 18.6
-730.4 1013.2 18.2
-1089.2 1165.9 18.3
-1106.0 1175.5 18.2
-1202.0 -1621.6 22.3
-1216.9 -1623.6 22.0
-1231.8 -1625.6 21.8
-1246.6 -1627.6 21.5
-1274.9 -1631.4 21.1
-6636.5 1703.6 38.5
-6637.4 1688.6 38.9
-6627.9 1682.2 38.7
-6613.0 1680.8 38.2
-6598.5 1680.1 37.8
-6592.9 1694.0 37.2
-6587.3 1707.9 36.9
-6579.1 1728.3 36.4
4961.8 8031.7 22.5
4946.8 8031.8 22.2
4931.8 8032.0 21.9
4916.8 8032.1 21.6
4901.8 8033.2 21.4
4887.0 8035.3 21.3
4872.1 8037.4 21.4
4857.3 8039.5 21.5
4842.4 8041.6 21.4
4827.6 8043.7 20.9
4812.7 8045.8 20.5
4786.6 8049.5 19.7
-752.5 36.8 22.7
-754.9 39.1 22.8
-756.9 41.7 22.8
-758.4 44.3 22.9
-759.1 47.6 22.8
-759.6 50.8 22.8
-5914.3 5179.5 23.2
-5936.2 5204.1 23.0
-357.5 442.0 18.3
-342.7 439.2 18.0
-316.3 434.1 17.6
-2146.8 -355.4 18.5
-2155.6 -359.6 18.9
-2172.1 -363.6 19.4
-2174.9 -362.9 19.4
-2176.7 -361.1 19.4
-2177.9 -357.3 19.2
-6741.6 2435.7 36.9
-6751.5 2447.0 37.1
-6761.3 2458.4 37.3
-6771.1 2469.7 37.5
-6781.0 2481.0 37.7
-6790.8 2492.3 37.9
-6801.4 2497.3 38.1
-6817.0 2486.2 38.4
-2411.0 -402.7 20.9
-2384.4 -393.6 20.5
-741.4 76.7 22.5
-736.9 76.9 22.5
-732.7 76.4 22.5
-729.0 74.9 22.5
-724.0 72.6 22.5
-716.4 61.8 22.5
-715.4 56.3 22.6
-715.4 50.6 22.6
-716.6 45.9 22.7
-773.7 158.0 20.6
-760.2 164.5 20.5
-746.7 171.0 20.5
-733.1 177.4 20.4
-706.5 190.2 20.4
-6776.1 -2082.8 20.7
-6781.5 -2054.1 22.1
-6686.7 8134.8 27.4
-6675.4 8153.1 27.1
-6714.4 7007.6 27.3
-6699.7 7004.7 27.1
-6685.3 7000.9 27.0
-6671.7 6994.5 26.9
-6658.1 6988.2 26.8
-6644.1 6982.9 26.7
-6629.6 6979.0 26.5
-6615.1 6975.0 26.4
-6600.7 6971.1 26.3
-6585.8 6972.9 26.0
-6557.8 6973.6 25.7
-6406.0 8640.9 26.6
-6421.8 8607.8 26.5
-6693.0 8103.5 27.8
-6682.6 8120.4 27.4
-6265.6 8957.0 24.2
-6270.9 8943.0 24.4
-6276.1 8928.9 24.7
-6281.4 8914.9 25.0
-6287.0 8901.0 24.9
-6292.9 8887.2 24.7
-6298.7 8873.4 24.4
-6304.6 8859.5 24.2
-6310.5 8845.7 24.0
-6316.3 8831.9 23.8
-6322.4 8818.2 23.7
-6328.8 8804.6 23.5
-6335.1 8791.1 23.4
-6341.5 8777.5 23.3
-6347.8 8763.9 23.4
-6354.2 8750.3 23.4
-6360.5 8736.7 23.7
-6366.9 8723.1 24.3
6.2 7952.3 11.9
2.8 7966.9 11.8
-0.5 7981.6 11.8
-3.8 7996.2 11.7
-7.2 8010.8 11.6
-10.5 8025.4 11.5
-13.8 8040.1 11.5
-17.2 8054.7 11.4
-20.5 8069.3 11.2
-31.2 8071.6 11.2
-45.6 8067.5 11.3
-60.0 8063.4 11.3
-74.5 8059.3 11.3
-84.0 8052.6 11.3
-79.5 8038.3 11.4
-83.4 8028.4 11.4
-97.7 8023.9 11.4
-112.0 8019.4 11.4
-126.3 8014.9 11.3
-144.2 8009.2 11.2
-1928.3 5284.9 14.1
-1917.1 5294.9 14.2
-1905.0 5303.7 14.3
-1891.5 5310.1 14.3
-1877.3 5314.9 14.4
-1862.9 5319.3 14.5
-1848.4 5323.0 14.5
-1833.8 5326.7 14.6
-1819.3 5330.4 14.4
-1801.4 5334.9 14.0
-6768.6 7994.2 29.3
-6762.4 8007.9 29.6
-6756.2 8021.5 29.7
-6749.4 8034.9 29.8
-6742.0 8047.9 29.8
-6728.7 8071.2 29.1
-6194.2 8619.2 22.9
-6203.3 8631.1 22.8
-6212.4 8643.1 22.8
-6221.5 8655.0 22.8
-6230.6 8666.9 22.9
-6239.7 8678.8 23.0
-6248.8 8690.8 23.1
-6257.9 8702.7 23.3
-399.7 383.4 20.7
-416.4 397.8 19.9
-726.0 951.7 18.5
-712.7 958.6 18.7
-699.4 965.6 19.0
-686.1 972.5 19.1
-670.3 980.8 18.8
-116.2 29.6 21.1
-125.4 41.5 20.7
-134.6 53.4 20.4
-143.7 65.2 20.1
-152.9 77.1 19.9
-162.0 89.0 19.6
-171.2 100.9 19.6
-180.4 112.8 19.5
-189.9 125.1 19.4
1411.0 2260.4 20.4
1425.7 2263.4 20.1
1440.5 2266.4 19.9
1455.2 2269.3 19.6
1477.4 2273.8 19.0
6371.8 8484.2 23.8
6371.8 8493.8 23.5
6366.4 8494.2 23.5
6367.7 8544.2 22.3
6385.1 8512.1 22.6
6399.9 8514.2 22.3
6414.8 8516.2 22.1
6429.6 8518.3 21.9
6448.2 8520.9 21.8
-3665.3 3777.3 25.4
-3652.3 3784.8 25.1
-3639.3 3792.3 24.9
-3626.3 3799.8 24.7
-3610.1 3809.1 24.5
-2141.4 -2274.7 18.2
-2146.8 -2260.7 18.2
-2152.3 -2246.7 18.2
-2157.7 -2232.7 18.2
-2163.2 -2218.8 18.1
-2168.6 -2204.8 18.0
-2174.1 -2190.8 18.0
-2179.5 -2176.8 18.0
-2185.0 -2162.9 18.0
-2190.4 -2148.9 18.1
-2195.9 -2134.9 17.9
-2202.9 -2116.9 18.0
-2690.9 -194.0 21.3
-2692.4 -192.3 21.3
-2698.2 -178.5 21.2
-2695.9 -177.8 21.1
-2689.0 -192.7 21.2
-2690.9 -194.0 21.3
2053.4 8749.5 12.1
2058.7 8763.6 12.3
2064.0 8777.6 14.1
2069.4 8791.6 15.2
2073.0 8805.9 12.9
2070.7 8820.5 12.4
2064.8 8834.3 12.0
2057.7 8847.5 11.6
2049.3 8859.8 11.1
2042.9 8873.4 10.6
2037.1 8887.2 10.3
2042.8 8899.6 10.2
2056.4 8905.5 11.0
2070.9 8909.2 13.2
2085.4 8913.0 13.4
2099.9 8916.7 13.6
2118.8 8921.6 13.8
-6781.1 -2083.0 20.7
-6786.5 -2054.3 22.0
-6713.4 8094.6 28.3
-6702.3 8110.6 27.9
-6911.1 7878.4 29.9
-6926.0 7876.5 29.7
-6940.9 7874.7 29.4
-6955.8 7872.8 29.3
-6970.7 7870.9 29.4
-6985.6 7869.0 29.6
-7000.4 7867.1 29.7
-7017.3 7865.0 29.7
-6831.7 7757.2 32.7
-6849.5 7752.1 32.4
-6889.9 7744.9 31.6
-2141.4 -2274.7 18.2
-2127.3 -2269.4 18.2
-2113.2 -2264.2 18.2
-2099.2 -2259.0 18.1
-2085.1 -2253.7 18.0
-2067.1 -2247.0 18.0
-2356.7 -1970.3 24.5
-2328.0 -1958.0 24.4
-811.9 -58.5 22.9
-837.7 -70.3 23.1
-878.5 -60.9 23.2
-881.6 -56.8 23.2
-1103.5 1179.9 18.2
-1087.4 1170.7 18.3
-719.1 41.9 22.7
-721.9 37.9 22.6
-724.9 35.4 22.6
-728.7 33.5 22.6
-733.7 31.7 22.6
-739.0 31.2 22.6
-743.9 31.8 22.6
-568.1 853.2 18.0
-563.5 867.4 18.4
-558.8 881.7 18.7
-554.9 896.2 19.1
-551.4 910.8 19.2
-547.6 926.6 19.0
6454.8 8506.1 21.9
6449.9 8520.3 21.8
6445.0 8534.5 21.5
6440.1 8548.7 21.2
6435.2 8562.9 20.9
6423.7 8568.3 21.0
6408.7 8569.3 21.3
6393.7 8570.3 21.6
6377.5 8564.2 22.0
1346.8 2247.4 21.6
1361.5 2250.3 21.3
1376.2 2253.2 21.0
1401.0 2258.2 20.6
-6059.6 6121.0 25.0
-6053.7 6107.2 25.0
-6042.8 6105.6 24.9
-6028.9 6111.3 24.7
-6015.0 6117.1 24.7
-5996.2 6124.8 24.8
-4955.2 7942.3 29.9
-4959.9 7956.5 29.5
-4964.7 7970.8 28.9
-4969.5 7985.0 29.1
-4974.2 7999.2 29.4
-4979.0 8013.4 29.7
-4983.8 8027.6 30.0
-4989.3 8044.1 30.5
-4540.6 7709.4 28.8
-4555.1 7705.7 29.0
-4569.6 7701.9 29.3
-4584.2 7698.2 29.5
-4598.7 7694.5 29.7
-4607.2 7703.1 29.8
-4613.2 7716.8 29.9
-4619.2 7730.6 30.0
-4625.2 7744.3 30.0
-4631.2 7758.1 30.0
-4635.9 7771.2 30.1
-4621.6 7775.6 29.8
-4607.2 7780.1 29.6
-4592.9 7784.6 29.4
-4568.6 7792.1 28.6
5558.0 7788.5 28.1
5546.1 7809.2 28.1
4701.2 7419.4 25.9
4714.6 7426.0 26.3
4716.6 7437.0 26.1
4711.1 7450.9 25.8
4705.6 7464.9 25.4
4690.1 7469.7 25.0
-4897.7 7731.2 33.3
-4901.5 7745.8 33.3
-4905.2 7760.3 33.2
-4909.0 7774.8 33.2
-4912.7 7789.3 33.1
-4916.5 7803.8 33.1
-4920.2 7818.4 33.0
-4924.0 7832.9 33.0
-4927.7 7847.4 32.9
-4931.5 7861.9 32.9
-4935.2 7876.5 32.4
-4942.4 7903.9 31.0
-809.3 -65.2 22.9
-835.0 -76.8 23.1
-864.4 -67.7 23.2
-874.6 -54.1 23.2
-867.7 -77.7 23.2
-870.3 -73.5 23.2
-2443.7 -407.8 20.9
-2436.3 -404.6 20.9
-2453.0 -377.4 20.7
-2456.3 -379.4 20.8
-2460.8 -384.4 20.8
-2465.1 -389.6 20.9
-2468.8 -393.4 20.9
-2472.7 -395.8 20.9
-2478.9 -398.0 20.9
6433.9 8484.3 22.3
6458.5 8489.2 22.0
6456.3 8501.3 21.9
-6406.7 8611.7 26.6
-6400.1 8625.2 26.6
-6393.6 8638.7 26.4
3644.4 4916.2 21.5
3641.7 4906.5 21.6
-2353.3 -1978.7 24.2
-2324.5 -1966.2 24.8
-2377.1 -353.6 19.8
-2381.4 -354.5 19.8
-2426.4 -368.4 20.3
-6862.9 7924.2 29.1
-6843.7 7941.6 28.8
-6858.5 7889.5 30.2
-6862.9 7924.2 29.1
-6811.3 7730.5 33.2
-6827.7 7728.8 32.9
-6865.8 7975.1 27.9
-6854.3 7984.7 27.8
-6842.8 7994.3 27.7
-6831.3 8004.0 27.7
-6821.5 8014.1 28.0
-6825.6 8028.5 27.8
-6829.8 8042.9 27.4
-6834.0 8057.3 27.0
-6843.5 8072.7 26.3
-6946.7 6891.6 26.7
-6929.5 6880.1 26.7
-6437.7 8574.9 26.4
-6452.4 8545.0 26.3
-6298.9 8839.1 24.1
-6304.8 8825.3 24.0
-6310.8 8811.6 23.8
-6321.8 8786.1 23.5
-6326.4 8775.0 23.5
-6333.1 8761.6 23.5
-6344.9 8737.8 23.6
-6582.2 8284.7 25.3
-6574.8 8297.7 25.1
-6567.4 8310.8 25.0
-6559.9 8323.8 25.0
-6552.5 8336.9 25.0
-6545.1 8349.9 25.0
-6537.7 8363.0 25.0
-6530.3 8376.0 25.0
-6522.9 8389.0 25.3
-6515.5 8402.1 25.5
-6508.3 8415.2 25.7
-6501.0 8428.4 25.9
-6493.8 8441.5 26.0
-6486.5 8454.6 26.0
-6475.0 8475.6 26.1
-6924.3 2835.2 37.2
-6938.5 2830.4 37.8
-6952.7 2825.5 38.3
-6966.9 2820.7 38.8
-6975.1 2827.2 38.9
-6978.8 2841.7 38.9
-6982.6 2856.2 38.9
-6986.4 2870.7 38.8
-6997.3 2875.9 39.1
-7011.9 2872.4 39.6
-7037.8 2866.2 40.4
-2222.0 -5192.6 27.3
-2211.1 -5202.9 27.1
-2200.1 -5213.1 26.9
-2189.2 -5223.4 26.8
-2178.2 -5233.6 26.6
-2167.3 -5243.9 26.4
-2153.5 -5256.8 26.2
-760.0 55.9 22.8
-759.1 61.2 22.7
-756.9 65.8 22.7
1176.5 8174.3 13.8
1191.5 8173.6 13.6
1206.5 8172.8 13.4
1221.5 8172.1 13.1
1236.5 8171.3 12.8
1251.4 8170.6 12.6
1266.4 8169.8 12.5
1281.4 8169.1 12.5
1296.4 8168.3 12.4
1311.4 8167.6 12.3
1326.3 8166.7 12.2
1341.3 8165.9 12.2
1356.3 8165.0 12.1
1371.3 8164.2 12.0
1386.2 8163.3 12.0
1401.2 8162.5 11.9
1416.2 8161.6 11.8
1431.2 8160.8 11.8
1446.2 8159.9 11.7
1461.1 8159.6 11.6
1476.0 8157.6 11.8
1490.6 8154.3 12.0
1505.6 8152.9 12.1
1520.5 8152.1 12.3
1535.5 8151.2 12.5
1550.5 8150.2 12.7
1565.4 8149.3 13.0
1580.4 8148.4 13.2
1595.4 8147.6 13.4
1610.4 8146.7 13.3
1625.3 8145.8 13.3
1640.3 8144.9 13.3
1659.1 8143.8 13.3
-605.3 5850.4 25.4
-619.3 5904.4 25.8
-621.5 5905.3 25.8
-654.5 5901.9 26.1
-655.7 5900.5 26.1
-656.2 5889.6 26.0
-657.0 5884.5 26.0
-661.1 5880.3 26.0
-668.3 5878.1 26.1
-664.5 5856.7 26.0
-658.0 5857.5 25.9
-654.8 5842.0 25.8
-607.4 5849.9 25.4
-675.9 5844.9 26.0
-690.6 5842.0 26.2
-705.3 5839.1 26.3
-720.0 5836.2 26.4
-734.7 5833.3 26.5
-749.4 5830.3 26.6
-764.2 5827.4 26.7
-787.7 5825.5 26.9
-6061.2 6201.0 25.5
-6066.9 6162.0 25.0
-6066.6 6151.9 25.0
-6064.9 6139.2 25.0
-4732.1 797.2 18.9
-4795.9 818.2 18.7
3490.7 4356.6 27.0
3407.8 4355.2 28.1
3411.7 4366.0 28.5
3430.0 4384.9 29.0
3413.3 4384.0 29.0
3367.2 4387.5 29.0
3356.1 4384.3 28.9
3304.0 4386.5 28.3
3411.6 4396.6 29.4
3333.4 4393.5 28.9
3305.9 4400.9 28.3
3430.9 4416.5 30.0
3350.9 4416.0 29.3
3263.5 4409.2 27.2
3441.3 4428.7 30.1
3293.5 4424.1 27.8
3215.7 4429.3 25.8
3203.8 4431.2 25.4
3290.1 4442.3 27.5
3281.8 4441.0 27.3
3231.1 4442.0 26.0
3215.1 4445.0 25.6
3207.4 4440.5 25.4
3530.5 4457.5 25.3
3456.6 4462.0 29.4
3429.1 4461.3 30.8
3356.6 4461.7 29.0
3334.3 4459.9 28.5
3320.3 4457.9 28.1
3304.5 4456.2 27.8
3244.1 4456.2 26.2
3228.8 4454.4 25.9
3550.4 4469.4 25.1
3440.6 4471.8 30.1
3340.5 4470.3 28.5
3307.4 4478.3 27.6
3170.6 4474.0 25.3
3559.4 4488.3 24.9
3440.0 4484.7 29.8
3412.4 4485.8 30.2
3369.6 4493.4 29.1
3325.5 4493.0 27.9
3158.1 4490.5 25.2
3534.7 4504.2 24.9
3472.7 4503.5 27.8
3366.9 4506.9 28.9
3350.9 4508.5 28.4
3306.1 4503.2 27.3
3291.8 4500.3 27.0
3185.7 4501.8 25.7
3157.1 4506.6 25.3
3530.0 4519.7 24.7
3485.6 4517.9 26.9
3460.2 4519.6 28.1
3383.0 4522.6 29.1
3350.5 4518.5 28.3
3310.2 4523.3 27.3
3258.8 4518.6 26.0
3244.7 4516.3 25.9
3214.4 4518.6 25.9
3161.1 4518.4 25.4
3500.2 4528.9 25.9
3488.8 4536.6 26.3
3457.7 4538.3 27.8
3398.2 4537.2 29.4
3351.1 4532.6 28.2
3305.7 4531.9 27.1
3274.0 4537.0 26.2
3228.9 4536.1 26.1
3170.1 4538.5 25.6
3110.7 4532.9 24.7
3521.8 4545.2 24.5
3505.2 4549.7 25.3
3488.0 4544.9 26.2
3425.8 4552.5 29.1
3308.8 4545.5 27.0
3227.8 4546.4 26.2
3156.6 4544.0 25.4
3124.6 4546.4 25.0
3474.7 4559.4 26.5
3461.3 4560.3 27.2
3384.2 4566.0 28.7
3348.0 4559.9 27.9
3332.8 4565.7 27.4
3324.0 4566.5 27.2
3307.3 4558.6 26.8
3236.5 4567.9 26.5
3183.5 4564.1 25.9
3144.6 4567.6 25.4
3097.7 4561.5 24.7
3473.9 4573.8 26.3
3446.6 4582.1 27.4
3351.0 4578.0 27.8
3296.4 4575.9 26.6
3250.5 4575.6 26.5
3236.1 4576.8 26.6
3214.0 4573.5 26.4
3099.4 4575.9 24.8
3472.8 4589.1 26.0
3308.1 4593.8 26.8
3261.1 4597.0 26.8
3250.5 4595.7 26.8
3440.4 4612.2 27.0
3429.1 4609.5 27.7
3335.0 4607.2 27.1
3302.9 4611.9 27.0
3291.2 4609.6 26.9
3264.9 4611.8 26.9
3234.2 4606.6 26.8
3203.6 4609.2 26.4
3143.4 4605.6 25.5
3096.9 4611.3 24.9
3443.3 4619.6 26.7
3218.8 4620.3 26.6
3199.3 4623.5 26.4
3184.0 4619.2 26.1
3141.9 4627.1 25.6
3116.5 4622.7 25.2
3380.3 4637.0 27.9
3370.3 4641.6 27.6
3310.8 4640.1 27.3
3290.1 4638.4 27.2
3273.4 4638.0 27.2
3221.1 4639.8 26.8
3425.5 4651.9 26.9
3237.0 4655.0 27.1
3168.6 4655.1 26.1
3156.8 4651.8 25.9
3113.7 4655.5 25.3
3445.4 4668.4 25.6
3394.9 4664.5 28.0
3387.2 4672.3 27.8
3353.8 4664.8 27.6
3319.5 4671.2 27.6
3202.3 4668.0 26.6
3169.3 4668.2 26.2
3143.0 4673.3 25.8
3372.3 4682.2 27.7
3351.1 4686.9 27.8
3339.7 4679.9 27.7
3326.2 4685.5 27.8
3312.6 4683.0 27.7
3260.3 4684.0 27.5
3161.5 4683.1 26.1
3432.5 4696.0 25.1
3410.3 4696.9 26.4
3384.3 4700.8 27.5
3334.8 4695.2 27.9
3274.9 4694.1 27.8
3182.7 4698.6 26.5
3129.3 4702.2 25.7
3377.6 4712.0 27.2
3356.9 4718.0 27.6
3303.1 4715.3 28.1
3266.9 4708.8 27.7
3248.8 4712.2 27.5
3185.0 4712.2 26.6
3365.5 4732.0 26.7
3349.7 4729.9 27.3
3277.1 4723.8 27.9
3246.5 4729.0 27.5
3202.4 4730.7 26.9
3191.9 4731.7 26.7
3173.1 4729.9 26.5
3381.0 4740.0 25.8
3364.2 4744.5 26.1
3342.2 4738.8 27.1
3276.2 4742.7 28.0
3214.6 4743.3 27.3
3352.5 4758.5 26.0
3288.0 4758.6 28.1
3217.9 4760.0 27.3
3183.8 4757.8 27.0
3309.6 4775.9 27.0
3275.5 4773.8 27.8
3245.9 4772.2 27.6
3229.6 4774.3 27.4
3222.4 4775.4 27.3
3184.9 4776.3 26.9
3160.9 4774.3 26.6
3279.7 4786.5 27.3
3249.1 4786.7 27.1
3234.9 4791.4 26.8
3168.1 4791.7 26.5
3288.4 4800.3 26.8
3277.7 4802.5 26.6
3258.4 4808.1 26.3
3246.9 4798.6 26.6
3212.7 4801.3 26.3
3172.9 4807.0 25.9
3261.5 4816.4 26.0
3203.5 4819.6 25.5
3233.5 4828.8 25.2
3212.8 4836.2 24.7
2193.0 2768.4 18.5
2162.3 2771.7 18.7
2155.5 2787.1 18.7
2163.8 2795.5 18.7
2151.7 2799.2 18.7
2185.3 2818.3 18.8
2169.0 2813.4 18.8
2193.7 2829.2 18.8
-6642.4 -1961.0 27.7
-6653.2 -1962.0 27.6
-114.0 -4432.7 22.6
-113.9 -4413.0 22.9
-1445.8 -1190.8 21.9
-1443.1 -1167.5 21.7
-1383.9 -1131.3 21.6
-1429.8 -1131.2 21.6
-1388.1 -1121.3 21.5
-1419.0 -1123.8 21.5
-1433.9 -1120.2 21.5
-1385.9 -1105.9 21.5
-1440.0 -1103.1 21.4
-1588.3 -812.7 22.5
-1572.8 -799.4 22.5
-1586.6 -799.6 22.6
-1608.5 -802.0 22.8
-1550.1 -782.1 22.7
-1617.1 -786.1 21.4
-1636.5 -779.5 19.8
-1535.5 -771.4 23.2
-1549.7 -773.8 23.0
-1587.4 -768.3 21.5
-1506.1 -750.3 24.2
-1542.6 -751.8 22.4
-1502.9 -740.3 24.6
-1557.2 -743.8 21.4
-1572.9 -739.6 20.5
-1502.2 -719.6 25.0
-1546.5 -720.2 21.0
-1485.6 -696.0 25.5
-1488.5 -661.6 24.0
-1563.1 -660.5 22.5
-1456.9 -651.8 24.1
-1473.3 -645.0 24.1
-1505.4 -645.6 22.9
-1428.4 -637.1 23.4
-1559.5 -636.1 23.1
-1575.0 -633.1 23.1
-1467.0 -621.1 23.1
-1511.6 -620.7 23.3
-1548.3 -615.7 23.1
-1288.4 -602.3 20.7
-1362.9 -599.3 21.7
-1380.7 -607.9 22.1
-1444.3 -602.3 21.9
-1485.0 -602.3 22.7
-1347.1 -590.4 21.4
-1459.2 -592.9 21.8
-1499.5 -584.4 22.1
-1528.2 -593.6 22.3
-1557.7 -586.8 22.0
-1125.4 -574.0 18.8
-1144.2 -569.9 18.9
-1171.1 -569.3 18.9
-1214.6 -571.6 19.4
-1233.7 -570.4 19.7
-1243.6 -572.7 19.8
-1326.2 -572.5 20.7
-1469.5 -570.6 20.7
-1486.8 -571.0 20.8
-1559.5 -577.4 21.8
-1099.9 -555.3 18.7
-1113.1 -557.0 18.8
-1127.6 -558.6 18.8
-1139.5 -554.4 18.8
-1333.1 -562.5 19.9
-1383.2 -557.9 19.0
-1438.8 -560.9 19.8
-1007.8 -542.9 18.4
-1019.8 -542.2 18.5
-1035.5 -539.6 18.6
-1080.3 -540.8 18.7
-1092.0 -544.6 18.7
-1111.7 -547.1 18.7
-1131.2 -547.4 18.8
-1200.8 -540.4 19.2
-1249.3 -539.3 19.7
-1273.1 -541.6 19.9
-1352.3 -543.5 19.2
-1518.6 -543.2 20.3
-1011.2 -528.6 18.2
-1053.9 -526.1 18.5
-1082.1 -528.5 18.6
-1159.1 -531.0 18.9
-1170.7 -530.6 19.0
-1243.4 -532.1 19.7
-1265.1 -525.5 19.9
-1276.2 -524.1 20.0
-1349.9 -529.2 19.5
-1033.0 -510.5 18.1
-1077.3 -518.3 18.7
-1187.0 -513.5 19.2
-1204.3 -514.3 19.4
-1020.4 -498.9 17.8
-1035.1 -498.9 17.9
-1051.4 -499.2 18.3
-1047.8 -484.0 17.6
-1023.6 -469.6 17.2
-1022.3 -450.9 17.4
-1054.3 -453.4 17.7
-1066.2 -449.4 17.9
-1053.3 -425.5 17.8
-1080.4 -420.1 18.2
-1080.3 -409.6 18.2
-1070.0 -395.7 18.1
-1084.4 -398.5 18.3
5743.2 -4281.4 36.8
5725.2 -4282.6 36.9
-4290.0 1904.7 19.0
-4305.9 1900.4 18.9
-4281.3 1914.4 19.3
-4336.6 1919.3 19.0
-4353.0 1914.6 18.8
-4370.0 1919.9 18.8
-4308.0 1926.0 19.3
-4326.3 1932.4 19.3
-4342.3 1926.8 19.1
-4382.1 1931.0 19.0
-4394.8 1930.8 18.9
-4338.5 1944.0 19.5
-4334.8 1957.5 19.7
-4358.3 1958.3 19.6
-4494.0 1961.2 18.7
-4262.8 1972.1 20.0
-4275.2 1978.6 20.0
-4312.7 1979.3 20.0
-4326.0 1970.2 20.0
-4476.0 1971.5 19.1
-4372.7 1991.7 20.1
-4396.4 1991.6 20.0
-4427.2 1986.1 19.7
-4440.9 1990.4 19.7
-4486.5 1985.3 19.3
-4342.2 2005.1 20.1
-4372.2 2009.0 20.2
-4439.9 2006.7 20.0
-4475.3 2006.2 19.8
-4397.2 2016.3 20.2
-4416.7 2022.4 20.3
-4428.2 2019.2 20.3
-4463.4 2024.0 20.2
-4485.9 2016.2 19.9
-4501.7 2021.2 19.9
-4441.7 2030.2 20.3
-4476.6 2040.0 20.4
-4507.7 2039.9 20.2
1150.6 2012.6 20.1
1160.8 2022.1 20.2
1151.6 2056.2 21.1
1163.8 2091.0 21.8
-4877.0 5500.6 19.4
-4983.2 5514.3 21.8
-4924.7 5528.9 19.3
-4962.7 5532.5 20.4
-4969.0 5560.4 20.1
-4856.8 5570.9 18.1
-4846.0 5589.7 17.9
-4904.5 5590.2 16.9
-4977.2 5587.3 19.9
-4783.9 5603.0 18.8
-4843.3 5601.5 18.0
-4862.7 5603.6 17.8
-4887.2 5603.1 17.4
-4999.4 5599.4 20.7
-4849.3 5615.7 18.1
-4870.7 5616.1 17.8
-4901.1 5616.7 16.7
-4978.4 5620.9 19.3
-4992.2 5621.3 19.9
-5008.0 5616.6 20.7
-4771.3 5628.5 19.2
-4814.1 5633.7 18.7
-4949.9 5630.0 17.6
-5011.9 5633.3 20.6
-4789.5 5646.9 19.2
-4795.2 5645.6 19.1
-4817.1 5650.2 18.9
-4906.1 5650.7 17.1
-4961.2 5645.4 18.0
-4991.0 5642.8 19.3
-4786.3 5661.1 19.4
-4796.5 5658.8 19.3
-4845.2 5665.2 18.5
-4871.3 5662.4 18.0
-4894.1 5657.8 17.5
-4930.3 5664.5 18.0
-4954.4 5664.0 18.6
-4978.2 5666.2 19.3
-4863.2 5679.2 18.5
-4876.9 5679.0 18.2
-4906.4 5674.0 17.6
-4924.5 5678.3 17.7
-4932.4 5679.6 17.9
-4969.1 5679.0 19.0
-5008.1 5680.4 20.2
-4816.3 5689.1 19.4
-4827.5 5694.3 19.3
-4892.7 5695.5 18.2
-4934.7 5695.8 17.9
-4966.7 5691.2 18.9
-5010.2 5688.6 20.2
-5024.4 5688.5 20.6
-5036.6 5694.1 21.0
-4905.6 5704.1 18.1
-4916.3 5703.0 17.9
-5036.6 5707.2 20.9
-4982.9 5721.8 19.2
-4991.9 5724.6 19.5
-5050.2 5723.8 21.0
-4991.0 5737.5 19.4
-5010.8 5739.9 20.0
-5098.6 5741.4 21.1
-4984.8 5752.6 19.2
-5012.2 5750.5 20.0
-5023.1 5750.1 20.3
-5051.3 5753.6 20.6
-5099.6 5748.1 21.0
-5115.2 5748.0 21.1
-5027.8 5768.1 20.3
-5043.7 5763.5 20.5
-5059.3 5763.2 20.6
-5083.5 5763.8 20.7
-5012.9 5787.1 19.8
-5028.8 5778.3 20.2
-5074.4 5780.5 20.5
-5005.3 5800.4 19.5
-5067.7 5799.8 20.2
-5086.8 5801.1 20.3
-5010.6 5817.5 19.6
-5056.7 5812.1 20.0
-5066.2 5816.7 20.0
-5012.9 5825.5 19.5
-5028.8 5826.9 19.6
-5110.5 5832.5 20.1
-5054.6 5843.9 19.6
-5099.5 5853.8 19.9
-5059.3 5877.1 19.5
-5115.6 5870.1 20.0
-5085.4 5887.1 19.7
-5110.5 5884.5 19.9
-5131.6 5887.4 20.0
-5146.6 5901.5 20.1
-5128.8 5917.7 19.9
-5086.6 5928.7 19.5
-5131.0 5931.1 19.9
-5126.3 5964.9 19.7
-5160.1 5967.0 19.9
-5179.2 5967.2 20.1
-5113.7 5981.2 19.5
-5134.6 5976.6 19.7
-5172.0 5975.0 20.0
-5191.2 5981.8 20.1
-5146.7 5990.3 19.7
-5156.8 5995.7 19.8
-5161.7 6006.4 19.8
-5192.3 6026.0 20.0
289.8 280.0 22.9
266.8 279.0 22.7
804.6 441.8 27.6
794.1 441.1 27.5
829.5 457.5 28.1
805.1 469.0 28.1
846.3 481.8 28.7
822.9 486.7 28.5
-2698.7 -1448.3 19.5
-2605.7 -1426.1 19.6
-2697.4 -1418.4 19.5
-2709.7 -1422.2 19.5
605.4 -7812.2 44.0
568.2 -7803.8 44.0
589.8 -7789.2 43.0
2692.3 5508.4 16.6
2673.3 5506.5 16.6
-4158.8 1619.6 28.1
-4129.3 1637.1 26.4
-4138.7 1638.8 27.0
-4149.5 1637.9 27.6
-4124.4 1650.8 26.2
-4166.6 1655.5 27.0
-4426.3 1650.3 19.3
-4439.8 1655.3 19.4
-4140.7 1669.3 26.2
-4360.8 1664.1 18.7
-4377.5 1667.8 18.8
-4032.6 1679.0 20.8
-4062.6 1686.0 22.4
-4076.0 1686.2 23.1
-4213.7 1687.0 24.6
-4302.8 1684.4 19.2
-4333.7 1684.6 18.2
-4376.7 1678.8 18.7
-4467.8 1687.9 19.4
-4481.3 1680.5 19.6
-4495.2 1682.0 19.7
-4023.8 1694.5 20.5
-4068.9 1700.0 22.6
-4083.3 1703.4 22.7
-4090.9 1694.1 23.5
-4106.4 1701.4 23.1
-4164.9 1695.9 24.3
-4225.0 1696.7 24.0
-4349.6 1699.9 18.2
-4437.2 1698.4 19.0
-4464.8 1699.3 19.2
-4003.3 1711.6 19.9
-4095.9 1713.5 22.0
-4105.5 1717.7 21.8
-4212.2 1715.2 23.3
-4234.5 1718.4 23.2
-4288.5 1716.2 19.8
-4378.5 1709.9 18.3
-4409.6 1713.2 18.6
-4426.7 1716.0 18.7
-4451.4 1711.5 19.0
-4466.6 1715.4 19.1
-4090.5 1724.3 21.1
-4196.8 1726.3 22.2
-4286.0 1727.5 20.6
-4360.8 1732.1 17.9
-4410.5 1728.2 18.4
-4424.5 1729.3 18.5
-4533.6 1728.7 19.5
-4545.2 1728.0 19.6
-4021.7 1745.4 18.7
-4069.4 1743.9 19.4
-4109.0 1741.7 20.0
-4201.9 1742.2 21.0
-4209.6 1742.4 21.1
-4247.0 1741.7 21.6
-4322.7 1739.8 18.4
-4329.7 1740.1 18.1
-4530.9 1746.5 19.3
-4543.4 1747.4 19.4
-4007.8 1761.4 18.4
-4151.6 1754.6 19.5
-4273.2 1759.9 20.5
-4349.8 1754.4 17.6
-4590.6 1755.7 19.6
-3993.9 1774.4 18.5
-4002.3 1771.7 18.5
-4039.3 1773.6 18.4
-4122.0 1775.1 17.9
-4153.3 1774.5 17.9
-4211.4 1769.1 19.0
-4301.8 1777.7 19.4
-4336.7 1771.5 17.8
-4532.7 1776.0 18.9
-4543.3 1768.6 19.1
-4563.7 1776.0 19.1
-4604.1 1771.0 19.5
-4155.1 1787.3 17.8
-4214.6 1790.6 17.5
-4286.9 1790.8 18.2
-4321.2 1789.7 18.7
-4527.5 1785.9 18.7
-4543.3 1790.0 18.8
-4585.4 1790.7 19.1
-4018.2 1800.1 18.8
-4031.3 1800.4 18.7
-4305.3 1798.5 17.8
-4319.7 1799.4 17.9
-4591.5 1801.2 19.1
-4605.7 1802.1 19.2
-4018.9 1816.7 19.0
-4258.9 1815.1 17.6
-4017.7 1838.2 19.4
-4065.5 1833.6 19.0
-4264.4 1829.6 17.8
-4277.8 1833.2 17.8
-4020.4 1849.9 19.4
-4033.5 1849.7 19.4
-4037.3 1863.6 19.5
-4068.9 1875.1 19.5
-4109.8 1883.1 19.6
-4135.8 1878.2 19.4
-3903.3 1895.2 19.8
-3964.0 1893.5 19.8
-4091.7 1894.1 19.6
-4127.7 1894.8 19.6
-3987.7 1910.6 19.8
-4004.5 1912.2 19.8
-4111.3 1905.8 19.7
-4138.8 1910.8 19.7
-4181.0 1905.9 19.7
-3959.2 1920.5 19.9
-3971.3 1919.4 19.9
-3987.5 1922.0 19.9
-4141.9 1919.7 19.7
-4181.4 1925.0 19.8
-3912.5 1938.7 20.1
-3941.2 1938.9 20.1
-4126.7 1938.9 19.9
-3915.9 1956.0 20.2
-3944.3 1971.3 20.2
-3985.4 1966.2 20.2
-4185.3 1967.3 20.0
-3912.3 1985.4 20.4
-3947.0 1978.7 20.3
-3993.2 1985.2 20.3
-4019.5 1987.6 20.3
-4031.0 1982.6 20.2
-4054.3 1983.6 20.2
-4142.9 1984.0 20.1
-4152.6 1983.1 20.1
-4187.5 1980.1 20.0
-3916.0 2001.5 20.5
-3934.1 1995.0 20.4
-3963.8 1999.9 20.4
-3988.1 1996.8 20.3
-4008.4 1997.7 20.3
-4016.6 1997.3 20.3
-4113.2 1994.8 20.2
-4135.3 2001.2 20.2
-4182.3 1995.0 20.1
-3912.8 2010.4 20.5
-3946.5 2013.3 20.5
-4108.8 2012.0 20.3
-4156.3 2017.9 20.3
-3959.0 2024.7 20.5
-3971.7 2024.4 20.5
-3989.9 2027.6 20.5
-4050.2 2033.1 20.5
-4083.4 2023.6 20.4
-4111.0 2030.4 20.4
-3962.9 2041.1 20.6
-3971.9 2042.6 20.6
-3984.6 2042.6 20.6
-4035.5 2046.6 20.6
-4061.9 2048.3 20.6
-4080.9 2040.3 20.5
-4095.3 2046.4 20.5
-4143.5 2040.2 20.4
-1456.5 895.0 18.7
-2777.1 -1632.1 21.3
-2792.3 -1625.2 21.0
-4265.9 -7947.1 18.9
-4281.8 -7930.5 18.9
-4371.1 -7873.3 18.7
-4351.6 -7857.8 18.6
-4362.2 -7846.3 18.5
-4393.1 -7845.1 18.6
-4393.6 -7825.5 18.5
-4409.5 -7824.5 18.5
-4422.4 -7830.1 18.6
-3307.7 1574.8 19.4
-3295.1 1582.0 19.4
-3308.1 1585.8 19.5
-3323.2 1583.4 19.6
-3290.2 1597.5 19.4
2281.8 6672.3 15.9
2252.5 6685.5 16.0
2236.2 6714.0 16.9
2310.7 6744.7 19.1
2217.9 6741.8 18.4
2281.4 6756.5 19.5
2250.8 6761.4 19.6
2207.1 6759.1 19.2
2253.2 6772.6 20.1
2222.3 6770.6 19.9
2205.6 6767.7 19.4
-1762.1 -818.8 20.4
1267.0 2479.6 22.8
1284.0 2511.1 22.1
1285.3 2525.0 22.1
1208.6 2525.8 23.8
1226.0 2549.9 22.8
1263.5 2562.6 22.0
1205.6 2586.1 22.4
1196.5 2579.2 22.7
1241.8 2594.6 21.4
1251.9 2615.0 21.1
1192.9 2613.8 22.4
1837.5 8602.4 12.3
1808.8 8608.2 13.0
1870.4 8635.9 11.2
1809.2 8631.1 13.0
991.8 2000.1 20.5
949.2 2003.1 20.7
2277.9 2304.9 20.8
2327.6 2315.0 21.0
2316.4 2318.0 20.9
2353.3 2332.4 21.0
-3480.5 -1026.0 22.3
-3484.2 -993.7 22.4
-3465.2 -934.7 21.9
-3472.9 -926.0 21.8
-3485.1 -921.3 21.8
-3458.3 -802.8 21.4
-3466.8 -784.8 21.5
-3392.5 -743.2 21.5
-2833.1 -664.3 20.7
-4415.9 731.3 19.1
-4447.4 726.4 18.4
-4507.2 727.2 19.1
-4355.9 737.3 19.6
-4407.4 738.2 19.2
-4449.1 736.9 19.1
-4482.4 741.4 18.9
-4362.1 760.8 20.1
-4375.1 752.9 19.8
-4389.1 751.6 19.6
-4431.8 754.6 19.4
-4372.5 769.3 20.2
-4407.6 772.4 20.0
-4432.7 772.5 19.8
-4451.6 775.2 19.7
-4490.8 776.4 19.4
-4506.5 768.0 19.5
-4528.9 769.8 19.7
-4394.5 790.0 20.5
-4407.0 789.9 20.4
-4419.8 787.1 20.2
-4435.5 788.4 20.1
-4540.5 783.7 19.4
-4553.7 790.9 19.4
-4584.3 781.6 19.3
-4542.3 798.1 19.4
-4554.1 797.8 19.4
-4571.3 797.1 19.4
-4631.0 798.5 19.2
-4658.1 805.0 19.1
-4675.8 805.6 19.1
-4694.3 801.7 19.0
-4630.8 813.4 19.2
-4647.8 819.2 19.2
-4530.8 1028.4 19.1
-4538.5 1029.3 19.1
-4770.2 1040.7 20.3
-4556.3 1056.2 19.2
-4632.8 1061.5 19.6
-4704.5 1057.6 20.0
-4722.1 1059.0 20.1
-4569.3 1072.1 19.1
-4688.4 1069.2 19.9
-4721.8 1073.0 20.1
-4750.0 1073.6 20.2
-4769.9 1075.1 20.3
-4576.3 1088.1 19.0
-4606.8 1082.5 19.2
-4612.8 1085.9 19.2
-4634.1 1084.3 19.4
-4646.9 1090.1 19.4
-4740.5 1084.1 20.0
-4644.7 1099.9 19.3
-4723.4 1105.0 19.7
270.3 -463.5 21.5
-4376.4 5171.2 22.9
-2294.2 -1178.9 19.7
-2308.8 -1174.1 19.7
-2313.6 -1146.0 19.7
-2328.4 -1145.7 19.7
-2328.6 -1126.0 19.6
-2386.7 -1118.3 19.6
-2406.5 -1029.7 19.2
-2387.3 -1007.0 19.0
-2391.7 -991.1 18.8
-2405.7 -936.8 18.9
-2373.6 -885.0 19.5
-2384.7 -887.0 19.5
-2376.7 -875.8 19.6
-2342.6 -861.6 19.8
-3129.5 -814.5 19.8
-3192.7 -814.0 19.8
-3268.9 -796.5 19.8
-3282.2 -796.8 19.8
-3071.9 -779.6 20.0
-3087.5 -752.8 20.1
-3097.9 -720.5 20.3
3544.5 -2083.0 31.5
3528.5 -2067.4 31.4
3583.7 -2051.5 30.7
3602.4 -2035.9 30.6
3583.1 -2038.2 30.6
3544.8 -2029.0 30.7
3531.6 -2036.8 30.8
3510.7 -2035.5 30.9
3605.2 -2016.5 30.8
3583.1 -2017.9 30.8
3558.8 -2014.5 30.9
3537.8 -2014.3 30.9
3499.2 -2024.0 30.9
3628.7 -2001.4 31.0
3613.9 -2006.6 30.9
3552.1 -2008.3 30.9
3524.3 -2007.8 31.0
3512.3 -2007.5 31.0
3485.6 -2008.9 31.0
3606.0 -1989.5 31.1
3588.3 -1984.9 31.2
3552.8 -1990.2 31.2
3493.8 -1987.1 31.2
3485.7 -1991.8 31.2
3465.7 -1988.0 31.2
3644.5 -1976.2 31.2
3575.9 -1969.2 31.2
3541.8 -1976.6 31.2
3481.1 -1971.9 31.2
3466.5 -1975.3 31.2
3630.0 -1960.4 31.3
3586.5 -1958.3 31.3
3507.5 -1963.0 31.2
3493.2 -1956.7 31.2
3462.0 -1960.6 31.2
3553.2 -1940.6 31.3
3514.5 -1940.6 31.3
3494.5 -1948.0 31.3
3612.1 -1926.5 31.3
3556.1 -1927.0 31.3
3542.8 -1928.6 31.3
3469.1 -1930.0 31.3
3452.8 -1928.7 31.3
3432.2 -1933.0 31.3
3544.3 -1909.2 31.3
3599.3 -1894.2 30.4
3583.7 -1894.2 30.7
3543.5 -1894.6 31.3
3508.1 -1902.7 31.3
3496.3 -1901.5 31.3
3466.7 -1896.2 31.3
3556.1 -1887.3 31.0
3494.9 -1887.5 31.3
3575.3 -1864.5 29.7
175.1 -7801.8 43.0
176.4 -7795.0 42.8
187.0 -7711.4 41.1
172.4 -7667.9 41.1
219.2 -7657.6 40.9
203.7 -7655.2 40.8
194.6 -7655.3 40.9
170.6 -7644.6 40.5
3335.3 4081.1 23.2
3383.4 4092.8 24.5
3348.4 4090.5 23.8
3334.8 4091.9 23.1
3399.1 4107.6 24.9
3362.6 4104.7 24.3
3349.0 4105.3 23.7
3278.3 4110.6 23.0
3405.7 4121.3 25.1
3398.2 4121.4 25.0
3247.7 4118.6 23.1
3378.3 4133.5 24.8
3308.8 4136.6 23.3
3333.7 4157.3 23.6
3274.1 4154.7 23.6
3241.0 4152.4 23.5
3331.4 4172.9 23.8
3290.6 4164.3 23.7
3277.9 4168.3 23.7
3338.0 4179.9 23.9
3289.0 4184.5 24.0
3272.5 4183.4 24.0
3349.0 4200.6 24.2
3353.6 4213.5 24.5
3321.1 4209.9 24.4
3285.9 4209.2 24.4
3331.1 4226.5 24.7
3303.2 4227.6 24.7
3448.2 4061.0 25.1
3463.2 4066.3 25.4
3424.3 4068.1 24.8
3437.5 4088.8 25.3
3419.3 4104.7 25.2
3486.2 4120.4 26.4
3450.9 4134.9 26.0
3553.4 4145.8 27.8
3545.9 4142.2 27.7
3524.6 4143.2 27.3
3479.2 4141.2 26.5
3515.2 4162.2 27.7
3470.2 4156.8 26.6
3525.1 4178.2 27.1
3465.7 4172.8 26.8
3526.8 4193.5 27.2
3494.5 4188.7 27.3
3464.7 4205.7 27.4
3462.4 4224.6 27.2
-209.4 -4422.3 22.7
-141.7 -4412.2 22.9
-216.2 -4379.7 22.3
-198.0 -4365.5 22.3
-254.5 -4352.2 22.1
-2432.2 -213.3 20.5
-2448.9 -212.6 20.6
-2490.3 -213.0 20.7
-2429.2 -194.6 20.5
-2466.3 -197.8 20.5
-2433.9 -178.6 20.4
-2490.4 -183.7 20.5
887.5 457.1 29.7
947.5 470.1 31.8
930.9 471.9 32.5
948.7 480.4 32.2
932.7 483.9 33.5
995.8 501.2 31.6
934.6 497.6 34.0
1037.1 511.5 30.8
965.7 509.8 33.3
944.6 510.8 34.2
897.1 511.1 32.7
889.4 517.7 32.6
1098.2 533.9 32.0
1037.4 529.8 33.0
1019.3 531.6 33.9
1004.7 530.7 34.2
1076.4 547.8 34.5
1036.7 549.0 35.9
1023.5 545.5 35.8
946.5 545.6 35.8
867.8 540.2 31.4
988.9 559.1 36.5
898.4 559.6 33.8
1204.6 574.5 30.9
1185.3 576.1 32.5
1166.5 578.1 34.2
1137.1 570.6 35.5
1068.3 574.2 38.2
1047.1 572.5 37.6
926.9 579.2 33.8
888.9 578.6 32.7
869.2 571.6 31.7
1217.5 585.4 30.3
1172.3 591.5 33.9
1112.7 594.1 38.6
1078.8 592.2 37.7
1005.3 586.8 35.8
1302.0 608.7 25.1
1141.5 608.4 36.0
1091.4 601.3 38.0
1071.0 602.4 37.2
990.1 604.3 34.6
883.5 600.0 31.6
875.6 605.3 31.1
857.5 609.0 30.4
1291.3 623.9 25.2
1241.5 620.9 27.4
1233.7 624.2 27.9
1203.0 622.8 30.5
1139.4 620.6 35.8
1128.8 622.5 36.4
1113.6 619.0 37.2
1091.5 617.7 37.7
1080.4 615.2 37.3
1063.0 617.3 36.7
1031.7 616.9 35.5
948.0 618.9 32.7
888.1 615.3 31.1
868.1 619.0 30.3
1320.9 629.8 25.4
1274.8 637.8 25.3
1264.5 629.7 25.4
1229.4 633.4 28.0
1215.6 633.3 29.2
1190.9 633.0 31.2
1153.1 635.8 34.2
1095.3 630.8 37.6
1055.6 632.5 36.1
914.3 636.3 31.1
901.2 633.3 30.8
868.2 633.7 29.7
1350.5 651.6 26.5
1340.0 649.0 26.2
1305.4 650.2 25.5
1291.5 646.8 25.2
1204.4 647.2 29.7
1144.9 647.9 34.4
1113.1 648.9 35.7
1094.3 650.3 36.7
1067.1 654.2 36.2
1032.4 646.2 35.1
989.1 653.8 33.4
959.2 651.0 32.3
951.2 648.4 32.0
919.2 649.7 30.8
871.0 649.7 29.3
855.2 654.6 28.6
1407.5 664.4 26.4
1395.2 668.8 26.7
1263.6 662.2 25.4
1217.3 664.2 28.2
1188.5 667.7 30.4
1172.1 665.1 31.9
1139.9 667.6 33.6
1079.7 661.8 36.6
1023.0 665.3 34.4
935.0 659.9 31.3
914.7 662.3 30.5
874.6 661.7 29.0
1467.7 683.4 26.7
1421.8 682.6 26.0
1411.8 675.8 26.3
1381.6 682.5 26.9
1307.4 678.2 26.1
1272.2 681.9 25.5
1241.4 682.3 25.7
1157.8 682.3 32.1
1111.2 675.7 34.4
1099.4 676.8 34.9
1070.6 682.2 35.9
1049.7 677.0 35.2
1033.6 679.6 34.6
914.8 684.0 30.1
882.7 684.4 28.9
855.7 680.6 28.0
1472.9 696.9 27.3
1428.2 692.9 26.6
1407.7 692.6 26.3
1368.7 691.1 27.2
1199.2 693.0 28.8
1185.2 699.0 29.8
1175.3 693.3 30.7
1129.2 691.5 32.8
1113.5 692.0 33.5
1095.9 695.2 34.1
1080.8 697.8 35.0
995.9 697.2 32.9
974.7 693.9 32.2
920.2 695.6 30.1
1474.6 705.5 27.8
1431.1 711.0 28.1
1391.7 706.4 26.7
1376.4 709.8 27.0
1324.4 712.4 27.7
1173.8 707.6 30.1
1157.1 705.9 30.9
1114.4 708.7 32.6
974.0 712.1 31.8
914.8 710.4 29.7
906.1 713.0 29.3
1364.7 728.3 27.3
1338.8 724.1 27.8
1288.8 728.0 27.2
1183.6 724.4 28.8
1091.6 728.1 32.6
1022.4 726.1 33.4
1004.9 725.2 32.8
918.2 724.8 29.6
867.3 720.8 28.4
1497.7 744.0 28.0
1470.0 743.9 29.5
1451.7 734.7 29.6
1318.2 737.2 28.3
1262.7 740.3 26.7
1212.7 737.9 26.5
1186.3 740.0 27.8
1107.6 737.0 31.4
1064.5 735.4 34.1
1054.9 739.1 34.4
1040.3 736.9 33.9
1001.4 738.8 32.4
980.3 743.6 31.6
965.3 740.8 31.1
918.9 744.1 29.5
852.0 742.0 29.3
1497.4 757.6 28.2
1395.7 757.2 30.5
1365.6 759.5 29.7
1325.8 752.0 28.1
1293.3 751.7 28.1
1217.6 756.9 25.8
1197.9 757.3 26.5
1157.5 751.3 28.5
1100.4 753.9 30.9
987.4 756.8 31.6
956.7 755.6 30.5
899.7 755.6 30.0
1482.9 772.7 29.2
1445.4 769.3 31.2
1415.7 766.0 31.7
1392.7 770.0 31.3
1340.7 772.9 29.9
1308.9 772.7 28.9
1280.5 770.1 28.3
1171.4 765.1 27.2
1153.4 766.1 27.9
1034.5 769.3 33.1
1025.9 768.1 32.8
948.1 765.0 30.4
930.4 772.8 30.8
883.4 765.7 30.4
1473.4 784.7 29.9
1333.0 781.2 30.3
947.5 787.5 31.4
920.7 785.9 31.3
870.1 785.3 31.2
855.0 779.9 30.4
1410.7 795.9 33.4
1331.8 796.5 31.4
1307.5 799.8 30.1
1295.6 800.0 29.4
1144.7 798.8 26.4
1094.0 798.4 28.8
1032.5 795.5 32.6
1016.5 797.6 32.0
972.6 802.3 32.1
861.0 803.8 30.9
1422.1 814.7 33.2
1412.6 817.0 33.7
1346.6 813.0 32.3
1319.4 810.3 30.7
1257.1 812.1 27.5
1228.0 813.2 27.0
1189.1 813.6 26.2
1095.8 817.6 28.3
944.0 818.2 32.8
930.2 818.9 32.8
902.4 813.0 32.5
1476.0 834.7 30.3
1445.0 825.8 32.0
1412.5 827.1 33.8
1383.4 827.3 34.3
1364.0 825.9 33.1
1280.7 826.0 27.8
1200.9 827.6 25.9
1138.7 830.5 25.6
1095.2 834.1 28.1
987.7 831.6 33.4
930.0 833.0 33.4
916.4 828.1 33.2
869.3 825.1 31.7
1474.2 844.9 30.4
1437.6 840.6 32.5
1369.5 840.7 33.0
1333.1 843.2 30.4
1260.7 843.9 26.4
1241.4 845.9 25.9
1226.6 842.6 25.8
1168.5 849.5 24.0
1123.9 848.8 26.2
956.3 844.8 34.0
886.7 846.8 33.8
1468.7 861.1 30.8
1453.7 861.4 31.6
1441.1 855.6 32.3
1409.9 860.5 33.6
1335.6 863.6 29.9
1316.7 863.3 28.4
1302.9 855.8 27.9
1288.5 856.9 27.0
1275.6 859.0 26.1
1260.1 855.2 25.9
1159.5 861.1 23.9
1110.2 857.0 26.9
1062.3 861.2 29.7
996.2 857.5 34.2
930.6 863.7 34.8
887.2 862.5 33.6
874.8 860.1 31.9
1440.7 871.8 32.2
1423.0 870.7 32.9
1408.2 877.3 33.3
1362.8 870.9 31.9
1354.8 873.7 31.2
1323.6 878.2 28.7
1303.0 878.2 27.0
1146.0 877.9 24.4
1130.7 873.4 25.4
1052.2 870.2 30.2
933.5 871.9 35.1
1423.0 891.9 32.5
1406.5 893.9 33.1
1378.5 885.4 32.9
1353.6 891.4 30.8
1336.7 886.7 29.6
1287.0 888.3 25.6
1261.6 888.7 24.2
1249.2 889.3 23.9
1143.1 894.5 24.4
1099.4 888.4 27.1
1068.2 890.1 28.9
1035.5 886.4 30.9
1010.8 887.6 32.5
993.4 889.0 33.8
930.9 888.7 35.9
913.9 893.7 36.1
1454.0 904.6 31.1
1395.9 908.4 33.3
1384.5 908.2 33.0
1311.0 909.3 27.1
1289.1 905.6 25.4
1244.3 904.2 22.9
1217.2 902.0 22.3
1198.4 901.1 21.9
1125.0 901.5 25.3
1079.7 906.5 28.0
1034.4 909.1 30.6
960.6 900.4 36.1
1443.0 915.1 31.4
1395.9 921.3 33.1
1379.4 920.7 32.4
1318.9 918.1 27.6
1199.3 923.8 20.6
1142.4 918.7 24.0
1116.0 921.3 25.6
1070.6 924.3 28.2
1036.0 919.6 30.4
974.1 919.7 34.8
945.5 917.9 36.9
916.0 922.6 36.7
1393.8 931.4 33.0
1384.4 932.4 32.6
1309.4 935.8 26.3
1227.3 935.1 21.0
1138.7 931.5 24.1
1129.5 939.0 24.4
1106.6 933.6 26.0
1079.3 931.9 27.6
1010.2 939.1 31.6
996.0 933.4 32.9
945.7 939.2 36.5
1398.6 950.5 31.3
1368.2 946.8 30.3
1196.7 945.1 20.8
1169.8 951.7 21.5
1145.9 952.6 22.8
1080.4 945.9 27.0
1036.5 946.0 29.6
987.7 950.0 32.9
917.0 952.8 35.6
1425.9 966.4 29.3
1383.1 967.6 28.1
1369.5 965.8 27.5
1331.6 968.8 24.9
1323.0 964.0 25.2
1295.8 968.5 23.4
1279.0 963.4 23.2
1227.5 961.0 23.1
1206.2 960.4 22.7
1067.4 964.9 26.8
1036.3 964.6 28.7
1024.1 969.6 29.4
964.8 966.1 33.3
902.6 961.4 33.2
1443.2 974.8 27.9
1326.0 979.3 23.4
942.0 982.0 33.0
912.0 984.3 32.6
994.8 992.1 29.2
958.4 993.7 31.1
949.5 995.2 31.4
930.7 992.3 31.9
901.1 998.5 30.2
-2445.0 -1195.7 19.6
-2486.4 -1202.9 19.6
-368.6 -4236.9 22.4
-350.9 -4215.6 22.5
-327.1 -4155.9 22.7
-319.6 -4119.9 22.9
-366.0 -4121.1 22.8
-238.7 -4102.1 23.0
-265.2 -4105.8 23.0
196.9 -4924.6 21.1
192.2 -4911.3 21.1
178.1 -4869.4 21.0
207.3 -4790.1 22.1
176.3 -4791.7 21.5
227.6 -4779.2 22.3
212.3 -4782.1 22.1
268.0 -4747.6 22.5
257.6 -4750.9 22.4
313.3 -4715.1 22.5
305.4 -4699.9 22.5
304.4 -4653.1 22.8
303.4 -4643.2 22.8
296.9 -4627.9 22.9
296.3 -4616.9 23.0
283.5 -4585.7 23.1
1921.2 5086.8 16.6
1884.7 5089.3 16.6
1778.4 5088.7 17.0
1875.8 5103.2 16.8
1855.6 5099.4 16.8
1898.9 5117.3 17.1
1839.9 5119.6 17.1
1885.7 5135.7 17.4
1871.3 5131.5 17.3
1830.2 5128.0 17.2
1814.1 5126.4 17.2
1794.5 5126.5 17.2
1915.1 5146.4 17.5
1872.5 5146.1 17.5
-3808.4 -3179.5 26.4
-3808.4 -3160.7 26.6
-3821.7 -3093.2 25.8
-3861.3 -3087.7 26.2
-3873.5 -3093.8 26.3
-3837.2 -3070.6 25.7
-3867.1 -3074.1 26.0
-3868.1 -3056.9 25.8
-3890.2 -3060.8 26.1
-3912.0 -3063.6 26.3
-3933.4 -3059.7 26.5
-3843.3 -3046.5 25.5
-3860.5 -3040.9 25.6
-3808.7 -3028.8 24.9
-3901.3 -3027.0 25.6
-3917.2 -3032.9 25.8
-3959.0 -3030.5 25.8
-3988.8 -3027.8 25.8
-3828.2 -3016.6 24.9
-3942.7 -3013.6 25.3
-3977.6 -3015.3 25.4
-4108.8 -3011.9 27.2
-3822.6 -3002.6 24.7
-3919.5 -3000.4 24.9
-3945.2 -2999.3 24.9
-3962.0 -3002.9 25.1
-4069.0 -2997.0 25.8
-3867.8 -2986.8 24.4
-3965.7 -2980.5 24.4
-3990.5 -2980.0 24.5
-4002.5 -2979.6 24.5
-4098.2 -2986.3 26.9
-3929.6 -2972.7 24.1
-4008.2 -2970.4 24.2
-4086.2 -2967.5 26.5
-3921.1 -2949.0 23.7
-3930.3 -2957.0 23.7
-4019.0 -2950.8 24.1
-4051.9 -2950.4 25.3
-4096.3 -2955.2 26.9
-4112.3 -2949.7 27.6
-3890.9 -2939.9 24.2
-3928.7 -2943.2 23.6
-4025.9 -2938.1 24.4
-4034.7 -2934.7 24.9
-4079.8 -2937.9 26.9
-4095.6 -2938.1 27.7
-4115.2 -2942.1 28.4
-3874.8 -2919.5 24.6
-3932.3 -2928.3 23.7
-3966.2 -2926.6 23.3
-4055.8 -2920.7 26.2
-3931.9 -2913.6 24.0
-3949.8 -2905.1 24.0
-4092.1 -2907.4 27.8
-3896.9 -2897.7 24.8
-3927.9 -2892.0 24.5
-3946.9 -2891.2 24.3
-3988.6 -2889.8 24.2
-4068.8 -2897.1 26.5
-3964.4 -2875.6 24.4
-4032.5 -2879.2 25.9
-4063.5 -2883.4 26.4
-3920.2 -2866.3 25.2
-3929.9 -2864.1 25.1
-3943.7 -2867.6 24.9
-3963.5 -2866.7 24.6
-3991.7 -2859.7 25.1
-4026.6 -2866.0 26.1
-3979.3 -2844.4 25.2
-3918.8 -2838.0 25.9
-4614.7 5262.8 24.4
-4662.8 5268.5 24.7
-4685.1 5279.8 24.5
-4706.0 5283.2 24.5
-4688.0 5299.2 23.8
-4615.3 5311.3 22.7
-4654.1 5330.3 22.3
-4671.7 5325.4 22.7
-4673.8 5346.2 22.0
-4699.3 5340.9 22.4
313.5 -461.3 21.7
