5008.3 858.9 69.0
4997.5 854.6 68.5
4931.6 856.5 68.8
4918.0 857.8 69.0
4910.8 856.0 68.8
4900.7 857.4 68.9
4865.4 855.7 68.7
4855.9 854.4 68.4
4827.0 858.7 68.5
4757.7 854.6 68.6
4998.8 869.3 70.2
4928.2 866.7 70.0
4906.3 865.0 69.8
4899.9 864.9 69.8
4886.0 864.2 69.7
4867.1 868.4 70.2
4856.0 864.2 69.6
4937.3 873.9 70.7
4915.7 876.3 71.0
4909.2 879.1 71.4
4895.3 875.1 70.9
4881.1 878.8 71.4
4839.6 875.9 70.9
4999.5 886.6 72.1
4981.6 889.1 72.4
4939.1 884.5 71.9
4919.8 884.1 71.9
4908.1 887.8 72.3
4899.9 883.7 71.9
4886.3 890.0 72.6
4876.1 888.8 72.5
4847.4 886.9 72.3
4837.7 889.5 72.6
4827.3 890.0 72.5
4998.2 897.0 73.3
4988.1 898.6 73.5
4979.9 898.4 73.5
4895.2 899.4 73.7
4886.5 893.6 73.0
4849.1 899.0 73.7
4838.3 898.3 73.6
4826.5 899.7 73.7
4990.3 909.8 74.7
4977.9 904.8 74.2
4910.8 909.5 74.8
4901.3 904.6 74.2
4878.8 909.5 74.8
4839.6 909.7 74.9
4830.2 907.0 74.6
4998.6 919.0 75.8
4978.0 919.1 75.8
4921.3 919.8 75.9
4880.4 915.3 75.5
4855.8 918.4 75.8
4848.5 917.6 75.8
4831.0 918.3 75.9
5000.0 927.9 76.8
4988.4 929.9 77.0
4921.4 928.1 76.9
4906.3 925.4 76.6
4888.0 928.3 76.9
4869.7 929.7 77.1
4847.1 928.5 77.0
5049.6 936.6 77.7
5038.0 937.9 77.9
5025.7 937.5 77.8
4925.3 933.6 77.5
4915.9 939.9 78.2
4897.7 936.8 77.9
4888.2 939.5 78.2
4879.1 939.5 78.2
4867.1 936.7 77.9
4847.8 939.3 78.2
4841.6 938.1 78.1
4819.5 937.2 78.0
5030.8 946.9 78.9
5019.2 947.7 79.0
4999.0 945.3 78.7
4986.1 947.5 79.0
4981.0 948.5 79.1
4968.5 946.4 78.9
4955.6 946.2 78.9
4920.6 948.1 79.1
4906.0 948.9 79.2
4890.6 949.4 79.3
4877.3 946.9 79.0
4837.4 945.9 79.0
4829.7 947.1 79.1
4816.6 946.5 79.0
5055.4 955.6 78.8
5047.1 953.7 78.9
5027.3 956.8 79.3
5019.2 955.5 79.5
5006.1 957.9 79.7
4990.3 954.9 79.8
4980.2 956.8 80.0
4971.1 958.9 80.3
4946.9 954.8 79.9
4925.1 955.1 79.9
4899.8 959.9 80.5
4890.2 957.5 80.2
4867.7 955.4 80.0
4861.5 953.6 79.8
4851.6 957.2 80.2
4827.6 953.8 79.9
4818.7 956.3 80.1
5045.9 967.3 78.9
5036.2 967.4 79.1
5030.4 964.0 79.2
5019.9 968.6 79.4
4985.5 967.1 80.1
4975.1 968.0 80.3
4969.5 965.5 80.4
4945.4 965.7 80.9
4919.8 968.6 81.4
4895.9 969.8 81.6
4877.9 964.7 81.0
4865.8 970.1 81.7
4837.5 966.1 81.2
5037.5 973.8 79.0
4977.0 975.6 80.2
4957.2 975.7 80.6
4945.1 975.0 80.8
4917.1 978.4 81.4
4909.3 978.2 81.5
4888.7 976.0 81.9
4856.5 976.0 82.3
4830.1 973.8 82.1
4820.0 976.1 82.4
4961.1 985.8 80.5
4931.0 985.7 81.1
4908.1 984.9 81.5
4878.9 988.2 82.1
4857.0 984.7 82.5
4847.5 988.5 82.7
4835.5 985.8 82.9
4825.3 985.6 83.1
4819.3 986.5 83.3
4880.6 996.3 82.0
4857.0 997.9 82.5
4840.4 1000.0 82.8
4816.6 999.1 83.3
4811.1 999.0 83.4
4861.4 1004.2 82.3
4838.1 1007.2 82.8
4818.0 1007.9 83.2
4819.9 1017.6 83.1
4453.6 603.3 39.0
4443.8 598.5 38.8
4472.0 608.9 39.2
4460.3 611.5 39.5
4450.9 610.5 39.6
4478.3 617.1 39.7
4529.8 647.2 41.2
4508.7 649.7 41.6
4493.8 649.6 41.8
4463.6 650.1 42.1
4457.8 652.1 42.3
4433.7 649.7 42.4
4495.6 660.8 42.5
4488.6 656.1 42.3
4478.1 657.4 42.5
4459.6 655.9 42.6
4448.7 659.6 42.9
4436.0 657.7 42.9
4426.5 655.9 42.9
4414.3 661.9 43.5
4466.3 668.6 43.4
4443.6 668.3 43.6
4408.0 667.4 43.2
4424.9 679.8 42.9
4408.0 681.1 42.3
4415.4 691.6 42.3
4404.7 691.9 42.3
4379.2 706.0 43.8
4329.1 756.9 49.5
4644.5 548.5 33.0
4657.1 495.6 27.0
4613.4 498.0 29.0
4613.9 507.7 30.0
4594.9 494.5 29.4
4663.3 602.5 37.8
4657.7 603.0 38.1
4657.2 632.6 41.2
4668.9 142.9 20.8
4758.8 164.7 19.7
4750.2 170.8 19.7
5015.6 346.6 16.0
5020.7 355.7 15.8
5012.0 354.0 15.9
5021.5 366.7 15.6
5011.6 369.9 15.6
5004.0 367.8 15.6
4982.1 367.4 15.7
4481.8 234.8 19.7
4481.6 244.3 19.3
4469.1 240.9 19.6
4411.8 253.3 19.9
4487.9 262.4 19.3
4481.7 260.7 19.1
4465.5 261.7 19.0
4446.6 275.2 19.0
4419.4 274.3 19.0
4472.2 727.6 47.2
4522.1 737.5 49.3
4489.8 733.4 48.0
4481.9 741.5 49.0
4510.2 753.9 51.3
4501.5 755.4 50.8
4530.8 764.9 55.7
4529.2 785.4 59.6
4519.7 784.5 58.4
4509.3 784.3 57.3
4505.1 781.5 56.3
4525.0 795.7 61.2
4529.7 814.7 65.5
4520.8 814.8 64.5
4513.7 816.4 64.1
4503.4 816.4 63.0
4509.7 824.6 65.3
4501.5 822.4 64.0
4484.9 823.4 62.4
4473.7 823.5 61.3
4463.4 820.5 59.6
4308.1 888.3 65.3
4308.2 897.8 66.3
4300.9 930.4 69.2
4302.9 936.6 69.6
4292.6 940.9 69.4
4299.6 947.6 70.1
4291.2 959.8 70.9
4288.6 967.4 72.2
4307.9 978.7 76.2
4293.4 981.2 75.5
4292.6 987.7 76.8
4322.6 997.2 81.3
4301.0 999.9 80.1
4279.4 999.7 78.3
4270.8 1002.2 78.1
4268.8 1008.3 79.2
4258.3 1029.9 82.9
4271.2 1050.9 88.5
4262.2 1050.2 87.6
4280.1 1060.6 90.6
4272.3 1071.6 90.1
4209.3 940.2 65.9
4230.8 953.4 67.5
4208.8 950.5 66.4
4231.1 960.6 68.2
4219.5 967.7 68.3
4208.6 969.5 68.0
4220.6 980.7 69.6
4211.3 990.1 70.5
4201.2 992.5 70.2
4201.5 1020.5 76.2
4200.0 1049.1 82.1
4816.0 -41.7 24.5
4815.9 -29.2 24.2
4809.7 -31.6 24.4
4800.4 -29.3 24.5
4789.2 -28.8 24.8
4776.2 -32.5 25.2
4811.6 -17.0 24.0
4788.2 -19.1 24.6
4776.4 -20.5 24.9
4771.3 -21.0 25.1
4826.2 -10.3 23.5
4801.5 -11.6 24.1
4779.1 -10.5 24.6
4766.2 -9.4 24.9
4762.2 -7.7 24.9
4838.7 2.1 22.9
4816.3 -1.4 23.5
4812.0 1.7 23.6
4800.7 0.5 23.8
4788.3 0.7 24.1
4820.7 10.2 23.1
4811.3 12.2 23.2
4800.2 7.6 23.6
4791.2 9.9 23.7
4779.6 9.4 23.9
4757.8 8.8 24.4
4745.9 11.8 24.5
4801.8 21.7 23.0
4776.9 16.6 23.7
4771.0 22.3 23.6
4741.8 18.5 24.4
4829.6 26.6 22.3
4818.3 32.6 22.3
4811.0 28.4 22.6
4802.1 30.4 22.7
4768.8 30.0 23.4
4846.1 36.8 21.6
4835.9 37.0 21.8
4819.6 39.1 22.0
4829.1 52.7 21.4
4810.8 51.6 21.8
4789.6 60.5 21.8
4757.4 62.9 22.4
4728.7 59.4 23.2
4788.1 69.4 21.5
4775.9 68.3 21.8
4765.8 78.6 21.6
4751.0 79.0 21.9
4612.8 -84.5 24.5
4590.5 -74.5 25.0
4634.4 -64.0 25.0
4620.1 -69.9 24.9
4611.2 -65.6 25.1
4605.7 -67.0 25.1
4595.6 -65.6 25.3
4645.2 -57.0 25.1
4621.2 -55.0 25.4
4600.0 -55.5 25.6
4591.5 -54.8 25.7
4586.4 -56.4 25.7
4621.2 -45.8 25.7
4591.0 -50.4 25.8
4585.9 -50.6 25.9
4612.3 -36.0 26.1
4633.4 -28.7 26.2
4612.9 -30.0 26.3
4654.5 -19.8 26.3
4665.2 2.6 26.6
4634.7 2.1 26.9
4622.9 -0.3 27.1
4621.1 14.9 26.5
4614.1 19.4 26.4
4582.5 35.3 26.1
4574.2 35.3 26.2
4591.5 39.8 25.8
4699.5 53.3 24.0
4690.2 59.1 23.8
4667.4 53.8 24.3
4708.6 67.3 23.3
4665.8 67.9 23.7
4658.4 65.2 23.9
4645.1 68.1 24.0
4635.4 65.8 24.2
4629.9 65.3 24.3
4601.2 64.6 24.7
4621.1 78.2 23.9
4609.1 74.6 24.2
4588.4 79.8 24.3
4716.6 89.5 22.2
4710.7 88.1 22.3
4679.2 88.8 22.7
4670.8 83.6 23.0
4654.9 87.3 23.1
4625.2 88.7 23.4
4587.6 85.1 24.1
4575.7 88.0 24.1
4565.6 85.3 24.4
4640.0 97.5 22.9
4610.7 98.4 23.2
4684.7 103.8 22.0
4670.2 109.1 22.0
4644.8 109.3 22.3
4688.9 117.4 21.4
4615.2 117.3 22.4
4630.9 129.5 21.7
4645.2 134.9 21.3
4605.0 137.4 21.8
4587.1 134.4 22.2
4635.1 144.9 21.1
4626.9 147.7 21.1
4615.6 149.5 21.2
4588.4 144.1 21.8
4616.2 153.4 21.0
4575.8 166.2 21.1
4560.2 166.0 21.3
4356.0 574.1 38.1
4354.2 581.3 38.6
4348.6 583.3 38.8
4360.0 592.7 39.3
4336.8 592.6 39.6
4325.3 614.7 41.2
4345.9 652.7 42.2
4337.2 649.1 42.2
4346.8 658.3 41.8
4337.9 659.4 41.5
4304.1 709.8 43.6
4978.8 257.4 16.7
4762.1 567.7 30.2
4779.5 574.0 30.2
4758.6 576.8 31.3
4790.8 586.6 31.0
4779.0 588.7 31.7
4770.6 596.7 32.9
4069.7 207.3 17.6
4169.6 223.1 18.0
4176.6 236.8 17.9
4207.8 244.4 18.0
4208.3 285.9 17.5
4206.8 292.5 17.4
4131.6 297.4 16.7
4121.9 293.9 16.7
4169.1 24.0 18.7
4165.3 22.4 18.7
4154.9 23.9 18.7
4201.1 33.4 19.0
4173.9 32.0 18.7
4189.6 43.9 18.8
4185.5 42.8 18.7
4195.4 56.2 18.7
4185.6 53.8 18.7
4150.1 55.8 18.5
4140.8 75.0 18.4
4140.8 86.1 18.4
4144.8 106.8 18.3
4144.8 112.2 18.3
4160.3 146.5 18.2
4154.2 146.3 18.2
4161.6 150.6 18.2
4160.8 166.8 18.1
4154.4 176.6 18.1
4155.5 186.8 18.0
4160.9 193.7 18.0
4153.9 196.1 18.0
4152.7 205.6 18.0
4163.0 214.9 18.0
4120.6 517.2 33.2
4222.4 526.0 35.9
4153.8 529.5 35.5
4163.2 539.7 36.6
4240.7 559.0 38.3
4223.5 555.6 38.1
4212.7 557.9 38.4
4158.7 554.5 37.8
4239.5 565.4 38.8
4232.5 567.6 39.0
4183.7 567.7 39.4
4173.3 567.3 39.3
4239.2 574.3 39.4
4220.4 573.6 39.5
4575.4 576.0 36.8
4595.2 589.9 38.2
4600.4 608.3 39.4
