-3699.9 5867.7 148.2
-3893.5 6170.6 165.1
4172.8 -753.6 142.3
-2467.8 -1724.4 133.0
-1408.1 7578.0 173.9
-1411.9 7579.7 173.8
2333.0 5471.5 157.7
2211.6 5570.3 166.0
2203.9 5585.5 167.7
2231.0 5612.0 168.4
2225.6 5621.6 167.6
2213.4 5637.1 166.1
2225.2 5610.7 168.3
2216.4 5635.2 166.3
2200.1 5674.2 164.1
2211.0 5680.8 164.5
2217.6 5681.8 164.8
-1409.9 7579.1 173.8
-3699.9 5867.7 148.2
-3711.7 -8401.9 95.9
-3710.4 -8416.9 96.2
-3709.0 -8431.8 96.2
-3707.6 -8446.7 96.1
-3706.2 -8461.7 96.0
-3704.8 -8476.6 96.0
-3700.4 -8488.8 96.0
-3685.6 -8491.6 96.3
-3670.9 -8494.4 96.6
-3656.2 -8497.2 96.9
-3629.3 -8502.3 97.5
-6477.4 197.7 125.5
-6538.7 196.2 124.2
-6545.5 215.0 124.8
-6732.2 206.5 125.1
-6544.9 225.3 125.0
-6577.7 227.6 124.6
-6562.5 240.1 125.1
-6739.7 239.4 127.5
-6764.4 243.3 128.8
-6777.9 242.9 127.9
-6786.9 243.2 126.6
-6968.3 244.2 120.9
-6493.6 254.1 125.9
-6552.9 260.0 125.0
-6621.7 258.3 124.3
-6667.4 256.4 123.7
-6685.0 260.3 124.7
-6703.3 251.6 125.6
-6739.8 256.4 127.7
-6926.2 259.6 120.7
-6983.9 258.9 121.0
-6461.4 271.7 126.1
-6563.1 274.7 124.8
-6635.5 275.2 124.0
-6748.5 271.4 128.0
-6770.4 266.0 126.9
-6981.7 266.0 121.0
-7002.3 273.1 121.0
-6479.1 281.2 125.7
-6569.5 286.9 124.7
-6594.0 283.6 124.6
-6638.1 286.4 124.0
-6745.6 281.4 127.5
-6785.0 287.9 124.4
-6801.5 286.2 123.4
-6852.7 285.0 120.3
-6860.5 290.3 120.3
-6909.9 290.4 120.8
-6957.4 284.3 121.1
-6504.7 303.3 125.2
-6579.4 296.0 124.7
-6609.8 302.6 124.5
-6703.7 296.4 126.1
-6718.9 304.3 127.0
-6846.1 298.8 120.4
-6882.9 300.2 120.5
-6895.8 300.2 120.7
-6906.8 295.7 120.8
-6938.9 301.6 121.2
-6950.8 297.8 121.1
-6458.6 314.8 125.6
-6486.5 313.9 125.4
-6530.4 313.1 125.1
-6577.6 312.3 124.7
-6654.1 312.1 123.8
-6685.8 319.6 125.3
-6731.3 311.0 126.5
-6769.9 312.1 123.8
-6789.0 317.3 122.2
-6861.2 310.8 120.4
-6996.5 310.7 121.0
-6449.1 327.7 125.7
-6520.9 328.2 125.2
-6643.9 328.8 124.1
-6674.1 326.3 124.7
-6681.7 328.1 125.2
-6746.0 330.9 124.2
-6789.2 329.5 121.6
-6899.5 328.7 121.0
-6935.7 330.6 121.3
-7028.8 334.1 120.6
-7047.8 334.5 120.2
-6489.8 348.5 125.4
-6523.9 341.9 125.2
-6579.7 346.4 124.8
-6730.9 349.2 123.9
-6786.9 346.3 121.5
-6848.4 348.2 120.8
-6865.3 342.9 120.7
-6879.0 342.4 120.8
-6986.7 347.7 121.2
-7028.4 345.3 120.6
-7045.0 345.1 120.2
-6441.9 362.0 125.3
-6455.0 364.0 125.2
-6478.0 359.6 125.4
-6493.0 355.8 125.4
-6507.1 357.3 125.3
-6515.0 358.4 125.3
-6564.2 358.8 124.9
-6609.7 356.8 124.6
-6641.9 358.8 124.3
-6668.0 355.6 124.7
-6839.0 360.2 121.0
-7062.3 364.3 119.9
-6473.4 380.1 124.8
-6493.8 375.0 125.0
-6531.0 379.2 125.1
-6554.5 371.7 125.0
-6597.2 378.8 124.7
-6611.8 375.1 124.6
-6709.9 378.1 123.4
-6757.0 379.4 122.1
-6830.1 372.9 121.2
-6876.0 378.2 121.1
-6898.8 372.8 121.4
-6937.0 378.7 121.5
-6954.8 380.3 121.3
-7031.4 372.2 120.5
-6403.7 388.5 125.4
-6447.2 392.9 125.0
-6461.7 392.4 124.8
-6597.6 390.1 124.8
-6607.8 393.1 124.7
-6664.8 392.9 124.9
-6711.6 388.4 123.2
-6792.3 388.8 121.6
-6819.2 392.9 121.4
-6831.0 389.0 121.3
-6884.2 395.4 121.4
-6912.8 386.2 121.6
-7076.2 394.6 119.5
-7147.5 390.8 118.1
-6403.6 410.2 125.1
-6418.6 402.8 125.1
-6472.4 407.3 124.6
-6531.7 400.6 124.4
-6568.9 408.7 124.4
-6625.0 407.2 124.6
-6656.5 408.4 124.6
-6680.6 403.9 123.8
-6776.0 403.7 121.9
-6786.9 405.0 121.8
-6877.1 403.4 121.4
-6938.5 402.0 121.5
-6987.2 404.9 121.3
-7129.7 409.1 118.4
-7165.2 407.7 117.7
-6325.6 422.0 125.7
-6449.3 421.8 124.7
-6457.4 418.7 124.7
-6478.9 419.1 124.4
-6507.3 417.3 124.0
-6531.7 424.9 123.7
-6545.3 423.8 123.7
-6566.4 423.4 123.9
-6728.8 424.2 122.4
-6762.7 422.5 122.1
-6787.1 416.6 121.9
-6897.6 418.8 121.7
-6956.5 421.0 121.5
-7057.6 420.3 119.9
-7077.9 416.3 119.5
-7088.1 419.0 119.3
-7103.1 420.7 118.9
-7130.3 420.0 118.4
-7163.1 415.7 117.7
-7197.0 424.8 116.5
-6280.4 438.4 126.3
-6293.3 435.8 126.1
-6368.5 433.6 125.1
-6475.5 439.7 124.3
-6666.4 439.8 123.8
-6733.3 436.7 122.5
-6741.6 435.3 122.4
-6831.3 434.9 121.7
-6859.9 432.7 121.4
-6912.3 436.1 121.9
-7002.2 435.9 121.1
-7011.8 434.9 120.9
-7042.1 437.0 120.2
-7057.2 430.8 119.9
-7078.3 431.3 119.5
-7107.0 432.6 118.8
-7133.9 436.6 118.3
-7167.7 438.6 117.6
-6338.6 453.2 125.5
-6358.4 452.4 125.2
-6410.6 453.9 124.6
-6431.6 451.8 124.5
-6443.6 453.4 124.4
-6459.6 453.7 124.3
-6538.6 453.4 123.4
-6550.9 445.9 123.2
-6568.9 445.6 123.1
-6614.6 449.7 123.3
-6622.6 454.3 123.2
-6635.6 454.2 123.2
-6743.9 453.0 122.5
-6909.4 452.4 121.9
-6953.3 446.5 121.5
-7001.0 454.2 121.1
-7120.8 454.7 118.5
-7160.9 446.9 117.8
-7178.9 449.0 117.4
-7196.1 447.9 116.5
-6293.2 460.6 126.1
-6340.1 464.7 125.4
-6385.5 461.2 124.9
-6428.6 470.0 124.3
-6458.9 468.1 124.2
-6561.2 470.2 122.9
-6611.1 467.0 122.7
-6652.1 462.9 122.9
-6833.3 463.1 121.9
-6852.0 469.2 121.8
-6878.9 463.8 121.9
-6924.6 466.7 121.8
-6966.2 462.1 121.6
-6986.4 469.4 121.4
-7018.2 460.5 120.7
-7079.2 462.3 119.4
-7106.2 467.6 118.8
-7152.9 463.7 118.1
-6282.4 485.4 126.2
-6297.6 480.9 126.0
-6325.0 475.7 125.6
-6402.0 479.2 124.6
-6449.2 479.7 124.1
-6457.4 476.9 124.1
-6508.6 479.6 123.6
-6534.7 481.3 123.2
-6702.3 476.8 122.8
-6804.3 480.0 122.3
-6822.7 476.4 122.1
-6846.8 481.5 121.9
-6866.7 477.0 121.9
-6875.1 479.4 122.0
-6914.1 477.2 122.0
-6925.1 481.0 121.9
-6965.2 476.7 121.6
-6981.6 477.7 121.5
-7030.5 476.3 120.4
-7049.6 476.2 120.0
-7093.1 476.4 119.1
-7109.0 476.7 118.8
-7136.9 479.8 118.5
-6297.4 495.3 126.0
-6417.7 493.3 124.4
-6552.3 497.8 122.9
-6569.4 496.2 122.6
-6591.4 500.4 122.6
-6687.7 498.8 122.5
-6696.4 495.9 122.6
-6816.4 493.9 122.3
-6830.2 499.2 122.2
-6860.7 491.9 122.0
-6925.5 497.1 121.9
-6969.0 497.8 121.7
-7033.5 496.1 120.4
-7092.0 494.3 119.2
-7153.1 496.2 118.6
-7161.4 496.1 118.5
-6338.4 509.0 125.4
-6355.4 513.4 125.2
-6369.1 507.7 125.0
-6379.8 505.8 124.9
-6440.4 507.1 124.1
-6458.0 515.3 123.8
-6476.7 514.4 123.6
-6580.2 509.6 122.7
-6596.2 510.9 122.7
-6729.4 511.7 122.6
-6785.8 510.2 122.7
-6808.6 510.2 122.5
-6951.1 511.1 121.8
-7017.2 509.6 120.7
-7094.0 512.3 119.4
-7165.3 505.8 118.7
-6312.4 526.3 125.7
-6380.7 521.5 124.8
-6403.3 528.3 124.5
-6412.3 529.2 124.4
-6560.1 527.4 122.9
-6710.5 526.5 122.7
-6744.5 524.5 122.5
-6806.7 521.1 122.6
-6835.3 525.7 122.4
-6860.2 522.5 122.2
-6982.0 527.3 121.4
-7030.1 525.2 120.4
-7062.9 523.1 119.9
-7116.8 528.3 119.3
-6456.5 542.0 123.9
-6518.7 543.6 123.1
-6638.1 543.6 123.0
-6656.0 542.3 123.0
-6793.6 544.9 122.6
-6853.5 539.7 122.3
-7079.5 537.0 119.9
-7109.5 544.4 119.8
-7130.4 537.3 119.7
-7160.2 538.6 119.5
-6354.8 555.0 125.6
-6432.1 555.4 124.6
-6454.8 558.6 124.4
-6484.8 552.6 123.9
-6605.8 551.0 123.2
-6763.6 554.7 122.8
-6820.7 555.4 122.7
-6839.4 558.8 122.6
-6909.4 557.4 122.2
-7010.4 558.3 120.9
-7031.1 559.5 120.7
-7055.1 553.1 120.3
-7078.1 559.2 120.2
-7144.7 559.4 120.4
-6283.2 571.6 126.2
-6298.5 572.7 126.1
-6335.3 569.9 125.8
-6387.1 570.7 125.4
-6404.2 567.7 125.2
-6416.5 570.7 125.1
-6461.3 570.3 124.7
-6534.3 570.5 123.5
-6654.1 566.3 123.2
-6794.3 573.4 122.8
-6821.2 571.1 122.7
-6868.1 573.6 122.6
-6896.8 571.5 122.4
-7013.4 570.9 121.0
-7047.8 570.4 120.5
-7057.2 569.6 120.4
-7107.9 567.6 120.5
-7151.0 565.9 120.5
-6250.7 584.7 126.4
-6340.6 581.9 125.8
-6358.1 585.6 125.6
-6396.8 586.0 125.3
-6433.8 587.3 125.0
-6456.4 590.2 124.8
-6866.6 587.4 122.5
-6929.3 587.3 122.2
-6958.3 582.5 121.9
-6966.9 584.9 121.7
-7000.5 584.1 121.2
-7016.9 582.4 121.0
-7064.2 581.2 120.8
-7070.0 581.7 120.8
-7134.3 580.5 121.0
-7153.9 580.9 120.6
-6230.8 602.0 126.4
-6290.0 597.9 126.0
-6312.6 599.3 125.9
-6354.8 595.7 125.6
-6369.7 600.6 125.5
-6475.0 603.2 124.6
-6620.4 595.8 123.6
-6683.7 604.6 123.5
-6897.8 599.3 122.3
-6958.1 603.4 121.9
-7018.3 605.1 121.4
-7048.4 595.6 121.2
-7161.7 602.7 120.6
-6281.3 614.0 126.0
-6441.3 620.1 124.9
-6476.0 617.6 124.5
-6656.9 616.7 123.6
-6670.9 619.0 123.4
-6896.5 620.3 122.0
-6906.2 611.9 122.1
-6956.9 611.9 121.9
-6972.2 610.9 121.7
-7063.8 614.4 121.8
-7076.1 610.9 121.8
-7102.4 616.8 122.0
-7120.3 616.3 122.1
-6218.8 632.1 126.3
-6411.3 626.9 125.1
-6428.7 630.6 124.9
-6448.4 631.8 124.8
-6464.1 633.7 124.7
-6791.2 626.4 122.5
-6799.6 630.9 122.4
-6818.9 632.3 122.2
-6898.0 634.5 121.8
-6950.5 634.6 122.4
-7029.8 625.5 121.8
-7085.7 629.6 122.3
-6215.6 650.0 126.3
-6250.8 648.5 126.0
-6324.3 648.7 125.5
-6413.6 649.8 124.9
-6462.4 641.0 124.7
-6622.4 641.3 123.5
-6730.5 646.1 122.7
-6764.3 642.7 122.5
-6954.0 643.0 122.4
-7033.6 647.3 122.0
-7042.2 645.3 122.0
-7076.6 642.7 122.4
-7088.2 644.6 122.5
-7117.5 643.1 122.7
-7150.2 643.9 122.1
-6223.1 665.0 126.1
-6265.4 664.3 125.9
-6308.6 660.6 125.6
-6324.9 656.8 125.5
-6353.1 655.8 125.3
-6369.2 663.2 125.3
-6770.6 655.9 122.3
-6837.1 656.4 121.8
-6893.7 658.9 121.5
-6997.9 658.3 121.7
-7025.4 659.9 122.0
-7076.0 664.2 122.3
-7090.7 659.7 122.4
-7118.1 656.3 122.5
-7163.6 661.5 122.2
-6246.9 674.4 126.0
-6260.9 674.9 125.9
-6339.3 679.1 125.5
-6355.1 679.8 125.4
-6385.5 675.9 125.3
-6414.0 679.2 125.1
-6456.9 675.3 124.9
-6642.6 676.4 123.0
-6937.8 675.4 122.5
-6974.3 670.7 121.6
-7103.3 675.5 122.2
-7162.3 671.9 122.4
-6235.1 692.9 126.2
-6339.0 687.8 125.6
-6368.6 691.3 125.4
-6401.5 691.3 125.3
-6444.6 688.0 125.0
-6485.2 693.1 124.7
-6852.0 690.5 121.3
-6921.5 693.7 122.3
-6952.5 687.0 123.0
-7039.9 687.3 121.8
-6340.2 706.1 125.7
-6355.4 708.1 125.6
-6380.7 704.7 125.5
-6399.7 706.0 125.4
-6460.1 709.5 125.1
-6473.7 708.9 124.9
-6787.2 703.0 121.7
-6987.4 704.3 121.5
-7003.4 703.8 121.4
-7032.3 701.7 121.5
-7048.9 709.0 121.4
-6231.6 720.3 126.2
-6292.0 720.7 125.9
-6458.1 717.2 125.1
-6475.9 723.5 125.0
-6791.2 716.1 121.7
-6854.4 719.3 121.3
-6969.5 718.5 122.3
-6986.5 715.7 121.8
-7027.4 725.3 121.0
-7094.1 725.4 121.4
-7103.0 717.7 121.5
-7151.4 720.7 121.8
-7163.8 722.3 121.9
-6233.9 739.6 126.2
-6251.2 738.2 126.1
-6328.0 732.3 125.8
-6382.7 740.1 125.6
-6401.0 738.7 125.5
-6411.5 732.0 125.4
-6460.7 736.6 125.3
-6689.1 739.7 123.5
-6922.1 739.2 122.8
-6953.5 730.9 123.4
-6966.5 740.1 122.7
-6997.5 738.2 121.8
-7048.7 737.4 120.9
-7148.6 735.9 121.6
-7213.4 739.4 122.0
-6194.4 752.7 126.4
-6291.2 754.1 126.0
-6322.7 746.0 125.8
-6337.5 755.1 125.8
-6364.7 755.1 125.7
-6384.6 745.6 125.6
-6414.6 751.5 125.5
-6793.6 748.7 123.0
-6808.1 753.1 123.1
-6935.5 750.8 123.3
-6957.5 751.5 123.3
-6973.1 749.7 122.9
-7029.6 751.6 120.9
-7047.7 750.4 120.9
-7057.5 747.8 120.8
-7116.7 752.8 121.2
-7196.0 747.6 121.7
-6201.6 768.8 126.4
-6219.4 769.7 126.3
-6309.2 769.4 126.0
-6320.2 769.7 125.9
-6440.3 768.4 125.6
-6473.4 763.9 126.2
-6794.4 761.5 123.6
-6815.0 762.5 123.4
-6997.3 767.2 122.5
-7040.6 766.1 121.3
-7105.4 768.5 121.5
-7145.1 765.9 121.6
-7178.5 761.0 121.6
-7225.9 769.4 121.9
-6185.4 783.6 126.5
-6205.3 783.1 126.4
-6230.6 782.5 126.3
-6284.1 780.2 126.1
-6308.3 778.1 126.0
-6343.2 778.8 125.9
-6428.1 778.3 125.6
-6490.2 776.5 126.8
-6987.2 783.6 123.3
-7092.6 778.5 121.7
-7121.8 784.8 121.9
-7135.4 785.4 122.0
-7175.2 784.0 122.0
-7189.6 785.1 122.0
-7222.4 776.6 121.9
-6174.0 794.5 126.4
-6248.8 794.1 126.3
-6274.7 791.7 126.2
-6329.4 797.0 126.1
-6373.6 799.1 125.9
-6399.2 796.7 125.8
-6426.9 794.3 125.9
-6487.3 797.6 127.2
-6500.0 796.2 127.4
-6846.3 793.4 123.8
-6910.9 793.1 123.1
-6984.5 790.7 123.5
-7030.8 793.0 122.2
-7078.7 796.5 121.8
-7088.3 797.1 121.9
-7116.4 792.8 122.1
-7165.6 800.1 122.2
-7182.1 798.8 122.2
-7240.4 792.1 121.4
-6187.0 814.7 126.2
-6292.8 809.3 126.2
-6324.9 806.4 126.1
-6356.1 811.6 126.1
-6400.5 808.0 125.9
-6484.7 808.6 127.3
-6867.4 808.0 123.7
-6927.7 808.1 123.7
-6968.5 807.5 123.9
-7129.8 813.2 122.6
-6185.3 828.6 126.0
-6250.0 821.7 126.1
-6262.6 823.8 126.0
-6293.3 826.9 126.0
-6313.0 823.9 126.0
-6321.7 823.4 126.0
-6352.6 827.1 126.0
-6426.5 824.8 126.5
-6489.6 826.9 127.8
-6509.3 828.6 128.2
-6983.3 822.2 124.1
-7058.4 826.8 122.7
-7084.7 821.3 122.5
-7105.6 827.5 122.8
-7145.9 825.2 122.8
-6205.8 845.2 125.7
-6219.7 845.3 125.7
-6324.6 844.6 125.8
-6353.3 836.0 125.9
-6410.7 840.0 126.1
-6937.6 837.7 124.3
-6973.7 845.0 124.5
-7059.4 837.6 122.9
-7119.0 837.9 123.0
-7153.8 844.9 122.8
-7160.1 839.6 122.8
-7179.7 842.8 122.5
-7220.6 842.4 122.0
-6206.3 850.6 125.7
-6276.0 855.1 125.6
-6298.3 852.3 125.7
-6325.9 850.5 125.7
-6400.7 857.5 125.9
-6493.7 855.6 128.5
-6921.3 851.2 124.4
-6998.8 850.7 124.0
-7028.8 855.2 123.3
-7041.5 850.7 123.2
-7074.8 858.8 123.2
-7136.3 855.3 122.9
-7212.5 853.5 122.2
-6156.2 871.7 125.4
-6222.6 874.5 125.4
-6264.0 871.2 125.4
-6314.4 872.1 125.6
-6350.8 870.8 125.7
-6389.1 873.2 125.9
-6404.3 867.0 125.9
-6477.2 875.2 127.8
-6492.6 872.1 128.3
-6953.8 872.9 125.0
-7001.9 874.4 124.1
-7026.1 871.4 123.7
-7058.0 870.7 123.3
-7073.4 871.4 123.1
-7182.9 867.5 122.5
-7225.5 868.5 121.7
-6259.9 886.9 125.3
-6284.3 885.4 125.4
-6383.4 888.7 125.8
-6397.2 880.6 125.9
-6878.8 888.5 125.9
-6989.3 885.7 124.5
-7025.9 881.7 123.9
-7107.3 884.7 122.9
-6280.4 898.2 125.4
-6310.8 903.3 125.5
-6354.9 903.1 125.6
-6366.3 905.1 125.5
-6386.9 895.5 125.8
-6403.1 904.7 125.6
-6609.6 896.3 130.9
-7000.6 903.1 124.6
-7019.1 903.5 124.4
-7059.7 905.3 123.9
-7152.0 895.8 122.7
-7159.9 900.5 122.6
-6229.8 915.9 125.0
-6253.4 920.4 124.9
-6290.0 914.9 125.1
-6336.3 919.3 125.1
-6399.5 916.2 125.6
-7041.3 917.1 124.3
-7076.0 912.5 123.8
-7093.1 911.2 123.6
-7169.2 916.7 122.8
-7180.5 916.3 122.6
-6157.6 930.5 125.1
-6279.8 931.7 124.7
-6337.3 934.9 124.7
-6373.7 934.0 125.3
-6380.2 932.7 125.4
-6448.1 933.1 126.6
-6487.5 928.1 127.7
-6727.6 928.6 130.6
-6912.9 928.6 126.4
-6935.7 927.7 126.1
-7000.0 926.0 125.1
-7104.4 926.9 123.7
-7167.0 925.8 123.0
-7183.8 926.0 122.6
-6232.6 948.0 124.2
-6249.0 942.1 124.4
-6282.5 946.9 124.3
-6327.0 945.4 124.7
-6338.8 943.8 124.8
-6351.2 941.5 125.0
-6412.9 945.9 126.0
-6441.5 946.9 126.5
-6643.4 945.0 131.2
-6955.3 942.2 126.3
-7002.9 949.8 125.6
-7057.3 948.6 124.7
-7073.9 944.3 124.4
-7116.5 947.7 124.0
-7154.4 940.8 123.4
-6263.2 960.2 123.9
-6312.7 962.6 124.5
-6365.9 962.2 125.4
-6381.4 955.9 125.6
-6472.2 959.8 127.4
-6998.4 956.7 125.8
-7012.9 956.5 125.5
-7060.9 960.3 124.9
-7168.7 965.5 123.6
-7183.3 956.8 122.8
-7197.6 958.3 122.2
-7210.6 960.9 122.1
-6217.6 972.0 123.5
-6238.8 977.8 123.5
-6248.2 976.5 123.6
-6669.7 975.6 131.4
-7012.6 977.7 126.0
-7031.5 976.6 125.6
-7047.7 977.2 125.4
-7101.5 977.4 124.8
-7180.0 979.1 123.1
-7208.8 972.0 122.1
-6233.8 989.8 123.2
-6275.0 995.5 124.2
-6328.7 994.8 125.0
-6335.2 987.8 125.1
-6430.8 986.6 126.6
-6852.7 990.5 129.1
-6958.6 991.0 127.3
-6970.7 994.2 127.2
-7019.2 993.5 126.3
-7032.4 995.2 126.1
-7060.2 986.5 125.4
-7152.2 992.6 124.5
-7178.3 987.0 123.2
-7191.6 986.7 122.5
-6267.3 1004.9 123.7
-6275.3 1005.6 123.9
-6323.6 1004.8 125.0
-6355.4 1002.0 125.5
-6372.6 1010.3 125.9
-6383.8 1010.2 126.0
-6403.4 1007.5 126.3
-6413.1 1003.6 126.5
-6430.7 1009.5 126.8
-6969.8 1001.5 127.4
-6996.1 1005.0 127.0
-6238.1 1016.7 121.3
-6404.0 1019.7 126.4
-6460.1 1015.5 127.3
-6955.4 1023.9 128.3
-7041.4 1018.9 126.6
-7117.5 1020.9 125.4
-6295.2 1030.7 123.5
-6335.9 1037.0 124.5
-6387.5 1035.5 126.2
-6460.2 1040.1 127.5
-6940.0 1037.0 129.0
-6954.1 1038.6 128.8
-6985.6 1034.2 128.0
-7019.5 1038.6 127.5
-7091.4 1038.1 126.2
-7107.8 1032.4 125.8
-6278.9 1045.5 122.2
-6328.1 1048.7 123.8
-6433.8 1045.9 127.1
-6880.7 1046.0 129.7
-6955.8 1049.5 129.2
-6985.9 1053.3 128.6
-6341.2 1065.6 123.5
-6380.2 1066.1 124.7
-6411.6 1066.9 125.6
-6794.4 1064.1 130.4
-6876.6 1062.9 130.3
-6941.2 1061.8 129.8
-6951.7 1063.9 129.8
-7044.0 1066.7 127.9
-7063.4 1061.7 127.4
-6294.5 1080.7 120.5
-6310.4 1080.2 121.9
-6336.7 1082.0 122.7
-6352.0 1080.0 123.3
-6425.5 1078.0 125.6
-6444.8 1078.4 126.3
-6823.1 1083.2 130.8
-6880.1 1082.6 130.9
-6908.1 1078.3 130.6
-6927.8 1084.9 130.7
-6941.2 1075.6 130.3
-6958.3 1085.0 130.3
-6982.0 1077.6 129.4
-7040.5 1078.9 128.3
-7064.0 1079.8 127.9
-7101.0 1075.8 127.1
-7122.0 1078.5 126.4
-6334.9 1096.5 122.0
-6366.7 1094.3 123.1
-6479.5 1094.4 127.0
-6523.7 1094.4 128.1
-6808.0 1093.9 130.9
-6822.9 1094.4 131.0
-6831.4 1094.6 131.1
-6973.4 1092.0 130.1
-7033.7 1099.5 129.0
-7058.3 1091.7 128.3
-7077.4 1095.5 128.1
-6311.3 1107.2 120.2
-6384.9 1114.4 123.1
-6942.3 1109.6 131.4
-6972.5 1112.6 130.8
-6982.1 1111.2 130.5
-7056.0 1113.2 129.0
-7094.4 1112.3 128.0
-6342.6 1130.4 121.8
-6381.5 1125.7 122.8
-6449.5 1121.0 125.4
-6456.4 1121.7 125.6
-6489.7 1122.5 126.4
-6790.0 1123.5 131.4
-6928.8 1122.4 131.9
-6953.4 1127.8 131.9
-7012.7 1124.3 130.1
-7033.5 1121.2 129.6
-7048.9 1121.7 129.4
-7077.3 1130.0 129.0
-7091.7 1124.0 128.1
-6342.0 1141.3 121.7
-6358.3 1144.7 122.2
-6397.3 1143.6 123.3
-6424.7 1142.5 123.9
-6488.8 1139.6 125.9
-6666.5 1143.6 130.6
-6817.3 1135.6 131.9
-6837.5 1142.1 132.1
-6879.8 1139.2 132.4
-6894.5 1138.1 132.5
-6908.0 1141.5 132.6
-6339.4 1160.0 121.6
-6395.7 1157.5 123.3
-6418.9 1150.8 123.8
-6479.1 1157.1 125.2
-6519.5 1156.8 126.0
-6531.9 1153.8 126.4
-6563.1 1151.1 127.1
-6581.9 1157.9 127.5
-6609.0 1160.1 128.3
-6775.5 1153.6 131.8
-6839.0 1158.4 132.5
-6927.8 1153.6 132.9
-7017.9 1159.0 131.2
-6357.7 1167.6 122.2
-6417.5 1166.5 123.8
-6434.4 1169.2 124.2
-6519.8 1166.6 125.6
-6575.8 1167.9 127.0
-6659.5 1173.2 129.5
-6805.5 1167.7 132.3
-6821.6 1170.3 132.5
-6877.6 1172.5 133.0
-6925.0 1174.1 133.5
-6957.8 1169.4 133.1
-6965.3 1170.8 133.0
-6987.8 1170.9 132.4
-7016.2 1167.5 131.5
-6449.0 1187.2 124.4
-6551.1 1186.1 125.6
-6597.5 1183.6 127.2
-6622.3 1182.9 128.0
-6725.6 1183.2 131.0
-6749.1 1182.7 131.5
-6759.9 1181.7 131.6
-6777.7 1186.4 131.8
-6912.7 1182.3 133.5
-6943.4 1186.0 133.8
-7011.0 1187.0 131.8
-6596.4 1198.8 126.9
-6613.2 1204.0 127.5
-6719.2 1204.8 130.3
-6748.5 1204.8 130.8
-6754.7 1196.0 131.2
-6829.7 1199.5 132.1
-6898.8 1199.6 133.1
-6924.3 1198.0 133.4
-6967.3 1200.8 133.1
-6984.0 1202.0 132.4
-6549.9 1214.3 125.9
-6561.8 1220.3 126.2
-6667.1 1217.6 129.0
-6679.6 1212.3 129.4
-6895.5 1217.9 132.5
-6459.7 1230.6 124.5
-6591.0 1228.2 127.0
-6614.4 1226.0 127.6
-6620.8 1227.6 127.8
-6674.1 1228.7 129.2
-6681.0 1228.1 129.4
-6704.5 1228.4 130.0
-6757.2 1228.3 130.6
-6506.5 1247.3 125.0
-6519.5 1249.5 125.1
-6539.2 1242.7 125.6
-6605.1 1241.3 127.4
-6700.9 1247.3 129.9
-6729.6 1243.2 130.6
-6777.5 1248.5 130.9
-6792.4 1250.3 130.9
-6596.7 1260.0 127.1
-6665.5 1258.2 128.9
-6698.6 1262.9 129.8
-6745.7 1265.2 131.0
-6569.5 1275.1 126.4
-6579.0 1278.1 126.7
-6599.3 1279.9 127.2
-6536.6 1287.3 125.5
-6546.8 1291.5 125.8
-6608.3 1289.2 127.4
-6654.6 1286.7 128.6
-6668.1 1289.6 129.0
-6689.4 1289.7 129.5
-6713.4 1290.1 130.1
-6590.7 1309.1 126.9
-6606.0 1301.7 127.3
-6666.7 1309.6 128.9
-6699.5 1304.6 129.8
-6522.7 1324.9 124.9
-6605.1 1317.5 127.3
-6605.6 1336.2 126.7
-6549.5 1353.9 124.4
-6649.9 1349.0 127.5
-6583.0 1365.7 124.8
-6625.6 1361.5 126.5
-6641.5 1366.1 126.8
-6655.5 1361.7 127.3
-6684.8 1367.5 127.9
-6589.9 1376.1 124.5
-6611.3 1377.8 125.2
-5831.2 817.9 129.3
-5957.8 833.6 127.4
-5743.1 847.7 129.2
-5898.2 844.7 129.0
-5938.6 841.8 128.0
-5981.0 845.8 127.1
-5787.4 863.2 129.8
-5799.0 857.1 129.8
-5926.5 861.6 128.8
-6003.2 860.7 127.0
-6014.3 864.1 126.8
-5731.9 871.5 129.3
-5741.1 878.5 129.4
-5760.3 875.9 129.6
-5784.8 872.6 129.8
-5860.5 871.2 130.6
-5776.4 887.0 129.9
-5877.5 887.1 130.9
-5889.1 893.7 131.0
-5911.0 893.0 130.4
-5668.1 903.5 129.0
-5717.9 906.4 129.5
-5739.5 904.1 129.7
-5806.1 907.2 130.3
-5889.4 905.9 131.2
-5973.2 905.5 129.2
-5732.1 923.0 129.7
-5836.3 923.2 130.8
-5922.1 920.8 131.1
-5972.3 922.6 129.9
-6116.3 918.5 126.0
-5671.5 934.6 129.3
-5695.0 935.3 129.5
-5727.5 929.4 129.8
-5742.2 932.5 129.9
-5754.2 929.8 130.0
-5802.6 937.6 130.6
-5815.3 932.1 130.7
-5908.9 936.8 131.6
-5936.5 929.6 131.1
-6012.4 937.3 129.4
-6107.9 934.6 126.8
-5652.4 950.0 129.2
-5742.5 949.3 130.1
-5763.2 951.5 130.3
-5773.2 951.4 130.4
-5818.4 948.7 130.8
-5934.5 950.1 131.9
-5972.1 949.4 130.9
-5983.6 944.8 130.4
-6009.0 952.6 130.0
-6118.3 946.6 126.9
-5717.5 960.3 129.9
-5783.8 963.4 130.6
-5822.5 966.4 131.0
-5860.3 964.8 131.4
-5907.4 968.7 131.9
-5987.9 969.2 131.2
-6011.8 963.9 130.4
-5671.0 978.5 128.9
-5699.3 983.6 129.4
-5898.3 980.3 131.9
-5912.8 980.4 132.1
-5980.1 980.4 131.8
-6046.7 975.6 129.9
-6102.6 976.6 128.5
-5740.4 995.7 129.9
-5761.4 997.8 130.3
-5815.6 998.4 131.3
-5845.6 999.2 131.6
-5923.7 998.4 132.3
-6011.4 996.3 131.6
-6074.7 993.9 129.8
-5672.2 1007.4 128.2
-5701.0 1010.8 128.7
-5740.4 1013.2 129.5
-5757.3 1011.4 129.9
-5861.3 1005.7 131.8
-5966.8 1013.6 132.9
-6033.0 1005.1 131.3
-6054.5 1006.0 130.8
-5725.7 1021.9 129.0
-5743.1 1021.8 129.3
-5807.0 1024.4 130.6
-5845.2 1025.1 131.4
-5880.1 1023.5 132.1
-5941.1 1024.7 132.7
-6030.0 1024.4 132.1
-6114.7 1022.4 129.0
-5696.1 1038.9 127.9
-5713.5 1040.2 128.2
-5763.0 1036.6 129.4
-5772.9 1035.3 129.6
-5920.1 1039.9 132.6
-5949.6 1034.7 132.9
-5967.1 1035.6 133.1
-6090.9 1038.6 130.4
-6130.3 1034.3 127.3
-5696.9 1053.1 127.6
-5711.9 1053.2 127.9
-5759.0 1055.2 128.8
-5807.5 1049.5 130.0
-6117.7 1051.0 126.5
-5776.7 1065.4 128.9
-5791.5 1069.2 129.1
-5808.4 1072.6 129.4
-5859.5 1072.9 130.5
-5891.2 1071.3 131.2
-5938.3 1068.6 132.2
-5964.2 1068.8 132.8
-6041.3 1064.4 133.1
-5703.0 1088.2 126.8
-5709.1 1084.9 127.0
-5769.7 1087.3 128.2
-5805.0 1082.6 129.1
-5866.1 1086.4 130.3
-5896.6 1088.9 130.9
-5924.1 1085.4 131.5
-5934.2 1086.2 131.7
-5985.6 1082.0 132.9
-6116.4 1085.8 122.8
-5747.2 1095.7 127.6
-5896.1 1095.0 130.7
-5938.3 1098.7 131.5
-6026.5 1101.7 129.8
-6042.4 1104.1 128.6
-6087.6 1095.4 125.0
-5792.4 1132.6 127.6
-5897.5 1133.8 129.8
-5928.6 1130.3 130.5
-5941.9 1128.6 130.8
-5970.9 1132.5 128.7
-6013.1 1130.5 126.7
-6032.1 1125.2 126.4
-6046.6 1130.0 124.9
-6060.2 1127.9 124.5
-5775.8 1144.8 126.9
-5801.7 1144.9 127.5
-5815.2 1145.9 127.7
-5834.7 1140.5 128.3
-5923.4 1144.4 129.7
-5940.1 1148.9 128.2
-6017.4 1145.7 124.4
-5744.0 1162.7 125.8
-5773.9 1158.7 126.5
-5808.0 1156.0 127.3
-5820.8 1156.5 127.6
-5919.7 1159.0 127.9
-5941.6 1154.7 127.3
-5859.6 1175.9 127.9
-5880.5 1172.6 128.2
-5889.8 1171.1 127.9
-5955.5 1173.9 124.0
-5970.4 1171.3 123.5
-5849.8 1192.2 127.2
-5924.6 1193.6 123.0
-5941.5 1193.7 122.1
-5966.2 1191.3 121.1
-5979.3 1190.1 120.5
-5789.7 1201.8 125.8
-5805.1 1200.6 126.1
-5837.0 1207.2 125.9
-5864.3 1202.9 125.0
-5882.4 1208.8 123.2
-5807.6 1223.5 125.3
-5815.6 1220.0 125.3
-5889.9 1214.6 122.0
-5791.8 1235.7 124.5
-5808.3 1229.4 124.5
-5814.1 1238.2 123.5
-5828.8 1231.0 123.1
-5820.3 1245.6 123.5
-5831.5 1251.4 123.2
-5808.4 1268.9 124.4
-5833.8 1268.1 123.5
-5881.1 1261.2 121.8
-5802.7 1275.6 124.8
-5820.4 1280.1 124.3
-5859.1 1295.9 123.3
-5889.7 1295.6 122.3
-5837.2 1306.2 124.4
-5876.3 1323.1 123.1
-5896.7 1322.8 122.3
-5859.2 1343.9 123.5
-5881.4 1340.1 122.7
-5880.5 1350.2 122.8
-5895.9 1401.9 122.8
-5906.8 1425.7 122.7
-6343.7 1260.3 121.7
-6361.2 1251.9 122.4
-6408.1 1254.9 123.6
-6349.4 1266.6 121.9
-6396.6 1270.4 123.4
-6285.5 1318.1 119.7
-6299.1 1315.7 120.3
-6268.8 1330.5 120.7
-6272.3 1347.9 122.7
-6275.1 1361.1 124.2
-6254.0 1379.4 123.4
-6179.8 1395.0 117.7
-6214.8 1394.9 120.4
-6243.6 1393.4 123.5
-6166.2 1409.3 118.0
-6179.1 1405.9 118.7
-6195.5 1401.5 119.5
-6169.8 1417.6 119.0
-6198.8 1418.0 121.3
-6162.0 1432.9 119.9
-6207.5 1437.8 123.9
-6148.6 1467.5 122.3
-6064.4 1492.4 123.1
-6088.5 1491.7 123.1
-6150.9 1499.3 125.6
-6165.0 1491.4 125.9
-6035.2 1509.4 124.6
-6061.5 1514.5 125.2
-6092.7 1514.4 125.6
-6150.2 1507.4 126.4
-6074.3 1523.9 125.7
-6042.2 1545.9 126.1
-6074.6 1560.2 127.1
-6445.3 6404.8 143.4
-6389.0 6420.6 143.3
-6414.9 6423.5 143.8
-6472.9 6421.2 143.9
-6385.7 6437.6 143.8
-6397.8 6440.1 144.0
-6444.0 6434.3 144.1
-6493.4 6438.4 144.4
-6507.6 6437.6 144.4
-6427.3 6456.4 144.6
-6444.2 6451.8 144.6
-6493.9 6450.1 144.7
-6507.1 6452.4 144.8
-6412.6 6465.4 144.8
-6494.9 6471.8 145.3
-6531.6 6468.4 145.3
-6463.3 6496.2 145.8
-6472.6 6499.3 145.9
-6492.3 6494.9 145.8
-6473.4 6515.8 146.3
-6492.9 6509.6 146.2
-6538.5 6511.4 146.4
-6555.7 6527.0 146.9
-6538.9 6544.6 147.3
-6550.2 6538.5 147.1
-6507.2 6556.3 147.5
-6532.0 6553.9 147.5
-5019.1 4490.9 141.4
-4987.9 4522.4 142.9
-5005.6 4523.5 143.1
-5018.0 4527.8 143.8
4367.6 -698.9 140.7
4302.6 -704.4 141.1
4285.7 -706.0 141.2
4247.5 -701.8 141.5
4392.2 -682.8 140.4
4295.3 -689.0 141.1
4241.3 -686.0 141.4
4226.6 -691.2 141.5
4212.4 -683.7 141.6
4406.1 -667.8 140.3
4378.8 -674.6 140.5
4278.6 -669.0 141.1
4384.7 -651.8 140.3
4367.6 -653.8 140.4
4335.3 -658.0 140.6
4320.2 -656.0 140.7
4279.4 -657.8 141.0
4247.8 -655.9 141.2
4212.4 -653.3 141.4
4400.0 -640.0 140.1
4381.0 -638.4 140.2
4366.3 -638.6 140.3
4272.0 -638.9 140.9
4259.8 -638.5 141.0
4203.4 -646.0 141.4
4382.2 -631.3 140.2
4305.6 -625.4 140.6
4257.2 -630.2 140.9
4247.9 -625.0 141.0
4390.6 -606.5 140.0
4355.1 -612.3 140.2
4217.1 -608.7 141.1
4376.2 -593.8 140.0
4346.6 -592.0 140.1
4324.3 -594.8 140.3
4286.5 -598.2 140.6
4226.4 -601.3 140.9
4204.3 -597.3 141.1
4399.3 -579.3 139.7
4378.0 -581.7 139.9
4348.5 -578.1 140.0
4288.0 -580.6 140.4
4277.9 -581.4 140.5
4349.6 -564.4 139.9
4330.7 -565.6 140.1
4307.8 -569.0 140.2
4335.1 -552.6 140.0
4291.4 -554.9 140.2
3656.0 -992.4 140.7
3643.5 -977.3 141.2
3688.5 -962.8 142.3
3662.0 -939.8 143.0
3652.8 -924.0 143.5
1189.5 -3727.6 128.4
1180.1 -3717.7 127.2
1159.0 -3713.4 126.3
1220.4 -3701.6 130.3
1115.4 -3698.2 125.2
1224.9 -3680.2 129.9
1174.6 -3687.2 126.6
1165.9 -3680.4 126.0
1147.2 -3683.9 125.6
1136.4 -3687.2 125.4
1120.9 -3686.0 124.9
1233.7 -3671.5 130.1
1075.5 -3666.1 122.8
1196.4 -3657.1 126.8
1145.2 -3657.9 124.9
1044.0 -3650.4 121.5
1478.5 -3641.0 132.4
1311.2 -3639.4 131.8
1294.8 -3639.4 131.7
1282.9 -3638.7 131.6
1256.5 -3633.7 129.7
1217.4 -3640.4 127.5
1209.6 -3638.3 127.2
1127.9 -3642.1 124.1
1112.0 -3635.1 123.5
1097.2 -3634.5 123.0
1090.4 -3642.3 122.9
1010.9 -3642.0 120.3
1449.3 -3621.0 130.3
1314.6 -3623.7 130.2
1282.9 -3624.1 130.1
1271.3 -3627.8 130.4
1251.8 -3620.8 128.7
1202.1 -3625.1 126.8
1196.2 -3628.0 126.5
1102.3 -3625.2 123.0
1086.6 -3619.8 122.4
1070.4 -3619.0 121.9
1432.9 -3610.8 129.3
1328.7 -3603.9 128.6
1313.4 -3611.7 128.9
1296.4 -3612.4 129.0
1255.2 -3604.5 128.5
1176.7 -3611.1 125.6
983.6 -3604.8 120.5
1480.1 -3591.8 126.6
1390.0 -3593.1 128.0
1341.1 -3594.3 128.1
1310.0 -3590.6 127.9
1284.5 -3589.8 127.8
1270.7 -3596.0 128.2
1223.5 -3594.4 127.2
1174.8 -3593.5 125.4
1117.1 -3597.3 123.1
1082.8 -3593.5 121.9
1061.7 -3589.9 121.2
1045.4 -3594.7 120.7
1504.1 -3578.2 125.8
1476.2 -3582.1 124.9
1457.3 -3575.9 124.4
1352.3 -3574.8 127.1
1323.9 -3574.9 127.1
1314.5 -3576.5 127.2
1294.6 -3579.1 127.3
1277.1 -3580.9 127.4
1221.3 -3577.4 126.6
1136.5 -3575.9 123.7
1086.4 -3581.1 121.8
1022.5 -3581.6 120.0
1540.5 -3560.1 128.8
1490.4 -3568.1 123.6
1336.9 -3564.9 126.6
1208.1 -3565.0 125.8
1175.9 -3564.5 124.9
1130.5 -3565.5 123.3
1029.9 -3559.8 120.2
1007.5 -3559.2 120.7
1562.7 -3548.6 130.3
1476.5 -3551.2 124.0
1464.6 -3549.8 123.4
1370.7 -3550.2 124.9
1359.0 -3545.7 124.9
1278.6 -3544.5 125.6
1250.8 -3544.3 125.6
1209.5 -3550.1 125.2
1193.2 -3552.6 125.0
1119.7 -3551.4 122.7
1045.9 -3543.9 120.1
1028.7 -3549.0 120.4
1541.8 -3530.9 129.3
1384.8 -3537.1 123.1
1359.0 -3529.5 123.3
1328.2 -3534.2 124.9
1308.4 -3530.6 124.9
1187.5 -3538.2 124.3
1089.5 -3537.7 121.4
1060.7 -3528.5 120.2
1502.2 -3522.0 127.7
1472.9 -3519.2 126.2
1389.7 -3522.8 122.4
1368.8 -3516.4 122.2
1325.8 -3522.2 123.7
1310.6 -3517.0 123.8
1266.6 -3514.6 124.1
1159.8 -3519.4 122.9
1059.2 -3517.8 120.5
1532.2 -3501.3 128.2
1374.7 -3499.4 122.3
1283.8 -3507.7 123.8
1238.2 -3505.2 123.6
1218.3 -3500.6 123.3
1180.6 -3505.8 122.8
1159.4 -3503.8 122.3
1564.7 -3484.3 128.5
1540.5 -3485.3 128.0
1521.6 -3484.0 127.7
1463.2 -3492.1 127.0
1451.3 -3486.2 126.6
1383.7 -3488.6 123.1
1325.0 -3489.1 121.9
1295.2 -3484.7 121.7
1232.6 -3485.5 122.7
1226.4 -3485.3 122.7
1193.0 -3491.1 122.4
1147.2 -3490.2 121.4
1113.1 -3483.9 121.2
1084.0 -3492.5 121.2
1465.7 -3471.7 126.4
1415.7 -3478.0 125.8
1357.5 -3473.2 122.6
1329.7 -3471.0 122.0
1150.9 -3476.7 120.9
1596.2 -3456.3 127.8
1563.6 -3457.6 127.9
1552.3 -3461.2 127.8
1435.4 -3461.9 125.7
1267.6 -3462.6 121.5
1202.4 -3458.1 121.2
1158.1 -3461.9 121.3
1121.5 -3454.8 121.9
1554.8 -3447.2 127.6
1537.7 -3441.1 127.2
1420.8 -3444.8 125.1
1388.4 -3447.4 124.6
1277.2 -3445.1 121.6
1262.1 -3445.6 121.5
1254.8 -3443.5 121.5
1147.4 -3441.7 122.0
1601.3 -3433.3 127.2
1541.6 -3427.2 127.0
1398.6 -3427.9 124.4
1356.1 -3426.5 123.6
1315.1 -3430.3 122.9
1191.5 -3425.6 122.0
1533.6 -3417.8 126.7
1502.3 -3410.0 126.0
1435.8 -3410.0 124.8
1400.2 -3411.8 124.1
1341.4 -3409.4 123.0
1328.1 -3417.6 122.9
1311.7 -3412.3 122.5
1277.8 -3412.6 121.9
1267.4 -3417.6 121.6
1236.0 -3413.4 121.9
1614.9 -3401.7 126.3
1547.5 -3396.8 126.2
1510.2 -3400.8 126.0
1426.8 -3397.7 124.4
1415.5 -3398.7 124.2
1341.0 -3402.6 122.9
1224.6 -3397.9 122.5
1599.4 -3382.7 125.8
1519.1 -3378.9 125.7
1420.3 -3384.5 124.0
1400.8 -3383.2 123.6
1361.1 -3387.6 123.0
1337.9 -3387.3 122.5
1325.2 -3386.0 122.3
1315.2 -3382.1 122.2
1297.8 -3386.4 122.1
1582.8 -3373.4 125.5
1569.1 -3372.0 125.5
1524.6 -3372.4 125.6
1386.0 -3366.5 123.1
1577.1 -3355.5 125.0
1535.0 -3348.5 124.9
1505.7 -3349.8 124.9
1418.7 -3349.1 123.3
1402.4 -3353.6 123.1
1337.2 -3350.8 122.8
1577.7 -3342.5 124.7
1569.3 -3335.3 124.5
1546.9 -3337.1 124.5
1525.8 -3338.1 124.6
1491.9 -3338.6 124.5
1412.5 -3339.9 123.1
1404.1 -3334.1 123.1
1368.3 -3335.5 123.1
1599.0 -3318.6 124.6
1566.9 -3321.1 124.2
1547.0 -3321.1 124.1
1524.8 -3324.5 124.2
1415.0 -3323.1 123.3
1403.3 -3319.5 123.4
1354.0 -3327.8 123.3
1344.3 -3320.2 123.5
1328.0 -3326.5 123.4
1313.6 -3318.7 123.6
1598.6 -3306.2 124.8
1539.3 -3308.3 124.1
1398.4 -3312.4 123.6
6781.3 4534.3 135.5
6772.7 4537.0 135.4
6765.8 4550.3 135.5
6739.8 4547.0 134.9
6726.4 4570.7 134.8
6724.4 4597.2 135.1
6709.3 4598.1 134.7
6689.3 4629.1 134.5
6710.3 4641.4 135.0
6679.8 4667.0 134.4
4742.7 4866.8 177.5
4728.7 4866.8 177.4
4735.8 4883.3 177.1
4688.3 4902.9 176.7
4692.1 4918.0 176.4
4692.2 4932.5 176.1
4657.2 4928.5 176.1
4628.0 4974.4 175.3
4599.4 4988.1 175.0
4609.6 5006.4 174.7
4601.7 5023.2 174.4
4524.4 5066.8 173.5
4537.1 5075.7 173.4
4521.8 5073.9 173.4
4496.7 5103.5 173.4
4387.4 5232.9 172.2
4369.9 5232.2 172.8
4371.6 5243.4 172.5
4360.3 5239.5 173.0
4322.6 5290.9 172.8
4328.4 5301.2 172.4
4297.0 5299.5 173.5
4299.2 5317.8 172.9
4280.2 5321.2 173.5
4284.1 5330.0 173.1
4271.5 5348.5 173.0
4251.9 5351.1 173.6
4252.4 5375.1 173.0
4233.9 5381.4 173.4
4208.0 5398.5 174.2
4226.3 5407.8 173.4
4203.9 5420.3 174.1
4181.2 5439.4 174.7
4129.6 5487.4 176.2
4129.7 5495.8 176.0
4058.0 5547.1 176.7
1302.6 -3586.4 127.7
1269.1 -3573.9 127.1
1257.0 -3578.1 127.3
1335.6 -3565.5 126.7
