-6915.8 8712.2 20.1
-6915.0 8708.7 20.1
-6797.5 8763.5 20.5
-6820.8 8777.3 20.4
-6840.2 8776.3 20.3
-6641.0 8683.7 22.3
-1804.2 5516.2 74.4
-1772.3 5535.8 75.5
-6826.6 8780.1 20.4
1781.9 4442.5 63.9
1777.5 4427.4 62.7
1742.6 4371.8 63.2
1764.5 4308.5 61.7
1656.7 3367.5 42.4
1709.9 3323.2 38.6
1682.7 3268.6 34.5
1723.4 3270.3 35.1
1771.4 3274.3 36.0
928.5 3146.9 28.6
955.6 3150.3 28.7
993.3 3151.8 28.9
1031.1 3154.4 29.1
1135.9 3200.5 30.9
1102.7 3162.7 29.7
-1723.1 6829.0 85.0
-5571.0 7720.1 43.8
-5544.2 7686.2 42.1
-5512.0 7548.7 40.2
-5500.9 7558.5 40.3
-5495.0 7565.1 40.3
-5483.9 7579.0 40.6
-5480.1 7587.1 40.5
-5477.8 7589.8 40.4
-5470.4 7596.6 40.4
-5435.2 7620.8 41.4
1408.6 3807.8 46.1
1413.7 3801.1 45.7
1508.1 3873.7 52.7
1529.3 3945.1 58.7
-4283.8 6884.2 49.1
-1602.0 5589.9 84.3
-5594.8 4483.7 21.4
-5578.5 4464.8 21.8
-5571.0 4457.6 22.0
-5546.8 4434.2 23.0
-5500.8 4188.7 31.3
-5474.0 4165.4 32.7
-5469.5 4160.5 33.0
-5461.8 4152.8 33.6
-5550.2 4153.5 31.6
6858.2 -4642.5 32.0
739.2 -6198.1 11.5
749.2 -6215.7 11.3
629.5 -5998.5 10.5
657.9 -6092.5 11.4
-5982.5 993.5 8.5
-5948.2 1184.3 10.3
-2767.2 -3491.1 9.5
-2435.8 -3353.5 8.7
-2826.9 -3239.3 8.9
625.3 -6007.8 10.5
642.9 -6111.7 11.0
-808.3 7414.1 90.1
-802.1 7413.6 90.0
-800.3 7412.3 90.0
-798.0 7412.3 90.0
-750.9 7518.3 93.5
-668.8 7450.7 94.5
-664.6 7439.7 94.5
-656.5 7420.2 94.6
-652.3 7410.9 94.9
6469.6 1789.0 58.7
-4805.5 449.6 11.8
-4762.0 483.6 12.0
-935.9 7478.1 92.7
-526.2 8087.9 83.5
-534.9 8083.0 84.0
-759.0 7789.6 98.3
962.8 3149.9 28.8
1000.9 3152.2 28.9
1151.7 3166.9 30.3
-6901.3 8675.3 20.1
-6909.0 8669.1 19.9
-6829.9 8772.1 20.4
-516.5 8145.1 82.2
-512.8 8137.9 82.5
6519.5 1499.4 55.1
6479.7 1810.3 58.9
6502.4 1635.0 54.2
6479.2 1712.8 56.2
-3162.9 -802.8 14.7
-3323.2 -787.7 12.4
-3370.7 -783.5 11.7
-3452.6 -778.0 10.5
-3467.0 -800.6 10.8
-3316.2 -814.7 13.0
6615.8 702.3 45.4
-3140.1 -804.2 15.0
-3195.4 -799.5 14.2
-3396.5 -781.0 11.3
-3441.9 -778.6 10.6
-3467.6 -778.2 10.3
-3358.3 -810.9 12.4
-1802.9 5544.0 75.3
-1776.5 5544.9 75.8
1416.1 3814.6 46.8
1661.0 3388.6 43.6
1715.5 3338.0 40.4
1668.0 3270.3 34.6
1742.3 3272.0 35.4
-5465.6 7599.9 40.4
-5222.5 7812.9 48.1
-5214.0 7804.0 47.7
-3387.2 -782.1 11.4
-1954.9 8058.9 93.7
-3190.4 -7303.6 58.3
-3217.5 -7335.9 57.6
-3241.0 -7347.7 57.3
-1084.4 7183.2 89.8
-1672.0 5612.2 81.7
-1754.6 5519.6 75.2
-5406.7 5464.1 48.9
-5423.5 5440.0 48.7
-5404.7 5449.1 48.5
-1593.5 5583.1 84.5
-1646.3 5696.9 79.4
-5395.5 5487.4 49.9
-5567.4 7710.2 43.2
-5428.2 7619.3 41.5
-5418.5 7617.8 41.5
-5217.1 7879.2 52.7
-4943.1 7818.9 51.7
-5574.4 4460.8 21.9
-5359.2 4056.7 37.7
-5407.5 4105.9 37.0
6460.0 1865.1 59.3
6608.1 657.2 43.9
6603.8 810.2 48.7
6584.0 871.7 49.2
6575.9 933.2 49.7
6587.3 952.9 50.4
640.4 -6057.5 10.9
708.7 -6151.6 11.9
725.6 -6204.4 11.1
-1182.9 -4251.8 9.7
1889.9 4302.4 63.0
1719.1 4013.8 59.0
1766.5 4260.7 64.0
-1194.4 -4294.0 8.7
-1511.9 -5157.7 22.5
-5961.5 1099.9 8.9
-6047.5 1013.8 8.3
-6044.5 1020.8 8.4
-4768.9 475.2 11.9
-4794.6 441.4 11.7
-4813.3 416.1 11.2
1669.1 3326.8 39.2
1714.4 3322.5 38.6
6531.9 1290.0 53.9
6541.5 1323.8 54.8
6506.6 1495.8 55.1
-5979.6 1098.4 8.8
-5943.8 1187.8 10.4
-5951.1 1180.1 10.2
-4182.6 -2396.0 21.1
-4150.6 -2377.0 20.3
-3187.6 -800.2 14.4
-3315.2 -788.4 12.5
-3363.1 -784.3 11.8
-3403.7 -780.7 11.2
-3421.7 -779.9 10.9
-3441.9 -802.8 11.1
-3416.2 -804.7 11.5
-3397.7 -807.3 11.8
-3334.1 -812.9 12.7
-3300.3 -816.4 13.2
-3212.0 -824.0 14.5
-3220.9 -823.1 14.4
-5481.8 4171.3 32.3
-5476.4 4348.0 26.7
-5588.1 4473.7 21.5
-5531.7 4420.4 23.7
6604.3 690.4 45.3
-3252.7 -7359.6 57.1
-3148.1 -803.8 14.9
-3171.1 -802.4 14.6
-3203.3 -798.7 14.1
-3210.8 -798.6 14.0
-3219.7 -797.7 13.9
-3227.4 -797.2 13.8
-3235.3 -796.6 13.7
-3251.3 -795.2 13.4
-3259.4 -794.3 13.3
-3267.8 -793.2 13.2
-3275.3 -792.6 13.1
-3283.3 -792.0 13.0
-3291.4 -790.9 12.8
-3306.8 -789.8 12.6
-3331.1 -787.4 12.2
-3339.3 -786.4 12.1
-3347.1 -785.5 12.0
-3354.9 -784.8 11.9
-3476.6 -777.9 10.2
-3484.8 -778.5 10.1
-3512.4 -786.3 9.8
-3450.0 -802.2 11.0
-3434.9 -803.2 11.2
-3426.7 -804.0 11.4
-3458.8 -801.2 10.9
-3376.2 -809.5 12.1
-3405.8 -806.7 11.7
-3325.7 -814.3 12.9
-3350.1 -811.9 12.5
-3366.1 -810.1 12.3
-3292.5 -817.2 13.4
-3284.3 -818.3 13.5
-3271.4 -819.5 13.7
-3263.3 -820.6 13.8
-3239.5 -822.4 14.1
-3247.0 -821.3 14.0
-3199.6 -825.4 14.7
-3173.6 -828.4 15.1
-3182.4 -827.0 15.0
-3144.3 -830.0 15.5
-2501.2 1482.8 73.7
-3312.9 -136.3 16.2
-3276.4 -818.9 13.6
-3033.3 -7168.0 55.2
-3184.9 -7301.1 58.4
-3165.3 -7348.4 57.4
-3197.6 -7314.7 58.1
-3219.4 -7327.2 57.8
-3205.5 -7327.4 57.8
-3266.1 -7349.6 57.3
-3248.1 -7348.0 57.3
-3200.0 -7375.4 56.8
-3318.2 -133.1 16.0
-2446.7 -3368.7 8.8
-3156.6 -803.1 14.8
-3242.8 -795.5 13.5
-3412.4 -780.9 11.1
-3432.2 -779.2 10.8
-3460.2 -778.0 10.4
-3492.5 -779.2 10.0
-3497.4 -781.0 9.9
-3382.5 -808.5 12.0
-3342.2 -812.2 12.6
6462.8 1841.6 59.1
6526.4 1335.0 54.5
1648.4 4263.9 78.0
-4176.1 -2401.6 20.9
-4159.0 -2381.6 20.5
-2783.9 -2932.9 6.0
911.9 3132.5 28.3
1732.7 3270.3 35.2
-4780.3 483.7 12.0
-5772.2 -1593.8 24.2
-2648.9 -2883.4 5.5
-3299.3 -790.1 12.7
-1946.7 -3229.9 5.8
-1999.1 -3295.1 6.5
-2293.1 -3230.5 6.2
-2497.4 -2846.0 7.9
-2021.5 -3143.9 5.8
-2002.1 -3121.2 6.5
-2393.4 -3297.1 7.7
-2849.6 -3232.2 8.9
-897.2 7532.7 93.6
-664.0 7336.0 92.8
-645.6 7399.0 96.5
-639.5 7367.4 96.3
1415.2 3807.4 46.2
1746.3 4249.7 67.1
1759.2 4259.0 65.1
1741.3 4378.0 63.5
1768.5 4307.9 61.2
-1699.9 6877.8 86.3
-1692.8 6833.3 84.6
-1868.4 5555.9 72.4
-1842.8 5565.9 73.7
-3053.6 -7166.5 56.5
-3052.5 -7179.0 56.5
6576.8 1034.2 51.3
6563.5 1037.0 50.8
1881.6 4312.3 63.8
1625.8 4192.8 76.7
1745.5 4072.0 59.4
1777.6 4264.8 62.3
1780.7 4437.0 63.5
1790.6 6231.7 107.5
-1228.7 -4331.7 8.9
-2545.0 -2815.6 8.8
-2354.3 -3246.0 6.7
-2366.1 -3260.0 7.0
-2378.6 -3276.9 7.3
-2779.1 -3254.7 8.9
-2759.2 -2924.7 4.9
-2553.0 -2884.8 5.9
-2354.0 -2839.2 5.2
-3179.4 -800.9 14.5
945.8 3148.8 28.7
1014.5 3153.7 29.0
1046.5 3157.1 29.1
1071.4 3163.9 29.3
1084.2 3164.6 29.5
1084.2 3196.8 31.0
1121.6 3198.7 30.9
1127.2 3166.5 30.1
1159.7 3166.9 30.3
-3379.0 -782.7 11.5
-3307.8 -816.1 13.1
-3255.5 -821.0 13.9
-5771.0 -1607.5 24.2
-6014.9 1034.4 8.6
-5487.4 4177.0 31.9
-4284.0 6885.4 49.2
-4035.8 6804.3 49.3
-5219.8 7808.1 47.9
-5202.8 7826.4 48.8
-4982.0 7797.9 50.9
-4974.1 7801.5 51.3
-4962.7 7808.2 51.7
-4958.0 7810.6 51.7
-4947.9 7815.8 51.7
-4928.8 7826.9 52.0
-5481.3 4357.7 26.4
-5557.3 4444.2 22.6
-5375.4 4074.3 37.8
-5400.3 4098.9 37.4
-5581.6 4467.7 21.7
-5563.5 4450.6 22.3
-5550.0 4436.6 22.9
-4282.9 6871.9 48.5
-4310.5 6934.6 50.0
-4040.0 6863.8 53.9
-4035.0 6855.7 53.6
-6538.4 282.5 9.8
1421.8 3807.8 46.3
1408.8 3814.2 46.7
1661.0 3394.5 43.9
-6044.6 992.0 8.2
-5942.8 1005.1 8.8
-5948.1 1082.2 9.0
-5946.1 1085.4 9.0
-5943.7 1090.1 9.0
-5947.0 1097.5 9.0
-5951.4 1093.8 9.0
-5953.7 1088.9 8.9
-5958.5 1089.7 8.9
-5960.5 1083.8 8.9
-5956.5 1076.7 8.9
-5961.8 1160.7 9.7
-6048.0 982.8 8.1
-6053.5 1039.8 8.5
-6020.4 1034.7 8.6
-6001.7 1029.8 8.7
-5965.9 984.3 8.6
-5956.9 1010.7 8.8
-5542.1 7678.7 41.7
-5540.2 7674.4 41.5
-5411.5 7620.4 41.6
-5177.8 7788.7 46.9
-5198.0 7795.3 47.2
-5202.1 7829.6 49.0
-5244.5 7728.0 44.7
-4938.1 7821.8 51.7
-4919.9 7831.8 52.0
-4786.3 475.5 12.0
-4775.0 465.7 11.9
-4793.4 467.1 11.9
-4781.4 458.0 11.8
-4787.9 449.7 11.7
-4799.5 458.6 11.8
-4800.8 432.3 11.6
-4811.9 441.8 11.6
-4817.8 432.5 11.5
-4820.4 408.0 11.1
-4824.5 423.6 11.4
6565.1 1129.5 52.5
6550.9 1137.0 52.0
6571.5 1078.1 51.8
6545.2 1182.6 52.5
6470.2 1888.1 59.4
6487.5 1647.1 54.3
6629.4 577.5 40.5
6617.2 570.6 40.7
6624.8 500.0 40.6
-2199.5 7972.3 93.2
-2188.4 7995.1 93.0
-2174.2 7978.6 94.0
-5523.0 4209.9 30.3
-5542.9 4430.6 23.2
-5535.8 4423.7 23.5
-5527.7 4417.2 23.8
-5402.7 4101.0 37.3
-4037.0 6859.8 53.8
-3506.0 -784.4 9.9
-3390.7 -807.6 11.9
6595.6 771.5 47.8
6592.3 912.3 49.9
-1690.7 6816.3 83.9
6553.5 1223.9 53.6
6538.6 1235.9 53.2
6547.1 1277.0 54.2
6535.5 1374.1 55.5
6512.7 1446.9 55.7
6527.0 1437.2 55.9
6500.1 1545.6 54.4
6508.3 1591.0 53.7
6494.2 1594.4 53.8
-758.1 7402.0 88.6
-686.1 7346.1 88.8
-681.7 7342.7 89.5
-674.5 7340.9 90.9
-664.2 7325.1 92.9
-664.6 7326.0 92.8
-661.7 7340.8 93.2
-2367.2 -2900.1 6.0
-1912.0 -3190.5 6.3
-1847.5 -3103.5 7.2
-2817.5 -3228.2 8.7
-2465.5 -3392.6 8.7
-2441.7 -3361.0 8.8
-2419.3 -3331.0 8.3
-2400.1 -3305.5 7.8
-2819.6 -3388.2 9.3
-1739.0 6950.0 89.5
-521.9 8089.8 83.4
-530.5 8085.8 83.7
-539.6 8080.9 84.2
-544.1 8078.0 84.5
-494.1 8010.7 90.5
6559.7 1175.1 53.0
1622.4 4249.9 80.2
1576.8 4196.9 79.1
1604.3 4205.3 78.7
1640.9 4209.4 77.5
1782.5 4265.6 61.6
1662.9 3348.8 41.4
1709.1 3323.2 38.6
1693.5 3267.5 34.5
1700.4 3268.0 34.6
1707.4 3268.0 34.7
1777.6 3274.5 36.1
-4924.4 7829.3 52.0
-4933.8 7824.1 51.9
-4978.1 7799.3 51.0
-5206.5 7798.4 47.4
-6914.8 8655.3 19.9
-6932.7 8710.1 20.0
1666.1 3337.2 40.1
1773.8 4411.3 61.5
-1052.1 -4669.6 10.8
-1162.6 -4264.3 9.2
-6035.2 1048.9 8.6
-3187.6 -7306.6 58.3
-5597.7 4487.7 21.4
-502.2 8007.3 90.7
-3020.3 8759.5 54.2
-553.3 8073.9 84.8
-3131.8 -804.7 15.2
-3178.3 -7364.8 57.1
-2775.7 -3249.6 8.8
-804.7 7413.8 90.0
-665.8 7444.2 94.5
-1650.8 5691.4 79.3
-1598.8 5587.4 84.4
594.8 -5980.4 9.8
-3186.4 -7369.0 57.0
-3206.6 -7320.0 58.0
4478.7 -6822.0 91.5
-548.8 8075.2 84.8
-5396.7 4095.9 37.6
-5584.5 4470.6 21.6
1406.9 3800.9 45.6
1762.1 4010.7 55.3
1675.7 3326.3 39.0
1682.5 3268.6 34.5
-5386.0 4084.5 37.8
-5393.1 4091.7 37.7
-5567.4 4454.1 22.1
1715.9 3269.0 34.9
1132.5 3166.9 30.2
1742.2 4246.7 67.8
1789.1 4267.3 60.6
6641.1 473.2 40.6
-1588.1 5579.3 84.5
-1658.9 5682.2 79.1
-1654.6 5686.3 79.3
-1854.3 5551.5 73.0
-1820.4 5546.0 74.5
-6823.9 8782.8 20.5
-3259.3 -7350.5 57.2
-3268.1 -7358.4 57.1
-3261.6 -7358.2 57.1
-3256.5 -7362.0 57.0
-3282.5 -7370.5 56.9
-3280.7 -7361.0 57.0
-4153.7 -2378.7 20.4
2030.6 -2092.5 92.7
1775.3 4419.8 62.0
1738.9 4384.5 63.8
-4910.6 7838.0 52.1
-5224.9 7882.8 52.8
-5561.1 7688.4 42.0
-4953.1 7813.5 51.7
-663.4 7324.2 93.0
-5446.1 7620.9 41.1
-5504.2 4192.7 31.1
-5591.6 4480.1 21.5
-5953.0 1173.5 10.1
-4310.5 6692.1 52.5
-5485.7 7576.6 40.6
1798.1 3276.7 36.6
1760.2 3996.4 54.9
-4806.8 424.4 11.4
-3194.2 -7096.9 62.6
-3177.2 -7326.1 57.9
-3243.6 -7338.6 57.5
1422.7 3813.8 46.8
1783.0 4448.6 64.5
6570.2 984.2 50.2
6557.4 1086.1 51.3
6521.1 1379.2 55.3
6624.3 620.2 42.2
-4774.2 493.4 12.1
-3199.4 -7321.3 57.9
-3249.3 -7340.6 57.5
6609.0 770.8 47.6
-5548.3 7695.5 42.6
-4966.9 7804.8 51.7
-5969.3 1165.8 9.8
-6051.1 996.2 8.2
6486.4 1759.7 58.5
6512.6 1554.0 54.2
6475.1 1743.8 57.6
6492.2 1716.7 56.4
-3655.7 4673.7 56.3
-3659.3 4671.0 56.3
-3663.9 4670.2 56.3
-3667.9 4671.4 56.2
-3671.1 4674.2 56.1
-3672.8 4678.3 55.9
-3672.4 4683.1 55.7
-3671.0 4685.8 55.7
-3666.9 4688.9 55.6
-3662.0 4689.6 55.7
-3657.1 4687.5 55.8
-3654.3 4683.8 56.0
-3653.6 4678.6 56.2
-3655.7 4673.7 56.3
-3629.8 4716.2 55.3
-3657.1 4687.5 55.8
-3705.7 4645.8 56.5
-3694.1 4655.3 56.3
-3671.1 4674.2 56.1
-6666.8 108.3 7.1
-6652.3 112.1 7.5
-6637.8 115.8 8.0
-6623.3 119.6 8.2
-6608.8 123.4 8.3
-6594.3 127.2 8.3
-6588.4 135.6 8.3
-6603.3 134.4 8.2
-6618.3 133.3 8.2
-6633.3 132.1 8.1
-6648.2 131.0 7.9
-6663.2 129.8 7.4
-6678.1 129.2 7.0
-6693.1 129.3 7.4
-6708.1 129.3 7.9
-6723.1 129.3 8.7
-6738.1 130.0 9.5
-6753.0 131.8 10.2
-6767.9 133.6 11.0
-6782.7 135.6 11.7
-6797.6 137.8 12.5
-6812.4 139.9 13.2
-6827.2 142.4 13.8
-6842.0 145.0 14.1
-6856.8 147.6 14.4
-6871.6 150.2 13.9
-6886.3 152.7 13.2
-6901.1 155.4 11.8
-6915.4 159.8 10.3
-6929.8 164.2 8.8
-6944.1 168.6 7.2
-6958.5 173.0 6.3
-6972.8 177.4 6.5
-6987.1 181.8 6.6
-7001.5 186.2 6.8
-7015.5 191.4 7.0
-7029.3 197.3 7.3
-7043.1 203.2 7.5
-7056.9 209.1 7.8
-7070.7 215.0 8.0
-7084.5 220.9 8.3
-7098.3 226.8 8.6
-7112.1 232.6 9.0
-7126.0 238.1 9.3
-7140.0 243.7 9.6
-7153.9 249.2 9.9
-7167.9 254.7 10.1
-7181.8 260.2 10.0
-7195.8 265.7 9.9
-7209.7 271.2 9.8
-7223.5 277.2 9.7
-7237.2 283.2 9.7
-7251.0 289.2 9.4
-7264.7 295.2 9.4
-7278.5 301.2 9.4
-7292.2 307.2 9.4
-7305.9 313.4 9.4
-7319.4 319.9 9.3
-7332.9 326.4 9.3
-7346.5 332.7 9.4
-7360.1 339.1 9.5
-7373.0 346.7 9.1
-7385.6 354.8 8.7
-7398.2 362.9 8.5
-7410.9 371.0 8.3
-7423.5 379.1 8.1
-7436.0 387.4 8.0
-7448.2 396.1 7.8
-7460.4 404.9 7.7
-7472.6 413.6 7.6
-7484.7 422.4 7.5
-7496.5 431.7 7.4
-7508.1 441.2 7.4
-7519.0 451.4 8.0
-7530.0 461.7 8.3
-7540.9 472.0 8.4
-7551.9 482.2 8.5
-7562.8 492.5 8.7
-7573.7 502.8 8.8
-7583.9 513.8 8.9
-7593.6 525.2 9.0
-7603.4 536.6 9.1
-7613.2 547.9 9.1
-7622.9 559.3 9.1
-7632.4 571.0 9.1
-7641.4 583.0 9.1
-7650.3 595.0 9.1
-7659.2 607.1 9.1
-7667.4 619.7 8.9
-7675.6 632.2 8.7
-7683.7 644.8 8.6
-7692.1 657.3 8.4
-7700.5 669.7 8.2
-7708.9 682.1 8.0
-7717.4 694.5 7.9
-7725.8 706.9 8.3
-7734.2 719.3 8.8
-7742.7 731.7 9.4
-7751.1 744.1 10.0
-7759.5 756.5 10.5
-7768.0 768.9 11.1
-7776.4 781.4 11.3
-7784.8 793.8 11.6
-7793.2 806.2 11.8
-7801.7 818.6 12.0
-7810.1 831.0 12.2
-7818.5 843.4 12.4
-7827.0 855.8 12.5
-7835.4 868.2 12.8
-7843.9 880.6 13.1
-7852.3 893.0 12.5
-7860.8 905.4 11.6
-7869.2 917.8 10.8
-7877.6 930.2 9.9
-7886.1 942.6 9.0
-7894.5 955.0 8.2
-7903.0 967.4 7.6
-7911.4 979.8 6.9
-7919.8 992.2 6.3
-7928.3 1004.6 6.0
-7936.7 1017.0 5.6
-7945.1 1029.4 5.5
-7953.4 1041.9 5.8
-7961.8 1054.3 6.1
-7970.1 1066.8 6.4
-7978.5 1079.3 6.7
-7986.9 1091.7 6.9
-7995.2 1104.2 7.0
-8003.4 1116.7 7.1
-8011.6 1129.3 7.3
-8019.8 1141.9 7.6
-8027.9 1154.5 7.9
-8036.1 1167.0 8.3
-8044.3 1179.6 8.6
-8052.5 1192.2 9.0
-8073.1 1196.8 9.2
6892.1 -1550.6 33.6
6901.5 -1562.2 33.4
6911.0 -1573.8 33.3
6920.4 -1585.5 33.2
6936.5 -1605.2 33.0
6979.2 -1667.3 32.2
6969.9 -1655.6 32.4
6960.5 -1643.9 32.5
6951.1 -1632.2 32.7
6941.8 -1620.5 32.8
6932.4 -1608.7 32.9
6923.1 -1597.0 33.0
6913.7 -1585.3 33.2
6904.3 -1573.6 33.3
6888.0 -1553.2 33.5
6973.3 -1651.6 32.4
6964.2 -1639.7 32.6
6946.6 -1616.4 32.8
6966.2 -1592.6 33.1
6962.3 -1578.1 33.2
6958.4 -1563.6 33.4
6954.5 -1549.1 33.6
6950.6 -1534.6 33.7
6945.7 -1516.4 33.9
-4998.2 7799.7 50.8
-671.0 7521.2 95.3
-675.1 7529.7 95.6
-663.0 7506.0 95.3
-669.1 7517.8 95.2
-676.4 7532.3 95.7
-685.1 7549.7 96.1
-613.0 8217.6 83.9
-593.0 8224.8 82.7
-572.4 8230.7 81.5
-510.7 8096.9 83.5
-495.9 8103.7 83.6
-506.0 8124.7 83.0
1561.8 3882.2 53.7
1576.7 3884.5 53.9
1591.5 3886.7 54.0
1606.3 3889.0 54.0
1621.2 3891.2 53.9
1636.7 3893.6 53.9
1908.0 4465.0 70.9
1919.0 4475.1 72.1
1930.1 4485.2 73.2
1941.5 4495.6 74.2
1752.3 4355.2 62.0
1706.2 4350.3 67.9
1743.8 4350.1 63.0
1667.2 4366.5 73.1
1680.2 4349.5 71.3
1699.3 4349.5 68.8
1541.4 3155.0 29.3
1526.4 3155.6 29.3
1511.4 3156.1 29.5
1496.4 3156.7 29.6
1481.4 3157.2 29.8
1466.5 3157.8 29.9
1451.5 3158.4 30.1
1436.5 3158.9 30.2
1410.5 3159.9 30.5
3995.1 -7004.8 77.6
4027.6 -6997.1 79.1
4036.1 -6995.0 79.5
4063.2 -6988.3 80.8
4072.8 -6985.9 81.2
4097.0 -6980.2 82.4
3413.1 -6977.1 33.9
3421.3 -6979.9 34.4
3435.4 -6983.4 35.4
-5287.8 1117.0 10.4
-5264.1 1139.6 10.8
-5241.9 1162.0 11.5
-5231.4 1172.3 11.8
-1345.8 -8678.4 22.0
-1311.5 -8680.7 20.9
-2716.8 7843.3 93.0
-2703.5 7850.2 93.4
-2690.2 7857.2 93.7
-2677.0 7864.2 94.0
-2663.7 7871.2 94.3
-2645.3 7881.8 94.7
-3408.0 -1979.2 10.0
-3413.7 -2005.6 9.9
-3415.0 -2011.5 10.0
-3419.5 -2032.6 10.3
-3422.7 -2039.3 10.2
-3674.3 -1933.1 8.9
-3659.3 -1932.8 9.0
-3644.3 -1932.3 9.1
-3629.3 -1931.6 9.2
-3614.3 -1930.9 9.3
-3599.3 -1930.1 9.4
-3584.3 -1929.3 9.5
-3569.4 -1928.8 9.6
-3554.4 -1929.4 9.6
-3539.4 -1930.0 9.6
-3524.4 -1930.6 9.7
-3509.4 -1931.3 9.7
-3494.5 -1932.4 9.8
-3479.5 -1933.5 9.8
-3464.5 -1934.3 9.8
-3449.5 -1934.1 9.9
-3420.4 -1933.8 10.1
-3113.2 -1374.1 8.7
-3104.5 -1386.4 8.5
-3095.8 -1398.6 8.3
-3087.1 -1410.8 8.1
-3078.4 -1423.0 7.8
-3069.6 -1435.2 8.1
-3060.9 -1447.4 8.7
-3052.2 -1459.6 9.4
-3036.9 -1481.1 9.9
2179.2 -7241.7 13.7
2187.3 -7254.4 13.8
2195.3 -7267.0 13.9
2203.3 -7279.7 14.0
2211.3 -7292.4 14.0
2219.5 -7305.0 14.1
2227.7 -7317.5 14.2
2236.0 -7330.0 14.1
2244.2 -7342.6 14.1
2252.4 -7355.1 14.0
2260.7 -7367.7 13.9
2268.9 -7380.2 13.9
2277.1 -7392.8 13.8
2285.2 -7405.4 13.8
2293.3 -7418.0 13.9
2301.4 -7430.6 14.0
2309.5 -7443.2 14.2
2317.7 -7455.9 14.4
2325.8 -7468.5 14.5
2333.8 -7481.1 14.5
2341.6 -7493.9 14.2
2349.5 -7506.7 13.9
2357.3 -7519.5 13.7
2365.1 -7532.3 13.6
2372.9 -7545.1 14.1
2380.7 -7557.9 14.5
2388.5 -7570.7 14.4
2396.6 -7583.4 14.0
2404.8 -7596.0 13.9
2412.9 -7608.6 13.7
2421.0 -7621.2 13.6
2429.1 -7633.8 13.4
2437.2 -7646.5 13.3
2445.3 -7659.1 13.2
2453.4 -7671.7 13.0
2461.5 -7684.3 12.9
2469.7 -7696.9 12.8
2477.8 -7709.5 12.6
2485.9 -7722.1 12.7
2494.0 -7734.8 12.9
2502.2 -7747.3 13.1
2510.5 -7759.8 13.4
2518.7 -7772.4 13.7
2527.0 -7784.9 14.0
2535.2 -7797.4 13.6
2543.4 -7810.0 13.6
2551.6 -7822.6 13.6
2559.6 -7835.2 13.6
2567.7 -7847.9 13.6
2575.7 -7860.6 13.6
2583.7 -7873.2 13.6
2591.8 -7885.9 13.6
2599.8 -7898.6 13.6
2607.8 -7911.2 13.6
2615.9 -7923.9 13.6
2623.9 -7936.6 13.6
2632.1 -7949.1 13.6
2640.2 -7961.7 13.6
2648.4 -7974.3 13.5
2656.6 -7986.9 13.4
2664.5 -7999.6 13.2
2679.3 -8023.8 13.0
2941.5 -8436.1 13.0
2928.4 -8443.4 13.1
2915.3 -8450.6 13.2
2902.2 -8457.9 13.3
2889.1 -8465.2 13.4
2875.9 -8472.5 13.4
2856.0 -8483.5 13.9
-4045.7 -637.7 8.8
-4058.4 -629.8 9.0
-4071.1 -621.8 9.2
-4083.9 -613.9 9.4
-4096.5 -605.9 9.6
-4109.5 -598.4 9.8
-4130.3 -588.0 9.7
-3936.2 -713.9 8.3
-3948.5 -705.3 8.2
-3960.8 -696.8 8.2
-3973.1 -688.2 8.3
-3985.4 -679.5 8.4
-3997.5 -670.8 8.5
-4009.8 -662.1 8.6
-4022.1 -653.6 8.6
-4037.5 -643.1 8.7
-4216.0 -539.1 7.4
-4195.4 -552.9 8.0
-4182.9 -561.3 8.4
-4167.3 -570.6 8.8
-4138.3 -584.2 9.5
-4307.0 -470.8 7.0
-4292.4 -486.1 7.1
-4280.4 -495.2 7.2
-4258.8 -509.9 7.3
3357.6 -5369.3 72.1
3363.3 -5374.3 71.4
3369.9 -5377.1 70.9
3377.0 -5379.2 70.5
3380.3 -5376.6 70.7
3381.9 -5369.4 71.5
3382.4 -5362.9 72.2
3317.7 -7061.4 29.2
3349.1 -7047.9 30.7
3302.5 -7067.3 28.5
3295.3 -7054.2 28.4
3288.0 -7041.0 28.3
3279.1 -7024.9 28.1
3597.0 -6811.9 48.3
3591.6 -6797.9 47.9
3586.2 -6783.9 48.1
3580.8 -6770.0 48.2
3575.3 -6756.0 47.8
3569.9 -6742.0 47.9
3564.5 -6728.0 48.1
3567.1 -6717.3 48.9
3510.7 -6733.2 42.9
3506.3 -6718.8 43.2
3502.0 -6704.5 43.5
3497.6 -6690.1 43.3
3493.3 -6675.8 43.2
3488.9 -6661.4 43.1
3484.6 -6647.0 42.9
3480.2 -6632.7 42.5
3475.9 -6618.3 42.3
3471.5 -6604.0 42.2
3463.7 -6578.0 42.2
3760.3 -6883.3 64.8
3775.2 -6881.5 66.4
3790.1 -6879.8 68.0
3805.0 -6878.0 69.5
3819.9 -6876.3 71.1
3812.5 -6864.0 70.4
3804.5 -6851.3 69.8
3793.3 -6833.5 68.9
3969.7 -6717.9 78.5
3983.5 -6711.9 78.9
3997.2 -6706.0 78.6
4011.0 -6700.0 78.3
4024.7 -6694.0 78.5
4038.5 -6688.0 78.6
4049.8 -6687.9 79.0
4055.3 -6701.9 80.0
4060.8 -6715.8 81.1
4066.3 -6729.8 82.0
4064.3 -6740.9 82.2
4051.0 -6748.0 81.9
4035.0 -6756.5 81.6
4086.2 -6584.6 74.0
4098.7 -6579.1 74.1
4117.4 -6571.8 74.4
4131.2 -6566.0 74.5
4145.1 -6560.2 74.6
4158.9 -6554.4 74.7
4172.7 -6548.5 74.7
4188.6 -6541.8 74.7
4104.1 -6587.7 74.9
4113.9 -6596.9 75.8
4123.5 -6605.9 76.6
4138.4 -6615.0 77.7
4152.1 -6619.9 78.5
4163.2 -6622.1 79.0
4176.5 -6624.3 79.6
4191.0 -6625.7 80.2
4200.8 -6626.7 80.7
4210.4 -6625.6 80.9
4232.5 -6622.1 81.5
4450.4 -6517.6 78.6
4447.3 -6503.0 77.2
4444.2 -6488.3 75.8
4441.1 -6473.6 74.3
4438.0 -6458.9 72.9
4434.9 -6444.2 71.5
4431.1 -6429.8 70.1
4425.0 -6416.1 68.7
4417.0 -6403.4 67.4
4408.2 -6391.3 66.4
4399.4 -6379.2 65.8
4390.6 -6367.1 65.1
4381.7 -6354.9 64.5
4372.9 -6342.8 63.8
4364.1 -6330.7 63.2
4355.3 -6318.5 62.5
4346.4 -6306.4 61.9
4332.6 -6287.4 60.9
4422.8 -6403.3 67.5
4413.9 -6391.3 66.5
4404.9 -6379.2 65.8
4396.0 -6367.2 65.2
4387.0 -6355.2 64.5
4378.1 -6343.1 63.9
4369.1 -6331.1 63.3
4360.2 -6319.0 62.6
4351.2 -6307.0 62.0
4338.6 -6290.0 61.1
4483.7 -6510.3 78.7
4485.0 -6488.2 76.7
4485.7 -6479.9 76.0
4484.9 -6464.9 74.6
4484.1 -6449.9 73.2
4483.2 -6434.9 71.8
4481.1 -6420.1 70.4
4478.9 -6405.3 69.0
4476.4 -6388.5 67.4
6699.2 -3727.2 54.9
6714.1 -3729.3 53.3
6728.9 -3731.5 51.7
6747.3 -3734.2 49.7
2946.2 1141.7 76.8
2963.4 1166.1 77.2
2970.0 1176.6 77.7
2975.0 1189.4 78.2
2977.5 1200.1 78.5
2978.5 1207.7 78.6
-3838.6 -1405.1 13.5
-3855.3 -1376.2 13.1
-3805.6 -1364.6 13.2
-3821.9 -1360.1 13.0
-3857.3 -1344.9 13.8
-3840.3 -1333.9 13.9
-3883.1 -1326.6 15.1
-3895.5 -1335.1 15.1
-3839.7 -1319.6 14.7
-3853.8 -1304.6 15.1
-3893.4 -1298.1 14.3
-3781.1 -1283.6 15.1
-3790.0 -1289.5 15.0
-3821.6 -1282.8 15.2
-3872.3 -1283.0 14.3
-3877.7 -1282.8 14.2
-3901.8 -1288.3 14.0
-3915.6 -1283.0 14.0
-3796.9 -1271.2 15.3
-3827.1 -1274.8 14.9
-3883.6 -1273.5 14.0
-3775.5 -1254.4 15.3
-3774.2 -1238.6 14.9
-3758.6 -1223.9 14.9
-3803.0 -1226.4 14.2
-3840.5 -1227.0 14.2
-3821.6 -1216.0 14.3
-3662.0 -1193.1 15.8
-3688.5 -1196.1 15.5
-3735.0 -1182.8 14.3
-3743.3 -1184.1 14.3
-3794.0 -1183.1 14.4
-3810.0 -1180.1 14.0
-3817.7 -1184.6 14.0
-3704.6 -1167.6 14.5
-3778.5 -1163.1 14.0
-3806.0 -1163.8 13.5
-3691.0 -1153.9 14.4
-3706.3 -1155.7 14.4
-3789.6 -1154.8 13.5
-3811.3 -1153.2 13.1
-3817.6 -1153.8 13.0
-3839.7 -1155.7 12.6
-3704.5 -1138.3 14.5
-3804.7 -1139.7 12.8
-3837.7 -1131.8 12.3
-3706.2 -1121.7 14.0
-3795.7 -1121.8 12.4
-3729.6 -1102.1 13.0
-3730.4 -1090.9 12.6
-3792.4 -1091.6 12.1
-3779.4 -1078.3 12.1
-3808.0 -1073.5 11.9
-3824.7 -1061.6 11.8
-185.0 -6458.1 17.1
-217.0 -6455.8 17.7
-83.1 -6438.0 14.4
-198.5 -6442.3 18.2
-228.2 -6434.2 17.4
-243.1 -6442.1 17.5
-92.2 -6426.2 14.7
-201.8 -6428.2 17.5
-213.5 -6423.4 17.1
-228.8 -6428.0 17.1
-284.8 -6427.9 16.3
-79.5 -6405.5 14.2
-186.2 -6404.9 16.7
-197.5 -6407.6 16.6
-291.6 -6410.0 15.4
-108.3 -6397.5 15.1
-96.2 -6380.1 14.7
-106.3 -6375.5 15.0
-165.7 -6377.1 15.7
-186.5 -6378.7 15.5
-203.2 -6379.1 15.3
-255.5 -6377.4 14.4
-164.6 -6362.2 15.1
-233.0 -6362.1 14.3
-244.8 -6365.3 14.3
-287.9 -6361.6 14.6
-317.7 -6365.5 14.7
-124.3 -6349.1 15.0
-157.3 -6348.9 14.6
-183.6 -6343.8 14.2
-247.0 -6345.5 14.5
-300.0 -6348.1 14.8
-316.8 -6345.1 14.9
-90.1 -6334.1 14.4
-104.1 -6332.7 14.6
-259.2 -6337.9 14.7
-287.9 -6333.1 15.3
-329.1 -6336.1 15.6
-351.3 -6335.2 16.0
-32.5 -6321.7 13.2
-47.3 -6315.0 13.4
-142.0 -6318.4 14.2
-155.0 -6322.8 14.2
-167.2 -6318.2 14.5
-309.0 -6320.1 16.3
-329.7 -6314.1 17.0
-143.0 -6304.1 15.0
-197.4 -6305.4 15.7
-246.1 -6300.1 16.7
-261.9 -6302.2 16.8
-334.5 -6308.4 17.4
-365.1 -6303.1 18.2
-31.5 -6285.2 13.4
-155.6 -6292.1 15.9
-172.4 -6287.6 16.4
-194.4 -6293.3 16.4
-260.4 -6289.5 17.6
-322.0 -6288.8 18.5
-62.2 -6277.0 13.5
-173.6 -6273.6 16.8
-243.7 -6272.1 18.4
-277.8 -6274.3 18.7
-287.6 -6271.0 19.1
-398.9 -6275.8 19.2
-77.0 -6256.2 13.5
-111.1 -6258.3 14.2
-140.7 -6259.9 15.3
-156.9 -6257.8 15.9
-164.2 -6256.7 16.1
-201.7 -6255.8 17.4
-225.7 -6257.8 18.3
-275.8 -6262.1 19.4
-299.2 -6262.5 19.7
-382.7 -6254.4 21.1
-390.3 -6263.0 20.3
-31.9 -6245.6 13.1
-62.5 -6245.5 13.3
-76.7 -6240.7 13.3
-143.5 -6240.4 15.1
-151.8 -6245.7 15.5
-168.4 -6245.2 16.0
-240.3 -6241.7 18.6
-381.7 -6247.6 21.4
-23.9 -6230.8 13.0
-63.6 -6225.1 13.1
-169.6 -6225.7 16.1
-187.5 -6231.9 16.7
-199.1 -6225.4 17.1
-332.0 -6224.1 21.7
-350.5 -6233.5 22.2
-59.8 -6209.9 13.0
-94.6 -6217.8 13.5
-289.1 -6214.1 20.7
-347.9 -6211.4 22.0
-364.8 -6211.2 22.3
-419.7 -6209.3 20.7
-438.1 -6218.3 19.7
-458.8 -6211.0 18.9
-44.0 -6201.4 12.9
-137.4 -6201.2 15.9
-165.1 -6196.4 17.1
-186.6 -6199.4 17.7
-196.0 -6203.5 17.9
-261.4 -6203.1 20.2
-319.0 -6203.1 21.2
-347.2 -6196.3 21.3
11.9 -6185.4 12.4
-37.5 -6183.9 13.6
-68.1 -6180.6 14.6
-90.3 -6183.1 15.1
-149.9 -6180.2 17.4
-166.7 -6186.7 17.7
-216.6 -6186.7 19.0
-228.8 -6183.0 19.0
-248.5 -6185.3 19.4
-270.1 -6179.0 19.4
-286.4 -6183.8 19.8
-336.7 -6183.1 20.5
-457.4 -6183.9 18.3
-468.1 -6184.9 18.0
-20.5 -6168.6 13.9
-65.4 -6164.0 15.4
-111.2 -6171.9 16.4
-140.4 -6168.2 17.1
-185.7 -6164.2 17.5
-202.4 -6169.5 18.0
-229.0 -6173.5 18.6
-412.1 -6173.5 18.8
-435.0 -6164.5 17.7
9.2 -6156.4 13.8
-7.6 -6152.1 14.4
-17.8 -6157.7 14.4
-127.5 -6153.0 16.2
-198.7 -6149.8 17.0
-244.6 -6149.6 17.7
-278.6 -6155.5 18.4
-303.0 -6151.5 18.6
-367.9 -6154.7 18.9
-398.9 -6157.2 18.2
-413.7 -6153.6 17.6
-456.7 -6155.2 16.6
-471.7 -6154.7 16.2
-512.5 -6153.7 15.0
-530.8 -6154.3 14.9
0.2 -6136.5 14.7
-36.4 -6137.3 15.4
-353.8 -6134.6 18.1
-50.2 -6125.3 16.0
-62.3 -6125.3 16.3
-83.7 -6120.0 16.8
-122.1 -6126.6 16.5
-136.9 -6118.9 16.4
-225.1 -6124.7 16.2
-321.1 -6124.0 17.7
-378.1 -6120.7 16.6
-449.7 -6120.7 14.8
-468.0 -6123.8 14.7
-499.4 -6121.7 14.6
-517.9 -6125.0 14.6
-33.0 -6106.9 16.0
-48.3 -6104.0 16.4
-184.0 -6107.7 15.4
-263.4 -6112.5 16.2
-427.5 -6112.5 14.8
-480.7 -6111.2 14.5
-81.5 -6096.6 17.3
-90.0 -6098.0 17.4
-107.2 -6096.8 17.8
-155.4 -6093.3 16.8
-232.1 -6092.5 14.8
-245.1 -6095.7 15.1
-468.9 -6093.1 14.5
-59.8 -6078.7 16.7
-91.7 -6080.7 16.8
-154.5 -6076.0 15.8
-216.2 -6083.2 15.5
-247.3 -6082.6 14.6
-264.0 -6080.6 14.7
-308.9 -6079.2 15.6
-322.1 -6081.3 15.8
-360.6 -6077.3 14.5
-496.6 -6080.7 14.4
-109.1 -6067.7 15.5
-143.5 -6064.9 15.7
-334.7 -6065.2 14.5
-435.2 -6064.0 14.3
-449.0 -6064.2 14.3
-470.9 -6066.6 14.4
-63.7 -6053.6 14.7
-231.7 -6052.3 15.1
-248.9 -6052.3 14.8
-330.5 -6047.3 14.2
-375.0 -6052.8 14.2
-392.8 -6047.7 14.2
-405.4 -6050.5 14.2
-502.4 -6046.7 14.3
-274.3 -6037.8 14.8
-362.9 -6033.3 14.2
-389.6 -6031.8 14.2
-419.5 -6030.2 14.2
-259.5 -6015.1 15.0
-273.2 -6016.2 15.1
-314.7 -6020.9 14.5
-367.0 -6021.8 14.2
-374.7 -6014.1 14.3
-424.5 -6020.4 14.2
-286.6 -6006.3 14.9
-321.3 -6001.6 14.8
-390.5 -6002.8 14.3
-467.1 -6006.5 14.2
-299.3 -5989.7 14.6
-395.2 -5993.3 14.3
-390.3 -5976.6 14.4
-412.4 -5969.4 14.3
2244.2 -7959.9 10.0
2205.5 -7963.7 9.7
2239.3 -7945.1 10.1
2213.1 -7919.7 10.7
2191.5 -7913.8 10.9
2250.7 -7906.7 11.0
2226.3 -7905.3 11.1
2300.3 -7884.8 11.6
2230.2 -7884.2 11.7
2198.0 -7884.6 11.7
5867.2 -2649.5 97.6
5942.6 -2633.5 91.6
5874.0 -2634.3 97.0
5954.5 -2624.0 90.4
5993.1 -2608.1 88.2
5942.6 -2608.3 91.3
5991.1 -2588.1 88.0
5973.8 -2579.8 88.5
-4227.5 -4378.6 22.2
1046.0 5289.8 88.3
-3496.2 -740.6 9.6
-3499.8 -706.9 9.5
-3530.5 -682.5 8.9
-3493.3 -650.2 9.6
-3530.0 -645.2 9.3
-3480.9 -637.5 9.8
-3512.9 -635.6 9.8
-3485.7 -620.4 10.1
-3516.8 -623.1 10.4
-3501.5 -607.6 10.6
-2560.4 -1171.0 13.9
-2562.7 -1146.7 13.9
-2778.4 -722.0 36.9
-2789.1 -707.1 37.6
-2792.4 -697.8 37.9
-3601.7 -1218.3 13.7
-3610.2 -1211.3 14.4
