-5389.1 -6979.4 8.2
-5434.1 -6943.8 7.9
-5427.7 -6918.8 7.7
-5433.9 -6924.1 7.8
-5459.3 -6966.1 8.4
-5139.9 -7435.7 4.6
-5150.2 -7430.8 4.8
-5155.9 -7430.1 4.9
-5171.4 -7409.4 5.5
-5180.0 -7406.0 5.6
-5159.8 -7399.0 5.5
-5181.5 -7401.7 5.7
-5150.4 -7390.1 5.6
-5159.2 -7387.9 5.8
-5159.5 -7380.5 5.9
-5219.5 -7381.3 6.0
-5219.3 -7371.2 6.3
-5080.3 -7360.6 5.6
-5218.1 -7360.4 6.7
-5100.8 -7350.3 6.0
-5117.3 -7347.3 6.2
-5128.0 -7347.3 6.3
-5135.8 -7351.5 6.3
-5055.7 -7335.9 5.8
-5076.6 -7340.1 6.0
-5105.8 -7341.4 6.2
-5116.4 -7336.0 6.5
-5129.4 -7337.2 6.6
-5221.4 -7339.9 7.2
-5229.9 -7341.5 7.2
-5051.4 -7328.0 5.9
-5071.8 -7329.0 6.2
-5098.5 -7328.3 6.4
-5119.4 -7327.8 6.7
-5168.4 -7331.1 7.1
-5068.3 -7316.0 6.4
-5088.9 -7320.3 6.5
-5156.8 -7321.0 7.2
-5170.0 -7321.1 7.3
-5065.7 -7308.1 6.6
-5119.8 -7310.6 7.0
-5146.4 -7308.8 7.3
-5156.5 -7307.7 7.4
-5165.5 -7306.5 7.5
-5148.8 -7301.5 7.5
-5156.0 -7301.2 7.6
-5169.7 -7296.9 7.8
-5178.9 -7297.0 7.9
-5132.0 -7286.8 7.6
-5151.1 -7291.5 7.7
-5157.3 -7291.3 7.8
-5167.0 -7288.2 7.9
-5202.1 -7291.0 8.5
-5119.3 -7279.3 7.7
-5127.3 -7281.9 7.7
-5141.9 -7277.7 7.9
-5160.9 -7278.2 8.1
-5178.7 -7277.6 8.3
-5191.2 -7277.2 8.6
-5126.6 -7271.8 7.9
-5166.3 -7259.1 8.5
-5169.5 -7248.2 8.8
-5685.5 -6738.0 7.1
-5670.5 -6715.9 7.2
-5696.7 -6719.0 7.2
-5659.7 -6705.7 7.1
-5685.0 -6705.2 7.3
-5695.0 -6705.8 7.4
-5709.9 -6710.7 7.3
-5681.3 -6698.0 7.3
-5685.4 -6695.9 7.3
-5719.8 -6698.6 7.5
-5719.7 -6690.3 7.6
-5730.0 -6685.7 7.6
-5695.6 -6678.1 7.4
-5709.7 -6680.8 7.5
-5648.6 -6666.4 7.5
-5688.7 -6670.1 7.5
-5696.0 -6666.8 7.6
-5705.4 -6668.0 7.6
-5661.5 -6657.1 7.7
-5670.6 -6658.4 7.7
-5681.3 -6659.9 7.7
-5685.6 -6658.3 7.7
-5700.9 -6658.0 7.8
-5669.9 -6650.1 7.8
-5686.6 -6651.2 7.9
-5667.7 -6640.2 8.0
-5739.1 -6637.8 8.1
-5746.5 -6635.9 8.0
-5690.0 -6626.5 8.2
-5739.9 -6627.5 7.9
-5748.9 -6631.3 7.9
-5698.5 -6620.9 8.0
-5716.1 -6616.7 7.8
-5716.9 -6607.9 7.6
-5304.6 -7335.7 7.7
-5284.5 -7324.4 8.0
-5320.0 -7323.1 8.6
-5298.2 -7314.2 8.7
-5350.3 -7317.2 9.4
-5264.4 -7304.3 8.5
-5273.6 -7307.4 8.4
-5279.0 -7306.6 8.5
-5304.4 -7306.5 8.8
-5371.4 -7304.6 9.6
-5239.9 -7285.6 9.2
-5249.3 -7285.0 9.2
-5239.4 -7279.1 9.4
-5252.5 -7272.8 9.5
-5557.3 -6732.8 6.8
-5531.2 -6698.1 6.9
-5471.0 -6690.4 7.1
-5459.0 -6681.1 7.0
-5471.5 -6683.0 7.0
-5510.8 -6678.3 7.0
-5519.3 -6682.0 7.0
-5501.9 -6667.7 7.2
-5510.7 -6673.5 7.1
-5436.6 -6662.1 7.3
-5445.4 -6663.7 7.3
-5491.1 -6662.7 7.3
-5495.5 -6662.2 7.3
-5457.0 -6649.2 7.5
-5467.7 -6649.9 7.5
-5488.3 -6650.6 7.5
-5458.3 -6639.3 7.7
-5466.2 -6640.7 7.7
-5441.5 -6627.9 7.8
-5446.2 -6627.8 7.9
-5435.9 -6623.8 7.8
-5421.0 -6610.5 7.7
-5429.3 -6611.9 7.8
-5440.4 -6613.5 7.9
-5396.1 -6597.8 7.7
-5399.8 -6590.5 7.9
-5411.0 -6591.3 7.9
-5417.0 -6569.3 8.2
-5376.3 -6560.6 8.0
-5378.4 -6553.6 8.1
-5406.1 -6538.1 8.2
-5420.4 -6538.7 8.3
-5660.2 -6539.4 7.1
-5670.5 -6540.8 7.0
-5686.2 -6538.4 6.9
-5695.5 -6539.7 6.9
-5430.3 -6534.1 8.3
-5661.7 -6534.0 7.0
-5675.7 -6529.6 6.9
-5411.9 -6518.0 8.2
-5429.1 -6521.5 8.2
-5657.8 -6519.2 6.8
-5668.9 -6523.3 6.9
-5679.8 -6518.8 6.9
-5700.4 -6521.9 6.9
-5416.5 -6513.0 8.1
-5679.2 -6511.7 6.8
-5697.7 -6511.5 6.9
-5710.6 -6513.1 6.9
-5418.8 -6498.7 7.9
-5649.4 -6498.0 6.8
-5659.3 -6501.4 6.8
-5681.0 -6499.2 6.8
-5698.7 -6503.2 6.8
-5656.9 -6491.1 6.8
-5681.9 -6493.3 6.8
-5687.2 -6487.7 6.8
-5625.5 -6482.1 6.8
-5636.0 -6482.3 6.8
-5649.0 -6480.7 6.8
-5669.8 -6479.7 6.8
-5415.6 -6471.8 7.9
-5438.3 -6469.3 7.7
-5447.5 -6469.5 7.6
-5618.1 -6472.2 6.8
-5430.9 -6458.4 7.6
-5440.1 -6463.9 7.6
-5587.2 -6460.2 6.7
-5618.7 -6463.2 6.7
-5450.6 -6450.2 7.4
-5578.1 -6448.5 6.7
-5599.3 -6452.8 6.7
-5606.0 -6452.9 6.7
-5657.3 -6453.6 6.8
-5439.5 -6439.3 7.5
-5451.2 -6443.5 7.4
-5559.1 -6441.1 6.7
-5581.7 -6440.6 6.7
-5606.5 -6444.1 6.7
-5629.1 -6438.4 6.7
-5430.5 -6428.0 7.5
-5469.4 -6430.3 7.1
-5530.5 -6430.4 6.7
-5556.4 -6432.8 6.7
-5567.2 -6427.7 6.7
-5579.4 -6433.3 6.7
-5606.1 -6432.4 6.7
-5621.2 -6429.3 6.7
-5430.5 -6419.8 7.5
-5470.2 -6422.8 7.0
-5516.4 -6418.5 6.6
-5526.1 -6421.2 6.6
-5540.4 -6421.1 6.6
-5557.6 -6423.1 6.7
-5458.2 -6409.4 7.2
-5480.0 -6414.1 7.0
-5516.2 -6412.3 6.6
-5530.7 -6412.0 6.6
-5437.9 -6398.4 7.4
-5496.6 -6403.1 6.8
-5508.2 -6398.6 6.8
-5527.6 -6403.5 6.6
-5448.1 -6391.9 7.3
-5469.1 -6391.7 7.1
-5506.6 -6392.3 6.8
-5518.8 -6387.9 6.7
-5526.5 -6389.3 6.6
-5547.4 -6388.5 6.6
-5567.2 -6393.7 6.6
-5451.4 -6383.7 7.4
-5460.9 -6378.4 7.3
-5511.5 -6380.4 6.8
-5517.2 -6379.1 6.8
-5555.5 -6380.4 6.6
-5447.2 -6368.4 7.5
-5461.6 -6372.7 7.3
-5559.9 -6374.0 6.6
-5468.4 -6363.5 7.3
-5477.9 -6362.3 7.3
-5490.0 -6358.4 7.2
-5510.8 -6363.7 6.9
-5521.1 -6361.1 6.8
-5556.4 -6359.9 6.6
-5476.8 -6351.6 7.3
-5490.4 -6349.4 7.2
-5520.8 -6353.6 6.9
-5526.7 -6349.8 6.8
-5498.2 -6342.6 7.1
-5510.5 -6338.4 7.0
-5528.2 -6341.4 6.9
-5452.0 -6329.2 7.6
-5471.3 -6331.4 7.4
-5478.7 -6330.4 7.3
-5486.4 -6332.8 7.3
-5529.2 -6332.6 7.0
-5549.8 -6329.5 6.8
-5456.3 -6320.9 7.6
-5471.2 -6321.6 7.4
-5477.7 -6317.6 7.4
-5495.7 -6322.5 7.2
-5531.3 -6319.1 7.0
-5541.7 -6319.5 6.9
-5549.6 -6320.4 6.8
-5570.9 -6318.6 6.6
-5459.5 -6312.6 7.6
-5469.0 -6308.7 7.5
-5488.5 -6308.6 7.4
-5496.8 -6310.8 7.3
-5539.0 -6310.6 6.9
-5551.0 -6308.5 6.8
-5578.6 -6309.8 6.6
-5456.8 -6303.2 7.6
-5470.5 -6302.6 7.6
-5485.7 -6300.5 7.4
-5506.0 -6300.6 7.3
-5528.2 -6301.0 7.1
-5430.7 -6294.1 7.9
-5435.7 -6289.2 7.9
-5506.6 -6289.5 7.3
-5516.5 -6291.2 7.2
-5540.0 -6288.5 7.0
-5436.9 -6279.9 7.9
-5511.6 -6282.8 7.2
-5531.5 -6282.5 7.1
-5588.1 -6281.1 6.5
-5468.4 -6268.5 7.7
-5519.6 -6273.3 7.2
-5550.8 -6272.8 6.9
-5561.0 -6269.8 6.8
-5595.7 -6271.4 6.5
-5536.8 -6260.4 7.0
-5561.4 -6262.6 6.8
-5601.0 -6259.8 6.4
-5471.8 -6249.3 7.7
-5539.2 -6252.0 7.0
-5570.2 -6247.7 6.7
-5587.3 -6253.0 6.6
-5608.2 -6249.2 6.4
-5640.9 -6250.7 6.1
-5550.0 -6241.6 6.9
-5565.4 -6240.8 6.8
-5577.4 -6239.7 6.7
-5659.6 -6240.5 5.9
-5526.8 -6229.7 7.2
-5541.7 -6228.0 7.1
-5558.7 -6228.7 6.9
-5609.3 -6228.2 6.4
-5640.6 -6227.9 6.1
-5658.6 -6230.2 5.9
-5490.9 -6219.0 7.6
-5539.9 -6220.5 7.1
-5551.2 -6217.9 7.0
-5556.1 -6224.2 6.9
-5648.4 -6224.0 6.0
-5658.3 -6223.5 5.9
-5455.4 -6213.6 7.9
-5537.6 -6211.3 7.1
-5547.5 -6213.2 7.0
-5560.7 -6212.8 6.9
-5569.4 -6211.6 6.8
-5577.4 -6211.4 6.8
-5620.3 -6212.6 6.3
-5641.0 -6213.7 6.1
-5667.4 -6208.9 5.8
-5501.0 -6200.6 7.5
-5519.2 -6202.7 7.3
-5528.9 -6198.3 7.3
-5557.3 -6201.8 7.0
-5591.2 -6200.0 6.6
-5638.9 -6203.0 6.1
-5672.0 -6201.9 5.8
-5521.1 -6192.9 7.3
-5526.6 -6190.1 7.3
-5538.5 -6189.7 7.2
-5580.6 -6193.9 6.7
-5657.5 -6188.3 5.9
-5667.7 -6193.9 5.8
-5679.6 -6190.8 5.7
-5558.9 -6181.7 6.9
-5581.9 -6181.5 6.7
-5587.4 -6184.0 6.7
-5650.1 -6178.2 6.0
-5666.9 -6181.3 5.8
-5496.9 -6170.8 7.6
-5508.2 -6170.6 7.5
-5521.6 -6169.6 7.3
-5540.8 -6168.0 7.1
-5558.4 -6173.4 7.0
-5569.4 -6168.7 6.8
-5576.0 -6170.5 6.8
-5588.0 -6168.4 6.7
-5616.2 -6171.8 6.4
-5485.9 -6161.5 7.7
-5507.7 -6158.2 7.5
-5529.7 -6163.1 7.3
-5535.7 -6160.2 7.2
-5550.9 -6161.3 7.0
-5557.8 -6158.5 7.0
-5577.4 -6159.9 6.8
-5601.4 -6160.6 6.5
-5687.3 -6158.5 5.7
-5700.0 -6162.9 5.5
-5708.2 -6157.8 5.5
-5506.3 -6153.6 7.5
-5530.7 -6152.7 7.3
-5538.6 -6152.6 7.2
-5550.2 -6154.1 7.1
-5567.1 -6152.7 6.9
-5586.4 -6152.7 6.7
-5602.0 -6152.5 6.5
-5640.3 -6152.9 6.1
-5686.1 -6154.2 5.7
-5715.5 -6151.9 5.5
-5737.4 -6151.4 5.3
-5477.1 -6138.3 7.8
-5510.4 -6143.9 7.5
-5541.6 -6138.6 7.2
-5548.4 -6143.9 7.1
-5556.9 -6139.2 7.0
-5568.7 -6142.7 6.9
-5579.0 -6142.6 6.7
-5595.4 -6141.9 6.6
-5687.0 -6140.9 5.7
-5707.6 -6141.9 5.5
-5741.6 -6140.2 5.3
-5495.8 -6128.5 7.6
-5537.7 -6130.9 7.2
-5560.1 -6127.6 6.9
-5567.3 -6128.5 6.8
-5600.8 -6132.6 6.5
-5630.5 -6131.5 6.2
-5641.7 -6127.8 6.1
-5645.4 -6132.1 6.1
-5676.9 -6132.3 5.8
-5707.3 -6131.9 5.6
-5486.0 -6122.4 7.7
-5507.0 -6120.0 7.5
-5519.3 -6122.7 7.4
-5527.8 -6121.8 7.3
-5541.7 -6123.5 7.1
-5551.0 -6119.1 7.0
-5559.1 -6121.4 6.9
-5578.4 -6123.9 6.7
-5600.9 -6119.3 6.4
-5610.5 -6119.1 6.4
-5629.8 -6121.0 6.2
-5669.0 -6121.4 5.9
-5686.3 -6121.6 5.8
-5496.0 -6112.3 7.6
-5529.4 -6108.1 7.2
-5541.0 -6113.8 7.1
-5570.4 -6109.2 6.7
-5581.5 -6109.4 6.6
-5609.9 -6112.5 6.4
-5619.2 -6108.1 6.3
-5630.5 -6111.5 6.2
-5656.0 -6113.8 6.0
-5678.8 -6108.6 5.8
-5686.9 -6111.2 5.7
-5491.9 -6103.5 7.6
-5496.5 -6101.0 7.5
-5531.6 -6103.3 7.1
-5576.7 -6101.6 6.7
-5585.6 -6101.6 6.6
-5597.8 -6101.9 6.5
-5631.9 -6102.1 6.2
-5651.3 -6102.9 6.1
-5657.9 -6102.2 6.0
-5668.6 -6098.0 5.9
-5690.9 -6099.7 5.5
-5537.6 -6093.8 7.0
-5556.1 -6089.2 6.9
-5569.9 -6092.0 6.8
-5580.7 -6091.3 6.7
-5609.4 -6092.4 6.4
-5628.1 -6093.7 6.3
-5651.2 -6092.2 6.1
-5658.3 -6093.6 6.0
-5697.6 -6089.9 5.4
-5706.4 -6092.9 5.4
-5536.2 -6082.5 7.1
-5548.4 -6083.5 6.9
-5587.8 -6079.4 6.6
-5606.7 -6082.6 6.5
-5619.7 -6079.5 6.4
-5640.4 -6081.7 6.1
-5645.6 -6083.6 6.0
-5657.5 -6080.5 5.8
-5700.8 -6077.9 5.4
-5546.9 -6069.2 7.0
-5576.5 -6071.3 6.7
-5600.5 -6074.0 6.5
-5665.6 -6071.3 5.6
-5680.4 -6068.1 5.5
-5549.4 -6061.5 7.0
-5558.2 -6063.2 6.9
-5567.6 -6060.2 6.8
-5596.3 -6058.5 6.5
-5636.3 -6059.7 5.9
-5651.4 -6059.9 5.7
-5656.5 -6060.7 5.6
-5650.3 -6049.5 5.6
-5666.6 -6050.6 5.6
-5641.3 -6039.1 5.7
-5648.7 -6043.9 5.7
-5616.1 -6021.9 5.8
-5557.0 -6001.2 6.4
-5569.2 -5998.8 6.2
-5586.4 -6000.7 5.9
-5282.4 -7285.6 9.3
-6480.2 8500.9 11.0
-6519.9 8499.9 11.7
-6485.1 8505.4 10.9
-6488.8 8508.3 10.9
-6522.0 8507.1 11.7
-6483.3 8517.1 10.9
-6500.6 8516.2 10.7
-6525.1 8520.9 11.1
-6484.0 8526.9 11.0
-6491.1 8525.9 11.1
-6501.2 8530.9 11.0
-6482.8 8537.5 11.0
-6500.7 8536.7 10.8
-6523.9 8535.5 11.1
-6534.7 8534.3 10.9
-6543.7 8536.2 10.9
-6559.5 8534.7 11.3
-6492.4 8548.1 11.2
-6523.8 8549.7 10.7
-6532.9 8546.7 10.8
-6494.1 8560.8 10.9
-6515.0 8559.0 10.8
-6524.5 8559.7 10.8
-6533.2 8559.5 10.8
-6564.8 8560.7 10.6
-6568.7 8558.2 10.7
-6503.1 8570.4 10.8
-6524.0 8570.3 10.6
-6538.9 8565.1 10.6
-6552.5 8569.6 10.5
-6563.9 8564.9 10.5
-6502.0 8574.4 10.7
-6514.2 8575.6 10.6
-6535.1 8580.2 10.4
-6550.6 8578.1 10.3
-6571.2 8575.7 10.3
-6504.1 8587.9 10.4
-6514.5 8584.5 10.3
-6524.6 8585.4 10.3
-6538.8 8588.7 10.1
-6553.1 8585.8 10.1
-6559.9 8590.9 9.9
-6581.7 8585.0 10.0
-6590.5 8589.9 9.8
-6478.9 8597.1 10.6
-6491.1 8597.4 10.4
-6499.8 8596.3 10.3
-6535.2 8597.3 10.0
-6543.0 8596.7 9.9
-6552.3 8599.9 9.8
-6558.8 8595.3 9.8
-6573.2 8596.0 9.7
-6592.7 8596.6 9.7
-6489.7 8606.8 10.5
-6501.7 8607.4 10.3
-6513.5 8604.8 10.2
-6522.8 8609.4 10.1
-6561.0 8607.6 9.7
-6581.3 8608.7 9.5
-6512.1 8616.1 10.2
-6523.2 8616.7 10.1
-6541.6 8620.9 9.9
-6583.2 8616.3 9.4
-6482.7 8629.0 10.5
-6488.8 8628.4 10.5
-6504.9 8630.8 10.3
-6522.3 8627.4 10.1
-6533.3 8629.6 10.0
-6468.8 8639.7 10.7
-6481.6 8640.4 10.6
-6518.8 8639.4 10.1
-6544.7 8634.9 9.8
-6552.8 8634.4 9.8
-6560.8 8636.0 9.7
-6572.6 8639.1 9.5
-6590.7 8636.1 9.3
-6603.3 8634.6 9.2
-6609.7 8636.6 9.1
-6535.0 8650.6 10.0
-6550.6 8649.2 9.8
-6614.8 8650.5 9.1
-6493.1 8657.9 10.4
-6513.3 8660.3 10.2
-6543.2 8657.0 9.9
-6550.1 8657.2 9.8
-6569.6 8660.5 9.6
-6595.1 8656.3 9.3
-6604.3 8657.1 9.2
-6623.9 8658.2 9.0
-6632.3 8656.5 8.9
-6489.9 8666.4 10.5
-6504.8 8666.2 10.3
-6514.8 8669.7 10.2
-6519.5 8667.0 10.1
-6530.6 8667.9 10.0
-6551.7 8666.3 9.8
-6561.0 8665.2 9.7
-6580.1 8669.1 9.5
-6592.3 8664.8 9.3
-6614.4 8665.0 9.1
-6622.7 8668.5 9.0
-6632.5 8670.1 8.9
-6479.5 8678.0 10.6
-6494.7 8677.1 10.4
-6503.6 8676.3 10.3
-6511.3 8674.5 10.2
-6524.7 8678.4 10.1
-6550.6 8679.2 9.8
-6580.2 8675.5 9.5
-6594.0 8676.1 9.3
-6612.5 8678.2 9.1
-6633.3 8677.9 9.0
-6481.5 8690.9 10.6
-6490.3 8684.4 10.5
-6550.9 8684.8 9.8
-6578.8 8688.6 9.5
-6601.8 8690.1 9.2
-6614.8 8690.3 9.1
-6443.1 8699.4 11.0
-6455.2 8700.6 10.9
-6463.2 8698.8 10.8
-6499.3 8696.9 10.4
-6514.2 8699.1 10.2
-6524.5 8695.4 10.1
-6549.6 8698.5 9.8
-6559.3 8695.1 9.7
-6569.1 8696.7 9.6
-6602.0 8694.5 9.3
-6474.5 8710.0 10.7
-6483.3 8706.3 10.6
-6514.2 8706.5 10.2
-6521.5 8710.7 10.1
-6535.2 8709.8 10.0
-6551.9 8704.7 9.8
-6463.1 8714.6 10.8
-6484.1 8717.2 10.6
-6504.3 8718.8 10.3
-6510.4 8716.2 10.3
-6543.4 8716.4 9.9
-6571.9 8715.7 9.6
-6581.2 8719.7 9.5
-6591.8 8720.0 9.4
-6431.6 8729.0 10.8
-6482.6 8724.4 10.6
-6511.6 8726.4 10.2
-6525.3 8728.4 10.1
-6532.5 8729.2 10.0
-6539.5 8728.5 9.9
-6559.3 8725.2 9.7
-6590.4 8725.2 9.4
-6483.1 8738.0 10.4
-6529.3 8739.2 10.1
-6569.1 8740.2 9.6
-6494.8 8750.0 10.2
-6531.4 8745.9 10.0
-6560.5 8747.9 9.7
-6484.2 8759.4 10.4
-6493.0 8756.0 10.3
-6511.6 8754.5 10.1
-6541.0 8758.0 9.9
-6554.6 8759.7 9.8
-6560.6 8755.0 9.7
-6484.5 8765.4 10.5
-6499.0 8764.6 10.3
-6550.0 8770.8 9.8
-6380.9 8729.3 11.4
-6359.9 8744.1 11.8
-6342.2 8754.7 12.2
-6356.0 8750.7 12.0
-6321.1 8760.8 12.5
-6345.4 8759.2 12.2
-6323.1 8772.9 12.6
-6363.0 8771.8 12.1
-6374.8 8775.4 12.0
-6383.5 8770.9 11.8
-6753.3 8285.4 6.6
-6764.2 8291.8 6.9
-6735.9 8296.5 6.9
-6753.4 8301.5 6.8
-6702.5 8321.1 7.7
-6696.4 8327.8 7.8
-6704.7 8327.3 7.7
-6697.4 8341.9 7.9
-6667.8 8345.4 8.5
-6672.8 8350.2 8.4
-6687.8 8347.6 8.1
-6694.1 8349.5 8.0
-6654.6 8358.6 8.8
-6637.1 8371.6 9.2
-6652.8 8365.3 8.9
-6654.5 8376.1 8.8
-6676.4 8375.4 8.4
-6635.0 8387.4 9.3
-6667.9 8390.2 8.6
-6606.8 8396.4 10.0
-6645.2 8397.1 9.1
-6673.7 8400.3 8.6
-6685.3 8400.7 8.4
-6705.2 8399.0 8.1
-6585.9 8411.7 10.4
-6592.0 8405.9 10.3
-6626.9 8406.5 9.5
-6631.4 8408.3 9.4
-6644.5 8409.9 9.2
-6676.1 8408.5 8.6
-6696.3 8409.4 8.3
-6701.8 8406.0 8.2
-6602.3 8417.2 10.1
-6616.7 8417.3 9.7
-6642.9 8421.2 9.3
-6674.6 8417.5 8.7
-6686.7 8419.8 8.5
-6701.4 8420.4 8.3
-6563.0 8427.7 11.0
-6573.8 8430.5 10.7
-6595.5 8425.7 10.2
-6615.5 8427.1 9.8
-6687.3 8426.9 8.6
-6696.1 8425.5 8.4
-6556.7 8435.6 11.1
-6562.5 8435.8 11.0
-6574.6 8435.5 10.7
-6586.6 8441.1 10.4
-6601.6 8438.6 10.1
-6615.7 8440.0 9.8
-6621.9 8440.2 9.7
-6657.0 8437.6 9.0
-6871.8 8439.9 10.5
-6532.2 8448.9 11.8
-6567.0 8445.3 10.9
-6631.8 8450.4 9.6
-6642.7 8449.2 9.4
-6863.8 8449.6 10.3
-6875.1 8451.2 10.6
-6536.5 8455.9 11.6
-6541.5 8455.7 11.5
-6567.4 8458.6 10.9
-6573.5 8461.6 10.7
-6626.5 8459.0 9.7
-6631.6 8457.7 9.6
-6645.7 8457.0 9.3
-6655.7 8456.2 9.2
-6666.3 8459.7 9.1
-6678.0 8461.1 9.0
-6683.6 8460.4 8.9
-6754.6 8460.1 8.0
-6783.3 8459.7 8.2
-6855.1 8459.9 10.1
-6871.5 8456.0 10.5
-6523.9 8467.3 11.9
-6556.9 8467.9 11.1
-6567.9 8469.4 10.9
-6586.5 8470.1 10.5
-6594.7 8469.7 10.4
-6603.0 8470.0 10.2
-6613.3 8468.7 10.0
-6635.9 8468.2 9.6
-6652.3 8471.0 9.4
-6665.4 8468.8 9.2
-6693.3 8469.9 8.8
-6722.9 8465.8 8.4
-6737.9 8465.7 8.2
-6787.6 8468.5 8.4
-6811.8 8471.0 9.0
-6821.7 8466.6 9.3
-6832.0 8467.9 9.5
-6852.7 8469.4 10.1
-6867.3 8466.0 10.5
-6873.1 8471.0 10.7
-6527.9 8477.1 11.8
-6554.3 8475.9 11.2
-6565.0 8480.8 10.9
-6576.5 8479.7 10.7
-6593.8 8481.6 10.5
-6606.9 8481.3 10.2
-6632.3 8476.8 9.7
-6645.0 8481.1 9.5
-6697.1 8480.1 8.9
-6706.1 8478.0 8.7
-6716.8 8479.7 8.6
-6726.3 8475.7 8.5
-6732.6 8479.4 8.4
-6754.8 8477.0 8.1
-6782.3 8481.8 8.3
-6807.6 8478.8 9.0
-6814.7 8475.3 9.1
-6823.0 8479.7 9.4
-6834.1 8477.4 9.6
-6857.2 8480.1 10.3
-6883.4 8478.8 10.8
-6527.7 8487.1 11.8
-6562.7 8487.4 11.0
-6594.8 8489.4 10.5
-6603.6 8487.2 10.3
-6617.9 8488.9 10.0
-6632.3 8490.9 9.8
-6653.5 8489.3 9.5
-6665.1 8485.7 9.3
-6695.4 8491.4 9.0
-6743.3 8490.3 8.4
-6763.7 8487.1 8.2
-6797.4 8487.3 8.7
-6802.9 8490.9 8.9
-6843.5 8487.0 9.9
-6885.5 8489.3 10.8
-6892.1 8488.0 10.9
-6556.8 8496.4 11.2
-6565.5 8501.1 11.0
-6584.3 8496.6 10.7
-6594.2 8496.8 10.5
-6606.9 8496.5 10.3
-6622.5 8495.3 9.9
-6634.2 8495.3 9.8
-6644.6 8500.9 9.7
-6705.0 8497.1 8.9
-6717.8 8497.5 8.7
-6734.8 8499.0 8.5
-6746.1 8495.5 8.4
-6757.6 8497.1 8.3
-6764.6 8499.1 8.3
-6796.1 8500.6 8.8
-6807.5 8498.0 9.0
-6854.1 8501.6 10.3
-6867.4 8497.6 10.6
-6874.9 8495.9 10.7
-6883.7 8497.1 10.8
-6901.6 8500.6 10.9
-6585.2 8507.6 10.7
-6603.8 8510.8 10.4
-6637.8 8508.0 9.8
-6652.2 8506.6 9.6
-6662.3 8510.8 9.6
-6693.9 8507.1 9.1
-6705.3 8510.5 9.0
-6724.4 8507.7 8.7
-6734.5 8506.8 8.6
-6777.4 8510.8 8.4
-6795.9 8507.2 8.8
-6805.5 8511.3 9.1
-6824.0 8509.0 9.5
-6834.7 8510.2 9.8
-6846.0 8511.5 10.1
-6862.1 8510.5 10.6
-6883.3 8505.4 10.8
-6891.4 8508.8 10.8
-6917.5 8510.8 10.9
-6558.0 8515.7 11.3
-6566.6 8515.8 11.1
-6572.0 8515.8 11.0
-6583.5 8518.5 10.8
-6602.6 8518.2 10.4
-6614.9 8515.4 10.2
-6634.5 8515.3 9.9
-6674.5 8517.1 9.4
-6686.8 8520.0 9.3
-6703.2 8521.6 9.1
-6716.6 8515.3 8.9
-6737.9 8520.9 8.7
-6772.4 8519.5 8.5
-6792.9 8521.1 8.8
-6807.8 8520.2 9.2
-6825.1 8515.8 9.6
-6847.2 8520.0 10.2
-6896.5 8519.5 10.9
-6906.2 8520.7 10.9
-6922.3 8516.7 10.8
-6615.4 8529.7 10.3
-6625.3 8527.2 10.2
-6633.9 8525.6 10.0
-6646.8 8529.2 9.9
-6655.5 8531.4 9.8
-6666.2 8526.3 9.6
-6674.2 8529.3 9.5
-6692.7 8529.1 9.3
-6727.8 8528.5 8.9
-6732.3 8525.3 8.8
-6764.9 8530.4 8.5
-6775.8 8529.4 8.5
-6812.0 8531.4 9.3
-6827.1 8525.3 9.7
-6836.8 8528.3 10.0
-6873.9 8527.9 10.7
-6883.2 8530.1 10.8
-6913.7 8529.2 10.8
-6576.9 8537.9 11.0
-6585.9 8536.7 10.9
-6592.9 8538.5 10.7
-6616.7 8538.8 10.3
-6624.9 8540.6 10.3
-6632.3 8540.3 10.2
-6642.2 8538.9 10.0
-6656.5 8535.9 9.8
-6672.9 8541.8 9.7
-6695.5 8538.8 9.3
-6712.0 8540.1 9.1
-6722.6 8537.4 9.0
-6732.9 8535.3 8.8
-6746.7 8538.7 8.7
-6766.3 8538.2 8.6
-6791.9 8536.8 8.8
-6835.1 8540.7 10.0
-6856.9 8536.5 10.5
-6896.4 8539.2 10.9
-6915.4 8538.9 10.8
-6921.8 8537.6 10.8
-6623.2 8548.3 10.3
-6636.5 8548.9 10.2
-6641.8 8550.3 10.1
-6665.0 8550.4 9.8
-6687.0 8551.1 9.5
-6694.3 8546.9 9.4
-6705.0 8548.0 9.3
-6727.7 8551.9 9.0
-6743.3 8546.6 8.8
-6752.2 8546.5 8.7
-6767.4 8549.5 8.7
-6787.3 8548.9 8.8
-6826.3 8549.0 9.8
-6832.3 8549.2 10.0
-6884.6 8548.8 10.8
-6613.1 8557.3 10.5
-6622.8 8561.4 10.4
-6635.4 8558.5 10.3
-6656.8 8555.4 10.0
-6662.7 8559.8 9.9
-6675.7 8558.7 9.8
-6696.3 8561.0 9.5
-6706.1 8559.7 9.4
-6713.9 8560.3 9.3
-6727.0 8560.1 9.1
-6732.0 8559.1 9.0
-6746.6 8557.3 8.8
-6758.0 8557.4 8.7
-6773.2 8555.6 8.7
-6792.1 8561.3 8.9
-6834.6 8555.3 10.0
-6624.9 8565.7 10.5
-6637.1 8568.7 10.3
-6653.0 8570.1 10.1
-6675.8 8569.4 9.8
-6695.3 8571.5 9.6
-6723.0 8569.8 9.2
-6731.9 8567.9 9.1
-6757.8 8567.8 8.8
-6765.3 8566.4 8.8
-6775.4 8571.3 8.9
-6786.4 8566.0 8.8
-6617.6 8576.6 10.6
-6662.6 8577.8 10.1
-6703.9 8580.8 9.6
-6714.3 8579.4 9.4
-6736.1 8579.7 9.1
-6633.1 8588.3 10.5
-6641.8 8590.7 10.4
-6663.6 8591.8 10.2
-6677.8 8586.0 9.9
-6686.8 8590.3 9.9
-6692.3 8588.9 9.8
-6702.4 8590.3 9.7
-6755.4 8586.4 9.0
-6616.1 8600.0 10.0
-6633.2 8598.2 10.5
-6663.2 8601.6 10.2
-6715.7 8599.9 9.6
-6725.8 8600.9 9.4
-6747.9 8600.6 9.2
-6636.9 8609.6 10.2
-6641.6 8609.6 10.3
-6674.6 8606.4 10.1
-6687.7 8608.9 10.0
-6703.4 8606.7 9.8
-6711.6 8607.0 9.7
-6616.9 8620.8 9.2
-6642.2 8617.2 10.0
-6672.2 8617.2 10.3
-6687.2 8619.8 10.1
-6703.5 8619.1 9.9
-6714.7 8615.5 9.7
-6631.6 8631.4 9.2
-6642.0 8626.3 9.6
-6652.4 8628.6 9.8
-6676.5 8625.7 10.3
-6656.9 8637.7 9.6
-6667.0 8640.1 9.8
-6672.0 8640.9 9.9
-5033.9 -6418.5 9.6
-5041.2 -6421.6 9.7
-5008.7 -6403.8 9.5
-5021.0 -6401.4 9.4
-5047.3 -6402.0 9.3
-4961.4 -6393.8 9.5
-5002.9 -6389.3 9.3
-5030.4 -6389.7 9.2
-5040.2 -6388.9 9.1
-5002.6 -6382.6 9.3
-5013.4 -6383.9 9.3
-5021.0 -6379.9 9.2
-5038.1 -6382.2 9.2
-4990.3 -6368.2 9.0
-5001.2 -6370.3 9.1
-5021.1 -6371.0 9.2
-5032.1 -6371.6 9.2
-4959.5 -6360.1 8.8
-5000.9 -6362.4 8.9
-5022.9 -6359.3 8.8
-5042.9 -6360.2 8.9
-5062.7 -6358.7 8.9
-6468.5 8106.4 8.0
-6463.4 8117.7 8.3
-6477.2 8116.4 8.4
-6395.8 8123.4 7.6
-6384.4 8131.5 7.7
-6393.6 8137.9 8.1
-6418.1 8134.7 8.3
-6435.1 8135.4 8.5
-6484.4 8131.9 8.0
-6423.1 8142.8 8.6
-6495.3 8142.2 8.0
-6427.0 8151.9 8.9
-6484.0 8154.0 8.2
-6499.4 8152.7 8.0
-6456.9 8166.0 8.4
-6488.7 8166.8 8.2
-6466.8 8175.4 8.4
-6478.9 8176.9 8.3
-6567.8 8177.6 7.7
-6583.7 8177.8 7.5
-6463.4 8186.0 8.5
-6479.4 8186.6 8.3
-6516.5 8186.7 7.9
-6537.5 8184.2 7.8
-6559.4 8183.0 7.6
-6568.2 8184.8 7.5
-6575.6 8186.0 7.4
-6483.2 8192.7 8.1
-6508.0 8192.6 7.9
-6524.6 8192.4 7.7
-6545.3 8193.9 7.5
-6574.3 8194.4 7.2
-6363.8 8204.4 9.4
-6479.7 8202.1 7.9
-6493.8 8204.0 7.7
-6557.2 8201.9 7.1
-6585.2 8224.3 6.7
-6396.4 8234.5 8.7
-6329.2 8241.5 9.2
-6394.6 8242.9 8.5
-5083.6 -6478.4 9.8
-5163.0 -6481.5 9.3
-5163.8 -6473.9 9.3
-5112.6 -6461.8 9.6
-5133.2 -6460.8 9.5
-5149.7 -6461.6 9.4
-5119.1 -6448.7 9.6
-5152.7 -6449.1 9.3
-5163.6 -6450.7 9.3
-5102.4 -6441.5 9.7
-5164.4 -6439.2 9.3
-5325.3 -6442.3 8.3
-5330.1 -6442.3 8.3
-5079.8 -6431.3 9.7
-5120.3 -6429.2 9.5
-5132.4 -6429.1 9.4
-5140.8 -6433.2 9.4
-5153.3 -6433.2 9.3
-5313.7 -6434.6 8.3
-5079.3 -6421.6 9.5
-5111.3 -6421.3 9.4
-5142.5 -6423.7 9.3
-5163.1 -6424.8 9.2
-5298.9 -6421.9 8.4
-5321.6 -6420.4 8.3
-5340.5 -6423.5 8.2
-5359.2 -6423.1 8.1
-5380.3 -6420.2 7.9
-5079.2 -6408.7 9.3
-5110.4 -6412.1 9.2
-5295.0 -6411.0 8.4
-5305.1 -6414.3 8.4
-5321.5 -6408.7 8.3
-5332.5 -6414.8 8.2
-5339.9 -6411.0 8.2
-5079.6 -6401.7 9.2
-5113.7 -6403.5 9.1
-5123.5 -6402.0 9.0
-5295.2 -6399.4 8.3
-5384.4 -6399.6 7.9
-5114.3 -6394.2 8.9
-5140.0 -6390.0 8.8
-5162.9 -6390.0 8.7
-5333.2 -6388.4 8.1
-5360.9 -6390.3 8.0
-5112.3 -6381.0 8.9
-5130.9 -6379.4 8.9
-5140.2 -6382.5 8.8
-5155.0 -6384.8 8.7
-5274.1 -6379.7 8.3
-5280.7 -6379.4 8.3
-5104.2 -6370.9 9.0
-5141.8 -6370.9 8.8
-5153.2 -6372.2 8.8
-5160.1 -6373.1 8.8
-5242.1 -6368.7 8.5
-5253.4 -6370.3 8.5
-5259.2 -6373.8 8.4
-5272.1 -6372.8 8.4
-5293.4 -6371.9 8.3
-5303.7 -6373.2 8.3
-5383.8 -6370.8 8.0
-5119.8 -6358.2 8.9
-5144.3 -6361.9 8.8
-5153.5 -6361.9 8.8
-5263.4 -6363.6 8.4
-5110.3 -6352.5 8.7
-5132.2 -6351.9 8.7
-5151.2 -6350.8 8.7
-5189.5 -6350.9 8.7
-5203.9 -6351.9 8.7
-5210.9 -6353.2 8.6
-5224.0 -6351.3 8.6
-5241.5 -6354.7 8.5
-5293.9 -6353.5 8.4
-5371.6 -6350.7 8.1
-5074.6 -6339.8 8.3
-5101.7 -6344.1 8.5
-5113.3 -6342.3 8.4
-5185.1 -6342.5 8.5
-5214.4 -6339.4 8.5
-5223.4 -6342.1 8.6
-5232.0 -6341.3 8.6
-5260.5 -6339.8 8.5
-5291.5 -6340.8 8.4
-5299.2 -6340.2 8.3
-5310.9 -6344.1 8.3
-5321.5 -6344.4 8.3
-5333.7 -6340.1 8.2
-5352.7 -6340.4 8.2
-5094.5 -6329.1 8.0
-5109.3 -6332.0 8.1
-5162.5 -6328.5 8.1
-5172.1 -6330.3 8.2
-5182.3 -6331.6 8.2
-5194.2 -6328.5 8.1
-5204.8 -6332.7 8.3
-5218.9 -6334.5 8.3
-5253.3 -6334.2 8.4
-5260.1 -6332.3 8.3
-5293.8 -6334.4 8.4
-5343.7 -6329.3 8.2
-5353.7 -6330.4 8.2
-5393.7 -6329.8 8.0
-5133.0 -6322.9 7.9
-5160.6 -6320.4 7.9
-5202.0 -6320.4 7.9
-5302.0 -6322.8 8.1
-5312.7 -6318.3 8.0
-5360.0 -6322.6 8.2
-5370.3 -6321.1 8.1
-5381.6 -6321.4 8.1
-5162.7 -6310.7 7.6
-5312.2 -6313.3 7.8
-5325.1 -6313.9 7.9
-5341.0 -6312.4 7.9
-5355.4 -6312.7 7.9
-5290.2 -6299.2 7.5
-5302.7 -6301.4 7.6
-5163.9 -6289.5 7.1
-5200.6 -6290.5 7.2
-5164.6 -6282.1 7.1
-5202.9 -6284.8 7.2
-5205.4 -6269.5 7.2
-5209.2 -6249.8 7.1
-5200.3 -6228.6 6.7
-5210.1 -6233.2 6.9
-5171.4 -6219.6 6.5
-5175.0 -6198.2 6.4
-5231.8 -6182.7 6.7
-5251.0 -6181.2 6.8
-5182.4 -6168.5 6.5
-5233.1 -6168.4 6.8
-5240.5 -6173.9 6.8
-5179.2 -6160.5 6.6
-5201.5 -6162.9 6.7
-5214.6 -6161.4 6.8
-5192.1 -6151.8 6.7
-5210.0 -6151.9 6.8
-5252.7 -6148.4 7.1
-5192.9 -6144.6 6.8
-5211.5 -6140.2 6.9
-5234.0 -6143.8 7.0
-5225.3 -6133.2 7.0
-5232.6 -6131.6 7.0
-5245.1 -6133.5 7.0
-5259.7 -6130.1 7.1
-5271.5 -6132.9 7.2
-5219.6 -6118.5 6.9
-5240.8 -6119.4 7.0
-5252.1 -6124.1 7.0
-5271.5 -6119.7 7.1
-5281.3 -6118.5 7.2
-5203.0 -6111.9 6.8
-5220.6 -6112.0 6.9
-5234.6 -6114.7 7.0
-5243.3 -6112.4 7.0
-5263.1 -6111.6 7.1
-5224.5 -6100.9 7.0
-5241.7 -6101.4 7.0
-5191.9 -6093.5 6.9
-5250.5 -6092.3 7.2
-5291.7 -6090.3 7.5
-5219.0 -6083.8 7.2
-5254.6 -6082.8 7.4
-5212.4 -6072.8 7.4
-5241.3 -6068.3 7.4
-5250.9 -6073.3 7.4
-5262.4 -6071.5 7.4
-5200.8 -6059.9 7.3
-5234.1 -6064.3 7.3
-5245.2 -6060.6 7.3
-5301.5 -6064.3 7.3
-5230.3 -6049.5 7.1
-5239.6 -6048.5 7.1
-5304.0 -6052.5 7.2
-5220.9 -6042.3 7.1
-5232.7 -6044.4 7.1
-5252.5 -6040.0 7.0
-5263.7 -6039.5 7.0
-5273.1 -6043.4 7.1
-5314.0 -6040.4 7.0
-5221.1 -6032.4 6.9
-5312.8 -6024.1 6.8
-5271.5 -6014.8 6.7
-5284.6 -6013.9 6.7
-5309.6 -6011.1 6.7
-5285.1 -6002.3 6.6
-5289.6 -6003.6 6.6
-5314.7 -5999.6 6.6
-5323.2 -6001.3 6.6
-5334.1 -6000.9 6.6
-5284.7 -5994.3 6.5
-5300.3 -5991.5 6.5
-5310.7 -5993.3 6.5
-5264.8 -5983.6 6.3
-5271.4 -5980.3 6.3
-5314.3 -5984.2 6.5
-5344.1 -5980.3 6.5
-5252.4 -5971.3 6.2
-5258.9 -5970.1 6.2
-5312.9 -5974.7 6.4
-5300.3 -5961.7 6.2
-5314.1 -5958.7 6.3
-5352.2 -5958.2 6.3
-5260.3 -5948.5 6.0
-5272.0 -5948.3 6.0
-5359.8 -5949.7 6.2
-6551.4 8266.6 7.3
-6490.7 8313.0 9.1
-6478.0 8327.8 9.1
-6479.9 8334.7 9.3
-6440.4 8344.9 8.9
-6473.0 8356.5 9.6
-6462.1 8363.2 9.4
-6459.9 8374.2 9.6
-6467.3 8377.2 9.9
-6440.8 8386.4 9.4
-6461.2 8387.6 9.9
-6467.0 8385.6 10.0
-6440.0 8393.0 9.5
-6452.6 8393.5 9.9
-5644.5 -7066.0 7.6
-5658.4 -7051.3 7.1
-5667.3 -7040.0 6.6
-5717.6 -7007.9 6.0
-5725.8 -7007.5 5.8
-5695.1 -6997.4 6.4
-5727.6 -6997.8 6.1
-5735.2 -6998.9 6.0
-5705.0 -6986.0 6.6
-5737.3 -6987.1 6.3
-5709.0 -6981.1 6.7
-5716.4 -6981.6 6.6
-5728.5 -6979.8 6.5
-5694.6 -6957.7 7.5
-6480.4 8228.4 7.8
-6409.9 8246.4 8.3
-6469.8 8250.5 7.8
-6480.5 8248.2 7.7
-6391.1 8260.8 8.4
-6429.5 8259.4 8.2
-6442.5 8255.8 8.1
-6468.6 8259.3 7.9
-6483.8 8256.8 7.8
-6393.5 8271.7 8.5
-6401.3 8269.7 8.5
-6411.4 8268.5 8.4
-6442.0 8269.8 8.2
-6480.6 8269.7 7.9
-6488.0 8270.0 8.1
-6498.9 8272.2 8.2
-6399.4 8281.8 8.6
-6411.3 8279.9 8.5
-6433.0 8281.2 8.3
-6449.5 8276.0 8.2
-6483.6 8279.2 8.2
-6512.8 8281.4 8.2
-6397.2 8291.6 8.7
-6433.1 8291.4 8.4
-6437.2 8290.7 8.4
-6459.2 8287.1 8.2
-6477.9 8286.0 8.2
-6372.7 8297.8 8.9
-6409.3 8298.0 8.7
-6490.4 8296.7 8.8
-6472.8 8312.1 8.6
-6477.7 8311.5 8.7
-5787.6 -6951.8 6.7
-5799.8 -6953.9 6.5
-5796.6 -6943.8 6.8
-5754.7 -6921.7 7.9
-5753.8 -6916.5 8.0
-5657.7 -6902.1 8.3
-5674.8 -6891.3 8.1
-5729.8 -6895.8 8.1
-5669.3 -6885.9 8.1
-5615.9 -6876.0 8.0
-5625.3 -6870.3 8.0
-5695.1 -6870.2 8.0
-5629.3 -6861.0 7.9
-5654.6 -6863.6 8.0
-5666.5 -6861.7 8.0
-5689.9 -6862.1 8.0
-5696.8 -6861.1 8.0
-5708.5 -6864.5 8.0
-5716.4 -6860.5 8.0
-5653.9 -6850.2 7.8
-5665.1 -6855.0 7.9
-5680.4 -6855.8 7.9
-5717.4 -6850.2 7.9
-5637.8 -6843.6 7.7
-5656.8 -6844.1 7.7
-5678.0 -6841.6 7.7
-5719.3 -6845.4 7.8
-5726.7 -6841.0 7.8
-5737.6 -6841.7 7.8
-5655.7 -6831.6 7.6
-5666.5 -6835.0 7.7
-5735.3 -6831.6 7.8
-5654.8 -6820.0 7.6
-5664.8 -6826.5 7.6
-5725.5 -6824.6 7.7
-5659.9 -6815.6 7.6
-5667.6 -6812.4 7.6
-5676.5 -6815.8 7.6
-5675.6 -6806.1 7.5
-5669.0 -6790.4 7.4
-5676.5 -6792.5 7.5
-5650.1 -6946.9 8.2
-5660.7 -6934.9 8.3
-5631.7 -6926.0 8.5
-5642.9 -6926.3 8.4
-5602.4 -6898.9 8.3
-5621.9 -7046.9 7.5
-5626.7 -7039.0 7.3
-5954.6 -6869.7 6.1
-5740.1 -6847.1 7.9
-5744.1 -6844.6 7.8
-5958.6 -6845.2 6.0
-5966.1 -6846.8 6.0
-5766.8 -6837.7 7.8
-5778.4 -6839.4 7.9
-5755.7 -6826.4 7.8
-5738.8 -6815.8 7.7
-5745.3 -6820.2 7.7
-5755.3 -6814.6 7.7
-5785.7 -6817.4 7.8
-5726.8 -6810.1 7.6
-5744.5 -6807.7 7.6
-5756.6 -6805.9 7.7
-5776.8 -6807.3 7.7
-5789.7 -6804.9 7.6
-5698.0 -6798.4 7.5
-5706.2 -6800.0 7.5
-5746.6 -6796.4 7.6
-5793.9 -6800.0 7.6
-5694.5 -6784.4 7.4
-5708.6 -6789.1 7.5
-5679.8 -6776.6 7.4
-5696.1 -6776.7 7.4
-5678.0 -6765.4 7.3
-5688.5 -6765.1 7.3
-5695.9 -6768.4 7.4
-5705.1 -6767.3 7.4
-5695.2 -6756.6 7.3
-5705.1 -6757.3 7.3
-5700.0 -6744.0 7.2
-5707.8 -6746.5 7.2
-5845.4 -6744.1 6.8
-5877.6 -6749.5 6.8
-5696.8 -6738.1 7.1
-5853.9 -6733.9 6.9
-5847.8 -6726.5 7.0
-5870.2 -6728.3 6.8
-5766.4 -6658.5 7.9
-4995.8 -6737.0 6.5
-5002.9 -6726.2 6.4
-5011.3 -6725.4 6.3
-4942.2 -6720.3 6.8
-4951.1 -6721.7 6.8
-4960.9 -6719.4 6.7
-4993.6 -6715.7 6.5
-5002.6 -6720.7 6.4
-4911.7 -6709.0 7.1
-4939.8 -6707.7 6.9
-4965.2 -6706.4 6.7
-4971.5 -6710.1 6.6
-4990.6 -6711.1 6.5
-5000.9 -6705.8 6.4
-5012.2 -6708.3 6.3
-5029.6 -6708.2 6.2
-4955.0 -6697.4 6.8
-4960.6 -6698.7 6.7
-4995.8 -6696.8 6.5
-5005.3 -6699.7 6.4
-5013.5 -6696.4 6.3
-5030.4 -6699.8 6.2
-4942.6 -6688.5 6.9
-4953.8 -6686.3 6.8
-4969.3 -6686.9 6.7
-4993.5 -6689.3 6.5
-5002.6 -6690.6 6.4
-5010.5 -6688.8 6.4
-5041.2 -6690.3 6.1
-4913.6 -6680.6 7.1
-4929.4 -6675.7 7.0
-4954.1 -6681.7 6.8
-4965.2 -6679.7 6.7
-4989.7 -6680.6 6.5
-5012.1 -6675.8 6.5
-5019.6 -6680.1 6.4
-4919.6 -6669.9 7.1
-4932.9 -6667.0 7.2
-4945.6 -6668.1 7.1
-4952.6 -6668.0 7.0
-4994.7 -6671.1 6.7
-5023.8 -6667.1 6.7
-4945.5 -6657.8 7.3
-4952.3 -6658.7 7.3
-4962.0 -6661.5 7.1
-5000.2 -6661.7 6.9
-5024.3 -6660.1 6.9
-4953.8 -6651.7 7.4
-4964.7 -6646.5 7.5
-4990.1 -6651.2 7.3
-5000.0 -6651.2 7.2
-5012.4 -6647.8 7.2
-4952.9 -6636.5 7.8
-4990.7 -6638.2 7.6
-5005.9 -6637.8 7.5
-4884.1 -6621.1 8.4
-4901.6 -6620.3 8.3
-4932.5 -6615.8 8.2
-4942.0 -6618.0 8.2
-4962.7 -6619.1 8.2
-4975.7 -6618.6 8.1
-4985.5 -6619.6 8.1
-4990.1 -6617.6 8.1
-4893.2 -6606.2 8.6
-4904.9 -6611.0 8.3
-4925.4 -6605.5 8.6
-4951.4 -6608.6 8.4
-4962.7 -6611.9 8.3
-4973.2 -6608.0 8.4
-4903.9 -6601.3 8.7
-4915.3 -6597.5 8.9
-4925.2 -6601.7 8.7
-4935.7 -6601.4 8.7
-4940.3 -6600.0 8.8
-4964.5 -6596.4 8.9
-4975.1 -6601.0 8.7
-4891.5 -6590.0 9.2
-4910.1 -6590.8 9.2
-4932.5 -6586.6 9.3
-4941.1 -6589.8 9.2
-4961.0 -6589.4 9.2
-4891.2 -6577.3 9.7
-4951.3 -6579.8 9.6
-4890.2 -6566.5 9.8
-4925.8 -6565.8 10.0
-4944.0 -6571.3 9.9
-4885.3 -6555.5 9.8
-4890.3 -6556.8 9.8
-4905.1 -6560.1 9.9
-4914.3 -6558.4 10.0
-4920.1 -6558.3 10.0
-4935.8 -6555.7 10.1
-4945.4 -6557.8 10.2
-4873.7 -6550.8 9.8
-4931.7 -6549.9 10.2
-4889.5 -6538.6 10.1
-4899.8 -6538.9 10.2
-4925.7 -6540.5 10.3
-5310.3 -7046.2 8.2
-5330.4 -7047.5 8.3
-5295.9 -7025.5 8.2
-5189.8 -7015.2 7.4
-5158.9 -7005.2 7.3
-5169.5 -7004.4 7.2
-5180.3 -7006.5 7.3
-5201.8 -7001.6 7.3
-5181.0 -6994.5 7.2
-5200.3 -6997.6 7.3
-5179.4 -6988.0 7.2
-5110.9 -6975.8 7.6
-5129.2 -6973.9 7.3
-5178.7 -6976.6 7.1
-5116.6 -6967.7 7.4
-5130.5 -6962.2 7.0
-5128.8 -6957.6 7.0
-5090.4 -6927.4 7.0
-5130.0 -6897.9 6.5
-5444.9 -7215.1 7.6
-5434.9 -7211.1 7.8
-5466.2 -7208.0 7.2
-5473.7 -7206.7 7.0
-5487.0 -7210.3 6.7
-5416.4 -7199.1 8.3
-5449.4 -7197.2 7.6
-5487.1 -7197.3 6.9
-5494.0 -7197.0 6.7
-5413.8 -7190.1 8.3
-5476.4 -7187.7 7.1
-5484.3 -7184.7 6.9
-5494.3 -7189.7 6.8
-5508.0 -7187.4 6.5
-5449.2 -7176.0 7.6
-5518.5 -7175.2 6.4
-5429.3 -7170.9 8.0
-5434.7 -7167.7 7.9
-5446.9 -7168.5 7.6
-5456.3 -7167.6 7.4
-5418.7 -7160.1 8.1
-5435.8 -7159.7 7.8
-5443.8 -7160.6 7.7
-5424.8 -7128.3 8.4
-5387.0 -7115.8 9.2
-5408.5 -7116.7 8.8
-5417.7 -7116.8 8.7
-5445.5 -7116.3 8.2
-5368.8 -7107.9 9.4
-5379.3 -7108.1 9.3
-5383.1 -7106.7 9.2
-5404.4 -7107.5 9.0
-5416.1 -7105.7 8.9
-5349.4 -7099.4 9.4
-5388.9 -7098.5 9.1
-5346.9 -7088.7 9.1
-5367.3 -7090.0 9.0
-5379.2 -7091.2 9.0
-5428.9 -7085.4 8.5
-5348.1 -7079.1 9.0
-5354.1 -7075.2 8.9
-5434.6 -7078.8 8.3
-5353.7 -7065.3 8.8
-5359.1 -7055.0 8.7
-5365.1 -7030.2 8.3
-5030.2 -6588.4 8.6
-5050.2 -6579.5 8.8
-5010.9 -6567.2 9.5
-5070.9 -6570.1 9.1
-5051.0 -6555.7 9.6
-5040.4 -6550.5 9.7
-5052.3 -6550.0 9.6
-5032.5 -6535.9 9.9
-5052.1 -6538.3 9.7
-5021.5 -6526.3 10.0
-5059.9 -6526.2 9.8
-5020.2 -6521.3 10.0
-5048.5 -6516.8 9.9
-5061.7 -6517.9 9.8
-5018.9 -6506.8 10.1
-5012.3 -6495.8 10.1
-5017.7 -6495.9 10.1
-5041.0 -6500.7 10.0
-5020.1 -6490.1 10.1
-5000.3 -6471.7 10.3
-6038.8 8543.5 13.9
-6050.8 8550.3 13.8
-6061.0 8553.4 13.7
-6069.2 8551.9 13.6
-6080.8 8551.2 13.4
-6110.8 8553.8 13.2
-6038.1 8562.7 14.1
-6050.8 8560.9 13.9
-6070.3 8557.3 13.6
-6077.1 8558.9 13.5
-6108.1 8561.7 13.2
-6036.8 8570.7 14.2
-6070.8 8578.4 13.8
-6077.2 8581.0 13.7
-6089.2 8581.0 13.6
-6106.5 8581.5 13.4
-6031.6 8591.4 14.4
-6080.7 8588.1 13.8
-6096.3 8588.4 13.6
-6031.1 8602.4 14.6
-6060.2 8601.0 14.2
-6090.8 8599.6 13.8
-6097.3 8600.9 13.7
-6028.7 8609.5 14.7
-6037.1 8608.6 14.5
-6051.4 8607.4 14.4
-6057.8 8608.5 14.3
-6067.8 8607.6 14.1
-6077.1 8611.7 14.1
-6056.3 8618.1 14.4
-6031.7 8630.4 14.8
-6061.1 8631.2 14.5
-6078.3 8628.9 14.2
-6027.2 8638.3 15.0
-6037.9 8639.1 14.9
-6050.4 8643.6 14.7
-6061.8 8643.3 14.6
-6041.9 8650.4 14.9
-6039.9 8662.1 15.1
-6050.1 8660.4 14.9
-6049.3 8670.1 15.0
-6039.1 8677.7 15.2
-6039.5 8692.8 15.4
-6059.0 8689.2 15.1
-6069.0 8693.8 15.0
-6080.0 8699.2 14.9
-6100.4 8711.8 14.8
-6027.8 8719.9 15.8
-6047.0 8718.1 15.6
-6100.8 8722.0 14.9
-6059.3 8727.9 15.5
-6111.9 8732.9 14.9
-6118.5 8727.9 14.7
-6149.8 8732.2 14.4
-6061.2 8740.4 15.6
-6079.8 8741.7 15.4
-6112.1 8741.1 15.0
-6119.0 8737.9 14.8
-6128.8 8737.5 14.7
-6141.4 8739.2 14.6
-6151.1 8741.3 14.5
-6082.1 8750.9 15.5
-6090.7 8748.5 15.3
-6141.9 8747.9 14.7
-6092.6 8760.1 15.4
-6138.0 8770.9 14.9
-6152.2 8773.1 14.8
-6010.8 8742.8 16.3
-6011.1 8761.0 16.5
-6040.3 8763.2 16.1
-6067.7 8758.0 15.7
-6018.3 8769.3 16.5
-6027.1 8773.2 16.3
-6049.1 8770.2 16.1
-6056.8 8769.2 16.0
-5508.6 -6831.4 7.3
-5520.5 -6816.8 7.3
-5511.6 -6807.9 7.1
-5520.9 -6810.4 7.2
-5509.8 -6796.3 7.1
-5543.7 -6796.1 7.2
-5541.2 -6785.8 7.2
-5114.0 -6780.8 6.0
-5214.7 -6777.4 6.2
-5221.4 -6779.0 6.3
-5183.5 -6770.6 6.2
-5196.9 -6770.9 6.2
-5204.4 -6767.1 6.3
-5216.5 -6769.0 6.3
-5226.5 -6771.1 6.3
-5210.7 -6755.0 6.3
-5176.9 -6748.3 5.9
-5122.9 -6739.2 5.4
-5144.1 -6734.9 5.5
-5180.6 -6735.6 5.7
-5190.4 -6735.9 5.8
-5124.8 -6726.9 5.4
-5130.4 -6726.7 5.5
-5156.8 -6730.7 5.6
-5163.9 -6727.2 5.7
-5185.5 -6725.1 5.8
-5192.9 -6727.7 5.8
-5210.7 -6724.6 5.9
-5142.1 -6720.3 5.5
-5150.8 -6718.9 5.6
-5184.1 -6714.9 5.8
-5194.3 -6716.6 5.9
-5220.7 -6719.6 5.9
-5234.7 -6719.6 6.0
-5244.5 -6715.0 6.1
-5203.3 -6706.5 5.9
-5213.5 -6705.6 6.0
-5242.3 -6705.2 6.2
-5133.1 -6695.3 5.6
-5142.6 -6699.9 5.6
-5173.0 -6695.3 5.8
-5182.6 -6697.8 5.8
-5203.6 -6694.6 5.9
-4974.0 -6963.5 5.4
-4945.3 -6947.7 4.8
-4937.7 -6935.2 4.5
-4944.7 -6938.4 4.7
-4944.4 -6918.7 4.6
-4965.1 -6896.9 4.4
-4777.0 -7052.6 8.8
-4777.3 -7014.5 7.2
-4779.1 -6983.8 6.0
-4784.2 -6985.8 6.0
-4797.7 -6986.7 6.0
-4778.2 -6973.6 5.7
-4808.7 -6972.1 5.6
-4778.6 -6964.5 5.5
-4785.6 -6965.8 5.5
-4799.1 -6964.9 5.4
-4805.1 -6966.1 5.5
-4788.7 -7100.2 9.0
-4808.9 -7102.0 8.0
-4830.3 -7096.7 6.9
-4839.8 -7098.6 6.7
-4872.8 -7102.8 7.1
-4920.3 -7098.2 7.4
-4791.6 -7088.6 8.8
-4798.8 -7087.6 8.4
-4809.6 -7088.0 7.8
-4819.2 -7091.6 7.4
-4839.6 -7088.4 6.6
-4850.5 -7091.2 6.4
-4856.7 -7089.8 6.4
-4872.9 -7088.3 6.5
-4888.8 -7092.6 6.8
-4907.7 -7090.2 6.9
-4948.7 -7090.2 7.5
-4772.0 -7080.3 9.7
-4799.5 -7081.1 8.3
-4817.8 -7080.6 7.4
-4851.8 -7080.1 6.2
-4858.6 -7079.8 6.0
-4882.7 -7081.2 6.2
-4887.5 -7080.8 6.3
-4896.7 -7080.8 6.3
-4837.4 -7069.8 6.6
-4849.8 -7066.9 6.2
-4840.3 -7058.1 6.5
-4868.8 -7061.0 5.6
-4878.7 -7061.0 5.3
-4887.9 -7057.5 5.2
-4827.5 -7049.7 6.9
-4840.0 -7048.5 6.5
-4870.9 -7047.5 5.5
-4876.9 -7049.3 5.3
-4898.8 -7048.9 4.9
-4832.7 -7042.1 6.7
-4838.8 -7040.1 6.5
-4856.6 -7040.3 6.0
-4873.2 -7036.9 5.4
-4878.2 -7040.4 5.3
-4917.4 -7026.6 4.8
-4822.8 -7016.5 6.6
-4829.6 -7017.6 6.4
-4919.3 -7017.6 4.8
-4827.8 -6978.1 5.7
-4822.9 -6966.5 5.5
-4827.2 -6966.7 5.5
-4858.7 -6966.6 4.5
-4900.8 -6967.6 4.3
-4777.0 -7128.0 9.9
-4802.5 -7127.5 8.4
-4818.7 -7131.2 7.5
-5082.4 -7105.7 8.8
-5102.7 -7110.2 8.7
-5111.2 -7111.4 8.6
-5006.4 -7095.1 8.4
-5012.7 -7099.8 8.7
-5020.4 -7097.4 8.6
-5033.1 -7100.9 8.8
-5056.0 -7096.0 8.6
-5070.8 -7095.2 8.5
-5104.7 -7101.1 8.4
-5110.3 -7096.1 8.3
-5131.2 -7098.0 8.4
-5013.6 -7089.4 8.1
-5030.3 -7086.1 8.0
-5041.6 -7085.3 8.0
-5144.7 -7086.1 8.2
-4985.4 -7076.2 7.2
-4983.7 -7067.0 6.7
-5142.2 -7068.1 7.8
-4984.3 -7048.1 6.2
-5104.9 -7025.5 7.6
-5073.1 -7004.9 7.4
-6253.0 7777.9 7.2
-6252.8 7788.4 7.5
-6267.6 7789.6 7.3
-6276.2 7788.1 7.2
-6237.4 7802.9 7.9
-6243.0 7799.4 7.8
-6272.4 7800.3 7.5
-6296.8 7802.6 7.3
-6231.2 7811.6 8.1
-6261.5 7807.9 7.8
-6276.9 7812.7 7.7
-6297.6 7813.0 7.6
-6311.9 7811.0 7.4
-6255.1 7819.1 8.1
-6221.6 7832.4 8.7
-6246.1 7828.4 8.5
-6257.3 7833.1 8.5
-6286.5 7830.7 8.2
-6303.3 7828.1 8.0
-6226.6 7839.8 8.8
-6255.0 7839.7 8.7
-6261.2 7842.7 8.7
-6276.3 7841.4 8.6
-6274.7 7850.3 8.8
-6295.5 7848.9 8.6
-6266.1 7857.2 9.0
-6277.2 7860.5 9.0
-6287.0 7857.6 8.9
-6194.3 7872.3 9.7
-6267.4 7871.6 9.3
-6161.2 7932.4 11.2
-6117.1 8027.3 10.5
-6186.0 8050.0 7.6
-6116.7 8057.6 11.2
-6167.2 8060.9 8.1
-6143.7 8067.8 9.7
-6151.2 8072.8 9.3
-6165.1 8073.3 8.3
-6154.1 8083.3 9.5
-6161.4 8081.9 8.9
-6175.3 8078.6 7.6
-6185.8 8080.9 6.6
-6194.6 8082.6 5.7
-6131.5 8090.3 11.3
-6167.6 8090.5 8.7
-6174.9 8093.6 8.3
-6201.6 8088.4 5.3
-6262.1 8087.9 4.8
-6296.2 8091.1 5.3
-6122.4 8097.4 12.1
-6146.3 8099.5 10.5
-6161.9 8100.6 9.5
-6177.5 8102.0 8.4
-6196.1 8099.8 6.5
-6216.9 8102.2 5.1
-6252.3 8102.1 5.1
-6273.7 8100.5 5.3
-6284.7 8103.5 5.6
-6294.0 8099.2 5.5
-6124.6 8112.5 12.7
-6197.8 8111.6 6.9
-6251.2 8108.2 5.4
-6266.1 8107.2 5.5
-6305.1 8110.3 6.0
-6323.7 8107.6 6.2
-6166.1 8120.6 9.8
-6182.6 8117.1 8.6
-6215.2 8120.7 6.2
-6252.9 8123.2 6.3
-6262.8 8121.0 6.2
-6353.5 8122.9 7.1
-6256.2 8130.1 6.7
-6331.6 8129.3 7.0
-6347.5 8133.6 7.3
-6356.9 8127.7 7.3
-6364.1 8128.3 7.4
-6273.3 8137.3 7.1
-6285.3 8138.5 7.2
-6347.2 8139.1 7.5
-6385.2 8140.5 8.0
-6284.3 8153.6 8.0
-6323.8 8159.2 8.3
-6343.5 8162.6 8.5
-6357.1 8158.1 8.3
-6365.7 8162.4 8.5
-6403.8 8162.0 9.0
-6315.4 8172.7 8.9
-6347.1 8172.7 9.1
-6355.0 8169.4 8.9
-6344.2 8180.0 9.2
-6363.6 8182.9 9.3
-6374.6 8177.2 9.4
-6306.3 8190.5 8.9
-6317.5 8189.7 9.0
-6327.4 8221.4 9.1
-6202.5 8128.6 7.2
-6220.9 8129.4 6.7
-6162.4 8138.2 10.9
-6172.9 8136.2 9.9
-6179.9 8139.4 9.5
-6199.9 8136.2 7.9
-6253.3 8147.4 7.7
-6153.8 8160.0 12.6
-6181.8 8158.7 10.3
-6258.2 8159.8 8.4
-6171.4 8166.8 11.5
-6181.3 8164.5 10.6
-6192.4 8167.3 9.9
-6197.8 8170.3 9.6
-6207.9 8170.2 8.8
-6244.3 8165.1 8.4
-6272.6 8168.0 8.6
-6282.7 8169.7 8.7
-6182.9 8176.4 11.1
-6192.8 8179.9 10.5
-6203.5 8180.6 9.6
-6209.3 8175.3 8.9
-6244.0 8175.6 8.4
-6264.3 8180.5 8.6
-6212.9 8186.7 9.2
-6233.9 8188.0 8.5
-6243.0 8185.2 8.4
-6258.8 8186.0 8.5
-6288.6 8190.2 8.8
-6181.3 8199.6 12.3
-6187.9 8197.2 11.7
-6252.7 8196.2 8.5
-6264.3 8196.3 8.6
-6284.2 8197.6 8.7
-6289.9 8199.9 8.8
-6189.1 8209.4 12.2
-6261.3 8208.8 8.6
-6273.7 8204.4 8.7
-6298.8 8209.7 8.9
-6198.7 8220.2 11.9
-6258.3 8217.0 8.8
-6271.5 8215.0 8.7
-6242.7 8229.9 9.6
-6253.0 8227.4 9.2
-6259.1 8224.2 9.0
-6270.4 8227.5 8.8
-6314.3 8230.4 9.0
-6213.4 8240.5 11.2
-6223.2 8236.6 10.7
-6228.9 8238.0 10.4
-6258.8 8236.4 9.4
-6282.4 8237.3 8.8
-6238.5 8245.3 10.1
-6248.0 8245.0 9.9
-6212.1 8268.1 10.9
-6260.4 8270.0 10.2
-6221.7 8277.6 10.7
-6258.7 8278.9 10.3
-6260.4 8289.8 10.4
-6268.2 8285.4 10.2
-6220.3 8298.7 10.8
-6229.8 8295.1 10.7
-6253.2 8297.7 10.4
-6232.5 8304.2 10.7
-6238.3 8304.3 10.6
-6283.7 8309.4 10.2
-6289.6 8305.9 10.1
-6231.9 8319.6 10.8
-6242.7 8316.1 10.6
-6248.5 8320.5 10.8
-6231.1 8324.1 10.8
-6252.5 8327.6 10.9
-6241.8 8335.6 11.0
-6252.8 8334.2 11.0
-6326.6 8311.9 9.4
-6366.4 8314.5 9.1
-6305.8 8321.2 10.0
-6376.8 8324.2 9.1
-6312.5 8330.9 10.0
-6333.7 8334.4 9.6
-6305.5 8344.1 10.2
-6314.3 8346.1 10.2
-6324.4 8344.1 9.9
-6336.8 8345.7 9.7
-6324.2 8351.5 10.1
-6347.1 8351.1 9.6
-6365.0 8350.9 9.4
-6314.8 8361.0 10.3
-6333.9 8362.6 10.0
-6352.0 8363.5 9.7
-6336.0 8370.9 10.1
-6361.2 8372.8 9.6
-6286.7 8383.6 11.4
-6365.6 8384.0 9.7
-6321.4 8394.2 10.6
-6333.3 8391.2 10.3
-6313.6 8415.0 11.2
-6367.3 8415.6 10.2
-6326.3 8425.6 11.0
-6383.1 8433.9 10.1
-6383.0 8340.6 9.2
-6379.1 8350.2 9.3
-6374.0 8369.8 9.5
-6383.8 8367.6 9.4
-6399.4 8372.5 9.4
-6413.8 8372.9 9.3
-6430.9 8374.0 9.2
-6381.5 8401.6 9.8
-6434.2 8408.7 9.7
-6450.5 8413.1 10.2
-6461.4 8418.7 10.6
-6468.3 8437.9 11.2
-5019.2 -6896.7 5.3
-5015.8 -6888.1 5.2
-6214.2 8347.8 11.1
-6221.5 8346.4 11.0
-6210.3 8358.3 11.2
-6184.8 8369.6 11.5
-6200.6 8366.9 11.3
-6173.7 8374.9 11.7
-6219.6 8373.5 11.4
-6181.5 8389.2 11.6
-6223.3 8385.7 11.6
-6239.3 8387.2 11.7
-6203.6 8398.1 11.6
-6222.4 8398.4 11.8
-6250.7 8395.7 11.8
-6270.3 8394.7 11.7
-6165.0 8405.3 11.9
-6184.2 8405.8 11.7
-6194.8 8408.5 11.7
-6202.5 8407.4 11.8
-6243.5 8408.9 11.9
-6249.3 8408.2 11.9
-6164.2 8418.6 11.9
-6172.6 8416.8 11.9
-6194.2 8416.1 11.8
-6242.0 8415.8 12.0
-6261.3 8419.8 12.1
-6191.5 8424.9 12.0
-6204.3 8426.4 12.1
-6210.7 8423.9 12.1
-6224.6 8423.3 12.1
-6251.9 8427.5 12.2
-6261.6 8425.4 12.1
-6139.9 8434.9 12.3
-6183.6 8434.6 12.0
-6223.4 8435.2 12.3
-6234.9 8437.5 12.3
-6252.4 8439.2 12.3
-6189.2 8447.1 12.3
-6224.9 8445.0 12.4
-6251.3 8447.2 12.4
-6264.6 8446.8 12.4
-6189.4 8456.3 12.5
-6222.3 8454.6 12.5
-4934.7 -6514.5 10.5
-4934.5 -6492.2 10.6
-6004.8 8610.3 15.0
-5879.6 8617.9 16.7
-5909.1 8615.5 16.3
-5947.0 8620.5 15.8
-5967.2 8614.7 15.5
-5976.8 8618.6 15.4
-5984.6 8618.2 15.3
-5877.8 8627.7 16.8
-5897.7 8629.4 16.5
-5946.9 8630.8 15.9
-5957.2 8626.2 15.7
-5979.6 8630.1 15.5
-6010.1 8627.7 15.1
-5876.8 8636.3 16.9
-5949.6 8636.9 16.0
-5957.1 8639.3 15.9
-6010.8 8639.3 15.2
-5868.9 8644.8 17.1
-5915.9 8648.1 16.5
-5977.8 8649.7 15.7
-6008.1 8650.2 15.3
-5876.1 8660.7 17.1
-5894.6 8654.2 16.8
-5917.2 8659.5 16.6
-5946.4 8656.2 16.2
-5958.6 8659.5 16.1
-5969.8 8655.4 15.9
-5976.0 8656.8 15.8
-5989.7 8660.3 15.7
-5868.1 8665.2 17.3
-5878.6 8667.3 17.2
-5917.4 8666.5 16.7
-5926.4 8670.3 16.6
-5938.7 8666.2 16.4
-5957.3 8669.5 16.2
-5966.5 8665.8 16.0
-5977.4 8668.5 15.9
-5984.9 8664.7 15.8
-5999.4 8665.8 15.6
-5869.5 8676.6 17.4
-5908.3 8676.3 16.9
-5916.5 8675.9 16.8
-5928.4 8680.3 16.7
-5938.1 8677.5 16.5
-5950.6 8676.3 16.4
-5968.9 8679.0 16.1
-6007.5 8678.4 15.6
-5880.2 8687.9 17.4
-5917.7 8684.9 16.9
-5945.7 8685.6 16.5
-5960.5 8684.2 16.3
-5870.5 8695.3 17.6
-5889.3 8699.6 17.4
-5876.7 8709.8 17.6
-5886.5 8709.5 17.5
-5898.9 8709.6 17.4
-5915.4 8710.2 17.2
-5925.5 8710.1 17.0
-5956.4 8708.8 16.6
-5968.1 8705.0 16.4
-5889.3 8718.0 17.6
-5899.3 8714.7 17.4
-5914.9 8717.5 17.2
-6000.7 8717.2 16.1
-5866.6 8725.4 17.9
-5889.0 8727.8 17.7
-5900.9 8727.8 17.5
-5907.5 8727.8 17.4
-4843.5 -6568.5 9.6
-4833.2 -6557.8 9.5
-4842.9 -6553.1 9.6
-4832.7 -6545.4 9.7
-4843.4 -6545.0 9.8
-4843.6 -6516.1 9.6
-4848.8 -6514.6 9.6
-4822.6 -6502.8 9.4
-4835.2 -6507.6 9.5
-4839.0 -6502.9 9.5
-4854.8 -6507.4 9.7
-4862.4 -6505.0 9.8
-4794.3 -6495.8 9.1
-4819.7 -6496.1 9.3
-4844.4 -6495.4 9.6
-4850.2 -6497.1 9.7
-4871.7 -6493.9 9.9
-4804.2 -6485.6 9.2
-4791.5 -6476.3 9.1
-5593.4 -6744.9 7.0
-5597.8 -6741.0 7.0
-5613.4 -6742.1 7.1
-5618.5 -6742.2 7.1
-5631.8 -6740.9 7.1
-5609.0 -6735.2 7.0
-5624.3 -6735.7 7.1
-5631.1 -6730.0 7.0
-5609.7 -6725.5 6.9
-5632.3 -6724.3 7.0
-5612.9 -6710.9 6.8
-5629.8 -6711.3 6.9
-5551.7 -6701.4 6.8
-5570.8 -6701.4 6.7
-5538.6 -6693.0 6.8
-5553.1 -6691.0 6.8
-5345.4 -6595.4 7.7
-5276.3 -6559.8 8.3
-5275.9 -6548.8 8.4
-5232.2 -6527.3 8.8
-5252.5 -6515.3 8.7
-5146.4 -6510.2 9.3
-5254.3 -6511.0 8.7
-5366.2 -6505.6 8.0
-5241.3 -6496.9 8.8
-5256.4 -6496.7 8.7
-5255.2 -6485.8 8.7
-5263.4 -6487.3 8.7
-5367.2 -6488.8 8.0
-5242.9 -6480.3 8.8
-5353.0 -6481.2 8.1
-5165.9 -6465.2 9.3
-5245.8 -6466.5 8.8
-5256.6 -6467.2 8.7
-5331.8 -6466.4 8.3
-5340.9 -6465.6 8.2
-5356.8 -6468.5 8.1
-5362.7 -6471.1 8.1
-5261.3 -6448.6 8.7
-5303.9 -6449.6 8.4
-5316.4 -6449.3 8.3
-5332.6 -6447.0 8.2
-5166.4 -6436.2 9.3
-5272.6 -6435.5 8.6
-5290.9 -6440.0 8.5
-5315.2 -6440.4 8.3
-5252.2 -6425.6 8.7
-5253.2 -6419.9 8.7
-5165.3 -6381.1 8.7
-5333.5 -6733.5 6.8
-5309.9 -6723.3 6.4
-5322.6 -6728.4 6.6
-5485.4 -6726.4 7.4
-5312.8 -6712.7 6.3
-5323.6 -6706.2 6.4
-5321.5 -6698.2 6.5
-5489.3 -6756.3 7.2
-5495.7 -6755.2 7.2
-5572.3 -7016.9 8.3
-5546.2 -7003.2 8.3
-5553.4 -7007.5 8.3
-5566.6 -7006.1 8.3
-5536.7 -6992.9 8.4
-5566.0 -6994.0 8.3
-5572.6 -6995.3 8.3
-5537.8 -6987.7 8.4
-5537.9 -6973.5 8.4
-5522.7 -6966.7 8.5
-5533.8 -6966.5 8.5
-5582.0 -6965.6 8.4
-5537.1 -6954.2 8.6
-5583.5 -6956.5 8.5
-5542.1 -6944.8 8.6
-5524.3 -6933.9 8.4
-5558.1 -6934.7 8.6
-5562.7 -6936.6 8.6
-5527.9 -6922.7 8.3
-5545.0 -6922.7 8.4
-5587.0 -6927.1 8.6
-5483.4 -6918.4 8.0
-5498.2 -6918.0 8.1
-5505.2 -6915.9 8.1
-5516.0 -6915.5 8.2
-5525.4 -6917.8 8.2
-5553.0 -6912.8 8.3
-5563.9 -6913.4 8.4
-5586.9 -6913.6 8.5
-5492.4 -6903.7 7.9
-5502.8 -6902.7 8.0
-5533.8 -6907.1 8.2
-5542.1 -6902.6 8.2
-5554.3 -6904.9 8.3
-5564.6 -6908.4 8.3
-5512.5 -6892.7 7.9
-5521.9 -6896.8 8.0
-5535.9 -6897.8 8.1
-5547.6 -6895.3 8.1
-5552.9 -6892.6 8.1
-5514.5 -6886.2 7.8
-5562.6 -6886.4 8.1
-5554.4 -6868.7 7.9
-5545.9 -6858.5 7.7
-5565.2 -6824.6 7.5
-5195.9 -6524.3 9.0
-5175.7 -6519.2 9.1
-5186.0 -6519.3 9.1
-5208.1 -6519.3 8.9
-6428.3 8473.2 10.7
-6328.0 8481.2 12.0
-6353.2 8481.1 11.3
-6368.7 8478.0 10.8
-6301.8 8491.4 12.7
-6308.7 8487.7 12.6
-6327.7 8490.3 12.4
-6350.6 8492.7 11.9
-6317.9 8503.0 12.7
-6353.1 8497.3 12.1
-6362.3 8499.0 12.0
-6294.1 8513.9 12.9
-6317.7 8529.4 12.6
-6311.4 8541.5 12.5
-6313.2 8553.6 12.4
-6262.4 8563.4 13.0
-6318.4 8560.5 12.4
-6253.6 8572.9 13.0
-6263.4 8573.6 12.9
-6301.9 8570.9 12.5
-6247.9 8581.2 12.9
-6262.4 8582.6 12.8
-6273.4 8581.2 12.8
-6278.4 8578.1 12.8
-6288.2 8582.2 12.7
-6300.9 8577.7 12.6
-6318.2 8580.3 12.4
-6271.8 8587.6 12.8
-6278.5 8588.1 12.7
-6251.1 8601.6 12.3
-6258.2 8602.1 12.3
-6239.7 8609.4 12.1
-6238.7 8622.6 12.2
-6242.5 8640.3 12.3
-6243.7 8648.1 12.3
-6250.5 8652.6 12.3
-6243.2 8658.9 12.4
-6261.8 8658.6 12.2
-6261.5 8669.3 12.3
-6254.0 8683.5 12.6
-6257.9 8678.4 12.5
-6228.1 8688.0 12.9
-6212.5 8708.4 13.3
-6218.4 8712.1 13.3
-6228.8 8710.4 13.2
-6145.7 8540.3 13.2
-6118.0 8570.6 13.2
-6129.4 8579.7 13.1
-6119.3 8587.7 13.3
-6118.7 8594.3 13.4
-6106.2 8617.5 13.8
-6099.7 8629.2 14.0
-6107.5 8624.2 13.8
-6115.4 8640.6 13.9
-6138.0 8635.5 13.5
-6153.5 8636.7 13.4
-6114.7 8650.1 14.0
-6138.3 8649.5 13.7
-6147.4 8647.6 13.5
-6114.6 8655.0 14.0
-6127.8 8656.9 13.9
-6128.3 8666.7 14.0
-6113.6 8680.1 14.3
-6136.1 8674.1 14.0
-6157.6 8675.9 13.7
-6144.9 8689.3 14.0
-6129.8 8695.9 14.3
-6159.2 8694.1 13.9
-6165.5 8695.1 13.8
-6176.2 8697.0 13.7
-6168.0 8704.6 13.9
-6066.0 8462.7 13.7
-6091.3 8469.7 13.0
-6106.7 8478.6 12.9
-6105.8 8490.2 12.9
-6151.9 8492.6 12.7
-6135.6 8502.9 12.7
-6122.4 8509.8 12.8
-6144.2 8511.3 12.9
-6153.2 8513.4 13.1
-6135.1 8519.9 13.0
-6145.6 8518.2 13.1
-6157.3 8518.3 13.2
-5457.4 -6909.4 7.8
-5468.4 -6900.8 7.7
-5446.4 -6886.6 7.5
-6461.1 8589.5 10.8
-6461.2 8620.6 10.8
-6438.9 8634.0 11.0
-6447.3 8634.2 10.9
-6461.0 8635.3 10.8
-6447.2 8643.2 10.9
-6438.6 8654.0 11.0
-6438.4 8673.5 11.0
-6449.0 8671.5 10.9
-6440.3 8683.2 11.0
-6420.6 8702.6 10.8
-6428.3 8699.2 11.0
-6427.9 8619.4 11.1
-6417.7 8634.0 11.3
-6428.6 8640.5 11.1
-6411.7 8648.6 11.3
-6419.6 8648.0 11.2
-6401.2 8679.5 11.3
-6389.2 8687.9 11.0
-6395.9 8692.2 10.9
-6215.7 8524.5 13.5
-6659.7 8187.0 7.5
-6642.2 8205.9 7.3
-6622.3 8222.5 6.9
-6592.8 8238.6 6.5
-6597.7 8234.4 6.6
-6657.0 8236.4 6.7
-6641.0 8245.1 6.5
-6663.0 8247.8 6.5
-6636.8 8253.6 6.6
-6652.9 8257.8 6.6
-6693.2 8257.4 6.4
-6609.4 8266.3 7.0
-6643.4 8264.4 6.8
-6672.2 8264.5 6.7
-6619.1 8276.6 7.3
-6638.6 8275.2 7.1
-6580.9 8288.8 7.7
-6608.5 8284.3 7.5
-6637.0 8284.0 7.4
-6582.8 8298.7 8.0
-6598.4 8293.6 7.8
-6620.3 8298.9 7.8
-6631.6 8298.3 7.7
-6501.7 8307.7 9.0
-6587.0 8304.9 8.1
-6600.4 8306.7 8.1
-6611.9 8304.9 8.0
-6617.2 8307.7 8.0
-6640.5 8304.1 7.8
-6571.5 8318.1 8.5
-6611.9 8317.9 8.3
-6627.8 8313.6 8.1
-6539.7 8323.7 8.8
-6551.8 8322.6 8.7
-6561.3 8324.0 8.7
-6597.5 8328.6 8.7
-6627.4 8324.0 8.4
-6507.0 8338.2 9.6
-6589.9 8336.5 8.9
-6509.5 8343.0 9.6
-6528.5 8343.6 9.3
-6530.8 8352.5 9.6
-6539.9 8367.2 9.9
-6548.8 8363.2 9.7
-6563.4 8367.0 9.8
-6522.4 8383.8 10.4
-6529.9 8385.4 10.4
-6589.7 8385.4 10.1
-6527.3 8406.3 10.9
-6552.2 8408.3 10.8
-6518.7 8412.8 11.1
-6527.6 8413.9 11.1
-6522.8 8425.7 11.4
-6540.6 8424.8 11.3
-4762.7 -6641.2 8.7
-4781.5 -6639.2 8.6
-4791.8 -6641.8 8.5
-4801.5 -6637.4 8.6
-4758.2 -6625.7 8.7
-4793.1 -6630.2 8.7
-4802.9 -6626.6 8.6
-4722.8 -6616.0 8.8
-4733.5 -6620.1 8.8
-4737.2 -6618.4 8.7
-4797.9 -6620.3 8.6
-4709.7 -6612.1 8.8
-4878.2 -6713.4 7.3
-4827.0 -6673.1 7.7
-4831.3 -6658.3 7.9
-4825.7 -6641.0 8.4
-4836.4 -6630.6 8.6
-4847.9 -6630.1 8.5
-4840.9 -6620.1 8.5
-4857.1 -6623.3 8.5
-4865.6 -6621.0 8.4
-5033.4 -6757.2 6.2
-5025.9 -6746.8 6.2
-5037.2 -6751.7 6.2
-5042.4 -6751.0 6.1
-4935.1 -6738.4 6.9
-5023.9 -6739.3 6.3
-5032.6 -6737.8 6.2
-5044.7 -6727.5 6.1
-5043.7 -6718.1 6.1
-4778.5 -6875.0 4.8
-4839.9 -6876.9 4.7
-4918.2 -6873.6 4.8
-4779.8 -6865.8 5.0
-4780.3 -6851.5 5.3
-4826.4 -6842.9 5.4
-4876.2 -6843.8 5.4
-4906.6 -6846.6 5.3
-4858.8 -6833.2 5.6
-4875.2 -6835.2 5.6
-4894.9 -6833.1 5.6
-4850.1 -6827.4 5.7
-4869.2 -6823.3 5.8
-4874.9 -6826.5 5.8
-4817.2 -6814.5 6.0
-4829.1 -6817.8 5.9
-4884.9 -6811.8 6.1
-4935.7 -6813.5 6.0
-4900.7 -6805.4 6.2
-4820.8 -6794.0 6.4
-4826.1 -6794.2 6.4
-4830.9 -6784.4 6.6
-4834.5 -6785.8 6.6
-4837.2 -6777.9 6.8
-4848.3 -6777.1 6.8
-4838.0 -6761.9 7.1
-5114.3 -6679.9 5.9
-5172.1 -6668.5 6.2
-5180.0 -6671.7 6.1
-5282.1 -6659.4 6.5
-5174.7 -6648.7 6.5
-5181.0 -6650.2 6.5
-5241.3 -6631.8 7.0
-5156.6 -6839.7 6.2
-5150.7 -6831.0 6.1
-5156.9 -6830.0 6.1
-5179.2 -6831.1 6.2
-5167.5 -6820.2 6.1
-5177.1 -6825.2 6.2
-5259.9 -6806.9 6.4
-5310.2 -6787.1 6.5
-5324.9 -6787.4 6.5
-5312.8 -6779.6 6.5
-5334.5 -6779.8 6.6
-5343.0 -6778.0 6.6
-5352.1 -6780.4 6.7
-5360.0 -6780.4 6.7
-5320.7 -6772.4 6.6
-5330.0 -6766.8 6.6
-5339.8 -6772.8 6.6
-5294.7 -6761.6 6.5
-5312.9 -6757.3 6.6
-5333.9 -6760.2 6.7
-5342.0 -6761.9 6.7
-5314.6 -6746.9 6.8
-5324.2 -6752.4 6.7
-5319.0 -6738.2 6.8
-5313.6 -6730.6 6.6
-5319.7 -6732.9 6.7
-5294.7 -6721.8 6.3
-5308.5 -6697.6 6.5
-5323.0 -6680.9 6.7
-5341.1 -6651.6 6.8
-5279.9 -6623.5 7.2
-5275.3 -6615.0 7.4
-5246.4 -6597.4 7.8
-5227.1 -6576.3 8.0
-4483.1 -6861.7 6.7
-4488.4 -6863.8 6.7
-4487.9 -6850.7 7.0
-4481.1 -6840.6 7.2
-4501.4 -6843.0 7.4
-4752.0 -6841.3 5.5
-4502.7 -6832.0 7.5
-4512.8 -6832.3 7.5
-4740.3 -6834.9 5.6
-4749.4 -6832.6 5.7
-4758.1 -6822.9 6.0
-4511.9 -6814.0 7.6
-4522.6 -6809.3 7.4
-4741.7 -6811.7 6.2
-4750.5 -6809.3 6.2
-4767.1 -6813.7 6.0
-4530.0 -6803.6 7.0
-4751.2 -6802.9 6.3
-4550.6 -6794.9 6.7
-4718.4 -6793.7 6.6
-4760.8 -6794.2 6.4
-4540.0 -6780.4 6.9
-4547.5 -6783.0 6.8
-4703.1 -6778.7 6.9
-4710.2 -6782.4 6.9
-4729.7 -6779.2 6.7
-4748.7 -6781.2 6.7
-4778.6 -6780.5 6.7
-4688.3 -6769.1 7.1
-4700.5 -6771.8 7.1
-4727.3 -6770.9 6.9
-4740.1 -6770.9 6.9
-4638.3 -6762.6 7.1
-4687.7 -6761.0 7.3
-4707.1 -6759.1 7.2
-4721.3 -6765.3 7.0
-4740.5 -6759.5 7.2
-4622.6 -6753.5 7.3
-4718.2 -6752.6 7.3
-4633.1 -6741.9 7.6
-4637.8 -6735.4 7.8
-4638.6 -6725.3 8.1
-4752.6 -6694.1 8.2
-4642.9 -6681.5 8.8
-4653.1 -6682.8 8.7
-4719.3 -6675.0 8.5
-4698.5 -6663.8 8.6
