-4615.0 194.9 38.9
-4627.8 215.5 38.6
-4776.2 212.6 35.8
-4745.7 222.3 36.4
-4762.8 226.2 35.9
-4774.4 220.0 35.8
-4633.9 234.9 38.4
-4723.5 234.6 36.5
-4735.3 230.4 36.4
-4751.3 232.4 35.9
-4634.1 242.4 38.2
-4724.4 243.4 36.0
-4751.8 239.6 35.5
-4716.1 252.3 35.7
-4725.9 251.9 35.5
-4742.3 255.7 34.9
-4766.2 252.1 34.5
-4697.7 262.4 35.7
-4674.2 272.8 35.8
-4703.4 275.8 34.8
-4666.2 281.5 35.5
-4675.6 281.2 35.3
-4684.8 284.4 34.8
-4697.2 282.4 34.6
-4701.8 282.9 34.5
-4674.9 293.4 34.6
-4682.1 289.9 34.6
-4695.4 292.1 34.1
-4693.1 302.8 33.7
-4704.5 306.1 33.7
-4687.7 313.1 33.6
-4691.2 309.6 33.6
-4701.2 314.6 33.6
-4673.7 329.9 33.3
-4702.7 340.3 33.4
-4684.3 354.1 33.2
-4686.6 364.7 33.1
-4697.2 372.3 33.0
-4725.1 372.4 33.2
-4687.3 381.0 32.9
-4701.6 383.6 32.9
-4711.8 379.6 33.0
-4734.6 381.6 33.1
-4926.3 526.3 29.4
-4911.0 565.9 28.9
-5036.9 670.3 26.5
-4970.7 499.5 29.4
-4983.9 503.0 29.2
-4980.1 507.3 29.1
-4960.9 518.0 29.2
-4969.7 516.9 29.1
-4991.9 519.3 28.7
-5001.2 519.0 28.6
-4951.8 531.0 29.0
-4991.8 527.9 28.5
-5005.2 530.9 28.2
-4981.8 537.8 28.4
-5023.9 539.3 27.8
-4981.1 549.5 28.2
-4989.9 547.7 28.1
-4999.5 550.8 27.9
-5015.4 552.6 27.6
-5030.9 552.9 27.4
-4981.3 561.1 27.9
-4991.7 562.8 27.7
-4999.6 557.1 27.7
-5023.2 562.1 27.3
-5030.7 560.0 27.2
-5045.5 561.6 27.0
-4983.5 569.3 27.7
-4989.4 572.1 27.5
-5002.7 571.8 27.4
-5013.6 568.6 27.3
-5023.8 573.2 27.0
-5031.7 571.3 27.0
-5044.1 568.2 26.9
-4995.7 580.9 27.3
-5000.2 580.5 27.2
-5024.6 592.5 26.6
-5011.4 599.0 26.7
-5020.9 602.4 26.5
-5033.7 620.7 26.3
-5053.7 628.1 25.9
-5058.2 644.9 26.0
-5061.5 652.9 25.9
-4376.9 1534.8 27.1
-4367.6 1544.6 27.1
-4377.6 1541.8 26.9
-4497.3 1475.9 24.8
-4474.9 1485.9 25.2
-4484.2 1481.2 25.0
-4457.4 1493.6 25.5
-4465.8 1494.8 25.2
-4465.1 1505.5 25.0
-4480.2 1500.4 24.7
-4458.9 1513.5 25.1
-4468.9 1512.9 24.8
-4475.0 1511.7 24.6
-4487.2 1514.7 24.2
-4496.6 1513.9 23.9
-4504.2 1513.3 23.7
-4455.5 1524.7 24.9
-4476.0 1521.3 24.4
-4448.2 1533.0 25.0
-4465.5 1533.6 24.4
-4390.4 1541.7 26.5
-4406.7 1543.2 26.0
-4430.3 1540.4 25.4
-4439.7 1543.0 25.0
-4447.7 1542.3 24.8
-4396.0 1552.9 26.1
-4416.4 1563.8 25.3
-4737.2 75.3 37.6
-4751.8 73.9 37.3
-4720.4 81.6 37.8
-4731.0 82.0 37.6
-4750.4 86.6 37.1
-4578.2 94.0 40.4
-4706.9 95.1 37.8
-4721.6 92.1 37.6
-4751.4 93.0 37.0
-4495.5 101.8 41.8
-4489.9 113.0 41.9
-4498.5 126.7 41.6
-4600.4 127.9 39.4
-4629.3 126.4 38.9
-4655.7 128.0 38.3
-4485.4 135.3 41.7
-4590.3 137.4 39.5
-4600.1 137.2 39.3
-4607.8 133.7 39.2
-4620.6 137.7 39.0
-4627.6 136.7 38.8
-4495.3 147.7 41.3
-4598.8 144.9 39.4
-4607.0 145.4 39.3
-4645.3 144.2 38.5
-4496.0 155.1 41.3
-4616.1 156.3 39.0
-4627.3 156.5 38.8
-4641.7 153.7 38.5
-4650.3 156.3 38.3
-4501.8 162.4 41.3
-4591.0 166.4 39.5
-4579.1 174.1 39.6
-4596.1 176.5 39.3
-4536.0 185.4 40.4
-4549.1 183.0 40.2
-4717.5 140.2 37.0
-4682.1 155.5 37.6
-4703.0 154.1 37.2
-4713.0 150.4 37.0
-4726.0 155.5 36.8
-4636.0 179.3 38.5
-5651.3 762.4 18.7
-5663.4 763.1 18.7
-5651.2 772.9 18.2
-5641.4 781.5 18.2
-5654.8 782.7 18.1
-5585.8 800.1 18.5
-5593.2 811.6 18.6
-5449.2 1060.2 19.2
-5462.7 1061.8 19.2
-5433.7 1072.6 19.2
-5450.3 1069.1 19.2
-5412.8 1080.3 19.2
-5431.1 1079.1 19.2
-5444.2 1082.9 19.2
-5452.7 1083.7 19.2
-5464.2 1080.0 19.2
-5473.0 1083.3 19.2
-5442.6 1090.2 19.2
-5448.4 1091.5 19.2
-5471.8 1100.2 19.2
-5323.2 1036.0 19.2
-5313.8 1043.2 19.2
-5331.0 1041.3 19.2
-5321.5 1056.3 19.2
-5329.2 1051.3 19.2
-5348.9 1055.5 19.2
-5339.1 1063.4 19.2
-5278.7 1074.0 19.2
-5323.6 1075.0 19.2
-5360.5 1124.6 19.2
-5374.1 1142.5 19.2
-5329.5 1155.8 19.1
-5354.9 1153.0 19.5
-5363.3 1150.2 19.4
-5385.0 1154.1 19.3
-5322.7 1160.3 19.1
-5344.6 1162.7 19.4
-5361.6 1166.6 19.7
-5340.7 1175.0 19.7
-5361.2 1173.3 19.8
-5372.8 1171.8 19.7
-5414.9 1173.5 19.4
-5295.9 1185.5 19.2
-5301.2 1180.7 19.1
-5321.1 1184.2 19.2
-5341.9 1181.5 19.9
-5351.2 1184.5 20.0
-5361.8 1184.2 19.9
-5274.9 1190.1 19.4
-5283.2 1190.1 19.4
-5300.6 1195.1 19.6
-5354.4 1205.8 20.3
-5371.9 1206.3 20.2
-5350.4 1214.0 20.5
-5363.1 1211.3 20.4
-5379.7 1220.6 20.4
-5305.3 1243.1 21.0
-5330.4 1253.4 21.5
-5430.5 1223.3 20.1
-5440.2 1224.0 20.1
-5419.8 1235.0 20.5
-5408.6 1240.0 20.8
-5457.9 1243.3 20.6
-5412.9 1252.9 21.4
-5423.9 1249.8 21.2
-5431.8 1249.9 21.1
-5449.8 1252.2 21.1
-5457.7 1251.8 21.0
-5389.7 1263.4 22.1
-5408.4 1261.7 21.9
-5422.0 1263.6 21.9
-5434.0 1261.2 21.6
-5367.9 1269.7 22.6
-5393.6 1271.8 22.5
-5401.4 1272.5 22.5
-5380.5 1279.0 23.0
-5417.8 1282.0 22.5
-5362.1 1295.5 23.2
-5363.6 1304.0 23.1
-5369.7 1302.6 23.1
-5389.4 1304.4 22.7
-5369.8 1314.0 23.0
-5379.3 1313.2 22.8
-5399.6 1309.7 22.5
-5380.0 1322.8 22.7
-5387.6 1324.2 22.6
-5610.5 914.6 18.6
-5618.1 912.9 18.6
-5628.3 914.8 18.6
-5641.2 917.2 18.6
-5598.0 923.9 18.6
-5608.9 928.3 18.7
-5622.5 927.5 18.7
-5647.3 925.4 18.7
-5592.0 935.9 18.7
-5601.2 934.1 18.7
-5640.7 935.3 18.5
-5650.7 933.1 18.5
-5581.5 943.1 18.7
-5592.2 943.3 18.6
-5598.3 942.9 18.6
-5622.4 945.5 18.6
-5628.0 945.0 18.6
-5672.1 945.5 18.4
-5559.9 958.2 18.8
-5566.2 958.0 18.8
-5581.3 953.0 18.6
-5587.2 955.4 18.6
-5612.4 957.2 18.5
-5622.2 957.8 18.5
-5630.3 959.0 18.5
-5642.0 958.5 18.5
-5556.9 967.7 18.9
-5567.5 965.1 18.9
-5587.2 967.7 18.5
-5611.5 966.1 18.4
-5682.0 968.2 18.4
-5556.9 972.8 18.9
-5571.2 972.4 18.8
-5576.8 972.4 18.7
-5607.9 975.9 18.6
-5646.7 975.3 18.6
-5656.8 975.4 18.6
-5669.0 972.5 18.5
-5540.1 986.7 19.0
-5550.6 983.6 19.0
-5571.1 985.2 18.8
-5577.8 986.9 18.8
-5590.3 988.4 18.9
-5601.8 983.5 18.7
-5626.2 986.0 18.8
-5639.8 982.6 18.7
-5649.9 982.7 18.7
-5658.1 982.9 18.7
-5668.4 987.0 18.8
-5680.6 984.0 18.7
-5586.8 994.7 19.0
-5617.7 998.2 19.0
-5628.9 996.6 19.0
-5662.6 993.5 18.9
-5551.5 1006.8 19.2
-5559.1 1008.8 19.2
-5569.0 1003.5 19.1
-5579.5 1007.9 19.2
-5609.2 1008.4 19.2
-5629.2 1006.6 19.2
-5636.3 1006.7 19.2
-5651.0 1005.3 19.1
-5657.1 1004.7 19.1
-5570.6 1016.3 19.3
-5597.6 1015.0 19.3
-5606.9 1015.6 19.3
-5618.4 1012.4 19.3
-5632.2 1013.5 19.3
-5639.6 1017.6 19.3
-5571.4 1028.2 19.3
-5580.8 1028.9 19.3
-5631.9 1026.4 19.4
-5642.0 1025.0 19.4
-5637.4 1036.8 19.4
-5599.4 1042.6 19.3
-5631.7 1048.4 19.3
-5641.0 1043.8 19.4
-5630.0 1053.9 19.3
-5567.1 884.7 18.6
-5583.0 880.6 18.6
-5483.8 877.0 18.3
-5477.8 885.5 18.3
-5494.1 887.1 18.3
-5508.7 889.5 18.4
-5446.7 960.9 18.6
-5346.3 967.0 18.4
-5341.8 984.8 18.7
-5370.4 994.3 18.8
-5378.2 995.3 18.9
-5400.4 900.4 18.1
-5397.3 905.5 18.1
-5396.0 916.9 18.2
-5503.0 777.5 18.3
-5536.7 792.7 18.4
-5470.5 1290.2 21.6
-5463.5 1306.3 21.5
-5453.0 1320.2 21.7
-5460.7 1315.2 21.6
-5443.7 1328.9 21.8
-5442.6 1335.7 21.7
-5450.1 1341.7 21.6
-5415.8 1351.1 22.2
-5440.3 1351.4 21.6
-5441.4 1359.7 21.8
-5179.0 1141.1 18.4
-5191.7 1141.4 18.4
-5162.3 1151.7 18.4
-5181.5 1150.4 18.5
-5192.4 1151.1 18.5
-5201.7 1146.3 18.5
-5211.1 1149.2 18.5
-5223.3 1151.4 18.6
-5173.6 1159.5 18.5
-5220.6 1157.8 18.6
-5280.7 1134.4 18.8
-5272.0 1140.0 18.7
-5094.8 1646.8 23.0
-5096.4 1655.1 22.9
-5083.6 1666.3 22.8
-5095.8 1671.0 22.8
-4689.9 1661.2 18.5
-4674.6 1722.1 18.1
-4652.4 1730.6 18.6
-4641.1 1742.7 19.0
-4651.7 1750.6 19.0
-4663.6 1751.0 18.9
-4689.3 1751.6 18.6
-4659.1 1759.9 19.2
-4669.6 1760.9 19.0
-4682.0 1762.2 18.9
-4673.7 1774.4 19.3
-4673.5 1783.6 19.5
-4708.6 1582.1 19.2
-4720.8 1583.2 19.2
-4616.8 1695.4 19.0
-4621.8 1691.9 19.0
-4603.9 1701.2 19.0
-5011.8 1709.4 23.3
-5048.1 1741.5 23.7
-5050.9 1747.8 23.6
-4220.5 919.3 43.6
-4240.3 944.8 42.9
-4230.1 949.1 43.0
-4247.3 953.2 42.7
-4260.5 952.6 42.5
-4250.5 979.3 42.1
-4257.6 980.1 42.0
-4267.1 981.0 41.9
-4255.2 992.3 41.8
-4250.7 1002.5 41.7
-4261.3 1004.6 41.5
-4219.7 1011.4 41.9
-4249.9 1014.2 41.4
-4269.3 1010.2 41.3
-4250.8 1023.9 41.2
-4251.1 1030.0 41.1
-4257.1 1031.8 41.0
-4270.2 1031.7 40.8
-4277.5 1040.8 40.6
-4276.4 1052.3 40.5
-4226.0 1103.0 40.7
-4287.6 1099.1 39.9
-5394.0 335.6 21.4
-5362.7 385.0 21.8
-5357.9 396.9 21.8
-5364.3 398.7 21.6
-5357.1 404.5 21.7
-5142.2 1216.0 20.2
-5145.9 1226.9 20.3
-5154.6 1222.7 20.3
-5114.4 1232.7 20.3
-5146.0 1235.6 20.4
-5164.3 1231.3 20.4
-5178.2 1236.9 20.5
-5123.3 1245.3 20.5
-5137.9 1244.8 20.5
-5144.3 1245.4 20.5
-5163.1 1243.7 20.6
-5188.1 1246.3 20.7
-5194.6 1243.9 20.7
-5124.4 1252.1 20.5
-5164.2 1254.5 20.7
-5204.5 1254.3 20.8
-5162.8 1266.0 20.8
-5157.1 1282.3 21.0
-5013.8 1254.3 19.2
-4993.9 1267.7 18.9
-5054.9 1317.0 19.5
-5062.8 1325.1 19.6
-5063.5 1344.3 20.2
-5028.6 1363.2 20.3
-5091.7 1280.8 20.1
-5100.9 1293.9 20.2
-5108.6 1302.9 20.2
-5121.0 1312.2 20.3
-4232.3 1128.4 40.7
-4269.4 1182.2 39.9
-4269.3 1189.2 39.7
-4272.0 1197.5 39.4
-4460.8 788.2 42.4
-4473.9 787.8 42.2
-4419.7 732.1 43.2
-4414.3 747.8 43.2
-4284.2 1274.9 36.6
-4295.0 1276.4 36.2
-4281.4 1280.9 36.5
-4316.0 1329.5 34.2
-4293.8 1359.9 34.3
-4282.3 1369.4 34.3
-4291.6 1369.2 34.1
-4277.3 1388.1 34.2
-4296.7 1400.5 33.4
-4297.2 1429.0 33.0
-4274.9 1435.6 33.6
-4291.4 1435.7 33.0
-4267.0 1461.3 33.3
-4265.0 1469.4 33.2
-4281.1 1488.2 32.1
-4272.5 1498.3 32.1
-4287.5 1494.8 31.6
-4293.1 1497.6 31.3
-4301.0 1495.6 31.1
-4262.2 1507.0 32.1
-4274.9 1509.2 31.5
-4034.2 587.6 48.3
-4031.9 593.0 48.5
-4021.8 606.7 48.6
-4031.2 606.1 48.6
-4021.7 618.6 48.2
-4032.4 617.5 48.3
-4025.2 628.7 48.0
-4034.9 625.0 48.1
-4035.2 653.9 47.6
-4239.6 702.9 45.1
-4061.6 764.6 47.0
-4134.3 767.6 46.3
-4144.8 768.3 46.2
-4174.4 764.3 45.9
-4185.5 764.0 45.8
-4145.4 776.9 46.3
-4173.6 776.2 46.0
-4070.9 785.4 47.2
-4081.5 786.1 46.9
-4090.5 787.2 46.8
-4104.8 785.5 46.7
-4133.5 786.4 46.6
-4165.1 785.5 46.2
-4074.0 795.0 47.3
-4086.0 798.1 47.0
-4105.9 793.5 46.7
-4114.9 797.7 46.7
-4131.4 795.8 46.6
-4153.4 794.0 46.5
-4164.2 795.8 46.4
-4172.4 795.0 46.3
-4063.6 805.3 47.9
-4074.7 805.1 47.6
-4080.2 806.8 47.4
-4114.7 808.6 46.7
-4121.7 804.3 46.7
-4140.5 803.9 46.6
-4152.0 807.5 46.5
-4165.3 803.3 46.5
-4175.8 806.6 46.4
-4169.7 816.1 46.5
-4162.8 823.2 46.5
-4175.8 823.5 46.5
-4165.7 845.7 46.6
-4175.7 844.6 46.5
-4165.3 872.7 46.4
-4173.3 875.3 46.1
-4194.0 873.9 45.7
-4185.7 885.8 45.5
-4389.1 459.2 34.3
-4308.5 467.6 39.2
-4332.5 466.1 37.8
-4339.9 469.0 37.4
-4381.3 466.1 34.9
-4412.0 465.7 33.1
-4423.2 467.4 32.5
-4429.0 465.1 32.1
-4444.5 468.4 31.4
-4448.4 467.8 31.3
-4378.5 473.7 35.2
-4389.8 478.2 34.7
-4404.2 479.9 33.9
-4421.5 476.0 32.8
-4393.7 486.3 34.8
-4420.3 484.1 33.4
-4431.6 496.1 33.9
-4438.6 495.2 33.5
-4453.4 498.9 33.3
-4432.4 504.1 34.6
-4448.3 509.4 34.4
-4432.0 517.7 35.8
-4438.3 515.6 35.4
-4341.4 523.8 40.4
-4452.2 529.1 36.0
-4338.9 538.8 41.7
-4352.2 534.9 40.8
-4453.2 539.8 37.0
-4350.3 545.8 41.8
-4442.7 544.2 37.8
-4451.0 556.1 38.5
-4384.3 569.7 42.5
-4403.4 578.3 42.5
-4525.3 429.8 31.7
-4539.3 433.5 31.8
-4545.3 431.1 31.8
-4556.8 432.4 31.8
-4579.3 431.6 31.9
-4548.2 439.7 31.7
-4563.9 442.0 31.8
-4574.3 442.5 31.8
-4536.6 454.3 31.5
-4556.3 448.9 31.7
-4519.7 459.7 31.4
-4529.4 462.9 31.7
-4514.2 471.2 31.5
-4539.5 480.9 31.9
-4608.8 482.2 32.5
-4538.9 490.9 32.3
-4534.2 504.1 32.8
-4600.0 502.5 33.2
-4609.3 500.9 33.2
-4538.5 513.4 33.2
-4604.4 510.1 33.5
-4566.5 524.8 33.8
-4596.3 525.2 34.0
-4558.4 531.3 34.4
-4575.4 531.7 34.2
-4586.2 532.6 34.2
-4687.2 974.0 35.1
-4698.0 988.7 34.5
-4675.9 1019.7 34.7
-4630.5 1048.7 35.7
-4651.6 1052.6 35.0
-4586.0 1089.4 35.8
-4676.7 561.3 33.8
-4659.9 571.0 34.2
-4577.2 599.5 38.2
-4620.7 601.9 35.7
-4588.7 610.0 37.6
-4598.3 609.4 37.1
-4582.7 619.8 38.2
-4598.0 616.0 37.2
-4505.7 702.2 42.5
-4520.0 750.3 41.9
-4493.4 766.3 42.1
-4499.6 762.9 42.0
-4493.1 783.1 42.0
-4510.5 814.0 41.7
-4518.9 812.4 41.6
-4530.4 812.6 41.4
-4621.7 855.0 39.6
-4627.1 853.6 39.6
-4640.1 852.2 39.3
-4605.9 863.8 39.7
-4602.1 875.8 39.5
-4628.4 870.4 39.2
-4606.6 893.5 39.1
-4617.3 895.4 38.9
-4626.4 889.6 38.9
-4599.7 900.0 39.1
-4608.0 903.3 38.9
-4619.9 905.5 38.7
-4629.0 903.8 38.5
-4607.6 915.6 38.6
-4616.3 913.7 38.6
-4626.3 913.5 38.4
-4646.7 913.7 37.8
-4658.8 915.2 37.4
-4627.4 920.8 38.2
-4612.4 935.0 38.2
-4605.9 942.5 38.2
-4612.4 953.5 37.9
-4676.9 949.8 36.0
-5173.7 -15.3 31.0
-5179.4 -11.2 30.8
-5192.2 -13.6 30.4
-5199.1 -12.5 30.2
-5158.9 -2.1 31.4
-5189.5 -2.0 30.5
-5203.9 -1.6 30.0
-5223.7 -5.8 29.4
-5225.0 6.8 29.3
-5189.5 19.2 30.4
-5202.2 13.1 30.0
-5211.5 19.2 29.7
-5222.6 16.1 29.4
-5085.0 28.8 33.6
-5112.3 25.1 32.7
-5169.4 29.0 30.9
-5180.9 27.5 30.6
-5193.5 29.2 30.2
-5203.9 27.0 29.9
-5213.7 25.8 29.6
-5103.1 39.3 32.9
-5119.6 34.4 32.5
-5134.3 34.0 32.0
-5140.5 39.4 31.8
-5163.9 34.6 31.1
-5114.8 48.8 32.5
-5150.5 46.8 31.4
-5171.5 46.8 30.8
-5181.4 43.7 30.5
-5203.5 44.4 29.8
-5214.1 49.0 29.5
-5119.9 55.7 32.4
-5143.8 53.2 31.6
-5154.6 54.5 31.3
-5158.6 59.2 31.1
-5170.8 58.3 30.8
-5184.9 57.2 30.3
-5194.9 57.7 30.0
-5214.6 58.5 29.4
-5223.7 55.6 29.1
-5110.7 63.5 32.6
-5160.8 67.3 31.0
-5193.4 65.5 30.0
-5201.7 68.4 29.8
-5224.7 69.1 29.1
-5025.2 76.4 34.5
-5144.3 75.4 31.5
-5153.7 73.3 31.2
-5194.7 78.9 29.9
-5201.0 75.6 29.8
-5211.2 77.4 29.4
-5223.9 73.3 29.1
-5013.4 84.5 34.7
-5019.4 83.2 34.6
-5069.1 86.2 33.3
-5134.3 86.2 31.8
-5141.4 86.9 31.6
-5150.4 87.5 31.3
-5168.8 88.7 30.7
-5204.0 87.8 29.6
-5222.4 86.3 29.1
-5010.2 98.9 34.6
-5044.7 99.1 33.6
-5075.0 96.7 32.8
-5091.7 93.3 32.6
-5101.5 95.3 32.4
-5113.4 95.8 32.2
-5143.4 95.3 31.5
-5150.6 97.2 31.2
-5210.2 99.5 29.4
-5014.9 104.4 34.4
-5044.1 105.0 33.5
-5050.2 109.7 33.2
-5071.7 103.6 32.7
-5080.5 103.6 32.5
-5089.0 105.1 32.3
-5125.1 105.2 31.6
-5130.7 104.2 31.6
-5044.1 118.6 33.3
-5090.3 115.9 32.0
-5100.1 118.0 31.7
-5130.1 117.5 31.1
-5144.2 119.1 30.8
-5159.5 118.1 30.6
-5170.6 119.7 30.4
-5181.1 116.1 30.2
-5220.0 116.9 29.0
-5041.3 129.6 33.2
-5050.1 125.1 33.0
-5059.7 128.2 32.7
-5068.9 124.4 32.5
-5089.4 128.6 31.8
-5099.5 123.6 31.6
-5112.1 124.4 31.2
-5171.9 125.9 30.1
-5179.8 124.3 30.1
-5201.8 123.9 29.6
-5214.4 123.6 29.2
-5063.2 133.8 32.5
-5074.0 139.3 32.1
-5112.3 134.1 31.0
-5140.6 138.4 30.2
-5160.4 136.1 29.9
-5171.6 139.1 29.6
-5223.5 136.0 28.8
-5050.3 149.1 32.6
-5098.8 147.3 31.2
-5113.6 145.5 30.8
-5160.6 148.0 29.5
-5174.7 143.3 29.4
-5180.2 144.1 29.3
-5215.2 147.2 28.6
-5050.4 159.1 32.2
-5064.6 155.3 32.1
-5069.8 155.5 32.0
-5078.8 155.3 31.7
-5092.0 154.8 31.3
-5112.4 159.3 30.6
-5121.5 159.5 30.4
-5129.8 154.9 30.2
-5140.7 156.5 29.8
-5172.6 153.8 29.1
-5204.4 153.4 28.6
-5052.3 165.4 32.0
-5078.6 165.2 31.6
-5090.5 165.2 31.2
-5111.2 164.7 30.6
-5125.2 168.5 30.1
-5130.6 169.2 29.9
-5149.5 167.9 29.4
-5173.3 163.3 28.9
-5059.5 173.7 31.6
-5069.9 177.9 31.4
-5084.5 174.7 31.2
-5131.5 175.1 29.8
-5142.2 176.7 29.5
-5149.6 173.3 29.3
-5069.4 185.6 31.1
-5082.0 186.4 31.0
-5091.7 187.1 30.8
-5098.8 183.1 30.7
-5142.9 186.2 29.3
-5124.5 195.2 29.7
-5088.9 206.2 30.2
-4552.3 1002.1 37.7
-4547.3 1010.6 37.6
-4557.1 1007.3 37.6
-4559.4 1018.9 37.3
-4549.6 1029.1 37.3
-4557.8 1030.2 37.2
-4467.8 1037.4 38.2
-4937.1 78.7 36.1
-4912.7 86.1 36.1
-4918.9 84.4 36.1
-4897.1 94.9 35.9
-4906.8 92.9 35.9
-4921.7 94.8 35.7
-4931.6 95.0 35.6
-4998.4 97.3 34.8
-4922.1 105.8 35.3
-4927.6 107.7 35.2
-4937.0 107.6 35.1
-4961.5 104.4 35.0
-4837.8 115.0 35.8
-4893.0 113.0 35.3
-4896.8 117.8 35.1
-4911.9 114.0 35.1
-4807.5 125.5 35.8
-4817.9 122.8 35.8
-4832.9 124.8 35.5
-4842.1 123.3 35.5
-4848.6 125.7 35.4
-4881.2 127.1 35.0
-4891.5 127.0 34.9
-4899.2 128.5 34.8
-4930.9 126.3 34.5
-4959.2 127.8 34.2
-4978.1 127.5 34.0
-4993.2 125.3 33.9
-4997.5 126.7 33.8
-4813.0 134.6 35.4
-4841.5 133.6 35.2
-4903.3 132.5 34.6
-4907.1 134.6 34.5
-4931.3 138.6 34.1
-4949.9 135.9 34.0
-4960.8 136.8 33.9
-4970.0 134.0 33.9
-4981.3 137.3 33.6
-4989.9 136.0 33.6
-4828.0 143.3 35.1
-4841.9 147.5 34.8
-4848.1 148.6 34.7
-4889.0 147.0 34.2
-4911.8 147.2 34.0
-4938.9 144.1 33.8
-4969.5 148.5 33.4
-4977.4 146.4 33.4
-4990.3 146.5 33.2
-4813.0 156.1 35.3
-4832.4 158.3 34.9
-4862.5 156.2 34.4
-4867.2 154.9 34.3
-4889.9 154.5 34.0
-4901.7 157.3 33.8
-4917.4 154.1 33.7
-4931.2 152.6 33.6
-4938.5 153.6 33.5
-4966.8 156.4 33.1
-4981.5 157.5 33.0
-4992.2 152.9 33.0
-4997.1 158.6 32.8
-5018.4 157.4 32.6
-4860.7 166.7 34.4
-4878.8 166.6 34.1
-4910.5 168.4 33.5
-4999.5 163.3 32.6
-4822.0 172.8 35.1
-4833.1 174.8 34.9
-4869.4 173.7 34.2
-4898.2 177.0 33.7
-4912.8 177.1 33.4
-4918.5 175.9 33.3
-4926.9 174.4 33.2
-4982.6 173.8 32.4
-4989.8 172.6 32.4
-5011.0 176.8 32.0
-5047.4 177.9 31.6
-4848.3 185.5 34.6
-4858.7 186.1 34.4
-4880.4 184.2 34.0
-4891.1 184.6 33.8
-4907.0 186.9 33.5
-4937.3 185.5 32.9
-4958.5 184.7 32.6
-4829.3 198.9 34.9
-4843.0 196.6 34.6
-4859.4 194.1 34.3
-4908.4 198.2 33.4
-4927.8 194.5 33.1
-4941.5 194.9 32.8
-4949.0 197.7 32.7
-5047.2 195.1 31.0
-4827.9 208.1 34.9
-4871.3 207.7 34.1
-4918.9 207.5 33.2
-4948.3 207.9 32.7
-4968.2 202.3 32.3
-4983.0 204.9 32.1
-5039.4 203.7 31.0
-5051.2 207.5 30.8
-4831.8 214.6 34.8
-4868.8 215.9 34.1
-4889.2 215.5 33.7
-4903.0 213.1 33.5
-4913.1 217.3 33.3
-4947.1 214.9 32.7
-4987.7 216.6 31.9
-5007.1 214.7 31.6
-5017.9 212.8 31.4
-4852.0 226.6 34.3
-4858.1 227.8 34.2
-4880.2 224.9 33.9
-4889.9 223.3 33.8
-4920.6 224.8 33.2
-4932.0 223.5 33.0
-4957.7 225.7 32.5
-4983.2 224.1 32.1
-5003.3 227.7 31.7
-5011.5 228.1 31.6
-5028.7 225.8 31.2
-5053.2 222.6 30.8
-4868.9 236.3 34.0
-4888.3 235.5 33.6
-4929.0 238.7 33.0
-4941.1 233.9 32.8
-4951.7 236.8 32.6
-4962.9 238.6 32.5
-4973.4 235.5 32.3
-4997.8 236.5 31.9
-5010.4 232.5 31.6
-4860.3 242.5 34.1
-4902.9 246.9 33.3
-4920.3 248.1 33.0
-4929.3 248.3 32.8
-4949.9 243.9 32.6
-4963.2 248.8 32.3
-5000.8 246.5 31.8
-5006.8 244.7 31.7
-5020.1 243.6 31.5
-4862.4 254.8 34.0
-4892.2 256.4 33.5
-4909.3 255.3 33.1
-4922.2 258.6 32.9
-4932.0 257.5 32.7
-4941.1 255.2 32.6
-4958.5 254.2 32.3
-4978.9 254.0 32.0
-5010.5 255.4 31.5
-4850.9 268.7 33.9
-4861.7 268.8 33.8
-4881.6 266.8 33.7
-4908.4 268.8 33.1
-4927.4 262.8 32.8
-4942.0 267.6 32.5
-4950.9 268.2 32.3
-4958.6 266.7 32.1
-4981.0 264.2 31.8
-4990.7 267.9 31.6
-4997.4 263.4 31.6
-4898.5 278.3 33.3
-4909.2 276.7 33.1
-4980.1 274.0 31.7
-4859.3 288.2 33.6
-4873.2 288.0 33.5
-4878.5 282.4 33.5
-4912.1 287.0 33.0
-4932.9 282.8 32.6
-4939.7 288.0 32.5
-4960.6 285.9 32.1
-4877.9 297.6 33.3
-4898.5 292.6 33.2
-4907.0 297.6 33.0
-4898.4 302.6 33.0
-4933.0 305.0 32.6
-4871.1 318.1 33.1
-4882.4 316.8 33.0
-4899.7 314.6 32.9
-4908.2 318.2 32.7
-4824.8 -243.3 30.1
-4836.0 -242.7 30.0
-4757.0 -229.0 34.4
-4726.0 -221.1 36.8
-4733.3 -218.6 36.4
-4743.6 -223.0 35.5
-4843.7 -220.9 30.8
-4723.5 -210.9 37.3
-4803.1 -207.8 32.4
-4814.8 -208.7 31.8
-4823.9 -210.5 31.3
-4722.5 -198.4 37.9
-4757.4 -203.5 35.4
-4785.5 -202.1 33.7
-4795.7 -198.5 33.3
-4827.2 -199.6 31.8
-4715.5 -191.7 38.6
-4732.8 -189.3 37.6
-4755.7 -191.9 36.0
-4764.0 -190.7 35.5
-4775.5 -193.6 34.7
-4793.4 -188.4 34.0
-4823.7 -192.9 32.3
-4717.4 -179.8 39.0
-4745.0 -180.0 37.2
-4754.4 -177.9 36.7
-4768.5 -179.8 35.7
-4818.8 -181.0 33.2
-4722.6 -172.3 38.9
-4736.8 -170.0 38.1
-4762.9 -167.5 36.6
-4787.4 -168.9 35.4
-4793.5 -169.9 35.0
-4822.9 -172.9 33.5
-4728.4 -160.4 39.1
-4736.8 -163.3 38.4
-4755.2 -161.4 37.3
-4765.9 -159.6 36.9
-4846.6 -157.5 33.2
-4728.3 -147.5 39.6
-4743.9 -150.6 38.5
-4766.1 -151.0 37.4
-4777.1 -152.5 36.8
-4785.8 -152.9 36.3
-4797.2 -147.7 36.1
-4803.1 -151.4 35.6
-4834.8 -151.6 34.1
-4842.4 -148.6 33.9
-4765.0 -141.9 37.9
-4786.2 -141.5 37.0
-4796.9 -138.1 36.7
-4826.9 -138.1 35.2
-4727.9 -128.0 40.5
-4783.0 -130.1 37.8
-4825.3 -128.2 35.9
-4832.5 -129.7 35.5
-4843.2 -133.0 34.8
-4747.9 -117.9 40.1
-4783.7 -122.0 38.2
-4793.2 -119.8 37.9
-4848.3 -118.2 35.4
-5007.8 -119.0 36.4
-4744.3 -110.9 40.7
-4773.5 -112.0 39.2
-4786.9 -111.9 38.6
-4797.3 -107.3 38.4
-4828.1 -108.2 36.9
-4982.9 -108.8 36.3
-5024.4 -107.7 36.0
-4734.7 -101.7 40.5
-4755.3 -97.7 40.5
-4777.1 -97.8 39.9
-4784.3 -99.4 39.4
-4815.6 -100.7 37.9
-4855.7 -102.7 35.9
-4876.1 -98.0 35.3
-4958.6 -99.7 36.2
-4965.3 -100.3 36.3
-4765.7 -89.0 40.3
-4773.2 -89.1 40.4
-4788.7 -88.7 39.8
-4805.7 -93.2 38.8
-4813.0 -89.0 38.7
-4836.0 -90.5 37.5
-4846.2 -91.3 37.0
-4877.7 -92.6 35.5
-4887.9 -93.0 35.6
-4917.9 -91.8 36.0
-4926.6 -89.5 36.2
-4948.7 -87.9 36.5
-4746.9 -77.5 40.0
-4777.3 -77.3 40.1
-4795.3 -80.5 40.0
-4807.8 -78.3 39.5
-4815.3 -82.8 38.9
-4822.4 -80.8 38.7
-4835.7 -79.2 38.2
-4844.5 -80.1 37.7
-4938.4 -82.4 36.6
-4944.4 -80.1 36.7
-4748.3 -68.9 39.9
-4767.1 -72.1 40.0
-4798.6 -68.5 40.0
-4807.3 -72.1 39.9
-4815.6 -70.6 39.6
-4838.5 -70.4 38.5
-4844.3 -71.4 38.2
-4747.7 -63.4 39.8
-4797.8 -62.4 39.9
-4815.3 -57.3 39.9
-4994.9 -57.3 36.7
-5012.1 -57.6 36.2
-5034.1 -58.6 35.5
-4754.8 -49.7 39.7
-4788.4 -50.5 39.6
-4833.6 -49.4 39.8
-4854.3 -48.5 39.0
-5034.0 -51.7 35.5
-5044.7 -47.7 35.1
-4753.8 -37.4 39.5
-4765.7 -43.1 39.6
-4785.6 -41.4 39.5
-4792.4 -38.8 39.5
-4805.7 -42.3 39.5
-4814.2 -39.3 39.5
-4826.5 -41.4 39.6
-4835.7 -42.6 39.6
-5002.9 -41.1 36.4
-5037.0 -40.7 35.3
-4773.7 -30.1 39.5
-4813.8 -30.2 39.4
-4844.1 -32.4 39.4
-5007.2 -30.3 36.2
-4763.9 -21.3 39.4
-4776.5 -22.5 39.4
-4794.7 -18.5 39.3
-4803.4 -23.2 39.4
-4812.9 -22.0 39.3
-4837.8 -23.7 39.3
-4845.1 -21.8 39.3
-4992.4 -19.9 36.6
-5024.6 -18.5 35.6
-5032.6 -19.8 35.4
-5046.1 -20.3 35.0
-4784.3 -8.2 39.1
-4797.8 -10.1 39.2
-4817.3 -11.6 39.2
-4833.6 -10.0 39.2
-4854.9 -11.9 39.2
-4952.5 -8.7 37.8
-4965.8 -11.4 37.4
-4985.9 -13.0 36.8
-4992.9 -12.4 36.6
-5044.7 -7.5 35.0
-5055.0 -9.9 34.6
-4783.0 2.5 38.9
-4818.0 -0.0 39.0
-4823.8 -2.9 39.0
-4846.0 -0.2 39.0
-4935.6 -2.8 38.3
-4984.9 -2.7 36.8
-5013.3 -0.7 35.9
-5032.2 -0.1 35.3
-5054.0 0.4 34.6
-4768.8 6.9 38.8
-4783.8 12.6 38.7
-4806.9 9.8 38.8
-4825.9 9.2 38.8
-4837.6 9.5 38.8
-4857.3 7.1 38.9
-4896.2 8.4 38.8
-5026.9 9.8 35.4
-5054.4 9.0 34.6
-5063.1 12.7 34.3
-4787.4 21.2 38.6
-4815.5 22.0 38.5
-4822.3 19.8 38.5
-4837.1 18.8 38.5
-4775.3 30.0 38.3
-4785.2 30.9 38.3
-4794.0 26.2 38.4
-4833.8 31.7 38.1
-4843.5 28.8 38.2
-4868.0 32.2 38.2
-4778.6 37.1 38.0
-4783.9 41.2 37.9
-4796.3 41.9 37.8
-4802.8 36.9 38.0
-4824.1 39.8 37.9
-4832.6 42.6 37.8
-4855.4 39.7 38.0
-5037.3 39.0 35.0
-4774.1 51.8 37.5
-4788.0 46.5 37.7
-4793.4 52.6 37.5
-4807.8 47.6 37.6
-4818.3 47.3 37.7
-4824.0 47.9 37.7
-4845.4 49.6 37.7
-4856.2 48.0 37.8
-4863.2 47.6 37.8
-4912.6 51.3 37.3
-4927.7 51.3 37.1
-4937.3 52.7 37.0
-5046.7 47.7 34.7
-4787.8 59.7 37.3
-4797.5 57.6 37.4
-4813.4 56.8 37.5
-4827.3 56.5 37.5
-4864.1 61.2 37.4
-4884.0 61.1 37.2
-4898.1 60.1 37.1
-4902.7 59.0 37.1
-4975.7 56.3 36.3
-5036.3 59.6 34.8
-4783.3 68.3 37.1
-4812.6 68.6 37.2
-4834.6 69.2 37.3
-4847.2 72.2 37.2
-4864.3 69.9 37.1
-4888.0 67.0 37.0
-4905.5 69.2 36.7
-4913.8 66.7 36.7
-4923.9 69.7 36.5
-4966.6 68.7 36.1
-5012.2 66.8 35.0
-4796.7 78.9 36.9
-4818.2 76.2 37.1
-4852.7 81.9 36.8
-4864.8 76.4 36.9
-4878.0 81.5 36.6
-4884.3 79.3 36.6
-4894.2 79.3 36.5
-4994.5 77.4 35.4
-4792.4 92.6 36.6
-4818.5 90.4 36.8
-4835.0 87.0 36.8
-4862.9 91.6 36.4
-4872.6 89.5 36.4
-4954.2 88.1 35.6
-4966.1 88.8 35.4
-4792.8 102.1 36.4
-4808.3 99.4 36.5
-4823.1 102.0 36.4
-4846.6 97.3 36.3
-4806.1 108.9 36.3
-4284.1 460.0 40.5
-4252.8 468.0 42.5
-4271.2 464.6 41.4
-4262.2 479.8 42.2
-4259.5 485.5 42.5
-4199.1 497.4 44.2
-4208.9 524.4 44.0
-4217.5 524.0 43.9
-4259.3 537.2 43.6
-4238.7 542.8 44.2
-4259.4 542.2 43.7
-4259.6 556.1 44.1
-4268.5 557.2 43.9
-4277.9 556.8 43.9
-4237.0 564.7 44.8
-4248.5 566.0 44.6
-4262.2 566.9 44.2
-4286.7 562.4 44.0
-4248.6 572.3 44.7
-4296.5 577.6 44.5
-4247.1 585.2 45.0
-4259.6 586.5 44.8
-4290.2 584.4 44.8
-4297.3 582.4 44.7
-4278.9 594.0 45.1
-4219.9 582.2 45.7
-4224.9 580.0 45.5
-4224.4 589.1 45.7
-4239.3 590.5 45.4
-4187.6 601.8 46.7
-4194.2 603.8 46.7
-4272.1 654.0 44.9
-4278.0 667.7 44.9
-4259.7 677.7 45.0
-4277.9 674.8 44.8
-4252.4 688.8 45.0
-4273.4 683.7 44.9
-4280.6 688.0 44.8
-4291.1 682.8 44.7
-4269.0 696.4 44.9
-4280.7 695.3 44.8
-4252.7 702.9 45.0
-4258.7 705.2 45.0
-4270.8 702.8 44.9
-4290.3 709.0 44.7
-4271.6 712.6 44.9
-4278.4 717.7 44.8
-4242.8 725.7 45.1
-4251.5 727.2 45.1
-4239.4 738.8 45.2
-4253.8 736.4 45.1
-4262.9 737.1 45.0
-4267.8 738.5 44.9
-4249.0 744.1 45.1
-4239.4 755.4 45.2
-5126.7 1178.4 19.1
-5106.7 1189.0 19.5
-5502.0 424.5 19.2
-5500.0 436.7 19.3
-5501.9 444.2 19.4
-5533.5 441.3 18.9
-5451.7 464.6 20.2
-5544.0 465.7 19.0
-5445.5 476.6 20.3
-5492.5 517.0 20.2
-5494.4 525.5 20.2
-5545.7 499.8 19.3
-5562.1 518.5 19.3
-5554.8 526.9 19.5
-5513.6 548.1 20.2
-5523.3 545.3 20.1
-5575.2 547.0 19.5
-5554.8 580.1 19.9
-5472.9 465.9 19.9
-5484.5 478.2 19.9
-5491.6 481.5 19.8
-5284.3 675.4 21.8
-5293.9 674.6 21.8
-5273.5 684.0 21.6
-5254.0 694.4 21.4
-5265.7 697.2 21.2
-5245.9 722.5 21.1
-5252.3 725.0 21.0
-4341.3 753.2 44.1
-4329.2 761.9 44.2
-4343.4 762.7 44.0
-4353.2 764.2 43.9
-4328.3 770.2 44.2
-4362.7 773.2 43.8
-4350.9 781.9 43.9
-4370.2 782.8 43.6
-4351.1 792.7 43.9
-4393.5 812.4 43.3
-4390.3 821.6 43.2
-4398.5 841.7 42.8
-4409.7 838.8 42.7
-4412.2 851.7 42.5
-4374.3 860.4 42.8
-4370.0 872.6 42.6
-5426.7 376.7 20.2
-5444.5 374.7 19.8
-5405.1 386.9 20.6
-5405.5 391.2 20.6
-5403.1 405.8 20.6
-5405.4 414.6 20.5
-5367.9 434.0 21.3
-5357.0 445.5 21.5
-5373.0 446.6 21.1
-5342.7 453.4 21.9
-5352.3 453.1 21.6
-5334.1 465.3 22.0
-5343.3 463.9 21.8
-5358.1 463.6 21.4
-5324.9 476.8 22.2
-5332.4 474.2 22.0
-5621.3 717.3 19.8
-5621.2 726.7 19.6
-5627.7 726.0 19.5
-5590.9 736.9 19.8
-5608.3 734.6 19.8
-5590.5 747.4 19.3
-5380.7 1420.6 23.3
-5385.7 1419.8 23.2
-5380.2 1425.7 23.2
-5385.9 1429.3 23.1
-5339.8 1525.5 21.8
-5360.3 1528.1 21.6
-5335.6 1546.0 21.4
-5345.2 1549.5 21.3
-5354.5 1550.8 21.2
-5343.0 1556.6 21.3
-5324.4 1566.4 21.6
-5340.3 1566.3 21.5
-5301.7 1581.0 22.0
-5330.6 1578.8 21.7
-5342.8 1578.4 21.6
-5284.6 1590.6 22.4
-5311.1 1589.8 22.1
-5323.3 1585.9 21.8
-5341.3 1586.6 21.7
-5264.6 1600.7 23.0
-5303.1 1599.8 22.5
-5313.5 1597.8 22.3
-5320.8 1600.9 22.3
-5342.8 1598.5 22.0
-5303.0 1606.6 22.7
-5302.0 1616.5 23.0
-5310.0 1617.2 22.9
-5330.8 1618.4 22.7
-5290.9 1629.1 23.1
-5299.7 1628.6 23.1
-5321.0 1628.7 23.1
-5334.7 1625.1 22.9
-5230.0 1537.8 22.2
-5230.3 1549.7 22.2
-5236.9 1550.2 22.1
-5150.6 1481.8 23.6
-5144.8 1488.7 23.6
-5149.9 1487.6 23.6
-5154.4 1512.1 23.1
-5221.9 1398.8 21.9
-5213.2 1410.0 22.2
-5220.2 1410.5 22.4
-5261.9 1418.8 23.6
-5209.0 1433.5 23.3
-5244.3 1431.6 23.9
-5254.1 1428.9 23.9
-5258.6 1430.8 23.8
-5270.3 1432.9 23.7
-5239.6 1439.1 23.8
-5280.6 1450.4 23.4
-5303.9 1448.0 23.3
-5312.8 1448.8 23.2
-5322.8 1363.9 23.8
-5334.6 1363.8 23.7
-5342.0 1366.9 23.7
-5349.7 1375.2 23.8
-5340.4 1386.1 23.8
-5352.0 1383.3 23.9
-5252.4 1285.9 21.3
-5224.5 1291.9 21.3
-5230.2 1295.8 21.3
-5239.8 1290.2 21.3
-5190.9 1316.1 21.3
-5221.9 1312.5 21.5
-5205.7 1322.1 21.4
-5118.0 1377.1 20.4
-5126.2 1377.3 20.3
-5125.0 1398.4 21.0
-5071.9 1522.9 23.4
-5083.7 1520.7 23.4
-5100.2 1519.8 23.3
-5044.6 1530.5 23.5
-5054.2 1530.0 23.5
-5091.3 1532.3 23.2
-5061.1 1540.2 23.6
-5069.7 1542.7 23.6
-5084.6 1543.0 23.4
-5091.4 1544.6 23.4
-5099.8 1541.2 23.2
-5119.6 1553.8 23.3
-5134.6 1554.6 23.2
-5142.7 1564.0 23.3
-5154.2 1559.9 23.1
-5090.6 1574.8 23.4
-5112.5 1575.1 23.4
-5121.3 1572.5 23.4
-5145.7 1574.2 23.4
-5157.0 1572.7 23.4
-5072.7 1586.0 23.4
-5086.9 1586.4 23.4
-5105.8 1581.2 23.4
-5122.6 1582.3 23.4
-5146.2 1583.3 23.4
-5150.6 1582.5 23.4
-5064.5 1591.8 23.4
-5112.6 1596.0 23.3
-5126.0 1591.6 23.3
-5135.3 1595.8 23.3
-5143.1 1594.9 23.3
-5062.8 1602.5 23.3
-5072.6 1603.7 23.3
-5112.0 1603.5 23.3
-5085.5 1615.8 23.2
-5096.0 1615.1 23.2
-5105.2 1614.0 23.2
-5130.8 1611.2 23.2
-5145.0 1610.1 23.2
-5095.0 1623.4 23.2
-5102.8 1620.9 23.2
-5121.8 1626.1 23.2
-5145.1 1621.6 23.2
-5152.2 1623.1 23.2
-5162.3 1623.1 23.2
-5103.7 1630.6 23.1
-5113.5 1631.1 23.1
-5133.8 1634.4 23.1
-5126.0 1640.2 23.1
-5136.1 1640.3 23.1
-5125.8 1655.4 22.9
-5134.5 1656.1 22.9
-5135.4 1672.7 22.8
-5068.7 1570.9 23.5
-5072.7 1567.6 23.5
-5023.5 1580.6 23.4
-5046.4 1580.5 23.4
-5053.3 1579.7 23.4
-5022.3 1618.6 23.2
-5005.8 1635.3 23.1
-5011.8 1639.2 23.1
-5025.1 1645.6 23.0
-5002.4 1658.7 23.5
-5014.4 1660.1 23.5
-5025.5 1656.1 23.2
-5032.3 1656.9 23.2
-5024.9 1680.6 23.7
-5042.5 1674.4 23.4
-5036.2 1690.5 23.9
-5054.6 1685.7 23.5
-5051.1 1700.1 24.0
-5066.1 1697.8 23.7
-5073.2 1697.1 23.6
-5081.3 1694.8 23.4
-5096.3 1699.4 23.3
-4858.6 1704.0 20.1
-4847.5 1716.5 19.9
-4858.0 1711.3 20.1
-4859.6 1735.5 20.2
-4862.4 1741.0 20.3
-4859.6 1754.5 20.3
-4900.1 1754.6 21.0
-4903.2 1766.9 20.9
-4949.6 1761.3 21.8
-4871.8 1771.7 20.3
-4878.4 1772.5 20.3
-4888.3 1775.5 20.4
-4892.3 1783.6 20.4
-4952.7 1784.1 21.7
-4880.5 1795.6 20.1
-4893.2 1791.5 20.3
-4902.6 1795.3 20.4
-4951.4 1794.1 20.9
-4890.6 1804.8 20.2
-4899.1 1803.6 20.3
-4927.6 1814.7 20.4
-4937.2 1813.2 20.6
-4948.5 1814.9 20.7
-4957.3 1816.7 20.7
-4922.3 1826.2 20.3
-4951.7 1823.6 20.6
-4960.9 1825.4 20.7
-4879.3 1832.0 19.6
-4921.3 1835.1 20.2
-4931.5 1834.0 20.3
-4962.7 1832.3 20.6
-4960.0 1845.8 20.5
-4837.8 1852.2 19.3
-4942.5 1852.4 20.3
-4963.1 1857.0 20.4
-4889.5 1865.0 19.4
-4898.1 1876.6 19.5
-4907.7 1893.5 19.4
-4920.8 1910.4 19.6
-4885.1 884.7 29.8
-4868.2 893.9 30.3
-4873.5 901.7 30.1
-4843.3 915.2 30.8
-4885.6 913.8 29.6
-4856.4 919.9 30.4
-4921.5 1091.3 25.0
-4926.8 1094.1 24.7
-4908.4 1101.1 25.2
-4950.1 1103.3 23.8
-4926.3 1124.2 24.2
-5044.8 885.5 25.2
-5067.2 887.2 24.5
-5015.9 897.5 25.9
-5023.8 894.2 25.7
-5034.0 893.1 25.4
-5054.2 895.9 24.8
-5026.3 907.2 25.6
-5034.9 904.6 25.4
-5055.8 902.4 24.8
-4988.9 914.2 26.6
-4999.0 913.9 26.3
-5006.5 915.6 26.1
-5029.5 913.5 25.5
-5039.0 913.3 25.2
-5003.9 927.4 26.1
-5056.1 966.3 24.1
-5049.4 979.4 24.0
-5039.9 985.8 23.9
-5044.1 991.1 23.6
-5028.9 995.4 23.8
-5019.1 1010.4 23.3
-5033.6 1011.9 23.0
-5029.2 1021.5 22.7
-5034.4 1027.8 22.3
-5044.6 1029.7 22.0
-5018.7 1038.7 22.8
-5036.5 1039.7 22.1
-5054.4 1037.2 21.5
-5214.1 810.1 20.7
-5192.5 821.9 21.2
-5213.5 822.6 20.6
-5234.9 822.5 20.1
-5221.2 830.2 20.4
-5230.3 831.3 20.1
-5231.2 837.7 20.0
-5245.1 767.8 20.5
-5249.4 764.2 20.5
-5190.2 779.0 21.6
-5202.0 776.4 21.2
-5250.4 779.5 20.3
-5259.8 774.1 20.2
-5270.5 776.7 20.0
-5262.6 785.4 20.0
-5284.9 790.3 19.6
-5270.2 795.2 19.8
-5031.7 413.4 29.6
-5012.6 421.9 29.9
-5032.0 421.7 29.4
-5042.5 434.3 29.0
-5000.7 445.1 30.4
-5045.6 446.7 28.8
-5002.0 451.6 30.3
-5025.5 457.2 29.7
-5034.0 451.6 29.3
-4996.5 462.4 30.3
-5033.2 504.1 28.5
-4323.0 625.3 44.6
-4315.0 642.5 44.6
-4334.4 655.3 44.5
-4341.6 651.2 44.5
-4334.7 660.9 44.5
-4352.9 684.6 44.3
-4717.0 1000.8 33.6
-4701.3 1053.1 33.2
-4778.5 492.3 32.3
-4860.6 660.5 30.5
-4734.1 681.2 33.5
-4741.3 703.0 33.5
-4751.5 704.0 33.2
-4759.8 713.0 33.1
-4678.4 717.9 35.0
-4690.4 767.7 35.3
-4687.1 777.4 35.7
-4761.5 823.9 33.9
-4771.2 821.7 33.6
-4759.3 830.7 33.9
-4743.2 844.0 34.3
-4752.2 840.6 34.1
-4742.7 601.4 32.6
-4725.0 624.8 33.2
-4633.2 652.0 36.0
-4644.8 649.1 35.3
-4652.6 651.8 35.0
-4637.7 664.1 36.0
-4672.8 660.6 34.6
-4633.8 670.2 36.4
-4597.5 695.6 38.9
-4321.9 1159.8 39.5
-4327.4 1167.4 39.1
-4343.0 1177.4 38.3
-4359.7 1175.2 38.0
-4387.4 1177.9 37.2
-4328.6 1184.2 38.4
-4347.2 1184.4 37.9
-4362.1 1186.0 37.5
-4369.6 1188.1 37.2
-4392.0 1186.6 36.8
-4402.4 1185.1 36.6
-4329.7 1194.1 38.0
-4387.9 1198.8 36.4
-4403.0 1194.8 36.2
-4386.8 1215.4 35.9
-4390.7 1229.9 35.4
-4400.7 1228.9 35.1
-4392.2 1235.9 35.2
-4397.2 1238.6 34.9
-4391.8 1249.8 34.6
-4400.8 1248.7 34.5
-4326.9 1254.4 36.1
-4389.6 1255.9 34.4
-4401.3 1254.3 34.2
-4338.7 1266.3 35.2
-4386.9 1269.1 33.8
-4400.9 1267.3 33.5
-4328.9 1279.4 35.1
-4347.9 1278.1 34.6
-4357.7 1274.9 34.4
-4369.3 1275.7 34.0
-4376.5 1275.3 33.8
-4389.6 1275.6 33.4
-4343.2 909.2 42.2
-4346.0 917.5 42.0
-4342.1 967.7 41.2
-4383.5 977.4 40.4
-4354.7 1007.0 40.2
-4336.7 1018.2 40.2
-4362.6 1019.4 39.9
-4355.6 1029.4 39.8
-4353.5 1035.5 39.7
-4325.7 1046.2 40.0
-4351.0 1045.5 39.6
-4384.5 1044.3 39.2
-4333.9 1060.0 39.7
-4353.8 1059.4 39.5
-4374.9 1053.9 39.3
-4386.7 1057.0 39.1
-4316.0 1065.0 39.9
-4356.5 1069.4 39.3
-4362.8 1069.1 39.3
-4327.4 1079.2 39.6
-4335.5 1079.4 39.5
-4363.7 1079.7 39.1
-4347.0 1084.1 39.3
-4354.4 1085.9 39.2
-4355.1 1094.7 39.1
-4352.6 1107.5 39.1
-4366.5 1116.0 39.1
-4366.0 1125.2 39.2
-4860.5 1433.8 17.4
-4867.6 1431.4 17.6
-4892.9 1430.9 18.2
-4892.9 1455.1 18.6
-4897.0 1452.8 18.6
-4891.7 1460.2 18.6
-4911.8 1458.8 19.1
-4922.9 1461.0 19.4
-4892.2 1474.7 18.9
-4902.8 1475.3 19.2
-4982.9 1513.2 22.4
-4977.4 1535.0 22.6
-4981.4 1539.9 22.8
-4991.1 1543.5 23.1
-4771.8 1718.9 18.4
-4829.8 1723.6 19.5
-4782.7 1743.3 18.6
-4799.0 1586.5 19.2
-4790.1 1594.9 19.4
-4798.2 1597.6 19.4
-4798.3 1607.9 19.6
-4808.6 1605.9 19.6
-4816.2 1608.2 19.6
-4713.8 1627.8 19.1
-4723.5 1630.4 19.1
-4703.3 1638.4 18.9
-4713.6 1640.2 18.9
-4698.5 1648.2 18.7
-4707.0 1659.6 18.6
-4629.3 1381.7 23.6
-4619.2 1402.7 23.7
-4641.2 1406.1 22.9
-4619.9 1415.8 23.5
-4630.7 1414.4 23.2
-4639.9 1413.8 22.8
-4649.9 1415.2 22.5
-4582.6 1425.1 24.5
-4614.3 1425.8 23.6
-4629.8 1423.7 23.1
-4643.8 1422.7 22.6
-4669.1 1420.4 21.7
-4590.4 1434.8 24.0
-4623.3 1432.2 23.2
-4639.4 1434.5 22.6
-4649.5 1431.6 22.3
-4660.2 1432.5 21.9
-4670.2 1435.7 21.5
-4594.0 1440.4 23.7
-4608.5 1444.8 23.3
-4642.6 1443.0 22.4
-4648.2 1440.2 22.2
-4602.1 1453.2 23.1
-4624.0 1451.4 22.7
-4638.8 1451.3 22.3
-4670.7 1453.9 21.3
-4682.7 1453.6 20.9
-4609.4 1466.7 22.5
-4672.2 1461.9 21.1
-4608.6 1472.3 22.4
-4623.6 1470.6 22.1
-4629.6 1475.4 21.8
-4638.6 1475.7 21.6
-4651.2 1473.6 21.4
-4662.2 1471.7 21.2
-4602.5 1482.7 22.2
-4671.8 1484.3 20.6
-4684.0 1482.8 20.3
-4620.9 1496.0 21.4
-4629.8 1494.6 21.2
-4660.3 1490.6 20.6
-4674.1 1491.3 20.3
-4680.1 1491.8 20.2
-4610.9 1504.7 21.5
-4622.8 1504.8 21.2
-4628.2 1503.0 21.0
-4624.2 1516.1 21.0
-4761.6 1323.3 21.6
-4760.7 1332.5 21.2
-4769.7 1336.6 20.8
-4749.7 1343.8 21.0
-4741.2 1352.1 20.8
-4752.7 1362.2 20.1
-4745.6 1374.7 19.7
-4755.3 1377.0 19.4
-4796.6 1236.9 24.1
-4818.4 1234.1 23.4
-4818.6 1247.5 23.1
-4829.8 1249.3 22.6
-4835.6 1248.9 22.5
-4643.6 1153.4 31.9
-4496.9 1218.4 33.0
-4487.2 1227.2 32.9
-4500.2 1226.9 32.5
-4490.5 1255.4 31.8
-4572.7 1264.2 29.1
-4576.8 1267.1 28.9
-4473.2 1288.8 30.5
-4550.2 1286.9 28.5
-4559.0 1287.9 28.3
-4472.4 1293.9 30.3
-4532.4 1299.2 28.4
-4551.7 1298.6 27.9
-4569.0 1295.3 27.6
-4587.1 1298.0 27.0
-4480.9 1304.1 29.7
-4589.3 1303.1 26.7
-4603.1 1303.2 26.4
-4610.7 1306.4 26.0
-4547.6 1313.3 27.5
-4499.3 1396.6 27.3
-4483.1 1408.7 27.3
-4468.8 1414.7 27.5
-4463.7 1423.3 27.3
-4474.2 1424.2 27.0
-4483.9 1435.8 26.4
-4763.0 1259.5 24.4
-4762.3 1272.2 23.9
-4772.2 1269.5 23.8
-4758.7 1278.9 23.8
-4770.2 1280.3 23.4
-4779.2 1283.3 23.0
-4793.0 1282.6 22.7
-4743.5 1290.8 23.6
-4764.3 1292.5 23.0
-4798.4 1301.4 21.7
-4689.9 1356.2 21.9
-4653.0 1364.9 23.0
-4717.3 1364.1 20.9
-4681.9 1124.1 31.9
-4635.6 1233.9 28.9
-4655.0 1240.1 28.1
-4666.7 1239.6 27.8
-4726.9 1235.0 26.4
-4623.6 1247.2 28.7
-4623.7 1258.3 28.2
-4697.0 1278.5 25.4
-4756.7 1130.8 29.6
-4867.7 1132.9 26.1
-4877.6 1136.3 25.7
-4877.6 1186.4 23.8
-4885.0 1185.9 23.6
-4918.4 1247.4 19.7
-5035.1 1137.7 20.2
-5093.8 919.0 23.6
-5103.8 943.8 23.0
-5114.0 943.7 22.7
-5097.9 958.2 23.0
-5103.9 958.5 22.8
-5119.7 958.7 22.4
-5109.8 963.5 22.6
-5126.1 979.0 21.9
-5134.6 978.8 21.7
-5125.8 986.8 21.8
-5139.0 987.5 21.4
-5150.1 984.7 21.2
-5125.8 995.6 21.7
-5135.1 997.8 21.4
-5144.5 993.1 21.2
-5159.6 998.8 20.7
-5146.8 1007.2 20.9
-5156.2 1016.4 20.3
-5199.4 970.9 19.9
-5132.7 899.5 22.5
-5180.2 917.4 21.1
-5203.8 918.3 20.4
-5163.8 927.6 21.5
-5201.5 924.5 20.4
-5174.7 939.3 21.0
-5183.0 934.1 20.8
-5202.9 936.0 20.3
-5199.5 944.1 20.2
-5229.6 959.5 19.2
-5020.1 799.3 26.4
-5037.5 798.7 25.9
-5047.8 798.1 25.6
-4965.7 808.8 27.9
-4988.9 810.9 27.2
-4996.9 809.5 27.0
-5036.5 809.6 25.8
-4944.1 816.6 28.5
-4957.8 818.3 28.1
-4994.0 821.3 27.0
-5026.8 819.6 26.1
-5047.6 818.0 25.5
-4976.3 831.2 27.5
-5044.8 827.4 25.5
-4950.3 837.3 28.2
-4958.3 839.5 28.0
-5048.4 838.9 25.3
-5074.3 839.8 24.6
-5107.9 839.6 23.6
-4949.2 845.2 28.2
-4958.5 845.4 27.9
-5066.3 847.1 24.8
-4812.9 932.7 31.2
-4823.5 934.1 30.8
-4802.2 961.4 31.3
-4793.4 1004.0 30.9
-4792.5 1012.2 30.8
-4801.4 1012.0 30.5
-4778.4 1025.7 31.0
-4822.5 1105.5 28.1
-4832.7 1106.7 27.8
-4981.7 927.4 26.7
-4924.7 934.8 28.2
-4964.4 936.9 27.1
-4993.8 935.3 26.2
-4915.6 949.7 28.0
-4925.9 948.8 27.8
-4952.6 947.3 27.3
-4975.4 948.6 26.6
-4995.5 948.1 26.0
-4899.8 954.9 28.1
-4954.0 959.0 26.8
-4962.8 959.8 26.6
-4976.3 954.7 26.5
-4875.5 968.8 28.6
-4882.6 965.0 28.4
-4901.5 966.7 27.7
-4923.3 965.9 27.2
-4883.2 975.5 28.3
-4902.5 979.6 27.5
-4913.4 979.3 27.1
-4851.5 984.4 29.3
-4871.6 988.1 28.6
-4894.6 990.0 27.7
-4903.3 983.7 27.5
-4981.9 984.2 25.2
-4845.2 999.5 29.2
-4855.3 999.7 28.9
-4881.4 998.8 28.1
-4901.3 994.2 27.4
-4892.5 1006.5 27.6
-4835.1 1017.0 29.2
-4844.1 1013.4 29.0
-4865.1 1016.3 28.2
-4871.8 1015.1 28.0
-4884.0 1018.0 27.6
-4854.1 1025.4 28.4
-4900.1 1029.6 26.8
-4980.2 1065.2 23.5
-4994.5 1061.9 23.1
-4984.7 1074.3 23.1
-4960.5 1113.2 23.2
-4976.3 1131.8 22.4
-4956.0 1152.0 22.7
-4477.6 120.9 42.1
-4417.0 152.0 42.8
-4480.1 148.3 41.6
-4439.4 162.0 42.4
-4450.4 156.5 42.1
-4479.7 161.1 41.7
-4421.2 171.2 42.8
-4430.7 168.1 42.6
-4439.4 169.5 42.5
-4450.7 172.0 42.3
-4455.3 166.4 42.2
-4469.2 169.5 41.9
-4475.7 169.7 41.8
-4429.1 179.6 42.8
-4438.9 181.7 42.5
-4447.0 181.9 42.4
-4458.3 181.4 42.1
-4468.8 178.1 41.9
-4439.0 191.0 42.5
-4455.0 187.2 42.2
-4491.4 192.5 41.3
-4485.8 201.6 41.4
-4388.1 169.5 43.4
-4360.9 178.6 43.9
-4388.4 177.3 43.4
-4328.8 189.3 44.6
-4352.5 184.6 44.1
-4380.5 184.2 43.7
-4398.0 187.6 43.4
-4420.4 187.2 42.9
-4286.8 194.8 45.4
-4308.2 198.1 45.1
-4339.7 197.7 44.5
-4376.9 197.7 43.7
-4389.1 194.5 43.5
-4419.9 197.3 42.8
-4362.5 210.6 43.9
-4370.2 205.5 43.8
-4380.7 208.2 43.5
-4390.2 206.3 43.3
-4440.4 210.0 42.2
-4259.3 217.1 46.0
-4351.6 216.0 44.1
-4397.3 214.8 43.1
-4428.4 214.9 42.5
-4438.6 220.6 42.3
-4250.3 224.2 46.1
-4267.6 227.3 45.7
-4281.7 224.8 45.5
-4380.9 228.6 43.4
-4389.6 224.4 43.2
-4401.6 225.2 43.0
-4421.6 225.4 42.6
-4440.4 225.1 42.2
-4207.3 239.9 46.9
-4228.1 237.9 46.5
-4368.8 238.5 43.6
-4382.2 234.2 43.3
-4402.7 235.7 42.9
-4447.3 235.4 42.1
-4228.4 248.2 46.4
-4241.9 245.2 46.1
-4252.1 247.7 45.8
-4262.1 245.8 45.7
-4276.5 249.9 45.3
-4362.6 244.2 43.7
-4202.9 256.1 46.8
-4247.9 259.9 45.9
-4278.9 258.3 45.3
-4373.0 258.1 43.4
-4290.2 278.8 44.6
-4280.7 288.2 44.5
-4291.7 287.1 44.3
-4300.8 284.5 44.2
-4024.4 774.0 48.5
-4046.2 888.4 47.3
-4036.3 892.2 47.2
-3961.5 814.9 50.3
-3971.8 820.2 50.6
-3978.8 829.7 50.8
-3967.9 851.6 49.9
-3967.4 863.0 49.3
-5644.3 715.6 19.6
-5639.6 725.9 19.4
-5565.7 771.7 18.2
-5062.4 1656.8 22.9
-5063.4 1667.6 23.0
-5056.1 1686.1 23.5
-5085.2 1686.9 23.2
-5095.2 1697.9 23.3
-5085.3 1513.2 23.5
-5093.6 1517.3 23.4
-5032.7 1523.6 23.7
-5040.0 1525.5 23.6
-5083.0 1526.8 23.3
-5090.4 1526.2 23.3
-5045.0 1531.4 23.5
-5048.9 1531.8 23.5
-5073.1 1534.1 23.3
-5095.1 1531.4 23.2
-5069.7 1544.8 23.6
-5094.9 1545.4 23.4
-5102.4 1545.8 23.3
-5132.9 1572.9 23.4
-5133.8 1584.9 23.4
-5146.2 1594.3 23.3
-3856.9 1141.3 49.6
-3861.6 1141.6 49.7
-3853.8 1148.9 49.7
-3861.1 1150.6 49.9
-3872.6 1149.4 50.0
-3883.4 1146.0 49.9
-3901.1 1151.1 50.1
-3911.3 1151.2 50.1
-3943.3 1147.5 49.6
-3956.0 1148.5 49.3
-3985.8 1151.0 48.4
-4002.9 1150.5 48.0
-4012.6 1149.4 47.7
-3841.8 1162.0 49.4
-3856.4 1161.3 49.8
-3865.7 1157.6 50.1
-3882.1 1159.8 50.3
-3915.0 1158.6 50.2
-3925.9 1161.9 50.1
-3996.2 1156.4 48.1
-4043.4 1157.2 46.6
-4055.0 1158.1 46.2
-4062.9 1159.0 46.0
-3911.6 1168.1 50.5
-3922.7 1171.9 50.2
-3942.5 1167.3 49.6
-4053.1 1172.2 46.1
-4055.8 1177.7 46.0
-4073.9 1179.3 45.4
-4080.5 1176.3 45.2
-3834.6 1192.5 49.4
-4060.5 1187.5 45.7
-4074.6 1187.7 45.2
-3942.3 1200.4 49.2
-3962.5 1199.6 48.6
-3991.3 1196.6 47.7
-4002.2 1199.7 47.3
-4015.4 1198.2 47.0
-4024.4 1200.6 46.6
-4062.7 1200.4 45.5
-4082.7 1197.7 44.9
-3816.4 1207.0 49.1
-3820.8 1209.5 49.3
-3945.0 1207.5 49.0
-3966.3 1211.8 48.3
-3971.5 1207.0 48.2
-3980.4 1206.0 47.9
-4000.6 1206.3 47.3
-4024.8 1212.5 46.5
-4074.6 1210.2 44.9
-3821.2 1216.6 49.5
-3872.2 1216.3 50.1
-3946.3 1222.2 48.8
-3955.3 1219.8 48.5
-3971.0 1219.1 48.1
-3982.2 1217.5 47.7
-3995.8 1217.4 47.3
-4004.2 1219.6 47.0
-4033.2 1220.7 46.1
-4076.0 1220.8 44.8
-3811.4 1232.1 49.5
-3866.3 1232.5 49.8
-3870.5 1229.0 49.8
-3941.2 1227.8 48.8
-3973.7 1232.4 47.8
-4012.9 1228.6 46.6
-4033.9 1226.0 46.0
-4085.9 1230.1 44.3
-3864.7 1241.6 49.5
-3874.1 1242.4 49.5
-3985.8 1238.8 47.3
-3990.6 1242.2 47.1
-4014.4 1237.2 46.5
-4076.1 1241.6 44.5
-4083.3 1236.9 44.3
-3813.3 1250.3 49.2
-3865.4 1252.0 49.3
-3875.6 1251.3 49.4
-3941.6 1248.9 48.3
-3950.5 1251.7 48.0
-3963.9 1251.9 47.8
-3990.6 1250.7 47.0
-4003.4 1249.2 46.7
-4015.3 1250.4 46.3
-3810.8 1256.8 49.0
-3842.0 1256.7 49.1
-3896.5 1261.7 48.8
-3942.1 1259.7 48.0
-3971.0 1258.6 47.4
-3980.7 1260.8 47.2
-3994.4 1261.6 46.8
-4022.6 1262.5 45.9
-4035.1 1258.6 45.5
-4076.2 1261.6 44.2
-3831.9 1267.9 48.8
-3840.4 1272.0 48.8
-3852.2 1267.2 48.9
-3865.7 1266.7 49.0
-3876.0 1266.7 49.0
-3985.7 1267.7 46.9
-3993.7 1268.7 46.7
-4003.1 1269.9 46.4
-4010.9 1268.1 46.2
-3811.3 1279.2 48.5
-3832.4 1278.5 48.6
-3841.4 1277.6 48.7
-3996.9 1279.7 46.4
-4006.3 1278.4 46.2
-4034.6 1278.3 45.3
-4041.3 1279.8 45.1
-4075.6 1278.0 44.0
-3816.8 1286.0 48.4
-3824.3 1290.0 48.3
-3831.0 1289.8 48.3
-3856.2 1289.0 48.4
-3877.0 1288.5 48.4
-3966.8 1292.4 46.6
-3980.8 1286.1 46.5
-3995.2 1289.4 46.2
-4003.9 1292.4 45.9
-4014.4 1286.8 45.8
-4022.6 1288.3 45.5
-4036.3 1286.8 45.1
-3821.4 1299.6 48.1
-3856.5 1298.7 48.2
-3875.1 1301.8 48.0
-3982.5 1296.7 46.2
-3992.3 1296.5 46.0
-3812.4 1308.1 47.9
-3823.5 1307.3 47.9
-3835.1 1306.3 48.0
-3841.5 1305.9 48.0
-4060.8 1308.6 44.1
-3825.4 1322.0 47.6
-3833.9 1320.6 47.7
-3960.7 1317.3 46.1
-3836.9 1328.8 47.7
-3840.8 1331.5 47.7
-3841.6 1339.9 47.6
-3955.8 1342.5 45.9
-3920.5 1346.2 46.9
-3934.3 1349.2 46.7
-3915.5 1360.4 46.8
-3943.4 1361.1 46.7
-3956.3 1361.7 46.4
-4002.5 1360.9 45.0
-4021.1 1361.1 44.4
-3952.1 1368.2 46.6
-3965.7 1368.3 46.3
-3980.4 1367.7 45.8
-3994.4 1368.1 45.4
-3963.8 1377.7 46.3
-3974.1 1381.3 45.9
-3981.0 1378.1 45.6
-3993.4 1380.7 45.1
-3963.0 1388.0 46.1
-3974.7 1388.5 46.0
-3891.2 1396.9 46.2
-3956.0 1400.3 45.8
-3960.8 1396.5 45.9
-3974.1 1396.8 45.7
-3944.1 1420.6 44.7
-3954.5 1422.4 44.5
-3962.1 1419.2 44.5
-3923.2 1432.2 44.7
-5010.8 721.2 27.0
-5019.8 732.5 26.8
-4941.7 737.6 29.0
-4983.5 739.7 27.6
-4989.2 738.8 27.5
-5008.9 743.1 27.0
-5020.9 740.4 26.7
-4970.3 750.9 28.0
-4983.6 752.2 27.7
-4992.6 752.8 27.4
-5004.7 747.6 27.1
-4895.0 611.0 29.3
-4910.1 660.2 29.4
-4925.3 662.1 29.0
-4984.2 673.4 27.8
-4954.4 693.0 28.6
-4402.7 1023.9 39.3
-4431.6 1032.1 38.8
-4431.4 1039.7 38.7
-4432.1 1062.3 38.4
-4442.6 1061.3 38.3
-4497.8 1105.7 37.4
-4492.3 1109.7 37.3
-4486.3 1120.6 37.1
-4503.3 1121.8 36.6
-4467.3 1133.3 37.0
-4484.4 1130.9 36.7
-4496.9 1131.9 36.4
-4467.7 1145.1 36.5
-4918.8 1389.3 19.0
-4927.9 1405.5 19.2
-4955.1 1432.0 19.9
-4978.3 1443.8 20.5
-4988.1 1453.9 20.9
-4999.7 1452.8 21.2
-5006.8 1463.7 21.6
-4889.0 1559.8 20.3
-4879.2 1564.2 20.0
-4897.2 1569.1 20.6
-4903.6 1566.8 20.8
-4876.8 1577.0 20.1
-4875.2 1596.8 20.2
-5385.4 706.4 20.2
-5104.6 554.0 26.0
-5067.7 568.1 26.5
-5085.6 582.9 26.0
-5094.2 592.1 25.6
-5413.8 496.3 20.9
-5490.8 594.1 20.4
-5500.1 595.9 20.4
-5448.1 583.9 20.7
-5449.2 609.0 20.9
-5466.2 606.2 20.7
-5444.6 629.4 20.7
-5458.2 623.2 20.7
-5395.2 633.7 20.9
-5404.4 636.9 20.8
-5416.1 633.3 20.8
-5427.0 638.6 20.7
-5439.4 636.0 20.6
-5423.7 646.8 20.6
-5240.3 540.6 22.7
-5207.2 579.3 23.0
-5138.9 638.6 23.9
-5163.0 641.3 23.5
-5172.1 640.7 23.4
-5160.7 651.6 23.4
-5350.6 524.2 21.2
-5373.0 547.8 21.2
-5360.7 554.7 21.4
-5361.3 567.3 21.4
-5396.5 568.2 21.1
-5202.7 206.9 27.6
-5248.5 207.8 26.5
-5278.7 256.9 25.2
-5293.0 276.8 24.6
-5281.7 299.9 24.7
-5300.0 297.4 24.3
-5277.6 312.8 24.6
-5287.6 312.0 24.4
-5300.7 312.7 24.1
-5271.4 322.2 24.7
-5279.1 322.5 24.5
-5299.8 322.3 24.0
-5302.0 333.2 23.8
-5283.3 337.2 24.3
-5303.0 336.9 23.8
-5272.2 348.9 24.5
-5300.1 347.1 23.8
-5271.8 381.1 24.3
-5283.4 378.8 24.0
-5250.1 400.2 24.4
-5261.7 399.6 24.1
-5240.8 410.8 24.6
-5237.8 422.9 24.6
