-5477.6 -5172.6 141.2
-6352.0 5389.8 160.2
-6354.2 5407.3 159.8
-6357.7 5418.5 159.4
-6356.2 5432.8 159.0
-6395.8 5439.3 158.3
-6370.9 5448.9 158.4
-6356.8 5481.6 158.0
-6368.6 5483.5 158.1
-6370.9 5492.5 158.2
-6388.0 5491.9 158.4
-6395.1 5491.9 158.5
-6296.3 5512.7 160.5
-6322.0 5506.7 157.6
-6327.5 5522.0 157.4
-6355.1 5523.1 158.0
-6397.9 5530.7 158.7
-6295.6 5544.2 159.1
-6311.6 5545.8 156.9
-6356.3 5540.5 157.7
-6370.7 5537.6 158.1
-6247.3 5560.6 165.5
-6298.6 5555.9 158.1
-6312.7 5553.6 156.4
-6343.0 5555.9 157.1
-6396.3 5555.7 158.3
-6282.3 5575.8 159.3
-6341.8 5570.2 156.7
-6357.8 5566.3 157.2
-6313.2 5587.4 155.7
-6337.9 5587.3 156.3
-6382.8 5581.7 157.5
-6396.2 5582.6 157.8
-6434.0 5586.1 158.6
-6278.5 5596.1 160.0
-6305.8 5604.4 155.2
-6353.8 5599.4 156.4
-6401.5 5600.3 157.5
-6339.4 5616.1 155.7
-6386.3 5619.3 156.7
-6397.0 5618.0 157.0
-6277.5 5634.1 162.1
-6308.2 5628.9 158.9
-6338.8 5631.5 157.5
-6399.0 5628.0 156.8
-6445.5 5633.6 157.8
-6295.6 5649.4 162.6
-6321.0 5645.0 161.5
-6373.2 5647.0 158.7
-6388.3 5641.7 156.6
-6279.9 5661.9 163.3
-6324.3 5664.8 162.0
-6338.0 5662.3 161.6
-6417.0 5659.2 158.5
-6292.1 5675.7 163.1
-6342.5 5671.8 161.6
-6350.2 5679.6 161.5
-6383.6 5672.1 160.4
-6417.9 5678.5 159.5
-6281.3 5694.2 163.8
-6292.7 5687.2 163.3
-6306.2 5692.8 163.0
-6319.9 5690.3 162.6
-6372.1 5691.3 161.1
-6470.9 5690.4 158.0
-6485.0 5691.8 157.4
-6344.7 5706.0 162.1
-6383.4 5702.7 160.9
-6398.1 5709.5 160.6
-6448.8 5708.2 158.9
-6474.8 5705.8 157.9
-6492.8 5706.0 157.2
-6338.7 5720.8 162.5
-6419.0 5718.7 160.1
-6463.8 5720.3 158.4
-6314.2 5734.3 163.5
-6322.3 5739.3 163.3
-6446.4 5732.3 159.1
-6463.3 5736.9 158.5
-6485.3 5731.1 157.6
-6323.1 5747.4 163.4
-6370.0 5750.8 162.1
-6434.5 5750.9 159.6
-6504.5 5752.3 156.9
-6538.7 5750.1 155.5
-6548.5 5753.4 155.1
-6307.8 5768.2 164.2
-6341.9 5766.1 163.2
-6371.6 5764.5 162.2
-6387.8 5766.6 161.6
-6395.1 5767.7 161.3
-6432.6 5768.6 159.8
-6456.5 5766.6 158.8
-6506.6 5762.3 156.8
-6530.0 5761.9 155.9
-6277.6 5783.8 165.4
-6344.4 5784.0 163.3
-6352.7 5778.7 163.0
-6369.3 5779.3 162.3
-6441.2 5782.8 159.5
-6340.5 5798.7 163.6
-6358.4 5792.6 162.8
-6370.0 5799.1 162.4
-6502.8 5800.3 157.1
-6521.4 5790.9 156.3
-6430.0 5810.3 160.0
-6488.8 5813.0 157.8
-6505.6 5813.3 157.2
-6560.5 5815.1 155.3
-6578.9 5806.1 154.4
-6276.0 5828.0 166.2
-6297.5 5825.0 165.4
-6306.9 5821.0 165.0
-6372.2 5821.3 162.4
-6429.9 5821.4 160.2
-6458.0 5828.1 159.3
-6297.4 5837.7 165.4
-6309.6 5841.4 165.0
-6329.4 5839.1 164.3
-6351.0 5845.4 163.6
-6367.3 5840.6 162.9
-6417.6 5841.3 161.1
-6538.2 5840.5 156.7
-6549.0 5839.5 156.3
-6279.9 5850.9 166.3
-6463.0 5851.0 159.6
-6485.9 5859.9 159.0
-6563.8 5853.5 156.1
-6299.4 5868.9 166.0
-6323.8 5872.9 165.2
-6388.8 5869.7 162.8
-6419.7 5867.2 161.6
-6434.6 5870.8 161.1
-6477.5 5869.2 159.5
-6492.6 5869.8 159.0
-6533.4 5870.7 157.6
-6551.6 5870.1 156.9
-6605.7 5872.9 155.1
-6344.6 5889.9 164.9
-6626.0 5884.1 154.6
-6338.9 5903.8 165.4
-6410.6 5903.7 162.8
-6428.8 5900.6 162.0
-6460.3 5902.7 161.0
-6478.8 5899.4 160.2
-6533.4 5902.4 158.4
-6578.8 5902.6 156.8
-6594.1 5905.5 156.3
-6358.3 5912.0 164.9
-6411.6 5913.2 163.0
-6458.9 5913.1 161.3
-6597.4 5912.9 156.4
-6605.8 5911.4 156.0
-6623.1 5912.7 155.5
-6369.7 5931.3 164.9
-6489.9 5935.4 160.7
-6545.7 5930.7 158.7
-6577.6 5928.7 157.5
-6640.3 5933.5 155.4
-6367.5 5943.7 165.3
-6386.6 5950.7 164.8
-6419.0 5948.7 163.6
-6426.1 5949.5 163.4
-6446.9 5943.3 162.5
-6461.6 5948.4 162.1
-6565.0 5941.7 158.2
-6599.3 5944.5 157.1
-6642.1 5948.1 155.7
-6371.4 5958.5 165.5
-6413.8 5957.5 164.0
-6489.6 5955.8 161.3
-6579.1 5965.7 158.3
-6638.0 5956.8 156.0
-6657.6 5957.2 155.3
-6674.8 5957.1 154.7
-6380.4 5973.8 165.8
-6399.8 5980.3 165.5
-6479.2 5980.7 162.6
-6503.5 5976.5 161.5
-6537.5 5980.3 160.5
-6626.1 5975.9 157.1
-6336.1 5987.5 168.1
-6358.7 5988.5 167.3
-6372.9 5986.1 166.7
-6410.6 5991.6 165.5
-6549.9 5988.1 160.3
-6579.5 5988.2 159.2
-6625.4 5994.4 157.7
-6639.0 5993.2 157.1
-6680.6 5988.5 155.5
-6389.3 6009.6 166.9
-6425.9 6008.1 165.5
-6500.8 6007.9 162.7
-6520.0 6009.8 162.1
-6539.6 6004.5 161.2
-6595.5 6001.5 159.0
-6622.4 6003.2 158.1
-6657.2 6007.8 157.0
-6368.9 6016.1 167.9
-6399.5 6018.3 166.8
-6409.9 6017.2 166.4
-6426.1 6025.6 166.1
-6446.1 6019.5 165.1
-6500.5 6016.0 163.0
-6516.1 6020.2 162.6
-6533.1 6024.1 162.0
-6605.1 6019.7 159.3
-6357.5 6036.1 168.9
-6365.8 6040.5 168.8
-6410.4 6040.0 167.1
-6433.3 6033.0 166.0
-6448.2 6034.3 165.5
-6460.8 6032.6 165.0
-6479.0 6037.8 164.5
-6505.5 6040.3 163.6
-6549.8 6039.6 161.9
-6666.1 6032.8 157.5
-6688.3 6040.0 156.7
-6380.2 6055.5 168.7
-6412.0 6055.5 167.5
-6447.3 6047.2 166.0
-6478.7 6047.5 164.8
-6508.7 6052.2 163.8
-6643.7 6055.5 159.1
-6382.5 6068.1 169.0
-6458.4 6062.3 166.0
-6608.8 6063.9 160.6
-6699.3 6064.5 156.6
-6419.8 6080.2 168.0
-6448.9 6078.4 166.9
-6458.7 6076.5 166.5
-6536.1 6083.7 163.9
-6629.1 6085.2 160.6
-6447.4 6098.2 167.6
-6460.0 6099.0 167.2
-6530.1 6099.6 164.7
-6562.3 6099.2 163.5
-6592.6 6097.8 162.3
-6611.2 6095.9 161.6
-6698.3 6096.7 157.6
-6731.7 6098.3 154.8
-6440.9 6109.8 168.2
-6491.3 6109.5 166.4
-6568.4 6112.2 163.7
-6592.8 6114.7 162.9
-6627.9 6114.8 161.6
-6641.4 6111.8 161.0
-6674.8 6112.4 159.8
-6741.7 6111.5 154.4
-6433.7 6121.5 168.9
-6457.8 6124.6 168.1
-6486.8 6122.2 167.0
-6533.0 6125.4 165.4
-6549.7 6128.6 164.9
-6642.5 6122.5 161.3
-6671.0 6121.7 160.3
-6710.2 6124.6 157.5
-6490.2 6138.4 167.4
-6521.4 6142.4 166.4
-6762.0 6136.8 153.4
-6412.4 6151.8 168.6
-6444.5 6153.8 168.0
-6522.2 6153.9 166.7
-6553.3 6151.3 165.5
-6643.0 6151.7 162.3
-6683.7 6153.5 160.6
-6701.3 6158.8 159.2
-6716.8 6151.9 157.7
-6744.0 6152.4 155.4
-6771.6 6157.6 153.2
-6464.7 6171.4 167.2
-6523.5 6174.3 166.2
-6577.1 6166.3 165.2
-6658.4 6170.3 162.4
-6427.7 6190.4 167.4
-6456.5 6181.3 167.1
-6485.9 6188.0 166.5
-6534.4 6184.7 165.8
-6545.9 6188.0 165.5
-6580.7 6189.2 164.9
-6596.4 6185.3 164.8
-6609.8 6182.1 164.5
-6654.7 6189.2 163.1
-6685.6 6182.6 161.3
-6698.7 6182.1 160.2
-6728.7 6185.8 157.6
-6747.5 6190.0 155.9
-6774.4 6190.5 153.4
-6457.7 6204.2 166.5
-6475.1 6203.9 166.3
-6547.7 6197.4 165.3
-6577.8 6202.7 164.6
-6598.0 6196.1 164.5
-6628.5 6203.2 163.8
-6637.2 6201.4 163.7
-6652.7 6203.8 163.4
-6689.4 6199.7 161.5
-6700.4 6198.9 160.4
-6763.1 6204.5 154.7
-6776.3 6202.8 153.5
-6790.9 6201.3 152.1
-6431.4 6217.0 166.7
-6487.0 6214.0 165.8
-6674.8 6216.1 163.0
-6679.9 6220.6 162.6
-6731.0 6216.9 157.9
-6743.0 6217.6 156.8
-6758.7 6220.2 155.4
-6460.6 6231.4 165.8
-6626.8 6231.7 163.5
-6657.7 6226.9 164.6
-6698.8 6230.2 161.1
-6794.4 6231.3 152.2
-6433.3 6249.3 165.8
-6444.4 6250.7 165.6
-6518.1 6245.7 164.5
-6594.3 6244.0 163.3
-6763.2 6245.2 155.4
-6789.5 6249.6 153.0
-6432.6 6260.5 165.6
-6472.7 6263.1 164.8
-6566.0 6263.9 163.9
-6644.5 6262.4 166.0
-6653.4 6260.6 165.2
-6759.5 6259.4 155.9
-6806.9 6259.0 151.5
-6487.1 6272.0 164.4
-6504.6 6278.0 163.9
-6560.3 6271.0 164.4
-6700.5 6276.8 161.4
-6727.7 6277.4 159.0
-6771.5 6279.5 155.1
-6792.8 6276.8 153.1
-6806.4 6272.6 151.8
-6462.6 6294.8 164.2
-6563.6 6293.7 167.3
-6596.8 6293.4 169.1
-6673.6 6288.6 163.8
-6715.6 6293.7 160.2
-6539.5 6302.4 167.0
-6590.5 6305.2 170.2
-6670.0 6306.9 164.2
-6689.3 6306.8 162.6
-6699.2 6307.2 161.7
-6740.2 6303.7 158.2
-6479.4 6323.8 166.2
-6490.6 6323.9 166.8
-6522.5 6321.4 168.3
-6534.4 6325.4 169.3
-6637.1 6322.6 167.2
-6664.9 6321.0 164.8
-6680.8 6318.3 163.4
-6719.1 6316.6 160.1
-6764.3 6318.5 156.3
-6786.8 6320.8 154.4
-6801.9 6324.5 153.0
-6460.2 6335.6 163.4
-6534.4 6337.8 167.3
-6763.4 6334.5 156.5
-6476.1 6350.6 161.9
-6545.0 6348.4 166.2
-6576.8 6355.4 166.7
-6641.6 6349.4 164.7
-6668.6 6354.7 162.5
-6746.1 6349.2 158.1
-6771.4 6346.5 155.9
-6521.5 6361.1 162.8
-6534.6 6364.1 163.0
-6547.6 6366.2 163.4
-6576.6 6367.8 164.5
-6728.5 6365.2 158.0
-6788.3 6369.3 154.7
-6682.2 6383.1 156.5
-6759.5 6385.8 153.2
-6778.3 6379.1 153.2
-6792.6 6376.4 153.2
-6560.2 6390.9 160.1
-6580.8 6395.6 159.1
-6671.1 6400.8 155.9
-6711.1 6398.7 154.4
-6747.4 6398.7 153.0
-6756.8 6395.2 152.8
-6819.2 6395.7 150.2
-6715.1 6412.4 153.5
-6728.5 6408.4 153.2
-6774.7 6407.9 151.4
-6792.8 6406.6 150.7
-6682.8 6423.8 154.2
-6718.0 6421.0 152.9
-6785.2 6422.3 150.1
-6771.2 6437.1 149.9
-6770.4 6457.0 148.9
6315.5 3326.3 189.2
6280.1 3325.9 190.1
6268.3 3343.4 189.8
6255.0 3340.0 190.7
6239.9 3344.5 191.3
6223.2 3343.9 192.2
6313.2 3350.9 188.8
6293.7 3357.0 189.6
6282.2 3353.9 189.9
6247.0 3358.7 191.1
6224.5 3350.8 191.8
6292.8 3383.5 190.1
6223.6 3379.9 192.2
6277.7 3404.6 191.0
6266.1 3415.7 192.6
6251.1 3417.6 192.8
6216.4 3410.2 193.2
6312.8 -6972.0 188.4
6266.3 -6979.3 186.9
6222.2 -6976.6 185.2
6123.4 -6975.6 181.7
6102.5 -6978.7 181.0
5971.9 -6980.6 178.1
5920.0 -6974.4 178.5
6283.9 -6964.3 187.1
6255.4 -6965.1 186.1
6023.5 -6959.8 177.8
5985.5 -6956.2 178.0
5927.1 -6962.5 178.4
6303.4 -6941.3 187.4
6233.4 -6943.1 184.6
6118.4 -6948.0 180.6
6048.1 -6944.9 178.0
5967.0 -6943.1 178.1
5925.1 -6945.7 178.4
5906.0 -6946.9 178.5
5891.2 -6948.1 178.6
6299.9 -6927.2 187.0
6288.1 -6933.3 186.5
6265.0 -6929.8 185.3
6206.4 -6928.6 183.2
6105.4 -6933.9 179.7
6069.3 -6928.3 178.2
5983.2 -6928.8 177.9
5964.7 -6934.6 178.0
5951.7 -6926.7 178.1
5921.3 -6931.5 178.3
5877.5 -6929.2 179.4
6226.5 -6917.9 183.6
6016.0 -6918.2 177.6
6282.3 -6899.1 185.8
6251.7 -6899.0 184.2
6223.8 -6898.5 182.8
6193.7 -6896.9 181.7
6151.1 -6901.4 180.3
6114.3 -6899.9 178.9
6058.9 -6897.3 177.1
5972.1 -6900.0 177.7
5940.2 -6898.1 179.2
5909.4 -6900.8 180.0
6330.0 -6887.2 188.1
6310.6 -6885.2 187.1
6286.1 -6885.6 185.8
6238.6 -6885.3 183.3
6173.9 -6889.3 180.8
6134.6 -6883.4 179.2
6069.4 -6882.2 176.9
6317.1 -6872.0 187.2
6239.8 -6867.9 183.2
6226.1 -6867.4 182.5
6210.2 -6872.1 181.7
6091.9 -6867.7 177.1
6077.1 -6869.4 176.8
6029.1 -6871.2 177.1
6012.0 -6875.2 177.3
5969.2 -6870.0 179.3
6313.4 -6858.7 186.2
6251.4 -6855.4 183.6
6173.6 -6851.2 179.6
6167.6 -6856.4 179.5
6148.7 -6860.2 178.9
6137.6 -6851.5 178.3
6107.9 -6858.0 177.4
6073.3 -6856.4 176.7
6038.8 -6856.9 177.0
6033.1 -6858.2 177.0
6011.1 -6853.6 178.2
6317.3 -6845.9 185.5
6236.4 -6843.5 182.7
6210.0 -6837.5 181.2
6163.5 -6844.5 179.0
6151.0 -6838.4 178.3
6087.0 -6842.6 176.5
6076.7 -6844.9 176.6
6028.1 -6838.6 178.2
6002.0 -6841.3 179.3
5979.1 -6846.0 180.1
5943.0 -6839.3 181.7
6296.1 -6823.6 183.2
6182.4 -6831.0 179.7
6055.1 -6824.5 177.7
6041.3 -6824.7 178.3
6011.9 -6829.8 179.4
5993.7 -6825.4 180.4
5985.9 -6824.1 180.9
5949.2 -6824.7 182.1
6314.0 -6813.4 183.1
6286.6 -6810.0 182.0
6237.0 -6813.9 180.7
6227.4 -6808.9 180.0
6147.0 -6814.6 177.7
6135.8 -6809.4 177.0
6117.7 -6807.0 176.2
6089.1 -6811.2 176.8
6070.6 -6808.3 177.8
6028.6 -6807.9 179.8
5996.6 -6812.5 181.0
5953.1 -6815.2 182.4
6329.8 -6794.8 184.9
6286.5 -6799.7 181.6
6268.5 -6795.1 181.2
6188.5 -6796.6 178.5
6152.2 -6800.7 177.2
6133.8 -6794.4 176.8
6102.6 -6799.6 176.8
6092.0 -6800.7 177.2
6041.4 -6800.6 179.5
5971.7 -6796.5 182.7
6325.8 -6778.1 185.0
6197.4 -6785.7 179.3
6175.6 -6780.0 178.8
6070.3 -6781.9 179.2
6061.4 -6779.2 179.7
6003.0 -6780.0 182.3
6316.2 -6765.7 184.4
6300.7 -6764.5 183.5
6263.7 -6764.2 182.3
6138.0 -6763.5 178.4
6121.7 -6761.8 178.5
6107.3 -6766.2 178.3
6087.5 -6763.9 179.3
6017.4 -6767.8 182.3
5999.7 -6762.4 183.4
6271.7 -6751.5 183.1
6235.5 -6750.0 182.0
6182.6 -6747.5 179.8
6158.5 -6751.2 179.3
6131.1 -6753.3 179.0
6120.1 -6753.6 179.0
6091.9 -6750.2 179.8
6043.7 -6755.7 181.7
6028.1 -6755.7 182.4
5998.9 -6747.9 184.0
6160.5 -6735.7 180.2
6144.6 -6740.3 179.9
6129.0 -6740.5 179.8
6104.8 -6740.0 179.8
6008.6 -6739.0 184.2
6158.9 -6723.2 181.0
6087.1 -6720.9 181.5
6062.1 -6720.7 182.7
6191.5 -6702.7 182.4
6197.5 -6691.6 183.1
6123.2 -6693.3 182.7
6207.9 -6676.9 184.0
6197.0 -6673.5 184.2
6120.4 -6672.7 183.9
6210.5 -6662.5 184.9
6175.8 -6660.9 184.9
6129.7 -6660.6 184.7
6120.4 -6659.2 184.8
6130.7 -6650.3 185.4
6122.3 -6650.7 185.3
6107.8 -6645.9 185.5
6222.5 -6632.4 186.8
6194.9 -6634.3 186.6
6122.3 -6634.8 186.3
6087.8 -6629.0 186.5
6221.3 -6618.3 187.0
6179.4 -6614.6 187.2
6090.9 -6620.0 187.1
6161.4 -6603.0 187.4
6122.3 -6601.2 187.6
6204.4 -6585.4 187.3
6149.5 -6587.3 187.7
6116.7 -6590.1 187.9
6237.6 -6567.5 187.5
6208.7 -6568.7 187.7
6192.3 -6570.8 187.8
6177.8 -6571.7 187.9
6237.4 -6560.2 187.7
6224.3 -6552.1 188.1
6167.0 -6553.8 188.3
6133.2 -6551.7 188.3
6224.5 -6537.5 188.4
6203.6 -6542.1 188.4
6147.1 -6536.9 188.5
6134.4 -6538.4 188.5
6236.5 -6528.5 188.5
6226.4 -6523.1 188.5
6174.6 -6521.6 188.6
6146.9 -6521.8 188.6
6266.6 -6512.4 188.9
6161.1 -6509.0 188.8
6280.9 -6492.7 189.9
6264.6 -6498.2 189.4
6240.3 -6498.4 189.2
6218.5 -6497.9 189.0
6204.9 -6499.6 188.9
6298.9 -6479.5 190.8
6288.4 -6480.1 190.5
6263.9 -6479.5 190.0
6233.8 -6478.7 189.8
6181.9 -6466.3 189.9
6256.5 -6447.4 191.1
6219.7 -6450.0 190.8
6253.7 -6431.4 191.7
6241.4 -6435.2 191.4
6213.3 -6440.6 191.1
6174.9 -6431.3 191.1
6280.1 -6416.5 192.5
6250.4 -6418.1 192.1
6240.6 -6419.9 192.0
6227.1 -6419.4 191.9
6241.8 -6402.0 192.6
6228.3 -6387.0 193.1
6267.8 -6371.2 193.9
6253.1 -6374.8 193.7
6238.6 -6363.0 194.0
6222.5 -6364.7 193.8
6219.1 -6349.9 194.1
6253.5 -6330.2 195.2
6242.3 -6332.2 194.9
