6222.6 -6757.5 35.1
6352.4 -6771.6 35.5
6084.0 -6873.5 32.0
6212.8 -7067.4 31.6
6197.5 -5964.0 36.0
6237.9 -5971.7 36.0
6456.0 -6644.4 35.5
6395.7 -6639.4 36.1
6336.1 -6615.7 37.6
6314.6 -6629.1 37.1
6595.1 -6653.9 34.0
6379.1 -6543.7 36.0
6286.6 -6524.9 36.9
6156.7 -6637.3 35.4
6608.6 -6709.1 33.9
6725.8 -6710.0 33.1
6320.0 -6543.2 36.8
6682.6 -6414.3 35.2
6419.9 -6375.3 36.1
6697.4 -6074.8 36.1
2226.0 1966.1 40.3
2595.0 1141.6 37.6
1840.2 5655.4 51.6
1502.3 5994.1 56.8
1564.4 5875.5 54.8
1598.8 5743.0 54.3
1779.6 5304.2 50.4
2733.6 5295.7 47.1
3034.0 5665.0 54.2
4694.9 6699.9 103.4
3614.4 5290.2 52.3
6569.4 -6809.0 35.5
6891.3 -7266.5 34.7
6638.9 -7101.8 33.5
6561.9 -7111.1 33.0
6671.8 -6972.2 34.3
6687.4 -7181.6 33.8
6693.3 -6949.2 34.4
6632.9 -7233.7 33.0
6769.9 -7178.4 33.5
6781.4 -7064.2 33.0
6612.1 -7040.2 33.7
4101.3 6292.3 83.6
5171.4 4310.6 63.9
4680.7 4671.0 82.8
1850.8 5639.4 51.6
1893.7 5018.1 44.2
1492.9 6064.1 58.3
1552.8 5858.6 54.5
6629.4 -5006.9 46.2
6679.6 -5001.4 46.7
2843.0 910.2 38.7
1518.9 -6933.3 30.9
1550.0 -6987.8 31.7
-3486.6 -6269.6 26.1
-3497.9 -6307.0 26.1
-3521.1 -6437.7 26.4
-3710.3 -6997.6 39.9
-3719.8 -7012.4 39.8
-3898.2 -7260.5 38.5
-3904.6 -7271.2 38.8
5765.2 -5686.3 40.1
5735.0 -6762.5 30.7
5730.1 -6835.0 30.4
6501.0 -7023.2 33.0
6523.9 -7003.7 33.4
6558.8 -6991.4 33.6
6562.4 -6995.7 33.6
6415.1 -7000.6 32.5
6422.2 -7052.8 32.3
6795.5 -7045.2 33.2
6299.9 -6780.7 35.1
6353.3 -6853.6 34.2
6423.9 -6859.2 34.2
6436.8 -6855.0 34.4
6436.1 -6766.3 35.9
6412.9 -6829.1 34.7
6322.2 -6684.1 35.8
6435.4 -6922.3 33.3
6425.9 -6945.9 33.1
6427.9 -6917.5 33.3
6435.8 -6907.9 33.5
6345.9 -6816.8 34.6
6330.5 -6814.3 34.6
6269.2 -6818.6 34.3
6276.6 -6816.0 34.4
6290.3 -6808.8 34.5
6282.4 -6810.8 34.5
6275.5 -6887.7 33.0
6266.5 -6712.7 35.3
6316.5 -6672.7 36.0
6289.1 -6678.0 35.3
6592.6 -8653.3 50.5
6542.7 -6862.5 34.5
6585.1 -6731.6 34.3
6697.1 -6704.2 33.2
6722.2 -6762.8 33.5
6707.3 -6781.0 34.1
6719.2 -6796.4 34.3
6700.0 -6862.8 34.8
6682.8 -6897.9 34.5
6681.9 -6911.3 34.5
6604.0 -6781.7 34.9
6535.9 -6722.7 34.6
5866.1 -6599.0 33.0
5867.1 -6573.3 32.9
6540.1 -8783.2 55.5
6006.1 8683.7 78.1
5337.4 8706.1 103.3
6859.3 -6675.5 32.5
1536.4 -7115.0 33.0
6005.3 -6508.7 35.1
6344.2 -6611.7 37.2
6330.0 -6620.9 37.7
6295.0 -6781.0 35.1
6430.5 -6904.4 33.5
6404.4 -6640.3 35.9
6302.3 -7010.1 31.7
6051.6 -7071.4 35.1
6149.0 -6603.4 35.3
6111.6 -6745.8 34.5
6103.8 -6751.6 34.4
6347.9 -6515.4 36.1
6030.0 -6758.9 34.4
6740.7 -6589.6 33.8
6628.9 -7239.1 32.9
1536.4 -6978.8 31.6
6822.6 -6772.2 33.0
4053.5 5299.1 52.7
-2724.9 -3233.5 34.1
-3334.1 -5675.1 26.1
5592.6 -8178.7 42.2
6202.0 -6944.2 32.0
6339.5 -6605.5 37.5
6740.6 -6477.3 34.3
-295.7 -951.8 25.5
-3591.7 -6664.5 29.7
-3595.8 -6676.7 30.5
-3599.0 -6692.9 31.3
-3658.1 -6952.0 37.8
-3687.2 -6962.7 39.5
-3701.0 -6979.4 40.1
-3715.1 -6983.7 40.3
-2978.1 -3046.0 19.3
-3001.0 -3014.8 21.4
-2983.6 -3009.3 20.9
-2994.9 -2991.4 21.1
-2703.5 -3208.5 33.6
-2715.1 -3219.4 33.7
-2724.1 -3223.4 33.7
-2739.6 -3225.1 33.4
-2737.5 -3229.7 33.6
-2761.7 -3235.7 33.3
6916.7 -7223.6 35.3
6923.7 -7215.0 35.5
6910.1 -7231.2 35.2
5696.3 -7458.7 37.1
-3299.1 -5541.9 28.4
-3301.9 -5552.9 28.2
-3315.4 -5653.2 26.1
-3335.9 -5681.9 26.1
-3306.1 -5564.3 28.1
-3809.0 -7202.3 37.7
-3994.1 -7421.7 34.4
1668.9 5557.8 56.1
-1927.4 -8231.2 36.8
-1970.9 -8218.7 37.2
-3484.5 -6260.8 26.1
-3473.5 -6264.9 26.0
-3490.2 -6322.0 26.0
-3509.8 -6362.2 25.5
-3523.8 -6451.6 26.6
-3347.7 -5724.5 26.0
-3357.4 -5807.8 26.6
-3399.5 -5976.5 27.3
6785.0 -7163.7 33.4
6194.7 -6698.9 35.2
6554.2 -6817.5 35.2
6689.2 -6969.0 34.4
6006.4 -7068.8 35.1
6640.4 -7193.6 33.9
6087.0 -6472.3 35.5
1609.3 -7120.8 32.4
1581.5 -7159.5 33.7
1573.1 -7087.3 32.8
-1957.5 -8699.8 53.6
-1967.7 -8712.9 53.8
-1975.4 -8722.9 53.8
-1935.3 -8728.2 53.4
-1908.2 -8753.6 52.9
-1925.1 -8766.5 52.9
-1941.4 -8782.8 53.4
-1929.4 -8803.2 54.0
-1958.1 -8830.3 55.3
-2050.4 -8761.2 55.1
-2082.4 -8736.9 55.2
-1958.7 -8825.9 55.3
1644.9 -7143.0 32.5
-2978.2 -3005.0 20.8
-2718.5 -3248.9 34.9
-2720.7 -3245.8 34.7
-2720.7 -3231.6 34.1
-2716.1 -3229.3 34.1
-2701.7 -3212.7 33.8
-2708.3 -3210.5 33.5
-2712.4 -3213.0 33.5
-2710.8 -3217.2 33.7
-2717.2 -3215.0 33.5
-2721.5 -3216.9 33.5
-2726.0 -3219.0 33.4
-2730.7 -3221.0 33.4
-2728.7 -3225.4 33.6
-2734.9 -3223.2 33.4
-2733.2 -3227.4 33.6
-2743.9 -3227.2 33.3
-2741.8 -3232.1 33.6
-2746.5 -3234.0 33.6
-2753.0 -3231.4 33.3
-2750.9 -3236.3 33.6
-2755.3 -3238.1 33.5
-2759.8 -3240.0 33.5
-2969.5 -2974.9 19.8
-2988.5 -2987.5 20.8
-2969.0 -3012.5 20.7
-2961.5 -3002.9 20.5
-2988.2 -3008.8 21.0
-2995.4 -3012.5 21.2
1379.4 6364.7 60.3
1490.6 6027.5 57.6
1522.8 5942.4 55.9
1592.5 5758.0 54.0
4671.7 6441.8 110.9
1892.6 4970.0 43.6
1903.8 4982.3 44.1
1977.8 4748.2 45.9
1433.7 4284.6 47.8
1399.9 4332.7 48.0
1366.8 4390.2 47.8
845.8 4440.4 46.6
1400.7 3797.8 49.6
2212.7 4401.8 46.6
1374.9 6384.8 60.8
1543.4 5891.0 55.0
1573.4 5857.1 54.5
1584.8 5781.5 53.9
2394.1 5982.7 56.4
3241.2 5108.9 48.6
4302.5 5569.9 62.4
4279.8 5737.6 64.2
4404.9 6285.4 94.7
1886.7 4983.0 43.5
1900.4 4999.6 43.9
1947.7 4876.9 44.5
1984.0 4733.1 46.3
1819.1 5212.2 46.9
1834.8 5172.3 45.9
1812.9 5183.0 46.6
1864.8 5098.4 45.1
4902.0 3483.8 79.0
2092.7 2274.8 41.2
2007.0 3110.3 40.6
1820.9 5548.7 54.6
1743.0 5620.1 55.5
1466.6 6091.2 59.3
1830.4 5671.4 51.7
1845.8 5549.0 53.6
1904.1 4940.7 43.6
1929.5 4914.1 44.5
2006.5 4677.5 47.8
1965.8 4771.5 45.2
1884.1 5043.8 44.6
1871.2 5605.8 51.7
1866.6 5614.6 51.7
1857.6 5629.4 51.6
1844.9 5647.3 51.6
1868.2 5534.7 52.5
1835.7 5524.4 53.9
1839.3 5529.3 53.7
1822.4 5537.6 54.5
1876.8 5011.6 44.0
1882.3 4995.8 43.6
1897.2 4955.6 43.6
1908.2 4971.0 44.1
1931.8 4869.7 44.0
1998.6 4693.6 47.4
1970.6 4760.2 45.5
2010.8 4660.2 48.2
1604.8 5775.8 53.8
1680.5 5528.2 56.0
1774.0 5332.8 51.6
1804.6 5241.7 47.7
1824.2 5152.5 45.9
1831.4 5133.2 45.7
1859.1 5109.1 45.2
1877.9 5062.4 44.8
1953.6 5803.8 48.7
2600.6 5699.3 53.5
3906.5 4280.8 66.1
1387.0 6349.1 59.9
1407.4 6292.7 58.9
1401.9 6261.6 58.9
1420.7 6207.6 59.3
1524.7 5979.5 56.5
1528.3 5927.6 55.7
2489.5 6245.3 59.4
2212.1 6447.8 65.4
4634.8 3393.0 69.6
1217.7 2323.7 50.5
1713.7 3206.4 43.5
4450.2 5955.2 80.8
3169.1 3188.6 46.4
3089.8 3970.1 50.9
6339.4 5676.1 72.5
4770.1 4725.8 86.9
4382.5 5022.0 63.8
4203.3 5129.5 59.1
4233.4 4542.3 72.5
3772.5 6511.5 74.8
3613.9 5949.4 72.2
-1952.5 -3444.4 35.4
6225.1 -5974.5 35.9
6165.1 -5938.6 36.3
6882.9 -7276.3 35.1
6942.1 -7193.0 36.2
6949.0 -7184.4 36.6
6425.1 -6207.0 36.1
6678.6 -6072.1 36.1
6394.6 -6582.2 35.3
6261.6 -6659.5 35.6
6310.8 -6666.8 36.0
6362.2 -6592.1 36.5
6310.3 -6622.9 37.2
6370.0 -6549.3 36.4
6284.3 -6551.6 37.3
6270.3 -6553.7 37.4
6406.7 -6542.3 35.4
6478.9 -6514.8 35.4
6368.2 -6569.5 36.3
6356.6 -6564.9 36.7
6351.5 -6563.4 36.8
6361.2 -6551.6 36.5
6358.1 -6553.6 36.6
6355.3 -6554.9 36.6
6355.5 -6549.6 36.5
6385.9 -6640.8 36.4
6162.3 -6661.7 35.3
6257.6 -6563.6 37.1
6149.9 -6659.9 35.3
6157.3 -6655.5 35.4
6389.7 -6666.5 36.5
6229.1 -6501.2 37.2
6168.3 -6640.1 35.4
6179.1 -6625.9 35.4
6219.5 -6610.5 35.6
6217.0 -6603.9 35.6
6227.8 -6605.0 35.7
6231.8 -6594.6 35.9
6239.3 -6590.2 36.2
6122.1 -6517.6 35.5
6157.1 -6597.4 35.3
6171.2 -6540.9 35.7
6107.2 -6562.1 35.2
6151.7 -6537.5 35.6
6146.9 -6530.3 35.6
6345.9 -6536.5 36.5
6350.1 -6526.2 36.3
6127.1 -6534.7 35.4
6115.4 -6642.2 35.3
6615.6 -6524.9 35.0
6456.9 -6496.1 35.5
6476.0 -6649.0 35.2
6455.0 -6649.2 35.4
5625.3 -8099.8 41.0
5598.7 -8179.1 42.2
6293.9 -6674.6 35.5
6402.8 -6635.8 35.9
6325.1 -6549.4 36.8
6317.0 -6553.5 37.0
6313.3 -6547.3 36.9
6310.5 -6557.7 37.1
6293.2 -6565.6 37.4
6287.5 -6571.3 37.5
6744.5 -6683.0 33.0
6728.1 -6699.0 33.0
6713.9 -6690.7 33.1
6694.0 -6684.7 33.1
6400.9 -6661.2 36.2
6349.1 -6558.9 36.7
6351.9 -6556.9 36.7
6364.5 -6555.7 36.5
6353.2 -6566.9 36.8
6366.1 -6559.5 36.5
6358.8 -6568.9 36.8
6361.4 -6573.3 36.7
6364.7 -6571.5 36.5
6389.2 -6549.2 35.4
6384.0 -6552.2 35.7
6374.4 -6545.9 36.2
6325.3 -6614.0 37.7
6354.4 -6596.7 36.8
6376.4 -6584.1 35.8
6641.7 -6594.0 34.4
6673.1 -6655.8 33.2
6365.0 -6599.3 36.3
6373.1 -6595.2 35.9
6403.7 -6577.5 35.3
6435.7 -6244.8 36.3
6440.3 -6289.4 36.4
6422.3 -6292.0 36.3
5785.2 -5785.7 37.2
6688.6 -6816.6 34.9
6717.8 -6812.3 34.6
6692.4 -6762.7 33.9
6660.7 -6749.9 34.0
6711.6 -6763.4 33.6
6706.4 -6735.6 33.2
6711.3 -6718.3 33.1
6603.0 -6773.3 34.8
6581.7 -6739.0 34.5
6560.6 -6776.6 35.2
6501.4 -6746.0 35.2
6563.6 -6812.4 35.4
6568.2 -6813.5 35.4
6565.2 -6818.9 35.2
6573.6 -6752.5 34.7
6570.9 -6804.8 35.5
6580.9 -6825.4 35.1
6498.2 -6807.7 35.3
6390.8 -6748.3 36.3
6898.0 -6840.2 34.1
6893.6 -6847.6 34.1
6672.4 -6970.5 34.3
6606.4 -7137.7 34.1
6585.2 -6815.6 35.4
6715.4 -6840.0 35.2
6683.6 -6885.3 34.5
6814.1 -6793.3 33.1
6798.7 -6861.7 33.6
6798.4 -6877.3 33.6
6798.1 -6885.2 33.6
6797.9 -6925.3 33.6
6794.5 -7060.3 33.3
6787.0 -7138.3 33.5
6793.4 -7076.0 33.2
6790.6 -7091.5 33.1
6776.9 -7112.0 33.6
6780.0 -7089.0 33.3
6780.6 -7079.2 33.2
6781.1 -7073.2 33.1
6781.6 -7058.5 33.0
6590.2 -7083.6 33.3
6595.8 -7077.5 33.3
6651.9 -5725.8 37.1
6682.8 -5746.1 37.9
6624.3 -5681.8 36.9
6146.5 -7073.8 32.5
6172.6 -7036.7 31.4
6128.0 -7089.3 33.2
6114.0 -7085.3 33.5
6031.5 -7070.4 35.7
5996.2 -7067.4 34.6
5974.7 -7049.7 33.7
5982.2 -7015.8 33.9
6072.8 -7041.1 34.0
6485.7 -7040.9 32.8
6558.7 -7125.3 33.1
6460.8 -7038.1 32.6
6483.8 -7062.0 32.7
6493.4 -7071.3 32.7
6517.3 -7083.3 32.8
6545.7 -7106.9 32.9
6667.0 -7006.2 34.1
6553.5 -7026.8 33.4
6519.7 -7063.0 32.9
6527.4 -7055.6 33.0
6470.1 -7035.9 32.7
6482.0 -7121.3 32.4
6397.2 -7052.1 32.2
6215.8 -7072.9 31.6
6296.2 -7068.3 31.5
6302.2 -7054.5 31.5
6365.5 -7012.0 32.1
6353.2 -7070.6 31.8
6352.8 -7080.4 31.7
6230.4 -7096.1 31.5
6559.1 -7107.6 33.0
6589.9 -6726.3 34.3
6595.1 -6719.6 34.2
6601.8 -6714.3 34.0
6606.3 -6732.2 34.4
6632.1 -6434.0 35.4
6822.6 -6466.7 34.2
6663.4 -6571.7 34.4
6750.7 -6453.8 34.4
6692.3 -6660.7 33.1
6733.7 -6656.8 33.1
6710.2 -6754.5 33.4
6723.4 -6738.0 33.1
6706.4 -6761.8 33.7
6721.1 -6779.6 33.9
6691.3 -6778.9 34.3
6747.4 -6485.7 34.2
6749.5 -6465.0 34.3
6767.2 -6444.7 34.6
6804.2 -6466.7 34.2
6816.5 -6474.0 34.1
6772.8 -6440.1 34.6
6744.8 -6529.7 34.1
6839.2 -6724.7 32.9
5977.8 -6701.8 35.0
5980.1 -6685.3 35.0
5994.3 -6733.4 34.7
6238.6 -6672.4 35.5
6202.3 -6694.0 35.3
6179.1 -6709.1 35.1
6228.0 -6670.8 35.5
6198.4 -6688.5 35.3
6228.6 -6766.2 35.0
6244.0 -6778.1 34.9
6158.2 -6673.7 35.3
6107.0 -6737.4 34.6
6098.0 -6741.7 34.5
6105.5 -6774.0 34.1
6032.9 -6691.2 35.0
6048.8 -6675.4 35.0
6034.8 -6773.9 34.4
6257.9 -6719.4 35.3
6212.5 -6742.8 35.0
5886.6 -6586.8 33.2
5885.4 -6558.8 33.2
5987.4 -6631.7 35.0
5994.5 -6597.6 34.9
6001.4 -6529.2 34.7
6070.1 -6467.0 35.6
6058.2 -6548.8 35.0
6031.6 -6507.5 35.0
6041.5 -6536.9 34.9
6036.3 -6568.1 34.9
6039.8 -6592.7 35.0
6039.8 -6579.2 35.0
6075.7 -6667.9 35.0
6163.1 -6436.1 36.8
6198.5 -6424.4 36.3
6143.1 -6453.7 36.3
6208.8 -6431.9 36.4
6249.6 -6418.4 35.6
6441.2 -6314.4 36.5
6096.4 -6381.6 35.5
6585.1 -6412.5 35.6
6335.7 -6411.9 35.3
6291.3 -6472.6 36.1
6269.6 -6478.6 36.4
6248.8 -6444.1 36.3
6269.8 -6433.0 35.8
6261.6 -6472.8 36.5
6325.5 -6394.8 35.2
6331.4 -6393.9 35.3
6405.3 -6385.8 36.0
6452.0 -6382.7 36.3
6468.3 -6381.6 36.4
6515.8 -6378.4 36.2
6560.9 -6375.3 36.1
6581.2 -6374.0 36.0
6640.0 -6392.5 35.6
6601.1 -6363.1 36.0
6536.6 -6366.2 36.3
6518.6 -6367.6 36.3
6495.4 -6369.4 36.4
6358.9 -6380.1 35.6
6318.4 -6372.6 35.2
6389.3 -6360.9 35.9
6414.2 -6359.3 36.2
6425.8 -6358.3 36.3
6450.2 -6357.1 36.6
6461.0 -6356.4 36.7
6487.3 -6354.1 36.6
6496.4 -6353.2 36.6
6557.2 -6348.8 36.1
6659.9 -6370.6 35.8
6330.7 -7067.5 31.7
6155.4 -7051.9 32.0
6183.8 -7029.1 31.3
6302.5 -7043.1 31.6
6124.5 -7001.1 32.0
6120.4 -6996.3 32.1
6134.1 -6983.3 31.9
6138.7 -6988.9 31.8
6102.4 -7063.2 33.5
6109.2 -7064.2 33.3
6103.3 -7045.4 33.3
6241.2 -7169.7 32.1
6258.4 -7179.0 31.9
6104.1 -7079.6 33.7
6228.1 -7102.4 31.6
6453.7 -6491.1 35.6
6610.2 -6529.6 35.0
6618.1 -6426.8 35.5
6701.2 -6395.1 35.4
6668.6 -6377.3 35.7
6648.3 -6364.4 35.8
6616.0 -6349.2 35.8
6606.2 -6347.6 35.8
6581.0 -6346.5 35.9
6570.4 -6347.2 36.0
6546.1 -6349.7 36.2
6533.0 -6350.4 36.3
6474.9 -6355.0 36.7
6401.6 -6358.9 36.1
6365.2 -6363.9 35.7
6332.4 -6369.8 35.3
6438.7 -6373.8 36.3
6454.9 -6372.6 36.4
6471.5 -6371.3 36.5
6569.2 -6363.6 36.2
6697.0 -6409.6 35.2
6722.1 -6423.1 35.0
6749.8 -6474.1 34.2
6745.6 -6464.6 34.4
6739.4 -6461.9 34.5
6625.4 -6383.5 35.7
6571.4 -6374.6 36.1
6491.6 -6380.0 36.3
6483.8 -6380.5 36.3
6475.0 -6381.1 36.4
6340.7 -6392.5 35.4
6371.7 -6485.7 35.6
6288.3 -6462.2 36.1
6297.0 -6519.8 36.7
6287.4 -6436.4 35.7
6284.3 -6512.8 36.8
6349.7 -6404.9 35.5
6472.4 -6505.1 35.5
6450.6 -6501.7 35.5
6434.3 -6503.6 35.5
6295.1 -6544.4 37.1
6206.3 -5877.5 37.6
6046.0 -6854.5 33.3
6008.1 -6839.5 34.5
6247.5 -6827.2 34.1
6166.5 -6835.4 33.0
6011.6 -6948.8 34.7
6190.9 -6951.5 31.9
6073.3 -6803.7 34.1
6126.2 -6907.5 31.8
5994.9 -6965.9 34.6
6090.0 -6892.7 32.1
6093.0 -6913.2 32.3
6080.9 -6898.9 32.4
6644.4 -7248.0 32.4
6562.3 -7256.3 33.0
6604.0 -7150.2 34.1
6606.7 -7159.2 34.1
6623.3 -7182.5 34.1
6535.7 -7193.6 34.2
6426.0 -7110.1 32.1
6476.6 -7161.3 33.2
6488.1 -7148.8 32.9
6531.2 -7206.6 34.1
6693.3 -7144.5 34.0
6491.3 -7183.5 34.2
6520.8 -7203.4 34.2
6607.0 -7237.7 33.2
6614.1 -7227.8 33.5
6648.1 -7214.3 33.5
6582.7 -7249.4 33.1
6573.7 -7248.6 33.2
6544.7 -7242.4 33.6
6363.2 -7192.3 32.7
6383.0 -7194.2 33.0
6407.8 -7197.0 33.5
6480.3 -7226.6 34.2
6453.1 -7215.7 34.3
6443.5 -7212.5 34.4
6353.1 -7199.4 32.8
6493.0 -7232.3 34.1
6653.9 -7264.1 31.6
6638.9 -7274.3 31.4
6579.7 -7086.1 33.2
6829.3 -7142.8 32.3
6830.0 -7150.3 32.3
6770.7 -7169.5 33.5
6779.5 -7178.6 33.5
6786.6 -7148.0 33.5
6789.6 -7107.2 33.1
6778.3 -7104.7 33.5
6588.9 -6400.6 35.7
6609.6 -6377.5 35.9
6653.0 -6399.5 35.5
6668.4 -6406.6 35.3
6675.1 -6397.9 35.4
6628.2 -6352.7 35.9
6723.8 -6123.0 36.0
4840.7 -7895.1 30.5
4311.9 -7540.5 36.7
4298.8 -7545.8 36.9
1937.6 4855.3 44.1
1969.6 4820.1 44.6
1772.4 5344.4 52.1
1823.8 5195.8 46.5
1818.0 5165.0 46.3
1845.7 5098.2 45.3
1858.8 5061.6 44.8
1855.1 5119.4 45.3
-252.7 -966.8 25.4
1379.5 -6759.4 28.5
5791.5 -7141.3 31.0
5628.4 -7474.2 36.6
5675.9 -7464.4 36.9
2700.5 1073.8 37.7
3423.2 377.2 41.9
1795.5 5264.4 48.6
3855.9 5398.4 55.2
4099.7 1838.4 56.7
3534.1 2130.9 54.8
4309.6 2091.9 58.3
4055.3 2076.2 63.0
1853.0 5542.3 53.2
1429.2 6188.8 59.6
1840.3 5113.3 45.4
4286.1 3514.5 58.7
3658.4 3973.9 63.5
3666.7 3860.1 61.5
3896.7 3579.9 54.6
5785.8 4251.3 91.8
6751.2 -3660.5 56.3
-1994.5 -3495.9 36.5
-1949.5 -8745.3 53.3
6588.1 7430.5 85.4
3762.3 2906.8 53.4
440.6 -899.0 37.7
431.8 -893.1 37.5
423.4 -887.1 37.2
3039.1 4238.7 52.3
2816.0 4820.1 49.1
5245.9 8679.9 109.7
3273.3 1539.4 46.1
-289.2 -944.0 25.6
-289.5 -961.3 25.2
-314.5 -923.4 26.4
-316.8 -914.2 26.6
-355.1 -898.6 27.7
1200.2 4048.7 46.8
1246.4 4092.3 48.0
5474.9 2885.3 84.6
1824.5 5681.0 51.8
1829.3 5530.7 54.2
1826.7 5542.5 54.4
1556.4 5899.2 55.2
1547.7 5875.1 54.8
1602.0 5732.7 54.4
1668.6 5606.1 56.3
1579.3 5841.2 54.4
1586.1 5820.1 54.1
1611.1 5754.0 54.1
1607.3 5722.9 54.6
1619.8 5737.7 54.4
-3339.0 -5695.4 26.1
1906.0 4929.7 43.5
1924.1 4929.2 44.5
1954.6 4859.4 44.4
1947.7 4826.2 44.4
1988.0 4770.5 45.4
1990.5 4714.6 46.8
2622.4 3384.5 42.8
4126.0 2994.4 57.7
3997.5 3347.2 53.1
6199.0 -5956.8 36.1
6188.8 -5998.3 35.5
6296.6 -6087.7 36.0
6220.2 -5967.8 36.0
6543.4 -6985.3 33.5
6797.4 -6947.5 33.2
6693.7 -6938.0 34.4
6685.4 -6857.9 34.8
6705.5 -6879.4 34.6
6390.8 -6982.7 32.4
6461.1 -6927.8 33.3
6439.9 -6910.4 33.5
6424.7 -6922.6 33.2
6421.1 -6953.0 33.0
6428.0 -6933.1 33.1
6599.5 -6948.1 34.0
6687.6 -6990.6 34.3
6678.4 -6959.3 34.4
6376.9 -6876.5 33.8
6468.3 -6840.8 34.6
6457.4 -6844.8 34.6
6443.0 -6920.2 33.3
6427.3 -7000.5 32.6
6565.4 -6999.5 33.6
6551.6 -6986.2 33.6
6528.6 -6986.2 33.5
6688.9 -6067.1 36.1
6952.6 -6887.0 35.0
6657.6 -3504.3 56.0
6675.6 -3458.7 54.9
6709.5 -3590.0 57.0
5684.5 -7055.0 27.7
5685.2 -7062.7 27.6
5778.5 -7143.8 30.5
6004.1 -6977.7 34.2
6042.6 -7019.5 34.3
6097.0 -6776.5 34.1
6085.1 -6903.8 32.4
6095.3 -6887.8 31.9
6084.2 -6885.3 32.2
6211.4 -6752.1 35.0
6044.6 -6784.2 34.3
6042.9 -6778.2 34.3
6269.0 -6730.5 35.3
6009.3 -6912.6 34.9
6045.5 -6799.1 34.3
6038.4 -6803.6 34.3
6037.7 -6835.6 33.3
6109.6 -6758.7 34.2
6089.7 -6747.8 34.4
6095.1 -6757.0 34.2
6100.7 -6763.2 34.1
6087.4 -6760.0 34.2
6117.5 -6754.1 34.3
6073.5 -6833.9 32.9
6187.3 -6852.3 32.8
6151.9 -6885.0 31.9
6167.2 -6874.7 32.2
6072.9 -6782.9 34.2
6019.7 -6922.2 34.7
6173.0 -6832.0 33.2
6199.8 -6819.6 33.8
6276.3 -6812.5 34.4
6290.6 -6814.0 34.4
6251.3 -6845.9 33.7
6312.9 -6811.7 34.6
6361.8 -6809.0 34.8
6377.4 -6877.1 33.8
6295.4 -6781.9 35.1
6011.7 -6858.7 34.7
5983.4 -6741.4 34.6
6002.2 -6763.5 34.5
5997.8 -6746.6 34.6
5792.2 -5845.8 36.5
5984.3 -7006.1 33.9
5989.3 -6987.8 34.2
5993.7 -7016.8 34.0
6047.1 -6940.8 34.1
6198.7 -6938.0 32.0
6187.4 -6945.2 31.9
6176.4 -6952.4 31.9
6164.8 -6960.4 32.0
6168.6 -6966.7 31.8
6302.4 -7020.5 31.7
6676.5 -5748.0 37.7
-3484.7 -6297.1 26.0
-3502.2 -6327.8 25.9
-3508.4 -6354.8 25.6
-3514.0 -6417.7 26.1
6010.9 -5007.1 56.8
6170.0 -7579.0 42.4
6699.6 -3799.9 54.8
6622.2 -3705.9 57.5
6893.9 -3877.6 50.2
6857.2 -3807.0 51.5
6943.5 -3828.7 49.4
6910.9 -3884.4 49.7
6258.4 -6430.1 35.8
6185.8 -6439.5 36.8
6270.5 -6411.4 35.1
6080.2 -6661.3 35.1
6037.2 -6583.4 35.0
6029.0 -6582.1 35.0
6062.3 -6558.2 34.9
6119.7 -6650.2 35.3
6262.3 -6577.2 37.0
6134.4 -6549.4 35.4
6161.0 -6607.0 35.3
6165.3 -6611.6 35.3
6167.1 -6617.6 35.4
6211.1 -6454.7 36.7
6256.4 -6587.5 36.6
6249.5 -6592.5 36.4
6242.9 -6596.9 36.1
6235.0 -6600.4 35.9
6210.0 -6608.6 35.5
6202.2 -6612.9 35.5
6187.1 -6620.8 35.4
6164.7 -6634.2 35.4
6160.9 -6644.1 35.4
6143.5 -6647.2 35.3
6153.3 -6648.7 35.4
6237.2 -6478.8 36.8
6235.9 -6553.7 36.8
6229.1 -6531.7 36.9
6247.0 -6497.6 36.9
6154.9 -6667.1 35.3
6162.7 -6680.6 35.2
6167.2 -6687.3 35.2
6178.6 -6689.4 35.2
6183.8 -6697.0 35.2
6220.7 -6675.2 35.5
6243.1 -6661.6 35.6
6250.9 -6657.4 35.6
6276.4 -6651.3 35.8
6209.9 -6689.1 35.4
5994.4 -6580.4 34.9
5999.1 -6546.3 34.8
6087.7 -6461.1 35.6
6014.2 -6539.1 34.8
6018.7 -6508.8 35.1
6046.9 -6485.5 35.4
6101.6 -6467.4 35.6
6120.4 -6461.2 35.9
6039.9 -6468.8 35.9
5741.4 -6819.7 30.7
5906.1 -6798.1 33.4
6752.2 -4899.0 50.4
-2978.4 -2981.1 20.2
1841.5 5554.6 53.8
6260.9 -6489.1 36.7
6283.9 -6565.0 37.5
6206.4 -6816.5 34.0
6149.2 -6918.8 31.8
6225.7 -7010.8 31.2
5746.6 -5662.3 41.4
5764.3 -5667.7 41.0
5898.7 -5375.9 51.7
5904.5 -5414.9 50.6
5927.4 -5448.7 49.4
5928.9 -5486.7 48.3
5995.6 -5462.2 48.5
5980.1 -5479.4 48.1
-3716.4 -7005.5 39.9
-3797.0 -7110.2 38.3
-3603.9 -6709.3 32.2
-3585.7 -6700.3 30.7
-3607.0 -6733.3 33.3
-3905.0 -7287.4 38.8
-3914.4 -7304.2 38.4
-3917.8 -7310.6 38.2
-3985.5 -7391.8 34.5
-3996.5 -7408.1 34.3
-3999.1 -7429.3 34.3
-4017.4 -7439.1 34.0
-4024.2 -7448.4 34.1
-4028.5 -7454.3 34.2
5657.5 -7467.2 36.8
6105.3 -6455.3 35.8
6868.9 -7292.8 35.9
6927.7 -7131.2 36.1
6615.0 -7274.3 31.7
6616.0 -7116.3 33.6
6618.9 -7127.9 34.0
6587.8 -7153.6 34.2
6591.3 -7143.9 34.2
6636.5 -7181.7 34.0
6649.5 -7200.9 33.7
6621.6 -7217.4 33.6
6617.3 -7223.1 33.5
6640.5 -7223.9 33.3
6643.9 -7219.2 33.4
6630.2 -7216.2 33.5
6637.3 -7206.7 33.7
6640.8 -7201.9 33.7
6554.3 -7245.1 33.5
6437.6 -7200.8 34.0
6445.7 -7203.6 34.3
6509.6 -7255.2 33.6
6535.0 -7272.9 33.0
6471.2 -7223.4 34.2
6504.9 -7242.7 33.9
6568.6 -7304.3 32.5
6838.0 -7160.8 32.2
6830.1 -7158.1 32.4
6769.3 -7184.6 33.5
6768.3 -7194.0 33.4
6777.9 -7200.8 33.3
6778.6 -7194.1 33.3
6779.1 -7185.2 33.4
6784.4 -7169.9 33.4
6787.9 -7132.0 33.4
6860.9 -6373.0 34.6
6150.6 -7062.8 32.2
6193.4 -7022.6 31.2
6403.2 -7047.8 32.2
6400.6 -7132.9 31.8
6412.3 -7130.6 31.9
6401.3 -7107.0 31.9
6102.6 -7015.4 32.8
6266.5 -7037.6 31.4
6225.6 -7154.1 32.2
6208.7 -7066.2 31.6
6057.1 -7029.2 34.6
6093.9 -7077.7 33.9
6071.1 -7074.6 34.5
6060.9 -7072.9 34.8
6084.5 -7145.2 34.9
5975.5 -7040.4 33.8
6354.7 -7191.0 32.5
6405.1 -7196.6 33.4
6383.6 -7203.2 33.4
5836.6 -6590.5 32.5
-1907.0 -8782.8 52.7
-1952.6 -8693.5 53.4
-1960.2 -8703.3 53.7
-1982.4 -8731.9 53.7
-1985.1 -8735.4 53.7
6186.0 -6703.5 35.2
6326.4 -6698.5 35.6
6121.8 -6762.7 34.2
6091.8 -6768.8 34.2
6081.7 -6751.6 34.3
6277.0 -6744.4 35.3
6209.3 -6746.5 35.0
6214.2 -6739.5 35.1
6213.7 -6812.7 34.2
6061.0 -6891.8 33.0
6047.0 -6891.4 33.4
6023.9 -6903.7 34.3
6017.0 -6931.0 34.9
6008.9 -6957.8 34.6
6180.0 -6958.6 31.8
6140.6 -6927.9 32.0
6073.5 -6813.5 33.8
6057.1 -6940.5 33.7
6019.9 -6990.2 33.8
6047.8 -6883.5 33.4
6060.3 -6882.9 32.9
5986.7 -6997.3 34.0
5997.8 -6956.0 34.7
6215.5 -6850.9 33.3
6022.0 -6867.8 34.4
6020.0 -6855.3 34.3
6003.8 -6822.7 34.3
5999.1 -6804.1 34.4
6010.4 -6795.1 34.4
6089.1 -6881.6 32.0
6598.1 -5991.9 36.7
6658.9 -5715.6 37.1
-2706.7 -3215.2 33.8
-2719.5 -3221.5 33.7
6404.8 -6210.5 36.0
6400.7 -6260.1 36.2
6434.9 -6202.2 36.2
6743.7 -6506.1 34.2
6644.1 -6502.6 34.9
6593.9 -6384.6 35.9
6581.5 -6423.2 35.6
6443.0 -6516.5 35.5
6458.4 -6534.1 35.5
6453.4 -6509.0 35.5
6445.0 -6496.6 35.6
6436.0 -6383.7 36.2
6503.7 -6379.2 36.3
6524.8 -6377.7 36.2
6547.8 -6376.2 36.1
6696.8 -6421.9 35.1
6727.4 -6439.9 34.8
6759.4 -6440.1 34.6
6792.1 -6459.5 34.3
6815.9 -6462.6 34.3
6783.9 -6443.3 34.6
6715.8 -6419.7 35.0
6704.7 -6413.8 35.1
6686.7 -6404.1 35.3
6661.7 -6390.7 35.5
6646.0 -6382.3 35.7
6633.1 -6375.4 35.8
6548.5 -6365.2 36.2
6506.6 -6368.5 36.4
6484.3 -6370.3 36.4
6438.7 -6357.3 36.5
6507.1 -6352.2 36.5
6522.1 -6351.2 36.4
6639.3 -6359.1 35.8
6680.1 -6384.1 35.6
6692.9 -6390.8 35.5
6722.6 -6408.6 35.2
6665.8 -6499.8 34.8
6663.6 -6483.4 34.9
6659.3 -6469.9 35.0
6743.2 -6518.4 34.1
6610.5 -6364.7 36.0
6743.0 -6362.7 35.4
6421.5 -6926.9 33.1
6426.3 -6902.9 33.5
6320.7 -6813.0 34.6
6297.3 -6809.9 34.5
6294.1 -6818.9 34.4
5888.8 -6819.9 33.0
-3726.5 -7021.1 39.7
6797.8 -6910.2 33.6
6797.4 -6933.8 33.5
6795.0 -7054.4 33.3
6788.3 -7123.1 33.3
6616.7 -7244.5 32.8
6625.4 -7212.2 33.6
6506.8 -7228.2 34.1
6424.6 -7208.1 34.1
6497.8 -7026.5 32.9
6512.5 -7087.2 32.7
6620.1 -7106.2 33.4
6532.7 -6996.7 33.4
6449.4 -6911.3 33.5
6160.0 -7040.2 31.7
6680.0 -6948.0 34.4
6432.3 -6926.6 33.2
6418.8 -6956.6 33.0
6468.7 -6914.5 33.5
6006.3 -6967.1 34.4
6034.4 -6976.0 33.9
6048.6 -6967.5 33.9
5995.6 -7007.8 33.8
6016.0 -7069.4 35.5
6006.8 -6921.4 35.0
5977.3 -7032.2 33.9
-3296.8 -5529.5 28.5
-3462.9 -6165.9 25.8
-3477.7 -6236.8 26.1
-3480.4 -6244.1 26.1
-3494.0 -6292.9 26.1
-3519.8 -6432.9 26.3
-1929.3 -8821.1 54.3
-1954.9 -8696.5 53.5
-1978.8 -8727.2 53.8
-1984.1 -8340.0 41.2
6584.5 -5983.5 36.7
5998.6 -5489.7 47.7
6381.6 -6590.8 35.5
6357.9 -6603.0 36.6
6350.8 -6608.9 36.9
6305.7 -6633.6 36.8
6299.4 -6637.2 36.6
6283.2 -6646.0 36.0
6269.9 -6654.8 35.7
6253.1 -6663.7 35.6
6217.4 -6685.2 35.4
6370.0 -6587.9 36.1
6347.9 -6601.2 37.1
6294.9 -6632.0 36.6
6272.5 -6644.4 35.8
6265.6 -6649.4 35.7
6258.3 -6653.7 35.7
6235.3 -6666.5 35.5
6398.3 -6543.0 35.4
6378.8 -6555.2 35.9
6205.3 -6684.3 35.4
6371.2 -6567.8 36.2
6365.2 -6564.9 36.5
6356.4 -6571.1 36.8
6357.7 -6559.5 36.6
6358.4 -6547.5 36.5
6352.3 -6551.2 36.6
6346.4 -6554.6 36.7
6252.4 -6684.3 35.0
6174.4 -6682.7 35.3
6170.3 -6675.8 35.3
6306.7 -6529.4 36.8
6272.0 -6562.0 37.3
6256.5 -6552.0 37.2
6277.3 -6493.8 36.6
6331.7 -6517.9 36.3
6303.5 -6486.6 36.2
6231.9 -6511.6 37.1
6224.7 -6539.1 36.8
6232.8 -6448.3 36.4
6280.2 -6454.4 36.1
6079.5 -6685.7 35.0
6241.2 -6537.2 37.1
6266.0 -6457.0 36.2
6243.3 -6465.6 36.5
6414.8 -6654.6 35.9
6296.3 -6509.9 36.6
6172.6 -6629.3 35.4
6197.6 -6622.7 35.4
6194.7 -6616.6 35.4
6213.1 -6613.9 35.5
6246.0 -6587.1 36.4
6180.6 -6584.1 35.5
6291.4 -6560.9 37.3
6155.1 -6467.6 36.4
6130.8 -6497.7 35.6
6104.0 -6527.6 35.3
6127.4 -6566.1 35.3
6297.8 -6557.0 37.2
6301.9 -6562.3 37.3
6306.0 -6552.0 37.1
6328.5 -6538.8 36.7
6355.2 -6521.7 36.2
6132.9 -6550.4 35.4
6104.0 -6526.4 35.3
6145.3 -6531.2 35.6
6291.2 -6502.9 36.6
6200.3 -6479.8 36.9
6359.9 -6470.0 35.6
6131.2 -6668.2 35.2
6124.9 -6660.1 35.2
6104.2 -6625.9 35.3
6073.5 -6575.5 35.0
6325.1 -6674.8 36.1
6424.5 -6644.5 35.6
6144.3 -6442.4 36.4
6184.6 -6428.4 36.6
6166.0 -6446.1 36.7
6373.2 -6558.4 36.2
6447.9 -6923.7 33.3
6454.5 -6914.2 33.5
6468.8 -6807.9 35.2
6609.2 -6949.2 34.0
6564.6 -6873.9 34.3
6582.9 -6820.7 35.2
6586.8 -6811.2 35.5
6571.3 -6795.2 35.3
6706.3 -6792.4 34.3
6702.5 -6847.4 35.0
6687.4 -6833.9 35.2
6713.8 -6872.3 34.7
6685.0 -6871.8 34.6
6680.3 -6923.4 34.4
6680.2 -6934.9 34.3
6691.7 -6960.5 34.5
6592.8 -6819.3 35.3
6809.8 -6800.7 33.3
6799.9 -6820.8 33.6
6799.5 -6828.6 33.6
6799.1 -6849.1 33.7
6798.3 -6869.4 33.7
6798.0 -6892.1 33.6
6796.9 -6954.1 33.0
6658.5 -7064.7 33.8
6650.2 -7076.3 33.7
6527.8 -6999.3 33.4
6533.5 -6983.7 33.5
6566.8 -7017.7 33.5
6565.7 -7024.9 33.5
6546.0 -7037.0 33.2
6539.3 -7043.1 33.1
6434.7 -7006.8 32.6
6687.1 -7001.6 34.3
6672.1 -7055.6 34.0
6795.6 -7039.1 33.2
6793.8 -7070.1 33.3
6791.2 -7085.6 33.1
6790.2 -7100.9 33.1
6779.0 -7096.6 33.4
6589.4 -7077.9 33.3
6625.2 -7041.1 33.8
4271.6 3766.3 61.2
6537.4 -6376.9 36.2
6711.4 -6429.8 34.9
6737.0 -6469.7 34.4
6743.6 -6467.9 34.4
6619.7 -6368.6 35.9
6585.8 -6362.5 36.1
6668.1 -6465.6 35.0
6742.9 -6604.5 33.8
6741.7 -6557.4 34.0
6632.6 -6516.5 34.9
6035.2 -6543.7 34.8
6035.8 -6560.2 34.9
6031.5 -6594.0 35.0
6052.1 -6608.7 35.1
6043.7 -6670.0 35.0
6049.5 -6718.6 34.9
5979.0 -6719.2 34.8
5982.7 -6665.8 35.0
5996.4 -6565.6 34.8
6040.6 -6476.7 35.8
6006.2 -6779.0 34.5
5991.2 -6718.1 34.9
5990.5 -6699.3 35.0
6002.0 -6621.9 35.0
6005.2 -6599.8 35.0
6016.4 -6525.5 34.8
6036.7 -6515.8 35.0
6318.1 -6414.8 35.2
6361.0 -6389.9 35.6
6372.6 -6389.3 35.7
6389.0 -6386.9 35.9
6422.2 -6384.7 36.1
6405.0 -6376.5 36.0
6394.6 -6377.3 35.9
6384.5 -6378.1 35.9
6318.4 -6385.6 35.2
6237.1 -6411.6 35.5
6255.3 -6405.6 35.1
6283.9 -6397.1 34.8
6424.8 -6312.1 36.4
6851.1 -6694.9 32.8
6862.5 -6665.9 32.4
6861.2 -6650.2 32.5
6646.8 -6587.0 34.4
6697.4 -6706.0 33.2
6607.2 -6727.4 34.3
6712.0 -6705.1 33.1
6730.4 -6677.5 33.0
6728.5 -6688.9 33.0
6693.4 -6745.2 33.5
6705.3 -6746.1 33.3
6724.3 -6730.1 33.1
6661.2 -6757.4 34.2
6568.1 -6760.2 34.9
6741.6 -6573.3 33.9
6467.8 -6647.7 35.3
6829.1 -6753.7 33.0
6211.9 -5983.9 35.7
6179.4 -5876.2 37.4
-2810.1 -3054.1 24.3
-2961.7 -3010.7 20.6
-2969.2 -3002.2 20.7
-3315.6 -5604.3 27.2
-3306.5 -5615.9 26.8
-3352.8 -5790.4 26.7
-3344.7 -5713.8 26.0
-3362.6 -5827.5 26.5
-3491.6 -6283.4 26.1
-3481.2 -6289.0 26.0
-3503.4 -6337.9 25.8
-3499.3 -6357.9 25.6
-3502.2 -6366.0 25.6
-3601.3 -6702.1 31.8
1561.5 -7165.9 34.1
1556.1 -7155.8 34.0
1659.2 -7167.5 32.9
1545.2 -7002.9 31.7
1703.8 -7408.1 38.0
1515.3 -6995.9 31.5
4836.7 -7886.9 30.7
5984.8 -6650.5 35.0
6056.1 -6471.6 35.7
5995.5 -6665.8 35.0
6011.4 -6558.1 34.8
6748.9 -6445.6 34.6
6340.5 -6365.3 35.4
6376.8 -6362.1 35.8
6742.3 -6619.3 33.6
6503.4 -6421.2 35.9
6459.5 -6651.9 35.4
6581.2 -6801.0 35.3
6319.4 -6623.6 37.3
6224.5 -6681.2 35.5
6369.1 -6797.1 35.0
6329.4 -6713.6 35.5
6419.7 -6825.3 34.8
6302.1 -6674.9 35.6
6579.0 -6830.6 35.0
6287.3 -6635.9 36.3
6362.7 -6561.3 36.6
6246.3 -6773.3 35.0
6171.3 -6694.3 35.2
6322.4 -6493.4 36.1
6260.9 -6821.8 34.2
6263.4 -6867.1 33.4
6252.4 -6537.0 37.2
6285.9 -6821.0 34.3
6205.3 -6618.4 35.5
6732.7 -6667.4 33.0
6690.2 -6800.0 34.6
6705.7 -6806.5 34.6
6276.5 -6568.9 37.3
6339.3 -6540.6 36.6
6158.8 -6878.4 32.1
6597.4 -6812.7 35.4
6034.0 -6883.6 33.9
6108.3 -6562.5 35.2
6258.5 -6375.8 34.8
6113.6 -6768.9 34.1
6341.5 -6445.9 35.4
6331.0 -6431.6 35.3
6078.5 -6583.5 35.1
6046.6 -6532.2 35.0
6042.0 -6524.6 35.0
6025.6 -6569.7 34.9
6061.6 -6606.3 35.1
6806.1 -6807.6 33.4
6801.9 -6814.2 33.5
6717.6 -3789.4 54.6
6726.1 -3776.4 54.7
6908.3 -3684.3 51.2
6807.2 -3732.7 53.5
6950.4 -3827.5 49.2
6645.1 -3542.3 56.9
6697.3 -3610.0 57.5
6862.2 -3681.7 52.6
6903.9 -3561.1 51.5
6875.0 -3877.2 50.7
6858.7 -3792.6 51.6
6731.1 -4837.7 54.1
6830.6 -4855.2 49.2
6807.4 -4817.1 52.8
6709.3 -4643.9 53.5
6619.2 -4933.9 48.6
5977.9 -5508.4 47.3
5951.4 -5517.5 47.2
5933.2 -5470.2 48.7
5881.2 -5443.9 49.9
-294.3 -923.9 26.1
1589.9 -7099.8 32.7
1535.6 -6952.6 31.2
1514.6 -7105.1 33.0
6785.9 -7154.1 33.5
6789.1 -7116.9 33.2
6610.3 -7233.5 33.3
6414.9 -7197.7 33.6
6541.4 -7280.5 32.9
6434.0 -7209.7 34.3
6656.7 -7259.5 31.8
6563.7 -7120.5 33.0
6599.9 -7162.6 34.1
6388.1 -7126.8 31.8
5961.9 -5510.7 47.4
5930.2 -5526.7 46.7
5870.3 -5461.4 49.3
5901.7 -5403.9 50.9
5845.5 -5440.7 49.9
5745.9 -5654.8 41.7
5991.9 -6775.2 34.5
5987.7 -6758.5 34.6
6016.1 -6816.6 34.3
6176.0 -6701.4 35.2
6165.7 -6669.0 35.3
6158.5 -6974.4 31.7
6154.5 -6967.8 31.9
6175.4 -6636.1 35.4
6021.7 -6913.3 34.5
6073.6 -6823.8 33.3
6082.0 -7075.8 34.2
6040.7 -6807.3 34.3
6026.1 -6699.8 35.0
6041.6 -7071.0 35.4
6011.8 -6903.7 34.8
6004.3 -6930.7 35.2
6001.9 -6939.7 35.0
5999.8 -6947.9 34.9
5990.1 -6612.1 35.0
6013.2 -6491.4 35.5
6008.2 -6579.6 34.9
6068.2 -6478.5 35.4
6227.6 -6425.7 36.0
6288.8 -6405.4 34.8
6056.2 -6374.6 35.2
6372.5 -6379.0 35.7
6328.5 -6383.8 35.3
6358.3 -6575.2 36.8
6359.4 -6563.1 36.7
6361.3 -6557.7 36.6
1835.7 5662.8 51.7
1860.7 5540.8 52.9
1854.1 5549.1 53.2
1848.5 5556.8 53.5
1833.2 5535.7 54.0
1400.6 6309.7 59.2
1427.9 6234.7 58.6
1450.7 6175.5 59.3
1508.6 5975.7 56.5
1598.4 5794.0 54.0
1674.4 5544.9 56.1
3117.5 6395.8 64.0
6797.7 -6920.1 33.7
6797.5 -6940.6 33.4
6463.9 -6654.9 35.3
6245.3 -6668.8 35.6
6338.4 -6806.6 34.7
6289.7 -6683.0 35.2
6566.2 -6807.2 35.5
6422.6 -6950.5 33.0
6418.1 -6931.4 33.0
6254.4 -6823.8 34.2
6279.8 -6822.7 34.3
6615.0 -6704.3 33.8
6746.8 -6671.1 33.1
6709.0 -6727.4 33.1
6721.8 -6746.1 33.1
6721.6 -6754.4 33.3
6717.9 -6763.0 33.5
6231.7 -6676.6 35.5
-3597.2 -6684.7 30.9
-3766.3 -7064.2 39.1
-3848.5 -7204.3 37.6
-3910.0 -7297.3 38.6
-3943.4 -7346.7 36.8
-3977.6 -7396.0 34.6
-3982.9 -7405.7 34.5
-4065.0 -7513.8 34.9
-4087.1 -7547.1 35.3
-4093.0 -7555.6 35.5
4277.0 6539.7 83.4
1332.6 2909.5 42.3
1358.4 3260.0 44.3
1211.1 2895.5 43.8
1993.6 4756.7 45.8
58.6 4688.8 53.9
-1995.6 -3490.0 36.5
6614.7 -3726.4 57.1
6709.5 -3573.4 56.7
6588.7 2502.7 64.2
5820.8 3288.4 89.9
207.1 3426.5 59.0
6782.8 -6454.0 34.4
6776.2 -6450.0 34.5
6324.6 8425.1 76.4
6247.9 -7174.9 32.1
6263.6 -7214.9 32.9
6728.0 -3766.9 54.9
6737.0 -3748.4 55.1
6772.5 -3798.6 53.4
6891.8 -3693.0 51.5
6903.1 -3716.1 51.0
6778.1 -3878.7 53.6
6807.2 -3887.0 52.7
6926.1 -3801.7 49.9
6943.2 -3802.9 49.5
6939.9 -3862.8 49.3
2985.4 3548.3 47.2
3501.5 3379.2 51.4
-1971.1 -8717.4 53.8
-3536.1 -6506.5 25.9
6799.2 -6841.4 33.8
6818.7 -6785.8 33.0
6827.1 -6762.9 33.0
6835.3 -6734.9 33.0
-3888.6 -7264.3 38.7
-4079.1 -7534.5 35.0
5267.6 -7572.7 37.4
6633.1 -7257.3 32.2
6517.0 -7172.5 34.2
6682.6 -7203.7 33.4
6683.0 -7194.5 33.6
6507.9 -7205.7 34.2
6615.3 -7236.4 33.1
6624.0 -7235.2 33.1
6619.2 -7231.5 33.3
6632.9 -7202.9 33.8
6628.9 -7208.4 33.7
6635.4 -7219.8 33.5
6633.7 -7211.8 33.6
6642.2 -7210.3 33.6
6646.4 -7205.0 33.6
6496.8 -7224.0 34.1
6426.1 -7198.7 33.8
6373.6 -7193.4 32.9
6545.5 -7286.4 32.8
6461.8 -7219.5 34.3
6393.9 -7204.3 33.5
6372.9 -7202.0 33.3
6363.0 -7200.7 33.1
6486.1 -7233.9 34.1
6499.4 -7237.0 34.0
6655.6 -7261.7 31.7
-4054.1 -7513.4 35.1
-4062.2 -7509.6 34.9
-4059.2 -7518.4 35.1
-4074.5 -7528.0 35.0
-4066.9 -7534.4 35.2
-4111.6 -7584.5 36.5
6816.1 -4820.9 52.1
-3657.1 -6918.7 37.6
-3766.9 -7055.1 39.1
1983.1 4786.1 45.1
1975.9 4802.1 44.9
1173.8 2287.1 50.9
-1943.8 -8812.9 54.6
-4000.9 -7415.6 34.3
-4002.7 -7436.0 34.3
-4058.1 -7500.9 34.8
-4069.5 -7520.5 35.0
-4107.0 -7576.9 36.2
-3357.8 -5762.6 26.4
-3372.3 -5820.7 26.3
-3308.7 -5575.4 27.9
-3331.0 -5662.1 26.2
-2748.6 -3229.2 33.3
-3475.8 -6228.4 26.1
-3585.4 -6637.7 28.2
-3590.4 -6654.1 29.2
-3588.5 -6711.8 31.2
1870.2 5080.1 45.1
1696.5 5487.5 55.7
1474.0 6070.5 58.8
1471.5 6120.7 59.2
1412.2 6275.0 58.7
6847.1 -6704.5 32.8
6388.1 -6586.2 35.3
6287.6 -6641.5 36.2
6323.9 -6885.1 33.3
6375.7 -6783.8 35.4
6577.4 -6745.3 34.6
6332.5 -6609.7 37.6
6302.4 -6627.6 36.9
6354.7 -6561.1 36.7
6349.2 -6553.0 36.6
6183.3 -6631.3 35.4
6190.1 -6627.4 35.4
6602.4 -6732.8 34.3
6674.1 -6655.5 33.2
6014.6 -6940.2 34.9
6272.0 -6579.4 37.2
6269.0 -6573.4 37.2
6335.4 -6534.5 36.5
6073.0 -6793.0 34.2
6142.4 -6542.5 35.5
6068.1 -6566.9 35.0
6052.0 -6541.1 35.0
6041.0 -6703.1 35.0
6047.4 -6804.3 34.2
6743.6 -6541.8 34.0
5993.1 -6681.7 35.0
5999.3 -6640.1 35.0
6798.1 -6900.2 33.6
6767.7 -7200.9 33.4
6837.3 -7153.9 32.2
6183.7 -7066.4 31.8
6343.7 -7198.2 32.5
6404.6 -7205.6 33.7
6414.7 -7207.0 33.9
6528.8 -7272.4 33.2
6564.0 -7247.1 33.4
6636.2 -7198.5 33.8
6638.7 -7215.5 33.5
6636.8 -7229.3 33.2
6620.6 -7239.9 33.0
5980.0 -7024.6 34.0
5991.9 -6976.4 34.4
6611.8 -7241.1 33.0
6499.2 -7177.9 34.1
6302.5 -7031.9 31.6
6516.3 -7068.7 32.9
6511.7 -7070.7 32.8
6543.8 -7111.9 32.8
6433.1 -7024.3 32.5
1545.8 -6969.8 31.4
1756.6 5608.6 55.4
4833.9 -7878.4 31.0
-280.9 -952.4 25.3
5148.0 4661.0 79.8
6424.7 -6938.1 33.0
6483.4 -6947.2 33.4
6693.9 -6684.9 33.2
6625.7 -6514.4 35.0
6563.7 -6456.8 35.5
6639.1 -6902.9 34.4
6213.0 -6679.7 35.4
6368.5 -6563.8 36.4
6362.3 -6567.6 36.7
6251.8 -6772.9 35.0
6220.9 -6517.1 36.9
6298.1 -6443.8 35.8
6298.5 -6433.9 35.5
6149.9 -6641.9 35.4
6224.2 -6599.0 35.7
6343.0 -6530.4 36.4
6151.7 -6537.3 35.6
6352.3 -6459.9 35.6
6742.8 -6455.2 34.5
6354.9 -6363.1 35.6
6515.4 -6417.2 35.9
5925.8 -6801.1 33.7
5995.6 -6789.8 34.5
6218.7 -6417.7 35.9
5736.3 -6815.9 30.6
6893.1 -6682.6 33.0
6667.4 -6447.9 35.1
6197.8 -6458.3 36.9
6595.1 -6345.3 35.8
6710.7 -6401.5 35.3
6124.6 -6448.9 36.1
6271.4 -6400.2 34.8
6071.7 -6353.4 35.3
3031.2 1378.9 40.0
6781.3 -4890.3 49.1
6761.2 -4897.8 49.8
6750.2 -4892.6 51.1
6851.1 -4840.0 49.3
6826.9 -4835.4 50.1
6830.3 -4825.7 50.6
6832.5 -4840.7 49.6
6767.8 -4814.2 54.1
6683.3 -4940.4 48.9
6649.3 -4921.3 49.4
6645.8 -5010.3 46.3
6660.0 -5019.8 46.2
6623.1 -5010.0 46.1
-3892.9 -7252.7 38.3
-4043.1 -7475.8 34.5
2121.7 6024.4 52.9
1392.9 6328.9 59.5
6685.2 2673.9 66.7
-2757.4 -3233.3 33.3
2940.4 -599.5 30.0
2938.0 -584.7 30.0
2935.5 -569.9 30.1
2933.1 -555.1 30.1
2930.6 -540.3 30.2
2928.2 -525.5 30.2
2925.7 -510.7 30.3
2923.3 -495.9 30.3
2920.8 -481.1 30.3
2918.4 -466.3 30.4
2915.9 -451.5 30.4
2913.5 -436.7 30.4
2911.0 -421.9 30.4
2912.0 -409.7 30.4
2926.9 -408.2 30.6
2941.9 -406.7 30.7
2956.8 -405.2 30.8
2971.7 -403.7 31.0
2980.1 -410.8 31.1
2982.7 -425.6 31.0
2985.2 -440.4 31.0
2987.8 -455.1 30.9
2990.4 -469.9 30.9
2992.9 -484.7 30.8
2995.5 -499.5 30.8
2998.1 -514.2 30.8
3000.6 -529.0 30.7
3003.2 -543.8 30.7
3005.8 -558.6 30.6
3008.3 -573.4 30.6
3010.9 -588.1 30.6
3013.5 -602.9 30.5
3016.0 -617.7 30.5
3018.6 -632.5 30.4
3021.1 -647.3 30.4
3023.7 -662.0 30.3
3026.3 -676.8 30.3
3028.8 -691.6 30.5
3031.4 -706.4 30.7
3036.5 -735.5 31.2
2951.8 -662.0 30.0
2949.4 -647.2 30.0
2947.0 -632.4 30.0
2944.1 -614.5 30.0
-162.4 6982.8 52.2
-162.9 6993.7 52.4
-152.7 7004.7 52.8
-142.4 7015.7 53.2
-132.2 7026.7 53.7
-122.1 7037.7 54.0
-114.2 7050.5 54.3
-108.8 7064.4 54.3
-107.4 7079.2 53.9
-107.4 7094.2 53.5
-107.5 7109.2 53.1
-108.0 7124.2 52.8
-108.4 7139.1 52.5
-108.9 7154.1 52.4
-109.4 7169.1 52.3
-102.3 7177.5 52.3
-102.0 7162.6 52.5
-101.8 7147.6 52.6
-101.6 7132.6 52.7
-101.4 7117.6 53.0
-101.3 7102.6 53.4
-100.8 7087.6 53.8
-100.4 7072.6 54.2
-103.8 7058.2 54.5
-110.7 7044.9 54.3
-119.0 7032.4 54.0
-128.4 7020.8 53.6
-138.4 7009.6 53.2
-148.4 6998.4 52.7
-162.4 6982.8 52.2
-661.7 1912.5 49.4
-646.2 1930.1 49.6
-621.7 1954.6 49.7
-610.8 1965.0 49.5
-599.9 1975.3 49.5
-586.0 1988.4 49.4
-835.4 1871.8 47.8
-845.9 1882.5 47.3
-856.3 1893.3 46.9
-866.8 1904.0 46.4
-884.0 1921.7 45.5
6837.7 -7618.2 32.7
6830.4 -7601.2 33.0
6823.1 -7577.4 33.5
6803.9 -7555.1 34.0
5937.2 -7228.1 34.7
5938.9 -7230.2 34.7
5939.8 -7232.7 34.8
5939.7 -7235.4 34.8
5938.7 -7237.9 34.9
5937.0 -7239.9 34.9
5934.7 -7241.2 34.9
5932.0 -7241.6 34.9
5929.6 -7241.2 34.9
5927.5 -7240.1 34.8
5925.8 -7238.3 34.7
5924.7 -7236.1 34.7
5924.4 -7233.7 34.6
5924.8 -7231.3 34.6
5926.0 -7229.2 34.6
5927.7 -7227.5 34.6
5929.9 -7226.4 34.6
5932.4 -7226.1 34.6
5935.0 -7226.7 34.7
5937.2 -7228.1 34.7
6381.6 -8424.5 49.0
6395.5 -8419.0 48.4
6409.5 -8413.4 47.7
6423.4 -8407.9 47.1
6434.5 -8409.8 46.8
6441.2 -8423.2 46.9
6448.6 -8436.2 47.0
6458.6 -8448.0 47.0
6746.9 -9005.3 60.5
6753.5 -8991.8 60.4
6760.2 -8978.4 60.4
6766.8 -8964.9 59.9
6773.5 -8951.5 59.4
6780.1 -8938.0 58.9
6786.7 -8924.6 58.4
6793.4 -8911.2 57.9
6800.0 -8897.7 57.4
6806.7 -8884.3 56.9
6813.3 -8870.8 56.4
6820.0 -8857.4 56.0
6833.2 -8830.5 55.1
6422.0 -8378.1 46.4
6420.9 -8368.9 46.1
6415.3 -8320.6 45.2
6415.0 -8317.9 45.2
6377.4 -8327.3 46.4
5906.9 -7207.6 33.7
5893.1 -7201.8 33.3
5879.2 -7196.0 33.0
5865.4 -7190.3 32.7
5851.2 -7185.5 32.3
5836.8 -7181.5 32.2
5812.9 -7177.4 32.0
5988.3 -6895.5 35.1
5984.3 -6910.0 35.0
5980.4 -6924.5 35.0
5976.4 -6938.9 34.7
5972.5 -6953.4 34.4
5968.5 -6967.9 34.1
5964.6 -6982.3 33.8
5960.7 -6996.8 33.5
5956.7 -7011.3 33.2
5952.8 -7025.8 33.0
5948.8 -7040.2 32.7
5944.6 -7054.5 32.5
5932.5 -7059.9 32.3
5917.6 -7058.0 32.3
5902.7 -7056.1 32.3
5887.8 -7054.1 32.3
5873.0 -7052.2 32.3
5850.7 -7049.3 32.1
5988.6 -6878.5 35.0
5988.1 -6863.5 34.9
5987.5 -6848.5 34.8
5984.1 -6833.9 34.6
5980.7 -6819.2 34.5
5977.4 -6804.6 34.5
5974.0 -6790.0 34.5
5970.6 -6775.4 34.5
5967.2 -6760.8 34.5
5963.9 -6746.2 34.5
5960.5 -6731.5 34.5
5958.1 -6716.7 34.7
5955.7 -6701.9 34.9
5957.6 -6687.1 34.9
5960.0 -6672.3 34.9
5962.3 -6657.5 34.9
5964.6 -6642.7 34.9
5967.0 -6627.8 34.9
5969.3 -6613.0 34.9
5971.7 -6598.2 34.8
5974.0 -6583.4 34.8
5976.3 -6568.6 34.7
5978.7 -6553.8 34.6
5981.0 -6538.9 34.6
5983.4 -6524.1 34.6
5985.7 -6509.3 34.8
5988.0 -6494.5 34.9
5994.4 -6481.3 35.3
6007.6 -6470.9 35.7
5982.9 -7062.4 34.1
6013.4 -6876.0 34.7
5785.6 -6713.8 31.7
5800.6 -6713.8 31.9
5815.6 -6713.8 32.2
5830.6 -6713.9 32.4
5845.6 -6713.9 32.7
5860.6 -6714.0 32.9
5875.6 -6714.0 33.2
5890.6 -6714.0 33.4
5905.6 -6714.1 33.7
5920.7 -6714.1 34.0
5782.2 -6706.2 31.7
5797.2 -6706.3 31.9
5812.2 -6706.5 32.1
5827.2 -6706.6 32.4
5842.2 -6706.7 32.6
5857.2 -6706.9 32.9
5872.2 -6707.0 33.1
5887.2 -6707.2 33.4
5902.2 -6707.3 33.7
5920.7 -6707.5 34.1
6295.5 -6392.3 34.9
6026.2 -6464.6 35.9
6054.7 -6455.2 35.7
6068.9 -6450.5 35.6
6083.2 -6445.8 35.4
6097.4 -6441.1 35.4
6111.6 -6436.3 35.5
6125.9 -6431.6 35.6
6140.1 -6426.9 35.8
6154.4 -6422.2 35.9
6168.6 -6417.5 35.9
6182.8 -6412.8 35.7
6197.1 -6408.0 35.5
6211.3 -6403.3 35.3
6225.6 -6398.6 35.1
6239.8 -6393.9 35.0
6267.8 -6384.6 34.6
6300.4 -6401.5 35.0
6642.5 -8755.8 50.4
6655.7 -8748.8 50.5
6669.0 -8741.8 50.6
6682.3 -8734.8 50.6
6692.5 -8734.8 50.7
6696.5 -8749.3 50.5
6700.6 -8763.7 50.1
6704.7 -8778.1 50.1
6710.2 -8797.9 51.8
6580.8 -8567.6 48.4
6594.7 -8561.9 48.8
6608.6 -8556.3 49.1
6607.9 -8544.4 49.4
6602.6 -8530.3 49.2
6597.3 -8516.3 48.9
6591.9 -8502.3 48.6
6586.6 -8488.3 48.4
6581.3 -8474.3 48.0
6575.9 -8460.2 47.7
6570.6 -8446.2 47.4
6563.5 -8433.0 47.0
6556.1 -8420.0 46.7
6548.7 -8407.0 46.5
6541.3 -8393.9 46.4
6533.8 -8380.9 46.4
6522.8 -8361.5 46.2
6588.6 -8780.9 53.3
6582.6 -8767.1 53.1
6576.5 -8753.4 53.0
6570.5 -8739.6 52.8
6564.5 -8725.9 52.7
6557.7 -8710.4 52.5
6481.0 -8448.3 46.3
6493.7 -8440.4 46.3
6506.4 -8432.4 46.3
6519.2 -8424.4 46.4
6531.9 -8416.5 46.5
6548.2 -8406.2 46.5
6579.8 -8692.3 51.0
6592.8 -8684.7 50.5
6605.7 -8677.1 50.6
6618.6 -8669.5 50.7
6631.6 -8661.9 50.7
6629.8 -8649.5 50.5
6623.8 -8635.8 49.9
6617.7 -8622.1 49.4
6611.6 -8608.4 48.8
6605.0 -8593.5 48.4
6721.3 -6371.4 35.5
6707.9 -6364.6 35.6
6684.6 -6352.9 35.7
6446.2 -8533.6 50.2
6457.7 -8524.0 49.6
6469.3 -8514.4 48.8
6480.8 -8504.9 48.1
6495.1 -8493.1 47.2
6521.9 -8639.4 50.7
6513.0 -8627.4 50.3
6504.0 -8615.3 50.0
6488.3 -8594.1 50.1
6514.1 -8558.4 48.4
6525.6 -8548.9 47.8
6532.2 -8538.7 48.1
6523.1 -8526.8 47.8
6513.6 -8514.5 47.4
6520.1 -8622.9 50.0
6511.1 -8610.8 49.7
6502.1 -8598.8 49.7
6490.4 -8583.1 49.8
6451.8 -8568.8 50.7
6462.2 -8559.3 50.1
6468.1 -8554.0 49.8
7009.1 -8026.9 39.5
6996.0 -8019.7 39.9
6982.8 -8012.5 40.3
6969.7 -8005.2 40.7
6956.5 -7998.0 40.9
6933.8 -7985.5 40.5
7108.7 -8078.5 36.7
7095.7 -8071.0 37.4
7082.7 -8063.6 38.1
7068.5 -8058.6 38.8
7054.4 -8053.7 38.9
7040.2 -8048.8 39.0
7026.0 -8043.8 39.2
7012.4 -8037.8 39.6
6999.1 -8030.7 40.0
6985.9 -8023.6 40.5
6972.7 -8016.5 40.9
6946.3 -8002.3 41.1
6954.9 -8233.8 48.2
6934.6 -8243.6 48.4
6918.9 -8251.2 48.4
6838.3 -8528.9 53.0
6832.9 -8514.9 52.6
6827.5 -8500.9 52.2
6819.4 -8480.0 51.7
6930.3 -8179.8 48.0
6939.5 -8198.9 48.0
6761.1 -8016.7 43.7
6751.3 -8005.3 43.1
6734.0 -7985.2 42.1
6684.0 -7825.4 36.7
6695.1 -7815.4 36.5
6714.8 -7797.8 36.3
6810.2 -7849.1 39.9
6821.0 -7838.7 39.8
6831.8 -7828.3 39.8
6848.7 -7812.0 38.6
6803.4 -7923.5 41.4
6814.4 -7913.3 41.5
6825.3 -7903.0 41.7
6836.3 -7892.8 41.8
6821.7 -7872.5 40.9
5477.6 -7030.1 28.5
5491.1 -7036.7 28.2
5504.4 -7043.6 28.0
5517.7 -7050.6 27.8
5542.0 -7063.2 27.3
5506.8 -6936.3 28.8
5521.2 -6940.5 28.5
5535.6 -6944.7 28.3
5548.3 -6951.1 28.0
5555.7 -6964.1 27.9
5570.3 -6967.5 28.0
5584.8 -6971.0 28.0
5599.4 -6974.5 28.1
5614.4 -6975.0 28.2
5637.0 -6975.0 28.4
5708.8 -7063.8 27.4
5723.6 -7061.9 27.3
5738.5 -7060.0 27.9
5753.4 -7058.1 28.5
5768.3 -7056.3 29.2
5783.2 -7054.4 29.9
5798.1 -7052.5 30.5
5814.4 -7050.5 31.3
5645.2 -7077.0 27.6
5680.8 -7074.0 27.6
5584.4 -6968.0 28.1
5588.4 -6953.5 28.2
5592.3 -6939.1 28.4
5596.3 -6924.6 28.5
5600.2 -6910.1 28.7
5604.2 -6895.6 28.8
5593.7 -6889.4 28.8
5573.1 -6883.6 28.7
5626.6 -6972.4 28.3
5630.9 -6958.0 28.4
5635.1 -6943.6 28.6
5639.4 -6929.2 28.8
5647.1 -6903.2 29.0
6262.9 -7627.2 41.4
6264.9 -7612.3 41.1
6267.0 -7597.5 40.7
6269.0 -7582.6 40.3
6271.2 -7566.4 40.0
6225.1 -7415.4 37.4
6238.3 -7422.5 37.3
6251.5 -7429.6 37.2
6264.7 -7436.7 37.1
6282.4 -7446.3 37.0
6231.6 -8101.3 49.2
6268.0 -8087.6 47.8
6023.3 -7313.4 35.5
6010.3 -7306.0 35.4
5997.3 -7298.5 35.3
5975.2 -7285.8 35.2
6205.8 -8206.3 48.9
6193.8 -8197.3 49.0
6181.8 -8188.3 49.0
6168.0 -8177.9 49.2
5976.2 -7096.7 33.4
5991.1 -7098.8 33.8
6005.9 -7100.8 34.2
6020.8 -7102.8 34.6
6035.7 -7104.9 35.0
6050.5 -7106.9 35.2
6065.4 -7108.9 35.0
6080.3 -7111.0 34.8
6095.1 -7113.0 34.5
6114.8 -7115.7 34.0
6292.7 -7193.1 31.9
6278.9 -7187.3 31.8
6219.0 -7142.2 32.1
6207.0 -7133.2 32.2
6195.0 -7124.1 32.3
6183.1 -7115.1 32.4
6157.1 -7102.0 32.8
6322.8 -7188.3 31.9
6308.0 -7186.2 31.7
6293.1 -7184.1 31.6
6279.9 -7177.2 31.5
6267.7 -7168.6 31.6
6255.6 -7159.7 31.7
6243.6 -7150.8 31.8
6231.5 -7141.9 31.9
6219.4 -7133.0 32.0
6207.3 -7124.1 32.1
6195.3 -7115.2 32.2
6183.0 -7106.5 32.3
6170.6 -7097.9 32.4
5466.3 -7113.9 29.9
5457.7 -7102.6 29.8
5444.8 -7095.0 29.6
5431.8 -7087.5 29.3
5418.8 -7080.0 28.9
5407.1 -7070.7 28.9
5389.7 -7064.2 29.0
5096.5 -6886.6 28.6
5081.7 -6881.7 28.8
5053.0 -6859.7 28.4
5044.2 -6860.0 28.3
5038.1 -6854.9 28.3
5037.3 -6846.6 28.1
5042.7 -6842.8 28.1
5050.1 -6840.3 28.0
5060.8 -6845.3 28.1
5094.5 -6858.3 28.4
5108.2 -6861.2 28.3
5638.6 -7833.0 39.7
5628.8 -7821.6 39.4
5619.0 -7810.3 39.3
5600.6 -7789.0 39.2
5490.9 -7764.0 38.3
5485.3 -7750.1 38.1
5475.3 -7725.4 37.8
5929.7 -7378.2 38.8
5912.3 -7333.6 37.0
5908.6 -7323.1 36.7
5906.5 -7312.6 36.3
5905.2 -7302.3 36.0
5904.9 -7294.2 35.7
5906.0 -7282.7 35.4
5951.5 -7404.8 40.6
5940.4 -7375.6 38.9
5932.1 -7352.9 37.9
5924.1 -7331.0 37.0
5918.5 -7310.9 36.3
5917.0 -7297.0 35.8
5917.9 -7283.6 35.5
5858.4 -7367.0 37.4
5857.3 -7352.9 37.1
5854.8 -7337.4 36.7
5847.1 -7303.3 35.8
5729.5 -7303.2 35.5
5748.8 -7297.3 35.5
5374.9 -7568.9 36.9
5370.5 -7551.5 36.6
5417.1 -7540.1 36.6
5415.1 -7533.3 36.4
5345.2 -7514.7 35.8
5340.3 -7500.5 35.5
5335.4 -7486.3 35.5
5327.5 -7475.0 35.3
5320.4 -7461.8 35.2
5310.9 -7444.1 35.1
5386.1 -7628.8 37.5
5382.3 -7614.3 37.4
5378.5 -7599.8 37.2
5383.3 -7590.3 37.1
5397.8 -7586.5 37.1
5412.4 -7582.7 37.0
5422.4 -7586.3 37.1
5427.5 -7607.8 37.2
5301.2 -7445.0 35.1
5318.8 -7474.9 35.2
5315.2 -7476.8 35.3
5523.6 -7664.1 38.0
5542.8 -7677.4 38.4
5548.5 -7681.4 38.5
5429.6 -7468.5 36.5
5438.1 -7464.9 36.6
5428.5 -7445.2 36.6
5281.6 -7393.0 34.4
5279.1 -7378.2 34.3
5278.8 -7363.2 34.0
5278.4 -7348.2 33.8
5278.5 -7333.2 33.7
5279.5 -7306.4 33.7
5290.1 -7371.2 34.5
5296.5 -7384.8 34.6
5302.9 -7398.3 34.7
5309.3 -7411.9 34.9
5328.3 -7412.3 35.2
5617.5 -7492.3 36.6
5614.3 -7471.5 36.7
5743.3 -7441.1 37.5
5758.2 -7442.4 37.5
5773.2 -7443.8 37.8
5798.6 -7446.1 38.3
5570.7 -8185.7 41.9
5565.4 -8199.0 42.1
5553.3 -8207.9 42.1
5541.2 -8216.8 42.1
5529.1 -8225.7 42.1
5517.1 -8234.6 42.1
5511.0 -8234.6 42.0
5514.9 -8220.1 41.7
5518.7 -8205.6 41.5
5522.5 -8191.1 41.3
5526.3 -8176.6 41.1
5534.2 -8169.0 41.1
5562.9 -8176.5 41.7
5606.8 -8087.6 40.8
5586.8 -8079.8 40.4
5575.8 -8046.9 39.5
5584.0 -8147.3 42.1
5576.6 -8137.5 41.4
5564.9 -8104.9 40.4
5634.5 -8176.0 41.7
5640.7 -8162.3 41.4
5646.8 -8148.7 41.1
5653.0 -8135.0 41.0
5643.8 -8127.8 41.0
5629.7 -8122.7 41.1
5612.3 -8116.3 41.5
5654.5 -8131.7 40.9
5655.7 -8128.7 40.9
5635.2 -8097.7 40.9
5556.9 -8016.5 38.9
5584.1 -8006.4 39.3
5471.1 -9289.6 51.6
5468.1 -9274.9 51.3
5465.1 -9260.2 51.0
5463.7 -9245.3 50.8
5462.9 -9230.3 50.5
5463.7 -9215.4 50.3
5464.8 -9200.4 50.0
5466.1 -9185.5 49.6
5467.3 -9170.5 49.2
5468.5 -9155.6 48.9
5469.7 -9140.6 48.4
5471.0 -9125.7 47.8
5472.2 -9110.7 47.3
5473.4 -9095.8 46.8
5474.7 -9080.8 46.2
5475.9 -9065.9 45.7
5477.1 -9050.9 45.2
5478.4 -9036.0 44.8
5479.6 -9021.0 44.4
5480.8 -9006.1 44.0
5482.1 -8991.1 43.6
5483.3 -8976.2 43.3
5484.5 -8961.2 43.0
5485.7 -8946.3 42.8
5487.0 -8931.3 42.5
5488.2 -8916.4 42.3
5489.4 -8901.4 42.2
5490.7 -8886.5 42.0
5491.9 -8871.5 41.9
5493.1 -8856.6 41.9
5494.4 -8841.6 42.0
5495.6 -8826.7 42.1
5496.8 -8811.7 42.1
5498.0 -8796.8 42.2
5499.3 -8781.8 42.7
5500.5 -8766.9 43.1
5501.7 -8751.9 43.6
5503.0 -8737.0 44.0
5504.2 -8722.0 44.2
5505.4 -8707.1 44.7
5506.7 -8692.1 45.2
5507.9 -8677.2 45.8
5509.1 -8662.2 46.3
5510.4 -8647.3 46.7
5512.0 -8627.7 47.2
5657.5 -7956.7 40.1
5631.8 -7947.5 39.8
5628.4 -7933.1 39.8
5616.7 -7984.4 39.6
5603.9 -7961.2 39.5
5619.9 -7953.7 39.7
5624.4 -7963.1 39.7
5619.9 -7953.7 39.7
5608.3 -7929.5 39.6
4646.5 -6368.3 26.0
4638.0 -6356.0 25.9
4629.4 -6343.6 25.8
4620.9 -6331.3 25.6
4616.1 -6317.1 25.2
4612.5 -6302.7 25.1
4612.8 -6287.7 25.1
4613.1 -6272.7 25.3
4613.8 -6257.7 25.6
4615.1 -6242.8 25.9
4616.4 -6227.8 26.3
4614.4 -6213.3 26.6
4609.8 -6199.0 26.8
4603.1 -6185.8 26.7
4593.8 -6174.1 26.4
4584.4 -6162.4 26.0
4575.1 -6150.6 25.7
4565.7 -6138.9 25.3
4556.4 -6127.2 25.1
4547.0 -6115.4 25.1
4537.7 -6103.7 25.4
4528.3 -6092.0 25.9
4519.0 -6080.3 26.5
4507.8 -6070.4 26.9
4493.6 -6059.0 26.8
5010.0 -6111.3 30.9
5022.3 -6102.7 30.8
5034.5 -6094.0 30.6
5046.8 -6085.4 30.4
5059.1 -6076.7 30.3
5072.1 -6067.6 30.1
5014.9 -6126.7 30.9
5027.1 -6118.1 30.7
5039.4 -6109.4 30.6
5051.6 -6100.8 30.5
5063.9 -6092.1 30.3
5076.9 -6083.0 30.2
4908.7 -5910.4 31.1
4917.0 -5897.9 30.9
4925.3 -5885.4 30.7
4933.6 -5872.9 30.5
4941.8 -5860.4 30.2
4950.1 -5847.9 30.2
4958.4 -5835.3 30.3
4972.1 -5814.6 30.3
5971.4 -6451.4 35.2
5956.8 -6448.0 35.0
5942.2 -6444.6 34.9
5927.6 -6441.3 34.7
5913.0 -6437.9 34.5
5898.4 -6434.5 34.3
5883.8 -6431.1 34.1
5869.1 -6427.7 34.0
5854.5 -6424.4 33.8
5839.9 -6421.0 33.6
5825.3 -6417.6 33.4
5802.6 -6412.4 33.1
5774.2 -6691.3 31.6
5774.4 -6676.4 31.6
5774.8 -6651.4 31.7
5777.6 -6604.7 31.7
5778.8 -6589.8 31.8
5780.1 -6574.8 31.9
5781.3 -6559.9 32.0
5782.5 -6544.9 32.1
5783.8 -6530.0 32.2
5785.0 -6515.0 32.3
5786.2 -6500.1 32.3
5787.5 -6485.1 32.4
5788.7 -6470.2 32.5
5789.9 -6455.2 32.6
5791.2 -6440.3 32.7
5792.5 -6423.7 32.8
5769.4 -6623.2 31.5
5770.5 -6608.2 31.6
5771.7 -6593.3 31.7
5772.9 -6578.3 31.8
5774.0 -6563.4 31.9
5775.2 -6548.4 32.0
5776.4 -6533.5 32.0
5777.5 -6518.5 32.1
5778.7 -6503.6 32.2
5779.9 -6488.6 32.3
5781.0 -6473.7 32.4
5782.2 -6458.7 32.5
5783.3 -6443.7 32.6
5785.1 -6421.7 32.8
6076.2 -7485.7 42.2
6090.7 -7489.5 42.1
6105.2 -7493.3 42.0
6129.3 -7499.5 41.8
6061.7 -7529.9 44.1
6075.6 -7524.4 43.6
6089.6 -7519.0 43.2
6103.6 -7513.5 42.7
6121.6 -7506.5 42.1
6173.7 -7536.9 41.5
6173.4 -7528.3 41.3
6141.7 -7510.9 41.8
6136.0 -7514.4 42.0
6375.7 -7517.5 38.0
6381.0 -7503.5 37.7
6387.5 -7491.5 37.4
6402.2 -7494.3 37.3
6417.1 -7496.4 37.1
6432.0 -7498.0 36.9
6446.9 -7499.2 36.6
6461.9 -7500.3 36.3
6476.9 -7501.2 36.0
6491.8 -7502.1 35.9
6506.8 -7502.9 36.1
6521.8 -7503.6 36.2
6543.9 -7504.0 36.6
5950.6 -7246.8 35.0
5963.8 -7254.0 35.0
5976.9 -7261.2 35.0
5990.1 -7268.5 35.0
6003.2 -7275.7 35.0
6016.3 -7282.9 35.0
6029.5 -7290.1 34.9
6042.6 -7297.4 34.8
6059.6 -7306.7 35.1
6026.9 -7307.3 35.3
6013.9 -7299.8 35.2
6000.9 -7292.3 35.2
5978.8 -7279.6 35.1
6048.5 -7273.1 34.8
6034.5 -7267.6 34.9
6020.5 -7262.1 35.0
6006.6 -7256.6 34.9
5986.0 -7248.5 34.9
6446.0 -7551.9 37.0
6432.3 -7545.8 37.2
6418.6 -7539.7 37.4
6414.7 -7529.9 37.4
6424.2 -7508.4 37.1
6041.2 -7280.1 34.8
6027.9 -7273.2 34.9
6014.6 -7266.2 35.0
6001.4 -7259.2 34.9
5988.1 -7252.2 34.9
5974.8 -7245.2 34.9
5955.8 -7235.2 34.8
6038.0 -7285.1 34.8
6024.8 -7277.9 34.9
6011.7 -7270.7 35.0
5998.5 -7263.4 35.0
5985.4 -7256.2 34.9
5972.2 -7249.0 34.9
5956.9 -7240.7 34.9
6030.2 -7299.7 35.0
6017.1 -7292.4 35.0
6004.0 -7285.0 35.0
5990.9 -7277.7 35.0
5974.2 -7268.4 35.0
6596.2 -7386.7 34.3
6613.7 -7403.9 34.8
6622.3 -7400.7 34.8
6632.2 -7373.0 33.3
6641.9 -7343.1 32.1
6639.2 -7339.9 32.0
6635.6 -7341.3 32.2
6623.5 -7352.4 32.8
5546.1 -7218.6 32.0
5556.6 -7188.0 31.3
6206.3 -7171.2 32.9
6193.9 -7162.7 33.0
6170.2 -7146.5 33.2
6114.2 -7125.5 34.1
6093.0 -7122.5 34.7
5508.1 -7185.8 31.7
5523.0 -7186.5 31.5
5538.0 -7187.2 31.4
5553.0 -7187.8 31.3
5568.0 -7188.5 31.2
5570.7 -7198.7 31.4
5567.7 -7213.4 31.7
5562.4 -7239.3 32.5
5437.4 -7309.5 34.6
5428.7 -7297.3 34.4
5430.6 -7286.6 34.1
5442.4 -7277.3 33.8
5453.6 -7272.7 33.7
5466.4 -7289.1 33.9
5403.8 -7296.8 34.5
5389.6 -7278.2 34.2
5419.2 -7257.3 33.6
5430.3 -7246.5 33.3
5404.9 -7141.3 31.1
5418.4 -7147.5 31.6
5431.6 -7151.7 31.9
5444.5 -7154.2 32.0
5463.0 -7156.1 32.2
5508.4 -7160.2 31.1
5708.2 -7159.9 31.3
5723.1 -7161.2 31.2
5748.4 -7163.6 31.1
5692.6 -7199.0 32.9
5707.6 -7199.9 32.8
5734.6 -7201.5 32.7
5765.3 -7600.7 42.1
5750.8 -7596.6 41.7
5736.4 -7592.4 41.2
5722.1 -7587.9 40.6
5707.0 -7582.0 40.0
5604.4 -7490.3 36.5
5601.5 -7470.9 36.7
5599.1 -7462.6 36.9
5596.4 -7447.8 36.9
5593.6 -7433.1 37.0
5590.0 -7413.1 37.1
5271.2 -6580.7 30.0
5275.3 -6566.3 29.9
5279.5 -6551.8 29.6
5283.6 -6537.4 29.3
5288.9 -6518.8 28.9
5778.9 -5652.0 41.1
5788.5 -5640.4 41.1
5798.1 -5628.9 41.3
5807.7 -5617.3 41.7
5817.3 -5605.8 42.3
5826.9 -5594.3 42.8
5836.5 -5582.7 43.4
5846.0 -5571.2 44.0
5855.6 -5559.7 44.7
5865.2 -5548.1 45.3
5874.8 -5536.6 46.0
5889.4 -5518.9 46.9
5774.8 -5640.6 41.6
5784.4 -5629.1 41.7
5793.9 -5617.5 41.9
5803.5 -5605.9 42.2
5813.0 -5594.4 42.7
5822.6 -5582.8 43.3
5832.1 -5571.2 43.9
5841.7 -5559.7 44.5
5851.2 -5548.1 45.1
5860.8 -5536.5 45.8
5870.3 -5525.0 46.4
5881.3 -5511.7 47.1
5794.7 -7373.6 37.2
5792.3 -7358.8 36.9
5789.8 -7354.6 36.8
5785.7 -7353.7 36.8
5783.2 -7353.9 36.8
5779.2 -7355.9 36.8
5770.1 -7364.3 36.9
5503.4 -6932.0 28.9
5513.0 -6920.4 28.8
5516.8 -6907.2 28.8
5514.7 -6892.4 28.9
5512.6 -6877.5 28.9
5510.5 -6862.7 29.1
5496.3 -6858.3 29.2
5469.6 -6851.6 29.5
5682.6 -6951.5 28.8
5682.6 -6936.5 29.3
5682.6 -6911.5 29.5
5688.5 -6828.8 29.8
5674.0 -6824.8 29.6
5659.6 -6820.8 29.5
5645.1 -6816.8 29.4
5630.6 -6812.8 29.4
5616.2 -6808.7 29.3
5615.4 -6797.0 29.4
5619.3 -6782.5 29.5
5623.2 -6768.0 29.7
5627.1 -6753.6 29.8
5631.0 -6739.1 30.0
5641.6 -6735.2 30.0
5656.3 -6738.0 29.9
5671.1 -6740.8 30.0
5698.2 -6745.9 30.2
5632.9 -6673.2 30.2
5647.7 -6675.9 30.3
5662.4 -6678.6 30.4
5677.2 -6681.3 30.5
5692.0 -6684.0 30.4
5707.6 -6686.8 30.5
5718.7 -6797.4 30.3
5718.2 -6782.4 30.4
5717.4 -6756.3 30.4
5477.1 -6697.7 29.5
5512.3 -6705.5 29.8
5513.9 -6697.0 29.7
5543.4 -6709.9 29.9
5546.9 -6695.3 29.9
5550.4 -6680.7 29.8
5553.9 -6666.1 29.7
5549.9 -6656.2 29.7
5535.3 -6652.8 29.6
5608.2 -6358.1 31.3
5602.6 -6367.0 31.3
5625.4 -6381.6 31.6
5745.2 -6500.2 31.9
5737.9 -6499.6 31.8
5724.8 -6498.6 31.7
5719.9 -6498.2 31.7
5818.2 -6086.4 34.2
5810.8 -6072.4 34.4
5809.9 -6061.9 34.5
5834.1 -6029.7 34.8
5780.4 -6432.0 32.6
5781.8 -6414.2 32.8
5762.4 -6405.6 32.6
5571.8 -6253.2 33.2
5590.0 -6229.5 32.8
5570.6 -6221.1 32.8
5563.3 -6264.6 32.8
5548.6 -6253.0 33.1
5545.5 -6245.2 33.3
5554.3 -6210.1 32.9
5801.7 -6191.2 33.4
5802.3 -6176.2 33.5
5802.9 -6161.2 33.7
5803.5 -6146.2 33.9
5804.1 -6131.2 34.0
5804.9 -6112.7 33.9
5686.8 -5861.1 37.1
5682.4 -5871.3 37.1
5701.5 -5879.1 37.0
5714.9 -5887.8 36.8
6114.2 -6228.6 35.9
6126.0 -6237.8 35.9
6137.8 -6247.1 35.9
6149.6 -6256.4 35.8
6161.4 -6265.7 35.7
6173.2 -6274.9 35.5
6185.0 -6284.2 35.3
6196.7 -6293.5 35.2
6208.5 -6302.7 35.1
6220.3 -6312.0 35.1
6232.1 -6321.3 35.0
6243.9 -6330.6 35.0
6262.2 -6344.9 34.9
5788.1 -6379.2 32.8
5788.7 -6364.2 32.8
5789.3 -6349.2 32.8
5789.9 -6334.2 32.8
5790.5 -6319.2 32.8
5791.3 -6300.7 32.8
5792.7 -6243.0 32.9
5793.3 -6228.0 33.0
5793.9 -6213.0 33.1
5794.4 -6198.0 33.3
5795.0 -6183.1 33.5
5796.1 -6155.4 33.8
5794.3 -6384.0 32.9
5794.9 -6369.0 32.9
5795.5 -6354.0 32.9
5796.1 -6339.0 32.9
5796.7 -6324.0 32.9
5797.7 -6297.5 32.8
5668.9 -6195.6 33.2
5672.4 -6183.2 33.3
5674.9 -6197.1 33.2
5678.4 -6184.7 33.3
5701.3 -5682.2 40.9
5704.1 -5684.7 40.7
5730.9 -5707.9 39.5
5713.3 -5578.9 43.9
5739.6 -5580.6 44.3
5952.8 -5828.2 36.8
5937.9 -5826.2 37.0
5923.1 -5824.2 37.1
5908.2 -5822.2 37.2
5893.3 -5820.2 37.2
5878.5 -5818.2 37.2
5863.6 -5816.2 37.2
5848.7 -5814.2 37.3
5825.8 -5811.1 37.1
6205.9 -6507.8 36.8
6196.7 -6495.9 36.8
6187.5 -6484.1 36.7
6178.4 -6472.2 36.7
6168.1 -6458.9 36.6
6245.1 -6383.2 34.9
6275.2 -6373.7 34.8
6137.6 -6233.5 35.9
6149.4 -6242.7 35.9
6161.3 -6251.9 35.8
6173.1 -6261.1 35.7
6191.7 -6275.6 35.4
6216.1 -6294.2 35.2
6227.9 -6303.4 35.1
6239.6 -6312.7 35.1
6251.4 -6322.0 35.0
6274.3 -6340.0 35.0
5982.2 -6200.4 34.6
5990.7 -6187.4 34.7
5962.1 -6156.8 34.6
5955.8 -6164.6 34.5
5962.1 -6156.8 34.6
5942.0 -6139.9 34.5
5947.3 -6097.0 34.5
5959.1 -6106.3 34.6
5970.9 -6115.6 34.8
5982.7 -6124.8 34.9
5994.5 -6134.1 34.9
6006.3 -6143.4 35.0
6018.1 -6152.6 35.0
6029.9 -6161.9 35.1
6041.7 -6171.2 35.2
6053.5 -6180.5 35.3
6065.3 -6189.7 35.4
6077.0 -6199.0 35.6
6095.3 -6213.4 35.8
6015.1 -6137.0 35.0
6026.9 -6146.3 35.1
6038.6 -6155.6 35.2
6050.4 -6165.0 35.3
6062.1 -6174.3 35.4
6073.9 -6183.6 35.5
6085.6 -6192.9 35.6
6103.1 -6206.8 35.8
5224.4 -6847.6 27.4
5235.7 -6857.6 27.5
5246.4 -6868.0 27.7
5254.9 -6880.3 27.9
5263.5 -6892.6 28.0
5270.3 -6905.9 28.2
5276.8 -6919.5 28.2
5284.1 -6932.5 28.2
5293.5 -6944.1 28.4
5306.4 -6951.5 28.8
5319.4 -6956.8 29.2
5323.2 -6942.3 29.6
5327.0 -6927.8 29.8
5330.7 -6913.3 29.8
5334.5 -6898.7 29.8
5338.3 -6884.2 29.9
5342.1 -6869.7 29.9
5345.8 -6855.2 30.1
5350.1 -6838.9 30.1
5795.4 -5856.8 36.5
5802.6 -5834.2 36.6
5779.3 -5805.1 36.8
5805.3 -5807.8 37.0
5838.6 -5752.8 38.4
5827.3 -5742.9 38.6
5806.0 -5724.0 38.9
5795.2 -5460.7 48.1
5808.1 -5448.5 48.9
5786.3 -5422.4 49.4
5969.1 -6297.2 34.6
5990.3 -6274.6 34.8
5989.8 -6262.9 34.7
5971.0 -6263.8 34.6
5939.2 -6314.3 34.3
5936.0 -6280.2 34.2
5934.8 -6239.7 34.2
5931.6 -6205.6 34.2
5972.3 -6275.8 34.6
5942.0 -6277.5 34.3
6301.2 -6997.2 31.8
5989.0 -8824.6 49.8
5998.5 -8836.2 49.7
6008.0 -8847.8 49.8
6026.0 -8869.7 49.8
5976.8 -8830.8 49.5
5986.4 -8842.4 49.5
5995.9 -8854.0 49.5
6013.9 -8875.9 49.5
6168.0 -8648.5 51.4
6178.7 -8659.0 51.5
6198.3 -8678.1 51.6
6446.0 -6199.5 36.2
6455.4 -6186.3 36.2
6478.0 -6200.7 36.4
6659.6 -6224.1 35.9
6671.5 -6198.0 36.0
6675.5 -6198.0 36.0
6680.2 -6189.6 36.0
6688.7 -6198.0 36.0
6717.1 -6158.2 36.0
6881.6 -6237.3 34.9
6906.1 -6215.3 35.0
6904.8 -6207.0 35.1
6882.4 -6199.8 35.4
6884.1 -6184.9 35.5
6884.5 -6170.1 35.5
6879.1 -6156.1 35.7
6868.5 -6128.9 36.0
6887.7 -6861.0 34.1
6911.5 -6822.8 34.1
6919.4 -6810.1 34.1
6927.3 -6797.3 34.1
6935.2 -6784.6 34.1
6943.1 -6771.8 34.1
6951.0 -6759.1 34.1
6959.1 -6746.0 33.9
6903.9 -6869.7 34.3
6911.9 -6857.0 34.3
6919.9 -6844.3 34.3
6927.8 -6831.5 34.3
6935.8 -6818.8 34.3
6943.8 -6806.1 34.3
6951.7 -6793.4 34.3
6959.7 -6780.7 34.1
6968.1 -6767.3 33.9
6907.1 -6794.8 33.9
6915.0 -6782.1 33.9
6922.9 -6769.3 33.9
6930.8 -6756.6 33.9
6945.6 -6732.8 33.9
6915.7 -6885.4 34.6
6923.7 -6872.7 34.6
6931.7 -6860.1 34.6
6939.7 -6847.4 34.6
6947.7 -6834.7 34.6
6955.8 -6822.0 34.5
6963.8 -6809.4 34.2
6971.8 -6796.7 34.0
6979.8 -6784.0 33.9
6987.6 -6771.2 33.8
6995.3 -6758.3 34.1
7003.0 -6745.4 34.4
7011.7 -6734.6 34.6
7026.6 -6736.0 34.9
7041.6 -6737.4 35.0
7060.1 -6739.1 34.9
6742.9 -6112.2 36.1
6712.2 -6093.2 36.1
6797.8 -6057.3 36.8
6817.8 -6043.2 37.2
6759.8 -5979.8 37.5
6741.9 -5968.3 37.5
6722.8 -5957.9 37.4
6705.4 -5949.4 37.4
6686.3 -5941.4 37.0
6669.5 -5934.7 36.7
6644.7 -5927.8 36.3
6640.3 -5926.7 36.3
6623.5 -5922.8 36.0
6590.4 -5916.2 35.6
6759.6 -5961.9 37.6
6738.2 -5949.2 37.6
6715.7 -5938.6 37.3
6699.0 -5931.7 37.1
6681.0 -5924.8 36.7
6666.3 -5920.0 36.5
6657.6 -5917.2 36.4
6631.2 -6716.4 33.7
6646.2 -6717.3 33.6
6661.2 -6718.2 33.5
6676.2 -6719.1 33.4
6694.6 -6720.2 33.2
6631.5 -6713.6 33.7
6646.5 -6714.4 33.6
6661.5 -6715.3 33.5
6676.5 -6716.2 33.3
6694.9 -6717.3 33.2
6020.3 -6832.9 33.9
6126.7 -6748.3 34.4
6120.6 -6737.7 34.6
6117.5 -6731.1 34.8
6116.6 -6727.2 34.8
6116.5 -6723.1 34.9
6117.9 -6717.2 35.0
6120.9 -6712.0 35.0
6123.5 -6709.1 35.0
6126.7 -6706.8 35.0
6130.0 -6705.2 35.0
6133.6 -6704.3 35.0
6139.7 -6704.1 35.0
6146.3 -6706.0 35.0
6151.8 -6709.9 35.0
6155.4 -6714.7 35.0
6157.3 -6717.8 35.0
6162.4 -6726.1 34.9
6159.2 -6727.7 34.8
6153.8 -6718.7 35.0
6151.6 -6715.2 35.0
6148.7 -6711.8 35.0
6144.2 -6709.0 35.0
6138.7 -6707.5 35.0
6133.4 -6707.9 35.0
6128.0 -6710.1 35.0
6123.7 -6713.8 35.0
6120.8 -6718.8 35.0
6119.7 -6723.3 34.9
6119.8 -6726.8 34.8
6120.5 -6730.2 34.8
6121.7 -6733.1 34.7
6123.4 -6735.7 34.7
6129.9 -6746.9 34.5
6259.7 -5858.4 37.5
6274.6 -5860.4 37.2
6289.4 -5862.3 36.9
6304.3 -5864.3 36.7
6319.2 -5866.2 36.7
6334.0 -5868.2 36.7
6348.9 -5870.1 36.7
6363.8 -5872.1 36.7
6393.2 -5875.9 36.8
6219.8 -5829.2 38.1
6208.1 -5800.8 38.4
6166.1 -6456.3 36.6
6219.3 -6433.9 36.4
6573.2 -6667.0 34.1
6605.7 -6663.4 33.8
6603.2 -6646.9 33.9
6505.1 -6582.4 35.4
6505.8 -6567.9 35.4
6513.6 -6582.0 35.4
6514.0 -6569.0 35.3
6511.2 -6516.2 35.4
6498.6 -6497.7 35.5
6498.8 -6518.0 35.4
6490.3 -6505.1 35.4
6504.1 -6514.9 35.4
6495.6 -6502.0 35.4
6483.4 -6502.7 35.5
6474.9 -6489.8 35.5
6495.4 -6494.0 35.5
6486.9 -6481.1 35.5
6498.0 -6525.4 35.3
6485.4 -6506.9 35.4
5310.8 -7640.9 39.1
5302.7 -7628.3 38.9
5295.4 -7615.2 38.7
5289.1 -7601.6 38.4
5282.8 -7588.0 38.2
5270.1 -7560.8 37.1
5263.8 -7547.2 36.9
5257.5 -7533.6 36.8
5251.1 -7520.0 36.6
5245.3 -7506.2 36.5
5238.3 -7480.1 36.2
6828.3 -7120.7 32.1
6826.0 -7105.9 32.2
6823.0 -7091.2 32.2
6820.0 -7076.5 32.3
6816.9 -7061.8 32.4
6812.6 -7040.9 32.5
6736.3 -7138.8 33.9
6771.3 -7140.9 33.6
6860.9 -6761.6 33.2
6875.4 -6765.6 33.4
6889.9 -6769.6 33.6
6901.0 -6767.4 33.7
6905.8 -6753.2 33.6
6910.6 -6739.0 33.6
6912.9 -6725.6 33.5
6900.2 -6717.5 33.3
6887.6 -6709.5 33.2
6876.2 -6705.0 33.0
6871.0 -6719.9 33.1
6914.7 -6726.8 33.5
6912.6 -6700.4 33.4
6860.6 -6748.7 33.1
6867.5 -6729.9 33.1
6871.4 -6800.6 33.6
6885.9 -6804.7 33.7
6886.4 -6816.2 33.8
6881.9 -6830.5 33.9
6877.4 -6844.8 33.9
6854.9 -6838.8 33.5
6864.1 -6808.0 33.5
6854.9 -6838.8 33.5
6844.1 -6834.9 33.3
6844.4 -6805.5 33.2
6895.9 -6777.1 33.7
6876.2 -6771.6 33.4
6864.0 -6351.4 34.9
6877.8 -6347.0 34.8
6863.3 -6347.8 34.9
6877.1 -6343.3 34.9
6840.8 -6337.3 35.1
6853.3 -6331.7 35.1
6839.7 -6333.8 35.1
6851.2 -6328.2 35.1
6865.3 -6321.1 35.0
6877.7 -6315.5 34.9
6847.2 -6352.9 35.0
6861.0 -6348.5 34.9
6844.4 -6356.8 34.9
6838.0 -6358.8 35.0
6834.1 -6355.6 35.0
6830.9 -6350.3 35.1
6829.7 -6343.2 35.1
6830.9 -6337.8 35.1
6836.2 -6335.6 35.1
6843.4 -6353.6 35.0
6838.8 -6355.0 35.0
6835.8 -6352.8 35.0
6833.7 -6348.3 35.1
6832.8 -6343.4 35.1
6833.8 -6340.2 35.1
6837.4 -6338.7 35.1
6847.8 -6356.8 34.9
6861.6 -6352.3 34.9
6615.9 -5977.2 36.8
6619.1 -5962.6 36.8
6622.3 -5947.9 36.5
6625.4 -5933.3 36.3
6614.6 -5925.9 36.0
6842.1 -5978.9 37.3
6828.4 -5985.1 37.5
6814.7 -5991.3 37.7
6803.4 -5990.0 37.8
6816.8 -5983.3 37.5
6841.3 -5971.2 37.1
6630.8 -5811.0 35.9
6649.2 -5817.6 36.3
6651.1 -5813.1 36.3
6632.9 -5806.1 36.0
6619.5 -5836.6 35.7
6646.2 -5843.7 36.2
6674.4 -5851.2 36.7
6646.2 -5843.7 36.2
6655.0 -5818.2 36.4
6629.5 -5721.3 36.7
6632.6 -5708.8 36.8
6636.8 -5682.9 36.9
6250.5 -6066.9 35.6
6242.2 -6054.3 35.4
6226.2 -6029.9 35.1
6504.9 -6000.2 36.1
6502.7 -6015.0 36.1
6503.4 -6028.2 36.1
6517.0 -6034.5 36.2
6530.7 -6040.8 36.3
6545.4 -6047.6 36.2
6232.5 -5887.0 37.1
6234.5 -5872.2 37.5
6225.0 -5866.0 37.7
6210.1 -5864.0 37.9
6191.4 -5861.5 37.7
6349.4 -5923.5 36.5
6359.0 -5933.2 36.5
6368.6 -5928.5 36.5
6370.5 -5913.6 36.6
6372.3 -5898.8 36.8
6370.5 -5886.7 36.8
6355.6 -5884.8 36.8
6334.2 -5881.9 36.8
6373.8 -5887.2 36.8
6388.7 -5889.3 36.8
6403.5 -5891.3 36.9
6418.4 -5893.4 36.9
6433.2 -5895.4 36.9
6448.1 -5897.5 36.9
6462.9 -5899.6 36.8
6477.8 -5901.8 36.8
6492.5 -5904.6 36.7
6507.2 -5907.4 36.5
6529.8 -5911.7 36.4
6151.4 -5988.5 35.5
6165.8 -5979.0 35.6
6543.5 -5815.5 35.7
6532.7 -5805.2 35.6
6521.9 -5794.8 35.6
6511.1 -5784.4 35.7
6500.2 -5774.0 35.9
6509.1 -5765.9 36.2
6519.7 -5776.5 35.9
6530.2 -5787.1 35.7
6540.8 -5797.7 35.6
6551.4 -5808.4 35.6
6570.8 -5827.9 35.6
6942.7 -5703.4 36.1
6960.1 -5682.4 36.1
6980.4 -5657.1 36.2
6547.5 -6038.5 36.2
6553.8 -6008.0 36.4
6538.8 -6004.2 36.4
6607.5 -4921.0 49.0
6600.5 -4907.7 49.5
6593.4 -4894.5 50.0
6584.6 -4882.7 50.5
6573.1 -4873.1 50.8
6560.8 -4864.7 51.0
6547.5 -4857.6 51.2
6534.3 -4850.5 51.5
6521.1 -4843.4 51.6
6535.0 -4841.4 51.9
6549.9 -4839.4 52.1
6564.4 -4835.5 52.3
6578.1 -4833.9 52.5
6594.6 -4854.2 51.8
6593.8 -4454.9 57.7
6583.0 -4478.7 58.6
6557.6 -5127.2 45.1
6583.8 -5108.0 45.0
6155.5 -5896.3 37.0
6190.0 -5880.6 37.5
6190.9 -5867.5 37.7
6213.8 -5870.2 37.7
6475.0 -5944.8 36.3
6507.0 -5949.4 36.4
6502.5 -5985.5 36.3
6504.4 -5972.5 36.3
6493.0 -5970.6 36.3
6473.6 -6018.4 35.9
6489.6 -6028.9 36.0
6495.0 -6024.0 36.0
6499.3 -5996.5 36.2
6694.5 -5646.6 37.5
6709.5 -5618.9 37.9
6616.7 -5428.8 40.3
6642.7 -5409.8 40.3
6647.0 -5406.8 40.3
6674.3 -5385.6 40.2
6688.1 -5389.4 40.0
6701.5 -5412.6 39.5
6723.6 -5419.5 39.2
6740.3 -5405.3 39.0
6750.5 -5392.4 39.0
6637.7 -5289.8 41.4
6642.1 -5301.8 41.2
6653.6 -5305.6 41.1
6655.5 -5289.8 41.1
6652.7 -5280.9 41.2
6902.9 -5963.5 36.6
6912.4 -5971.7 36.5
6922.2 -5976.1 36.4
6926.0 -5975.3 36.4
6724.2 -5060.0 44.9
6735.3 -5049.9 45.1
6746.4 -5039.9 45.2
6757.5 -5029.8 45.2
6768.6 -5019.7 45.2
6779.8 -5009.6 45.4
6790.9 -4999.6 45.6
6802.0 -4989.5 45.8
6811.3 -4997.4 45.4
6820.1 -5009.5 44.8
6833.2 -5027.4 43.9
6791.5 -4789.7 52.3
6804.7 -4782.7 51.7
6818.0 -4775.7 51.2
6827.4 -4784.8 51.4
6836.0 -4797.0 51.2
6844.7 -4809.3 50.8
6861.4 -4833.1 49.3
6102.5 -4938.9 56.5
6114.3 -4929.6 56.5
6126.0 -4920.3 56.4
6144.9 -4905.5 56.3
5577.5 -5083.5 45.4
5588.9 -5073.7 46.0
5600.2 -5063.9 46.5
5611.6 -5054.1 47.0
5626.1 -5041.6 47.7
5437.5 -4958.0 50.6
5446.0 -4970.4 50.0
5454.5 -4982.8 49.0
5463.0 -4995.1 47.7
5477.0 -4991.6 47.9
5491.4 -4987.3 48.1
5505.7 -4983.0 48.3
5520.1 -4978.6 48.5
5534.5 -4974.3 48.6
5548.8 -4969.9 48.8
5563.2 -4965.6 49.0
5577.5 -4961.3 49.1
5591.9 -4956.9 49.1
5606.2 -4952.6 49.2
5628.8 -4945.7 49.3
5749.7 -5157.0 49.8
5762.8 -5164.3 50.1
5775.9 -5171.7 50.6
5787.6 -5173.6 51.1
5801.6 -5153.2 51.6
5628.9 -5746.7 39.0
5632.8 -5732.2 39.5
5636.7 -5717.7 39.9
5640.6 -5703.2 40.6
5644.5 -5688.7 41.1
5648.4 -5674.3 41.3
5652.4 -5659.8 41.6
5656.3 -5645.3 41.9
5660.2 -5630.8 42.2
5664.1 -5616.3 42.5
5668.0 -5601.9 42.8
5671.9 -5587.4 43.2
5675.8 -5572.9 43.5
5679.7 -5558.4 44.0
5683.7 -5543.9 44.3
5687.6 -5529.5 44.6
5693.2 -5508.6 44.9
5596.2 -4724.1 65.3
5591.0 -4710.1 66.4
5585.8 -4696.0 66.7
5580.5 -4682.0 66.7
5575.3 -4667.9 66.6
5570.1 -4653.8 66.5
5564.9 -4639.8 67.6
5559.7 -4625.7 68.5
5554.4 -4611.6 69.5
5548.8 -4596.4 70.5
5563.6 -4658.2 66.2
5550.2 -4622.1 69.2
5433.2 -4605.8 72.8
5447.8 -4602.6 73.4
5462.5 -4599.5 74.0
5477.2 -4596.4 74.4
5491.8 -4593.3 73.6
5519.6 -4587.3 72.4
3728.9 701.1 58.1
3754.1 673.6 58.8
5267.5 -7085.9 30.7
5254.6 -7078.3 30.5
5241.6 -7070.8 30.2
5228.6 -7063.3 29.9
5215.6 -7055.8 29.7
5202.6 -7048.3 29.4
5189.7 -7040.8 29.3
5176.7 -7033.2 29.4
5163.7 -7025.7 29.4
5150.7 -7018.2 29.5
5137.7 -7010.7 29.5
5124.8 -7003.2 29.4
5111.8 -6995.6 29.4
5098.8 -6988.1 29.3
5085.4 -6981.6 29.5
5072.3 -6985.5 30.1
5076.0 -6998.7 30.3
5086.8 -7009.0 30.4
5098.3 -7018.6 30.6
5109.8 -7028.3 30.7
5121.3 -7037.9 30.7
5132.8 -7047.5 30.7
5144.9 -7056.4 30.7
5157.2 -7065.0 30.6
5170.1 -7072.7 30.5
5183.3 -7079.8 30.5
5196.7 -7086.4 30.5
5210.7 -7091.8 30.5
5224.7 -7097.2 30.6
5238.8 -7102.4 30.7
5253.1 -7106.7 30.8
5269.6 -7111.6 30.9
5200.1 -7022.8 29.4
5262.1 -7057.4 30.3
5271.3 -7060.8 30.5
5280.4 -7062.1 30.6
5287.2 -7060.4 30.5
5182.0 -7115.5 31.9
5168.9 -7108.1 32.0
5155.8 -7100.8 32.1
5143.5 -7092.3 32.2
5131.3 -7083.5 32.3
5119.8 -7073.9 32.2
5108.6 -7064.0 32.1
5097.4 -7054.0 32.1
5086.2 -7044.0 32.0
5068.7 -7028.3 31.6
5229.3 -7263.6 33.7
5218.9 -7252.8 34.0
5208.5 -7242.0 34.2
5198.1 -7231.2 34.4
5187.7 -7220.4 34.6
5177.3 -7209.6 34.8
5156.5 -7190.8 35.3
4805.2 -7323.7 37.4
4791.3 -7317.9 37.5
4787.9 -7307.1 37.7
4792.2 -7292.7 38.1
4796.4 -7278.4 38.5
4800.7 -7264.0 39.0
4804.9 -7249.6 39.5
4809.2 -7235.2 40.0
4813.5 -7220.8 40.6
4826.5 -7224.4 40.4
4833.5 -7236.3 40.0
4842.2 -7244.7 39.7
4865.3 -7245.3 39.7
5766.2 -4645.9 66.4
5801.0 -4638.0 64.4
5846.0 -4576.9 62.1
5834.9 -4566.8 62.1
5823.9 -4556.7 62.2
5803.2 -4537.9 62.2
6103.2 -4932.4 56.6
6141.1 -4902.5 56.4
6136.5 -4897.2 56.6
-4993.9 -8930.6 40.5
-4985.6 -8918.1 40.7
-4977.2 -8905.7 41.1
-4968.8 -8893.2 41.5
-4960.5 -8880.8 41.9
-4952.1 -8868.3 42.3
-4943.7 -8855.8 42.7
-4935.4 -8843.4 43.1
-4927.0 -8830.9 43.3
-4918.6 -8818.5 42.9
-4910.3 -8806.0 42.4
-4901.9 -8793.6 41.9
-4885.2 -8768.7 41.8
-4927.3 -8808.2 42.2
-4921.6 -8799.0 41.9
6763.8 -4742.6 52.5
6777.9 -4732.5 52.1
6793.5 -4798.7 52.8
6821.6 -4782.9 51.4
4395.6 -7345.4 32.4
4404.6 -7357.4 32.6
4413.6 -7369.4 32.7
4422.7 -7381.4 32.6
4431.7 -7393.4 32.8
4447.3 -7414.1 33.3
-4069.4 -7613.1 36.4
-4054.9 -7622.8 36.3
5993.0 3301.2 81.3
5999.4 3287.6 81.1
6005.7 3274.1 80.8
6012.1 3260.5 80.6
6019.3 3245.0 80.4
6068.0 3387.0 76.4
6062.9 3373.0 76.6
6057.7 3358.9 77.2
6052.6 3344.8 77.7
6047.4 3341.8 78.0
6042.3 3355.9 78.0
6037.2 3370.0 78.0
6037.6 3382.8 77.8
6048.4 3393.3 77.0
6059.2 3403.7 76.0
6076.7 3420.7 74.9
6453.9 3148.6 72.5
6463.1 3136.8 72.7
6472.4 3125.0 72.7
6481.6 3113.1 72.7
6494.3 3119.3 72.0
6507.3 3126.8 71.3
6528.8 3139.2 70.1
6492.5 3478.4 66.8
6480.0 3486.8 67.2
6467.6 3495.1 67.7
6455.1 3503.5 68.1
6442.7 3511.9 68.4
6421.8 3525.9 68.7
4750.6 3021.7 66.8
4736.4 3026.7 66.4
4722.3 3031.6 65.9
4708.1 3036.6 65.5
4693.9 3041.5 65.0
4679.8 3046.5 64.6
4665.6 3051.4 64.1
4651.5 3056.4 63.7
4643.1 3067.4 63.6
4632.4 3076.1 63.4
4618.4 3081.5 62.9
4604.4 3086.9 62.4
4586.7 3093.7 61.8
4747.9 2952.6 67.0
4761.7 2946.6 67.1
4775.4 2940.5 67.2
4789.1 2934.5 67.3
4802.8 2928.5 67.3
4816.6 2922.4 67.3
4835.1 2914.2 67.2
4750.6 3021.7 66.8
4748.9 3006.8 66.6
4747.2 2991.9 66.9
4745.5 2977.0 67.0
4743.3 2962.2 67.0
4740.6 2947.4 67.0
4737.9 2932.7 66.9
4735.2 2917.9 66.9
4732.1 2903.2 66.9
4729.0 2888.5 66.9
4725.9 2873.9 67.2
4722.7 2859.2 67.6
4719.6 2844.5 68.1
4716.5 2829.9 68.6
4713.3 2815.2 69.0
4701.0 2812.5 69.0
4675.3 2823.7 68.5
688.6 5694.0 72.2
670.8 5712.1 72.9
658.8 5719.4 73.3
637.2 5729.2 73.9
-5174.8 -1226.1 19.4
-5181.7 -1212.7 19.3
-5188.5 -1199.4 19.2
-5195.3 -1186.0 18.8
-5208.8 -1159.7 18.2
-4175.1 -1517.3 18.1
-4161.7 -1510.6 18.1
-4148.3 -1503.8 18.2
-4134.9 -1497.1 18.3
-4121.5 -1490.4 18.4
-4108.1 -1483.7 18.5
-4091.2 -1475.2 18.6
-4208.7 -1502.9 18.2
-4197.5 -1492.9 18.3
-4186.3 -1483.0 18.3
-4175.1 -1473.0 18.4
-4175.1 -1453.2 18.5
-5593.5 459.2 17.8
-5601.8 471.6 17.8
-5610.1 484.1 17.9
-5618.4 496.6 18.0
-5626.7 509.1 18.2
-5633.0 522.7 18.4
-5643.5 545.2 18.8
-5887.9 1142.1 21.4
-5872.9 1142.4 21.6
-5857.9 1142.8 21.8
-5842.9 1143.1 21.9
-5827.9 1143.5 22.1
-5812.9 1143.8 22.3
-5792.5 1144.2 22.4
-5759.8 288.9 15.3
-5767.1 301.9 15.1
-5775.5 314.3 14.9
-5783.9 326.8 14.8
-5792.3 339.2 14.6
-5800.7 351.7 14.4
-5800.4 361.9 14.5
-5787.1 368.9 14.8
-5773.8 375.9 15.0
-5760.5 382.8 15.1
-5746.8 388.5 15.2
-5732.8 393.2 15.3
-5711.4 408.1 15.4
-5730.2 352.6 14.9
-5722.5 339.7 14.7
-5714.8 326.9 14.7
-5707.1 314.0 14.9
-5699.3 301.2 15.1
-5686.3 279.5 15.4
6556.6 -6735.2 34.6
6524.6 -6576.3 35.3
6544.7 -6555.6 35.2
6512.8 -6551.6 35.2
6530.6 -6541.7 35.2
6398.4 -6505.3 35.5
6389.4 -6493.3 35.6
6371.3 -6469.3 35.6
6362.3 -6457.3 35.6
6353.3 -6445.3 35.5
6344.3 -6433.3 35.4
6582.8 -7308.8 32.3
6595.2 -7305.8 32.0
6605.2 -7302.7 31.7
6614.9 -7294.2 31.4
6624.1 -7285.3 31.4
4079.8 2995.8 57.1
4062.1 3008.8 56.4
4080.1 2032.3 63.6
4072.7 2045.3 63.4
4065.4 2058.4 63.2
3662.1 3504.6 53.6
3668.8 3491.1 53.3
3675.5 3477.7 53.0
3682.2 3464.3 52.7
3692.0 3444.5 52.2
427.9 7015.1 55.5
446.1 7033.4 55.6
472.4 7040.8 55.6
468.9 7051.1 55.7
460.6 7070.9 55.9
1594.0 -7144.5 33.3
1606.0 -7135.5 32.9
1618.0 -7126.5 32.5
1630.0 -7117.5 32.3
1644.9 -7106.2 32.4
1390.1 -6706.1 29.0
1397.0 -6709.1 29.1
1640.1 -7308.9 36.3
1673.9 -7283.9 35.3
1690.6 -7299.3 35.6
1689.8 -7300.2 35.6
1688.1 -7302.1 35.7
1676.9 -7314.4 36.1
-5503.8 365.5 16.6
-5500.6 380.2 16.9
-5497.4 394.8 17.3
-5489.9 407.7 17.6
-5479.7 418.5 17.9
-5468.5 428.6 18.2
-5457.4 438.6 18.8
-5438.2 456.0 19.6
-5043.0 -8.1 18.0
-5057.0 -13.7 18.0
-5070.9 -19.3 18.0
-5084.8 -24.9 18.0
-5098.7 -30.5 18.0
-5112.8 -36.1 18.0
-5118.5 -21.3 17.9
-5132.2 -27.2 17.9
-5146.0 -33.2 17.8
-5159.8 -39.1 17.8
-5173.5 -45.0 17.8
-5187.3 -51.0 17.8
-5201.1 -56.9 17.8
-5214.9 -62.9 17.8
-5220.4 -49.9 17.7
-5225.8 -34.9 17.6
-5141.4 -207.8 17.1
-5134.6 -221.2 17.3
-5123.8 -231.3 17.4
-5109.1 -231.9 17.3
-5094.1 -231.5 17.3
-5079.2 -231.2 17.3
-5064.2 -230.8 17.3
-5049.2 -230.4 17.3
-5034.2 -230.1 17.2
-5019.2 -229.7 17.2
-5015.0 -216.6 17.3
-5012.1 -201.9 17.1
-5009.0 -185.9 17.2
-4878.5 -325.9 19.4
-4890.5 -335.0 19.2
-4902.5 -344.0 19.1
-4914.4 -353.0 18.7
-4926.4 -362.1 18.3
-4938.4 -371.1 18.0
-4950.4 -380.1 17.4
-4962.8 -388.2 16.7
-4979.5 -392.6 16.0
-5291.8 133.3 16.8
-5300.4 145.6 16.7
-5309.1 157.8 16.6
-5317.8 170.0 16.5
-5309.4 180.6 16.5
-5298.5 190.9 16.5
-5287.6 201.2 16.5
-5276.7 211.5 16.5
-5265.8 221.9 16.5
-5245.2 241.3 16.6
1551.9 -7411.8 37.6
1544.6 -7398.7 37.3
1537.3 -7385.6 37.0
1530.0 -7372.5 36.7
1522.7 -7359.4 36.4
1515.4 -7346.2 36.2
1508.1 -7333.1 35.9
1500.8 -7320.0 35.7
1493.5 -7306.9 35.5
1479.7 -7282.2 35.0
1600.1 -7372.4 37.2
1592.8 -7359.3 36.9
1585.5 -7346.1 36.6
1578.3 -7333.0 36.3
1571.0 -7319.9 36.0
1563.7 -7306.8 35.8
1556.5 -7293.7 35.5
1549.2 -7280.5 35.3
1537.7 -7259.8 34.9
-5156.8 -445.6 15.9
-5146.4 -434.8 16.0
-5135.3 -424.6 16.2
-5124.1 -414.7 16.3
-5112.8 -404.8 16.5
-5094.8 -388.9 16.2
-3506.7 -7.7 32.4
-3521.7 -9.3 32.3
-3536.6 -10.8 32.2
-3551.5 -12.3 32.0
-3566.4 -14.1 31.9
-3581.1 -17.3 31.8
-3595.7 -20.4 31.7
-3610.4 -23.6 31.6
-3625.0 -26.7 31.5
-3639.7 -29.9 31.4
-3654.4 -33.1 31.2
-3669.0 -36.2 31.1
-3669.3 -50.4 31.4
-3668.5 -65.4 31.7
-3667.6 -83.6 32.1
-3668.9 -58.3 31.6
-3683.9 -57.8 31.4
-3698.9 -57.4 31.2
-3713.8 -56.9 31.0
-3728.8 -56.4 30.9
-3743.8 -56.0 30.7
-3758.8 -55.5 30.5
-3773.8 -55.0 30.3
-3788.8 -54.6 30.2
-3803.8 -54.1 30.1
-3818.8 -53.6 29.9
-3833.8 -53.2 29.8
-3848.8 -52.7 29.7
-3863.8 -52.3 29.5
-3878.8 -51.8 29.4
-3893.8 -51.3 29.3
-3908.8 -50.9 29.2
-3923.7 -50.4 29.2
-3951.4 -49.5 29.1
3952.2 -912.4 40.4
3947.6 -898.1 40.5
3943.1 -883.8 40.6
3936.5 -863.1 40.7
6022.7 -6496.5 35.4
6886.9 -3986.7 48.8
6896.1 -3961.1 49.1
6644.9 -3868.6 54.9
6659.0 -3873.8 54.5
6673.1 -3879.0 54.1
6687.3 -3883.6 53.9
6701.8 -3887.4 53.7
6716.3 -3891.2 53.6
6730.9 -3895.1 53.5
6745.4 -3898.9 53.3
6759.9 -3902.7 53.2
6774.4 -3906.5 53.1
6788.9 -3910.3 52.7
6808.9 -3915.6 52.0
6642.8 -3879.5 54.9
6656.6 -3885.3 54.5
6670.4 -3891.1 54.0
6684.2 -3897.0 53.6
6698.0 -3902.8 53.4
6712.0 -3908.2 53.3
6726.3 -3912.7 53.1
6740.6 -3917.2 53.0
6755.1 -3920.9 52.8
6770.0 -3922.8 52.8
6784.9 -3924.6 52.5
6807.1 -3927.4 51.8
6627.6 -3670.9 58.5
6632.1 -3656.7 59.4
6636.7 -3642.4 59.1
6641.3 -3628.1 58.7
6646.1 -3613.9 58.4
6651.4 -3599.8 58.0
6656.6 -3585.8 57.6
6661.8 -3571.7 57.3
6668.7 -3553.4 56.8
5967.1 -5294.4 52.5
5979.1 -5316.4 51.9
6057.5 -5562.5 45.0
6053.4 -5548.0 45.5
6049.3 -5533.6 45.9
6045.2 -5519.2 46.4
6041.1 -5504.8 46.9
6037.0 -5490.3 47.4
6027.6 -5499.1 47.2
6017.8 -5510.4 46.9
6007.9 -5521.7 46.7
5998.0 -5533.0 46.4
5979.6 -5554.0 45.7
5938.9 -5503.9 47.7
5947.0 -5491.3 48.0
5955.0 -5478.6 48.3
5963.1 -5466.0 48.6
5956.8 -5455.4 49.0
5945.4 -5445.6 49.4
5934.1 -5435.7 49.8
5923.8 -5435.9 49.8
5914.9 -5447.9 49.5
5898.7 -5469.7 49.0
622.8 8629.9 50.1
628.9 8634.0 50.0
674.6 8659.2 49.1
943.1 7929.7 62.7
952.1 7941.6 62.4
960.5 7954.1 62.1
968.6 7966.7 61.9
976.8 7979.3 61.6
979.5 7993.8 61.3
976.5 8007.9 61.1
970.0 8021.4 60.8
962.5 8034.4 60.6
954.7 8047.2 60.2
946.8 8060.0 59.8
938.9 8072.7 59.4
931.5 8085.7 59.0
925.9 8099.6 58.5
920.3 8113.5 58.0
911.3 8135.9 57.4
-2827.8 -3102.8 26.0
-2814.6 -3104.4 26.4
6332.5 7749.5 78.3
6338.3 7763.4 78.3
6344.1 7777.2 78.4
6348.0 7791.5 78.4
6349.5 7806.4 78.5
6349.2 7821.4 78.5
6348.3 7836.4 78.7
6347.3 7851.3 78.9
6345.8 7866.2 79.1
6342.9 7880.9 79.2
6339.9 7895.7 79.4
6337.0 7910.4 78.9
6335.0 7925.2 78.4
6333.3 7940.1 78.0
6324.5 7951.7 77.5
6314.1 7962.5 77.1
6303.7 7973.3 76.7
6294.0 7970.9 76.6
6284.9 7959.0 76.9
6275.7 7947.1 77.2
6266.6 7935.2 77.5
6257.4 7923.4 77.8
6248.3 7911.5 78.1
6239.1 7899.6 78.4
6230.0 7887.7 78.7
6220.8 7875.8 79.0
6211.7 7863.9 79.2
6202.3 7851.7 79.1
6246.3 7762.3 79.6
6261.2 7760.3 79.4
6276.0 7758.3 79.1
6290.9 7756.3 78.8
6305.8 7754.3 78.5
6320.6 7752.2 78.2
6335.3 7748.9 78.3
6349.9 7745.6 78.5
6364.8 7743.9 78.6
6377.9 7750.0 78.7
6390.6 7758.0 78.8
6403.3 7766.0 78.9
6416.0 7774.0 79.0
6428.6 7782.0 79.1
6441.3 7790.0 79.2
6454.0 7798.1 79.3
6455.6 7807.1 79.4
6444.6 7817.3 79.3
6433.6 7827.5 79.2
6415.2 7844.6 79.1
6358.8 7644.5 79.5
6360.1 7629.6 79.6
6361.4 7614.7 79.7
6362.7 7599.7 79.8
6364.0 7584.8 79.8
6365.4 7569.8 79.9
6366.7 7554.9 80.0
6368.0 7539.9 80.0
6369.3 7525.0 80.1
6370.6 7510.1 80.2
6371.9 7495.1 80.4
6372.8 7480.2 80.6
6371.8 7465.2 80.9
6370.8 7450.2 81.1
6369.7 7435.3 81.4
6368.7 7420.3 81.7
6367.7 7405.3 82.0
6366.1 7390.4 82.4
6364.0 7375.6 82.7
6361.9 7360.7 83.0
6359.8 7345.9 83.3
6357.7 7331.0 83.6
6355.7 7316.2 83.7
6353.6 7301.3 84.1
6351.5 7286.5 84.5
6349.4 7271.6 85.0
6347.3 7256.7 85.4
6343.9 7232.1 86.1
6352.3 7418.7 82.2
6352.7 7433.7 82.0
6353.0 7448.7 81.7
6353.3 7463.7 81.5
6353.6 7478.7 81.3
6353.9 7493.7 81.0
6354.2 7508.7 80.8
6354.0 7523.7 80.6
6353.8 7538.7 80.5
6353.5 7553.7 80.4
6353.0 7568.7 80.3
6352.4 7583.7 80.2
6351.8 7598.7 80.1
6351.2 7613.6 80.0
6350.0 7628.6 80.0
6348.6 7643.5 79.9
6347.2 7658.5 79.8
6345.4 7673.4 79.8
6343.7 7688.3 79.5
6341.8 7703.1 79.1
6338.0 7723.0 78.7
6317.9 7269.2 87.0
6321.9 7283.7 86.5
6326.0 7298.1 86.0
6330.0 7312.6 85.4
6334.0 7327.0 84.6
6338.1 7341.5 83.9
6342.1 7355.9 83.5
6349.4 7382.1 82.9
6051.2 7638.3 87.8
6064.9 7632.2 87.7
6078.6 7626.0 87.5
6092.3 7619.9 87.4
6106.0 7613.8 87.3
6119.7 7607.7 87.1
6133.4 7601.5 87.0
6147.1 7595.4 86.9
6153.5 7585.9 87.0
6149.6 7571.4 87.4
6145.6 7556.9 87.6
6141.7 7542.4 87.9
6137.8 7528.0 88.1
6133.8 7513.5 88.3
6127.8 7499.9 88.7
6120.4 7486.8 89.1
6113.1 7473.7 89.5
6105.7 7460.6 89.9
6095.3 7449.9 90.4
6084.6 7439.4 91.3
6074.0 7428.8 92.7
6063.3 7418.2 94.2
6044.3 7399.3 97.2
6024.2 7632.2 88.6
6012.5 7641.5 88.6
6000.7 7650.9 88.6
5989.0 7660.3 88.6
5992.6 7671.7 88.2
6001.5 7683.7 87.6
6010.4 7695.8 87.0
6019.3 7707.9 86.5
6028.2 7719.9 85.9
6037.1 7732.0 85.3
6046.0 7744.1 84.8
6053.0 7755.9 84.3
6040.9 7764.7 84.3
6028.8 7773.5 84.3
6004.6 7791.2 84.4
7063.0 7232.5 86.7
7051.1 7241.6 86.6
7039.2 7250.7 86.6
7027.2 7259.8 86.5
7017.8 7271.4 87.0
7008.6 7283.2 87.4
6999.3 7295.0 87.4
6990.2 7307.0 87.0
6981.4 7319.1 86.6
6972.5 7331.2 86.2
6963.6 7343.3 85.8
6954.8 7355.4 85.3
6946.5 7367.9 85.3
6938.3 7380.4 85.2
6925.7 7399.9 85.0
-3375.5 -6318.0 27.2
-3364.0 -6308.4 27.3
-3354.0 -6319.5 27.6
-3344.0 -6330.7 27.8
-3334.0 -6341.9 28.1
-3324.0 -6353.1 28.4
-3314.0 -6364.3 28.7
-3313.1 -6375.5 28.9
-3323.0 -6386.8 28.4
-3335.6 -6401.2 27.5
-3381.5 -6323.1 27.2
-3401.3 -6339.4 27.0
-3340.3 -6299.2 27.6
-3321.2 -6320.7 28.1
-3306.5 -6368.8 28.9
-3296.7 -6361.0 28.9
-3290.8 -6355.5 28.8
-3274.4 -6343.4 28.8
-3383.3 -6228.2 26.9
-3379.3 -6233.9 26.9
-3346.0 -6210.7 27.3
-3359.2 -6193.0 27.4
-3390.6 -6216.4 26.8
-3359.5 -6192.1 27.4
-3370.2 -6177.0 27.2
-3384.8 -6185.5 27.0
-3402.5 -6199.3 26.7
-3397.3 -6169.8 26.8
-3413.8 -6181.8 26.6
-3418.7 -6188.9 26.5
-3431.1 -6170.1 26.2
-3421.4 -6173.2 26.5
-3420.5 -6174.0 26.5
-3414.0 -6169.8 26.6
-3425.2 -6167.3 26.3
-3428.4 -6162.6 26.2
-3438.2 -6129.1 26.1
-3435.5 -6120.2 26.2
-3404.9 -6129.6 26.7
-3385.7 -6156.5 27.1
-3421.5 -6091.1 26.7
-3428.9 -6093.2 26.5
-3422.3 -6066.5 27.0
-3444.6 -6091.1 26.1
-3437.3 -6063.6 26.7
-3434.3 -6056.4 27.0
-3431.5 -6044.9 27.2
-3421.7 -6059.4 27.1
-3414.0 -6028.9 27.3
-3355.7 -5897.8 27.0
-3328.6 -5901.2 27.2
-3318.8 -5672.5 26.0
-3300.4 -5675.9 26.1
-3432.2 -6170.3 26.2
-3443.2 -6173.1 26.0
-3493.4 -6141.2 25.2
-3466.6 -6139.5 25.6
-3483.1 -6208.5 25.9
-3482.6 -6211.3 25.9
-3481.0 -6213.7 25.9
-3479.7 -6215.5 26.0
-3432.1 -6475.4 26.4
-3425.8 -6495.2 26.1
-3461.0 -6469.4 26.4
-3449.0 -6482.1 26.2
-3435.4 -6493.8 26.2
-3427.1 -6501.4 26.2
-3424.4 -6500.8 26.2
-3421.6 -6508.0 26.2
-3421.3 -6509.0 26.2
-3421.6 -6513.4 26.2
-3422.3 -6518.4 26.1
-3425.4 -6523.6 26.0
-3427.5 -6527.3 26.0
-3449.0 -6546.6 25.6
-3452.4 -6548.6 25.6
-3455.4 -6550.3 25.5
-3460.1 -6549.4 25.5
-3475.2 -6561.5 25.1
-3472.4 -6565.1 25.1
-3466.2 -6560.4 25.2
-3463.8 -6557.5 25.3
-3464.2 -6553.5 25.4
-3517.7 -6592.9 24.4
-3538.4 -6596.1 24.7
-3497.4 -6583.8 24.5
-3507.9 -6569.2 24.8
-3519.1 -6556.7 25.0
-3528.9 -6548.4 25.2
-3536.6 -6541.5 25.3
-3538.3 -6537.5 25.4
-3541.4 -6536.7 25.4
-3541.0 -6532.9 25.5
-3536.9 -6532.3 25.5
-3531.7 -6540.0 25.4
-3529.9 -6542.7 25.3
-3522.9 -6547.5 25.2
-3517.6 -6552.4 25.1
-3508.6 -6562.0 25.0
-3498.5 -6574.7 24.7
-3493.2 -6582.1 24.5
-3507.6 -6399.9 25.8
-3501.0 -6407.9 26.0
-3604.0 -6441.7 26.2
-3581.9 -6436.5 26.3
-3570.3 -6432.1 26.2
-3550.0 -6426.1 26.1
-3546.0 -6425.8 26.1
-3537.2 -6427.9 26.2
-3544.1 -6463.3 26.4
-3602.4 -6485.0 25.8
-3588.0 -6480.9 25.9
-3573.5 -6477.0 26.1
-3558.9 -6473.5 26.2
-3544.0 -6469.9 26.3
-3531.2 -6496.1 26.0
-3540.3 -6528.7 25.6
-3600.0 -6619.0 27.7
-3589.1 -6614.0 27.1
-3617.1 -6598.3 27.3
-3604.6 -6621.6 27.9
-3606.4 -6634.7 28.7
-3581.8 -6621.6 27.2
-3581.1 -6622.6 27.3
-3555.4 -6652.7 27.0
-3547.7 -6655.0 26.6
-3557.2 -6667.3 27.7
-3530.1 -6639.4 25.1
-3509.9 -6657.6 24.7
-3526.1 -6671.4 25.9
-3615.7 -6701.4 32.3
-3621.5 -6696.3 32.3
-3664.9 -6846.2 36.9
-3647.5 -6863.0 36.3
-3648.2 -6872.2 36.5
-3662.8 -6897.4 37.7
-3723.8 -6918.2 39.0
-3712.1 -6925.5 38.8
-3721.7 -6942.1 39.0
-3704.7 -6952.9 39.6
-3683.4 -6986.3 39.6
-3688.4 -7000.4 39.4
-3697.0 -7025.1 39.1
-3656.0 -7018.8 38.4
-3638.8 -7038.9 37.7
-3709.0 -7030.0 39.2
-3699.6 -7035.8 38.9
-3702.3 -7043.4 38.8
-3683.4 -6986.3 39.6
-3683.5 -6984.6 39.6
-3690.5 -6979.6 39.8
-3682.7 -6983.1 39.5
-3680.9 -6981.8 39.4
-3719.1 -7028.4 39.4
-3708.7 -7043.3 38.9
-3706.4 -7047.1 38.8
-3707.4 -7052.3 38.8
-3711.1 -7060.0 38.9
-3718.4 -7077.6 39.1
-3781.9 -7080.1 38.8
-3828.4 -7088.3 37.5
-3844.2 -7076.3 37.5
-3859.9 -7089.0 37.2
-3850.7 -7077.2 37.4
-3841.6 -7065.3 37.7
-3832.5 -7053.3 38.0
-3823.4 -7041.4 38.3
-3813.3 -7028.0 38.6
-3790.2 -6998.3 39.0
-3784.9 -6992.1 39.0
-3775.0 -6976.7 39.0
-3766.3 -6964.4 39.0
-3764.9 -6963.2 39.1
-3759.4 -6956.0 39.1
-3768.0 -6960.4 38.9
-3772.2 -6954.2 38.6
-4026.7 -6976.5 31.0
-4033.6 -6997.0 31.3
-4035.0 -7000.3 31.4
-4048.7 -7037.1 32.0
-4043.3 -7040.3 32.2
-4042.5 -7041.6 32.2
-4036.2 -7040.6 32.4
-4027.6 -7045.3 32.7
-4020.0 -6982.0 31.3
-4004.8 -6995.4 32.1
-3926.5 -7236.4 37.0
-3927.7 -7236.2 36.9
-3938.1 -7249.3 37.1
-3928.0 -7256.8 37.8
-3939.0 -7252.8 37.2
-3922.3 -7286.4 38.2
-3957.8 -7274.3 36.8
-3954.8 -7280.4 36.9
-3949.0 -7284.2 37.1
-3937.3 -7290.8 37.6
-3929.5 -7297.0 37.9
-3925.9 -7292.1 38.0
-3953.9 -7393.8 35.0
-3946.9 -7396.8 35.1
-3941.7 -7399.4 35.2
-3932.6 -7406.0 35.4
-3936.9 -7392.4 35.3
-3919.4 -7407.5 35.6
-3909.0 -7416.9 35.8
-4000.4 -7460.0 34.3
-4009.6 -7487.9 34.6
-4027.2 -7477.0 34.6
-4023.8 -7469.8 34.5
-4070.8 -7645.7 38.1
-4064.4 -7643.1 37.7
-4061.1 -7641.7 37.5
-4045.3 -7635.5 36.6
-4078.0 -7656.3 38.9
-4079.3 -7654.9 38.9
-4093.2 -7659.6 39.6
-4100.9 -7612.3 37.5
-4105.7 -7630.3 38.5
-4118.8 -7614.0 37.8
-4132.0 -7635.0 38.8
-4124.2 -7653.1 39.6
-4138.7 -7653.4 39.6
-4144.4 -7652.9 39.6
-4152.0 -7661.7 40.0
-4209.8 -7683.7 40.9
-4199.7 -7675.0 40.6
-4210.7 -7676.1 40.6
-4209.1 -7673.3 40.5
-4242.4 -7676.9 40.6
-4254.7 -7678.4 40.6
-4244.2 -7692.3 41.2
-4205.2 -7715.1 42.1
-4209.1 -7720.7 42.3
-4212.2 -7725.0 42.5
-4215.0 -7729.9 42.7
-4226.4 -7721.1 42.3
-4318.7 -8085.9 40.0
-4331.2 -8114.7 40.1
-4370.2 -8062.6 39.1
-4390.7 -8055.1 38.8
-4423.1 -8041.6 38.3
-4431.0 -8054.4 38.1
-4444.9 -8077.1 37.9
-4450.4 -8083.1 37.8
-4457.3 -8096.0 37.6
-4463.2 -8102.3 37.5
-4466.4 -8108.5 37.5
-4454.5 -8118.3 37.7
-4426.5 -8137.7 38.4
-4418.6 -8141.7 38.6
-4725.5 -8489.4 38.9
-4731.0 -8484.1 38.8
-4739.8 -8472.0 38.5
-4746.4 -8465.6 38.3
-4754.7 -8456.5 38.1
-4760.5 -8450.9 37.9
-4993.3 -8585.2 36.0
-4989.2 -8623.1 37.4
-4980.3 -8639.9 37.9
-4970.3 -8651.1 38.4
-4960.2 -8662.2 38.9
-4950.2 -8673.3 39.4
-4940.1 -8684.5 39.6
-4930.5 -8695.9 39.8
-4921.1 -8707.7 40.0
-4911.8 -8719.4 40.3
-4895.1 -8740.4 41.1
-4804.7 -8771.3 43.6
-4797.3 -8758.3 43.6
-4789.9 -8745.2 43.5
-4782.5 -8732.2 43.5
-4775.4 -8718.9 43.5
-4768.7 -8705.5 43.5
-4761.6 -8691.3 43.9
-5085.5 -8057.7 28.2
-5077.2 -8034.7 28.1
-5074.3 -8015.4 28.2
-5075.5 -7982.1 28.4
-5078.7 -7965.2 28.5
-5075.5 -7775.6 29.8
-5066.7 -7763.5 30.0
-5054.5 -7769.1 30.0
-5041.9 -7777.1 30.1
-5029.3 -7785.2 30.2
-5016.6 -7793.3 30.5
-5004.0 -7801.5 30.8
-4991.6 -7809.9 30.4
-4979.2 -7818.3 29.9
-4966.8 -7826.7 30.0
-4954.3 -7835.1 30.1
-4941.3 -7843.9 30.3
-4913.9 -7915.5 30.6
-4903.0 -7905.2 30.8
-4892.1 -7894.9 30.9
-4881.2 -7884.6 31.1
-4863.5 -7867.9 31.2
-4456.1 -7316.6 29.5
-4457.0 -7301.6 29.0
-4457.9 -7286.6 28.5
-4459.1 -7266.9 28.0
-4449.8 -7218.0 26.9
-4446.2 -7232.5 27.2
-4442.5 -7247.1 27.4
-4438.8 -7261.6 27.7
-4435.4 -7276.2 27.9
-4432.8 -7291.0 28.3
-4431.1 -7305.8 28.8
-4431.1 -7320.8 29.4
-4431.1 -7335.8 30.0
-4430.2 -7350.8 30.6
-4413.0 -7347.4 30.3
-4130.4 -6171.0 35.6
-4116.6 -6203.3 33.9
-4110.2 -6213.2 32.9
-4120.5 -6217.7 33.9
-4123.1 -6214.6 34.3
-4124.4 -6209.8 34.6
-4133.2 -6201.5 35.8
-3851.3 -6569.9 29.1
-3844.7 -6583.4 29.9
-3838.1 -6596.9 30.7
-3839.4 -6608.4 31.3
-3852.0 -6617.6 31.5
-3885.3 -6532.6 26.6
-3875.1 -6543.7 27.2
-3865.0 -6554.7 28.0
-3853.6 -6567.2 28.9
-225.7 -960.2 25.6
-236.5 -970.7 25.4
-247.3 -981.1 24.9
-258.1 -991.5 24.6
-270.7 -1003.7 24.3
3462.7 262.9 41.8
3450.9 272.2 41.8
3430.3 288.4 41.9
-1999.9 -2766.9 22.5
-2023.6 -2772.7 22.9
-1967.4 -2751.6 21.6
-1995.1 -2756.5 22.0
-2011.9 -2751.7 21.9
-2038.6 -2750.4 21.9
-2008.5 -2739.1 21.3
-2022.2 -2738.0 21.3
-2081.9 -2738.9 21.6
-2023.9 -2719.4 21.0
-2069.3 -2719.4 21.6
-1984.6 -2704.3 20.6
-2022.2 -2703.7 21.1
-2067.6 -2705.5 21.6
-1934.4 -2696.1 20.0
-1950.7 -2691.6 20.2
-1966.0 -2677.4 20.5
-1978.2 -2675.0 20.7
-2061.1 -2676.4 21.7
-1969.9 -2663.7 20.6
-2016.0 -2659.8 21.3
-2023.0 -2659.6 21.4
-1936.9 -2643.2 20.3
-1949.3 -2651.6 20.4
-1966.7 -2647.3 20.6
-1982.1 -2652.6 20.8
-2015.9 -2651.6 21.3
-1968.5 -2636.1 20.8
-2055.9 -2637.4 21.9
-2067.0 -2628.2 22.1
-1895.1 -2614.3 21.7
-1937.4 -2616.1 20.8
-1946.4 -2616.6 20.9
-1967.9 -2620.1 21.1
-1977.5 -2621.8 21.2
-2057.6 -2621.1 22.1
-2097.2 -2614.7 22.6
-1933.9 -2601.8 21.4
-1950.6 -2602.6 21.1
-1996.8 -2599.1 21.7
-2007.8 -2602.3 21.8
-2059.9 -2600.2 22.5
-2068.8 -2606.0 22.5
-2100.4 -2599.3 22.7
-1926.1 -2584.5 22.6
-1931.5 -2584.3 22.5
-1955.6 -2589.8 21.6
-1969.4 -2584.5 21.6
-2000.0 -2592.0 21.9
-2014.5 -2590.9 22.1
-2051.5 -2590.8 22.5
-1955.9 -2576.3 22.4
-2012.4 -2575.0 22.3
-1979.3 -2555.9 23.0
-2260.0 -3282.2 41.6
-2269.4 -3267.0 41.7
-2313.8 -3269.6 41.3
-2351.3 -3270.2 40.8
-2232.3 -3254.3 40.5
-2240.9 -3255.0 40.7
-2289.6 -3254.5 42.0
-2242.4 -3244.1 40.7
-2320.3 -3238.9 41.3
-2332.1 -3237.1 40.9
-2382.9 -3236.2 42.1
-2245.9 -3193.2 40.5
-2253.5 -3197.7 40.7
-2162.1 -2611.8 23.1
-2152.0 -2595.3 23.1
-2102.1 -2544.1 23.3
-2105.4 -2534.4 23.4
-2130.7 -2530.4 23.6
-2177.9 -2532.9 23.9
-2120.8 -2515.3 23.8
-2136.7 -2513.6 23.8
-2181.5 -2518.9 24.0
-2076.9 -2505.3 24.6
-2105.5 -2500.5 24.7
-2165.1 -2504.6 24.2
-2180.4 -2502.0 24.2
-2062.0 -2489.2 25.6
-2087.4 -2487.5 25.4
-2164.6 -2484.5 25.2
-2063.8 -2473.5 26.5
-2077.9 -2475.9 26.2
-2108.2 -2473.5 26.0
-2107.4 -2463.2 26.6
-2118.9 -2455.5 26.9
-2076.9 -2445.2 28.0
-2108.6 -2440.1 27.9
-2046.9 -2429.2 28.9
-2063.0 -2433.2 29.0
-2016.8 -2409.6 28.8
-1989.8 -2400.7 28.6
-2061.1 -2403.1 29.7
-2093.0 -2400.8 30.2
-2028.0 -2387.7 29.4
-2041.3 -2386.9 29.7
-2079.1 -2383.3 30.3
-2093.2 -2386.0 30.5
-1836.3 -2340.5 24.4
-1875.2 -2337.1 26.1
-1832.1 -2328.1 24.5
-1861.7 -2329.8 25.7
-1816.3 -2314.6 24.0
-1875.9 -2315.8 26.5
-1813.1 -2292.6 23.9
-1861.1 -2297.6 26.3
-1818.8 -2281.6 24.2
-1873.4 -2283.7 27.0
-1829.3 -2269.1 24.8
-1843.6 -2267.9 25.6
-1865.7 -2271.1 26.7
-1849.6 -2235.9 25.5
-1873.2 -2236.0 26.8
-75.7 -945.0 28.2
-47.6 -926.7 28.5
-58.3 -928.1 28.3
-2975.3 4449.7 37.7
-2942.5 4472.2 37.7
4349.9 3385.6 59.0
4070.0 -5999.2 26.5
4128.5 -5978.6 25.3
-3066.1 -6853.8 28.0
-3086.9 -6855.4 27.9
-3103.6 -6855.9 27.9
-3005.8 -6839.1 29.1
-3013.0 -6829.6 29.2
-3024.4 -6824.2 29.2
-3068.8 -6821.4 28.8
-3082.5 -6823.8 28.6
-3050.0 -6793.9 30.1
169.8 -3819.5 26.0
-5012.1 -5251.1 34.8
-4982.3 -5224.1 33.3
-5008.6 -5219.0 34.4
-4982.0 -5205.6 33.1
-4961.8 -5190.3 32.2
-4983.0 -5196.1 33.1
1378.5 4260.6 48.9
696.8 2714.8 46.0
694.7 2755.0 46.3
682.5 2759.7 46.5
690.8 2772.7 46.4
696.9 2804.2 46.5
667.3 2817.4 47.0
680.2 2829.5 46.9
679.3 2852.0 46.9
706.3 2862.7 46.4
698.2 2867.7 46.5
707.3 2880.3 46.2
685.3 2874.5 46.5
707.7 2894.0 46.0
707.1 2911.6 45.7
697.0 2905.5 45.9
682.5 2920.8 46.0
721.1 2939.3 45.6
766.9 2953.5 45.8
757.1 2956.8 45.8
752.8 2968.1 46.0
728.7 2971.8 45.9
708.0 3002.0 46.5
