-2829.4 -7005.1 27.5
-2998.8 -7064.5 23.2
-3009.6 -7092.5 23.4
-3040.4 -7193.9 23.3
-3025.0 -7245.0 23.6
-3026.7 -7127.8 23.5
-2977.2 -7038.0 23.4
-2979.5 -7043.4 23.4
-2980.6 -7046.4 23.4
-4600.4 -7281.8 25.0
-6022.6 -7611.3 20.9
-6005.3 -7585.1 20.8
-6000.4 -7575.3 20.7
-264.4 -7345.3 18.4
-1133.5 -3890.2 20.8
-3489.7 -6441.4 26.4
-4951.5 -4082.1 16.6
4753.2 -6291.6 26.8
4188.4 -5567.8 22.8
1846.1 -6380.1 20.6
4821.1 -5775.6 25.3
4852.1 -6276.8 26.3
5565.7 -5368.9 24.0
-4897.6 -3774.5 15.3
-5033.3 3358.9 15.9
-5961.1 -7610.5 21.8
-3459.7 -6434.2 25.7
-3469.5 -6436.4 26.0
-3487.4 -6406.0 26.4
-3467.1 -6401.4 25.8
-3474.8 -6368.6 26.0
-3494.4 -6373.1 26.6
-3517.5 -6361.3 27.3
-3507.7 -6359.2 27.0
-3488.2 -6354.5 26.4
-3422.1 -6373.9 24.5
-3432.2 -6376.3 24.8
-3461.6 -6382.7 25.7
-3418.5 -6390.3 24.4
-3424.5 -6409.1 24.6
-3422.5 -6460.3 25.9
-3430.6 -6518.5 25.9
-2973.2 -6131.3 19.8
-3039.9 -7204.3 23.3
-2691.8 -6230.8 20.4
-6074.0 -6393.3 17.5
4711.0 -7207.4 28.6
5607.0 -5324.0 23.4
5716.9 -5202.8 22.1
-970.3 -4204.7 16.7
-2938.5 -6161.5 19.8
-2707.6 -6226.6 20.3
-2765.2 -6215.3 20.2
-1255.8 -5813.5 14.3
-1241.9 -5894.2 13.5
-1212.3 -5935.2 13.6
5039.4 -5849.8 25.1
4997.1 -6145.2 27.2
5027.2 -6068.9 26.2
5243.5 -5804.3 23.5
5256.8 -5816.5 23.4
5072.0 -6052.0 26.2
5027.4 -6040.2 26.7
4933.6 -5945.9 27.2
4850.4 -5855.1 28.2
5044.2 -6177.6 28.0
5014.5 -6134.2 26.7
4869.1 -5724.1 24.2
5129.8 -5649.7 23.0
4910.6 -5780.5 25.7
5042.6 -5674.2 23.8
4880.3 -6571.4 30.0
4916.5 -6468.8 30.0
5060.3 -6457.5 28.9
4892.7 -6713.0 30.1
5323.6 -6802.5 27.9
5123.0 -6833.9 29.8
4892.0 -6750.0 29.4
4875.1 -6796.2 30.1
5176.5 -6578.2 29.4
2586.8 -8643.1 28.1
2572.8 -8537.2 28.9
2588.7 -8453.4 29.8
3252.8 -8279.5 32.1
3246.3 -8234.4 29.6
3232.5 -8622.2 26.8
3225.5 -8589.6 27.2
3286.3 -8760.4 22.7
3280.4 -8823.5 23.8
3272.0 -8194.5 26.5
2466.5 -8251.7 27.8
96.8 -8201.0 21.2
4713.5 -6720.5 29.2
4738.7 -6628.6 30.0
4773.5 -6894.7 29.3
4788.1 -6877.3 30.4
4797.3 -6915.1 30.0
4619.4 -6519.8 28.7
4792.9 -5971.1 27.4
4627.6 -6799.4 27.5
4748.4 -6093.4 26.5
4817.6 -5791.2 26.4
4773.3 -6308.0 26.8
3948.1 -7886.8 23.2
4074.0 -8705.4 27.6
4352.5 -6252.0 26.3
4188.3 -5738.5 23.5
4195.1 -5698.3 24.1
4181.7 -5700.8 23.8
4195.5 -5512.2 22.0
4180.8 -5582.2 22.6
4216.4 -5525.8 22.8
4236.1 -7123.0 25.4
4276.0 -7105.2 25.4
3886.7 -6962.2 22.6
4332.2 -6825.8 24.3
4296.7 -6795.3 24.1
-4706.9 1799.7 10.9
3753.4 -7898.2 21.8
3742.0 -7974.5 21.4
3756.2 -7971.2 21.6
3744.7 -8005.0 21.4
3737.1 -7841.6 21.4
3851.9 -7321.9 23.8
3827.4 -7117.8 22.0
-22.7 -3023.2 19.4
-162.7 -2817.6 19.7
5452.9 444.2 17.9
4464.5 -6193.2 26.3
4447.9 -6859.1 25.2
4439.3 -6901.7 24.9
4443.9 -6898.4 24.9
4799.4 -7396.0 29.8
4808.5 -7353.3 29.8
4731.0 -7193.7 29.0
4997.5 -4899.8 18.4
4970.6 -5477.5 22.8
5233.0 -5163.4 23.4
5670.8 -5252.9 24.6
5677.3 -5245.1 24.1
4511.7 2706.2 33.7
4475.4 2685.0 36.4
-523.3 -4671.2 16.8
-501.5 -4582.3 17.4
-502.1 -4549.2 16.7
2336.3 -4488.1 17.0
2536.3 -4266.7 17.5
-53.2 -5429.8 15.2
2010.9 -6353.3 22.3
1922.1 -6265.8 22.2
1873.4 -6281.3 21.4
1892.5 -6284.9 21.8
1830.9 -6369.7 20.7
2187.7 -6261.7 20.6
1739.2 -6457.0 19.6
1721.1 -6476.5 19.2
2755.6 -7884.5 23.7
2883.4 -7762.2 22.1
3103.3 -7585.6 20.1
2355.3 -7451.8 25.8
2382.6 -7437.8 25.9
2393.2 -7432.1 26.0
2406.5 -7424.8 26.0
3380.3 -7231.5 21.8
3357.5 -7118.7 22.3
3262.0 -6866.5 19.7
3424.5 -7394.5 21.5
3347.4 -7388.4 21.4
3242.5 -6897.3 20.2
3196.6 -7038.9 21.9
3145.6 -7025.9 21.6
2887.8 -7000.7 21.0
2145.9 -6974.3 25.0
2185.4 -7144.8 26.2
2222.3 -7036.6 27.2
2245.3 -6935.4 25.4
2036.8 -6601.5 21.1
-269.5 -3285.5 16.3
-296.0 -3283.4 16.3
-269.6 -3800.1 15.3
98.3 -3248.0 18.1
-3510.8 5692.4 14.4
-5770.8 4992.8 13.1
-5686.6 5106.0 15.2
-4458.6 2717.4 17.4
-4905.1 2648.5 15.5
-4551.7 2802.2 15.0
-4718.0 3013.1 14.5
-4905.9 -3755.1 15.4
-4903.7 -3796.1 15.0
-4949.3 -4049.7 16.1
-5028.2 -4029.6 15.0
-5024.3 -4025.6 15.0
-6460.7 5090.1 16.4
-6055.1 -6734.1 17.3
-6205.1 -6899.1 18.9
-6050.5 -6392.2 17.5
-6009.8 -7589.3 20.8
-3932.3 -7690.6 23.9
-3843.1 -7882.1 26.6
-6058.5 2475.3 9.9
-5985.2 2503.3 10.0
5017.2 -5860.6 25.6
5187.0 -5865.6 25.1
5153.4 -5876.4 25.5
4967.3 -5747.0 24.1
4789.5 -5798.7 26.3
4838.9 -5737.7 24.4
4806.7 -5709.4 24.3
4797.9 -5712.4 24.3
5135.2 -5642.5 22.9
4938.6 -5753.1 24.6
4908.5 -5716.1 24.0
4882.7 -5679.3 24.4
4886.3 -5774.7 26.0
4973.6 -5785.1 24.8
4984.2 -5760.2 24.1
5033.1 -5757.6 24.0
5016.9 -5723.9 24.0
-38.0 -5913.9 17.0
-1295.2 -5873.9 13.3
-1246.7 -5813.8 14.2
-1242.5 -5840.8 13.8
-1228.0 -5917.3 13.5
5040.4 -5835.6 24.9
5028.9 -5846.7 25.2
5047.2 -5828.6 24.6
4820.8 -5812.6 27.9
5200.8 -5849.9 24.6
4957.9 -5845.0 26.4
5730.6 -5944.4 16.8
4733.9 -7337.4 29.0
4737.2 -7406.7 28.9
4699.2 -7383.2 28.3
4714.8 -7359.7 28.7
2311.1 -7373.7 26.5
2310.2 -7475.8 25.7
2321.4 -7470.6 25.7
2332.9 -7464.2 25.7
3407.2 -7554.0 21.2
3454.5 -7559.4 21.2
3495.8 -7556.1 21.2
3494.1 -7582.8 21.2
3833.4 -7356.2 23.2
3421.3 -7388.4 21.3
2823.5 -7839.6 23.3
2980.9 -7856.0 22.7
2997.6 -7838.1 22.4
-3445.2 -6362.0 25.2
-3443.9 -6413.5 25.1
-3450.1 -6432.2 25.4
-3426.8 -6444.1 25.3
-3407.1 -6439.6 24.6
-3472.2 -6471.6 27.2
-3465.9 -6452.8 26.5
-3503.4 -6426.8 26.4
-3507.2 -6410.5 26.8
-3497.2 -6408.1 26.7
-3476.9 -6403.5 26.1
-3470.9 -6385.0 25.9
-3510.4 -6394.0 27.1
-3455.2 -6364.6 25.5
-3435.6 -6359.7 24.9
-3438.2 -6394.4 25.0
-3428.4 -6392.6 24.7
-3434.3 -6411.2 24.9
-3442.6 -6464.9 26.6
-3432.6 -6462.9 26.2
-3410.7 -6423.0 24.4
2117.8 -6622.8 21.4
2105.7 -6592.7 21.4
2129.1 -6652.8 21.9
1713.4 -6513.7 19.0
1718.4 -6519.7 19.1
1713.6 -6531.9 18.7
1789.0 -6528.7 20.1
1791.4 -6572.7 19.6
1833.2 -6545.0 20.2
1878.6 -6535.1 20.6
4874.9 -6565.8 30.0
4903.6 -6539.2 29.8
4990.2 -6503.8 29.0
4583.2 -6616.7 27.1
4525.7 -6545.0 26.7
5072.9 -6556.8 28.5
5083.5 -6556.4 28.5
4844.7 -6541.6 30.2
-2709.6 -6234.0 20.3
-3462.0 -6469.3 27.0
-3479.5 -6438.8 26.2
-3499.6 -6443.3 26.5
-3483.5 -6422.2 26.3
-3501.0 -6391.8 26.8
-3504.0 -6375.5 26.9
-3498.0 -6356.8 26.7
-3469.0 -6350.0 25.9
-3441.7 -6378.4 25.1
-3457.9 -6399.3 25.6
-3448.0 -6396.8 25.3
-3412.9 -6458.3 25.6
-3403.2 -6455.7 25.2
-3420.8 -6425.6 24.6
-3448.6 -6483.5 26.8
-3458.8 -6485.6 26.9
-3468.6 -6487.9 27.1
-3478.4 -6490.1 27.3
-3460.4 -6525.1 26.6
4949.8 -5560.9 23.0
4993.2 -5453.6 23.3
5301.6 -5206.8 22.7
5253.4 -5195.8 23.2
5241.8 -5180.3 23.3
5590.4 -5341.2 23.4
5694.6 -5219.9 22.6
4262.0 -5436.4 22.6
4212.1 -5543.9 23.3
5308.0 -5919.0 24.0
-538.0 -4661.8 16.9
-523.5 -4664.2 16.9
-523.1 -4680.6 16.8
-523.3 -4688.4 16.7
-500.6 -4575.0 17.2
-499.5 -4570.1 17.2
-498.4 -4564.9 17.1
-257.1 -4322.1 16.7
-307.8 -4313.2 15.9
-311.0 -4316.4 15.9
-294.5 -4287.8 15.7
-298.7 -4292.4 15.7
-245.5 -4627.3 16.9
-235.7 -4590.4 17.5
-612.2 -4265.5 14.7
-643.5 -4247.5 15.1
-804.9 -4429.5 15.4
-788.2 -4417.3 15.4
-812.4 -4406.7 15.5
-802.3 -4401.2 15.6
-5055.0 -5796.8 19.2
-4977.5 -5195.0 22.9
-5626.9 -5211.0 13.4
-6201.2 -4964.9 23.6
-6285.3 -4775.0 26.3
-6163.4 -4951.4 22.7
-6268.8 -4990.5 25.1
-5402.1 -4592.2 14.4
-5436.3 -4620.4 14.8
-5456.2 -4657.7 14.6
-5513.7 -4774.0 14.2
-5423.8 -4919.7 16.0
-2839.0 -6194.7 20.0
-2726.4 -6193.6 20.4
-2714.6 -6165.1 21.0
-2716.6 -6172.1 20.8
-2718.0 -6177.4 20.7
-2829.7 -6204.7 20.0
-2841.5 -6205.5 20.0
4845.1 -6159.9 25.8
4753.8 -6154.0 26.0
4986.8 -6118.3 26.5
5032.6 -6085.1 26.1
4884.3 -6192.1 26.5
1903.8 -6204.1 21.7
1899.9 -6190.4 21.6
4787.7 -6077.7 26.7
-3480.8 -6387.2 26.2
-3438.7 -6481.4 26.5
-3417.1 -6441.8 25.0
-3430.5 -6427.7 24.9
-3440.4 -6429.8 25.2
-6053.9 -6764.0 17.4
-6067.2 -6816.7 17.6
-5063.2 -5765.0 18.6
-5048.9 -5777.2 19.2
-2682.6 -6559.9 23.6
-2984.1 -7028.4 23.3
-2970.6 -6133.2 19.8
-2963.2 -6140.2 19.8
-2946.5 -6154.1 19.8
-2956.0 -6173.2 19.7
-2955.0 -6179.2 19.7
-2959.2 -6184.2 19.6
-2975.8 -7035.2 23.4
-2706.0 -6622.6 23.9
-2703.7 -6623.7 23.9
-2619.1 -6674.3 23.6
-2728.9 -6195.6 20.4
-2685.6 -6200.5 20.5
-2948.2 -5965.7 19.3
2962.8 -7849.3 22.8
2599.4 -8639.3 28.3
2339.0 -7304.2 27.6
2328.2 -7015.0 25.2
1726.8 -6556.6 18.6
-573.2 -4581.6 16.6
-535.5 -4681.1 16.8
-501.0 -4596.1 17.5
-363.5 -3868.2 15.3
-945.4 -4187.5 16.8
-1295.2 -5816.9 14.2
3240.7 -7248.0 21.6
3247.9 -8652.1 24.8
3233.6 -8660.5 24.4
3218.7 -8609.7 25.8
-5960.3 -7672.7 21.8
-5252.2 2162.2 10.2
-6045.0 3177.9 14.5
-6265.4 3475.6 9.0
-4933.9 -3684.6 15.8
-4946.7 -3696.4 15.8
-5017.8 -4017.3 14.8
-4863.0 -4092.7 17.7
-3494.2 -4980.6 18.2
-5789.5 -5464.7 16.3
-5353.2 -4324.0 14.0
-374.5 -3271.0 16.4
5021.8 -5867.5 25.6
4840.5 -5950.1 27.5
4950.1 -6123.9 27.0
4816.9 -5703.9 24.3
4780.8 -5768.9 25.0
4951.8 -5506.3 22.8
5664.2 -5261.7 25.2
4190.9 -5837.6 24.1
4159.0 -5767.0 23.0
4760.7 -6636.6 30.4
4713.5 -6668.4 29.2
4953.1 -6527.0 29.3
4781.7 -7339.1 29.6
4795.6 -7336.0 29.8
5172.8 -6579.4 29.4
5082.3 -6668.0 29.8
5089.4 -6656.8 29.8
3428.2 -7402.3 21.5
4255.0 -6751.4 23.9
4397.9 -6950.5 25.1
4848.3 -7390.5 30.3
4844.2 -7417.1 30.2
-2801.3 5652.2 19.6
-2673.4 -6542.0 23.1
-2666.6 -6523.7 22.4
-2943.2 -6167.0 19.7
-2945.6 -6164.1 19.7
-2989.7 -6130.9 19.4
-2948.2 -6171.7 19.7
-2957.8 -6175.7 19.7
-2978.3 -7040.5 23.4
-2704.9 -6623.1 23.9
-2761.1 -6211.3 20.2
-3486.0 -6457.4 26.9
-3464.7 -6366.3 25.7
-2790.0 5648.7 19.7
3283.0 -1347.4 10.7
-5885.5 2467.7 11.6
-4381.2 2833.9 16.8
-4859.0 3343.8 16.0
-5048.4 3304.7 16.5
-6176.9 -4836.4 23.7
-6065.8 -6392.8 17.5
-5889.8 -6026.1 14.1
-6653.1 -6915.5 22.1
-5968.3 -7662.8 21.8
-6149.6 3329.1 9.9
1768.5 -6426.2 20.0
1795.8 -6448.3 20.2
1782.9 -6528.4 20.0
1791.8 -6464.6 20.2
1735.2 -6571.3 18.7
1724.5 -6462.2 19.3
1787.0 -6507.7 20.1
24.1 -6531.2 17.7
-289.2 -7417.8 17.8
-258.7 -7398.5 17.9
-323.1 -7380.4 18.1
2114.5 -7079.0 25.5
2104.3 -7134.7 24.7
2088.1 -7041.8 24.8
1941.9 -7127.5 21.9
2097.8 -7083.7 25.3
2200.9 -7027.2 26.8
2120.7 -6860.0 25.1
2115.6 -6879.1 24.9
2067.3 -6765.4 23.1
2060.1 -6794.4 23.4
2001.5 -6720.3 21.6
-4934.3 -3729.3 15.6
-4915.0 -3761.9 15.3
-4804.0 -3760.0 16.0
-4824.0 -3754.4 16.0
473.9 -6925.4 20.9
465.9 -6862.1 21.0
419.7 -6930.0 21.1
2078.1 -6638.6 21.7
2097.1 -6629.7 21.5
2128.6 -6681.7 22.4
2058.0 -6582.2 21.5
1952.0 -6446.2 22.1
1968.3 -6331.6 22.7
2002.9 -6330.1 22.1
2028.6 -6349.5 22.2
2011.4 -6299.2 21.8
1975.2 -6390.8 22.6
1984.3 -6377.9 22.5
2015.9 -6395.9 22.6
1940.6 -6384.4 22.4
1894.6 -6238.4 21.7
1905.8 -6292.0 22.0
1874.5 -6316.3 21.5
1925.6 -6280.6 22.3
2184.7 -6231.7 20.7
2145.5 -6218.9 20.6
2144.0 -6239.7 20.7
2212.7 -6376.8 21.3
2006.7 -6481.9 22.7
2011.1 -6465.4 22.8
1882.8 -6280.8 21.6
1859.7 -6321.7 21.3
1848.5 -6338.1 21.1
1823.3 -6352.6 20.8
1827.3 -6398.9 20.3
1834.6 -6519.8 20.4
1739.8 -6586.9 18.8
1712.2 -6467.7 19.1
1743.4 -6484.8 19.6
1783.9 -6518.9 20.0
1876.5 -6552.4 20.5
1885.7 -6522.4 20.8
1874.3 -6527.7 20.6
1928.9 -6488.3 21.4
1918.0 -6496.4 21.3
-5985.9 -6131.2 16.4
-3452.1 -6467.1 26.9
-3493.6 -6424.7 26.4
-3473.5 -6420.1 26.0
-3463.6 -6417.8 25.7
4131.5 -6146.7 21.7
2319.0 -7418.3 26.0
2332.1 -7041.9 25.5
2311.8 -6986.6 25.1
2236.2 -7033.5 26.8
2273.1 -6953.3 25.3
2250.2 -6957.3 25.7
2344.1 -7458.2 25.8
2415.2 -7825.9 27.9
2400.0 -8044.2 28.1
2443.7 -8145.7 27.8
2459.5 -8123.5 27.5
2458.9 -8078.5 27.4
2495.6 -8310.7 27.6
2580.4 -8626.6 28.3
2594.4 -8620.3 28.6
2531.1 -8556.2 27.6
2520.9 -8528.3 27.1
2520.3 -8520.7 27.0
2508.3 -8496.6 26.7
2505.7 -8482.0 26.7
2507.6 -8489.6 26.8
2510.8 -8457.9 27.2
2396.9 -8442.6 25.3
2543.7 -8553.7 27.7
2555.1 -8548.0 28.0
2608.3 -8517.5 30.1
2630.5 -8506.1 30.0
2640.0 -8499.7 30.0
2610.2 -8490.2 30.6
2586.1 -8461.0 30.2
2365.3 -7445.7 25.9
2374.7 -7441.8 25.9
2671.6 -8667.9 27.7
2670.3 -8657.7 27.8
2682.4 -8674.2 27.6
2679.8 -8664.7 27.7
2679.2 -8645.0 27.8
2676.0 -8633.6 27.8
2691.9 -8653.3 27.7
109.3 -8223.6 20.8
274.1 -8070.8 20.6
-4975.9 -5208.2 23.0
-158.1 -3402.3 16.6
98.3 -3244.2 18.1
-5840.0 -3081.0 18.7
-26.2 -3062.2 19.1
-4936.2 -3697.1 15.8
-4977.3 -3674.4 15.7
4760.7 -6228.8 26.7
5285.3 -6723.1 28.1
2013.2 -6707.3 21.7
2024.6 -6436.0 22.8
2177.6 -6675.8 22.2
4838.5 -5811.5 27.6
4856.3 -6774.0 30.6
-5980.4 -7588.5 21.2
-5950.1 -7678.4 21.8
6603.2 -295.8 14.4
5692.3 -5230.6 23.1
5685.9 -5238.6 23.7
5646.0 -5282.7 26.0
5638.5 -5287.2 25.5
5633.8 -5295.6 25.2
5625.3 -5303.6 24.6
5613.1 -5317.7 23.8
4492.0 2692.6 35.3
6384.0 -2974.7 21.6
4767.8 -6143.3 25.8
4794.3 -6104.8 26.5
4797.7 -6071.9 26.8
4876.4 -6110.0 26.4
4895.6 -6206.9 26.8
4921.7 -6152.8 27.1
4936.8 -6165.3 27.5
4989.9 -6094.0 26.4
4974.8 -6053.0 26.3
4980.9 -6059.9 26.3
4999.6 -6074.0 26.2
5008.1 -6094.2 26.3
5021.1 -6080.1 26.2
5034.6 -6048.8 26.4
4935.8 -6205.9 27.6
4907.4 -6171.4 26.9
4943.9 -6133.1 27.5
4743.1 -6263.7 26.8
4748.2 -6239.5 26.8
4694.1 -6306.6 27.5
4698.4 -6265.3 27.1
4454.9 -6236.6 27.3
4464.5 -6244.6 27.6
4474.7 -6222.7 27.2
4487.0 -6217.0 27.1
4490.2 -6210.2 27.0
4496.7 -6220.4 27.3
4452.8 -6218.8 26.9
4332.6 -6220.4 26.1
4322.8 -6245.7 25.6
4335.9 -6238.3 26.1
4347.1 -6241.2 26.4
4316.6 -6228.8 25.7
4882.3 -6091.3 26.6
5007.7 -6196.9 29.5
4897.1 -6227.4 26.9
4779.4 -6138.8 25.8
4760.3 -6134.3 25.9
4750.9 -6115.9 26.1
4760.3 -6119.3 26.1
4757.9 -6104.3 26.3
4756.8 -6074.9 26.9
4758.2 -6086.2 26.7
4676.5 -6180.2 27.2
4850.4 -6290.3 26.3
4630.9 -6778.1 27.9
4632.1 -6667.9 27.6
4550.7 -6537.1 27.3
4580.3 -6497.2 27.8
4629.7 -6487.3 28.7
4592.6 -6483.4 28.0
4599.8 -6555.7 28.0
4593.9 -6576.2 27.7
4543.9 -6577.5 26.7
4533.9 -6561.4 26.7
4521.9 -6399.5 27.0
4509.0 -6481.3 26.3
4424.9 -6493.4 24.9
4519.2 -6663.9 25.4
4518.9 -6727.3 25.2
4421.4 -6873.3 24.9
4490.3 -6809.5 25.7
4447.1 -6845.1 25.2
4452.1 -6634.6 24.8
4461.2 -6677.1 24.5
4445.5 -6663.0 24.5
4554.8 -6839.9 26.3
4466.7 -6868.8 25.3
4436.1 -6871.3 25.0
4434.6 -6909.3 25.1
4468.1 -6943.6 24.8
4479.9 -6947.9 24.7
4562.5 -6649.4 26.4
4556.7 -6692.9 25.8
4583.5 -6529.9 27.9
5148.9 -6876.6 29.2
5072.9 -6916.0 29.2
5141.1 -6872.1 29.3
4986.6 -6949.0 29.3
4812.1 -6931.7 30.5
4786.9 -6884.8 30.2
5067.9 -6898.4 29.4
5060.0 -6897.5 29.5
5005.5 -6960.8 29.3
4539.0 -7886.6 29.1
4471.0 -7898.9 28.9
4433.1 -7909.8 28.6
4437.0 -7868.7 28.1
3994.3 -7917.3 24.0
4073.7 -7945.6 25.2
4117.0 -8716.8 28.8
4159.2 -8551.7 26.0
-2833.6 -6249.3 20.4
-2953.1 -6176.9 19.7
4864.9 -7108.4 31.0
4878.5 -7129.1 31.0
4899.0 -7009.1 30.1
4889.7 -7038.4 30.7
4900.6 -7040.0 30.6
4898.8 -7059.5 30.9
4887.7 -7086.0 31.0
4804.8 -7374.9 29.8
4759.0 -7313.5 29.5
4748.6 -7323.4 29.3
4748.1 -7348.6 29.1
4767.6 -7371.1 29.4
4729.2 -7426.2 28.7
4742.7 -7371.0 29.1
4796.3 -7298.5 30.1
4815.7 -7330.0 30.1
4820.5 -7352.3 30.0
4804.4 -7311.8 30.1
4720.6 -7239.1 28.9
4690.0 -7350.1 28.2
4660.0 -7166.6 27.5
4743.8 -7175.7 29.2
4765.6 -7068.1 29.3
4777.7 -7083.6 29.7
4623.2 -7159.1 26.9
4805.7 -7036.9 30.1
4800.6 -7048.1 30.1
4900.2 -7290.6 31.2
4919.4 -7293.3 31.2
4919.7 -7340.5 31.2
4228.0 -7115.3 25.7
4238.4 -7101.0 25.8
4248.6 -7261.9 24.2
4922.3 -7014.0 29.8
4955.1 -7008.1 29.6
4966.5 -6968.9 29.4
4944.3 -6999.0 29.6
4946.3 -7017.1 29.8
4936.3 -6990.6 29.6
4282.8 -6971.0 25.7
4066.1 -1045.3 20.8
4104.7 -1066.5 20.9
-1091.1 -4026.0 19.2
-4955.5 -4095.5 16.8
-4959.1 -4044.2 15.9
-4944.9 -4043.8 16.0
-4960.0 -4021.6 15.6
-4966.7 -4013.3 15.4
-4920.2 -4073.7 16.8
-4871.3 -4080.9 17.4
-4821.8 -4107.9 18.4
-4814.8 -4106.6 18.5
6406.6 -2993.3 22.0
5226.6 -5186.1 23.5
5260.8 -5208.0 23.0
5266.5 -5213.6 22.8
5282.5 -5237.6 22.0
-4940.8 -4098.4 17.0
-4799.9 -4132.5 18.9
-5374.2 -4543.9 14.1
-4807.4 2168.6 16.8
-6617.5 -98.7 19.1
4578.7 -6641.5 26.8
4766.5 -6343.3 27.3
4812.1 -6428.0 29.6
4807.4 -6419.4 29.1
4839.0 -6404.9 28.4
4785.7 -6444.2 30.1
5027.4 -6429.0 29.6
5006.4 -6446.9 29.3
5040.3 -6403.2 29.9
5010.7 -6440.3 29.5
4939.8 -6379.3 27.9
4928.1 -6396.8 28.5
4951.9 -6391.9 28.4
4950.6 -6406.3 29.1
4912.0 -6316.9 27.1
4322.8 -6817.1 24.3
4401.1 -6897.2 25.1
4380.0 -6871.3 24.7
4340.8 -6833.8 24.4
4304.2 -6799.5 24.2
4602.0 -6811.9 26.8
4720.1 -7390.1 28.7
4707.7 -7393.7 28.4
4456.9 -6836.3 25.3
4256.2 -7108.7 25.5
3879.1 -7011.1 22.9
3741.4 -7030.2 22.8
3742.2 -7090.4 23.0
3657.0 -7013.6 22.5
3626.5 -6984.8 22.4
3651.7 -6966.5 22.5
4454.7 -6863.8 25.2
4448.6 -6893.6 25.0
3502.3 -7600.8 21.2
3490.9 -7570.3 21.2
3778.5 -7358.9 22.1
3677.3 -8130.3 21.1
3729.0 -7963.1 21.4
3742.6 -7962.0 21.5
3701.8 -8023.0 21.2
3975.8 -7907.5 23.6
4166.9 -6737.8 24.0
4696.5 -6614.9 29.3
4714.5 -6631.0 29.5
4712.2 -6651.6 29.3
4699.4 -6671.2 28.9
4727.5 -6740.6 29.7
4719.7 -6701.5 29.1
4533.9 -6450.5 26.5
4698.7 -6288.9 27.4
4633.4 -6270.4 27.7
4565.1 -6292.4 27.6
4542.7 -6250.8 27.7
4470.6 -6635.4 25.0
4549.4 -6471.1 26.9
4603.8 -6478.4 28.2
4564.9 -6489.4 27.5
3100.2 -7073.4 21.8
3025.1 -7078.9 20.9
2995.6 -7062.9 20.7
2862.9 -6986.8 20.5
2872.1 -7074.9 20.9
2938.5 -7050.2 20.8
2859.5 -7207.0 21.1
2799.6 -7746.1 22.8
2802.3 -7765.9 22.9
2825.3 -7751.0 22.6
2818.0 -7765.9 22.8
2825.0 -7783.8 22.9
2751.4 -7891.5 23.7
2761.4 -7882.1 23.7
2762.3 -7888.5 23.7
2758.4 -7904.0 23.7
2766.9 -7907.6 23.6
2818.0 -7804.4 23.1
2721.7 -7828.1 24.0
2973.1 -7853.3 22.7
2988.5 -7856.3 22.6
3005.5 -7827.5 22.1
3100.0 -7590.5 20.1
3090.6 -7600.5 20.1
3224.2 -6930.2 20.6
3289.1 -6965.3 21.3
3202.8 -7100.7 22.0
3274.2 -7013.9 21.6
3223.3 -7232.0 21.5
3261.2 -7331.8 21.4
3189.3 -7261.0 20.9
3240.0 -7345.3 21.3
3276.7 -7177.0 22.1
3411.0 -6834.3 20.7
3185.1 -7534.6 19.9
3180.8 -7542.2 19.9
3165.1 -7368.3 20.6
3178.1 -7378.3 20.6
3400.3 -7178.1 22.4
3362.0 -7207.6 21.9
3356.8 -7243.8 21.9
3409.7 -7223.7 21.8
3301.7 -7164.0 22.2
3378.9 -7149.3 22.4
3390.4 -7160.5 22.5
3157.2 -8255.9 25.5
3240.0 -8641.9 26.4
3220.5 -8628.8 25.4
3229.3 -8631.9 26.2
3244.0 -8583.7 29.2
3244.5 -8591.6 29.0
3247.2 -8575.3 29.8
3214.6 -8599.5 25.7
3285.2 -8768.5 22.8
3285.2 -8773.3 23.0
3282.0 -8800.7 23.4
3281.5 -8808.8 23.6
3280.9 -8812.9 23.6
3280.0 -8817.0 23.7
3282.2 -8831.9 24.1
3277.4 -8123.8 27.6
3274.5 -8165.7 27.0
3274.5 -8172.5 26.9
3272.4 -8180.9 26.7
3271.8 -8187.9 26.6
3437.1 -7559.4 21.2
3432.2 -7593.2 21.1
4591.9 -6114.4 25.5
5077.0 -5823.8 24.5
5086.6 -5809.0 24.4
2514.6 -8509.3 26.9
-2693.0 -6621.4 24.0
-6047.3 -6158.6 16.1
-3484.3 -6371.1 26.3
-3452.0 -6380.5 25.4
2781.1 -7890.9 23.7
2667.8 -8637.4 27.8
3275.4 -1320.9 10.8
-3454.1 -6415.8 25.5
-1274.3 -5805.3 14.8
-2958.6 -6965.6 22.9
3166.4 -7010.9 21.2
5017.5 -5871.7 25.8
4211.1 -6708.1 23.9
4245.1 -5497.3 23.6
4516.5 -6535.2 26.6
4403.0 -6881.3 24.8
5055.7 -6875.7 29.7
-3455.9 -6450.8 26.3
-2850.6 -6234.4 20.2
-2870.1 -7048.4 26.9
-4876.5 -3939.7 15.5
-2951.0 -6949.3 22.6
-182.0 -2862.4 19.6
-2951.0 -6169.0 19.7
-3482.2 -6473.8 27.4
-3476.0 -6455.2 26.7
-3490.8 -6389.5 26.5
-3446.5 -6448.2 26.0
-4173.2 -3231.0 14.5
-2959.9 -6178.4 19.6
-2963.9 -6183.3 19.6
-2664.4 -6502.7 21.9
-3031.4 -7197.8 23.4
-3028.6 -7131.5 23.5
-2835.3 -6179.5 20.1
-2734.9 -6214.2 20.3
3252.0 -7027.9 21.4
3431.4 -7228.3 21.7
6638.8 -3945.3 25.0
5275.2 -5222.2 22.5
4807.3 -5973.5 27.3
5217.6 -5776.5 23.7
4790.8 -5783.2 25.5
3175.6 -7055.2 21.9
3282.7 -8796.8 23.4
3281.8 -8805.0 23.5
2750.2 -7884.2 23.8
-5828.6 -3070.6 18.5
-2614.9 -6666.1 23.4
-2719.1 -6239.0 20.2
-2716.0 -6246.5 20.4
-2836.0 -6206.4 20.0
-7.8 -3056.1 19.4
-23.9 -3031.2 19.4
5471.4 451.4 17.7
4150.8 -5509.8 21.4
4156.9 -5615.8 22.4
3791.2 -7119.8 21.9
3651.1 1693.9 135.2
-5974.5 -6880.6 17.8
-5971.9 -6044.3 16.1
-5940.3 -7666.2 21.7
-4943.6 -4087.6 16.8
-1234.2 -3107.1 16.5
-5743.4 4704.7 9.9
-5392.6 -4585.1 14.3
3632.5 1705.2 135.1
-6612.7 -6902.8 21.9
-255.5 -3814.9 15.2
-278.1 -3846.5 15.0
-1151.9 -3906.5 20.7
-755.3 -3951.1 18.9
-4926.7 -3743.0 15.5
-4927.1 -3735.0 15.5
-4910.5 -3785.4 15.1
-4802.8 -3737.3 16.1
-4840.2 -3755.9 15.9
3370.2 1799.1 119.1
4071.4 -1007.4 22.5
-4396.6 965.2 12.0
-4845.8 1756.8 10.8
-4675.8 1435.9 14.7
-5026.1 2068.9 12.7
-3781.5 4523.4 29.1
-4508.3 4498.9 24.2
-2796.0 6577.5 16.3
4524.2 2700.2 33.3
-2474.6 4033.4 27.4
-2346.2 3699.8 25.3
-17.2 -3010.2 19.4
-473.2 -7243.5 17.6
-4303.3 -7368.8 22.7
-2935.6 -6921.4 22.8
-2965.5 -6982.7 23.1
-2880.2 -6870.4 24.4
403.9 -6953.7 21.0
-6710.3 -6913.9 22.2
-6664.4 -6915.4 22.1
5129.5 -6840.3 29.7
5129.6 -6867.9 29.4
5062.0 -6926.2 29.1
5131.2 -6851.5 29.6
4769.7 -6859.7 29.8
4811.1 -6909.4 30.8
5040.6 -6885.1 29.7
5015.2 -6969.0 29.3
3613.0 -6998.0 22.4
3491.0 -6883.7 22.9
3256.7 -6962.1 21.0
2833.7 -6967.7 19.8
2803.6 -6952.3 19.3
2310.6 -6970.8 24.9
2299.4 -6949.4 24.8
4438.9 -6885.3 25.0
4980.6 -6932.4 29.5
4391.9 -6889.4 25.0
4372.8 -6863.8 24.5
4389.0 -6955.5 25.2
4420.1 -6918.3 25.3
4910.3 -7046.9 30.7
4833.8 -7323.6 30.4
4822.8 -7310.2 30.4
4660.4 -7280.1 27.6
4707.8 -7145.4 28.5
4785.3 -7060.7 29.7
3759.2 -7088.3 23.0
3785.7 -7096.9 22.6
3804.0 -7079.6 23.0
3157.1 -7038.9 21.9
3227.3 -7053.4 21.9
3210.0 -7291.8 20.9
3313.4 -7005.0 21.9
3265.9 -7050.3 21.9
2141.0 -7130.1 25.5
2195.4 -7222.6 25.4
2275.9 -7010.8 26.0
2249.6 -7030.3 26.6
4765.8 -7092.0 29.5
3378.9 -7178.4 22.4
3402.0 -7242.4 21.8
3553.4 -7199.2 21.7
3837.2 -7345.9 23.4
-6060.0 -6789.4 17.6
-6606.9 -6795.3 20.8
1961.9 -6444.6 22.3
2004.0 -6367.4 22.4
1995.3 -6360.4 22.3
1967.0 -6372.5 22.4
1835.2 -6346.6 20.9
1820.4 -6339.4 20.6
2167.7 -6246.9 20.8
2160.0 -6273.9 20.9
2171.0 -6226.4 20.6
1894.0 -6455.7 21.0
1887.5 -6295.5 21.7
1821.0 -6438.5 20.4
1802.6 -6439.4 20.3
1913.6 -6491.9 21.2
1924.7 -6493.5 21.4
4627.0 -6278.1 27.6
4577.6 -6445.2 27.2
4583.0 -6469.8 27.5
5152.8 -6495.2 27.6
5109.3 -6447.1 28.7
4200.9 -5712.9 24.1
4124.8 -5655.1 22.5
-58.8 -5446.7 15.1
4194.2 -6720.4 24.0
4928.2 -6722.9 29.7
4920.6 -6741.3 29.0
4794.0 -6828.4 31.5
4897.7 -6760.7 29.3
4532.7 -6725.1 25.5
4513.8 -6774.0 25.6
2212.5 -6830.6 25.1
2192.4 -6805.4 25.1
2090.1 -6817.0 24.3
2048.5 -6763.5 22.9
2028.6 -6777.8 22.5
4638.5 -6830.1 27.3
5167.6 -6722.3 30.0
5170.8 -6734.2 30.1
5145.3 -6728.3 29.7
-2691.0 -6578.4 23.9
-2664.3 -6484.3 21.7
-2632.1 -6677.7 23.8
-2636.8 -6687.8 23.7
-2641.7 -6696.5 23.7
-2645.7 -6706.0 23.7
-2617.9 -6679.7 23.7
-2692.0 -6622.0 24.0
-2677.0 -6492.3 22.0
-3450.4 -6523.0 26.4
-3440.4 -6520.7 26.2
-2977.6 -6127.9 19.8
-2968.1 -6135.5 19.8
-2960.0 -6143.0 19.8
-2957.8 -6144.8 19.8
-2955.4 -6147.2 19.8
-2943.7 -6156.8 19.8
-2940.8 -6158.9 19.8
-2940.4 -6164.5 19.8
-2950.9 -6174.6 19.7
-2957.0 -6181.7 19.6
-2963.1 -6187.4 19.6
-2962.1 -6180.9 19.6
5278.7 -5859.1 23.6
5269.0 -5806.0 23.1
5226.2 -5786.8 23.6
5240.3 -5755.1 22.9
5199.0 -5796.4 24.1
5214.7 -5836.3 24.2
4219.9 -5501.3 22.4
4208.6 -5509.6 22.0
4221.6 -5488.2 22.1
4164.5 -5601.9 22.3
4138.2 -5638.9 22.6
4149.0 -5621.9 22.4
4164.4 -5504.9 21.3
4179.3 -5510.6 21.8
4172.9 -5590.9 22.4
4194.2 -5550.9 23.0
4957.1 -5552.7 23.0
4952.3 -5557.6 23.0
4942.5 -5557.0 22.8
4929.7 -5558.5 22.6
4986.2 -5435.7 23.2
5004.4 -5435.4 23.2
5011.8 -5417.6 23.5
5019.0 -5402.1 23.0
4996.2 -5426.8 23.2
4950.3 -5489.5 22.7
5124.2 -5655.7 23.1
5044.2 -4940.7 18.9
5029.6 -4893.9 18.5
4969.8 -4869.1 18.1
4948.0 -4813.7 18.8
5086.4 -4883.7 18.9
5021.4 -5855.5 25.5
5052.4 -5834.4 24.7
5048.4 -5840.2 24.8
5043.5 -5844.5 25.0
5034.7 -5854.6 25.3
5026.1 -5863.2 25.5
4837.5 -5976.8 27.2
4849.5 -5867.9 28.3
4798.6 -5937.1 27.8
4825.3 -6000.0 27.2
4855.1 -5813.4 27.4
5098.3 -5973.8 26.2
5109.8 -5978.4 26.1
5112.5 -6014.6 26.0
5159.9 -5895.3 25.7
5180.6 -5859.5 25.1
5159.6 -5883.4 25.6
5057.0 -6013.5 26.9
4199.1 -5785.8 23.7
4183.7 -5767.3 23.4
4139.5 -5767.6 22.9
4122.3 -5770.3 23.0
4132.3 -5737.5 22.6
4153.8 -5738.5 22.9
4171.4 -5738.1 23.2
4160.3 -5716.1 23.3
4113.1 -5739.4 22.5
4934.8 -5936.0 27.3
4938.1 -5940.0 27.2
4891.0 -5930.0 27.5
4896.2 -5934.1 27.4
4867.3 -5961.4 27.2
4790.1 -6015.1 27.0
4828.8 -5711.8 24.3
4817.9 -5752.5 24.6
4800.4 -5805.2 27.0
4809.9 -5806.8 27.3
4789.5 -5761.3 24.8
4841.2 -5991.1 27.0
4867.4 -5734.5 24.3
4864.0 -5717.9 24.1
5103.2 -5736.1 23.9
4741.4 -6645.8 29.9
4751.7 -6626.3 30.3
4727.8 -6666.9 29.5
4662.7 -6665.0 28.2
4678.8 -6665.3 28.5
4676.6 -6689.4 28.3
4725.3 -6689.4 29.3
4697.0 -6712.2 28.7
4655.5 -6777.9 28.4
4730.6 -6719.4 29.5
4747.7 -6668.8 29.9
4746.8 -6683.2 29.7
4836.4 -6603.4 30.4
4855.8 -6604.5 30.2
4895.8 -6636.1 29.8
4897.1 -6648.5 29.9
4868.4 -6554.0 30.1
4893.0 -6548.5 29.9
4916.3 -6510.8 29.6
5003.1 -6540.4 28.9
4853.2 -6586.6 30.2
4811.8 -6571.0 30.5
4841.4 -6661.7 30.4
4847.5 -6652.3 30.3
4903.0 -6717.2 29.9
4940.7 -6697.1 30.3
4933.9 -6699.5 30.4
4954.7 -6736.7 29.2
4964.7 -6741.4 29.1
5059.2 -6740.2 29.2
5335.9 -6828.5 27.5
5440.5 -6753.4 27.9
5422.8 -6691.3 27.3
5402.8 -6697.2 27.4
5407.4 -6686.4 27.3
5026.0 -6760.2 28.4
5044.9 -6760.4 28.4
5069.2 -6769.1 28.4
5107.9 -6818.5 30.1
5126.2 -6845.6 29.7
5134.8 -6861.2 29.5
5162.9 -6860.7 29.3
5051.3 -6848.8 29.9
5041.4 -6855.3 29.9
4778.6 -6831.2 30.6
4754.0 -6859.0 29.0
4871.5 -6731.0 29.6
4882.6 -6731.3 29.4
4909.1 -6766.9 29.1
4910.2 -6757.9 29.0
4896.4 -6738.9 29.2
4890.9 -6740.3 29.3
4848.8 -6807.0 31.4
4871.5 -6825.3 30.1
4859.7 -6844.9 31.1
4734.6 -6820.2 29.4
4729.3 -6630.7 29.8
5170.0 -6676.9 29.8
5175.9 -6682.2 29.8
5161.4 -6646.6 29.5
5159.7 -6639.3 29.5
5135.0 -6506.7 27.5
5131.3 -6523.8 27.7
5123.6 -6521.8 27.7
5115.1 -6528.9 28.0
5108.9 -6627.1 29.6
5128.1 -6646.7 29.6
5164.1 -6732.6 29.9
5157.5 -6731.6 29.8
5149.3 -6728.9 29.8
5140.0 -6727.3 29.8
5156.3 -6690.5 29.8
5153.1 -6700.8 29.8
4982.8 -6820.8 28.2
4727.4 -6480.1 30.7
-4276.3 -7388.6 22.5
6579.8 -305.8 14.2
6603.6 -287.5 14.3
-4422.5 2916.6 15.7
-4262.0 2980.3 16.0
-4677.4 3001.4 14.5
4795.3 -7109.0 30.1
4702.4 -7125.3 28.4
3779.6 -7112.2 22.2
2170.1 -7142.7 25.9
2129.6 -7106.0 25.5
2116.6 -7100.3 25.4
-6102.3 -6901.6 18.1
-6195.2 -6879.7 18.8
-5877.0 -6375.2 17.8
-6058.3 -6392.4 17.6
-6027.5 -6472.9 16.2
-5953.9 -6428.8 17.1
-6027.6 -6149.7 16.3
-5975.7 -6131.8 16.4
-6068.3 -6111.0 17.0
-6071.3 -6104.7 17.1
-6075.0 -6093.8 17.2
-6610.9 -6235.7 15.8
-6641.6 -6916.4 22.1
-5921.4 -7629.5 21.8
-4729.8 3150.6 15.3
-1807.4 -6458.3 17.8
-1850.5 -6329.9 17.5
-1944.5 -6481.9 18.9
2141.6 -7483.8 23.2
2058.8 -6782.2 23.4
2008.1 -6384.5 22.5
2003.7 -6451.0 22.9
1726.6 -6512.7 19.3
1718.5 -6535.8 18.7
1756.5 -6486.2 19.8
2814.4 -7749.8 22.7
2908.9 -7743.4 21.7
2517.8 -8288.5 27.2
2528.5 -8548.0 27.5
3335.4 -7143.7 22.3
3285.8 -8764.7 22.7
3276.3 -8149.9 27.2
3273.8 -8158.9 27.1
3410.4 -7566.5 21.1
2667.8 -8646.9 27.9
2691.9 -8664.7 27.6
2689.3 -8642.5 27.7
-1787.8 -6428.1 17.6
-1697.6 -6320.7 16.7
-1868.7 -6353.5 17.7
-1897.5 -6392.8 18.0
-1914.5 -6428.1 18.3
-1926.2 -6455.7 18.5
-1956.3 -6502.8 19.2
-1952.3 -6530.3 19.3
3298.9 -1189.7 10.5
-84.8 -5423.0 15.2
-5020.8 -3743.0 14.9
-4934.6 -3661.5 15.6
-4928.6 -3727.4 15.6
-4919.2 -3761.2 15.3
-4817.9 -3763.8 15.9
-4815.7 -3747.2 16.1
-4852.7 -3764.2 15.6
-4815.3 -3788.5 15.6
-4804.3 -3790.8 15.6
-4788.8 -3732.7 16.1
-4879.1 -3946.2 15.4
-4970.4 -4023.9 15.5
-5011.2 -4019.2 15.0
-4873.9 -4091.9 17.6
4818.6 -6131.8 26.1
4817.1 -6102.8 26.5
4797.1 -6034.0 27.0
4781.7 -6067.8 26.8
4962.5 -6103.6 26.5
4995.2 -6130.3 26.7
5005.0 -6122.3 26.5
5103.9 -5993.1 26.1
5086.1 -5991.0 26.2
4892.1 -6073.5 26.6
5046.8 -6143.3 26.6
4812.1 -6117.8 26.3
4833.7 -6015.4 26.9
3641.5 -6973.6 22.4
3350.6 -7098.5 22.2
3395.8 -7070.5 22.2
3332.6 -7053.0 22.0
3343.1 -7064.6 22.3
3401.7 -7202.0 22.0
3314.7 -7155.6 22.2
3558.7 -7196.0 21.8
3348.4 -8616.7 25.0
3677.3 -8008.3 21.0
3459.9 -7631.9 21.1
3422.4 -7556.7 21.2
3472.4 -7557.2 21.2
3418.0 -7576.3 21.1
3477.8 -7628.0 21.1
-5309.8 -8492.6 41.6
-5145.1 -8522.7 45.1
-5081.0 -8544.4 47.1
-5212.5 -8486.4 42.6
-5233.2 -8443.8 41.9
3721.4 -8034.4 21.3
2469.0 -8111.4 27.3
2437.4 -8109.5 27.8
2565.9 -8397.6 27.5
3216.9 -8235.1 29.0
3189.5 -8254.8 27.5
2522.2 -8417.9 28.1
2597.5 -8522.6 30.1
2564.6 -8542.9 28.4
2524.7 -8534.6 27.2
2527.3 -8541.0 27.4
2565.2 -8301.2 26.7
2528.5 -8300.5 27.1
4076.4 -8722.5 28.4
2677.9 -8655.2 27.7
3284.3 -8781.4 23.1
3284.7 -8776.7 23.1
3305.7 -8643.2 23.7
3211.0 -8593.0 25.6
3229.3 -8651.9 25.5
2568.4 -8629.8 28.2
2572.2 -8645.0 27.9
-4691.3 1854.4 12.2
-6165.7 2418.4 10.2
-6007.1 2509.4 9.9
3961.1 -7898.2 23.3
3725.2 -7831.8 21.3
2791.1 -7723.4 22.7
2795.3 -7732.2 22.7
3280.4 -8827.9 23.9
3280.2 -8820.4 23.8
3755.6 -7993.0 21.5
3271.5 -8204.0 26.4
3275.8 -8143.1 27.3
3276.3 -8133.8 27.4
2888.3 -7796.2 22.3
2843.8 -7854.8 23.3
2781.1 -7883.9 23.7
4914.0 -6494.5 29.6
4639.9 -6516.6 29.1
4788.0 -6533.1 30.7
4876.0 -6620.8 30.1
4904.5 -6521.5 29.7
4973.1 -6523.5 29.2
5005.5 -6510.6 28.9
5001.0 -6507.2 28.9
4556.7 -6650.6 26.3
4561.9 -6499.8 27.4
5125.3 -6514.6 27.5
5124.5 -6504.6 27.6
5116.5 -6509.0 27.6
5170.6 -6584.0 29.4
5118.7 -6524.8 27.9
4306.0 -6235.4 25.3
4342.7 -6262.1 25.9
-5429.0 -4612.4 14.7
-5360.6 -4261.7 14.3
-5065.4 -5673.2 20.4
-5052.4 -5681.9 20.5
-5421.5 -5756.4 15.6
-5674.8 -5436.4 15.7
-5038.9 -5685.3 20.9
-5071.5 -5791.6 18.6
-5036.3 -5769.4 19.3
-5127.0 -5677.9 18.7
5419.9 -6664.1 27.1
4134.3 -6769.2 23.9
4759.5 -6664.6 30.1
4918.7 -6701.7 30.4
4924.4 -6711.4 30.2
5068.7 -6742.7 29.1
5045.0 -6737.1 29.3
5109.0 -6851.6 29.7
5137.9 -6879.2 29.2
5092.0 -6840.9 29.9
5130.4 -6833.2 29.8
4904.4 -6746.3 29.1
4926.4 -6784.0 28.8
4907.9 -6776.7 29.0
4917.6 -6765.1 28.9
4916.4 -6777.9 28.9
5011.0 -6948.0 29.2
5031.0 -6876.0 29.9
4574.3 -6821.0 26.3
5052.7 -6890.6 29.6
5146.0 -6766.2 29.4
5145.0 -6658.4 29.6
5134.6 -6726.2 29.8
5110.3 -6665.1 29.8
4777.1 -7381.0 29.5
4821.9 -7383.2 30.0
4728.2 -7373.3 28.9
4719.9 -7411.2 28.6
4779.4 -7320.8 29.7
4841.0 -7291.3 30.6
4679.5 -7356.3 28.0
4727.5 -7153.3 28.9
4811.4 -7125.4 30.5
4775.4 -6846.1 30.2
4790.0 -6903.2 29.9
4816.2 -6895.6 31.4
4889.6 -6838.3 29.6
3967.1 -7802.9 22.8
-1283.4 -5810.2 14.5
-1264.6 -5810.2 14.5
3668.6 -8139.5 21.1
3682.8 -8122.7 21.2
3690.9 -8114.5 21.2
-6075.8 -6834.5 17.6
-6164.4 -6044.2 18.3
-6677.1 -6914.4 22.1
-2965.4 -6137.8 19.8
-1243.7 -5854.2 13.8
4580.0 -6561.8 27.6
4257.0 -5464.5 23.1
4232.9 -5508.9 23.3
4914.0 -5746.0 24.8
3872.9 -6980.9 22.6
3741.4 -7049.6 23.0
3795.9 -7058.6 23.2
3756.5 -7108.7 22.4
3802.8 -7106.7 22.3
3850.6 -7115.6 22.1
3772.1 -7082.7 23.1
3696.2 -7044.9 22.9
3707.8 -7941.8 21.3
3756.2 -7981.6 21.5
3725.2 -8015.3 21.3
3720.3 -7813.2 21.3
3846.4 -7333.9 23.6
3824.7 -7366.6 23.0
3805.6 -7362.8 22.7
3295.8 -1204.9 10.5
-3478.4 -6352.2 26.1
-3414.9 -6407.0 24.3
-3436.6 -6446.4 25.7
5119.3 -5661.4 23.2
5658.2 -5268.0 25.7
5040.3 -6067.2 26.1
-4933.5 -3737.3 15.5
-4845.5 -3748.3 15.9
4887.8 -6537.5 29.9
4975.1 -6514.8 29.1
4850.7 -6687.5 30.5
4918.4 -6199.6 27.2
4982.3 -6159.5 28.4
4940.0 -6185.7 27.6
4867.2 -6202.0 26.1
4637.9 -6264.2 27.7
5039.0 -6192.1 29.0
5042.9 -6164.5 27.3
5017.7 -6217.1 31.2
4884.0 -6225.1 26.6
4755.0 -6450.4 30.3
4602.8 -6486.7 28.2
4805.7 -6306.3 26.4
4844.8 -6452.3 30.1
4840.6 -6427.7 29.7
4829.1 -6404.4 28.5
4838.3 -6442.9 29.9
4836.7 -6477.6 30.6
4965.1 -6438.2 29.7
5032.9 -6449.9 29.2
5036.3 -6442.7 29.3
5028.4 -6443.7 29.3
5019.8 -6431.7 29.6
4933.1 -6382.2 27.6
4965.6 -6402.9 28.9
5094.5 -6434.2 29.0
6392.9 -2980.3 21.7
5703.6 -5217.6 22.6
5599.3 -5332.1 23.3
5583.6 -5351.1 23.7
5559.7 -5376.4 24.2
5554.3 -5383.0 24.3
2344.1 -4454.0 17.0
2155.9 -4363.6 17.1
2284.0 -4425.2 17.0
4808.9 -6341.1 26.8
-6008.0 -6139.7 16.4
-6703.0 -6913.9 22.2
-6630.1 -6916.6 22.0
-5380.2 -4558.6 14.2
-5487.3 -4726.3 14.3
-5723.8 -5447.8 16.1
-6141.2 3313.9 10.2
-524.8 -4697.2 16.7
-500.3 -4545.0 16.7
-24.0 -3041.1 19.5
-176.1 -2899.5 19.7
-396.3 -3339.2 16.7
-360.1 -3860.3 15.2
-241.4 -4642.1 16.5
-272.7 -4575.7 17.5
-1128.9 -3905.6 20.7
-1244.0 -5823.8 13.9
-1199.5 -5936.7 13.7
4385.9 -6878.5 24.8
4417.1 -6927.0 25.4
4365.3 -6857.6 24.5
4410.5 -6912.4 25.3
4314.7 -6810.3 24.2
4278.5 -6779.4 24.0
4404.6 -6939.9 25.0
4270.1 -6770.1 24.0
4821.6 -7151.1 30.8
2756.6 -7890.6 23.7
2588.0 -8527.7 29.9
3701.8 -8098.1 21.2
3752.9 -7885.2 21.7
-5447.2 -4640.2 14.8
-5467.7 -4672.4 14.6
3676.3 -7812.7 21.0
4538.9 -6308.2 27.5
4464.3 -6214.1 26.9
-2370.9 8214.1 25.9
-2406.8 8245.4 25.7
-2414.6 8242.7 25.5
-2424.0 8224.9 25.1
-2408.0 8217.9 25.3
-3840.5 -1469.1 15.2
-3841.2 -1466.5 15.1
-3840.4 -1463.8 15.0
-3838.5 -1461.9 15.0
-3835.8 -1461.2 14.9
-3833.2 -1462.0 14.9
-3831.3 -1464.0 15.0
-3830.6 -1466.6 15.0
-3831.3 -1469.3 15.1
-3833.3 -1471.2 15.2
-3836.0 -1471.9 15.2
-3838.6 -1471.1 15.2
-3840.5 -1469.1 15.2
-3905.3 -1426.6 14.5
-3902.6 -1426.5 14.5
-3900.2 -1425.1 14.4
-3898.9 -1422.7 14.3
-3898.9 -1420.0 14.2
-3900.3 -1417.6 14.2
-3902.7 -1416.3 14.2
-3905.4 -1416.3 14.3
-3907.8 -1417.7 14.4
-3909.1 -1420.1 14.5
-3909.1 -1422.8 14.5
-3907.7 -1425.2 14.4
-3905.3 -1426.6 14.5
-3792.6 -1750.2 14.2
-3804.4 -1741.0 14.6
-3816.3 -1731.9 15.0
-3828.2 -1722.7 15.4
-3840.0 -1713.5 15.8
-3851.9 -1704.3 16.2
-3863.7 -1695.1 16.3
-3875.6 -1686.0 16.4
-3887.5 -1676.8 16.5
-3899.3 -1667.6 16.6
-3911.2 -1658.4 16.7
-3923.1 -1649.3 16.8
-3941.7 -1634.8 16.9
-3797.8 -1756.2 14.0
-3809.7 -1747.1 14.4
-3821.5 -1737.9 14.8
-3833.4 -1728.7 15.2
-3845.3 -1719.5 15.6
-3857.1 -1710.4 16.0
-3869.0 -1701.2 16.2
-3880.9 -1692.0 16.3
-3892.7 -1682.8 16.4
-3904.6 -1673.6 16.5
-3916.5 -1664.5 16.6
-3928.3 -1655.3 16.7
-3946.6 -1641.2 16.8
-3804.5 -1656.9 16.8
-3816.4 -1647.7 16.9
-3828.2 -1638.5 17.0
-3840.1 -1629.3 17.1
-3851.9 -1620.1 17.1
-3863.8 -1610.9 17.2
-3875.7 -1601.8 17.3
-3887.5 -1592.6 17.4
-3891.3 -1582.3 17.5
-3882.2 -1570.5 17.2
-3873.0 -1558.6 16.6
-3863.9 -1546.7 16.3
-3851.7 -1553.1 16.1
-3839.2 -1561.4 16.1
-3826.7 -1569.7 16.1
-3814.2 -1578.0 16.1
-3801.7 -1586.2 16.2
-3789.2 -1594.5 16.2
-3776.7 -1602.8 16.2
-3764.8 -1611.2 16.3
-3774.6 -1622.5 16.8
-3784.5 -1633.8 16.9
-3794.3 -1645.2 16.8
-3804.5 -1656.9 16.8
-3754.2 -1706.1 15.9
-3766.0 -1696.9 16.3
-3777.9 -1687.8 16.5
-3789.7 -1678.6 16.6
-3801.6 -1669.4 16.6
-3813.4 -1660.2 16.7
-3825.3 -1651.0 16.8
-3837.1 -1641.8 16.9
-3849.0 -1632.6 17.0
-3860.8 -1623.4 17.1
-3872.7 -1614.2 17.2
-3884.5 -1605.0 17.3
-3896.4 -1595.8 17.4
-3904.3 -1586.1 17.5
-3895.2 -1574.2 17.5
-3886.0 -1562.3 17.0
-3876.9 -1550.5 16.4
-3867.7 -1538.6 16.3
-3856.3 -1540.4 16.1
-3843.8 -1548.7 16.0
-3831.3 -1557.0 15.8
-3818.8 -1565.3 15.8
-3806.3 -1573.6 15.9
-3793.8 -1581.8 15.9
-3781.3 -1590.1 15.9
-3768.8 -1598.4 15.9
-3756.3 -1606.7 16.0
-3759.3 -1617.1 16.3
-3769.2 -1628.4 16.9
-3779.0 -1639.7 16.8
-3788.9 -1651.0 16.8
-3797.5 -1662.2 16.7
-3785.7 -1671.5 16.6
-3773.9 -1680.7 16.5
-3762.0 -1689.9 16.5
-3748.9 -1700.1 16.2
-3478.8 5724.2 15.4
-3480.8 5739.1 15.5
-3482.7 5753.9 15.4
-3490.8 5760.8 15.3
-3518.6 5756.8 15.0
-6845.7 3963.3 13.0
-6833.6 3972.2 13.1
-6821.6 3981.2 13.1
-6809.6 3990.2 13.2
-6798.7 4000.2 13.3
-6789.7 4012.3 13.2
-6780.8 4024.4 13.1
-6774.1 4037.1 13.0
-6774.7 4052.1 12.9
-6775.4 4067.1 12.9
-6776.0 4082.1 12.9
-6782.7 4094.9 12.9
-6791.6 4107.0 12.5
-6800.5 4119.1 11.9
-6810.3 4130.4 11.4
-6820.8 4141.1 10.8
-6831.3 4151.8 11.0
-6841.8 4162.5 11.3
-6853.5 4171.9 11.7
-6865.2 4181.3 12.0
-6876.8 4190.7 12.3
-6888.5 4200.1 12.7
-6900.2 4209.5 13.0
-6913.3 4216.7 13.4
-6926.7 4223.5 13.8
-6940.1 4230.2 13.9
-6954.2 4233.5 13.9
-6969.2 4232.4 13.8
-6982.6 4227.8 13.7
-6993.3 4217.3 13.6
-7003.8 4206.7 13.5
-7013.4 4195.1 13.4
-7021.4 4182.5 13.4
-7026.5 4168.7 13.5
-7020.6 4156.1 13.9
-7010.8 4144.7 14.0
-7001.1 4133.3 14.1
-6991.3 4121.9 14.2
-6981.6 4110.5 14.3
-6971.8 4099.1 14.4
-6962.0 4087.7 14.5
-6952.3 4076.3 14.7
-6942.5 4064.9 14.6
-6932.8 4053.5 14.3
-6923.0 4042.1 14.2
-6913.3 4030.7 14.5
-6903.5 4019.3 14.5
-6893.8 4007.9 14.3
-6884.0 3996.5 14.0
-6874.2 3985.2 13.7
-6864.5 3973.8 13.4
-6854.7 3962.4 13.0
-6845.0 3951.0 12.7
-6835.2 3939.6 12.4
-6825.5 3928.2 12.3
-6815.7 3916.8 12.2
-6806.0 3905.4 12.1
-6796.2 3894.0 11.9
-6786.5 3882.6 11.8
-6776.7 3871.2 11.7
-6766.9 3859.8 11.9
-6757.2 3848.4 12.1
-6747.4 3837.0 12.3
-6737.7 3825.6 12.4
-6727.9 3814.2 12.2
-6718.2 3802.8 11.8
-6708.4 3791.4 11.5
-6698.7 3780.0 11.2
-6688.9 3768.7 11.3
-6679.1 3757.3 10.8
-6669.2 3746.1 10.3
-6659.2 3734.8 9.7
-6649.3 3723.6 9.3
-6640.4 3711.5 9.3
-6631.5 3699.4 9.0
-6622.7 3687.3 8.7
-6613.8 3675.2 8.5
-6605.2 3663.0 8.3
-6596.5 3650.7 8.3
-6587.8 3638.5 8.5
-6579.2 3626.2 8.7
-6571.2 3613.5 8.9
-6563.6 3600.6 9.0
-6555.9 3587.7 9.1
-6548.6 3574.6 9.2
-6541.9 3561.2 9.3
-6535.3 3547.8 9.4
-6528.9 3534.2 9.2
-6523.4 3520.2 8.9
-6517.9 3506.3 8.8
-6512.6 3492.3 8.9
-6507.9 3478.0 9.1
-6503.2 3463.7 9.2
-6498.6 3449.5 9.4
-6493.7 3435.3 9.6
-6488.7 3421.1 9.8
-6483.8 3407.0 9.7
-6480.3 3392.4 9.8
-6477.1 3377.8 9.9
-6473.8 3363.1 10.0
-6470.6 3348.5 10.1
-6468.6 3333.6 10.3
-6467.3 3318.7 10.3
-6465.9 3303.7 10.1
-6464.5 3288.8 9.9
-6463.0 3273.9 9.7
-6461.5 3259.0 9.5
-6460.0 3244.0 9.4
-6458.8 3229.1 9.3
-6458.2 3214.1 9.3
-6457.6 3199.1 9.2
-6456.9 3184.1 9.2
-6457.5 3169.2 9.6
-6458.6 3154.2 9.9
-6459.7 3139.2 10.2
-6460.8 3124.3 9.9
-6461.9 3109.3 10.2
-6463.0 3094.4 10.4
-6464.1 3079.4 10.7
-6465.1 3064.4 10.9
-6466.8 3049.5 10.8
-6468.6 3034.6 10.6
-6470.3 3019.7 10.4
-6472.0 3004.8 10.2
-6473.7 2989.9 9.9
-6475.5 2975.0 9.8
-6477.5 2960.2 9.7
-6479.5 2945.3 9.6
-6481.5 2930.4 9.5
-6483.5 2915.6 9.4
-6485.5 2900.7 9.4
-6487.2 2885.8 9.3
-6488.5 2870.9 9.4
-6489.7 2855.9 9.3
-6490.9 2841.0 9.2
-6491.7 2826.0 9.0
-6492.4 2811.0 8.9
-6492.6 2796.0 8.7
-6492.0 2781.0 8.6
-6491.5 2766.0 8.5
-6490.5 2751.1 8.7
-6489.3 2736.1 8.8
-6488.0 2721.2 9.0
-6486.7 2706.2 9.4
-6484.7 2691.4 9.7
-6482.8 2676.5 10.1
-6480.9 2661.6 10.5
-6478.6 2646.8 10.8
-6475.5 2632.1 11.1
-6472.1 2617.5 11.5
-6468.6 2602.9 11.8
-6465.0 2588.4 12.2
-6461.3 2573.8 12.3
-6457.6 2559.3 12.4
-6453.6 2544.8 12.4
-6449.2 2530.5 12.5
-6444.7 2516.2 12.5
-6440.3 2501.9 12.4
-6435.7 2487.6 12.3
-6430.4 2473.6 12.2
-6425.0 2459.5 12.0
-6419.3 2445.7 11.8
-6413.1 2432.0 11.5
-6407.0 2418.3 11.1
-6399.9 2405.1 10.8
-6392.2 2392.3 10.7
-6384.4 2379.4 10.5
-6376.6 2366.6 10.4
-6368.8 2353.8 10.3
-6360.9 2341.1 10.4
-6352.8 2328.5 10.6
-6344.7 2315.8 10.8
-6336.4 2303.3 11.1
-6327.3 2291.4 11.3
-6318.3 2279.4 11.5
-6309.2 2267.5 11.7
-6299.9 2255.7 11.9
-6290.0 2244.4 11.9
-6280.1 2233.2 11.9
-6270.3 2221.9 11.9
-6260.3 2210.7 11.9
-6249.6 2200.1 11.8
-6238.9 2189.6 11.8
-6228.2 2179.1 11.8
-6217.5 2168.6 11.8
-6206.7 2158.3 12.0
-6194.9 2149.0 12.3
-6183.1 2139.7 12.5
-6171.3 2130.4 12.8
-6159.5 2121.1 12.8
-6147.7 2111.9 12.9
-6136.0 2102.6 12.9
-6124.2 2093.3 13.0
-6111.8 2084.8 13.0
-6099.1 2076.9 13.0
-6086.3 2069.0 13.1
-6073.6 2061.1 13.1
-6060.6 2053.6 13.1
-6047.5 2046.3 13.1
-6034.4 2039.0 12.9
-6021.3 2031.6 12.6
-6008.2 2024.5 12.4
-5994.2 2018.9 12.1
-5980.3 2013.3 11.8
-5966.4 2007.7 11.5
-5952.5 2002.1 11.4
-5938.6 1996.5 11.3
-5924.6 1991.0 11.2
-5910.7 1985.4 11.1
-5896.8 1979.8 11.0
-5882.9 1974.2 10.9
-5869.0 1968.6 10.9
-5855.0 1963.0 11.0
-5841.1 1957.4 11.0
-5827.2 1951.8 11.0
-5813.3 1946.2 11.1
-5799.4 1940.7 11.1
-5785.4 1935.1 11.3
-5771.5 1929.5 11.7
-5757.6 1923.9 12.1
-5743.7 1918.3 12.5
-5729.8 1912.7 12.9
-5715.8 1907.1 13.3
-5701.9 1901.5 13.5
-5688.0 1895.9 13.3
-5674.1 1890.4 13.1
-5660.2 1884.8 12.9
-5646.2 1879.2 12.7
-5632.3 1873.6 12.6
-5618.4 1868.0 12.4
-5604.5 1862.4 12.2
-5590.6 1856.8 12.1
-5576.6 1851.2 12.0
-5562.7 1845.6 11.9
-5548.8 1840.1 11.8
-5534.9 1834.5 11.7
-5521.0 1828.9 12.0
-5507.0 1823.3 12.5
-5493.1 1817.7 13.0
-5479.2 1812.1 13.5
-5465.3 1806.5 14.0
-5451.4 1800.9 14.4
-5437.4 1795.3 14.3
-5423.5 1789.7 14.2
-5409.6 1784.2 14.1
-5395.7 1778.6 13.9
-5381.8 1773.0 13.8
-5367.8 1767.4 13.7
-5353.9 1761.8 13.5
-5340.0 1756.2 13.4
-5326.1 1750.6 13.2
-5312.2 1745.0 13.1
-5298.2 1739.4 12.9
-5284.3 1733.9 12.8
-5270.4 1728.3 12.6
-5256.5 1722.7 12.6
-5242.6 1717.1 12.7
-5228.6 1711.5 12.8
-5214.7 1705.9 12.8
-5200.8 1700.3 12.9
-5186.9 1694.7 13.0
-5173.0 1689.2 13.1
-5159.0 1683.6 12.9
-5145.1 1678.0 12.6
-5131.2 1672.4 12.4
-5117.3 1666.8 12.2
-5104.0 1659.9 11.9
-5091.2 1652.1 11.7
-5078.4 1644.3 11.8
-5065.5 1636.6 11.7
-5052.7 1628.8 11.6
-5039.9 1621.0 11.5
-5027.1 1613.2 11.4
-5014.2 1605.5 11.2
-5001.4 1597.7 11.1
-4988.6 1589.9 11.0
-4976.6 1580.8 11.0
-4964.7 1571.8 11.0
-4952.7 1562.7 11.0
-4940.7 1553.7 11.0
-4928.8 1544.6 11.0
-4916.8 1535.6 10.9
-4904.9 1526.5 10.8
-4893.1 1517.3 10.7
-4882.4 1506.8 10.7
-4871.6 1496.3 10.7
-4860.9 1485.8 10.8
-4850.2 1475.3 10.8
-4839.5 1464.8 11.1
-4828.8 1454.3 11.5
-4818.0 1443.8 11.7
-4807.3 1433.3 11.8
-4796.6 1422.8 12.0
-4787.1 1411.2 12.2
-4777.6 1399.6 12.5
-4768.1 1388.0 13.2
-4758.5 1376.5 13.5
-4749.0 1364.9 13.9
-4739.5 1353.3 14.2
-4730.0 1341.7 14.5
-4721.1 1329.6 14.8
-4712.3 1317.4 14.6
-4703.5 1305.3 14.2
-4694.7 1293.1 13.9
-4685.9 1281.0 13.6
-4677.1 1268.8 13.3
-4668.3 1256.7 13.0
-4659.5 1244.5 12.7
-4652.0 1231.6 12.4
-4644.8 1218.4 12.3
-4637.7 1205.2 12.2
-4630.6 1192.0 12.2
-4623.5 1178.8 12.3
-4616.3 1165.6 12.4
-4609.3 1152.4 12.4
-4602.7 1138.9 12.5
-4596.1 1125.4 12.6
-4589.5 1112.0 12.6
-4577.0 1086.7 12.4
-524.1 -7744.3 19.9
-530.4 -7730.7 20.1
-536.7 -7717.1 20.5
-543.0 -7703.4 20.7
-549.4 -7689.8 20.8
-555.7 -7676.2 20.8
-562.0 -7662.6 20.8
-568.3 -7649.0 20.8
-574.6 -7635.4 20.9
-581.2 -7621.4 20.9
-695.1 -7370.3 19.4
-689.0 -7384.0 19.2
-683.0 -7397.7 19.1
-676.0 -7413.3 18.9
-669.4 -7427.5 18.7
-663.1 -7441.1 18.8
-656.7 -7454.7 19.2
-645.4 -7478.9 19.9
-589.8 -7601.5 21.0
-596.0 -7587.8 21.1
-602.2 -7574.2 21.2
-608.3 -7560.5 21.3
-614.5 -7546.8 21.3
-620.6 -7533.1 21.0
-626.8 -7519.5 21.0
-635.6 -7499.9 20.5
-3480.3 -6512.3 27.1
-3465.7 -6508.9 26.8
-3451.1 -6505.5 26.6
-3427.0 -6499.8 26.0
-3481.0 -6508.6 27.1
-3466.4 -6505.3 26.9
-3451.8 -6501.9 26.7
-3427.7 -6496.3 26.1
5394.4 -5353.8 22.8
5404.1 -5342.3 22.6
5412.0 -5351.9 22.8
5419.8 -5364.8 23.2
5430.4 -5369.4 23.3
5442.6 -5370.1 23.4
5450.9 -5382.6 23.4
5459.1 -5395.1 23.4
5467.4 -5407.6 23.3
5475.2 -5428.9 22.6
-4203.6 -3348.4 14.7
-4173.3 -3354.2 14.7
-4047.2 -3705.5 14.5
-4054.9 -3692.7 14.6
-4062.7 -3679.8 14.8
-4070.4 -3667.0 15.0
-4078.2 -3654.1 15.0
-4085.9 -3641.3 15.1
-4093.6 -3628.4 15.1
-4101.4 -3615.6 15.1
-4109.1 -3602.7 15.1
-4116.9 -3589.9 15.1
-4124.6 -3577.1 15.1
-4132.3 -3564.2 15.2
-4140.1 -3551.4 15.2
-4152.4 -3531.0 15.3
2952.3 -2173.5 13.7
2952.2 -2188.5 14.2
2952.1 -2203.5 14.8
2952.0 -2218.5 15.3
2951.9 -2233.5 15.9
2951.8 -2248.5 16.4
2951.6 -2263.5 16.9
2951.5 -2278.5 17.5
2951.4 -2293.5 18.0
2951.3 -2308.5 18.6
2951.1 -2337.3 19.7
2935.9 -2339.3 19.9
2935.9 -2324.3 19.4
2935.9 -2309.3 18.9
2935.9 -2294.3 18.3
2936.0 -2279.3 17.8
2936.0 -2264.3 17.2
2936.0 -2249.3 16.7
2936.0 -2234.3 16.2
2936.0 -2219.3 15.6
2936.1 -2204.3 15.1
2936.1 -2180.5 14.2
4069.7 -7096.5 24.3
4082.9 -7089.4 24.5
4096.5 -7083.3 24.7
4111.0 -7079.8 24.9
4126.0 -7078.2 25.5
4140.9 -7077.5 25.9
4155.9 -7077.0 26.2
4170.9 -7076.5 26.5
4185.9 -7076.0 26.5
4200.9 -7075.4 26.4
4215.8 -7074.2 26.1
4240.1 -7072.2 25.8
4858.0 -6694.7 30.6
4840.0 -6692.7 30.6
4846.8 -6700.5 30.5
4831.8 -6708.4 30.3
-624.8 -4599.5 15.4
-623.9 -4584.6 15.7
-623.0 -4569.6 16.0
-622.1 -4554.6 16.1
-620.8 -4533.5 16.0
5167.1 -5867.3 25.3
5177.2 -5876.7 25.4
4962.7 -6536.5 29.3
4963.2 -6497.6 29.2
4943.3 -6715.8 30.0
5029.9 -6740.4 29.2
5042.0 -6749.3 28.8
3443.6 -7053.3 22.2
3436.4 -7040.1 22.2
3429.1 -7027.0 22.9
3421.9 -7013.9 23.5
3414.6 -7000.7 23.2
3407.4 -6987.6 23.0
3399.2 -6972.7 22.7
2264.3 -7114.2 26.6
2287.0 -7109.3 26.4
2280.1 -7080.9 26.1
2289.2 -7078.4 25.9
2287.1 -7071.4 25.9
2300.2 -7068.9 25.7
2313.9 -7064.6 25.6
2340.9 -7057.3 25.4
2287.1 -7071.4 25.9
2285.0 -7064.4 25.8
2275.3 -7033.5 25.9
2285.0 -7064.4 25.8
2270.8 -7069.3 26.2
2273.9 -7081.9 26.1
2280.1 -7080.9 26.1
5100.2 -4978.6 19.8
5110.6 -4989.5 20.2
5121.0 -5000.3 20.6
5135.5 -4996.7 20.9
5150.0 -4992.9 21.7
5164.5 -4989.1 21.8
5179.0 -4985.4 21.4
5193.6 -4981.6 21.1
5186.9 -4970.4 20.4
5177.9 -4958.4 19.6
5168.9 -4946.4 18.9
5156.0 -4945.5 19.0
5141.5 -4949.1 19.3
5126.9 -4952.7 19.7
5112.3 -4956.3 19.5
5097.8 -4959.9 19.3
5100.2 -4978.6 19.8
4771.9 -5374.0 21.7
4785.2 -5367.0 21.9
4798.5 -5360.1 22.1
4811.8 -5353.1 22.3
4825.1 -5346.1 22.4
4838.3 -5339.1 23.3
4851.6 -5332.1 24.2
4864.9 -5325.2 25.1
4878.2 -5318.2 26.0
4891.4 -5311.2 26.9
4904.7 -5304.2 27.8
4918.0 -5297.3 28.2
4931.3 -5290.3 27.4
4944.6 -5283.3 25.6
4957.8 -5276.3 23.9
4971.1 -5269.4 23.4
4984.4 -5262.4 23.1
4997.7 -5255.4 22.9
5011.0 -5248.4 22.8
5024.2 -5241.4 23.0
5037.5 -5234.5 23.2
5050.8 -5227.5 23.4
5064.1 -5220.5 23.6
5077.3 -5213.5 23.9
5090.6 -5206.6 24.2
5103.9 -5199.6 24.4
5117.2 -5192.6 24.5
5130.5 -5185.6 24.5
5143.7 -5178.6 24.3
5156.7 -5171.2 24.2
5169.8 -5163.8 24.0
5182.8 -5156.4 23.8
5195.9 -5149.0 23.7
5208.9 -5141.6 23.5
5222.0 -5134.2 23.4
5235.0 -5126.8 23.4
5248.1 -5119.4 23.8
5261.1 -5112.0 24.2
5274.2 -5104.6 24.5
5287.2 -5097.2 24.9
5300.3 -5089.8 25.2
5313.3 -5082.4 25.3
5326.4 -5075.0 25.3
5339.4 -5067.6 24.7
5352.5 -5060.2 24.1
5365.5 -5052.8 23.5
5378.6 -5045.4 23.0
5391.6 -5038.0 22.8
5404.7 -5030.6 23.0
5417.9 -5023.5 23.1
5431.1 -5016.4 23.2
5444.3 -5009.3 23.4
5457.5 -5002.2 23.5
5470.7 -4995.1 23.6
5483.9 -4988.0 23.6
5497.1 -4980.8 23.9
5510.3 -4973.7 24.2
5523.5 -4966.6 24.4
5536.7 -4959.5 24.7
5550.0 -4952.4 25.0
5563.2 -4945.3 25.3
5576.4 -4938.2 25.5
5589.6 -4931.1 25.8
5602.8 -4924.0 26.0
5616.0 -4916.9 26.2
5629.2 -4909.8 26.4
5642.4 -4902.6 26.6
5655.6 -4895.5 26.8
5668.9 -4888.5 27.0
5682.2 -4881.6 27.1
5695.5 -4874.8 27.3
5708.9 -4867.9 27.4
5722.2 -4861.1 27.6
5735.6 -4854.2 27.7
5748.9 -4847.4 27.8
5762.3 -4840.5 28.0
5775.6 -4833.7 28.1
5789.0 -4826.8 28.3
5802.3 -4820.0 28.5
5815.7 -4813.2 28.7
5829.0 -4806.3 28.8
5842.4 -4799.5 29.0
5855.7 -4792.6 29.2
5869.0 -4785.8 29.4
5882.4 -4778.9 29.7
5895.7 -4772.1 29.9
5909.1 -4765.2 30.1
5922.4 -4758.4 30.3
5936.9 -4750.9 30.6
4845.9 -5280.4 24.5
4859.0 -5273.0 24.7
4872.0 -5265.6 24.9
4885.1 -5258.2 25.0
4898.1 -5250.8 25.2
4911.2 -5243.5 25.2
4924.2 -5236.1 25.0
4937.3 -5228.7 24.9
4950.3 -5221.3 24.8
4963.4 -5213.9 24.7
4976.4 -5206.5 24.6
4989.5 -5199.1 24.5
5002.5 -5191.7 24.4
5015.6 -5184.3 24.3
5028.6 -5176.9 24.2
5041.7 -5169.5 24.0
5054.7 -5162.1 23.9
5067.8 -5154.7 23.8
5080.8 -5147.3 23.7
5093.9 -5139.9 23.6
5106.9 -5132.5 23.5
5120.0 -5125.2 23.4
5133.2 -5118.0 23.5
5146.3 -5110.8 23.5
5159.5 -5103.6 23.6
5172.7 -5096.5 23.6
5185.8 -5089.3 24.2
5199.0 -5082.1 24.7
5212.2 -5074.9 25.2
5225.3 -5067.7 25.8
5238.5 -5060.5 26.3
5251.7 -5053.3 26.0
5264.8 -5046.2 25.6
5278.0 -5039.0 25.0
5291.2 -5031.8 24.4
5304.3 -5024.6 23.8
5317.5 -5017.4 23.2
5330.7 -5010.2 22.6
5343.8 -5003.0 21.9
5357.0 -4995.9 21.4
5370.2 -4988.7 21.7
5383.3 -4981.5 22.1
5396.5 -4974.3 22.4
5409.7 -4967.1 22.7
5422.8 -4959.9 23.1
5436.0 -4952.7 23.4
5449.2 -4945.5 23.5
5462.3 -4938.4 23.6
5475.6 -4931.3 23.7
5489.0 -4924.7 23.8
5502.5 -4918.0 23.9
5515.9 -4911.4 24.1
5529.4 -4904.8 24.5
5542.8 -4898.1 24.9
5556.3 -4891.5 25.3
5569.7 -4884.8 25.8
5583.2 -4878.2 26.4
5596.6 -4871.6 26.9
5610.1 -4864.9 27.4
5623.5 -4858.3 28.0
5637.0 -4851.6 28.5
5650.4 -4845.0 28.8
5663.9 -4838.4 28.6
5677.3 -4831.7 28.4
5690.8 -4825.1 28.2
5704.2 -4818.4 28.0
5717.7 -4811.8 27.8
5731.1 -4805.2 27.6
5744.6 -4798.5 27.6
5758.0 -4791.9 27.8
5771.5 -4785.2 28.0
5785.0 -4778.7 28.2
5798.5 -4772.2 28.4
5812.0 -4765.7 28.6
5825.6 -4759.3 28.8
5839.1 -4752.8 29.0
5852.6 -4746.3 29.3
5866.1 -4739.8 29.6
5879.6 -4733.3 30.0
5893.2 -4726.8 30.3
5906.7 -4720.3 30.6
5920.2 -4713.8 30.9
5933.7 -4707.3 31.2
5954.9 -4697.1 31.8
5075.0 -6482.4 28.4
5092.2 -6464.3 28.5
4245.1 -6951.9 25.4
4256.0 -6941.6 25.5
4266.9 -6931.3 25.6
4284.7 -6914.6 25.4
-211.7 -4295.3 15.5
-229.4 -4288.5 15.8
-235.7 -4291.4 15.9
-230.2 -4277.4 15.8
-224.7 -4263.4 15.5
-215.4 -4239.7 15.1
-211.2 -4242.0 15.0
-189.1 -4250.1 14.5
-274.7 -4385.4 16.7
-269.9 -4371.2 17.0
-265.1 -4357.0 17.2
-195.8 -2923.2 19.3
-168.1 -2926.7 19.4
-196.3 -2916.4 19.4
-193.2 -2880.1 19.9
-162.3 -2925.3 19.5
-161.8 -2910.3 19.7
-161.1 -2884.9 19.6
-216.5 -3914.5 14.3
-210.0 -3893.3 14.6
-205.4 -3870.2 14.8
-202.2 -3849.5 15.0
-260.6 -3842.3 15.1
-245.7 -3844.1 15.1
-230.8 -3846.0 15.1
-202.2 -3849.5 15.0
-267.7 -3849.5 15.0
-260.6 -3842.3 15.1
-348.9 -3835.2 15.2
-334.1 -3837.5 15.1
-319.3 -3839.9 15.1
-304.5 -3842.3 15.1
-354.3 -3843.9 15.2
-352.2 -3839.7 15.2
-348.9 -3835.2 15.2
-246.7 -3929.6 14.4
-241.3 -3928.5 14.4
-233.6 -3931.0 14.3
-230.0 -3933.9 14.2
-228.8 -3959.9 13.9
-233.1 -3974.3 13.8
-237.3 -3988.7 13.7
-241.6 -4003.1 13.6
-245.9 -4017.5 13.9
-253.7 -4028.1 14.3
-267.9 -4024.1 13.9
-285.1 -4018.2 14.0
-403.8 -3985.3 15.4
-365.3 -4000.9 14.9
-359.3 -4002.2 14.8
-343.0 -4004.2 14.6
-337.3 -4004.5 14.5
-324.4 -3986.7 14.4
123.8 -3280.4 18.2
102.0 -3281.2 18.2
100.5 -3274.2 18.3
-417.2 -3972.3 15.6
-430.0 -3954.3 15.8
-438.7 -3942.0 16.0
-450.6 -3932.9 16.1
-464.4 -3924.1 16.3
-470.7 -3916.9 16.4
-476.8 -3903.4 16.5
-486.6 -3885.2 16.7
-497.9 -3873.5 16.8
-512.1 -3862.9 17.1
-10.9 -4180.6 17.8
-19.7 -4168.5 17.7
-28.5 -4156.3 17.6
-37.3 -4144.2 17.5
-46.1 -4132.0 17.4
-54.9 -4119.9 17.1
-70.3 -4098.6 16.3
-576.0 -4214.7 15.2
-588.4 -4206.3 15.4
-600.8 -4197.8 15.5
-613.2 -4189.4 15.7
-625.6 -4181.0 15.8
-638.1 -4172.6 15.9
-650.5 -4164.2 16.1
-673.3 -4148.7 16.3
-1152.0 -3933.1 20.5
-1172.2 -3921.9 20.5
6520.5 -3757.1 24.4
6534.4 -3751.5 24.1
6548.3 -3745.8 24.1
6562.2 -3740.2 23.9
6576.1 -3734.5 23.8
6590.0 -3728.9 23.6
6603.9 -3723.2 23.4
6617.7 -3717.5 23.3
6631.6 -3711.7 23.2
6645.4 -3706.0 23.2
6667.3 -3696.9 23.1
6519.8 -3744.2 24.2
6533.9 -3739.2 24.1
6547.9 -3733.8 23.9
6561.8 -3728.2 23.7
6575.7 -3722.6 23.5
6589.7 -3717.0 23.4
6603.6 -3711.4 23.2
6617.5 -3705.9 23.1
6631.5 -3700.4 23.0
6645.4 -3694.9 23.1
6666.3 -3686.6 23.0
3831.2 2511.8 82.6
3818.4 2503.9 85.1
3805.6 2496.1 87.5
3792.8 2488.3 89.9
3780.0 2480.5 92.3
3767.2 2472.7 94.7
3754.4 2464.8 97.2
3738.1 2454.9 100.2
3763.8 2383.6 103.5
3755.4 2396.0 103.4
3747.0 2408.4 103.2
3738.5 2420.9 103.0
3730.1 2433.3 102.8
3721.7 2445.7 102.7
3713.3 2458.1 102.5
3704.8 2470.5 102.3
3696.4 2482.9 102.1
3688.0 2495.3 102.0
3676.8 2511.8 101.7
4196.5 3151.7 72.0
4199.8 3137.0 72.0
4203.0 3122.4 72.3
4206.3 3107.8 72.7
4209.6 3093.1 72.9
4212.8 3078.5 72.4
4216.1 3063.8 72.0
4208.9 3062.7 72.4
4195.5 3069.5 73.4
4182.1 3076.3 74.5
4168.8 3083.1 75.5
4160.7 3094.9 76.7
4154.5 3108.6 77.3
4148.4 3122.3 77.7
4142.3 3136.0 77.7
4134.1 3154.3 73.6
4612.4 2741.1 31.1
4598.5 2735.4 31.3
4584.6 2729.7 31.5
4570.7 2724.0 31.7
4556.9 2718.3 31.9
4541.2 2711.9 32.3
-6319.7 3545.4 9.2
-6330.3 3556.0 9.3
-6340.9 3566.7 9.4
-6359.6 3585.6 9.7
-4567.0 1399.5 15.2
-4579.0 1408.6 15.5
-4591.0 1417.6 15.9
-4602.9 1426.7 16.2
-4614.3 1436.4 16.2
-4624.9 1447.0 15.5
-4635.4 1457.7 14.8
-4647.0 1467.1 14.1
-4659.6 1475.2 13.4
-4672.2 1483.4 13.3
-4684.5 1492.0 12.8
-4702.3 1515.8 11.8
-4219.7 2134.1 14.0
-4193.9 2108.9 13.8
-4410.9 2533.9 16.3
-4401.7 2545.8 16.5
-4392.5 2557.6 16.6
-4383.3 2569.5 16.9
-4374.1 2581.3 17.1
-4364.9 2593.2 17.4
-4355.7 2605.0 17.6
-4346.5 2616.9 17.8
-4337.3 2628.7 17.8
-4327.0 2642.0 17.8
-4546.4 2895.5 14.2
-4535.3 2905.7 14.3
-4524.3 2915.8 14.5
-4513.2 2926.0 14.6
-4502.2 2936.1 14.7
-4491.2 2946.3 14.8
-4480.3 2956.6 15.0
-4469.2 2966.7 15.1
-4450.8 2982.9 15.4
-4382.9 3102.2 14.9
-4374.6 3089.7 15.1
-4366.3 3077.3 15.4
-4358.0 3064.8 15.5
-4349.6 3052.3 15.6
-4341.3 3039.8 15.7
-4331.5 3028.9 15.8
-4315.5 3018.1 15.9
-4291.1 2911.9 15.9
-4303.1 2921.0 16.0
-4315.0 2930.0 16.0
-4327.0 2939.1 16.0
-4338.9 2948.2 16.0
-4350.9 2957.2 16.0
-4362.8 2966.3 16.0
-4376.1 2976.4 16.1
-3499.4 3787.6 19.6
-3509.0 3776.1 19.4
-3518.7 3764.6 19.3
-3528.3 3753.1 19.1
-3538.0 3741.7 18.9
-3547.7 3730.2 18.8
-3557.3 3718.7 18.6
-3567.0 3707.2 18.4
-3577.0 3703.9 18.3
-3587.6 3714.6 18.2
-3602.1 3729.2 18.0
-4876.3 3208.3 16.1
-4887.1 3218.8 16.0
-4897.9 3229.2 16.1
-4908.7 3239.6 16.2
-4919.4 3250.1 16.2
-4930.2 3260.5 16.3
-4941.0 3271.0 16.2
-4952.1 3281.0 16.2
-4963.3 3291.0 16.3
-4974.0 3301.4 16.3
-4982.0 3314.1 16.3
-4989.6 3327.0 16.2
-4995.5 3340.7 16.1
-5001.4 3354.5 16.1
-5007.3 3368.3 15.6
-5013.2 3382.1 15.1
-5021.8 3402.0 14.6
-4900.8 3246.2 16.0
-4911.4 3256.9 16.1
-4921.9 3267.5 16.2
-4932.5 3278.2 16.2
-4943.0 3288.9 16.2
-4953.6 3299.5 16.2
-4963.8 3310.5 16.2
-4972.6 3322.5 16.2
-4978.9 3336.1 16.1
-4985.2 3349.7 16.0
-4991.4 3363.3 15.8
-4997.7 3377.0 15.1
-5004.0 3390.6 14.8
-5009.9 3404.3 14.7
-5015.9 3418.1 14.6
-5021.8 3431.9 14.5
-5027.8 3445.7 14.5
-5033.7 3459.4 14.5
-5039.7 3473.2 14.5
-5045.6 3487.0 14.5
-5051.6 3500.7 14.5
-5057.5 3514.5 14.5
-5063.4 3528.3 14.6
-5069.4 3542.1 14.6
-5075.3 3555.8 14.6
-5081.3 3569.6 14.6
-5087.2 3583.4 14.6
-5090.1 3596.4 14.6
-5078.6 3606.1 14.7
-5067.2 3615.8 14.7
-5055.8 3625.5 14.8
-5044.3 3635.2 14.8
-5032.9 3644.9 14.9
-5021.4 3654.6 14.9
-5010.0 3664.3 15.0
-4998.4 3673.8 15.0
-4986.5 3683.0 15.1
-4974.6 3692.2 15.1
-4962.8 3701.3 15.2
-4950.9 3710.5 15.2
-4939.0 3719.7 15.3
-4927.2 3728.8 15.3
-4909.5 3742.5 15.4
-4878.5 3792.9 15.6
-4887.3 3805.1 15.6
-4896.0 3817.2 15.6
-4904.8 3829.4 15.6
-4913.5 3841.6 15.6
-4922.3 3853.8 15.6
-4931.1 3865.9 15.6
-4939.8 3878.1 15.6
-4948.6 3890.3 15.6
-4957.3 3902.5 15.6
-4966.1 3914.7 15.6
-4974.8 3926.8 15.6
-4983.6 3939.0 15.7
-4996.0 3956.3 15.7
-3978.3 4567.7 27.1
-3991.9 4574.1 27.0
-4005.5 4580.5 26.9
-4019.1 4586.9 26.9
-4032.7 4593.2 26.7
-4046.2 4599.6 26.5
-4065.6 4608.7 26.3
-3021.0 3307.1 27.1
-3011.9 3295.1 27.0
-3002.8 3283.2 26.9
-2993.8 3271.2 26.7
-2984.7 3259.3 26.6
-2975.6 3247.3 26.6
-2966.6 3235.4 26.6
-2957.5 3223.4 26.6
-2948.4 3211.5 26.6
-2939.4 3199.5 26.5
-2930.3 3187.6 26.5
-2921.2 3175.6 26.5
-2912.2 3163.7 26.5
-2903.1 3151.7 26.5
-2894.0 3139.8 26.4
-2883.1 3141.8 26.4
-2871.3 3151.0 26.3
-2859.4 3160.2 26.1
-2847.6 3169.4 26.0
-2835.7 3178.6 25.9
-2823.9 3187.8 25.8
-2812.1 3197.0 25.7
-2790.5 3213.8 25.5
-4944.3 2108.4 13.7
-4954.8 2097.7 13.6
-4965.3 2086.9 13.4
-4975.8 2076.2 13.3
-4986.3 2065.5 13.2
-4996.8 2054.8 13.1
-5011.6 2039.8 12.9
-5125.6 1976.4 12.1
-5135.8 1987.5 11.9
-5146.0 1998.5 11.6
-5156.2 2009.5 11.3
-5166.4 2020.5 11.0
-5176.5 2031.5 10.6
-5186.7 2042.5 10.2
-5196.9 2053.6 10.3
-5208.5 2066.1 10.5
-4512.4 2782.8 15.9
-4522.5 2771.7 15.9
-4532.7 2760.6 15.8
-4542.8 2749.6 15.7
-4552.9 2738.5 15.7
-4563.0 2727.4 15.6
-4580.4 2708.5 15.4
-4443.1 2853.1 15.6
-4465.8 2827.9 15.7
-6752.9 4306.4 11.5
-6752.9 4330.2 11.2
-6750.3 4339.4 11.2
-6735.2 4346.9 11.2
-6711.8 4347.7 11.1
-6696.3 4345.8 11.1
-6681.6 4345.8 11.1
-6661.9 4341.6 11.0
-6645.3 4329.1 11.0
-6633.6 4322.7 11.0
-6623.1 4334.4 10.9
-6609.1 4348.1 10.9
-6575.5 4349.2 11.1
-6033.4 4555.0 12.5
-6024.2 4562.4 12.6
-6011.7 4562.7 12.6
-6000.8 4561.0 12.6
-5992.6 4559.7 12.6
-5986.0 4561.2 12.6
-5980.2 4565.2 12.6
-5974.5 4569.6 12.6
-5956.8 4583.6 12.7
-5591.5 4610.8 12.8
-5579.5 4619.8 13.0
-5567.5 4628.8 12.9
-5555.5 4637.8 12.8
-5543.5 4646.8 13.0
-5531.5 4655.7 13.1
-5512.2 4670.2 13.1
-5655.2 4643.7 10.5
-5643.3 4652.8 10.8
-5631.4 4662.0 11.1
-5619.6 4671.2 11.3
-5601.6 4685.0 11.6
-5774.2 5051.6 13.0
-5759.9 5047.1 13.3
-5745.5 5042.6 13.6
-5723.2 5035.7 14.1
-5549.8 4329.0 15.2
-5554.3 4314.7 15.3
-5558.7 4300.4 15.5
-5563.1 4286.0 15.6
-5567.5 4271.7 15.7
-5571.9 4257.4 15.8
-5577.8 4238.4 15.7
-5462.2 2382.8 12.1
-5476.5 2378.6 12.1
-5490.9 2374.3 11.9
-5506.3 2369.7 11.6
-6328.1 4493.1 11.3
-6337.5 4482.8 11.4
-6345.1 4477.7 11.5
-6351.7 4475.2 11.6
-6355.3 4476.4 11.7
-6362.1 4480.0 11.8
-6363.4 4481.1 11.8
-6365.1 4484.6 11.8
-6366.1 4487.5 11.8
-6366.0 4491.6 11.9
-6365.1 4496.7 11.9
-6363.8 4502.1 11.9
-6361.2 4513.1 11.9
-6361.4 4518.4 12.0
-6364.9 4524.3 12.1
-6371.5 4526.8 12.2
-6377.3 4528.6 12.3
-6380.2 4528.9 12.3
-6384.3 4529.7 12.4
-6385.1 4529.2 12.4
-6390.5 4526.2 12.4
-6394.0 4524.2 12.5
-6399.3 4520.7 12.5
-6409.7 4513.2 12.6
-6420.2 4506.6 12.7
-6432.3 4499.1 12.9
-6439.4 4494.6 12.9
-6452.6 4487.2 13.1
-6459.4 4485.4 13.2
-6465.0 4488.2 13.3
-6470.0 4489.6 13.4
-6478.1 4490.1 13.5
-6695.8 4215.9 11.1
-6716.6 4202.9 11.1
-6735.3 4192.4 11.0
-6748.1 4183.8 11.0
-6755.6 4178.8 11.0
-6757.0 4169.0 11.0
-6757.1 4160.9 11.0
-6749.1 4134.4 11.8
-6732.4 4090.9 12.3
-4538.1 2894.6 14.3
-4527.4 2884.1 14.5
-4516.6 2873.6 14.6
-4503.2 2860.5 14.8
-6762.8 4288.9 11.7
-6767.4 4270.4 11.5
-6766.6 4228.7 11.3
-6772.3 4217.7 11.2
-2226.7 4469.6 39.2
-2217.1 4481.1 39.2
-2207.5 4492.6 39.2
-2197.9 4504.1 39.2
-2188.3 4515.7 39.1
-2178.7 4527.2 39.1
-2169.1 4538.7 39.1
-2159.5 4550.2 39.1
-2149.9 4561.8 39.0
-2140.3 4573.3 39.0
-2130.7 4584.8 39.0
-2121.1 4596.3 38.9
-2111.5 4607.8 38.6
-2101.9 4619.4 38.4
-2092.3 4630.9 38.1
-2082.7 4642.4 37.9
-2073.1 4653.9 37.6
-2063.5 4665.5 37.4
-2053.9 4677.0 37.1
-2044.3 4688.5 36.9
-2034.7 4700.0 36.6
-2025.1 4711.5 36.4
-2015.4 4723.1 36.1
-2005.8 4734.6 35.9
-1996.2 4746.1 35.6
-1986.6 4757.6 35.4
-1977.0 4769.2 35.1
-1967.4 4780.7 34.9
-1957.8 4792.2 34.6
-1948.2 4803.7 34.4
-1938.6 4815.2 34.1
-1922.1 4835.0 33.7
-1591.1 5233.1 19.1
-1600.8 5221.6 19.5
-1610.5 5210.2 19.9
-1620.2 5198.8 20.4
-1629.9 5187.3 20.8
-1639.6 5175.9 21.2
-1649.3 5164.4 21.7
-1659.0 5153.0 22.1
-1668.7 5141.6 22.5
-1678.4 5130.1 23.0
-1688.1 5118.7 23.4
-1697.8 5107.2 23.8
-1707.5 5095.8 24.3
-1717.2 5084.4 24.7
-1726.9 5072.9 25.1
-1736.6 5061.5 25.6
-1746.3 5050.0 26.0
-1756.0 5038.6 26.4
-1765.7 5027.2 26.9
-1777.6 5018.6 27.2
-1791.1 5012.1 27.4
-1804.6 5005.6 27.6
-1818.2 4999.1 27.8
-1831.7 4992.6 28.1
-1845.2 4986.1 28.3
-1858.7 4979.6 28.5
-1872.3 4973.2 28.7
-1891.5 4963.9 29.1
-1913.4 4968.3 28.8
-1926.4 4975.9 28.5
-1939.3 4983.5 28.1
-1952.2 4991.1 27.8
-1965.1 4998.7 27.4
-1978.1 5006.3 27.1
-1991.0 5013.9 26.7
-2003.9 5021.5 26.4
-2016.8 5029.2 26.0
-2029.8 5036.8 25.7
-2042.7 5044.4 25.3
-2055.6 5052.0 25.0
-2068.5 5059.6 24.6
-2081.5 5067.2 24.3
-2094.4 5074.8 23.9
-2107.3 5082.4 23.6
-2120.2 5090.1 23.2
-2133.2 5097.7 22.9
-2146.1 5105.3 22.6
-2159.0 5112.9 22.5
-2153.0 5124.6 22.3
-2140.2 5142.6 21.8
-1564.4 4219.5 30.8
-1574.8 4208.7 31.2
-1585.2 4197.9 31.6
-1595.6 4187.1 32.0
-1605.7 4176.1 32.4
-1608.5 4162.1 32.7
-1604.4 4147.7 33.0
-1596.4 4135.1 33.2
-1587.5 4123.0 33.4
-1578.7 4110.9 33.6
-1569.9 4098.8 33.7
-1561.1 4086.6 33.9
-1552.2 4074.5 33.9
-1542.5 4061.1 33.8
-1480.9 4048.2 32.7
-1468.9 4057.2 32.4
-1457.0 4066.3 32.0
-1445.0 4075.3 31.7
-1433.0 4084.4 31.4
-1421.1 4093.5 31.0
-1409.1 4102.5 30.7
-1397.2 4111.6 30.3
-1377.7 4126.3 29.8
548.2 2926.5 25.9
533.2 2925.8 25.8
518.2 2925.1 25.8
503.3 2925.6 25.8
488.4 2927.6 25.7
473.6 2929.7 25.7
458.7 2931.8 25.7
435.3 2936.9 25.7
922.8 6273.2 30.6
910.8 6282.2 31.1
898.7 6291.1 30.9
886.7 6300.1 30.5
874.6 6309.0 30.3
862.6 6318.0 30.0
850.6 6326.9 29.9
838.5 6335.9 30.1
826.5 6344.8 30.4
814.5 6353.8 30.0
802.4 6362.7 29.5
790.4 6371.7 29.0
776.1 6382.3 28.4
-6151.2 5896.2 14.9
-6139.4 5887.0 14.8
-6127.5 5877.8 14.8
-6115.7 5868.6 14.8
-6103.8 5859.4 14.8
-6091.9 5850.2 14.7
-6080.1 5841.0 14.7
-6076.9 5832.0 14.7
-6089.0 5823.1 14.6
-6101.1 5814.3 14.4
-6113.8 5819.0 14.4
-6126.6 5826.7 14.4
-6139.4 5834.5 14.6
-6152.2 5842.3 15.0
-6165.1 5850.1 14.9
-6177.9 5857.8 14.7
-6200.1 5871.2 14.4
-6278.3 5600.5 18.4
-6271.2 5587.3 18.3
-6264.0 5574.1 18.2
-6259.9 5559.8 18.0
-6256.6 5545.2 17.8
-6253.8 5530.5 17.6
-6250.3 5515.9 17.4
-6243.5 5502.6 17.2
-6236.3 5489.5 17.1
-6228.7 5476.5 17.0
-6228.0 5461.9 16.7
-6228.1 5446.9 16.4
-6226.8 5432.0 16.2
-6225.5 5417.0 15.9
4312.9 3763.9 36.8
4327.9 3763.1 36.5
4342.8 3762.4 36.2
4357.8 3761.6 35.9
4372.1 3757.7 35.6
4386.5 3759.0 35.3
4401.0 3762.8 35.0
4415.5 3766.7 34.7
4436.3 3772.2 34.1
2939.1 2396.4 60.1
2954.0 2394.4 60.5
2968.8 2392.5 60.9
2983.7 2390.6 61.4
2998.4 2387.7 61.8
3013.0 2384.1 62.1
3027.5 2380.5 62.4
3042.1 2376.9 62.7
3056.7 2373.3 63.1
3071.2 2369.8 63.4
3085.7 2365.9 63.7
3100.0 2361.3 64.0
3114.3 2356.7 64.4
3130.9 2351.3 65.8
-458.6 6459.0 20.0
-450.2 6471.4 20.0
-441.8 6483.8 20.0
-432.0 6495.1 20.0
-416.1 6511.1 20.0
-876.2 4864.4 22.3
-865.6 4875.0 21.9
-854.9 4885.6 21.9
-844.3 4896.1 22.2
-833.1 4907.3 22.5
-1817.8 7617.1 31.8
-1806.9 7606.8 32.2
-1796.1 7596.4 32.6
-1785.4 7585.8 33.1
-1774.8 7575.3 33.6
-1756.5 7557.1 34.4
-1847.7 7645.7 30.5
-1827.1 7626.5 31.4
-1906.0 7706.6 29.1
-1895.7 7695.8 29.2
-1885.3 7685.0 29.4
-1867.3 7666.3 29.9
-664.8 5881.6 22.8
-663.1 5896.5 22.6
-661.3 5911.4 22.3
-659.6 5926.3 22.0
-656.1 5940.7 21.7
-651.0 5954.9 21.3
-646.0 5969.0 20.8
-640.9 5983.1 20.4
-635.3 5997.0 19.9
-628.9 6010.5 19.6
-622.4 6024.1 19.8
-616.0 6037.6 20.0
-622.4 6047.7 20.2
-634.8 6056.0 20.3
-647.3 6064.4 20.5
-659.7 6072.7 20.7
-672.2 6081.1 20.9
-684.7 6089.4 21.0
-697.1 6097.8 21.0
-711.0 6107.0 20.6
3816.2 336.0 59.2
3831.2 336.6 58.2
3846.2 337.2 57.3
3861.2 337.9 56.4
3876.2 338.5 55.4
3891.2 339.2 54.5
3906.2 339.8 53.5
3921.1 340.5 52.6
3936.1 341.1 51.7
3951.1 341.8 50.7
3966.1 342.4 49.8
3981.1 343.1 48.9
3996.1 343.7 47.9
4011.1 344.3 47.1
4026.0 345.0 46.5
4041.0 345.6 45.8
4056.0 346.3 45.2
4084.0 347.5 44.0
4138.5 1699.0 64.5
4153.1 1695.6 63.7
4167.8 1692.3 63.0
4177.5 1697.5 62.1
4182.1 1711.8 61.2
4186.7 1726.1 59.8
4191.3 1740.4 58.3
4197.1 1758.6 56.4
6370.1 -5826.0 22.2
6361.7 -5813.5 22.8
6353.3 -5801.1 22.7
6344.9 -5788.7 22.7
6336.5 -5776.3 22.6
6328.1 -5763.9 22.6
6318.8 -5755.4 22.4
6305.8 -5763.0 22.1
6284.6 -5775.5 21.5
6433.7 -5798.3 22.4
6420.8 -5805.9 22.5
6407.9 -5813.5 22.4
6395.0 -5821.1 22.2
6382.0 -5828.7 22.0
6369.1 -5836.3 21.8
6356.1 -5843.9 21.8
6343.2 -5851.4 21.7
6330.2 -5858.9 21.6
6317.2 -5866.4 21.4
6304.2 -5873.9 21.3
6291.2 -5881.4 21.1
6278.2 -5888.9 21.0
6265.2 -5896.4 20.8
6252.3 -5903.9 20.7
6239.3 -5911.4 20.5
6226.3 -5919.0 20.5
6213.3 -5926.5 20.7
6200.3 -5934.0 20.8
6182.6 -5944.2 20.9
6433.7 -5798.3 22.4
6425.0 -5786.1 22.6
6416.4 -5773.8 22.9
6407.7 -5761.6 23.5
6399.0 -5749.4 24.5
6390.3 -5737.2 25.1
6376.6 -5717.9 28.0
-6861.3 3846.3 11.6
-6871.1 3857.6 11.6
-6880.8 3869.0 11.6
-6890.6 3880.3 11.7
-6900.4 3891.7 12.1
-6910.6 3902.8 12.5
-6930.5 3923.9 13.4
-6719.3 3687.7 9.3
-6729.1 3699.0 9.5
-6739.0 3710.3 9.8
-6748.8 3721.6 10.2
-6758.5 3733.1 10.7
-6768.3 3744.5 11.0
-6778.2 3755.7 11.2
-6788.2 3766.9 11.4
-6798.1 3778.1 11.6
-6808.1 3789.4 11.7
-6818.0 3800.6 11.5
-6837.7 3822.9 11.6
-6680.2 3638.8 8.0
-6692.8 3655.0 8.3
-6705.8 3672.2 8.8
-6535.2 3243.6 10.0
-6536.5 3258.6 10.1
-6537.7 3273.5 10.3
-6539.7 3288.4 10.4
-6542.1 3303.2 10.6
-6544.7 3318.0 10.7
-6547.4 3332.7 10.7
-6550.2 3347.4 10.6
-6553.7 3362.0 10.5
-6557.1 3376.6 10.4
-6561.0 3391.1 10.4
-6565.3 3405.5 10.2
-6569.6 3419.9 10.0
-6574.2 3434.1 9.8
-6578.9 3448.4 9.5
-6583.9 3462.5 9.5
-6589.3 3476.5 9.4
-6595.2 3490.3 9.3
-6601.2 3504.1 9.2
-6607.5 3517.6 9.1
-6614.1 3531.1 9.0
-6621.0 3544.4 8.9
-6628.2 3557.6 8.9
-6635.7 3570.6 8.8
-6643.4 3583.4 8.8
-6651.6 3596.0 8.7
-6662.3 3612.8 8.4
-6562.2 2921.4 9.9
-6560.3 2936.2 10.0
-6558.4 2951.1 10.2
-6556.5 2966.0 10.3
-6554.5 2980.9 10.4
-6552.6 2995.8 10.5
-6550.7 3010.6 10.7
-6548.8 3025.5 10.9
-6546.9 3040.4 11.1
-6544.9 3055.2 11.1
-6542.8 3070.1 10.7
-6540.8 3085.0 10.4
-6538.7 3099.8 10.2
-6537.3 3114.8 10.0
-6536.1 3129.7 9.8
-6535.1 3144.7 9.6
-6534.7 3159.7 9.6
-6534.3 3174.7 9.6
-6533.8 3191.6 9.7
-2990.9 -6021.1 18.9
-2999.0 -6008.5 18.4
-3007.1 -5995.8 18.5
-3022.4 -5971.7 18.8
-3044.0 -6102.3 17.7
-3053.5 -6090.7 17.5
-3063.7 -6086.5 17.2
-3075.1 -6096.3 16.9
-3086.5 -6106.0 17.0
-3098.0 -6115.7 17.0
-3115.6 -6130.7 17.1
-3156.0 -6173.7 17.8
-3171.5 -6140.3 17.3
-3164.3 -6190.7 18.1
-3168.7 -6179.8 17.9
-3174.4 -6175.9 17.9
-3178.0 -6164.2 17.7
-3177.0 -6158.4 17.6
-3186.5 -6160.0 17.7
-3189.7 -6169.3 17.8
-3187.2 -6179.1 18.0
-3182.4 -6186.4 18.1
-2676.6 -5982.8 19.9
-2686.3 -5981.8 19.9
-2706.7 -5973.7 19.8
-2712.2 -5955.2 19.3
-2703.1 -5937.4 18.9
-2690.8 -5925.0 18.7
-2674.1 -5906.8 18.3
-2654.8 -5897.7 18.1
-2637.7 -5890.9 18.2
-2632.1 -5895.8 18.3
-2624.2 -5910.6 18.5
-2629.9 -5924.3 18.7
-2645.4 -5942.5 18.9
-2570.8 -6092.0 21.1
-2557.1 -6098.0 21.5
-2543.3 -6104.0 21.8
-2521.5 -6113.5 21.9
-2586.5 -5841.0 17.9
-2574.0 -5832.9 18.0
-2561.4 -5824.7 18.1
-2548.8 -5816.5 18.2
-2546.6 -5806.9 18.2
-2556.4 -5795.6 18.2
-2566.5 -5784.5 18.1
-2586.4 -5769.5 18.0
-2647.6 -5462.7 20.3
-2639.4 -5475.3 20.0
-2631.2 -5487.8 19.8
-2623.0 -5500.4 19.6
-2614.8 -5512.9 19.4
-2606.6 -5525.5 19.2
-2598.4 -5538.1 18.9
-2590.2 -5550.6 18.4
-2582.0 -5563.2 18.2
-2566.1 -5587.3 17.8
-2621.6 -5449.9 20.8
-2614.3 -5463.0 20.5
-2606.9 -5476.1 20.3
-2599.5 -5489.1 20.1
-2592.2 -5502.2 19.7
-2584.8 -5515.3 19.2
-2577.5 -5528.4 18.7
-2572.0 -5542.1 18.4
-2568.6 -5558.8 18.1
-2601.1 -5432.0 21.3
-2586.1 -5431.4 21.4
-2571.2 -5430.7 21.1
-2556.2 -5430.1 20.8
-2541.2 -5429.4 20.5
-2526.2 -5428.8 20.2
-2511.2 -5428.1 19.9
-2496.2 -5427.5 19.8
-2481.2 -5426.8 19.8
-2466.2 -5426.2 19.8
-2451.3 -5425.5 19.8
-2436.3 -5424.9 19.8
-2421.3 -5424.2 19.7
-2396.6 -5423.2 19.3
-3226.2 -5741.0 18.2
-3238.7 -5749.2 18.3
-3251.2 -5757.5 18.3
-3263.8 -5765.8 18.4
-3276.3 -5774.0 18.4
-3287.6 -5783.5 18.4
-3295.8 -5796.0 18.3
-3304.1 -5808.6 18.2
-3312.3 -5821.1 18.2
-3320.6 -5833.6 18.1
-3328.8 -5846.1 18.1
-3336.5 -5857.8 18.0
-3334.2 -5872.6 18.1
-3332.0 -5887.5 17.9
-3329.7 -5902.3 17.8
-3327.4 -5917.1 17.6
-3325.1 -5931.9 17.4
-3320.9 -5959.2 17.0
-3073.9 -6628.5 20.9
-3086.8 -6620.7 20.4
-3099.6 -6613.0 20.0
-3112.4 -6605.2 19.7
-3106.1 -6591.8 20.1
-3099.4 -6578.4 19.7
-3092.8 -6564.9 19.6
-3086.2 -6551.5 19.6
-3079.5 -6538.0 19.4
-3072.9 -6524.6 19.5
-3066.3 -6511.1 19.6
-3059.6 -6497.7 19.5
-3050.2 -6497.3 19.7
-3038.6 -6506.8 20.0
-3027.0 -6516.3 20.3
-3013.7 -6527.2 20.4
-3138.9 -6709.1 19.7
-3115.9 -6676.6 19.2
-2759.7 -6998.1 28.3
-2754.6 -6984.0 27.9
-2749.3 -6970.0 27.5
-2743.6 -6956.1 27.2
-2735.2 -6935.8 26.6
-2751.3 -7001.0 28.1
-2743.0 -6971.8 27.4
-3220.6 -5926.0 18.2
-3233.8 -5908.5 18.3
-3243.3 -5886.8 18.4
-3250.0 -5864.9 18.0
-3254.1 -5833.5 18.1
-3254.1 -5795.8 18.3
-3235.1 -5783.3 18.4
-3223.4 -5779.4 18.4
-3219.1 -5772.4 18.4
-3221.1 -5748.4 18.3
6273.2 517.1 22.3
6265.7 520.6 22.2
6303.7 569.1 21.8
6309.4 581.6 21.9
6411.7 730.2 22.7
6431.6 753.2 22.7
6447.7 779.5 22.6
6530.0 893.6 22.4
6546.1 911.4 22.3
6542.4 918.4 22.3
6561.2 950.0 22.2
6584.9 981.7 22.1
6600.8 993.4 22.2
6206.5 -1548.2 18.9
6163.1 -1548.0 19.6
6192.9 -1533.6 19.6
6176.8 -1537.3 19.9
6252.2 -1515.3 20.0
6240.3 -1512.7 20.2
6224.0 -1516.6 20.2
6183.0 -1520.7 20.8
6290.3 -1507.1 19.9
6258.2 -1501.3 20.6
6213.0 -1502.9 21.0
6162.8 -1500.3 21.7
6314.7 -1490.5 19.7
6298.6 -1490.1 20.2
6254.9 -1484.5 21.4
6334.1 -1472.9 19.4
6256.0 -1469.8 22.0
6242.4 -1471.6 22.1
6211.1 -1474.7 22.9
6300.4 -1457.0 21.0
6317.1 -1442.0 20.3
6253.2 -1444.4 23.4
6243.7 -1440.6 24.1
6224.7 -1444.7 24.4
6267.0 -1430.0 22.9
6311.5 -1413.7 20.7
6223.0 -1416.5 26.1
6273.3 -1401.8 23.1
6237.6 -1396.6 23.9
6239.6 -1380.2 21.7
6214.7 -1372.1 21.8
6245.3 -1352.7 20.7
6212.5 -1350.4 21.2
6229.9 -1341.1 20.8
6212.2 -1334.0 21.0
6274.1 -1321.0 19.7
-6800.7 1346.1 18.5
-6769.5 1378.6 21.6
-6783.1 1369.7 20.4
-6729.7 1400.9 19.4
-6756.2 1415.0 21.9
-6795.7 1421.5 20.9
-6812.1 1419.9 19.5
-6730.2 1438.6 20.5
-6742.0 1430.1 21.2
-6802.9 1432.6 20.7
-6828.2 1430.7 17.5
-6845.6 1434.2 15.0
-6665.4 1451.3 24.9
-6759.4 1445.1 23.0
-6774.6 1453.0 23.3
-6698.1 1464.6 24.8
-6739.1 1459.6 21.7
-6765.9 1462.7 24.0
-6843.8 1460.5 16.3
-6631.1 1476.8 26.1
-6678.2 1475.9 27.1
-6754.7 1475.8 23.5
-6786.4 1483.3 23.3
-6832.0 1474.7 18.6
-6870.6 1475.7 14.2
-6593.0 1490.3 26.1
-6606.4 1491.3 26.6
-6631.6 1491.1 27.3
-6683.4 1499.1 28.7
-6696.9 1499.0 27.8
-6708.2 1494.6 26.7
-6752.0 1496.1 24.0
-6797.6 1497.1 22.9
-6879.1 1490.4 14.4
-6594.7 1506.4 27.5
-6666.5 1506.9 29.7
-6789.5 1507.5 23.7
-6819.7 1505.0 21.5
-6827.4 1506.8 20.4
-6891.7 1509.6 14.7
-6541.3 1524.3 25.2
-6634.4 1527.8 29.9
-6653.4 1528.2 30.9
-6662.1 1526.4 31.2
-6699.0 1523.8 29.8
-6843.1 1525.9 18.8
-6531.4 1540.4 25.0
-6588.9 1539.7 27.9
-6680.4 1542.2 31.0
-6714.6 1535.5 29.2
-6770.3 1540.1 25.8
-6921.5 1542.9 15.4
-6499.1 1556.9 23.8
-6516.0 1551.6 24.5
-6529.7 1551.0 25.2
-6637.3 1556.4 29.4
-6679.0 1553.9 30.3
-6695.6 1553.7 29.3
-6743.3 1555.9 26.1
-6783.2 1551.9 25.4
-6803.0 1559.0 24.2
-6815.1 1556.0 23.2
-6858.1 1556.4 17.7
-6903.7 1553.1 14.9
-6915.7 1550.6 15.2
-6939.5 1549.9 15.9
-6968.5 1551.3 15.6
-6495.8 1566.5 23.4
-6512.6 1566.4 24.2
-6601.8 1573.9 27.3
-6636.8 1568.9 28.5
-6648.1 1567.0 29.0
-6677.6 1570.7 29.0
-6690.6 1572.6 28.5
-6713.6 1568.3 27.3
-6728.6 1564.5 26.5
-6742.7 1566.0 25.5
-6750.6 1567.0 25.1
-6799.8 1567.5 24.6
-6845.3 1565.5 19.9
-6877.6 1567.4 15.2
-6903.6 1564.3 14.8
-6534.6 1583.9 24.8
-6757.9 1588.0 24.6
-6797.5 1582.8 25.0
-6814.8 1583.9 24.0
-6832.3 1582.9 22.5
-6848.3 1586.7 20.2
-6862.1 1586.8 18.2
-6890.5 1584.4 14.4
-6923.5 1580.3 15.3
-6935.6 1581.2 15.6
-6967.1 1583.6 15.6
-6444.2 1599.0 20.5
-6660.9 1599.6 27.0
-6680.0 1604.0 26.5
-6754.0 1603.8 24.2
-6774.4 1598.6 24.4
-6811.6 1602.9 24.6
-6835.2 1595.3 22.5
-6877.8 1602.5 16.4
-6892.4 1598.8 14.4
-6450.6 1616.8 20.5
-6497.7 1618.0 21.8
-6570.7 1611.6 24.0
-6616.7 1616.9 24.9
-6639.4 1611.5 25.8
-6677.6 1617.3 25.6
-6695.5 1619.0 25.4
-6772.0 1610.9 24.1
-6619.0 1624.7 24.4
-6682.0 1630.0 24.6
-6729.3 1627.2 23.5
-6772.8 1631.6 23.7
-6787.3 1631.1 23.8
-6923.3 1628.8 15.1
-6933.5 1631.8 15.4
-6450.4 1646.6 18.7
-6497.2 1642.1 20.1
-6577.9 1642.5 22.2
-6604.9 1646.5 22.6
-6616.6 1642.7 23.2
-6669.8 1649.0 23.2
-6698.4 1639.9 23.8
-6861.8 1648.3 20.5
-6933.1 1644.5 15.3
-6459.4 1655.9 18.4
-6549.8 1654.9 20.9
-6625.2 1654.9 23.0
-6728.7 1655.0 22.8
-6774.2 1663.9 22.7
-6789.3 1656.4 23.0
-6843.1 1661.0 23.5
-6902.3 1654.3 14.6
-6939.5 1662.4 15.4
-6455.7 1675.9 18.3
-6487.1 1677.0 19.2
-6511.2 1672.6 19.9
-6606.6 1672.4 22.5
-6617.5 1673.6 22.8
-6707.7 1672.1 22.1
-6769.1 1670.7 22.5
-6817.9 1673.6 23.1
-6455.8 1691.4 18.6
-6470.5 1686.6 18.7
-6609.7 1687.8 22.5
-6621.4 1689.1 22.4
-6698.9 1687.9 21.7
-6741.2 1690.7 21.8
-6864.9 1690.5 21.6
-6873.1 1687.4 20.2
-6894.6 1687.8 17.0
-6922.9 1685.9 14.9
-6947.3 1693.6 15.5
-6604.4 1707.8 22.2
-6638.4 1706.2 21.9
-6662.7 1700.2 21.7
-6773.2 1702.5 21.9
-6832.1 1704.7 22.6
-6933.2 1704.0 15.1
-6465.9 1718.7 19.6
-6498.7 1714.4 20.1
-6532.7 1723.4 21.1
-6617.1 1720.4 21.6
-6664.7 1723.0 20.7
-6741.0 1722.1 21.2
-6753.9 1719.5 21.4
-6829.1 1717.3 22.3
-6936.2 1723.3 15.1
-6587.0 1738.4 21.8
-6653.9 1735.3 20.4
-6662.2 1734.0 20.3
-6751.9 1733.6 21.2
-6780.6 1731.3 21.5
-6833.0 1734.8 22.1
-6922.8 1734.6 14.7
-6932.4 1733.6 15.0
-6458.9 1745.0 20.3
-6487.6 1746.2 20.9
-6514.5 1750.2 21.5
-6548.3 1752.3 22.5
-6621.0 1747.1 20.5
-6639.3 1749.3 20.0
-6652.8 1745.5 19.9
-6721.7 1745.5 20.6
-6766.7 1748.1 21.0
-6844.3 1751.8 21.5
-6864.0 1751.1 21.7
-6916.2 1752.6 16.2
-6937.2 1750.5 15.0
-6504.2 1767.0 22.5
-6516.5 1759.6 22.4
-6534.5 1759.3 22.7
-6580.2 1763.4 21.2
-6588.3 1768.0 20.8
-6601.2 1767.9 20.4
-6709.5 1766.7 19.6
-6875.0 1766.1 20.8
-6918.9 1760.2 16.1
-6546.4 1783.3 21.5
-6586.5 1775.5 20.6
-6604.5 1777.7 20.0
-6621.7 1776.6 19.6
-6669.7 1777.0 18.7
-6692.3 1782.9 18.5
-6767.6 1782.1 19.3
-6843.9 1774.3 20.5
-6890.7 1778.3 20.0
-6936.1 1774.9 14.9
-6469.5 1796.8 20.7
-6571.8 1798.9 20.3
-6621.7 1795.6 19.0
-6662.7 1791.5 18.0
-6681.4 1790.3 18.1
-6844.0 1791.7 19.8
-6862.6 1797.9 19.7
-6889.5 1792.5 19.4
-6935.2 1795.4 14.9
-6457.0 1813.1 19.3
-6488.8 1804.2 21.6
-6549.9 1805.9 20.8
-6576.8 1811.3 20.3
-6623.5 1807.3 19.0
-6758.0 1812.8 18.0
-6842.7 1811.5 19.1
-6878.0 1814.1 18.8
-6893.2 1809.6 18.6
-6920.7 1804.4 17.4
-6457.6 1822.9 19.0
-6504.9 1823.3 21.6
-6513.0 1820.6 22.1
-6564.2 1823.3 21.0
-6590.3 1824.9 20.4
-6709.2 1828.4 17.0
-6724.8 1822.4 17.4
-6758.0 1820.5 17.8
-6859.9 1823.7 18.4
-6878.3 1820.0 18.5
-6902.4 1825.2 17.7
-6922.4 1820.6 17.4
-6930.7 1823.1 16.6
-6480.9 1835.4 19.8
-6497.2 1836.4 20.7
-6546.1 1835.0 21.8
-6565.2 1834.9 21.4
-6608.7 1835.1 20.3
-6624.7 1835.4 19.7
-6652.5 1838.5 18.8
-6724.7 1836.9 17.0
-6811.1 1838.9 17.8
-6880.2 1836.6 17.4
-6938.1 1838.9 16.1
-6518.3 1852.0 20.9
-6652.9 1856.5 19.0
-6670.1 1854.9 18.3
-6692.0 1859.1 17.5
-6741.2 1852.7 16.9
-6755.9 1852.7 17.0
-6788.4 1857.5 16.9
-6797.0 1854.6 17.0
-6917.0 1852.5 16.5
-6930.8 1857.8 15.9
-6529.6 1871.5 20.5
-6594.1 1869.8 21.1
-6652.6 1867.9 19.1
-6713.8 1869.9 16.7
-6722.1 1869.8 16.3
-6756.6 1870.3 16.3
-6877.0 1872.4 16.7
-6885.4 1867.5 16.7
-6945.7 1871.3 15.1
-6514.8 1881.4 19.4
-6525.5 1879.5 19.9
-6586.0 1880.8 21.5
-6603.6 1888.9 21.0
-6622.3 1888.1 20.3
-6725.8 1883.2 16.3
-6741.9 1884.5 16.3
-6875.1 1885.4 16.4
-6931.4 1883.9 15.3
-6556.8 1899.8 20.2
-6622.8 1898.3 20.3
-6699.6 1901.0 17.4
-6819.7 1895.6 16.7
-6842.4 1895.8 16.9
-6936.2 1895.6 15.2
-6571.3 1910.1 20.1
-6593.9 1917.0 20.3
-6602.9 1917.9 20.1
-6750.7 1916.0 16.7
-6833.7 1912.3 16.4
-6901.1 1915.2 15.8
-6935.1 1913.2 15.3
-6632.7 1931.0 19.4
-6680.8 1928.9 18.3
-6713.6 1926.7 17.4
-6767.4 1931.9 17.1
-6921.3 1926.4 15.5
-6937.3 1931.3 15.2
-6692.1 1945.7 17.7
-6754.3 1947.2 17.2
-6873.7 1947.3 16.2
-6918.3 1942.7 15.5
-6775.2 1955.6 17.5
-6805.1 1963.1 17.2
-6826.1 1955.9 16.9
-6855.8 1957.3 16.4
-6901.8 1959.9 15.8
-6916.5 1961.9 15.5
-6635.5 1973.7 17.7
-6712.8 1974.0 17.8
-6735.4 1977.3 18.1
-6765.5 1971.3 17.8
-6814.0 1977.1 17.1
-6846.2 1975.4 16.6
-6886.4 1969.6 16.0
-6650.1 1991.0 17.1
-6751.0 1991.9 18.0
-6771.7 1993.2 17.7
-6795.8 1986.8 17.3
-6818.8 1992.9 17.0
-6885.3 1993.0 16.0
-6624.2 2006.4 16.5
-6660.9 2003.5 17.1
-6712.7 2004.4 18.3
-6729.8 2001.4 18.1
-6742.1 2004.3 18.0
-6786.9 2004.0 17.5
-6831.4 2008.1 16.8
-6859.9 2004.2 16.4
-6903.6 2002.3 15.7
-6653.7 2022.3 16.8
-6682.4 2020.1 17.5
-6799.0 2019.6 17.2
-6833.5 2019.1 16.8
-6842.8 2018.2 16.6
-6893.5 2016.3 15.9
-6711.3 2030.5 17.7
-6728.7 2034.3 17.5
-6767.4 2034.7 17.3
-6804.5 2036.0 17.0
-6827.0 2038.9 16.8
-6697.2 2051.1 17.4
-6759.9 2051.0 17.0
-6788.9 2046.2 16.9
-6797.5 2048.6 16.8
-6705.6 2061.6 17.1
-6728.2 2063.0 16.9
-6770.4 2059.4 16.7
-6667.7 2074.8 16.6
-6695.3 2077.7 16.8
-2973.5 5867.9 18.0
-2919.0 5883.4 18.6
-2966.0 5883.9 18.0
-2904.7 5894.5 18.7
-2920.0 5893.4 18.5
-3011.6 5896.9 17.2
-3023.9 5893.4 17.1
-2899.9 5908.8 18.7
-2916.5 5910.2 18.4
-2935.3 5911.5 18.2
-2951.2 5908.1 18.0
-3034.1 5924.5 16.7
-2861.9 5946.2 18.8
-2992.5 5944.2 17.0
-3033.1 5944.0 16.5
-2890.7 5959.9 18.3
-2936.2 5959.0 17.4
-2964.0 5953.9 17.1
-2972.4 5958.4 16.9
-2991.7 5959.8 16.6
-3021.7 5960.0 16.3
-2898.3 5977.1 18.2
-2977.6 5968.1 16.6
-2914.5 5987.0 17.8
-2947.1 6006.2 17.2
-2917.6 6022.3 17.8
-2949.4 6018.1 17.2
-2903.3 6033.6 18.1
-2937.1 6030.3 17.5
-4071.8 6119.3 21.4
-4087.9 6126.8 26.3
-4061.5 6140.9 23.6
-4073.9 6142.1 23.2
-4091.3 6136.0 24.2
-4098.4 6138.7 23.5
-4042.4 6152.5 21.4
-4027.3 6170.1 19.6
-4047.7 6171.8 19.2
-4057.8 6169.2 19.3
-4085.7 6165.3 19.1
-4115.4 6171.5 17.8
-4089.2 6184.4 17.0
-4117.7 6187.8 16.7
-4160.6 6183.8 16.6
-4100.8 6198.4 16.3
-4121.6 6200.5 16.1
-4108.0 6209.2 15.8
-4072.1 6226.5 15.6
-4102.2 6231.2 15.2
-4123.3 6226.5 15.2
-4150.0 6225.0 15.0
-4189.9 6233.4 14.4
-4027.6 6241.4 15.6
-4057.3 6244.9 15.3
-4090.2 6244.8 15.0
-4133.3 6241.5 14.7
-4173.9 6246.6 14.2
-4068.7 6256.5 14.9
-4088.7 6259.6 14.7
-4181.9 6260.0 14.0
-4071.1 6270.6 14.5
-4158.6 6270.8 14.1
-4073.0 6292.3 14.4
-4121.5 6292.9 14.3
-4134.5 6284.6 14.2
-4159.1 6292.4 14.2
-4133.8 6308.0 14.4
-4147.4 6307.5 14.4
-4175.7 6302.3 14.3
-4237.8 6302.6 14.2
-4248.7 6299.0 14.1
-4175.9 6316.5 14.4
-4136.0 6330.2 14.5
-4152.6 6337.5 14.5
-4175.3 6348.8 14.5
-4235.7 6349.3 14.4
-4165.2 6361.4 14.5
-4195.7 6359.9 14.5
-4164.9 6374.7 14.7
-4189.4 6377.6 14.7
-4228.1 6377.9 14.8
5565.4 406.1 16.4
5524.4 415.7 17.0
-2438.6 5803.5 21.9
-2433.5 5847.7 22.5
-2450.8 5846.3 22.7
-2437.6 5855.4 22.6
-2402.2 5878.2 21.9
-2420.6 5876.8 22.3
-2431.1 5870.1 22.6
-5923.0 -3107.0 19.4
-5951.1 -3102.5 19.5
-5970.0 -3105.3 19.7
-5986.2 -3107.5 19.8
-5932.9 -3096.0 19.4
-5964.3 -3087.6 19.4
-5995.7 -3096.0 19.7
-5934.7 -3073.7 19.1
-5985.8 -3074.5 19.4
-5980.7 -3060.9 19.2
-5971.7 7767.6 14.7
-5978.8 7780.0 14.8
-6002.7 7780.9 14.8
-5949.5 7812.3 14.1
-5981.0 7804.2 14.5
-5995.8 7813.3 14.4
5082.0 306.5 22.8
3621.4 1993.7 129.4
-1831.4 -2372.9 18.7
-1849.5 -2374.1 18.5
-1859.4 -2376.7 18.3
-1832.9 -2361.9 18.8
-1798.4 -2340.7 19.5
-1816.3 -2339.8 19.2
-1752.0 -2324.8 20.4
-1835.0 -2316.0 18.9
-1842.3 -2316.4 18.7
-1828.0 -2295.0 19.1
-1814.8 -2280.3 19.3
644.1 -4031.8 16.5
635.1 -4015.8 16.7
407.1 -4018.2 23.1
331.0 -4013.4 23.7
615.6 -4003.5 17.2
586.4 -3997.1 18.4
572.7 -3996.6 18.8
532.9 -3998.0 20.2
518.5 -3996.8 20.8
485.7 -4005.4 21.7
409.2 -4002.4 23.3
334.4 -4002.9 24.2
643.8 -3984.9 16.6
546.3 -3987.6 19.8
485.8 -3984.4 21.7
473.2 -3985.7 22.0
391.2 -3990.7 23.7
365.7 -3984.0 24.2
545.2 -3970.7 20.1
516.9 -3973.5 20.9
452.2 -3973.9 22.6
378.7 -3976.2 24.1
332.4 -3974.0 24.9
674.4 -3955.4 16.4
664.8 -3954.9 16.5
636.7 -3959.1 17.1
587.6 -3951.8 18.8
512.8 -3959.8 21.0
500.9 -3960.9 21.3
483.9 -3961.0 21.8
441.2 -3952.3 22.9
335.4 -3957.7 25.1
662.0 -3940.4 16.8
617.7 -3943.9 17.9
428.2 -3944.0 23.3
362.5 -3944.3 24.9
332.5 -3945.6 25.3
571.6 -3923.8 19.5
480.4 -3928.9 21.9
439.6 -3929.5 23.0
668.3 -3908.7 17.2
513.7 -3908.8 21.1
487.8 -3908.4 21.8
423.2 -3915.3 23.4
410.5 -3913.1 23.8
379.9 -3910.0 24.6
360.1 -3913.1 25.1
351.5 -3913.6 25.3
636.6 -3897.1 17.9
589.6 -3899.1 19.1
573.5 -3895.0 19.6
553.9 -3893.4 20.2
501.4 -3897.4 21.5
453.2 -3892.8 23.0
442.8 -3899.2 23.1
428.3 -3896.6 23.5
411.1 -3895.3 24.1
352.6 -3893.3 25.6
604.5 -3879.1 19.2
533.1 -3884.3 21.0
469.8 -3884.8 22.8
394.8 -3880.2 24.7
368.5 -3885.7 25.3
347.6 -3879.4 25.5
577.6 -3865.4 20.3
559.3 -3868.5 20.8
512.3 -3861.7 21.2
498.5 -3861.6 21.5
393.6 -3862.4 23.5
364.9 -3870.9 24.6
531.2 -3847.5 20.3
437.7 -3855.7 22.3
560.6 -3839.3 20.6
524.5 -3832.0 20.9
438.8 -3839.3 21.2
379.2 -3839.0 22.3
344.4 -3832.0 22.5
338.1 -3837.3 23.0
318.5 -3834.1 23.2
619.5 -3819.5 23.1
556.8 -3826.3 21.0
437.3 -3826.5 21.1
362.4 -3819.5 21.4
540.8 -3805.9 21.8
464.8 -3804.0 21.9
450.9 -3803.9 21.9
424.3 -3806.4 21.9
348.2 -3806.8 21.9
334.0 -3802.5 22.1
621.9 -3795.7 24.8
544.4 -3796.3 22.1
514.3 -3791.7 22.3
501.6 -3796.3 22.2
468.3 -3788.1 22.5
406.9 -3791.6 22.4
330.6 -3793.4 22.1
585.6 -3772.4 24.2
544.1 -3775.7 22.9
493.7 -3774.8 23.0
457.3 -3776.1 23.0
419.1 -3773.8 23.1
403.8 -3779.9 22.9
331.0 -3771.8 21.1
315.5 -3774.8 20.8
486.6 -3758.8 23.6
449.0 -3759.7 23.6
438.6 -3762.5 23.5
586.2 -3742.5 26.1
562.1 -3745.5 24.6
530.2 -3746.2 24.0
514.8 -3745.6 24.0
405.2 -3749.5 22.1
362.7 -3748.5 20.9
330.6 -3749.2 20.1
593.2 -3730.0 25.8
568.8 -3731.5 25.4
469.8 -3728.3 23.0
455.9 -3736.3 22.9
320.6 -3736.0 19.4
590.8 -3713.5 25.2
464.3 -3717.4 22.6
407.9 -3713.5 21.0
376.4 -3713.0 20.2
364.4 -3713.5 19.9
352.2 -3720.3 19.8
525.9 -3702.2 23.8
380.5 -3706.0 20.1
587.4 -3683.7 24.2
543.2 -3683.8 24.1
531.8 -3681.8 23.7
511.3 -3691.4 23.0
495.0 -3682.3 22.2
569.1 -3668.5 23.8
526.2 -3661.2 23.1
518.3 -3656.5 22.8
543.6 -3640.8 22.2
437.6 -4031.4 22.3
537.2 -4013.8 19.8
509.3 -4012.4 20.9
497.8 -4018.8 21.2
390.8 -4018.4 23.2
371.6 -4017.3 23.4
510.7 -4001.2 21.0
462.3 -4003.3 22.3
448.2 -3998.4 22.7
439.6 -4004.3 22.7
375.3 -4005.9 23.8
508.8 -3982.4 21.1
431.4 -3982.2 23.1
407.7 -3983.9 23.5
391.2 -3989.9 23.7
357.7 -3985.0 24.3
449.1 -3968.8 22.7
386.9 -3972.0 24.1
509.4 -3961.0 21.1
465.0 -3959.8 22.3
417.4 -3952.2 23.5
363.0 -3953.3 24.7
346.3 -3957.7 24.9
655.9 -3946.2 16.8
422.1 -3941.8 23.4
372.5 -3939.4 24.7
603.0 -3927.2 18.6
507.3 -3928.8 21.2
496.3 -3926.3 21.5
461.1 -3926.6 22.4
436.2 -3925.1 23.1
662.1 -3915.0 17.2
612.4 -3909.0 18.5
466.9 -3915.3 22.3
452.4 -3915.4 22.7
404.3 -3911.7 23.9
672.0 -3900.2 17.3
657.6 -3898.7 17.5
644.6 -3896.0 17.8
590.4 -3897.5 19.1
512.6 -3899.9 21.1
491.4 -3894.1 21.9
482.0 -3895.4 22.1
644.1 -3879.7 17.9
630.4 -3877.2 19.4
550.8 -3883.5 20.6
450.5 -3881.3 23.3
407.1 -3878.4 24.3
373.2 -3886.3 25.1
350.2 -3878.1 25.4
663.5 -3863.4 17.7
628.9 -3868.9 20.0
497.6 -3864.2 21.7
478.7 -3865.3 22.1
462.6 -3864.7 22.4
408.7 -3864.5 23.3
330.2 -3862.9 24.7
661.2 -3849.1 19.0
572.3 -3852.6 20.1
541.5 -3852.2 20.1
500.3 -3846.5 20.5
446.6 -3847.1 21.6
440.0 -3854.2 22.1
344.4 -3855.3 24.0
661.2 -3836.8 20.2
598.5 -3832.9 21.1
571.7 -3834.3 20.7
542.0 -3835.0 20.7
513.6 -3839.9 20.6
405.7 -3832.0 21.4
363.0 -3837.9 22.6
612.9 -3818.6 22.8
596.7 -3820.9 21.7
584.6 -3817.7 21.3
536.0 -3818.5 21.3
522.8 -3816.7 21.4
403.0 -3819.4 21.4
377.0 -3824.9 21.5
363.6 -3825.3 21.8
350.6 -3818.8 21.6
332.8 -3821.7 22.1
642.8 -3806.2 25.0
596.1 -3802.5 22.9
552.9 -3807.1 21.7
544.9 -3806.3 21.8
464.9 -3810.0 21.7
447.6 -3801.7 22.0
436.4 -3801.8 22.0
416.9 -3804.5 21.9
407.2 -3808.3 21.8
389.5 -3802.5 22.0
329.4 -3805.2 22.0
630.4 -3787.7 25.8
513.0 -3791.1 22.4
496.4 -3793.4 22.3
468.0 -3788.1 22.5
421.1 -3787.1 22.6
343.5 -3790.7 22.3
327.2 -3789.8 21.8
630.5 -3780.4 26.2
604.2 -3776.9 25.0
434.8 -3772.8 23.1
401.1 -3774.6 23.1
394.0 -3777.3 23.0
330.3 -3776.3 21.3
627.1 -3765.3 27.0
461.3 -3762.3 23.5
405.2 -3766.5 22.9
614.4 -3750.6 26.8
575.2 -3748.1 25.2
449.2 -3748.4 23.3
403.0 -3746.1 21.9
388.1 -3746.3 21.5
318.6 -3748.7 19.7
603.8 -3733.1 26.1
527.8 -3731.1 24.6
491.1 -3734.9 23.8
448.5 -3734.7 22.7
386.2 -3733.9 21.1
378.2 -3736.0 20.9
574.4 -3715.0 25.0
522.8 -3716.5 24.0
450.1 -3711.9 22.1
419.4 -3711.9 21.3
363.1 -3718.7 20.0
596.2 -3697.6 24.8
572.9 -3699.4 24.5
506.5 -3703.2 23.0
485.6 -3700.4 22.4
582.5 -3689.6 24.3
550.8 -3689.3 24.1
540.7 -3691.1 24.2
530.6 -3685.4 23.7
514.5 -3685.1 23.0
434.6 -3684.8 20.6
521.4 -3676.0 23.3
445.7 -3668.4 20.0
511.9 -3652.3 22.4
492.8 -3654.5 22.0
464.5 -3660.9 20.7
552.2 -3640.6 22.2
540.5 -3645.2 22.5
6599.5 1065.0 22.0
6647.8 1030.0 22.6
-4407.0 1004.8 11.6
-4415.9 1029.1 11.5
-4386.0 1045.0 10.8
-4392.7 1057.8 10.9
-4404.8 1079.2 11.6
-4415.4 1074.6 11.7
-4387.7 1109.1 12.0
-4344.7 1121.3 11.6
-4371.0 1123.1 12.1
-4386.3 1121.1 12.3
-4354.8 1134.2 12.1
-4374.1 1134.6 12.3
2177.8 7949.9 48.1
2154.2 7950.8 48.5
2208.4 7967.5 47.5
2176.6 7965.3 48.1
2185.2 7979.9 49.2
2170.4 7980.4 49.6
2161.9 7980.6 49.8
1959.6 7985.5 54.0
1935.0 7977.7 53.1
2156.9 7992.8 50.2
2083.9 7995.8 52.2
2041.9 7997.5 53.3
1933.3 8000.4 54.2
2163.5 8008.5 50.1
2118.0 8013.3 51.4
2095.3 8007.4 52.0
2068.5 8006.9 52.7
2052.4 8009.7 53.2
2024.4 8010.4 53.9
2245.7 8028.6 47.6
2236.1 8027.2 48.0
2162.3 8029.2 50.4
2123.9 8028.3 51.4
2068.5 8026.0 52.9
2051.6 8026.5 53.3
2011.3 8022.7 54.4
2251.4 8044.0 46.9
2236.6 8039.9 47.6
2200.6 8046.3 48.7
2161.8 8041.7 50.2
2093.7 8037.0 52.3
2086.9 8037.7 52.5
2053.6 8038.5 53.4
1915.0 8038.5 51.7
1889.9 8040.1 49.8
2246.0 8056.3 46.8
2203.3 8054.5 48.3
2064.5 8053.4 53.2
2039.9 8058.8 53.9
1980.6 8055.3 55.4
1959.8 8052.2 54.1
1944.3 8052.7 52.9
1915.9 8061.0 50.3
1901.6 8055.0 49.7
2231.6 8070.1 47.2
2161.2 8067.9 50.0
2066.6 8070.3 53.3
2049.5 8067.3 53.7
2039.4 8068.1 54.1
1976.3 8072.3 54.0
1960.0 8075.7 52.6
1921.0 8074.6 49.8
1893.6 8073.5 47.9
2101.7 8089.6 52.2
2084.2 8090.2 53.0
2067.3 8082.6 53.4
1951.0 8081.6 51.5
1930.8 8088.1 49.6
1888.4 8085.2 46.7
1873.8 8084.1 45.8
1860.3 8087.5 44.7
2185.6 8105.2 48.2
2155.3 8100.5 49.4
2147.4 8096.7 49.9
2116.2 8104.0 51.3
2067.0 8101.6 53.7
2022.3 8099.7 55.1
2006.3 8106.2 53.9
1950.2 8104.4 50.0
1933.9 8105.9 48.8
1839.9 8105.2 43.2
1833.3 8103.6 42.9
2147.6 8118.5 49.4
2124.4 8111.8 50.7
2064.1 8118.1 53.8
2023.7 8117.8 54.4
2011.4 8114.8 53.7
1980.2 8112.1 51.7
1961.4 8118.9 50.1
1934.3 8121.1 48.1
2065.5 8129.6 53.6
1975.4 8135.0 50.3
1887.3 8132.2 45.1
1840.5 8127.1 43.1
2079.4 8144.3 51.8
2072.7 8146.9 51.8
2043.1 8150.1 52.0
2022.1 8144.5 52.6
1960.6 8143.6 48.8
1900.8 8142.5 45.6
1883.8 8145.2 44.9
2052.3 8160.3 50.7
1962.8 8158.7 48.3
1946.7 8161.3 47.4
1890.7 8163.5 44.9
1843.3 8165.1 42.6
2057.4 8172.3 49.1
2018.9 8173.2 48.9
1965.7 8180.5 47.8
1887.6 8181.4 44.0
1992.2 8192.1 47.1
1945.8 8189.6 46.5
1920.9 8188.9 45.3
1832.2 8194.2 41.3
1982.2 8208.0 46.4
1934.9 8207.9 45.2
1919.5 8208.2 44.5
1826.5 8206.7 40.8
1964.4 8216.5 46.1
1914.4 8223.1 44.0
1901.8 8225.9 43.4
1839.6 8224.1 41.0
1938.6 8235.5 44.7
1869.5 8235.6 42.0
1843.9 8234.0 41.1
1887.7 8250.8 42.5
1876.2 8268.6 41.8
1863.6 8263.3 41.4
449.4 -2184.7 13.7
411.6 -2189.7 14.3
383.0 -2190.7 14.8
551.1 -2172.5 13.2
532.6 -2175.0 13.4
419.8 -2174.8 13.7
396.3 -2177.1 14.3
390.0 -2175.5 14.5
336.7 -2174.4 16.1
329.8 -2175.0 16.3
595.3 -2153.2 12.2
576.7 -2155.7 12.5
446.7 -2158.7 12.9
434.6 -2158.3 13.1
370.4 -2160.8 15.0
358.3 -2160.8 15.4
324.2 -2154.4 16.7
608.6 -2146.2 12.3
524.8 -2138.3 12.2
501.7 -2144.9 12.3
473.2 -2147.5 12.3
450.3 -2139.1 12.6
413.0 -2138.7 13.9
256.1 -2143.5 18.5
549.2 -2125.8 11.9
536.2 -2123.6 12.0
516.6 -2130.4 11.9
450.7 -2131.8 12.6
326.1 -2129.9 16.7
278.2 -2124.6 18.2
263.3 -2122.8 18.7
593.0 -2107.8 12.5
552.9 -2116.2 12.1
521.2 -2114.1 12.2
489.8 -2111.6 12.4
462.3 -2108.4 12.5
296.4 -2114.0 17.5
606.8 -2097.1 12.7
549.2 -2101.4 12.4
521.9 -2095.6 12.6
293.9 -2097.9 17.5
504.0 -2083.1 13.0
435.2 -2084.9 13.1
402.1 -2080.2 13.8
355.1 -2077.8 15.3
553.7 -2069.3 12.9
479.1 -2070.7 13.4
465.3 -2070.2 13.4
420.6 -2067.8 13.5
366.5 -2065.1 14.8
251.1 -2067.6 18.0
599.5 -2057.2 12.6
539.0 -2055.3 13.4
491.1 -2047.7 13.9
475.9 -2051.5 13.8
464.8 -2053.1 13.8
414.0 -2057.2 13.8
366.5 -2051.5 14.7
346.0 -2056.6 15.4
322.4 -2054.5 16.2
311.1 -2048.7 16.5
576.3 -2038.0 13.3
566.7 -2035.0 13.5
546.4 -2033.2 13.8
345.7 -2032.7 15.3
323.2 -2042.0 16.0
607.4 -2025.4 13.1
539.3 -2026.5 14.0
506.8 -2023.6 14.4
416.6 -2026.5 14.4
389.0 -2026.2 14.5
360.5 -2019.9 14.7
336.3 -2019.7 15.5
283.6 -2023.4 17.2
596.9 -2008.1 13.6
570.6 -2010.8 13.9
546.5 -2008.3 14.3
505.8 -2007.8 14.7
491.7 -2003.0 14.9
472.9 -2006.9 14.8
443.9 -2010.6 14.8
382.9 -2005.3 15.0
367.2 -2012.5 14.8
358.0 -2007.6 15.0
343.5 -2005.9 15.2
321.7 -2002.7 15.8
309.7 -2006.3 16.2
582.5 -1993.9 13.9
536.1 -1996.4 14.5
522.6 -1993.5 14.7
501.4 -1993.3 15.0
477.4 -1993.0 15.1
607.6 -1975.9 13.4
585.0 -1977.1 13.7
567.6 -1973.1 13.9
547.0 -1978.0 14.3
516.7 -1978.6 14.7
508.4 -1977.5 14.8
459.4 -1973.5 15.0
435.9 -1982.3 15.3
415.9 -1974.2 15.4
404.4 -1979.4 15.5
599.9 -1966.3 13.4
547.7 -1958.4 14.1
459.9 -1966.1 14.7
569.0 -1943.5 13.7
536.3 -1948.5 14.2
551.4 -1931.1 13.9
531.7 -1933.2 14.2
524.1 -1935.1 14.3
4222.1 -2605.2 23.6
4154.8 -2612.9 23.6
4244.2 -2592.6 23.8
4252.9 -2577.1 23.5
4243.5 -2576.5 23.4
4166.0 -2576.7 22.3
4138.5 -2574.5 22.1
4121.7 -2583.2 22.5
4079.8 -2578.6 22.4
3989.2 -2575.6 23.1
4236.5 -2558.5 23.0
4211.9 -2564.8 22.9
4183.3 -2565.6 22.4
4154.0 -2560.0 21.8
4132.3 -2562.7 21.7
4073.4 -2566.9 22.0
4131.1 -2548.7 21.2
4108.8 -2552.4 21.3
4089.4 -2545.5 21.1
4049.7 -2544.6 21.4
4028.5 -2552.1 21.8
3996.9 -2548.1 22.0
4165.1 -2535.9 21.7
4012.1 -2533.7 21.5
4184.9 -2522.7 21.9
4163.6 -2521.0 21.5
4001.5 -2518.9 21.3
4132.0 -2505.4 20.7
3965.9 -2502.5 21.2
3959.9 -2501.8 21.2
3913.2 -2507.7 20.9
4199.1 -2487.8 21.6
4151.8 -2489.8 20.8
4139.3 -2490.9 20.6
4089.9 -2485.3 19.6
4062.7 -2484.6 19.8
3958.9 -2483.3 20.8
4245.0 -2468.8 21.6
4224.4 -2475.6 21.7
4191.7 -2477.7 21.3
4026.1 -2469.0 19.8
4012.0 -2475.0 20.1
3990.0 -2476.2 20.3
3966.6 -2472.1 20.4
3952.7 -2469.0 20.5
3935.7 -2472.8 20.8
3920.3 -2475.5 20.7
3882.6 -2470.6 20.4
4175.7 -2457.8 20.7
4135.3 -2460.7 20.1
4092.9 -2456.8 19.3
3965.5 -2453.4 20.0
3939.8 -2454.8 20.3
4237.4 -2440.9 21.1
4226.5 -2438.9 21.0
4160.7 -2441.8 20.2
4149.6 -2438.4 20.0
4132.9 -2442.0 19.8
4089.2 -2440.3 19.0
3997.3 -2445.0 19.5
3987.1 -2446.0 19.6
3970.8 -2441.4 19.7
3959.4 -2444.2 19.8
3862.0 -2446.0 20.0
3852.8 -2439.1 19.8
4119.2 -2430.0 19.4
4086.0 -2432.6 18.8
4073.9 -2424.2 18.5
4057.7 -2429.0 18.5
4043.0 -2426.0 18.6
4018.7 -2428.2 18.9
3907.5 -2430.5 20.0
4299.2 -2415.7 20.7
4153.3 -2413.0 19.4
4122.4 -2414.6 19.2
4105.8 -2414.1 18.9
4056.1 -2411.2 18.1
4034.4 -2413.4 18.4
3967.8 -2410.3 18.9
3884.5 -2411.6 19.8
3854.2 -2417.9 19.7
3838.3 -2413.1 19.5
4270.9 -2401.2 20.4
4223.4 -2402.9 20.4
4131.8 -2394.6 18.8
4120.3 -2396.6 18.9
4027.6 -2394.4 18.0
3941.8 -2396.7 18.9
3891.6 -2394.9 19.3
3804.6 -2399.2 19.1
4282.4 -2383.0 20.4
4259.0 -2382.2 20.1
4226.5 -2388.1 20.2
4211.7 -2385.0 20.1
4199.8 -2387.7 20.1
4151.3 -2379.9 19.0
4138.6 -2385.4 18.6
4045.0 -2380.8 17.5
4017.4 -2387.9 17.9
3941.5 -2380.2 18.5
3906.6 -2379.6 18.8
3870.0 -2381.0 19.1
3846.1 -2382.9 19.3
3787.4 -2379.7 18.8
4301.4 -2368.3 21.0
4280.7 -2366.1 20.5
4270.7 -2366.2 20.3
4225.5 -2368.9 19.8
4109.4 -2367.4 18.0
4071.8 -2368.1 17.7
4060.3 -2372.7 17.5
4034.9 -2365.0 17.2
3988.2 -2370.6 17.8
3925.6 -2371.0 18.4
3876.0 -2366.0 18.7
4350.2 -2354.1 21.9
4311.4 -2351.1 21.3
4273.6 -2352.7 20.4
4226.5 -2348.8 19.5
4146.0 -2348.4 18.6
4122.1 -2353.6 17.9
4073.2 -2358.3 17.6
3945.1 -2354.9 17.8
3893.0 -2354.1 18.3
3864.6 -2349.0 18.4
4325.6 -2337.3 21.7
4311.2 -2337.2 21.4
4243.8 -2337.2 19.8
4177.2 -2342.0 19.3
4121.3 -2340.9 17.8
4106.7 -2336.3 17.3
4094.5 -2340.2 17.1
3913.5 -2336.8 17.7
3892.5 -2334.8 17.8
3838.3 -2334.1 18.3
3808.3 -2333.4 18.6
4302.5 -2321.3 21.2
4239.2 -2323.6 19.8
4194.8 -2321.9 19.0
4138.5 -2321.3 18.1
4116.9 -2327.5 17.5
4071.7 -2325.2 16.7
4042.9 -2321.8 16.5
4003.6 -2319.4 16.4
3986.6 -2321.1 16.6
3882.6 -2326.9 17.7
3777.1 -2318.9 18.2
4370.9 -2312.5 21.1
4349.4 -2311.5 21.0
4227.2 -2303.9 19.7
4192.8 -2304.7 18.9
4181.5 -2310.2 18.8
4108.3 -2310.6 17.1
4090.8 -2310.7 16.6
4026.9 -2308.1 16.1
3988.7 -2307.5 16.3
3953.8 -2309.0 16.6
3892.8 -2307.8 17.2
3803.9 -2308.2 18.0
4345.5 -2296.7 20.5
4316.7 -2296.5 20.8
4269.1 -2293.9 20.1
4227.8 -2293.6 19.6
4210.4 -2292.3 19.3
4160.9 -2296.0 18.5
4151.0 -2297.3 18.3
4003.8 -2292.6 15.8
3974.3 -2297.8 16.2
3956.8 -2296.9 16.3
3833.0 -2294.0 17.4
3793.7 -2298.3 17.9
4317.1 -2279.5 20.3
4302.0 -2279.3 20.3
4254.9 -2277.4 19.6
4206.4 -2283.1 19.1
6383.0 -1284.0 16.9
6364.5 -1268.3 17.1
6404.1 -1249.6 17.1
6398.1 -1252.9 17.0
6337.4 -1250.5 17.4
6406.0 -1236.4 17.3
6375.5 -1234.0 17.6
6348.1 -1237.4 17.7
6338.0 -1236.7 17.7
6451.6 -1225.9 17.3
6320.7 -1222.0 18.2
6422.3 -1211.4 17.8
6408.9 -1207.5 17.9
6423.8 -1179.1 18.4
6335.6 -1176.1 19.0
4878.1 -1996.0 19.7
4994.5 -1976.5 23.4
4981.0 -1982.5 23.1
4954.1 -1978.1 23.8
4889.4 -1975.3 21.4
4858.3 -1978.9 19.6
4844.9 -1980.5 18.8
4965.6 -1962.4 24.8
5013.4 -1949.8 26.8
4996.8 -1945.2 26.8
4919.5 -1948.4 25.4
5044.6 -1932.5 27.3
5000.5 -1934.8 27.8
4982.8 -1931.5 27.9
4953.0 -1935.5 26.9
4918.8 -1938.1 26.3
4906.0 -1937.6 25.7
4880.4 -1937.3 24.5
4859.0 -1932.6 23.9
4850.2 -1938.6 22.9
4983.8 -1917.7 28.7
4925.7 -1915.0 28.6
5063.1 -1908.1 26.6
5017.3 -1903.2 28.2
4996.3 -1906.5 29.0
4987.1 -1908.0 29.1
4921.4 -1905.2 29.4
4906.5 -1907.8 28.5
5090.6 -1892.6 24.9
5074.5 -1886.6 24.8
5045.1 -1886.6 25.3
4993.8 -1894.9 28.4
4891.6 -1892.9 29.0
4863.9 -1894.7 26.7
4817.0 -1886.9 23.2
5102.3 -1870.5 23.8
5085.4 -1870.5 24.0
5060.7 -1872.9 24.4
5047.6 -1874.1 24.7
4933.4 -1879.2 29.6
4919.5 -1871.7 29.4
5027.2 -1862.3 24.4
5011.8 -1863.5 24.7
4979.9 -1856.9 25.3
4952.5 -1861.2 26.9
4934.5 -1855.3 27.2
5039.3 -1845.3 23.6
5029.9 -1848.4 23.8
4963.7 -1842.5 24.6
4955.3 -1845.9 25.3
4860.5 -1844.1 25.5
5076.9 -1834.5 22.7
5026.6 -1825.6 23.0
4979.0 -1832.6 23.8
4964.4 -1834.6 24.1
4948.7 -1833.7 24.4
4926.1 -1826.4 24.7
4867.0 -1829.0 24.4
4847.4 -1829.9 23.9
5059.4 -1819.8 22.3
5029.6 -1818.9 22.6
4985.9 -1813.4 23.0
4965.1 -1813.4 23.2
4948.6 -1819.8 23.7
4942.8 -1810.9 23.4
4928.1 -1818.1 23.9
5047.9 -1798.7 21.6
4984.1 -1803.5 22.6
4956.5 -1797.7 22.7
5011.1 -1786.9 21.6
4949.2 -1787.3 22.4
5043.6 -1767.2 20.4
5015.6 -1767.3 20.7
5002.9 -1770.7 21.0
5263.9 -5668.0 22.5
5286.3 -5656.8 22.3
5252.6 -5657.4 22.5
5266.3 -5639.4 22.4
5255.4 -5641.4 22.4
5302.7 -5626.4 21.5
5267.9 -5630.4 22.2
5250.5 -5626.7 22.4
5237.2 -5632.4 22.5
5326.8 -5614.2 20.8
5295.8 -5615.0 21.4
5238.1 -5616.2 22.4
5221.2 -5611.3 22.6
5211.9 -5610.0 22.7
5325.1 -5600.8 20.8
5315.3 -5586.3 20.8
5249.9 -5580.4 21.5
5197.1 -5585.3 22.5
5181.4 -5587.5 22.8
5256.0 -5568.9 21.4
5193.3 -5570.4 22.2
5130.7 -5565.8 23.2
5295.4 -5548.0 20.8
5254.3 -5553.2 21.3
5209.2 -5557.6 21.9
5176.6 -5553.0 22.2
5136.1 -5555.0 22.9
5117.7 -5557.5 23.2
5269.6 -5537.7 21.1
5252.8 -5533.0 21.2
5243.1 -5533.1 21.3
5220.9 -5536.9 21.6
5128.8 -5535.0 22.7
5114.4 -5542.5 23.0
5300.5 -5526.0 20.8
5284.9 -5507.1 21.1
5191.8 -5511.8 21.9
5159.2 -5489.9 22.3
5236.6 -5477.2 21.7
5210.8 -5476.4 22.0
5177.4 -5479.9 22.2
5195.1 -5463.9 22.0
5164.3 -5460.9 22.3
5131.8 -5462.7 22.7
5152.1 -5448.8 22.3
5086.6 -5446.0 23.0
5163.3 -5437.1 22.1
5131.5 -5428.2 22.3
5131.0 -5418.4 22.2
5341.4 -5605.2 20.6
5317.3 -5576.2 20.7
5383.4 -5559.1 19.8
5349.3 -5564.2 20.2
5391.8 -5546.9 19.8
5399.2 -5534.1 19.9
5371.5 -5528.8 20.2
5364.6 -5518.5 20.3
5309.9 -5498.5 21.0
5263.9 -5486.0 21.5
5310.0 -5475.5 20.9
5258.8 -5474.6 21.4
5275.1 -5457.9 21.1
5230.6 -5455.7 21.5
5227.6 -5440.9 21.4
5212.7 -5441.5 21.6
5263.1 -5425.7 22.0
5249.5 -5428.1 21.9
5171.9 -5423.2 21.8
5247.2 -5407.9 22.5
5174.7 -5413.2 22.1
5246.6 -5402.4 22.7
5231.8 -5395.7 22.8
5220.7 -5401.4 22.6
5188.1 -5401.9 22.5
5197.2 -5378.3 22.4
5189.5 -5349.4 21.9
