114.0 -6336.1 108.7
68.6 -6347.6 106.9
63.1 -6363.1 106.8
377.2 -6280.8 107.9
274.5 -6301.0 108.5
248.3 -6224.6 110.9
211.3 -6291.0 108.3
15.4 -6337.9 104.6
4.0 -6354.0 104.4
60.3 -6330.6 106.4
101.2 -6330.3 108.1
81.1 -6323.3 107.2
65.8 -6354.9 106.8
114.2 -6273.8 107.7
150.6 -6316.1 108.8
233.7 -6287.4 108.2
67.3 -6315.9 106.6
65.7 -6354.9 106.8
345.7 -6257.3 109.5
19.6 -6318.5 104.7
10.4 -6333.9 104.3
76.0 -6310.1 106.9
111.2 -6308.0 108.2
62.9 -6322.1 106.5
72.5 -6338.6 107.0
185.2 -6280.5 107.9
2988.2 -938.9 149.9
3003.0 -941.5 149.4
3017.8 -944.1 148.8
3032.5 -946.6 148.2
3047.3 -949.2 147.6
3062.1 -947.9 147.2
3076.8 -945.1 146.8
3091.6 -942.4 146.5
3106.3 -939.7 146.6
3121.1 -937.0 146.8
3135.8 -934.3 146.9
3150.6 -931.6 147.1
3165.3 -928.9 147.3
3180.2 -927.0 147.4
3195.1 -925.2 147.6
3210.0 -923.5 147.7
3224.9 -921.8 147.9
3239.8 -920.6 148.0
3254.7 -922.8 148.0
3269.5 -925.0 148.1
3284.3 -927.2 148.1
3307.4 -930.7 148.1
412.3 -6300.5 106.5
407.3 -6286.3 107.3
402.3 -6272.2 108.0
397.3 -6258.0 108.9
410.9 -6253.4 108.9
425.0 -6248.5 108.8
437.9 -6240.9 108.6
450.8 -6233.2 108.6
463.7 -6225.6 108.6
475.2 -6215.9 108.7
487.1 -6206.8 108.9
509.7 -6193.1 109.9
-4064.8 -5257.4 127.6
-4042.4 -5225.0 128.3
-4086.0 -5212.7 126.8
-4032.3 -5202.7 128.1
-4028.1 -5179.1 127.8
-4092.9 -5182.4 126.0
-4041.0 -5163.3 127.2
-4013.2 -5155.8 127.8
-4029.5 -5151.3 127.3
-4025.8 -5134.2 127.2
-4034.9 -5121.1 126.8
-4087.0 -5125.3 124.5
-4003.7 -5108.4 127.4
-4049.8 -5104.4 126.1
-4056.8 -5104.3 125.9
-3987.9 -5095.1 127.7
-4030.7 -5087.8 126.4
-4043.1 -5096.2 126.2
-4060.5 -5092.0 125.3
-4109.7 -5096.2 121.4
-4046.0 -5080.3 125.9
-4044.7 -5067.1 125.6
-4055.8 -5057.8 124.3
-4990.3 -6130.2 93.2
-4999.3 -6130.7 93.0
-5016.8 -6115.8 92.3
-5033.5 -6116.7 92.0
-4988.3 -6098.4 92.5
-5039.0 -6098.6 91.6
-5044.4 -6098.4 91.4
-5068.5 -6103.9 91.0
-5082.3 -6098.6 90.7
-4969.4 -6089.9 93.2
-5017.0 -6082.5 91.8
-5068.6 -6086.8 90.7
-5140.9 -6039.7 92.8
-5113.2 -6011.7 91.3
-5121.8 -6012.5 91.6
-5123.3 -6001.6 91.6
-5095.2 -5981.7 91.8
-4945.1 -6061.0 93.7
-4952.7 -6065.5 93.5
-5063.6 -6065.9 91.1
-4958.5 -6044.0 93.6
-4986.0 -6044.7 93.1
-5058.6 -6044.3 91.5
-5080.8 -6046.2 91.0
-4916.0 -6034.9 94.4
-4931.3 -6036.7 94.1
-5014.6 -6035.7 92.7
-5036.3 -6034.1 92.1
-5042.6 -6034.8 91.9
-5064.7 -6036.7 91.5
-4839.0 -6015.6 96.1
-4974.5 -6019.2 93.5
-5074.7 -6020.7 91.5
-4989.5 -6002.0 93.4
-5021.2 -6002.6 92.9
-3951.6 7797.7 162.9
-3955.2 7811.7 163.5
-3969.5 7808.8 164.0
-3938.8 7826.0 163.3
-3954.1 7828.6 163.9
-3938.3 7846.1 163.8
-3970.8 7842.0 164.9
-3935.2 7856.9 164.0
-3923.6 7876.8 164.1
-3983.1 7875.7 166.4
-4030.2 7871.1 168.1
-3927.4 7889.6 164.9
-3986.1 7892.0 167.3
-4045.6 7886.4 169.4
-3919.5 7898.7 165.0
-3936.1 7903.2 165.9
-3953.3 7898.4 166.3
-4015.4 7906.0 169.1
-3907.5 7914.0 165.3
-3988.4 7915.0 168.5
-4059.7 7912.5 171.2
-3957.0 7933.6 168.2
-3981.8 7933.5 169.1
-4026.6 7927.9 170.6
-4040.0 7928.8 171.2
-4077.8 7932.3 172.8
-4091.9 7929.6 173.2
-3892.1 7949.5 166.4
-3928.3 7943.4 167.5
-3943.5 7949.2 168.4
-3952.3 7950.0 168.8
-3969.0 7942.1 169.0
-4039.7 7951.4 172.3
-4092.8 7947.6 174.2
-3906.7 7966.1 167.7
-3953.6 7960.0 169.3
-3983.2 7958.4 170.4
-4012.9 7966.5 171.9
-4027.8 7958.5 172.1
-4087.4 7957.3 174.4
-3937.6 7975.6 169.4
-3985.3 7976.6 171.3
-4039.9 7974.4 173.4
-4085.8 7974.1 175.2
-4011.9 7989.4 173.0
-4061.1 7992.3 175.1
-4084.8 7992.1 176.0
-3908.2 8007.2 169.8
-3923.5 8002.6 170.2
-3979.5 8002.7 172.4
-3910.2 8025.5 170.7
-3920.8 8024.2 171.1
-4015.9 8040.7 175.6
-4027.2 8038.0 175.9
-3966.3 8055.3 174.4
-3997.1 8050.1 175.3
-5044.8 -6362.3 109.9
-5114.3 -6359.2 112.7
-5149.7 -6347.4 113.8
-5164.4 -6328.4 113.7
-5195.9 -6316.1 114.6
-5222.2 -6311.0 115.5
-5254.8 -6300.3 116.5
-5254.9 -6287.3 116.1
-5280.9 -6283.4 116.9
-5283.6 -6275.0 116.6
-5295.8 -6270.3 116.6
-5328.1 -6245.5 116.5
