-6834.0 -2547.6 25.8
-6932.9 -2543.3 25.2
-3114.6 4377.2 27.4
-3038.9 4378.0 27.4
-3092.0 4407.6 27.3
-3400.6 5982.0 25.4
-3046.6 4330.0 27.6
-3090.9 4332.3 27.6
-3033.8 4358.2 27.5
-6849.5 -2546.4 25.8
-2847.4 4673.0 28.9
-2932.6 -5578.4 33.5
-2856.0 4623.7 28.9
-2845.2 4685.5 28.8
-2837.3 4730.0 28.6
-2834.9 4743.7 28.4
-79.0 -1553.0 36.4
-2831.0 4767.1 28.2
-3050.1 4394.7 27.4
-2828.7 4781.0 28.1
-3082.4 4408.8 27.3
-2829.6 4775.6 28.1
-3033.8 4348.4 27.5
-3036.2 4369.2 27.5
-3072.8 4409.3 27.3
-3101.5 4404.4 27.3
-3110.2 4357.1 27.5
-3107.1 4348.1 27.5
-3113.6 4365.5 27.5
-3038.7 4339.8 27.6
-3058.8 4327.1 27.6
-3099.5 4339.5 27.5
-2854.6 4631.6 29.0
-2839.8 4715.7 28.7
-2849.4 4661.4 28.9
-3307.1 4446.9 26.7
-3056.7 4400.1 27.4
-6945.7 -2543.0 25.1
-6156.4 -3053.0 35.0
-6941.2 -2528.8 25.0
-6928.6 -2529.5 25.2
2148.6 -4000.4 46.3
-2267.7 -3863.1 29.8
-6606.4 -2841.1 29.1
-2265.8 -3849.3 29.9
-2832.1 4760.7 28.3
-3068.2 4326.1 27.6
-6861.5 -2546.3 25.7
-2853.5 4638.3 29.0
-3043.5 4387.6 27.4
-5914.2 -3897.4 29.0
-5925.5 -3863.9 29.0
-5928.8 -3858.6 28.9
-5951.6 -3839.1 28.7
-3218.2 4563.0 26.7
-3212.7 4577.0 26.7
-3207.2 4591.0 26.7
-3201.7 4604.9 26.7
-3196.2 4618.9 26.7
-3190.7 4632.8 26.7
-3185.3 4646.8 26.7
-3179.9 4660.8 26.7
-3174.5 4674.8 26.7
-3169.2 4688.8 26.7
-3163.9 4702.9 26.7
-3158.6 4716.9 26.7
-3153.2 4730.9 26.7
-3147.9 4744.9 26.7
-3142.6 4758.9 26.7
-3137.2 4773.0 26.7
-3131.9 4787.0 26.7
-3126.6 4801.0 26.7
-3121.2 4815.0 26.7
-3115.9 4829.1 26.7
-3110.6 4843.1 26.7
-3105.3 4857.1 26.7
-3100.0 4871.1 26.7
-3094.6 4885.2 26.7
-3089.1 4899.1 26.7
-3083.3 4912.9 26.7
-3077.6 4926.8 26.8
-3071.8 4940.6 26.9
-3066.1 4954.5 27.0
-3060.3 4968.3 27.1
-3054.5 4982.2 27.2
-3048.8 4996.0 27.3
-3043.0 5009.9 27.4
-3037.3 5023.7 27.5
-3028.9 5043.9 27.7
-5667.2 -3082.6 29.1
-5664.0 -3097.3 29.3
-5660.7 -3111.9 29.5
-5657.5 -3126.6 29.7
-5651.5 -3153.6 30.1
-3498.4 4771.7 23.5
-3491.5 4758.4 23.6
-3484.5 4745.1 23.8
-3474.8 4726.6 23.9
4201.7 -1082.3 35.4
4200.8 -1089.3 35.5
4198.8 -1094.7 35.5
4195.8 -1099.3 35.5
4190.8 -1104.9 35.5
4185.6 -1108.0 35.5
4178.8 -1109.3 35.5
4172.5 -1109.3 35.5
4166.1 -1108.2 35.5
4160.3 -1105.5 35.5
4155.2 -1101.5 35.5
4151.6 -1095.9 35.5
4149.4 -1090.2 35.5
4148.0 -1083.2 35.5
4148.0 -1076.4 35.5
4149.5 -1071.3 35.5
-5679.4 -3032.0 29.0
-5682.5 -3017.3 29.1
-5685.6 -3002.7 29.2
-5688.7 -2988.0 29.3
-5691.8 -2973.3 29.3
-5694.9 -2958.6 29.2
-5698.0 -2943.9 29.1
-5701.1 -2929.3 28.8
-5704.1 -2914.6 28.7
-5707.2 -2899.9 28.6
-5711.4 -2880.1 28.4
4497.5 -8941.6 47.9
4500.8 -8926.9 47.7
4504.0 -8912.3 48.1
4507.4 -8897.7 48.4
4510.9 -8883.1 48.5
4514.7 -8868.6 48.6
4519.1 -8853.9 48.6
-5943.0 -3905.6 28.9
-5917.3 -3911.2 29.0
-5899.8 -3927.4 29.1
-5934.3 -4101.4 30.0
-5941.0 -4114.8 30.2
-5947.8 -4128.2 30.4
-5954.6 -4141.6 30.3
-5961.4 -4155.0 30.1
-5968.1 -4168.4 30.0
-5977.7 -4179.4 29.8
-5989.7 -4188.4 29.6
-6004.7 -4199.6 29.3
-2701.5 2554.9 32.9
-2689.8 2545.4 32.6
-2678.2 2536.0 32.3
-2666.5 2526.6 32.0
-2654.8 2517.2 31.8
-2643.1 2507.7 32.4
-2631.5 2498.3 32.8
-2619.8 2488.9 33.2
-2608.1 2479.5 33.6
-2596.5 2470.0 34.2
-2584.8 2460.6 34.8
-2573.1 2451.2 35.4
-2561.5 2441.7 35.2
-2549.8 2432.3 34.8
-2538.1 2422.9 34.4
-2526.5 2413.5 34.1
-2514.8 2404.0 33.7
-2503.1 2394.6 33.3
-2491.5 2385.2 32.9
-2479.8 2375.8 32.5
-2468.1 2366.3 32.1
-2456.5 2356.9 31.8
-2444.8 2347.5 31.4
-2433.1 2338.1 31.0
-2421.2 2329.0 30.9
-2409.2 2319.9 31.1
-2397.2 2310.9 31.2
-2385.3 2301.9 31.4
-2373.3 2292.8 31.6
-2361.3 2283.8 31.8
-2349.4 2274.7 31.9
-2337.4 2265.7 32.1
-2325.4 2256.6 32.3
-2313.5 2247.6 32.5
-2301.5 2238.6 32.6
-2289.5 2229.5 32.8
-2277.6 2220.5 33.0
-2265.6 2211.4 33.2
-2253.6 2202.4 33.3
-2241.7 2193.4 33.5
-2229.7 2184.3 33.7
-2217.7 2175.3 33.9
-2205.7 2166.2 34.0
-2193.8 2157.2 34.2
-2181.5 2148.5 34.4
-2169.2 2139.9 34.6
-2156.9 2131.4 34.8
-2144.6 2122.8 34.9
-2132.3 2114.2 35.1
-2120.0 2105.7 35.3
-2107.7 2097.1 35.5
-2095.4 2088.5 35.6
-2083.1 2079.9 35.8
-2070.8 2071.4 36.0
-2058.5 2062.8 36.2
-2046.1 2054.2 36.4
-2033.8 2045.6 36.5
-2021.5 2037.1 36.7
-2009.2 2028.5 36.9
-1996.9 2019.9 37.1
-1984.6 2011.3 37.2
-1972.3 2002.8 37.4
-1960.0 1994.2 37.6
-1947.7 1985.6 37.6
-1935.4 1977.0 37.4
-1923.1 1968.5 37.3
-1910.8 1959.9 37.2
-1898.4 1951.3 37.0
-1886.1 1942.8 36.9
-1862.6 1926.3 36.7
-3039.9 4989.5 27.4
-3034.6 5003.5 27.5
-3029.4 5017.5 27.6
-3024.1 5031.6 27.7
-3018.8 5045.6 27.8
-3013.5 5059.6 27.9
-3006.2 5079.0 28.1
-5894.4 -3931.9 29.1
-5883.8 -3942.3 29.1
-5974.5 -2702.8 27.2
-5961.2 -2709.7 27.7
-5947.9 -2716.6 28.3
-5934.6 -2723.6 28.8
-5921.3 -2730.5 29.2
-5907.9 -2737.4 29.6
-5894.6 -2744.3 29.9
-5881.3 -2751.2 30.2
-5868.0 -2758.1 30.4
-5854.7 -2765.0 30.6
-5841.4 -2771.9 30.7
-5828.1 -2778.8 30.2
-5814.7 -2785.7 29.9
-5801.4 -2792.6 29.6
-5788.1 -2799.5 29.3
-5774.8 -2806.5 29.1
-5757.8 -2815.3 28.7
4197.4 -1073.0 35.4
4193.2 -1069.5 35.4
4188.9 -1065.5 35.4
4185.4 -1062.0 35.4
4181.2 -1057.5 35.4
4163.0 -1056.9 35.4
4169.6 -1054.8 35.4
2241.2 1738.3 56.8
2229.5 1728.9 56.9
2217.8 1719.4 56.9
2206.1 1710.0 57.0
2194.5 1700.6 57.1
2182.8 1691.2 57.3
2169.6 1680.5 57.5
-5760.3 -3724.5 29.2
-5755.4 -3710.3 29.1
-5750.6 -3696.1 29.1
-5745.7 -3681.9 29.2
-5740.8 -3667.8 29.3
-5735.9 -3653.6 29.5
-5731.0 -3639.4 29.7
-5726.2 -3625.2 30.0
-5721.3 -3611.0 30.3
-5716.4 -3596.8 30.8
-5711.5 -3582.6 31.3
-5706.6 -3568.5 31.5
-5701.7 -3554.3 31.6
-5693.3 -3529.8 31.1
-5847.0 -2808.0 29.2
-5833.7 -2815.0 29.1
-5820.5 -2822.0 28.9
-5807.2 -2828.9 28.8
-5783.1 -2841.6 28.5
-2939.2 5464.8 26.7
-2953.5 5469.3 26.5
-2967.8 5473.7 26.4
-2982.4 5477.2 26.4
-2997.1 5480.1 26.4
-3011.8 5483.0 26.4
-3026.5 5485.9 26.3
-3041.3 5488.8 26.3
-3056.2 5490.3 26.3
-3079.1 5491.6 26.3
-5686.1 -3506.7 30.8
-5681.0 -3492.6 30.6
-5675.9 -3478.5 30.4
-5670.8 -3464.4 30.3
-5665.7 -3450.3 30.3
-5660.6 -3436.1 30.3
-5655.5 -3422.0 30.2
-5650.4 -3407.9 30.2
-5645.3 -3393.8 30.1
-5640.2 -3379.7 30.1
-5633.9 -3362.2 30.1
-2028.6 2011.9 36.8
-2040.9 2020.5 36.6
-2053.3 2029.1 36.4
-2065.6 2037.6 36.3
-2077.9 2046.2 36.1
-2090.2 2054.8 35.9
-2102.5 2063.4 35.7
-2114.8 2071.9 35.5
-2127.1 2080.5 35.4
-2139.4 2089.1 35.2
-2151.7 2097.6 35.0
-2164.0 2106.2 34.8
-2176.3 2114.8 34.7
-2188.7 2123.4 34.5
-2201.0 2131.9 34.3
-2213.3 2140.5 34.1
-2225.1 2149.7 34.0
-2236.9 2158.9 33.8
-2248.8 2168.2 33.6
-2260.6 2177.4 33.4
-2272.5 2186.6 33.3
-2284.3 2195.8 33.1
-2296.1 2205.0 32.9
-2308.0 2214.2 32.7
-2319.8 2223.4 32.5
-2331.7 2232.6 32.4
-2343.5 2241.8 32.2
-2355.3 2251.1 32.0
-2367.2 2260.3 31.8
-2379.0 2269.5 31.7
-2390.8 2278.7 31.5
-2402.7 2287.9 31.3
-2414.5 2297.1 31.1
-2426.4 2306.3 31.0
-2438.2 2315.5 30.8
-2450.0 2324.7 30.6
-2461.8 2334.1 30.4
-2473.5 2343.4 30.6
-2485.3 2352.7 31.0
-2497.0 2362.1 31.4
-2508.7 2371.4 31.7
-2520.5 2380.8 32.1
-2532.2 2390.1 32.5
-2544.0 2399.4 32.9
-2555.7 2408.8 33.2
-2567.4 2418.1 33.6
-2579.2 2427.4 34.0
-2590.9 2436.8 34.4
-2602.7 2446.1 34.2
-2614.4 2455.4 33.6
-2626.2 2464.8 33.0
-2637.9 2474.1 32.4
-2649.6 2483.4 32.0
-2661.4 2492.8 31.6
-2682.2 2509.3 31.0
-5641.2 -3207.9 30.6
-5638.0 -3222.5 30.7
-5634.9 -3237.2 30.7
-5631.8 -3251.9 30.8
-5626.3 -3277.2 30.9
-5985.3 -3878.1 28.8
-5965.4 -3897.5 28.9
-5961.3 -3899.4 28.9
-6630.6 4288.2 20.5
-6667.8 4290.9 20.7
-6593.3 4306.0 20.5
-6617.0 4300.3 20.6
-6650.8 4321.3 20.8
-6678.5 4316.5 20.8
-6695.3 4321.3 20.9
-6662.8 4338.6 20.9
-6707.3 4334.4 21.0
-6646.9 4348.9 20.9
-6660.6 4350.0 20.9
-6624.4 4365.1 20.9
-6636.9 4360.0 20.9
-6662.7 4383.6 21.1
-6668.0 4398.6 21.2
-6705.6 4399.3 21.3
-6632.9 5204.2 21.3
-2421.9 -8008.4 40.8
-2474.0 -8012.7 41.2
-2436.8 -7991.8 40.6
-2443.8 -7991.7 40.7
-2539.9 -7997.5 41.8
-2447.5 -7979.4 40.4
-2462.9 -7984.6 40.7
-2496.7 -7983.6 41.1
-2509.3 -7968.1 40.8
-2495.9 -7946.4 40.2
-2538.2 -7948.1 40.9
-2547.2 -7948.6 41.1
-2568.7 -7952.2 41.5
-2493.4 -7938.1 40.1
-2533.0 -7931.7 40.8
-2492.6 -7916.1 39.9
-2503.6 -7919.3 40.1
-2555.7 -7917.2 41.0
-2564.6 -7923.1 41.2
-2511.4 -7906.9 40.1
-2525.2 -7901.5 40.2
-2555.8 -7909.1 40.9
-2570.3 -7907.9 41.1
-2541.5 -7889.8 40.3
-2571.7 -7893.4 40.9
-3282.5 7333.0 24.8
-3309.0 7329.9 24.5
-3251.8 7342.9 25.2
-3258.1 7342.2 25.1
-3280.2 7340.3 24.9
-3309.4 7346.4 24.7
-3243.7 7362.7 25.5
-3290.8 7360.2 25.1
-3265.4 7369.9 25.4
-3276.8 7377.6 25.4
-3307.9 7379.3 25.2
-3230.9 7385.4 25.5
-3244.3 7386.2 25.5
-3282.1 7389.8 25.5
-3296.2 7387.0 25.4
-3228.8 7400.2 25.5
-3288.6 7435.9 25.7
-3205.2 7450.0 29.7
-3304.1 7449.0 26.7
-3318.1 7450.4 26.6
-3220.6 7463.2 32.2
-3321.8 7464.5 27.0
-3281.6 7481.8 31.4
-3291.7 7475.8 30.2
-3174.8 7491.0 27.2
-3198.2 7490.6 29.8
-3281.7 7498.7 30.5
-3289.3 7490.1 30.8
-3176.5 7506.2 27.3
-3188.1 7512.7 28.5
-3321.0 7514.0 26.6
-3216.4 7522.0 30.1
-3244.1 7526.7 28.2
-3265.6 7523.7 27.7
-3275.0 7519.6 27.8
-3189.5 7539.5 28.5
-3234.4 7544.1 27.0
-3280.2 7536.2 26.9
-3309.4 7539.9 27.0
-3186.5 7554.4 27.1
-3204.8 7553.8 27.1
-3258.8 7556.6 27.2
-3295.4 7555.8 27.2
-3213.7 7572.4 27.1
-3232.0 7569.3 27.2
-3263.4 7571.4 27.2
-3281.9 7568.1 27.3
-3336.5 7571.1 27.1
-3612.4 7565.6 24.1
-3322.9 7585.0 26.8
-3443.0 7589.1 21.8
-3593.5 7587.1 24.0
-3686.3 7580.5 23.9
-3703.0 7582.5 23.9
-3799.6 7585.8 23.6
-3278.7 7597.9 27.2
-3393.0 7598.9 22.6
-3414.8 7596.5 21.8
-3474.5 7597.2 22.1
-3592.7 7594.5 24.1
-3682.2 7604.4 23.7
-3741.1 7595.5 23.6
-3760.7 7595.8 23.6
-3777.9 7595.8 23.6
-3859.5 7600.8 23.1
-3264.2 7614.5 27.2
-3308.3 7610.3 25.8
-3396.9 7614.8 21.9
-3423.6 7616.3 21.6
-3453.5 7617.9 22.5
-3544.2 7616.9 24.6
-3559.6 7616.5 24.5
-3580.8 7614.7 24.4
-3589.2 7611.1 24.4
-3611.8 7612.2 24.3
-3626.0 7609.8 24.1
-3663.7 7615.2 23.9
-3803.1 7611.8 23.3
-3832.7 7611.9 23.2
-3878.5 7618.1 23.1
-3892.2 7616.9 23.1
-3214.0 7631.7 27.0
-3288.9 7631.6 25.2
-3308.2 7633.4 24.2
-3327.7 7628.2 23.7
-3383.6 7625.2 22.3
-3410.6 7626.8 21.8
-3445.3 7631.5 22.8
-3514.5 7630.3 24.6
-3591.0 7626.6 24.6
-3663.4 7631.4 24.2
-3678.9 7627.8 24.0
-3772.0 7624.8 23.5
-3802.6 7627.0 23.4
-3813.1 7625.9 23.3
-3829.3 7634.3 23.4
-3849.3 7628.2 23.2
-3903.6 7624.7 23.1
-3919.3 7628.9 23.1
-3188.4 7643.1 27.0
-3216.8 7644.5 27.0
-3273.5 7647.3 24.9
-3295.6 7644.8 24.4
-3304.0 7649.2 24.3
-3348.5 7648.6 23.4
-3371.4 7641.7 22.8
-3386.4 7643.0 22.5
-3398.9 7641.2 22.2
-3417.1 7646.5 22.7
-3443.6 7649.0 23.5
-3487.9 7648.3 24.7
-3604.3 7641.5 24.7
-3626.4 7648.7 24.8
-3686.4 7647.2 24.4
-3696.7 7649.1 24.3
-3709.0 7643.4 24.1
-3777.6 7647.4 23.7
-3822.3 7646.4 23.5
-3833.9 7641.7 23.4
-3912.5 7649.0 23.1
-3933.3 7649.1 23.1
-3204.8 7661.0 27.0
-3246.2 7657.4 25.6
-3259.7 7655.2 25.2
-3296.9 7659.9 24.6
-3386.9 7656.1 22.7
-3470.6 7661.8 24.8
-3546.6 7656.0 25.2
-3696.9 7657.6 24.5
-3787.4 7658.2 23.8
-3873.8 7661.2 23.4
-3923.5 7660.4 23.2
-3937.2 7662.7 23.2
-3252.2 7678.9 25.7
-3485.3 7672.8 25.6
-3506.9 7678.7 25.6
-3530.8 7672.5 25.5
-3597.7 7670.8 25.2
-3622.1 7672.2 25.1
-3685.6 7676.9 24.9
-3698.1 7677.7 24.9
-3768.3 7678.3 24.3
-3800.5 7677.8 24.0
-3830.7 7676.5 23.8
-3849.3 7674.5 23.7
-3936.5 7675.3 23.3
-3214.0 7688.4 26.6
-3264.4 7688.2 25.6
-3341.6 7690.9 24.1
-3366.0 7693.4 23.6
-3401.0 7693.5 24.3
-3414.6 7690.5 24.5
-3447.9 7691.0 25.4
-3514.9 7690.2 25.8
-3533.3 7686.7 25.6
-3549.7 7693.5 25.7
-3581.7 7692.9 25.6
-3649.8 7692.1 25.3
-3730.8 7687.5 24.9
-3791.6 7689.2 24.3
-3821.9 7685.2 24.0
-3845.9 7688.3 23.9
-3875.0 7685.8 23.7
-3921.1 7689.1 23.5
-3937.8 7692.3 23.5
-3230.9 7702.5 26.5
-3246.3 7705.4 26.2
-3261.4 7709.4 26.0
-3274.8 7703.1 25.6
-3292.0 7708.7 25.3
-3325.3 7700.8 24.6
-3413.3 7702.0 25.0
-3444.5 7706.1 26.0
-3685.2 7700.5 25.3
-3813.4 7702.4 24.4
-3858.0 7702.8 24.0
-3894.7 7707.8 23.9
-3950.5 7700.5 23.5
-3141.8 7717.2 26.7
-3159.5 7722.5 27.1
-3174.9 7715.6 27.3
-3202.1 7716.1 27.3
-3229.8 7721.3 26.8
-3304.3 7724.2 25.3
-3385.6 7721.3 25.1
-3426.3 7721.2 26.1
-3459.6 7715.4 26.3
-3537.8 7720.1 26.1
-3596.7 7723.0 25.9
-3650.2 7715.0 25.6
-3731.5 7719.0 25.4
-3963.5 7718.1 23.6
-3142.5 7733.4 27.0
-3154.0 7736.6 27.2
-3188.9 7737.9 27.8
-3204.5 7734.0 27.5
-3218.0 7730.8 27.2
-3262.8 7737.9 26.3
-3293.7 7731.2 25.6
-3306.8 7730.8 25.3
-3355.6 7738.6 25.0
-3382.5 7739.2 25.8
-3426.0 7737.0 26.8
-3445.1 7738.1 26.7
-3455.0 7735.8 26.6
-3537.5 7736.0 26.3
-3680.8 7737.9 25.8
-3698.2 7737.6 25.8
-3770.8 7731.1 25.4
-3800.9 7736.4 25.3
-3821.1 7729.8 25.0
-3851.6 7736.9 24.9
-3860.3 7735.1 24.8
-3875.8 7737.5 24.7
-3912.5 7733.4 24.2
-3923.5 7732.6 24.1
-3986.3 7738.2 23.8
-3999.4 7736.5 23.7
-3139.5 7746.0 27.1
-3189.6 7750.6 28.0
-3245.2 7747.7 26.8
-3432.9 7749.8 26.9
-3438.1 7754.3 27.0
-3489.2 7750.6 26.7
-3501.2 7751.3 26.7
-3516.8 7753.9 26.7
-3561.7 7752.7 26.5
-3573.4 7748.9 26.4
-3593.1 7746.4 26.3
-3612.5 7746.1 26.2
-3682.2 7753.1 26.0
-3730.7 7754.2 25.9
-3754.5 7751.9 25.8
-3833.7 7750.1 25.3
-4000.0 7750.3 23.8
-3158.5 7765.0 27.7
-3235.4 7762.5 27.2
-3247.1 7762.9 27.0
-3319.8 7761.4 25.5
-3341.5 7768.0 25.9
-3352.6 7769.4 26.3
-3426.3 7764.3 27.2
-3502.5 7762.7 26.9
-3671.4 7763.8 26.2
-3697.6 7768.3 26.2
-3784.4 7768.1 25.9
-3828.7 7760.2 25.6
-3938.4 7765.0 24.7
-3955.7 7764.2 24.5
-3995.9 7766.8 24.2
-3202.7 7778.1 28.1
-3250.0 7777.7 27.2
-3275.6 7782.8 26.7
-3366.7 7779.6 27.1
-3381.5 7779.6 27.4
-3397.8 7779.3 27.5
-3545.3 7775.7 26.9
-3562.8 7781.7 26.9
-3618.4 7774.7 26.6
-3758.6 7780.5 26.1
-3785.8 7781.1 26.1
-3829.7 7783.1 25.9
-3850.9 7780.5 25.8
-3864.6 7776.3 25.7
-3892.5 7777.9 25.4
-3982.2 7779.5 24.6
-3156.8 7797.4 28.1
-3189.9 7797.1 28.6
-3266.7 7792.3 27.0
-3308.7 7797.4 26.3
-3456.6 7793.7 27.5
-3505.8 7793.6 27.3
-3611.5 7796.8 26.9
-3640.0 7793.9 26.8
-3747.6 7791.1 26.3
-3798.6 7793.8 26.2
-3878.2 7795.6 25.9
-3897.4 7795.5 25.8
-3907.4 7795.9 25.7
-3948.3 7792.3 25.3
-3222.5 7812.5 28.2
-3233.7 7812.6 28.0
-3265.7 7810.1 27.3
-3277.6 7814.1 27.1
-3380.3 7811.2 28.0
-3408.1 7809.6 27.9
-3423.9 7807.0 27.8
-3462.3 7805.2 27.6
-3507.4 7807.2 27.5
-3530.0 7809.5 27.4
-3545.0 7813.2 27.4
-3639.6 7811.2 27.0
-3663.4 7809.9 26.9
-3731.7 7813.4 26.7
-3755.8 7813.6 26.6
-3818.4 7809.3 26.3
-3892.6 7811.5 26.1
-3221.0 7821.0 28.3
-3263.1 7828.0 27.6
-3276.0 7827.3 27.3
-3369.3 7824.2 28.2
-3438.2 7822.1 27.9
-3470.0 7829.1 27.9
-3534.7 7823.0 27.6
-3561.8 7828.4 27.6
-3639.3 7822.8 27.2
-3664.6 7820.2 27.1
-3788.8 7823.1 26.6
-3799.8 7823.6 26.6
-3837.4 7826.1 26.5
-3844.6 7820.3 26.4
-3888.2 7825.0 26.3
-3920.6 7820.3 26.1
-3965.4 7822.6 25.8
-4029.6 7819.8 25.1
-4042.7 7822.7 25.1
-3156.6 7838.9 28.6
-3216.4 7843.0 28.7
-3262.7 7843.9 27.8
-3426.7 7838.4 28.2
-3491.0 7843.6 28.1
-3532.1 7842.6 27.9
-3545.9 7836.3 27.7
-3725.3 7841.7 27.2
-3802.6 7844.5 26.9
-3821.4 7837.8 26.7
-3835.7 7835.0 26.6
-3896.2 7842.6 26.5
-3925.7 7837.0 26.3
-3952.6 7834.8 26.2
-3972.8 7839.7 26.1
-3138.4 7849.6 28.4
-3158.9 7854.2 28.9
-3249.2 7859.4 28.3
-3289.2 7857.4 28.3
-3325.5 7857.4 28.9
-3334.9 7853.9 28.8
-3397.3 7854.3 28.6
-3491.3 7852.2 28.2
-3498.7 7855.0 28.2
-3650.4 7857.2 27.7
-3668.4 7856.1 27.6
-3836.7 7850.8 26.9
-3908.2 7856.1 26.7
-3921.6 7852.0 26.6
-3967.9 7851.6 26.4
-3986.0 7850.3 26.2
-4026.7 7853.6 25.9
-4040.6 7857.7 25.9
-3246.5 7868.9 28.5
-3276.7 7867.7 28.4
-3295.2 7868.8 29.0
-3350.5 7873.7 29.0
-3366.9 7869.0 28.9
-3383.9 7874.3 28.9
-3411.0 7867.5 28.7
-3446.2 7864.7 28.5
-3513.3 7866.0 28.3
-3607.0 7865.4 27.9
-3625.2 7871.8 28.0
-3641.2 7866.2 27.8
-3681.0 7870.4 27.7
-3693.7 7870.2 27.7
-3731.1 7868.0 27.5
-3755.2 7873.2 27.5
-3816.0 7868.3 27.2
-3922.4 7868.4 26.8
-3282.9 7885.6 29.4
-3336.7 7881.5 29.2
-3349.1 7888.0 29.2
-3386.7 7888.7 29.1
-3399.9 7879.6 28.9
-3550.0 7880.9 28.4
-3648.5 7885.7 28.1
-3731.6 7886.1 27.8
-3755.3 7886.0 27.7
-3786.1 7880.5 27.5
-3799.8 7884.8 27.5
-3845.4 7879.7 27.2
-3986.1 7884.5 26.8
-4016.1 7888.4 26.7
-3216.1 7903.6 29.6
-3246.1 7895.7 28.9
-3265.6 7901.7 29.6
-3277.1 7898.6 29.7
-3312.3 7903.4 29.6
-3334.8 7895.5 29.4
-3350.6 7900.6 29.4
-3506.5 7898.2 28.8
-3575.7 7894.6 28.5
-3610.5 7904.4 28.5
-3641.6 7904.3 28.4
-3741.1 7898.3 27.9
-3773.2 7900.4 27.8
-3788.2 7902.3 27.8
-3822.9 7894.9 27.6
-3863.1 7900.1 27.5
-3952.2 7899.1 27.1
-4030.2 7899.0 26.8
-4059.9 7903.9 26.8
-3222.5 7914.6 29.6
-3263.6 7918.6 30.0
-3310.1 7911.3 29.7
-3354.2 7913.9 29.6
-3453.0 7914.9 29.2
-3473.9 7911.9 29.1
-3604.4 7910.0 28.6
-3656.3 7916.1 28.5
-3682.1 7910.0 28.3
-3772.5 7911.2 28.0
-3801.0 7910.4 27.9
-4032.8 7915.8 27.1
-4070.8 7919.3 27.1
-3223.0 7932.5 29.9
-3338.0 7927.6 29.8
-3408.3 7930.6 29.6
-3489.4 7932.4 29.3
-3531.3 7929.8 29.1
-3550.4 7928.6 29.1
-3565.2 7927.5 29.0
-3636.5 7933.4 28.8
-3648.3 7927.3 28.7
-3671.4 7930.7 28.6
-3730.0 7932.0 28.4
-3831.0 7926.6 28.0
-3867.1 7932.3 28.0
-3953.2 7931.8 28.0
-3971.7 7925.9 27.6
-3984.7 7933.9 28.2
-4015.1 7929.1 27.9
-4058.9 7931.3 28.1
-3320.4 7942.3 30.1
-3534.1 7946.5 29.4
-3564.7 7946.6 29.3
-3592.6 7947.0 29.2
-3622.6 7948.7 29.1
-3665.3 7944.1 28.8
-3702.1 7945.6 28.8
-3757.5 7948.3 29.1
-3844.2 7945.5 29.0
-3876.2 7947.4 29.1
-3907.0 7944.8 29.0
-3966.4 7943.3 28.9
-3985.8 7945.4 29.1
-4010.3 7944.9 29.1
-4057.8 7945.2 29.0
-3327.4 7957.5 30.3
-3348.9 7957.9 30.2
-3379.2 7958.5 30.1
-3456.6 7962.7 29.9
-3470.3 7963.1 29.9
-3486.1 7958.4 29.7
-3604.5 7962.9 30.0
-3619.3 7961.2 29.9
-3667.3 7959.3 29.8
-3684.4 7955.3 29.5
-3727.2 7960.5 30.0
-3863.0 7956.8 29.9
-3925.0 7960.2 30.2
-4002.8 7964.3 30.6
-4008.7 7959.1 30.2
-4027.7 7955.4 30.0
-4038.7 7964.1 30.6
-4068.5 7957.6 28.4
-3229.3 7972.3 30.9
-3259.1 7969.6 30.7
-3340.0 7972.1 30.5
-3366.4 7978.1 30.9
-3412.9 7971.0 30.4
-3425.3 7977.2 30.9
-3489.4 7972.9 30.6
-3499.6 7970.6 30.5
-3548.3 7977.0 31.0
-3574.4 7974.2 30.8
-3597.2 7969.6 30.5
-3633.4 7976.3 31.1
-3657.5 7975.8 31.1
-3681.3 7978.1 31.3
-3760.3 7977.0 31.3
-3873.9 7969.6 30.9
-4001.3 7976.0 31.5
-4015.0 7975.9 31.5
-4044.5 7970.8 30.9
-4062.6 7975.1 29.4
-4070.5 7976.4 28.8
-3219.4 7986.7 31.4
-3229.0 7991.6 31.5
-3309.4 7986.0 31.4
-3320.6 7991.1 31.8
-3338.7 7993.5 32.1
-3367.3 7989.4 31.8
-3385.8 7992.3 32.0
-3427.8 7992.7 32.1
-3459.8 7988.1 31.8
-3503.3 7985.4 31.6
-3517.6 7985.3 31.6
-3529.7 7991.0 32.1
-3606.6 7990.8 32.2
-3649.9 7985.9 31.8
-3667.9 7990.4 32.2
-3747.9 7989.0 32.2
-3784.1 7984.9 31.9
-3802.5 7991.1 32.4
-3833.8 7986.0 32.1
-3844.4 7984.8 32.0
-3895.0 7984.9 32.1
-3964.7 7989.0 32.5
-3997.9 7985.5 32.3
-4016.0 7986.7 32.4
-4044.7 7994.3 31.6
-4069.3 7990.2 29.2
-4090.6 7992.4 27.4
-3266.0 8003.6 31.8
-3275.0 8006.4 31.9
-3333.3 8005.6 32.5
-3385.8 8005.7 33.1
-3500.2 8004.9 33.1
-3515.7 8006.1 33.2
-3552.6 8006.3 33.3
-3678.4 8007.1 33.5
-3694.7 8008.7 33.7
-3709.1 8004.3 33.3
-3728.9 8006.7 33.6
-3798.9 8002.7 33.3
-3816.7 8008.2 33.8
-3882.2 8000.9 33.3
-3942.7 8005.8 33.8
-4024.7 8004.1 33.6
-4060.9 8005.5 30.4
-3217.5 8022.7 31.0
-3274.3 8024.0 31.6
-3370.4 8023.1 32.7
-3412.0 8023.2 33.2
-3427.6 8018.2 33.4
-3461.9 8015.2 33.8
-3535.9 8019.9 34.3
-3551.8 8015.3 34.0
-3567.4 8015.0 34.0
-3591.6 8015.6 34.1
-3687.8 8016.5 34.3
-3747.6 8020.3 34.6
-3771.5 8016.7 34.4
-3908.3 8021.3 34.9
-3956.1 8023.9 35.2
-3971.9 8015.1 34.5
-4017.5 8017.4 34.6
-4089.2 8019.7 28.3
-3246.0 8033.9 31.2
-3275.6 8031.2 31.5
-3303.4 8037.2 31.8
-3365.8 8036.6 32.5
-3384.9 8037.9 32.7
-3638.0 8033.5 35.5
-3711.3 8039.2 36.1
-3725.9 8034.2 35.7
-3743.7 8039.3 36.1
-3789.9 8033.9 35.7
-3799.4 8038.5 36.1
-3858.9 8033.9 35.8
-3933.2 8032.3 35.8
-4071.6 8038.6 30.4
-4101.7 8033.2 27.6
-3213.8 8052.0 30.6
-3248.5 8048.6 31.0
-3259.3 8052.0 31.1
-3336.0 8052.8 31.9
-3427.7 8052.8 32.9
-3457.9 8048.6 33.3
-3535.4 8045.1 34.3
-3577.7 8050.8 34.7
-3648.5 8046.1 35.5
-3679.6 8045.8 35.9
-3725.9 8048.0 36.4
-3760.6 8049.6 36.8
-3806.7 8049.9 37.0
-3816.0 8051.3 37.1
-3893.1 8044.6 36.7
-3949.5 8045.5 36.8
-4001.3 8050.6 37.0
-4057.6 8045.6 31.9
-4087.8 8053.7 29.4
-3228.6 8064.6 30.6
-3312.2 8067.3 31.5
-3336.5 8061.3 31.8
-3372.5 8068.9 32.1
-3428.7 8061.9 32.8
-3537.7 8064.8 34.0
-3593.9 8063.1 34.7
-3621.5 8061.3 35.0
-3694.1 8060.7 35.9
-3728.5 8066.5 36.2
-3833.5 8063.9 37.4
-3858.7 8061.4 37.7
-3879.8 8064.2 37.9
-3904.0 8064.4 38.2
-4023.6 8069.3 35.5
-4043.9 8062.9 33.6
-4061.3 8060.7 32.0
-4075.1 8062.3 30.8
-4117.0 8065.9 27.1
-3249.8 8078.3 30.6
-3325.9 8082.2 31.4
-3417.5 8079.9 32.5
-3456.1 8078.3 32.9
-3535.0 8077.5 33.8
-3574.1 8079.4 34.2
-3666.9 8079.5 35.3
-3696.5 8080.6 35.6
-3708.2 8077.7 35.8
-3745.4 8078.0 36.2
-3768.9 8077.9 36.5
-3891.0 8075.1 37.9
-3972.0 8080.2 38.6
-4026.9 8078.3 35.5
-4059.7 8075.5 32.5
-4104.1 8077.9 28.6
-3231.0 8096.0 30.0
-3248.4 8093.8 30.3
-3318.1 8091.3 31.2
-3338.7 8098.1 31.1
-3367.6 8096.9 31.5
-3384.1 8094.8 31.7
-3398.6 8093.8 31.9
-3545.0 8090.1 33.6
-3575.5 8095.9 33.7
-3668.6 8094.1 34.8
-3769.7 8096.1 35.8
-3787.8 8099.1 35.9
-3819.0 8090.3 36.5
-3832.0 8098.5 36.4
-3889.4 8096.7 37.1
-3923.2 8098.8 37.4
-3942.3 8099.0 37.6
-3964.2 8091.9 38.1
-3983.8 8092.8 38.3
-4012.2 8091.8 37.0
-4055.5 8093.9 33.4
-4117.2 8092.6 27.9
-3252.7 8108.4 29.8
-3290.1 8106.8 30.3
-3309.3 8113.6 30.2
-3322.0 8112.1 30.4
-3357.4 8112.7 30.8
-3401.7 8111.6 31.3
-3414.9 8112.7 31.4
-3472.5 8111.9 32.0
-3547.0 8105.8 33.0
-3640.6 8112.8 33.8
-3655.9 8111.3 34.0
-3699.8 8107.1 34.6
-3710.0 8112.5 34.5
-3761.8 8113.9 35.0
-3789.4 8113.7 35.4
-3814.9 8114.2 35.6
-3832.0 8106.2 36.1
-3910.1 8105.6 37.0
-3939.7 8109.0 37.2
-3971.6 8106.4 37.6
-3982.9 8107.4 37.7
-4017.9 8110.5 36.7
-3267.4 8129.4 29.2
-3280.4 8125.5 29.5
-3383.8 8125.1 30.6
-3424.3 8128.3 30.9
-3535.4 8127.8 32.1
-3551.7 8122.3 32.5
-3576.1 8122.1 32.7
-3597.9 8122.6 33.0
-3611.5 8121.0 33.2
-3634.4 8120.0 33.4
-3702.9 8123.8 34.0
-3711.5 8119.9 34.3
-3727.9 8124.3 34.3
-3739.2 8128.1 34.3
-3769.6 8121.3 34.9
-3818.8 8125.3 35.3
-3833.7 8124.7 35.5
-3881.8 8126.2 36.0
-3964.5 8127.8 36.7
-3997.5 8126.1 37.1
-4008.0 8125.4 36.9
-4032.5 8126.0 35.6
-4062.5 8126.8 33.3
-3262.9 8139.6 28.7
-3278.6 8139.2 28.9
-3309.1 8142.6 29.1
-3514.4 8139.3 31.4
-3548.2 8142.9 31.7
-3848.8 8137.5 35.2
-3919.8 8143.2 35.8
-3956.7 8140.5 36.1
-4074.0 8144.1 32.5
-4119.7 8138.1 28.9
-3322.7 8159.1 28.6
-3335.0 8155.3 28.9
-3363.0 8150.0 29.4
-3401.4 8159.3 29.5
-3413.5 8155.4 29.7
-3520.1 8154.4 30.9
-3592.7 8153.6 31.8
-3624.9 8152.9 32.2
-3729.0 8152.9 33.3
-3739.3 8156.0 33.3
-3776.3 8159.1 33.6
-3806.0 8157.4 34.0
-3815.8 8155.7 34.2
-3829.3 8156.1 34.3
-3905.1 8152.5 35.3
-3949.5 8153.0 35.5
-3963.3 8158.4 35.6
-4114.5 8152.2 29.4
-3279.4 8165.5 27.9
-3322.1 8168.9 28.3
-3341.1 8166.9 28.5
-3414.6 8168.1 29.3
-3440.2 8168.7 29.5
-3457.1 8168.6 29.7
-3486.6 8172.4 29.9
-3543.8 8173.9 30.5
-3573.6 8166.1 31.1
-3594.4 8171.1 31.2
-3609.3 8165.1 31.6
-3623.2 8171.1 31.5
-3708.0 8173.6 32.4
-3757.4 8171.5 33.0
-3804.9 8171.0 33.5
-3817.0 8172.3 33.6
-3889.2 8171.9 34.4
-3903.9 8167.3 34.7
-3948.2 8166.1 35.0
-3965.4 8170.4 35.2
-3987.8 8171.7 35.6
-4137.8 8169.0 27.7
-4148.6 8174.4 26.9
-4163.3 8170.8 26.0
-3402.7 8184.4 28.6
-3409.2 8180.9 28.8
-3430.0 8180.8 29.0
-3440.1 8180.7 29.1
-3471.7 8188.9 29.2
-3487.0 8185.5 29.5
-3577.8 8182.5 30.6
-3593.9 8180.9 30.8
-3620.1 8188.4 30.9
-3634.2 8184.4 31.2
-3668.7 8183.7 31.6
-3697.7 8187.3 31.8
-3715.6 8185.5 32.0
-3791.0 8182.7 33.0
-3880.3 8188.4 33.7
-3908.7 8186.5 33.9
-3923.6 8186.5 34.0
-4077.3 8180.7 32.3
-4120.0 8181.9 29.1
-4136.0 8183.9 27.9
-3425.0 8195.7 28.4
-3442.9 8200.3 28.5
-3454.1 8198.3 28.7
-3567.6 8197.2 30.0
-3622.0 8197.5 30.6
-3687.8 8198.2 31.3
-3697.2 8199.9 31.3
-3708.0 8199.0 31.5
-3747.7 8197.4 32.0
-3773.9 8199.3 32.2
-3786.5 8198.3 32.4
-3861.0 8200.1 33.1
-3984.8 8197.7 34.6
-4025.4 8199.0 34.4
-4042.6 8197.9 34.0
-4147.1 8201.2 27.1
-4165.6 8201.5 26.5
-3273.9 8213.1 26.5
-3322.9 8211.8 26.7
-3365.1 8216.5 27.0
-3401.7 8213.4 27.6
-3624.7 8211.4 30.1
-3638.3 8216.4 30.1
-3702.4 8215.9 30.8
-3732.9 8213.8 31.3
-3800.2 8218.3 31.9
-3937.2 8219.3 33.0
-4059.2 8215.4 33.2
-3339.0 8226.8 26.4
-3399.2 8233.3 26.8
-3427.5 8232.3 27.2
-3518.7 8226.4 28.4
-3575.4 8228.9 29.0
-3591.1 8225.1 29.3
-3621.1 8232.0 29.4
-3634.4 8232.2 29.5
-3772.2 8233.1 31.0
-3816.4 8232.3 31.5
-3861.3 8230.5 31.9
-3892.2 8230.6 32.1
-3935.2 8224.9 32.7
-4026.3 8234.0 33.3
-4039.8 8226.5 33.2
-4053.7 8228.1 32.9
-4143.3 8224.9 27.4
-3267.4 8246.1 26.0
-3281.8 8249.5 25.9
-3289.4 8240.1 26.0
-3304.9 8247.4 25.9
-3363.4 8241.9 26.1
-3423.5 8242.8 26.8
-3446.5 8248.2 26.8
-3455.1 8248.3 26.9
-3548.1 8245.9 28.1
-3635.6 8244.4 29.1
-3663.3 8245.3 29.4
-3711.0 8243.4 30.0
-3732.3 8245.2 30.2
-3921.8 8242.6 31.9
-4014.4 8244.6 33.2
-4023.9 8248.7 32.9
-3248.1 8259.2 25.7
-3265.2 8262.1 25.7
-3289.8 8257.6 25.8
-3305.1 8261.5 25.7
-3401.1 8254.6 26.1
-3412.2 8257.9 26.1
-3456.2 8259.9 26.6
-3484.5 8263.7 26.7
-3504.3 8257.8 27.2
-3545.0 8264.3 27.4
-3649.0 8255.4 28.9
-3755.3 8257.3 30.0
-3844.5 8258.6 30.6
-3919.3 8263.1 31.1
-3969.0 8259.2 32.2
-3983.0 8260.4 32.4
-4092.1 8259.7 31.1
-4103.7 8259.1 30.5
-4121.8 8257.4 29.1
-3220.2 8276.5 25.4
-3267.9 8275.0 25.5
-3307.5 8272.7 25.5
-3400.4 8273.3 25.6
-3408.1 8273.4 25.6
-3445.5 8272.7 26.0
-3521.2 8270.9 26.9
-3528.1 8271.2 27.0
-3619.5 8276.2 27.8
-3729.4 8277.6 29.0
-3741.9 8278.4 29.1
-3807.3 8277.1 29.7
-3874.9 8272.8 30.3
-3926.3 8277.4 30.7
-4070.1 8270.7 31.3
-3222.8 8290.5 25.2
-3261.3 8291.4 25.2
-3296.5 8287.7 25.3
-3429.1 8286.8 25.4
-3445.3 8287.6 25.5
-3453.6 8290.7 25.5
-3552.4 8290.5 26.6
-3560.7 8287.8 26.8
-3597.7 8289.7 27.1
-3650.4 8287.8 27.8
-3680.4 8291.1 28.0
-3711.8 8290.6 28.4
-3769.9 8285.2 29.1
-3860.3 8293.8 29.3
-3895.2 8287.6 29.8
-4017.7 8285.3 31.9
-4091.2 8292.1 30.2
-4101.8 8284.7 30.2
-4122.2 8292.1 29.1
-3252.2 8304.4 25.0
-3261.7 8309.2 25.0
-3353.6 8303.3 25.1
-3413.1 8306.7 25.0
-3485.4 8306.8 25.2
-3519.7 8305.8 25.7
-3633.1 8307.9 26.9
-3657.1 8305.9 27.2
-3694.9 8304.7 27.7
-3726.0 8302.0 28.1
-3741.8 8306.1 28.1
-3783.9 8306.8 28.3
-3814.4 8302.9 28.7
-3831.9 8308.8 28.6
-3858.0 8307.6 28.8
-3936.7 8301.2 30.1
-3949.8 8301.5 30.3
-3971.1 8304.0 30.6
-4032.0 8302.1 31.1
-4085.9 8301.1 30.0
-3281.1 8324.5 24.8
-3291.7 8321.1 24.8
-3394.4 8323.4 24.8
-3430.0 8317.3 24.9
-3444.1 8318.2 24.9
-3521.1 8324.1 25.0
-3577.4 8317.7 25.9
-3672.8 8323.8 26.8
-3685.3 8323.5 26.9
-3769.2 8319.5 27.7
-3789.7 8317.5 27.9
-3817.4 8316.2 28.2
-3888.9 8321.1 28.5
-3927.3 8316.1 29.4
-3935.2 8322.1 29.3
-3979.3 8315.7 30.4
-4014.9 8315.4 31.0
-4030.6 8323.8 30.5
-4086.8 8321.8 29.4
-4130.2 8322.6 28.8
-3264.0 8334.7 24.8
-3353.0 8337.8 24.5
-3429.0 8336.5 24.6
-3462.9 8330.7 24.7
-3476.3 8334.3 24.6
-3507.8 8333.2 24.7
-3535.3 8331.6 24.9
-3543.5 8336.5 24.9
-3562.8 8331.3 25.3
-3596.4 8336.1 25.5
-3606.3 8335.0 25.6
-3636.9 8337.1 25.9
-3709.3 8333.4 26.8
-3731.0 8335.3 26.9
-3742.5 8336.6 26.9
-3843.1 8336.8 27.5
-3864.7 8335.2 27.7
-3882.5 8331.0 28.0
-3903.9 8338.7 28.2
-3918.5 8331.3 28.7
-3938.9 8336.0 28.9
-3952.0 8335.7 29.2
-4026.7 8336.0 30.2
-4060.7 8336.1 29.5
-4070.7 8336.0 29.3
-3274.8 8352.4 24.7
-3293.5 8344.7 24.6
-3323.2 8349.4 24.5
-3349.2 8352.4 24.3
-3371.9 8354.1 24.3
-3439.3 8345.7 24.4
-3507.8 8344.8 24.5
-3576.0 8344.5 25.0
-3595.8 8349.7 25.0
-3683.3 8348.0 26.0
-3724.8 8346.8 26.4
-3759.0 8354.0 26.3
-3873.8 8348.5 27.3
-3267.4 8361.2 24.7
-3308.3 8369.2 24.4
-3334.2 8364.2 24.4
-3430.2 8360.0 24.2
-3440.5 8366.6 24.1
-3477.8 8361.3 24.2
-3485.7 8364.5 24.2
-3521.1 8368.3 24.1
-3547.0 8369.0 24.1
-3604.6 8368.9 24.4
-3637.9 8365.0 24.9
-3652.2 8369.1 25.0
-3683.1 8364.3 25.4
-3699.9 8368.4 25.3
-3745.1 8366.9 25.7
-3755.4 8367.0 25.7
-3776.2 8369.0 25.8
-3789.1 8364.8 26.0
-3821.8 8366.2 26.2
-3882.5 8364.6 26.9
-3337.3 8375.6 24.3
-3351.5 8376.1 24.2
-3394.9 8376.5 24.0
-3669.7 8376.8 24.8
-3697.3 8381.8 24.8
-3739.5 8377.0 25.2
-3792.9 8383.1 25.3
-3820.0 8376.5 25.8
-6762.7 4401.8 21.5
-6762.7 4414.8 21.6
-6712.2 4435.0 21.5
-6726.0 4437.7 21.6
-6710.5 4463.5 21.8
-6717.7 4480.4 22.2
-6756.9 4483.2 22.6
-6558.4 5270.2 21.5
-6573.2 5267.3 21.5
-6535.4 5307.6 21.5
-6563.5 5313.7 21.4
-5420.6 -5197.1 25.1
-5446.8 -5194.7 26.0
-5458.4 -5199.7 25.9
-5428.3 -5186.0 26.4
-5464.0 -5188.0 27.1
-5478.4 -5180.8 28.1
-5403.0 -5167.1 27.5
-5435.0 -5171.5 27.9
-5458.4 -5171.0 28.5
-5372.1 -5150.2 28.2
-5420.8 -5158.0 28.8
-5445.3 -5157.3 29.5
-5358.3 -5136.9 29.0
-5443.6 -5142.8 30.8
-5586.8 -5135.3 30.1
-5598.3 -5142.9 29.5
-5652.8 -5134.6 27.8
-5345.2 -5126.3 28.7
-5354.2 -5124.8 29.2
-5367.0 -5124.8 29.7
-5417.8 -5120.7 32.2
-5444.2 -5119.0 33.0
-5463.3 -5127.0 32.8
-5477.6 -5120.9 33.7
-5525.9 -5127.2 32.2
-5583.1 -5123.9 30.5
-5598.1 -5120.5 30.1
-5637.7 -5126.9 28.5
-5401.8 -5113.0 31.7
-5431.7 -5110.0 33.1
-5478.7 -5113.1 34.2
-5518.6 -5105.8 33.2
-5611.7 -5104.0 29.9
-5668.7 -5104.6 27.9
-5340.7 -5096.1 29.2
-5374.8 -5095.8 30.8
-5390.6 -5094.0 31.6
-5418.0 -5090.7 33.0
-5601.5 -5092.5 30.6
-5667.5 -5095.3 28.1
-5314.4 -5079.7 28.4
-5376.7 -5078.9 31.3
-5510.9 -5074.0 33.3
-5540.8 -5079.9 33.0
-5553.3 -5083.5 32.5
-5594.6 -5076.7 31.2
-5612.4 -5079.9 30.5
-5346.3 -5067.8 30.2
-5398.5 -5066.2 32.4
-5465.7 -5061.4 33.2
-5476.3 -5064.8 33.2
-5554.1 -5065.7 32.5
-5644.2 -5062.3 29.7
-5681.9 -5068.3 28.2
-5352.1 -5052.0 30.8
-5416.1 -5053.1 32.1
-5534.8 -5049.7 32.0
-5652.3 -5051.7 29.7
-5436.5 -5033.0 31.7
-5511.7 -5033.2 31.5
-5518.5 -5033.7 31.5
-5584.2 -5034.4 30.9
-5596.7 -5036.3 30.9
-5659.6 -5030.0 29.9
-5672.8 -5029.9 29.4
-5414.7 -5016.0 30.7
-5433.7 -5018.9 31.1
-5478.5 -5017.7 31.2
-5517.2 -5023.8 31.1
-5689.5 -5017.3 29.1
-5503.2 -5004.5 30.4
-5551.5 -5001.8 29.8
-5644.4 -5004.7 29.1
-5414.0 -4989.0 29.7
-5444.9 -4990.9 30.3
-5461.7 -4993.8 30.3
-5592.4 -4989.5 28.9
-5645.2 -4985.7 28.3
-5675.4 -4987.1 28.0
-5436.6 -4976.1 29.6
-5460.3 -4973.9 29.4
-5472.4 -4975.0 29.4
-5524.0 -4975.5 28.9
-5539.4 -4976.1 28.8
-5580.6 -4972.5 28.3
-5642.1 -4971.2 27.7
-5688.0 -4975.4 27.4
-5727.8 -4977.3 27.1
-5443.7 -4955.8 28.8
-5520.4 -4955.0 28.1
-5598.2 -4954.8 27.4
-5626.6 -4958.2 27.2
-5462.3 -4947.5 28.3
-5478.4 -4939.7 27.8
-5487.5 -4946.6 28.0
-5508.8 -4939.9 27.5
-5526.6 -4948.6 27.7
-5537.9 -4942.9 27.4
-5577.2 -4946.2 27.2
-5667.0 -4939.2 26.8
-5702.2 -4940.8 26.9
-5719.2 -4942.1 27.7
-5761.1 -4942.0 30.4
-5601.0 -4930.3 26.5
-5629.6 -4924.5 26.7
-5748.0 -4926.9 31.3
-5442.3 -4915.1 27.1
-5600.9 -4909.7 26.8
-5614.4 -4913.0 26.8
-5641.1 -4914.6 26.9
-5652.4 -4911.6 27.0
-5705.4 -4912.1 30.2
-5717.5 -4914.3 30.7
-5495.3 -4899.1 26.3
-5537.9 -4901.1 26.5
-5600.5 -4901.1 26.9
-5727.2 -4898.1 33.2
-5749.0 -4903.3 34.0
-5494.6 -4883.8 26.5
-5569.1 -4888.6 26.8
-5592.6 -4888.1 27.0
-5611.8 -4886.7 27.1
-5672.1 -4880.4 31.7
-5759.3 -4886.0 35.2
-5791.4 -4885.3 30.9
-5548.1 -4866.5 27.0
-5615.5 -4872.6 29.0
-5625.4 -4864.9 30.5
-5675.8 -4872.7 32.8
-5688.0 -4868.0 34.1
-5704.2 -4873.5 34.5
-5776.6 -4871.0 33.8
-5646.0 -4856.0 32.8
-5661.1 -4851.4 33.6
-5712.1 -4851.4 35.5
-5732.2 -4849.3 36.1
-5750.1 -4858.8 37.1
-5794.1 -4853.2 32.6
-5817.9 -4856.0 29.2
-5579.6 -4836.6 29.4
-5615.4 -4834.4 30.6
-5622.5 -4843.9 31.6
-5599.1 -4826.2 29.4
-5625.9 -4825.8 30.4
-5700.1 -4822.8 33.0
-5742.7 -4820.9 34.1
-5764.5 -4819.8 33.2
-5746.6 -4808.3 32.8
-5759.3 -4808.6 32.4
-5660.4 -4793.8 29.3
-5667.9 -4798.1 29.9
-5719.3 -4797.3 31.9
-5761.1 -4798.5 31.5
-5794.3 -4794.0 29.9
-5690.0 -4781.2 29.6
-5699.9 -4778.1 29.7
-5819.4 -4781.1 27.8
-5854.5 -4778.0 27.6
-5762.4 -4766.8 28.6
-5775.6 -4759.5 27.5
-5806.2 -4768.8 27.4
-5831.8 -4745.5 27.7
-5809.9 -4735.4 27.6
-5823.8 -4736.8 27.7
-5847.7 -4731.0 27.6
-5866.5 -4736.3 27.4
-5790.1 -4722.6 27.6
-5804.9 -4714.2 27.7
-5821.4 -4715.9 27.8
-5847.6 -4704.3 27.6
-6717.4 6043.5 18.5
-6821.9 6039.9 19.1
-6721.0 6061.4 18.5
-6777.6 6055.4 18.8
-6752.3 6076.3 18.7
-6809.3 6071.7 19.0
-6828.9 6071.2 19.1
-6736.2 6090.6 18.6
-6761.3 6090.2 18.7
-6799.1 6083.5 19.0
-6807.6 6085.0 19.0
-6824.3 6083.8 19.1
-6763.7 6099.7 18.7
-6778.3 6104.4 18.8
-6796.2 6101.9 18.9
-6865.8 6104.3 19.2
-6690.4 6118.7 18.3
-6717.6 6113.2 18.4
-6796.0 6113.3 18.9
-6851.1 6118.7 19.2
-6718.4 6129.9 18.4
-6731.4 6131.6 18.5
-6784.2 6126.9 18.8
-6856.2 6134.6 19.1
-6709.4 6150.5 18.4
-6781.2 6148.6 18.8
-6828.5 6157.9 19.0
-6842.7 6158.7 19.0
-6899.6 6162.8 19.0
-6689.6 6181.2 18.2
-6716.3 6176.4 18.4
-6781.1 6176.2 18.8
-6821.8 6179.4 18.9
-6672.4 6194.5 18.1
-6693.2 6191.5 18.2
-6763.9 6191.2 18.7
-6814.4 6190.8 18.9
-6842.4 6196.5 18.9
-6871.8 6188.8 18.9
-6930.3 6190.0 18.8
-6679.4 6206.4 18.1
-6732.5 6206.6 18.5
-6836.0 6202.9 18.8
-6857.4 6205.0 18.8
-6677.5 6217.4 18.1
-6693.2 6219.9 18.2
-6708.5 6221.2 18.3
-6797.2 6219.3 18.8
-6909.8 6221.9 18.7
-6664.4 6237.4 18.0
-6677.7 6237.1 18.1
-6693.9 6232.6 18.2
-6722.4 6239.3 18.4
-6781.2 6239.1 18.7
-6864.9 6236.1 18.7
-6911.9 6231.9 18.7
-6673.2 6252.5 18.1
-6686.2 6255.4 18.2
-6701.5 6248.8 18.3
-6750.1 6254.5 18.6
-6762.8 6250.0 18.6
-6853.2 6248.9 18.6
-6888.0 6251.1 18.6
-6928.5 6254.1 18.6
-6655.9 6269.0 18.0
-6674.6 6262.9 18.1
-6701.6 6264.9 18.2
-6718.3 6269.7 18.3
-6798.3 6265.7 18.6
-6824.0 6270.1 18.5
-6844.7 6264.8 18.6
-6916.2 6264.5 18.5
-6677.7 6277.4 18.1
-6688.4 6283.4 18.2
-6752.1 6286.4 18.5
-6768.5 6278.6 18.5
-6852.9 6279.4 18.5
-6873.6 6280.1 18.5
-6895.1 6285.9 18.5
-6994.6 6277.7 19.1
-6766.2 6293.0 18.5
-6812.2 6296.5 18.4
-6821.9 6293.7 18.4
-6850.5 6294.0 18.4
-6896.9 6292.8 18.4
-6959.9 6298.4 18.5
-6792.9 6308.4 18.4
-6869.2 6312.5 18.3
-7432.9 7825.1 20.0
-7475.4 7820.7 19.2
-7438.8 7838.3 20.1
-7475.4 7831.6 20.0
-7513.0 7840.7 20.1
-7439.5 7855.1 20.3
-7491.1 7851.0 20.2
-7527.6 7848.1 20.1
-7541.1 7848.7 20.1
-7611.9 7853.9 20.2
-7461.5 7866.9 20.4
-7494.1 7863.2 20.3
-7529.3 7862.6 20.3
-7557.3 7867.4 20.3
-7572.8 7868.0 20.3
-7618.5 7861.8 20.1
-7393.7 7880.9 20.6
-7401.2 7877.3 20.6
-7422.4 7878.3 20.5
-7467.9 7876.3 20.5
-7581.8 7882.3 21.3
-7626.8 7876.9 20.8
-7389.4 7891.9 20.7
-7469.1 7894.4 20.9
-7480.5 7899.1 21.4
-7585.9 7893.6 22.2
-7614.7 7896.2 22.5
-7373.6 7912.1 21.1
-7387.1 7907.9 20.9
-7417.8 7913.7 21.7
-7345.4 7928.5 21.4
-7431.4 7928.9 23.0
-7464.0 7928.0 23.3
-7477.5 7922.1 23.0
-7509.5 7927.7 23.8
-7559.2 7924.7 24.1
-7568.4 7922.7 24.1
-7600.7 7929.8 25.0
-7618.2 7929.2 24.7
-7649.9 7930.1 23.8
-7364.0 7944.3 22.2
-7371.8 7936.7 22.2
-7419.4 7938.6 23.5
-7431.0 7945.4 24.1
-7465.6 7945.7 24.6
-7689.0 7939.8 23.2
-7708.7 7945.3 22.9
-7344.1 7956.4 22.0
-7401.4 7960.2 23.7
-7421.8 7954.2 24.1
-7476.7 7957.1 25.5
-7496.4 7960.0 26.0
-7521.8 7959.6 26.2
-7694.8 7959.4 24.4
-7734.5 7960.5 23.0
-7346.9 7968.7 22.4
-7373.4 7970.2 23.2
-7415.9 7975.4 24.6
-7476.7 7971.1 26.2
-7496.0 7972.7 26.8
-7514.8 7974.7 27.2
-7544.1 7967.2 27.0
-7612.9 7970.8 27.7
-7634.1 7969.1 26.9
-7289.2 7990.2 24.1
-7449.8 7990.0 26.0
-7499.9 7982.9 27.2
-7520.2 7984.0 27.8
-7601.2 7985.9 29.0
-7707.8 7981.6 25.5
-7715.6 7986.9 25.7
-7733.7 7990.6 25.3
-7271.8 7999.9 24.4
-7285.7 7999.8 24.1
-7310.4 7999.6 23.5
-7348.2 8002.4 23.4
-7405.9 7997.3 24.9
-7445.6 7999.1 26.1
-7586.9 8002.9 30.1
-7600.1 7999.9 30.0
-7633.0 8000.3 29.1
-7658.2 7999.4 28.3
-7271.4 8019.2 24.2
-7331.6 8013.4 23.2
-7388.3 8016.9 25.2
-7476.3 8011.5 27.4
-7496.5 8013.9 28.0
-7536.6 8013.3 29.1
-7570.4 8014.4 30.2
-7618.5 8020.0 30.8
-7664.4 8019.2 29.5
-7674.5 8012.4 28.7
-7704.6 8019.1 28.2
-7778.8 8014.8 25.6
-7240.5 8034.4 24.4
-7325.4 8033.8 24.9
-7346.5 8030.5 25.3
-7401.0 8032.2 27.1
-7521.7 8027.1 30.0
-7565.1 8032.6 31.8
-7604.5 8028.0 31.5
-7619.9 8031.4 31.2
-7671.8 8034.0 30.0
-7226.4 8046.8 24.3
-7313.1 8046.4 25.2
-7364.0 8042.3 27.0
-7408.5 8050.6 29.1
-7436.2 8050.5 29.9
-7454.6 8041.3 29.5
-7588.0 8043.8 32.6
-7643.5 8046.9 31.2
-7693.5 8044.5 29.8
-7719.9 8046.6 29.2
-7241.6 8062.2 23.1
-7298.1 8060.7 25.6
-7333.3 8064.3 27.8
-7370.9 8060.9 29.0
-7400.5 8057.5 29.5
-7423.5 8061.6 30.6
-7475.5 8064.4 32.4
-7507.4 8064.3 33.3
-7535.7 8061.7 33.8
-7644.9 8056.7 31.6
-7662.9 8057.7 31.1
-7781.8 8060.9 26.2
-7790.3 8059.6 25.7
-7196.2 8071.4 23.0
-7221.8 8080.5 23.2
-7315.5 8072.5 27.6
-7394.5 8073.0 30.9
-7418.7 8076.4 31.9
-7430.6 8076.6 32.2
-7581.6 8075.3 34.0
-7632.2 8075.0 32.6
-7693.7 8072.1 30.8
-7709.8 8074.2 30.0
-7753.6 8078.8 27.1
-7865.2 8080.4 27.7
-7191.2 8087.4 22.2
-7223.7 8088.7 23.9
-7252.8 8088.9 25.5
-7272.2 8087.5 26.5
-7355.5 8087.6 31.0
-7435.4 8089.1 33.6
-7497.5 8092.1 35.7
-7541.0 8095.7 35.9
-7648.5 8093.2 32.8
-7706.3 8094.6 29.4
-7719.9 8089.6 28.7
-7766.9 8086.7 26.0
-7805.4 8086.4 24.3
-7837.0 8091.5 26.0
-7873.7 8087.2 28.1
-7210.7 8110.1 24.8
-7229.5 8109.8 25.7
-7243.4 8102.4 25.8
-7257.8 8103.5 26.6
-7270.6 8105.6 27.7
-7286.2 8101.8 28.5
-7386.7 8107.7 34.0
-7436.0 8103.5 35.0
-7484.0 8107.8 36.8
-7550.0 8104.1 36.0
-7615.6 8110.3 34.2
-7659.0 8109.1 31.6
-7671.4 8106.7 31.0
-7780.6 8103.4 24.3
-7798.3 8102.3 23.8
-7813.0 8108.9 24.5
-7858.4 8102.5 27.2
-7866.5 8105.3 27.6
-7897.7 8109.8 29.3
-7918.3 8109.8 30.5
-7946.6 8101.3 28.8
-7169.3 8119.8 23.5
-7194.6 8120.3 24.8
-7207.0 8120.9 25.4
-7226.7 8125.3 26.7
-7313.1 8126.1 32.0
-7356.9 8120.0 33.8
-7388.0 8121.7 35.4
-7420.8 8118.0 36.0
-7445.4 8119.2 36.8
-7462.8 8120.6 37.5
-7525.3 8120.3 37.3
-7542.4 8125.3 37.0
-7588.3 8117.0 35.4
-7615.9 8125.2 33.6
-7626.9 8117.3 33.3
-7660.4 8118.0 31.1
-7677.3 8121.2 30.0
-7735.4 8125.0 26.2
-7746.7 8124.7 25.5
-7820.2 8125.9 24.8
-7842.2 8122.2 26.1
-7887.0 8120.8 28.6
-7914.0 8118.6 30.1
-7932.9 8117.7 31.2
-8006.3 8118.1 28.2
-7166.9 8140.4 24.4
-7223.9 8135.3 27.2
-7250.2 8137.8 28.7
-7295.6 8140.9 31.4
-7330.3 8136.2 33.7
-7392.2 8136.3 37.0
-7420.7 8134.5 37.6
-7450.3 8139.2 38.9
-7526.9 8135.0 37.8
-7543.6 8137.9 37.4
-7557.2 8135.2 36.7
-7647.4 8133.0 31.3
-7656.8 8134.0 30.6
-7731.8 8137.4 25.8
-7767.4 8138.1 23.6
-7783.3 8139.2 22.6
-7814.0 8136.7 24.3
-7902.6 8133.1 29.4
-7911.7 8140.6 29.8
-7934.7 8135.2 31.2
-7961.9 8133.5 32.7
-8031.0 8140.7 30.8
-8045.2 8135.0 28.9
-7106.4 8153.2 21.5
-7130.3 8154.2 22.9
-7195.9 8147.5 26.4
-7239.7 8147.6 28.9
-7288.5 8151.5 31.5
-7359.2 8154.4 36.8
-7407.9 8151.3 38.9
-7525.4 8153.0 37.9
-7568.1 8154.2 35.2
-7581.7 8152.4 34.5
-7619.6 8155.4 32.0
-7628.3 8150.5 31.7
-7655.4 8155.1 29.8
-7672.3 8150.0 29.0
-7723.7 8147.6 25.9
-7738.0 8154.5 24.7
-7745.0 8147.0 24.6
-7883.8 8151.5 28.2
-7915.0 8151.2 29.9
-7927.2 8156.2 30.6
-7986.5 8152.7 33.9
-8048.7 8147.9 31.0
-8083.0 8151.5 29.3
-7092.3 8166.8 21.3
-7244.2 8168.6 30.3
-7274.2 8170.8 32.1
-7364.5 8170.1 38.1
-7376.5 8169.3 38.9
-7495.7 8163.7 39.3
-7510.5 8163.3 38.4
-7582.2 8170.1 33.6
-7604.4 8164.2 32.5
-7661.1 8169.0 28.8
-7674.4 8163.1 28.2
-7689.4 8169.9 27.0
-7780.2 8166.0 22.2
-7840.8 8164.5 25.6
-7866.5 8163.7 27.1
-7881.0 8168.8 27.8
-7902.9 8165.2 29.1
-7911.7 8166.7 29.6
-7930.5 8163.9 30.7
-7960.2 8170.1 32.3
-8033.7 8168.3 35.7
-8129.9 8168.8 28.5
-7149.6 8180.9 25.3
-7206.1 8177.2 28.5
-7287.2 8180.7 33.4
-7319.3 8183.9 35.3
-7360.7 8176.6 38.1
-7452.7 8184.4 41.0
-7476.0 8179.1 39.8
-7511.2 8183.1 37.4
-7582.8 8177.8 33.2
-7617.0 8182.2 30.9
-7648.4 8183.5 28.9
-7678.0 8182.8 27.1
-7807.7 8177.5 23.6
-7895.2 8178.4 28.6
-7917.8 8185.1 29.8
-7944.2 8185.6 31.3
-8064.3 8185.9 37.0
-8077.2 8176.5 34.3
-8137.6 8179.7 29.9
-8156.8 8184.5 29.2
-7086.6 8192.2 22.2
-7149.4 8198.0 26.2
-7197.0 8201.0 29.1
-7345.3 8194.9 37.7
-7392.0 8193.0 41.2
-7614.0 8193.3 30.6
-7629.4 8200.5 29.3
-7690.8 8192.1 25.9
-7719.7 8198.3 23.8
-7749.2 8195.3 22.1
-7805.5 8199.2 23.3
-7947.1 8191.9 31.4
-7961.3 8199.8 32.1
-8022.8 8191.9 35.6
-8083.3 8194.2 36.6
-8093.9 8200.6 36.1
-8126.4 8197.7 33.1
-8185.5 8195.1 27.9
-7055.2 8212.9 21.4
-7101.7 8211.7 24.1
-7190.9 8212.5 29.3
-7214.4 8215.6 30.8
-7226.8 8208.6 31.2
-7240.9 8212.0 32.1
-7254.5 8214.1 32.6
-7302.3 8215.9 34.5
-7345.0 8215.5 37.7
-7364.7 8214.8 39.1
-7373.0 8215.2 39.8
-7408.8 8210.8 41.9
-7449.4 8212.0 40.0
-7520.4 8208.9 35.7
-7583.8 8214.7 31.5
-7690.9 8213.0 24.9
-7704.2 8212.3 24.2
-7722.2 8207.8 23.2
-7753.4 8213.0 21.1
-7827.9 8208.9 24.5
-7838.5 8210.5 25.1
-7866.7 8212.7 26.7
-7900.5 8213.2 28.6
-7963.6 8212.1 32.1
-8037.0 8215.5 35.8
-7092.5 8227.1 24.3
-7107.5 8224.8 25.0
-7138.7 8231.3 27.2
-7147.1 8222.3 27.2
-7163.4 8230.2 28.4
-7177.5 8221.7 29.0
-7236.6 8221.5 31.7
-7253.0 8224.1 32.3
-7439.1 8226.1 42.3
-7446.2 8229.0 42.0
-7495.4 8227.6 36.4
-7513.6 8228.6 35.2
-7618.4 8229.1 28.7
-7649.4 8227.5 26.9
-7709.7 8223.8 23.3
-7763.1 8225.1 20.7
-7778.4 8222.2 21.6
-7865.6 8228.1 26.5
-8052.7 8226.6 35.0
-8063.1 8223.3 35.3
-8095.1 8222.5 35.7
-7043.2 8239.4 22.0
-7070.3 8244.3 23.8
-7108.0 8240.0 25.8
-7123.5 8244.1 26.4
-7163.9 8236.8 28.3
-7329.2 8244.3 36.5
-7344.7 8243.2 37.6
-7373.9 8242.4 39.1
-7418.7 8237.3 41.0
-7439.5 8241.3 41.6
-7505.1 8246.1 35.0
-7566.2 8246.2 31.2
-7585.9 8238.0 30.3
-7602.8 8240.7 29.2
-7634.9 8240.7 27.2
-7692.3 8237.0 23.8
-7705.3 8236.8 23.0
-7732.2 8241.1 21.1
-7795.5 8236.7 22.4
-7808.7 8242.6 23.1
-7903.8 8241.3 28.5
-7925.4 8245.8 29.7
-8069.4 8237.4 34.2
-8097.7 8240.7 34.2
-8126.8 8246.0 34.1
-8154.4 8237.1 33.9
-8167.4 8243.9 33.3
-8210.3 8241.2 28.9
-8228.8 8241.8 27.3
-7040.1 8260.1 22.6
-7062.8 8259.9 23.5
-7077.1 8256.4 24.2
-7133.4 8259.7 26.4
-7177.6 8260.8 28.2
-7210.3 8253.4 29.7
-7280.1 8256.8 32.8
-7316.7 8259.3 35.5
-7423.0 8258.6 40.2
-7505.6 8258.2 34.4
-7525.8 8254.4 33.3
-7662.4 8257.3 24.7
-7721.5 8259.6 20.9
-7811.6 8261.1 23.1
-7855.6 8260.7 25.6
-7870.1 8256.4 26.5
-7911.2 8252.9 28.8
-7927.3 8251.4 29.7
-7946.9 8251.4 30.8
-8006.3 8256.3 32.1
-8048.8 8256.1 32.5
-8129.1 8254.2 33.4
-8171.4 8257.8 34.3
-7059.2 8273.0 23.0
-7115.8 8269.3 25.4
-7147.2 8276.2 26.5
-7176.0 8271.7 27.8
-7212.7 8272.2 29.3
-7269.3 8273.9 31.9
-7405.4 8271.5 39.0
-7520.3 8267.0 33.1
-7538.6 8270.6 31.8
-7558.9 8272.0 30.5
-7618.8 8267.6 26.9
-7633.5 8269.9 25.9
-7670.1 8268.1 23.7
-7685.0 8271.8 22.6
-7703.7 8275.2 21.3
-7794.5 8270.9 22.1
-7806.3 8273.0 22.7
-7856.7 8267.2 25.6
-7867.8 8271.8 26.2
-7911.7 8270.6 28.7
-7945.8 8269.6 30.5
-7979.1 8275.1 30.3
-8001.3 8268.9 31.0
-8017.9 8269.7 31.1
-8052.8 8269.5 31.4
-8083.4 8267.7 31.8
-8105.1 8273.4 31.6
-8124.0 8266.9 32.3
-8139.1 8275.3 31.7
-8152.1 8270.9 32.2
-8181.7 8271.0 33.6
-8240.0 8274.1 29.3
-7030.7 8282.2 21.6
-7048.4 8287.4 22.2
-7063.1 8282.4 22.9
-7117.2 8288.7 25.0
-7130.5 8289.2 25.5
-7257.0 8283.8 31.0
-7270.0 8282.1 32.0
-7283.2 8286.9 33.0
-7315.6 8282.7 35.2
-7371.3 8285.4 37.1
-7404.1 8288.9 38.1
-7422.9 8290.9 38.7
-7475.8 8289.4 40.7
-7490.7 8288.5 41.3
-7647.3 8289.1 24.2
-7693.7 8283.7 21.6
-7843.9 8291.2 24.7
-7855.4 8286.3 25.4
-7867.2 8284.4 26.1
-7886.3 8289.2 27.1
-7896.3 8285.3 27.7
-8110.4 8287.2 30.4
-8139.9 8282.3 31.1
-8171.0 8287.9 31.0
-8180.8 8282.3 32.2
-8210.9 8290.7 32.6
-8228.3 8281.5 31.2
-6988.7 8301.9 21.8
-7040.8 8305.5 21.4
-7093.8 8298.1 23.7
-7106.8 8302.8 24.1
-7197.6 8301.2 27.9
-7209.6 8304.7 28.3
-7240.9 8303.4 29.8
-7295.1 8296.9 33.8
-7334.7 8302.5 35.0
-7346.9 8296.4 35.7
-7404.3 8305.1 37.4
-7450.4 8296.9 39.5
-7484.9 8305.8 40.3
-7523.6 8305.9 36.3
-7538.7 8298.7 31.0
-7630.7 8302.0 24.7
-7685.6 8304.5 21.1
-7715.4 8301.0 19.4
-7811.6 8305.8 22.7
-7867.2 8300.0 25.9
-7928.2 8297.8 28.0
-7972.1 8297.0 28.4
-8016.0 8298.1 28.7
-8091.5 8303.3 28.9
-8113.5 8299.3 29.5
-8135.4 8296.6 29.9
-8156.7 8300.5 29.8
-8204.1 8301.7 30.9
-7001.7 8313.7 21.8
-7018.8 8319.2 21.7
-7221.8 8316.8 28.5
-7257.9 8312.3 31.1
-7268.5 8313.0 31.9
-7285.2 8319.1 32.4
-7301.8 8318.5 33.0
-7342.1 8316.3 34.6
-7434.7 8318.2 37.9
-7450.5 8312.2 38.8
-7492.3 8314.7 40.2
-7522.1 8317.3 38.8
-7570.8 8316.4 27.7
-7582.7 8319.3 26.8
-7595.5 8314.4 26.3
-7655.5 8312.9 22.6
-7736.6 8313.6 18.4
-7851.1 8316.5 24.9
-7886.0 8314.9 26.2
-8017.2 8318.2 27.0
-8053.5 8316.2 27.5
-8082.1 8313.7 28.0
-8105.9 8312.6 28.3
-8202.9 8314.7 29.2
-8228.5 8315.8 30.3
-8245.3 8312.2 31.5
-6972.5 8327.9 22.2
-7018.4 8328.9 21.8
-7025.6 8334.5 21.8
-7086.2 8328.3 22.6
-7184.0 8334.7 26.4
-7208.8 8335.2 27.4
-7220.8 8335.6 28.3
-7316.5 8328.8 33.1
-7361.0 8333.1 34.5
-7522.9 8327.4 40.4
-7601.5 8329.7 25.2
-7679.5 8332.6 20.2
-7721.1 8335.8 17.5
-7731.4 8335.6 17.9
-7781.0 8327.1 20.8
-7889.4 8336.2 24.4
-7898.6 8328.1 25.2
-7987.4 8334.4 25.4
-8020.3 8334.8 25.7
-8064.6 8330.0 26.5
-8080.6 8335.4 26.2
-8152.6 8334.2 26.9
-8171.3 8335.3 27.0
-8182.4 8329.9 27.5
-8234.3 8330.2 28.7
-6983.2 8347.2 22.2
-6998.9 8347.0 22.2
-7018.5 8343.1 22.0
-7058.6 8342.6 21.6
-7072.6 8351.1 21.6
-7109.9 8344.1 23.2
-7120.8 8347.8 23.5
-7153.1 8350.7 24.7
-7210.6 8341.8 27.5
-7244.6 8343.5 29.8
-7334.2 8349.5 32.8
-7416.5 8344.1 36.1
-7453.9 8344.1 37.5
-7477.6 8349.2 38.1
-7496.8 8347.8 38.9
-7585.3 8341.5 26.9
-7603.2 8350.0 24.2
-7745.4 8347.7 18.6
-7768.1 8348.3 19.9
-7775.6 8350.6 20.3
-7796.5 8344.9 21.5
-7866.2 8343.1 23.7
-7925.2 8342.5 24.2
-7956.2 8348.2 24.0
-7975.3 8348.9 24.1
-8017.0 8350.4 24.4
-8097.2 8343.0 25.7
-8142.8 8349.8 25.5
-8168.5 8350.9 25.7
-8182.1 8347.9 26.0
-8247.0 8345.7 27.4
-6995.9 8361.0 22.2
-7026.8 8356.7 22.1
-7060.0 8357.5 21.8
-7086.0 8360.1 21.7
-7162.2 8366.1 24.7
-7181.3 8363.0 25.6
-7228.4 8362.9 28.3
-7258.6 8358.9 29.6
-7268.2 8361.1 29.9
-7282.1 8357.6 30.5
-7301.9 8358.4 31.2
-7330.1 8365.5 31.9
-7364.9 8359.2 33.5
-7390.6 8364.8 34.2
-7406.8 8362.9 34.9
-7424.6 8358.1 35.7
-7469.9 8362.4 37.2
-7513.9 8358.7 39.0
-7528.0 8361.1 39.4
-7692.7 8365.8 17.9
-7822.3 8362.9 21.6
-7838.6 8361.0 21.9
-7865.4 8364.2 21.9
-7916.6 8365.6 22.2
-7960.6 8357.0 23.3
-7974.3 8359.7 23.2
-8007.2 8357.2 23.7
-7031.5 8372.6 22.2
-7079.6 8378.2 21.9
-7154.4 8380.6 24.0
-7178.1 8378.3 25.1
-7221.9 8374.6 27.6
-7242.8 8378.0 28.2
-7344.8 8379.0 31.9
-7374.5 8376.9 33.0
-7392.1 8376.1 33.7
-7550.9 8380.1 39.4
-7568.4 8375.1 37.5
-7614.0 8371.6 25.0
-7690.6 8381.0 17.4
-7716.1 8375.7 16.7
-7853.5 8373.1 21.0
-7946.1 8379.8 21.3
-7960.6 8377.5 21.6
-8019.3 8375.4 22.3
-8082.4 8380.5 22.4
-8138.9 8377.4 23.2
-8157.5 8377.2 23.4
-8182.7 8379.8 23.4
-8227.6 8380.0 23.7
-6956.7 8396.2 23.0
-6988.5 8391.5 24.8
-7056.3 8392.0 22.1
-7146.9 8391.5 23.4
-7179.7 8390.0 25.2
-7207.4 8387.5 26.4
-7286.1 8387.8 29.3
-7317.3 8387.7 30.5
-7378.6 8390.9 32.6
-7390.9 8391.6 33.0
-7450.5 8395.9 35.0
-7481.1 8395.5 36.1
-7493.6 8388.9 36.9
-7626.8 8389.2 25.0
-7646.7 8387.8 19.8
-7674.5 8388.2 18.0
-7828.2 8390.2 19.4
-7842.9 8386.6 19.8
-7857.1 8392.8 19.4
-7867.8 8392.0 19.6
-7881.5 8395.9 19.4
-7901.6 8387.2 20.3
-7927.6 8386.9 20.5
-7948.4 8389.3 20.5
-7994.4 8394.6 20.5
-8017.8 8392.4 20.9
-8067.5 8393.6 21.2
-8076.3 8388.3 21.7
-8092.3 8392.5 21.5
-8158.7 8388.4 22.4
-6929.0 8404.4 22.6
-6997.3 8403.0 25.5
-7026.7 8409.4 24.8
-7070.4 8409.2 23.0
-7123.1 8409.3 21.9
-7130.1 8410.4 22.2
-7198.8 8404.2 25.4
-7229.1 8408.5 26.3
-7257.7 8405.9 27.4
-7286.9 8407.7 28.4
-7348.6 8407.3 30.7
-7358.6 8401.8 31.3
-7406.7 8402.8 33.1
-7446.5 8401.9 34.6
-7481.8 8407.1 35.6
-7507.5 8404.1 36.7
-7539.8 8410.7 37.6
-7581.8 8402.0 39.0
-7661.9 8401.7 18.2
-7678.0 8406.8 17.0
-7694.1 8401.8 16.2
-7708.5 8402.0 16.1
-7721.9 8406.1 16.8
-7736.0 8410.6 16.9
-7836.1 8410.2 17.8
-7887.5 8410.7 18.2
-7956.1 8402.8 19.5
-8039.5 8405.1 20.0
-8045.0 8408.7 19.7
-8094.4 8404.2 20.5
-8110.0 8401.5 20.9
-8228.7 8407.4 21.3
-6923.1 8422.2 22.6
-6972.9 8421.0 25.6
-7040.8 8419.8 25.2
-7061.5 8417.6 24.1
-7087.8 8417.8 23.0
-7122.7 8425.8 22.3
-7179.0 8423.3 23.8
-7224.1 8417.8 25.7
-7241.6 8423.5 26.1
-7253.7 8416.7 26.8
-7402.7 8416.7 32.3
-7431.5 8423.3 33.0
-7453.5 8417.1 34.1
-7478.7 8424.1 34.7
-7525.4 8423.4 36.5
-7540.3 8421.7 37.1
-7550.1 8419.2 37.6
-7568.2 8417.4 38.3
-7662.9 8416.3 20.6
-7689.9 8425.4 15.4
-7737.7 8421.5 16.0
-7747.8 8422.6 16.0
-7767.7 8423.8 16.1
-7866.4 8420.6 17.2
-7992.3 8417.4 18.5
-8005.7 8425.4 17.9
-8015.9 8424.9 18.0
-8038.2 8420.7 18.6
-8081.9 8419.0 19.1
-8180.2 8420.5 19.8
-6955.5 8440.6 22.8
-7002.8 8433.0 28.0
-7014.5 8431.9 27.4
-7064.3 8438.8 26.0
-7075.5 8433.0 25.0
-7090.0 8440.1 25.0
-7108.8 8438.0 24.1
-7137.4 8435.3 22.0
-7184.1 8440.9 22.7
-7191.7 8438.9 23.1
-7259.7 8432.4 26.2
-7297.2 8433.3 27.5
-7371.8 8434.8 30.1
-7385.6 8438.6 30.3
-7424.4 8438.9 31.7
-7448.8 8436.1 32.8
-7551.0 8436.7 36.5
-7599.6 8437.5 39.2
-7693.5 8435.5 15.9
-7791.5 8439.5 16.1
-7838.8 8435.3 16.5
-7865.9 8437.0 16.7
-7943.2 8432.9 17.4
-8062.6 8431.5 18.5
-8095.9 8435.4 18.8
-8109.3 8431.9 18.9
-6969.0 8449.7 24.9
-6998.8 8447.3 29.6
-7012.6 8451.6 29.4
-7046.4 8447.9 27.6
-7058.2 8455.0 27.8
-7086.6 8456.1 26.7
-7195.3 8448.1 22.5
-7243.7 8446.3 24.4
-7401.0 8453.7 29.5
-7431.5 8448.6 31.1
-7454.1 8454.2 31.4
-7509.0 8453.9 33.5
-7541.4 8452.2 34.8
-7567.9 8449.8 36.0
-7599.4 8448.2 39.6
-7629.3 8456.2 32.8
-7686.2 8446.5 18.4
-7783.9 8450.5 16.2
-7829.7 8449.3 16.6
-7919.3 8451.9 17.5
-7928.0 8450.0 17.5
-7979.1 8447.4 18.0
-8081.1 8448.1 18.9
-6922.8 8471.0 22.6
-6936.6 8463.5 22.5
-6950.5 8470.3 22.2
-6971.6 8465.2 25.3
-6980.6 8470.6 26.8
-7004.2 8466.0 30.5
-7075.4 8466.6 28.1
-7239.0 8464.4 22.7
-7253.6 8464.5 23.2
-7328.1 8461.7 26.2
-7403.5 8467.7 28.4
-7461.1 8468.6 30.5
-7478.5 8465.9 31.3
-7507.0 8467.0 32.3
-7538.3 8463.3 33.7
-7642.4 8468.2 30.0
-7674.2 8471.1 23.4
-7752.9 8462.0 16.1
-7808.1 8465.6 16.7
-7914.8 8468.6 17.8
-7926.0 8466.4 17.8
-8022.3 8466.2 18.7
-8075.6 8467.2 19.2
-8169.3 8467.6 23.8
-8186.1 8464.7 24.2
-8211.1 8468.2 25.9
-6894.1 8481.7 21.0
-6922.9 8478.0 22.6
-6952.9 8484.0 22.3
-6971.7 8485.3 25.3
-6984.3 8482.1 27.4
-7018.9 8484.5 32.2
-7045.2 8479.8 30.6
-7063.4 8483.7 30.2
-7138.9 8482.4 22.0
-7153.2 8484.7 22.0
-7205.8 8480.8 22.0
-7288.1 8485.5 22.7
-7297.0 8484.2 23.1
-7328.9 8481.5 24.5
-7372.1 8482.7 26.0
-7401.1 8484.8 26.9
-7450.4 8481.2 29.0
-7483.8 8482.0 30.1
-7513.6 8482.8 31.2
-7528.4 8482.0 32.6
-7540.7 8480.7 34.0
-7585.8 8485.5 39.6
-7618.3 8477.2 36.6
-7659.6 8483.8 27.2
-7676.7 8484.0 24.8
-7732.4 8477.5 16.2
-7783.5 8481.6 16.8
-7796.4 8479.3 16.9
-7835.6 8476.7 17.2
-7873.5 8484.2 17.7
-7883.2 8476.7 17.6
-7902.1 8479.3 17.8
-7973.8 8481.2 18.5
-8006.9 8477.1 18.8
-8110.4 8482.5 23.4
-8128.4 8486.0 24.9
-8167.4 8480.8 26.0
-8197.4 8484.5 28.2
-6954.2 8496.7 22.5
-6965.0 8495.1 24.2
-6985.2 8494.2 27.5
-7040.3 8495.4 32.3
-7079.5 8495.9 30.7
-7134.1 8500.5 22.6
-7160.3 8500.9 22.0
-7221.4 8491.4 22.0
-7266.0 8496.4 22.0
-7375.7 8500.5 24.6
-7453.6 8500.4 27.4
-7541.1 8494.1 34.6
-7602.0 8492.4 41.4
-7615.3 8498.9 38.3
-7629.9 8492.6 34.2
-7664.6 8491.5 27.5
-7679.8 8500.9 26.7
-7693.4 8498.8 24.5
-7707.6 8499.0 22.5
-7852.2 8500.9 17.8
-7903.3 8495.8 18.1
-7931.2 8497.3 18.4
-7963.2 8493.2 18.7
-7971.8 8501.0 19.5
-8111.1 8500.2 26.5
-8124.6 8494.8 26.2
-8150.5 8491.9 27.1
-8200.6 8494.0 27.7
-6909.6 8511.7 21.7
-6942.4 8511.0 22.4
-6955.7 8514.9 22.7
-7087.1 8512.7 30.2
-7131.9 8506.8 22.9
-7280.3 8507.8 22.0
-7318.9 8508.6 22.0
-7385.1 8512.1 23.9
-7490.2 8515.9 29.5
-7554.5 8506.6 36.7
-7659.9 8512.8 31.1
-7709.2 8509.4 23.7
-7722.9 8513.7 22.3
-7731.6 8507.4 20.3
-7749.7 8515.9 18.9
-7827.6 8514.5 17.8
-7851.8 8515.3 18.0
-7962.3 8507.7 20.1
-7975.8 8513.6 21.8
-8004.7 8514.2 23.4
-8120.8 8511.0 28.8
-8150.2 8513.5 30.8
-8174.4 8507.6 31.0
-8185.4 8509.9 31.1
-6881.0 8524.1 20.2
-6956.7 8531.1 22.9
-7000.0 8530.3 29.8
-7061.5 8525.7 34.2
-7071.1 8531.0 32.8
-7119.3 8522.6 25.0
-7169.3 8528.9 22.0
-7177.0 8530.7 22.0
-7206.9 8522.5 22.0
-7296.5 8521.7 22.0
-7327.7 8525.4 22.0
-7355.6 8521.4 22.0
-7394.4 8526.2 23.1
-7432.0 8521.3 24.9
-7537.4 8525.3 35.5
-7611.2 8531.3 40.7
-7649.5 8521.5 33.7
-7662.5 8525.1 32.4
-7689.9 8522.7 28.2
-7705.8 8528.7 26.8
-7737.4 8528.5 22.3
-7799.9 8524.3 17.7
-7813.6 8530.7 17.9
-7904.7 8529.4 20.9
-7985.8 8530.8 25.3
-8021.6 8524.5 26.1
-8093.1 8530.9 30.8
-8107.6 8523.2 30.2
-8123.6 8521.4 30.8
-6883.1 8543.5 20.3
-6890.9 8541.7 20.5
-6925.1 8542.8 22.4
-6951.5 8545.9 22.2
-6970.3 8537.7 25.1
-7071.9 8542.6 32.6
-7109.9 8538.5 26.5
-7180.5 8545.8 22.0
-7242.8 8542.6 22.0
-7250.1 8539.7 22.0
-7280.3 8537.4 22.0
-7446.7 8543.7 25.5
-7467.3 8537.5 27.7
-7478.5 8540.5 29.2
-7603.1 8538.5 43.1
-7617.5 8545.4 41.4
-7643.0 8546.0 37.9
-7703.0 8544.8 29.3
-7721.2 8536.5 25.7
-7777.0 8542.5 18.6
-7791.5 8541.2 17.9
-7902.5 8543.8 23.3
-7949.8 8540.2 25.1
-7973.8 8543.3 26.9
-8066.2 8545.8 32.0
-8094.4 8544.8 33.3
-8111.2 8539.0 33.2
-8140.7 8542.9 35.3
-6891.5 8555.1 20.5
-6937.5 8555.6 22.3
-6953.5 8554.8 22.4
-6997.7 8557.9 29.4
-7026.0 8558.9 34.0
-7041.9 8556.2 36.2
-7183.6 8556.3 21.9
-7195.2 8558.5 21.8
-7229.9 8556.6 21.8
-7258.4 8551.5 21.9
-7266.8 8561.2 21.8
-7301.5 8554.4 21.9
-7333.6 8553.1 21.9
-7385.0 8556.5 21.9
-7401.0 8556.2 21.9
-7418.8 8560.0 22.3
-7430.6 8553.3 23.0
-7499.1 8557.5 30.2
-7559.2 8553.4 38.1
-7629.6 8557.2 38.4
-7676.3 8552.3 32.7
-7709.4 8558.9 26.9
-7750.0 8551.8 22.4
-7798.2 8557.6 18.6
-7934.2 8551.5 25.8
-7970.0 8556.5 27.8
-8019.6 8558.4 30.4
-8030.2 8552.3 30.7
-8098.9 8552.8 34.3
-8129.8 8557.1 36.0
-6860.1 8571.3 19.7
-6928.7 8567.6 22.4
-6943.2 8567.9 22.3
-6987.6 8572.3 27.8
-7016.6 8568.9 32.5
-7043.5 8573.1 34.6
-7103.6 8575.4 27.8
-7116.4 8575.0 25.8
-7153.9 8574.7 21.6
-7160.0 8570.2 21.6
-7178.6 8568.4 21.7
-7196.5 8575.8 21.5
-7206.5 8575.2 21.5
-7226.9 8573.3 21.6
-7252.9 8572.0 21.6
-7267.2 8571.3 21.6
-7301.0 8573.7 21.6
-7313.1 8574.4 21.6
-7418.8 8571.8 22.5
-7451.6 8568.7 24.4
-7462.3 8574.9 25.2
-7522.7 8575.1 30.1
-7573.2 8571.2 36.7
-7612.4 8569.5 38.7
-7641.1 8575.4 33.7
-7720.9 8567.6 23.8
-7731.0 8571.2 22.7
-7782.6 8572.7 17.9
-7792.2 8570.9 18.0
-7842.3 8570.6 21.2
-7854.2 8574.0 21.9
-7958.6 8570.9 27.9
-7974.8 8573.8 28.9
-7989.8 8573.8 29.6
-8004.8 8568.4 30.2
-8095.0 8574.7 35.1
-6953.4 8583.3 22.3
-6969.0 8590.9 24.8
-7061.0 8589.6 32.7
-7133.9 8586.5 23.1
-7192.6 8589.0 21.3
-7254.7 8589.0 21.3
-7283.2 8590.8 21.3
-7297.5 8585.6 21.4
-7393.8 8586.3 21.3
-7483.3 8581.5 26.5
-7567.0 8585.8 33.5
-7611.0 8582.7 36.7
-7633.3 8589.6 32.4
-7686.6 8582.3 26.6
-7708.8 8582.8 24.5
-7750.5 8585.3 20.7
-7850.3 8583.1 21.5
-7900.5 8587.0 24.7
-7931.8 8583.9 26.8
-7960.4 8581.9 28.5
-7978.8 8585.8 29.6
-7993.0 8590.5 30.6
-8022.8 8585.7 31.9
-8039.4 8588.1 32.8
-8099.1 8583.1 35.7
-8152.8 8582.9 31.6
-6894.9 8606.2 20.6
-6938.8 8597.4 22.3
-6984.3 8601.9 27.2
-7088.0 8601.8 30.7
-7102.6 8602.1 28.3
-7115.2 8602.1 26.3
-7135.4 8601.3 23.0
-7182.5 8606.2 21.0
-7190.4 8596.5 21.2
-7229.6 8597.3 21.2
-7236.6 8602.2 21.1
-7257.7 8605.3 21.0
-7267.3 8605.1 21.0
-7356.9 8599.8 21.1
-7453.0 8605.3 25.0
-7483.8 8597.4 26.8
-7537.2 8605.2 30.1
-7656.6 8598.2 29.1
-7671.6 8600.2 27.6
-7751.4 8601.7 20.3
-7782.5 8604.2 17.4
-7812.8 8596.8 18.9
-7829.0 8600.2 19.9
-7867.4 8597.4 22.4
-7975.9 8600.1 29.4
-7990.6 8602.7 30.3
-8009.8 8599.7 31.6
-8137.7 8604.8 29.3
-6847.7 8616.6 19.1
-6861.9 8614.0 19.7
-6881.9 8611.9 20.3
-6893.1 8614.8 20.6
-6925.8 8612.7 21.6
-6969.4 8616.4 24.8
-6981.4 8615.9 26.8
-7017.4 8615.0 31.2
-7025.9 8612.8 31.2
-7062.9 8613.8 30.4
-7090.9 8619.2 29.4
-7103.0 8621.0 28.5
-7177.1 8613.3 20.9
-7334.6 8617.9 20.8
-7360.0 8614.6 20.9
-7375.3 8618.6 20.8
-7394.7 8616.7 21.6
-7437.9 8612.6 24.2
-7572.3 8620.0 32.4
-7673.5 8616.6 27.4
-7689.0 8620.6 25.9
-7704.4 8621.2 24.5
-7751.4 8620.1 20.2
-7777.4 8619.2 17.8
-7856.5 8617.3 21.5
-7881.3 8615.7 23.1
-7933.4 8614.7 26.5
-7941.9 8614.9 27.1
-7970.2 8617.7 28.9
-8017.2 8612.1 31.9
-6838.3 8633.8 18.8
-6863.9 8635.0 19.5
-6910.7 8626.4 21.0
-6988.5 8632.9 27.9
-7029.1 8628.3 29.7
-7057.8 8632.4 28.8
-7169.1 8629.1 20.7
-7224.7 8631.5 20.6
-7258.6 8626.6 20.7
-7449.9 8634.6 25.2
-7522.2 8629.1 29.5
-7554.9 8627.0 31.5
-7600.0 8634.2 32.0
-7663.7 8627.9 28.2
-7672.2 8630.0 27.5
-7690.6 8627.6 25.8
-7766.5 8628.9 18.8
-7778.4 8626.3 17.7
-7829.4 8631.1 19.8
-7927.2 8632.1 26.1
-8007.3 8632.6 30.8
-8047.7 8631.5 33.2
-6848.7 8642.1 19.0
-6943.4 8642.9 22.2
-7027.9 8645.1 28.1
-7079.0 8641.6 27.5
-7251.2 8650.1 20.3
-7266.8 8643.1 20.4
-7301.4 8650.4 20.3
-7317.7 8647.4 20.3
-7393.1 8648.0 21.9
-7481.9 8648.2 27.3
-7494.8 8646.3 28.1
-7529.9 8644.4 30.1
-7610.6 8648.2 30.3
-7660.4 8648.9 26.9
-7688.9 8641.6 25.5
-7754.6 8647.0 19.9
-7761.9 8641.4 19.3
-7782.6 8647.1 17.3
-7917.7 8650.9 25.1
-7925.9 8643.6 25.8
-7945.3 8650.5 26.7
-7957.6 8644.3 27.6
-8021.8 8647.2 31.2
-8052.7 8642.1 33.1
-8069.9 8644.3 33.1
-8124.2 8647.4 26.6
-6824.1 8658.6 18.4
-6837.8 8659.0 18.7
-6852.8 8663.2 18.9
-6882.2 8657.0 20.0
-6926.3 8656.3 21.4
-6937.2 8659.0 21.8
-6973.6 8661.5 25.5
-6981.0 8665.5 26.7
-7031.5 8665.5 26.1
-7040.9 8662.8 26.2
-7071.1 8664.0 25.5
-7165.1 8658.3 20.2
-7205.6 8665.9 20.0
-7271.5 8661.8 20.1
-7288.4 8664.6 20.0
-7310.2 8662.9 20.0
-7536.7 8664.9 28.8
-7689.2 8666.2 23.7
-7717.2 8659.1 22.3
-7736.5 8660.1 20.9
-7790.0 8661.1 17.2
-7826.6 8659.2 19.5
-7944.6 8665.8 26.1
-7989.0 8662.0 28.8
-8002.5 8663.3 29.5
-8039.2 8656.3 31.9
-8090.4 8663.2 30.0
-6850.0 8675.8 18.8
-6900.0 8675.4 20.5
-6905.4 8673.6 20.7
-6954.0 8681.0 22.3
-7049.0 8680.1 24.4
-7236.7 8677.1 19.8
-7259.8 8675.0 19.9
-7271.5 8680.7 19.8
-7304.5 8677.3 19.8
-7348.6 8678.6 19.7
-7386.8 8675.8 21.9
-7403.0 8675.6 22.9
-7468.9 8679.3 26.6
-7477.0 8672.2 27.3
-7529.9 8672.1 28.1
-7565.5 8674.2 28.5
-7589.3 8678.3 28.6
-7632.9 8671.9 27.1
-7648.5 8677.9 25.6
-7660.6 8678.6 24.7
-7716.5 8676.2 21.1
-7821.6 8675.1 18.2
-7836.3 8680.7 18.5
-7859.7 8674.6 20.4
-8002.6 8677.5 28.4
-8024.1 8675.3 29.8
-8054.2 8679.0 31.2
-8069.8 8671.6 32.2
-8111.6 8672.1 27.2
-6997.2 8689.8 24.5
-7058.3 8687.7 23.5
-7085.7 8692.2 22.6
-7209.5 8689.0 19.7
-7296.3 8690.4 19.6
-7333.8 8695.5 19.4
-7392.8 8692.4 22.5
-7423.5 8693.1 24.3
-7436.9 8687.2 25.1
-7450.3 8687.9 25.7
-7513.1 8686.6 26.8
-7588.0 8693.6 27.5
-7617.2 8688.9 26.9
-7689.9 8686.7 22.1
-7763.1 8686.4 17.1
-7777.7 8687.4 15.9
-7812.9 8692.3 16.8
-7852.1 8686.5 18.9
-7887.4 8693.9 20.2
-7929.0 8691.7 22.8
-7946.9 8692.6 23.7
-8066.9 8690.1 30.9
-8077.0 8688.3 30.7
-8105.5 8687.6 27.3
-6908.9 8702.7 20.5
-7133.1 8702.7 20.7
-7227.2 8704.2 19.4
-7240.3 8701.8 19.4
-7259.2 8709.0 19.3
-7272.5 8702.1 19.4
-7300.7 8709.5 19.2
-7314.2 8707.0 19.3
-7334.9 8709.3 19.2
-7394.2 8707.0 22.7
-7418.8 8702.6 24.1
-7431.3 8704.3 24.2
-7550.4 8705.2 26.0
-7625.8 8710.1 24.8
-7720.9 8707.1 18.5
-7737.4 8701.9 17.7
-7838.7 8705.9 17.1
-7971.3 8705.6 23.9
-7993.1 8704.8 25.2
-8050.9 8711.1 28.0
-8092.8 8710.9 27.9
-6958.1 8720.4 22.4
-6969.2 8719.4 22.3
-7014.2 8717.8 21.5
-7026.9 8716.4 21.4
-7045.0 8716.9 21.0
-7377.3 8726.0 21.8
-7424.8 8723.2 22.7
-7469.3 8717.5 23.8
-7558.4 8725.6 24.7
-7611.9 8721.8 24.9
-7794.7 8721.1 15.0
-7807.4 8721.7 15.4
-7946.0 8723.2 20.8
-7975.6 8717.6 23.0
-7985.4 8719.2 23.4
-8003.2 8725.5 23.8
-8024.3 8724.4 25.2
-8036.1 8720.9 26.2
-7040.0 8732.5 20.6
-7064.8 8739.2 20.2
-7106.2 8735.6 19.7
-7119.9 8740.4 19.4
-7167.2 8735.4 18.9
-7220.3 8738.6 18.8
-7240.6 8731.3 18.9
-7392.9 8737.7 21.2
-7436.7 8734.0 22.1
-7452.6 8736.0 22.2
-7524.3 8739.7 23.1
-7554.0 8733.7 24.0
-7568.5 8737.9 23.9
-7584.0 8739.4 24.1
-7599.1 8733.9 24.7
-7752.5 8738.1 13.5
-7768.4 8738.3 13.4
-7825.9 8735.5 15.5
-7888.0 8737.2 17.5
-7914.3 8739.0 18.3
-7986.0 8732.3 22.2
-8009.3 8737.1 23.1
-8062.9 8734.6 26.4
-8075.1 8733.5 27.2
-7060.3 8752.0 20.0
-7070.2 8749.0 19.9
-7166.8 8748.2 18.7
-7223.9 8747.8 18.7
-7258.8 8746.9 18.6
-7346.8 8753.6 19.3
-7403.2 8755.7 20.0
-7419.9 8749.9 20.7
-7449.3 8748.8 21.2
-7525.3 8750.4 22.3
-7642.6 8754.9 20.4
-7659.7 8752.2 19.3
-7705.3 8748.3 16.2
-7715.1 8756.2 14.8
-7738.2 8754.6 13.2
-7749.5 8753.6 12.4
-7760.4 8750.4 12.6
-7799.1 8748.9 14.0
-7850.5 8749.6 15.7
-7927.1 8753.7 18.2
-7978.2 8752.6 20.0
-8020.7 8754.5 22.1
-8046.5 8749.6 24.0
-7119.7 8767.9 18.9
-7178.1 8762.4 18.5
-7236.6 8766.5 18.4
-7283.2 8769.7 18.2
-7318.0 8768.2 18.2
-7407.3 8765.6 19.4
-7446.6 8768.8 19.7
-7498.5 8763.4 21.0
-7648.9 8766.6 18.9
-7660.0 8766.0 18.2
-7854.7 8763.5 15.3
-7912.2 8770.1 17.0
-7974.3 8768.9 19.1
-7992.1 8770.0 19.7
-8065.8 8771.1 23.1
-8082.9 8762.0 25.0
-7131.5 8781.7 18.4
-7163.8 8781.5 18.3
-7191.3 8781.4 18.2
-7209.9 8782.8 18.2
-7227.6 8780.1 18.2
-7236.2 8776.6 18.2
-7393.5 8782.9 18.8
-7464.9 8776.7 19.7
-7513.6 8784.1 20.1
-7523.5 8778.2 20.3
-7557.4 8780.7 20.6
-7571.5 8784.7 20.7
-7583.3 8777.3 21.3
-7634.0 8780.7 18.9
-7722.1 8781.4 12.2
-7808.1 8779.4 13.0
-7851.5 8777.3 14.6
-7946.2 8777.4 17.8
-7970.7 8781.6 18.5
-8019.4 8780.8 20.2
-8054.7 8778.6 21.8
-8063.5 8782.5 21.9
-8107.9 8782.0 23.3
-7225.4 8797.0 17.9
-7257.4 8796.1 17.8
-7269.2 8797.4 17.7
-7310.7 8800.2 17.6
-7386.0 8800.2 18.3
-7402.7 8794.3 18.6
-7479.8 8793.3 19.5
-7527.2 8797.2 20.0
-7587.7 8801.0 19.6
-7634.7 8797.6 17.4
-7646.4 8797.0 16.6
-7678.9 8792.4 14.5
-7734.1 8801.2 9.6
-7754.9 8791.3 10.7
-7762.7 8800.4 10.6
-7776.3 8800.5 11.1
-7796.8 8792.5 12.1
-7810.9 8794.0 12.5
-7839.3 8793.4 13.5
-7918.6 8792.2 16.3
-8063.0 8791.9 21.2
-8113.1 8792.7 22.2
-7196.8 8807.1 17.8
-7220.9 8807.8 17.7
-7255.1 8810.8 17.5
-7310.1 8806.3 17.5
-7430.6 8811.3 18.6
-7454.6 8811.6 18.9
-7603.0 8806.4 18.4
-7811.5 8814.5 11.7
-7844.4 8807.0 13.1
-7865.3 8806.4 13.9
-7913.3 8810.6 15.3
-7940.2 8815.4 16.1
-7977.4 8808.0 17.6
-8004.1 8806.5 18.6
-8060.2 8811.9 20.3
-8083.9 8810.3 21.2
-8106.3 8807.7 22.1
-7286.6 8823.7 17.2
-7386.7 8824.6 17.9
-7418.3 8825.0 18.2
-7437.6 8823.9 18.4
-7480.1 8830.0 18.8
-7552.5 8825.0 17.9
-7566.6 8828.2 17.0
-7589.5 8829.0 16.2
-7602.2 8825.2 16.2
-7705.7 8830.1 9.3
-7716.5 8828.7 8.6
-7748.9 8828.8 9.0
-7761.0 8822.8 9.6
-7842.4 8830.8 12.1
-7900.5 8824.1 14.3
-7975.4 8825.2 16.9
-8052.8 8828.9 20.3
-8095.0 8828.0 22.7
-8121.9 8826.4 21.1
-7238.3 8838.5 17.1
-7283.5 8837.3 17.0
-7299.0 8836.5 16.9
-7312.7 8841.9 16.8
-7342.2 8837.1 17.1
-7417.0 8842.8 17.8
-7512.3 8838.9 17.5
-7524.9 8844.9 16.4
-7688.1 8836.7 10.1
-7709.1 8837.9 8.4
-7754.2 8844.8 8.5
-7811.0 8845.0 10.4
-7852.5 8844.0 11.9
-7868.0 8845.6 12.3
-7993.3 8837.2 17.3
-8009.2 8837.3 18.2
-8052.0 8837.3 20.8
-8123.1 8842.1 20.6
-7268.1 8856.2 16.7
-7344.6 8860.6 16.7
-7375.2 8854.0 17.2
-7391.0 8855.5 17.3
-7424.8 8857.2 17.6
-7463.4 8858.3 16.8
-7492.0 8860.4 15.6
-7536.8 8859.8 14.3
-7613.6 8854.9 12.4
-7646.6 8856.0 11.2
-7672.7 8857.8 9.5
-7693.2 8851.3 8.5
-7716.8 8855.5 6.8
-7753.0 8855.7 8.0
-7766.3 8851.3 8.6
-7781.0 8855.4 9.0
-7806.0 8859.3 9.7
-7927.3 8852.9 14.4
-8033.5 8856.5 21.0
-8126.0 8853.9 20.3
-7285.8 8870.9 16.3
-7357.5 8873.5 16.6
-7377.2 8868.7 16.9
-7424.5 8871.8 16.5
-7435.9 8874.1 15.8
-7462.8 8871.7 15.3
-7496.0 8874.6 13.8
-7708.9 8870.0 5.9
-7973.0 8869.2 18.2
-7994.1 8871.3 19.6
-8017.8 8866.4 20.7
-8046.7 8875.3 23.0
-8127.2 8869.3 20.1
-7330.0 8887.1 16.0
-7355.0 8889.5 16.1
-7647.1 8885.0 7.7
-7722.2 8884.4 5.8
-7762.8 8883.5 7.2
-7784.7 8888.5 8.4
-7824.7 8887.8 10.7
-7835.7 8886.6 11.3
-7884.4 8889.6 14.4
-7897.9 8882.5 14.7
-7916.1 8883.2 15.8
-7931.7 8890.5 17.2
-7944.2 8885.5 17.6
-8016.2 8885.4 21.9
-8030.8 8882.9 22.6
-8050.4 8884.5 23.9
-8091.3 8881.9 23.5
-7378.0 8904.4 14.2
-7453.7 8905.0 11.8
-7484.9 8901.1 11.1
-7524.9 8905.4 9.5
-7538.1 8903.0 9.1
-7559.7 8902.4 8.5
-7647.0 8902.0 5.7
-7659.0 8896.5 6.0
-7809.2 8896.8 10.4
-7963.7 8898.8 19.7
-7975.7 8897.0 20.3
-8009.0 8902.8 22.6
-8034.9 8899.2 23.9
-8067.0 8905.6 25.7
-8084.1 8896.3 24.1
-8094.6 8903.5 23.1
-8113.6 8900.0 21.2
-7357.8 8920.4 15.2
-7378.6 8911.8 14.4
-7420.6 8912.2 13.0
-7476.1 8911.3 11.2
-7541.9 8916.6 9.2
-7558.7 8911.9 8.5
-7627.5 8911.6 6.3
-7721.8 8914.7 5.8
-7736.3 8913.2 6.6
-7883.1 8916.4 15.4
-7927.6 8915.8 18.0
-7963.9 8911.6 20.1
-7974.0 8917.8 20.8
-8046.0 8915.6 25.1
-8094.2 8916.4 22.7
-7356.9 8930.9 15.5
-7375.6 8931.6 14.9
-7406.4 8934.7 14.0
-7423.6 8928.5 13.3
-7437.9 8935.8 13.0
-7461.1 8935.8 12.2
-7476.4 8931.3 11.6
-7514.2 8932.8 10.4
-7539.4 8926.9 9.5
-7582.8 8933.4 8.3
-7643.5 8935.9 6.6
-7674.4 8933.2 5.6
-7707.8 8934.6 5.7
-7721.7 8935.6 6.5
-7782.7 8930.6 9.6
-7858.5 8930.0 14.1
-7886.1 8926.4 15.7
-7926.4 8929.1 18.1
-7994.5 8932.5 22.2
-8022.6 8932.1 23.9
-7433.2 8949.2 13.4
-7526.5 8945.3 10.4
-7541.9 8950.1 10.1
-7589.1 8949.7 8.7
-7612.0 8949.6 8.0
-7640.3 8941.8 6.9
-7670.6 8947.2 6.2
-7735.3 8949.8 7.6
-7782.0 8943.6 9.8
-7821.8 8947.3 12.1
-7886.3 8948.3 16.0
-7930.3 8945.2 18.6
-7971.3 8942.7 21.0
-8033.0 8948.9 24.4
-7538.1 8961.6 10.6
-7559.4 8965.5 10.1
-7589.4 8957.4 8.9
-7664.5 8957.7 6.7
-7673.5 8964.9 6.7
-7745.4 8961.5 8.5
-7760.4 8959.9 9.2
-7777.7 8958.1 10.1
-7799.4 8958.1 11.1
-7824.6 8959.8 12.5
-7931.3 8957.8 18.8
-7972.7 8956.6 21.2
-8006.4 8960.3 23.3
-8038.5 8957.9 23.8
-7422.7 8977.8 14.8
-7462.4 8973.8 13.4
-7480.9 8975.6 13.0
-7538.2 8979.2 11.4
-7566.7 8971.6 10.2
-7614.5 8971.4 8.8
-7647.6 8978.8 8.1
-7701.4 8976.2 7.1
-7721.3 8974.4 7.9
-7739.7 8977.9 8.9
-7820.4 8972.4 12.7
-7881.8 8971.5 16.0
-7944.6 8972.7 19.8
-8046.8 8978.9 22.6
-8061.0 8978.5 22.3
-7467.0 8995.4 14.3
-7514.5 8995.7 12.9
-7540.3 8994.5 12.1
-7568.4 8989.4 11.0
-7586.5 8992.8 10.6
-7628.6 8990.3 9.2
-7641.7 8987.7 8.7
-7657.5 8987.3 8.2
-7689.6 8990.7 8.3
-7730.2 8989.2 9.1
-7782.0 8991.5 11.6
-7829.1 8990.0 13.7
-7896.2 8991.1 17.1
-8038.1 8995.9 21.9
-8046.6 8988.4 22.1
-7462.4 9002.3 14.8
-7661.7 9010.1 10.0
-7687.2 9007.6 9.6
-7705.6 9003.6 9.2
-7747.4 9006.1 10.8
-7793.0 9007.2 13.0
-7904.6 9009.1 18.2
-7914.3 9005.8 18.5
-7961.7 9009.2 21.2
-7971.8 9004.5 21.8
-7447.1 9025.5 16.3
-7475.3 9018.6 15.2
-7585.7 9023.9 12.1
-7617.0 9024.1 11.3
-7631.4 9017.4 10.7
-7722.4 9016.8 10.2
-7910.5 9020.3 19.1
-7929.4 9019.6 19.9
-7961.5 9023.5 21.6
-7972.8 9021.0 22.0
-7466.0 9032.0 16.1
-7483.8 9034.5 15.6
-7514.5 9041.1 15.0
-7589.9 9039.5 12.7
-7595.3 9035.3 12.3
-7690.5 9038.5 12.1
-7745.1 9037.3 12.4
-7764.0 9036.0 13.2
-7810.8 9031.7 15.1
-7854.6 9037.1 17.4
-7889.8 9031.6 18.7
-7914.6 9038.3 20.2
-7949.4 9034.6 21.6
-7960.0 9035.5 21.6
-7551.9 9054.1 14.5
-7587.8 9054.2 13.9
-7701.9 9049.0 12.9
-7720.4 9053.0 13.2
-7793.8 9053.6 15.5
-7805.3 9048.8 15.8
-7836.7 9054.4 17.6
-7585.4 9069.9 15.2
-7599.2 9071.3 15.2
-7647.9 9066.4 14.6
-7676.4 9063.8 14.3
-7705.6 9065.3 14.2
-7790.8 9061.5 15.8
-7810.7 9065.7 17.0
-7850.0 9067.8 18.9
-7881.4 9069.9 20.4
-7899.6 9068.3 21.2
-7927.1 9061.8 21.0
-7526.5 9084.3 16.7
-7573.6 9085.4 16.5
-7619.1 9082.6 16.1
-7655.3 9078.9 15.6
-7670.7 9083.6 15.9
-7690.8 9084.4 15.9
-7704.2 9079.9 15.4
-7784.9 9084.6 16.8
-7827.5 9081.3 18.6
-7850.7 9080.3 19.6
-7869.2 9081.0 20.5
-7499.7 9099.7 18.2
-7540.3 9093.0 17.3
-7552.2 9092.2 17.2
-7588.9 9092.2 17.0
-7604.9 9098.6 17.4
-7612.5 9091.9 16.9
-7656.7 9101.1 17.4
-7676.1 9092.3 16.6
-7723.4 9101.0 17.1
-7731.0 9098.6 16.8
-7837.5 9092.1 19.7
-7898.2 9100.8 19.6
-7582.6 9114.6 18.8
-7676.0 9113.2 18.3
-7708.7 9106.5 17.6
-7733.3 9112.1 17.9
-7855.6 9108.5 20.1
-7888.8 9110.7 19.3
-7524.9 9128.3 19.2
-7586.3 9121.9 19.3
-7603.8 9125.1 19.4
-7613.2 9125.6 19.4
-7646.1 9122.4 19.2
-7749.3 9129.1 19.2
-7764.4 9127.4 19.0
-7805.5 9130.4 20.1
-7825.0 9124.8 20.0
-7851.9 9125.2 19.4
-7884.7 9124.5 18.7
-7581.6 9142.3 19.4
-7626.7 9142.5 19.5
-7645.1 9143.9 19.6
-7763.6 9141.1 19.9
-7823.0 9142.7 19.3
-7839.7 9140.6 19.0
-7587.5 9152.8 19.5
-7615.5 9153.6 19.6
-7629.4 9157.1 19.6
-7706.7 9154.9 19.8
-7582.9 9170.2 19.5
-7600.7 9166.7 19.6
-7614.8 9172.9 19.6
-7662.4 9170.0 19.8
-7760.4 9171.3 19.3
-7790.5 9170.2 19.2
-7837.2 9168.5 18.9
-7738.3 9185.8 19.1
-7760.6 9185.6 18.9
-7588.9 9204.4 19.7
-7598.7 9205.8 19.6
-7612.2 9198.9 19.7
-7628.4 9200.3 19.5
-7700.9 9202.3 18.9
-7752.8 9196.8 18.7
-7765.3 9198.9 18.5
-7780.3 9199.6 18.4
-7791.0 9199.7 18.3
-7611.3 9216.1 19.2
-7692.2 9212.8 18.7
-7734.5 9221.0 18.1
-7685.8 9234.2 18.1
-7716.7 9226.5 18.1
-7644.3 9241.3 18.2
-5729.6 -2810.7 28.7
-5750.8 -2789.4 29.2
-5765.3 -2761.8 29.5
-5685.7 -2751.3 29.1
-5737.0 -2742.4 29.4
-5842.9 -2743.8 31.4
-5690.5 -2735.1 29.2
-5812.2 -2728.7 30.1
-5822.1 -2732.1 30.6
-5836.3 -2732.0 31.2
-5888.3 -2733.1 30.7
-5702.0 -2711.6 29.2
-5752.5 -2720.9 29.4
-5791.5 -2717.1 29.5
-5871.0 -2719.2 30.9
-5690.1 -2702.6 29.1
-5705.5 -2702.8 29.2
-5853.7 -2697.4 30.9
-5888.6 -2702.2 30.5
-5899.0 -2704.4 30.3
-5672.1 -2689.0 29.0
-5687.5 -2683.5 29.1
-5828.5 -2688.2 30.3
-5855.9 -2686.8 30.8
-5867.7 -2684.4 30.6
-5886.7 -2682.9 30.4
-5689.1 -2673.9 29.1
-5701.1 -2667.3 29.1
-5717.6 -2671.0 29.2
-5746.6 -2666.9 29.2
-5778.0 -2670.0 29.4
-5828.7 -2666.7 30.1
-5883.1 -2667.5 30.3
-5897.8 -2672.3 30.1
-5943.8 -2668.4 28.2
-5970.5 -2675.4 27.0
-5777.8 -2655.2 29.3
-5806.5 -2655.6 29.4
-5854.6 -2660.6 30.6
-5880.7 -2655.8 30.2
-5924.4 -2661.1 29.2
-5939.7 -2657.7 28.4
-5990.8 -2653.4 26.2
-5719.3 -2640.4 29.1
-5795.7 -2641.5 29.3
-5822.9 -2640.0 29.5
-5887.3 -2637.5 30.0
-5896.1 -2641.9 29.9
-5911.8 -2645.9 29.6
-5975.4 -2642.0 26.8
-5707.9 -2626.2 29.0
-5762.0 -2627.7 29.2
-5819.4 -2629.4 29.4
-5939.8 -2625.5 28.5
-5954.3 -2627.3 27.8
-5842.6 -2611.0 30.0
-5916.0 -2614.1 29.2
-5946.6 -2608.6 28.2
-5974.2 -2611.2 26.9
-5735.7 -2595.7 29.0
-5766.1 -2592.5 29.1
-5898.0 -2599.0 29.6
-5753.8 -2579.4 29.1
-5767.5 -2584.7 29.1
-5777.3 -2578.1 29.1
-5850.0 -2583.9 30.0
-5898.7 -2577.0 29.4
-5790.9 -2563.2 29.1
-5824.4 -2564.8 29.3
-5886.8 -2561.8 29.4
-5880.1 -2536.1 29.3
-5843.7 -2519.2 29.3
-5859.1 -2523.6 29.5
111.2 -4800.9 46.3
103.9 -4804.4 46.1
86.1 -4802.4 45.8
104.9 -4781.7 46.4
171.3 -4769.1 47.9
129.2 -4771.2 47.0
118.6 -4768.2 46.8
87.7 -4772.8 46.1
252.5 -4753.3 49.6
218.9 -4758.6 48.9
179.5 -4755.0 48.0
159.3 -4753.6 47.6
250.2 -4745.0 49.5
218.2 -4735.8 48.7
185.0 -4743.6 48.1
110.8 -4744.7 46.5
179.9 -4727.5 47.9
159.1 -4726.6 47.5
127.3 -4727.4 46.8
112.3 -4728.4 46.5
98.2 -4721.4 46.1
74.7 -4712.4 45.6
215.2 -4700.3 48.5
114.4 -4692.8 46.3
103.9 -4692.7 46.1
201.6 -4677.8 48.1
148.5 -4684.0 47.0
128.4 -4679.2 46.5
206.7 -4667.3 48.1
160.0 -4666.4 47.1
112.1 -4667.6 46.1
54.0 -4664.9 44.8
221.2 -4651.7 48.4
185.4 -4654.3 47.6
178.2 -4650.1 47.4
53.6 -4655.3 44.7
190.2 -4623.4 47.6
164.4 -4625.3 46.9
128.5 -4620.6 46.1
164.7 -4603.2 46.9
129.2 -4606.5 46.0
163.2 -4585.7 46.9
70.6 -4593.1 44.6
57.3 -4588.7 44.2
163.4 -4575.2 47.0
127.0 -4579.3 46.0
82.4 -4573.6 44.8
146.9 -4561.7 46.5
113.6 -4557.3 45.6
135.0 -4549.5 46.2
96.3 -4546.7 45.0
-6267.5 7010.3 18.9
-6293.9 7003.9 18.6
-6336.7 7007.2 18.1
-6253.5 7023.3 19.1
-6279.6 7017.3 18.8
-6292.3 7021.6 18.7
-6342.7 7022.9 18.1
-6294.6 7038.6 18.7
-6365.8 7035.6 17.9
-6279.0 7048.8 18.9
-6337.3 7078.7 18.3
-6385.0 7079.6 18.0
-6252.0 7095.0 19.3
-6297.6 7090.6 18.8
-6313.6 7091.9 18.6
-6359.4 7095.4 18.3
-6388.3 7093.4 18.2
-6238.9 7110.6 19.5
-6267.2 7114.1 19.2
-6314.7 7108.3 18.7
-6338.1 7108.3 18.6
-6351.5 7123.9 18.8
-6369.5 7122.3 18.7
-6389.2 7124.7 18.7
-6295.8 7157.7 19.5
-6341.9 7159.6 19.4
-6357.0 7154.8 19.3
-6385.8 7160.3 19.3
-6095.2 -2787.9 28.5
-6085.5 -2771.7 28.1
-6086.1 -2722.3 26.9
-6098.1 -2730.7 27.1
-2772.1 2739.7 48.3
-2781.0 2737.0 47.7
-2718.0 2751.7 51.8
-2772.1 2752.5 49.5
-2829.0 2751.2 47.2
-2765.4 2768.9 51.5
-2907.1 2764.4 45.6
-2706.6 2779.1 55.0
-2780.8 2777.9 51.5
-2887.5 2780.7 47.8
-2964.1 2780.4 45.0
-2681.6 2800.6 58.0
-2784.1 2792.9 51.6
-2874.7 2797.1 50.0
-2932.3 2798.8 48.0
-2675.4 2815.9 58.8
-2689.6 2808.9 57.2
-2782.4 2808.8 51.8
-2830.8 2810.0 51.2
-2884.1 2809.5 51.0
-2959.6 2815.0 48.7
-2990.2 2816.9 46.3
-2664.5 2828.4 60.2
-2676.7 2826.4 58.8
-2918.0 2822.7 51.0
-2988.8 2823.7 46.8
-2868.7 2838.1 52.8
-2900.8 2840.1 52.5
-2919.8 2838.3 52.1
-2936.5 2837.4 51.8
-2961.3 2839.8 51.2
-2681.2 2855.7 58.6
-2719.7 2859.7 54.6
-2815.3 2859.6 50.7
-2847.3 2859.7 52.4
-2860.2 2861.7 53.0
-2901.6 2852.8 53.2
-2982.3 2860.8 49.8
-2763.1 2869.9 52.9
-2857.9 2870.5 53.0
-4335.0 1568.9 21.8
-2016.6 7118.6 30.5
-2018.8 7174.6 31.6
-2030.3 7172.1 31.5
-1898.6 -3406.7 35.9
-7012.2 4026.0 18.2
-7026.5 4040.3 18.4
-6989.7 4054.5 19.1
-7125.2 4056.4 18.6
-7018.5 4068.6 18.8
-7123.4 4063.8 18.7
-6975.2 4085.4 19.9
-6983.4 4079.5 19.5
-7088.4 4078.8 18.9
-7104.6 4081.7 19.0
-7147.1 4078.5 19.3
-6973.6 4092.5 20.0
-6999.3 4093.7 19.2
-7042.3 4093.3 19.2
-7155.5 4095.5 19.9
-6959.7 4113.1 20.8
-6966.9 4112.1 20.5
-6999.7 4113.8 19.5
-7033.8 4109.1 19.4
-7041.6 4113.1 19.4
-7060.4 4115.1 19.5
-6968.2 4130.8 20.5
-6989.6 4127.2 19.7
-6996.5 4130.9 19.7
-7093.4 4126.7 19.6
-7110.7 4130.0 20.0
-6945.0 4142.9 21.3
-6955.4 4139.3 21.1
-7015.3 4145.6 19.9
-6946.2 4156.5 21.4
-6990.8 4156.4 20.1
-7028.5 4162.0 20.1
-7066.3 4160.1 20.1
-7093.9 4155.1 20.4
-7102.2 4154.8 20.6
-6925.3 4176.3 21.5
-6945.6 4171.6 21.5
-7001.6 4168.8 20.3
-7043.6 4175.2 20.3
-7073.5 4176.1 20.5
-7116.7 4169.6 21.6
-6972.6 4189.3 20.8
-6999.1 4184.6 20.5
-7029.9 4183.3 20.4
-7073.5 4185.2 20.8
-7123.8 4188.8 22.4
-7030.8 4203.8 20.7
-7061.5 4203.5 21.1
-7111.2 4198.8 22.4
-7019.1 4220.5 21.0
-7041.4 4213.8 20.9
-7076.5 4219.9 22.1
-7105.9 4216.6 22.9
-7121.0 4217.5 23.2
-6911.6 4227.5 21.9
-7018.1 4229.9 21.1
-7062.3 4229.8 22.0
-7088.3 4230.4 22.8
-6937.8 4242.7 22.0
-6953.3 4247.2 22.0
-7003.7 4244.2 21.3
-7043.0 4250.8 22.2
-7061.4 4245.4 22.6
-7105.2 4246.8 23.9
-7116.6 4248.3 24.1
-6894.4 4259.1 22.0
-6914.0 4262.0 22.2
-6923.3 4263.8 22.2
-6991.2 4258.4 21.5
-7002.5 4265.4 21.6
-7077.9 4265.2 23.7
-7104.2 4258.6 24.2
-6880.7 4274.9 21.6
-6928.4 4281.4 22.3
-6954.6 4272.8 22.1
-6983.2 4273.4 21.7
-7015.7 4279.9 22.4
-7043.7 4277.9 23.2
-6938.0 4297.0 22.4
-6960.1 4290.5 22.1
-7045.2 4294.4 23.8
-7056.9 4292.6 24.1
-6927.9 4308.3 22.4
-6938.2 4306.8 22.5
-6987.1 4304.9 22.4
-7030.4 4308.0 23.8
-7061.9 4303.2 24.6
-6926.5 4319.4 22.4
-6953.2 4317.8 22.5
-7015.1 4318.4 23.7
-7042.2 4324.1 24.7
-7028.3 4338.5 24.8
-7061.9 4342.1 25.9
-7080.7 4340.3 26.4
-7028.3 4371.8 25.6
-7076.3 4367.6 27.2
-279.3 -2734.2 32.7
-268.5 -2719.1 32.3
-4092.8 -4268.1 28.6
-4123.5 -4262.4 28.0
-4154.0 -4267.1 27.4
-4091.2 -4251.1 28.7
-4135.4 -4250.0 27.9
-4177.6 -4249.1 27.3
-4093.2 -4233.2 28.9
-4137.2 -4237.8 27.9
-4151.9 -4233.7 27.6
-4238.8 -4237.7 26.9
-4277.0 -4236.2 27.4
-4097.2 -4224.3 28.8
-4122.3 -4221.8 28.3
-4096.8 -4210.4 29.0
-4135.6 -4207.4 28.1
-4156.8 -4208.1 27.7
-4226.2 -4204.4 27.3
-4328.5 -4206.5 28.0
-4350.5 -4203.7 28.0
-4193.8 -4194.0 27.4
-4208.0 -4190.4 27.3
-4224.1 -4194.1 27.4
-4258.1 -4193.0 27.9
-4270.4 -4191.8 28.1
-4336.6 -4188.8 28.0
-4402.6 -4191.2 27.8
-4152.6 -4172.6 28.0
-4167.3 -4175.8 27.7
-4178.9 -4173.6 27.7
-4209.5 -4175.2 27.6
-4262.5 -4174.8 28.1
-4301.5 -4172.2 28.1
-4315.3 -4180.9 28.0
-4390.9 -4179.1 27.8
-4411.3 -4178.4 27.6
-4138.1 -4166.0 28.3
-4151.3 -4163.9 28.0
-4273.8 -4160.7 28.1
-4303.8 -4164.5 28.1
-4329.6 -4157.0 27.9
-4349.4 -4164.3 27.9
-4127.1 -4145.7 28.9
-4155.4 -4149.4 28.0
-4168.6 -4149.3 27.9
-4193.7 -4142.7 27.9
-4208.3 -4150.9 27.9
-4269.4 -4148.1 28.1
-4299.1 -4146.2 28.0
-4328.4 -4145.2 27.9
-4346.5 -4146.0 27.8
-4365.7 -4147.4 27.6
-4379.6 -4142.9 27.5
-4409.1 -4141.4 27.2
-4276.6 -4127.2 28.0
-4336.7 -4132.6 27.7
-4372.6 -4131.3 27.4
-4449.6 -4129.4 27.3
-4172.4 -4116.2 28.1
-4198.4 -4112.0 28.2
-4216.7 -4111.7 28.1
-4225.2 -4117.1 28.1
-4306.4 -4114.6 27.7
-4316.5 -4117.7 27.7
-4330.9 -4118.6 27.6
-4360.1 -4117.4 27.4
-4467.0 -4118.5 27.4
-4170.0 -4099.4 28.2
-4291.2 -4103.4 27.8
-4316.3 -4101.0 27.5
-4374.4 -4100.4 27.3
-4456.7 -4105.8 27.5
-4464.7 -4105.9 27.5
-4301.5 -4081.7 27.5
-4362.4 -4089.8 27.3
-4377.3 -4085.5 27.4
-4425.1 -4084.1 27.6
-4448.4 -4090.7 27.6
-4210.2 -4071.9 27.9
-4259.6 -4072.5 27.7
-4305.6 -4076.0 27.4
-4329.4 -4069.8 27.4
-4361.6 -4075.9 27.4
-4403.4 -4075.6 27.6
-4424.3 -4069.2 27.7
-4210.0 -4052.1 27.8
-4333.9 -4057.2 27.5
-4387.9 -4036.5 27.9
-4387.8 -4027.9 27.9
-4390.9 -4012.8 28.1
-4602.4 -3132.2 28.5
-4604.4 -3104.8 28.0
-4621.1 -3091.2 27.4
-4575.4 -3072.5 28.6
-6944.3 -2802.8 25.1
-7010.0 -2807.4 25.4
-7041.8 -2801.7 25.5
-6929.7 -2788.5 25.3
-6960.8 -2795.4 25.1
-6934.9 -2773.2 25.2
-6950.5 -2772.3 25.0
-6998.6 -2772.1 25.3
-7009.9 -2745.4 25.3
-7056.3 -2745.8 25.5
-7006.7 -2731.9 25.3
-7036.5 -2731.8 25.4
-7039.5 -2718.2 25.4
-6948.2 -2702.7 25.1
-7057.3 -2698.4 25.4
-7066.5 -2697.9 25.5
-7083.0 -2702.1 25.5
-7005.9 -2688.7 25.3
-7064.4 -2684.2 25.5
-7026.5 -2672.7 25.3
-6976.4 -2654.4 25.2
-7053.0 -2626.2 25.1
-7022.4 -2615.5 25.2
-7020.9 -2592.9 25.0
-7035.7 -2595.9 25.0
-7068.6 -2594.7 25.0
-7036.6 -2584.4 25.0
-3173.0 4369.7 27.4
-3172.9 4392.8 27.4
-3186.0 4417.4 27.3
-3208.9 4408.4 27.3
-3127.6 4429.0 27.2
-3143.1 4431.0 27.2
-3184.9 4427.4 27.2
-3201.9 4432.6 27.2
-3094.9 4446.0 27.2
-3103.9 4445.9 27.2
-3148.5 4445.1 27.2
-3186.7 4439.9 27.2
-3110.2 4459.4 27.2
-3141.1 4461.2 27.1
-3228.9 4453.7 27.1
-3113.2 4474.6 27.1
-3121.8 4469.2 27.1
-3143.0 4476.1 27.1
-3187.6 4476.0 27.1
-3216.1 4475.0 27.1
-3137.8 4485.3 27.1
-3154.4 4487.7 27.1
-3184.9 4492.0 27.0
-3196.3 4489.2 27.0
-3079.1 4502.0 26.9
-3104.2 4498.8 26.9
-3225.4 4502.5 26.9
-3018.1 4519.9 27.2
-3135.8 4522.3 26.9
-3211.2 4518.6 26.9
-3109.0 4535.6 27.0
-3137.0 4536.1 26.9
-3151.4 4534.2 26.9
-3168.2 4534.6 26.9
-3196.3 4528.5 26.9
-3113.0 4544.1 27.1
-3169.2 4544.6 26.9
-3181.8 4547.2 26.9
-3210.3 4545.3 26.8
-3001.5 4563.1 27.6
-3037.5 4560.0 27.4
-3080.4 4558.3 27.3
-3139.5 4562.4 27.2
-3172.5 4559.2 27.0
-3198.3 4565.7 26.8
-3016.3 4574.8 27.7
-3107.0 4575.7 27.5
-3156.7 4576.8 27.1
-3165.2 4574.3 27.0
-3181.5 4576.0 26.9
-3019.9 4589.4 27.9
-3062.7 4588.5 27.7
-3126.3 4596.9 27.3
-3135.9 4596.0 27.2
-3163.8 4588.2 27.0
-3183.5 4597.0 26.8
-3004.6 4604.3 28.1
-3136.0 4611.8 27.1
-3048.9 4623.2 27.7
-3066.3 4619.5 27.6
-3109.7 4626.3 27.3
-3164.4 4620.4 26.9
-3094.5 4634.2 27.4
-3133.9 4648.7 27.1
-3105.8 4670.3 27.2
-3153.0 4670.8 26.9
-3078.1 4686.3 27.4
-3075.4 4698.6 27.4
-3110.5 4697.0 27.1
-3124.1 4699.8 27.0
-3082.4 4711.2 27.3
-3093.5 4710.0 27.2
-2986.7 4729.9 27.9
-3008.2 4732.5 27.7
-3078.9 4731.7 27.2
-3126.1 4726.7 26.9
-3016.6 4743.5 27.7
-3043.6 4739.6 27.5
-3074.7 4761.7 27.2
-3126.1 4761.1 26.8
-3081.4 4772.7 27.1
-3104.2 4782.9 26.9
2160.7 -504.3 38.6
-2876.0 5744.6 29.4
-2951.8 5742.6 29.2
-2764.2 5759.6 29.8
-2775.3 5761.8 29.7
-2790.1 5766.7 29.6
-2875.3 5759.2 29.2
-2906.9 5759.8 29.1
-2926.3 5766.6 29.1
-2942.3 5758.3 29.2
-2996.8 5757.9 28.8
-2850.8 5774.9 29.0
-2880.8 5781.3 29.0
-2936.4 5778.8 29.1
-2950.7 5775.9 29.0
-3048.9 5778.9 28.4
-2762.7 5788.5 29.4
-2836.7 5790.4 28.9
-2867.9 5792.7 28.9
-2907.6 5797.3 29.0
-2920.7 5791.3 29.0
-3019.1 5793.9 28.5
-2761.3 5807.4 29.0
-2775.7 5809.7 28.9
-2789.6 5804.0 28.9
-2814.8 5807.3 28.8
-2897.5 5810.5 28.9
-2928.5 5810.6 28.9
-2969.2 5807.3 28.7
-2997.0 5808.0 28.6
-2743.3 5826.6 28.8
-2792.5 5821.9 28.7
-2805.3 5822.3 28.7
-2820.0 5825.5 28.7
-2835.9 5826.0 28.8
-2906.0 5817.6 28.9
-2936.4 5820.9 28.9
-3017.5 5825.9 28.3
-2804.2 5833.4 28.7
-2848.1 5834.5 28.7
-2999.0 5841.7 28.4
-2761.9 5853.4 28.6
-2808.2 5854.7 28.6
-2834.3 5854.6 28.6
-2853.0 5854.1 28.7
-2860.5 5851.7 28.7
-2892.2 5856.6 28.7
-2941.0 5851.3 28.7
-2994.7 5850.0 28.4
-2851.6 5863.6 28.6
-2959.2 5871.6 28.5
-2973.7 5866.8 28.4
-2749.3 5885.5 28.4
-2773.8 5878.7 28.5
-2792.1 5883.4 28.5
-2829.5 5878.5 28.5
-2876.3 5878.0 28.6
-2929.0 5882.5 28.6
-2958.7 5887.0 28.4
-2988.4 5878.0 28.2
-2784.9 5902.2 28.4
-2822.9 5897.0 28.4
-2830.7 5893.4 28.5
-2881.8 5901.7 28.5
-2926.3 5893.9 28.5
-2957.7 5898.4 28.3
-2740.6 5916.8 28.3
-2771.2 5910.1 28.3
-2926.6 5913.6 28.4
-2938.0 5908.5 28.4
-2951.1 5907.6 28.3
-2980.0 5912.6 28.1
-2836.2 5925.6 28.3
-2865.1 5928.2 28.3
-2928.4 5926.7 28.4
-2727.5 5938.7 28.1
-2744.9 5939.6 28.1
-2754.9 5940.6 28.2
-2773.4 5939.9 28.2
-2801.3 5939.9 28.2
-2838.4 5945.9 28.2
-2866.5 5946.5 28.3
-2884.1 5941.8 28.3
-2913.2 5942.9 28.3
-2958.4 5946.7 28.1
-2968.9 5942.7 28.0
-2759.1 5954.5 28.0
-2821.8 5953.4 28.2
-2899.3 5962.2 28.2
-2794.0 5975.1 27.9
-2823.9 5968.9 28.1
-2830.6 5975.1 28.1
-2869.3 5977.2 28.1
-2924.5 5971.9 28.2
-2951.7 5968.5 28.0
-2777.6 5992.1 27.6
-2868.3 5985.0 28.1
-2897.4 5991.0 28.1
-2909.4 5982.6 28.2
3761.0 -1508.0 38.1
3762.3 -1489.1 38.0
-2315.7 3300.4 33.1
-2328.0 3314.9 32.8
-2356.0 3317.8 32.3
-2374.6 3320.5 32.0
-2322.2 3335.4 32.6
-2381.7 3358.8 31.4
-6887.8 -1725.0 23.4
-6964.8 -1709.6 24.6
-6978.9 -1704.6 25.6
-6878.7 -1691.7 23.3
-6896.5 -1692.0 23.4
-6904.8 -1692.3 23.5
-6925.9 -1691.4 23.6
-6852.0 -1681.2 23.2
-6896.2 -1675.0 23.5
-6903.5 -1678.8 23.5
-6980.5 -1678.1 25.7
-6831.6 -1657.5 23.2
-6926.8 -1657.9 23.7
-6985.1 -1665.2 26.0
-6934.8 -1645.7 23.7
-6951.1 -1643.9 23.8
-6966.7 -1644.5 24.8
-6985.8 -1649.2 26.1
-6846.6 -1627.1 23.3
-6893.4 -1633.4 23.5
-6956.8 -1627.8 24.2
-6851.0 -1615.7 23.3
-6799.1 -1605.2 23.3
-6867.0 -1600.4 23.3
-6887.9 -1601.5 23.4
-6909.3 -1600.3 23.6
-6918.1 -1605.1 23.6
-6844.7 -1585.7 23.3
-6921.0 -1586.8 23.7
-6953.3 -1587.8 23.9
-6891.8 -1567.3 23.5
-6939.9 -1574.1 23.8
-6777.5 -1556.0 23.3
-6789.4 -1554.5 23.4
-6806.7 -1555.6 23.4
-6858.5 -1557.9 23.4
-6904.9 -1552.3 23.6
-6938.0 -1556.6 23.8
-6804.3 -1546.1 23.4
-6831.5 -1546.8 23.4
-6857.7 -1545.3 23.4
-6846.1 -1530.2 23.5
-6879.2 -1529.6 23.5
-6775.2 -1514.9 23.4
-6787.9 -1508.6 23.4
-6832.4 -1508.0 23.5
-6776.2 -1496.9 23.4
-6804.7 -1499.2 23.5
-6866.5 -1484.9 23.6
-6814.7 -1462.6 23.6
-6834.3 -1469.2 23.6
-6739.9 -1452.6 22.9
-6819.9 -1451.5 23.6
-6831.5 -1450.6 23.6
-6862.7 -1453.7 23.6
-6726.2 -1440.8 22.7
-6771.9 -1439.5 23.1
-6831.2 -1436.1 23.6
-6790.9 -1419.1 23.2
-6802.3 -1403.4 23.2
-6814.1 -1410.8 23.3
-6834.9 -1394.9 23.4
-6848.9 -1388.1 23.5
-6817.1 -1377.9 23.2
-6845.9 -1377.3 23.4
-6773.9 -1350.3 22.6
-6783.8 -1331.4 22.6
-6800.3 -1321.3 22.7
-6791.9 -1305.4 22.6
-6752.8 -1257.8 22.0
