5989.3 -522.7 144.5
6004.0 -519.7 145.2
6018.7 -516.7 145.7
6033.4 -513.7 145.3
6048.1 -510.7 145.4
6062.8 -507.8 145.7
6077.5 -504.8 146.0
6088.6 -510.8 146.5
6097.1 -523.1 147.2
6105.6 -535.5 147.9
6114.9 -547.1 148.5
6126.1 -557.1 149.2
6137.4 -567.0 149.9
6148.6 -576.9 150.5
6159.8 -586.9 151.2
6176.5 -601.6 152.3
3074.3 -6.8 170.4
3057.7 -7.4 170.1
2990.1 -12.3 168.4
2971.3 8.7 169.2
2943.6 3.8 168.3
3050.1 25.0 171.2
2974.3 26.0 170.0
3005.2 36.2 170.8
2991.5 37.3 170.7
3042.7 52.5 172.0
3030.2 47.3 171.6
1094.5 -2607.0 132.4
1019.0 -2603.6 132.8
1130.2 -2593.2 132.6
1099.2 -2595.4 132.5
1082.9 -2590.9 132.5
1097.6 -2576.7 132.6
1085.4 -2574.3 132.7
1002.5 -2575.7 133.1
1123.7 -2563.0 132.6
1077.6 -2559.1 132.8
1070.7 -2558.9 132.9
974.5 -2564.8 133.4
1141.5 -2551.8 132.7
1107.7 -2550.8 132.7
1006.4 -2550.0 133.3
1097.7 -2536.7 132.9
1086.6 -2527.5 133.0
991.2 -2530.4 133.5
982.3 -2530.9 133.6
1126.0 -2520.4 132.9
1086.4 -2514.0 133.2
1024.7 -2516.0 133.5
1008.1 -2516.9 133.6
1153.7 -2499.5 132.9
1144.8 -2505.3 132.9
1113.3 -2498.6 133.1
1062.6 -2498.8 133.6
1057.1 -2498.6 133.6
1033.0 -2504.1 133.7
1019.2 -2498.8 134.0
988.6 -2506.3 134.1
974.2 -2505.2 134.2
1144.5 -2482.7 133.4
1092.9 -2487.1 133.6
1062.7 -2490.6 133.8
1006.3 -2489.3 134.3
1155.6 -2470.0 133.4
1069.3 -2470.2 134.4
1025.6 -2454.5 135.3
1113.2 -2446.7 134.7
996.3 -2439.7 136.0
1169.3 -2427.9 134.2
1137.8 -2426.5 134.8
1125.1 -2426.3 135.0
1093.4 -2426.9 135.5
1084.7 -2427.7 135.6
1036.1 -2427.2 136.5
1143.3 -2416.8 135.2
1065.4 -2411.6 136.8
1053.5 -2409.8 137.1
1139.8 -2383.6 136.1
1131.5 -2384.9 136.5
1080.8 -2383.9 137.9
1064.8 -2380.9 138.4
1057.1 -2385.4 138.3
1201.3 -2370.7 135.1
1184.1 -2371.3 135.3
1177.1 -2371.3 135.4
1125.2 -2368.5 136.8
1206.3 -2349.2 135.7
1184.0 -2351.1 135.9
1170.0 -2353.1 136.0
1154.2 -2354.7 136.2
1093.8 -2354.7 138.1
1078.5 -2356.6 138.5
1200.1 -2341.6 135.7
1170.9 -2335.5 135.8
1145.1 -2341.5 136.3
1190.2 -2325.6 135.6
1157.1 -2317.7 136.0
1154.1 -2307.6 136.1
1604.7 3987.6 167.8
1579.3 3989.3 167.5
1589.2 3998.6 168.0
1577.8 4006.3 168.0
1546.7 4008.0 167.6
1487.3 4006.9 166.5
1663.7 4013.6 169.6
1580.9 4014.9 168.4
1564.3 4019.4 168.3
1547.1 4014.6 167.9
1484.9 4022.2 167.0
1663.7 4031.0 170.2
1573.3 4034.8 169.0
1548.6 4034.6 168.5
1503.7 4029.1 167.5
1490.4 4029.9 167.3
1452.5 4033.5 166.7
1438.4 4030.7 166.4
1413.3 4035.6 166.1
1377.0 4029.6 165.3
1361.9 4035.4 165.2
1353.0 4036.2 165.3
1692.5 4048.8 170.9
1653.7 4052.3 170.8
1606.8 4046.2 169.9
1577.1 4044.5 169.4
1547.5 4052.6 169.1
1532.5 4044.7 168.5
1473.0 4043.5 167.4
1445.7 4051.7 167.2
1397.7 4046.8 166.2
1350.1 4047.7 165.7
1693.1 4058.2 171.0
1578.4 4060.6 169.9
1529.2 4063.4 169.1
1505.6 4063.3 168.6
1468.8 4058.6 167.8
1457.1 4063.4 167.8
1441.9 4058.8 167.3
1385.9 4058.9 166.4
1710.2 4081.7 171.2
1699.5 4080.4 171.3
1528.4 4073.8 169.4
1486.1 4081.3 168.9
1379.5 4081.9 167.1
1368.2 4079.2 166.8
1721.9 4096.6 171.3
1710.3 4094.3 171.4
1684.0 4096.5 171.7
1653.3 4091.3 172.0
1622.7 4093.8 171.8
1562.5 4090.3 170.6
1516.0 4095.9 170.0
1352.4 4089.3 166.9
1607.9 4104.9 171.9
1588.3 4108.2 171.6
1573.1 4103.9 171.2
1530.9 4111.8 170.8
1505.5 4107.3 170.2
1453.4 4109.4 169.4
1438.2 4104.1 168.9
1739.4 4121.7 173.1
1729.3 4126.3 173.5
1669.9 4124.7 173.7
1649.1 4123.1 173.5
1632.4 4122.7 173.2
1580.2 4124.4 172.2
1423.0 4118.9 169.2
1411.6 4124.3 169.2
1367.2 4127.1 168.5
1353.5 4124.7 168.2
1566.0 4139.6 172.7
1497.6 4139.7 171.4
1485.9 4136.5 171.0
1442.8 4140.2 170.4
1412.9 4136.3 169.7
1395.0 4141.3 169.6
1379.8 4140.6 169.3
1744.4 4153.0 175.5
1694.0 4149.2 175.4
1686.3 4157.0 176.0
1652.9 4149.5 174.9
1618.6 4155.9 174.5
1501.3 4152.7 172.1
1468.3 4152.9 171.5
1442.1 4158.0 171.3
1378.7 4156.3 170.0
1325.7 4153.7 169.2
1308.8 4156.7 169.6
1727.2 4165.4 176.4
1641.4 4166.9 175.5
1620.2 4171.6 175.4
1608.8 4164.5 174.8
1595.3 4170.1 174.8
1581.6 4167.7 174.4
1529.4 4168.7 173.4
1430.6 4167.7 171.5
1416.5 4169.1 171.3
1741.4 4178.8 177.4
1712.8 4183.7 177.8
1671.5 4180.7 176.8
1649.4 4181.6 176.4
1623.4 4185.5 176.1
1573.9 4179.9 174.8
1513.9 4178.8 173.6
1421.8 4183.3 172.1
1383.1 4180.1 171.2
1368.4 4186.8 171.3
1317.7 4185.6 171.4
1753.7 4198.4 178.7
1740.7 4194.0 178.5
1728.5 4198.6 178.9
1586.7 4196.7 175.9
1565.9 4202.7 175.8
1512.2 4200.0 174.6
1476.0 4193.5 173.6
1457.9 4196.8 173.4
1394.0 4196.9 172.2
1692.5 4211.0 178.8
1647.7 4212.7 178.0
1593.2 4211.4 176.8
1544.6 4216.7 176.1
1528.7 4214.5 175.7
1456.1 4208.4 173.9
1425.6 4213.7 173.6
1381.4 4215.4 172.9
1370.9 4216.4 172.7
1352.2 4214.6 172.7
1305.3 4216.0 171.4
1752.6 4227.5 180.8
1662.3 4226.6 178.9
1654.2 4231.6 179.0
1530.1 4224.7 176.2
1513.3 4229.2 176.1
1491.2 4223.5 175.3
1425.3 4227.3 174.2
1363.6 4228.0 173.3
1693.1 4245.5 180.5
1683.0 4239.5 180.0
1518.4 4239.8 176.7
1471.5 4243.2 175.9
1407.0 4243.2 174.7
1337.0 4244.7 172.7
1302.9 4242.5 170.7
1661.8 4256.0 179.7
1618.7 4257.1 179.0
1594.7 4260.7 178.5
1398.7 4260.6 175.3
1364.6 4258.5 174.1
1311.4 4260.1 170.9
1753.9 4276.0 182.3
1730.0 4274.0 181.4
1679.9 4269.7 179.4
1656.5 4269.3 179.1
1573.0 4277.4 177.4
1565.3 4268.8 177.7
1458.1 4271.6 176.0
1440.2 4275.4 175.6
1308.2 4271.3 170.5
1707.1 4291.4 181.1
1698.8 4286.1 180.4
1682.3 4286.6 179.5
1610.3 4290.1 177.4
1469.0 4284.2 175.6
1422.3 4287.2 174.8
1414.7 4287.9 174.6
1395.2 4286.4 174.2
1380.9 4284.1 173.8
1756.0 4298.3 181.8
1721.8 4301.0 182.4
1682.0 4306.7 180.6
1576.0 4306.1 176.2
1558.1 4299.9 176.2
1546.5 4306.4 175.7
1413.7 4307.7 173.6
1395.1 4298.3 173.5
1740.5 4316.1 182.4
1682.5 4319.2 181.2
1580.9 4321.9 175.9
1546.0 4314.0 175.4
1755.9 4335.6 181.3
1701.0 4337.5 183.2
1682.6 4328.5 181.7
1661.9 4335.8 181.0
1618.0 4332.0 178.4
1604.9 4331.9 177.7
1491.6 4330.4 173.8
1398.2 4330.6 171.6
1754.3 4343.7 181.2
1696.6 4343.7 183.3
1668.5 4350.5 182.2
1512.6 4352.0 173.8
1744.0 4360.1 181.6
1694.1 4360.1 184.0
1681.9 4363.8 183.6
1662.1 4361.5 182.4
1640.5 4367.8 181.6
1624.3 4363.0 180.4
1573.9 4363.7 177.7
1694.5 4374.9 184.0
1665.3 4378.6 183.5
1620.0 4382.6 181.2
1603.3 4377.3 180.1
1576.6 4373.3 178.4
1709.8 4390.4 182.5
1693.1 4394.7 183.6
1682.9 4389.1 184.4
1573.1 4393.8 178.8
1501.9 4397.0 174.0
1456.0 4397.2 171.9
1708.9 4407.1 181.4
1668.1 4408.1 184.7
1649.9 4407.5 183.7
1595.9 4410.3 180.0
1559.3 4409.5 177.5
1428.3 4421.5 171.7
1406.9 4426.8 171.8
1649.6 4437.8 182.9
1592.6 4441.1 179.0
1520.9 4441.1 175.0
1502.7 4438.0 174.2
1471.2 4440.1 173.0
1452.7 4436.8 172.2
1398.1 4439.7 171.8
1602.3 4449.3 179.4
1438.2 4449.3 171.8
1670.7 4463.8 180.4
1653.4 4465.0 181.7
1605.3 4468.5 179.1
1528.5 4469.3 175.6
1515.5 4466.1 175.1
1651.6 4487.8 180.4
1595.9 4483.1 178.5
1563.9 4481.1 177.2
1501.2 4485.8 174.7
1639.0 4496.1 180.7
1619.9 4503.0 179.7
1587.5 4501.0 178.3
1580.4 4501.8 178.1
1559.6 4495.7 177.2
1544.9 4500.8 176.6
1595.4 4512.8 178.5
1581.7 4512.6 177.9
1559.8 4510.2 177.1
1500.1 4510.9 174.7
1595.2 4529.5 178.1
1550.7 4524.0 176.5
