5389.5 3766.7 14.1
5384.4 3765.8 13.9
5403.3 3778.9 14.6
5394.1 3777.0 14.5
5368.7 3795.4 14.1
5507.0 3731.1 15.6
5495.8 3739.1 15.5
5519.7 3752.6 15.9
5459.2 3750.9 15.1
5516.3 3759.0 15.9
5469.4 3760.3 15.3
5525.7 3799.2 16.2
5514.5 3798.9 16.1
5519.0 3807.3 16.2
5296.8 4371.5 12.8
5652.9 3488.1 16.7
5641.3 3491.7 16.8
5636.6 3496.3 17.0
5632.2 3502.8 17.1
5624.6 3504.3 17.2
5663.0 3521.5 17.3
5683.7 3541.6 17.5
5676.7 3582.0 18.2
5614.7 3593.3 17.6
5593.4 3596.0 17.1
5655.9 3602.7 18.3
5616.2 3604.1 17.5
5607.6 3604.9 17.3
5616.7 3612.1 17.3
5635.8 3625.7 17.5
5755.0 4395.6 13.0
5761.6 4408.0 13.0
5755.4 4405.2 13.0
5632.4 4477.8 9.8
5616.6 4063.6 15.9
5620.8 4076.1 15.8
5654.5 4086.2 16.5
5580.6 4097.1 14.8
5575.6 4105.2 14.6
5570.7 4105.7 14.5
5645.1 4115.0 15.7
5636.0 4117.3 15.4
5627.5 4118.6 15.3
5641.1 4126.1 15.4
5630.0 4124.3 15.2
5640.4 4136.4 15.3
5628.8 4133.5 15.1
5639.4 4144.5 15.2
5640.6 4155.1 15.1
5629.1 4158.1 14.9
5638.7 4163.2 14.9
5627.1 4163.6 14.8
5619.4 4164.6 14.6
5617.3 4173.8 14.5
5559.2 4195.9 13.4
5545.3 4195.7 13.1
5560.9 4204.8 13.3
5544.7 4203.9 13.0
5588.1 4214.6 13.5
5575.0 4213.8 13.4
5567.2 4215.5 13.3
5480.6 4217.4 12.5
5585.2 4226.9 13.0
5567.6 4226.1 13.1
5559.6 4226.4 13.0
5567.0 4234.8 12.9
5507.2 4237.3 12.4
5560.4 4248.2 12.5
5978.2 3869.5 13.6
5969.5 3869.9 13.7
6019.9 3877.5 13.1
5998.0 3877.6 13.4
5991.4 3880.2 13.5
6038.9 3886.6 12.9
6029.4 3886.5 13.0
6018.5 3885.9 13.2
6013.3 3890.3 13.2
6000.3 3885.1 13.4
5989.3 3890.6 13.6
5983.4 3888.8 13.7
6051.8 3898.2 12.1
6043.3 3899.6 12.2
6019.5 3897.1 12.7
6001.0 3897.6 13.0
5990.8 3895.7 13.3
6043.3 3906.7 11.8
6023.5 3908.2 12.1
6003.4 3908.0 12.5
6021.9 3919.2 11.6
6022.4 3927.5 11.2
6027.9 3955.0 10.4
5101.3 4198.5 11.0
5091.8 4197.9 10.9
5149.8 4209.6 11.4
5070.4 4210.5 10.7
5063.8 4204.9 10.7
5031.9 4210.1 10.5
4983.8 4209.4 10.1
5134.1 4218.4 11.2
5110.1 4216.9 11.0
5061.0 4219.6 10.7
5039.3 4217.0 10.5
5029.5 4215.5 10.5
5024.3 4214.8 10.4
5161.3 4228.5 11.5
5148.7 4228.2 11.3
5031.5 4224.6 10.4
5003.2 4230.2 10.3
5169.0 4240.5 11.5
5164.3 4234.5 11.5
5138.1 4237.9 11.2
5130.2 4238.0 11.2
5058.6 4238.4 10.6
5038.8 4239.0 10.5
4999.8 4239.2 10.3
4888.3 4237.2 9.5
5168.6 4245.1 11.5
5159.6 4246.8 11.4
5141.6 4250.8 11.3
5069.5 4249.0 10.7
5053.3 4246.7 10.6
5031.8 4244.6 10.5
4899.7 4247.6 9.6
5140.6 4258.8 11.3
5109.3 4259.9 11.0
5081.4 4258.9 10.8
5038.2 4256.9 10.5
5030.2 4260.0 10.5
5021.6 4260.1 10.4
4918.1 4258.2 9.8
5143.4 4270.8 11.3
5110.4 4267.8 11.0
5078.9 4266.3 10.8
5072.5 4268.2 10.8
5060.2 4265.1 10.7
5042.8 4264.5 10.6
5020.7 4265.8 10.4
4881.7 4269.2 9.3
5081.1 4274.7 10.8
5061.5 4281.0 10.7
5050.1 4277.6 10.6
5041.2 4278.1 10.6
5034.1 4278.1 10.5
5022.8 4281.1 10.5
4970.6 4280.3 10.1
4914.7 4281.1 9.5
4878.3 4275.8 9.2
5121.1 4289.4 11.1
5113.4 4287.5 11.0
5042.1 4287.2 10.6
5023.7 4285.7 10.5
4988.2 4286.2 10.2
4983.2 4289.8 10.2
4903.6 4289.2 9.2
5071.0 4295.4 10.8
5063.2 4294.5 10.7
5043.8 4299.3 10.6
5030.7 4294.6 10.5
4988.8 4296.7 10.1
4981.7 4295.3 10.0
5169.6 4305.5 11.5
5030.8 4306.9 10.4
5024.0 4310.5 10.3
4999.8 4305.6 10.1
4979.1 4309.3 9.7
4960.7 4308.1 9.5
4953.2 4306.9 9.5
4902.6 4309.5 8.8
5024.4 4319.8 10.1
5004.6 4317.0 9.9
4902.7 4318.9 8.6
5174.6 4325.9 11.5
5029.0 4325.4 10.0
5011.4 4324.8 9.8
4999.0 4329.4 9.6
4989.0 4330.7 9.4
4978.9 4326.7 9.4
4964.5 4326.1 9.2
5012.5 4339.3 9.5
5001.0 4340.4 9.4
4983.0 4339.9 9.2
4960.1 4335.9 9.0
5020.8 4345.6 9.5
4988.3 4350.6 9.0
4924.6 4350.8 8.2
4998.7 4360.5 9.1
4994.4 4357.3 9.0
4912.8 4356.3 8.1
4899.7 4361.0 8.1
4869.3 4358.3 7.7
4989.1 4369.9 9.1
4969.3 4365.0 8.8
4929.0 4368.9 8.5
4923.2 4369.5 8.5
4868.2 4368.5 7.9
5012.6 4374.6 9.4
4968.7 4379.9 9.1
4930.3 4375.5 8.7
4908.3 4378.5 8.5
4888.7 4374.8 8.3
6122.6 3677.0 10.3
6122.1 3688.2 10.7
6141.0 3708.3 10.6
6130.5 3703.2 10.8
6052.9 3705.0 12.2
6132.9 3714.1 11.1
6150.1 3727.2 10.9
6140.9 3738.2 11.0
6133.0 3738.1 11.1
6125.0 3738.3 11.1
6162.6 3746.3 11.0
6131.0 3743.0 11.2
6124.8 3743.1 11.2
6165.7 3755.8 11.1
6150.0 3758.6 11.3
6019.5 3758.8 12.5
6173.7 3765.9 11.3
6162.6 3763.0 11.3
6153.2 3763.3 11.4
6180.6 3775.3 11.4
6105.0 3777.2 12.1
6031.8 3777.9 12.9
6152.1 3784.7 11.8
6103.2 3784.4 12.3
6080.9 3783.1 12.5
6055.3 3787.8 12.8
6031.3 3786.8 13.0
6050.8 3797.0 12.6
6030.2 3795.5 12.8
6155.6 3803.9 11.7
6041.5 3808.8 12.4
6032.9 3807.1 12.5
6025.1 3803.8 12.6
6204.1 3814.1 11.1
6153.4 3814.6 11.4
6051.9 3816.4 12.3
6042.4 3815.6 12.4
6020.2 3813.0 12.7
5991.3 3814.9 13.1
6022.1 3826.3 12.7
6191.8 3838.9 10.5
6201.8 3844.5 10.3
6182.0 3844.6 10.5
6229.7 3867.8 10.1
6152.0 3878.7 11.3
6233.0 3884.5 9.6
6222.9 3884.3 9.8
6205.5 3884.6 10.1
6193.5 3888.3 10.1
6172.3 3885.7 10.6
6203.0 3892.7 9.8
6080.0 3982.2 9.1
6069.7 3979.2 9.3
6068.0 3994.0 9.5
6055.5 3994.3 9.8
5199.1 3835.5 12.5
5214.1 3847.6 12.8
5202.5 3842.1 12.7
5150.7 3841.8 12.1
5142.8 3844.4 12.1
5230.4 3852.3 13.0
5223.5 3856.9 13.0
5208.4 3857.7 12.8
5212.6 3865.7 12.9
5193.3 3867.0 12.7
5184.5 3862.3 12.6
5172.4 3866.5 12.5
5138.7 3865.8 12.1
5233.9 3872.7 13.2
5219.3 3874.6 13.0
5200.9 3876.3 12.8
5190.1 3873.2 12.7
5184.0 3874.7 12.6
5157.9 3871.9 12.3
5138.1 3872.9 12.1
5134.3 3874.6 12.1
5248.2 3887.1 13.6
5233.5 3884.2 13.4
5172.3 3886.1 12.6
5131.0 3886.4 12.1
5117.9 3887.6 12.0
5141.3 3893.6 12.3
5222.6 3903.3 13.2
5169.7 3905.2 12.7
5130.9 3904.6 12.3
5121.8 3904.2 12.2
5159.6 3925.6 12.5
5646.6 3995.7 15.7
5636.9 3992.8 15.7
6283.3 4037.2 10.2
6277.2 4037.0 10.1
6256.3 4047.6 10.5
6265.4 4054.8 11.0
6265.9 4066.0 11.6
6258.4 4067.6 11.5
6245.1 4075.5 11.9
6258.5 4084.4 12.5
6232.5 4085.5 12.5
6274.9 4107.3 13.0
6197.6 4126.1 11.8
6303.1 4133.0 12.7
6296.9 4137.5 12.6
6215.7 4135.3 11.8
6324.9 4143.0 12.7
6196.9 4143.7 11.4
6187.4 4144.7 11.7
6305.7 4151.9 12.3
6296.5 4154.6 12.1
6193.9 4155.2 11.3
6178.0 4152.0 11.9
6124.1 4158.3 11.9
6308.0 4166.5 12.0
6295.5 4164.0 11.9
6288.3 4163.9 11.8
6187.7 4162.3 11.3
6174.9 4161.8 11.7
6165.6 4162.9 11.7
6296.9 4174.2 11.7
6288.2 4176.8 11.5
6186.8 4172.3 11.2
6133.2 4175.1 11.4
6094.3 4172.9 11.7
6136.1 4184.2 11.2
6125.5 4186.8 11.1
6118.2 4187.3 11.2
6285.2 4198.3 11.0
6267.0 4196.0 10.9
6255.2 4192.0 10.8
6233.2 4194.3 10.5
6133.9 4192.3 11.0
6127.0 4194.4 10.9
6067.1 4196.7 11.4
6278.0 4207.4 10.7
6262.0 4207.2 10.5
6256.7 4202.3 10.6
6236.8 4205.9 10.3
6216.0 4203.2 10.2
6206.7 4206.1 10.0
6196.1 4205.8 10.2
6123.0 4206.7 10.7
6112.9 4201.8 10.9
6273.1 4213.5 10.5
6265.6 4212.7 10.4
6237.9 4215.0 10.1
6203.3 4217.7 9.7
6112.3 4218.0 10.5
6263.3 4224.0 10.2
6245.3 4226.5 9.9
6234.1 4222.6 9.9
6217.9 4226.3 9.6
6205.0 4225.0 9.5
6193.3 4222.1 9.9
6157.4 4227.3 10.0
6138.2 4222.2 10.2
6126.2 4227.2 10.2
6113.4 4225.9 10.3
6205.0 4232.8 9.3
6192.5 4234.7 9.7
6165.3 4235.8 9.7
6144.9 4236.3 9.8
6114.2 4231.9 10.2
6102.3 4238.0 10.2
6153.0 4242.5 9.6
6147.2 4243.9 9.6
6125.6 4243.6 9.8
6157.3 4254.7 9.3
6143.1 4257.0 9.4
6136.0 4255.9 9.5
6126.2 4257.3 9.5
6143.5 4267.6 9.1
6092.7 4264.5 9.8
6123.8 4272.4 9.3
6118.3 4277.6 9.2
6107.7 4273.1 9.4
6096.2 4273.9 10.1
6117.0 4061.4 10.3
6129.1 4073.0 11.1
6130.4 4080.6 11.5
6107.1 4090.4 11.2
6130.5 4098.7 12.0
6122.9 4100.2 11.8
6111.9 4099.0 11.5
6126.4 4112.7 12.1
6122.1 4113.4 12.0
6132.5 4117.7 12.3
6118.5 4122.8 12.0
6026.7 4013.8 10.7
6077.5 4026.1 9.3
6069.1 4024.6 9.6
6055.9 4021.7 9.9
6050.8 4023.0 10.1
6038.3 4022.1 10.4
6026.3 4023.9 10.7
6080.4 4035.0 9.3
6066.7 4033.1 9.7
6058.3 4031.6 9.9
6047.1 4032.5 10.2
6075.7 4040.2 9.5
6067.1 4042.5 9.7
6060.7 4041.5 9.9
6071.0 4071.0 11.0
5903.5 3822.6 14.4
5902.1 3830.6 14.5
5919.4 3838.7 14.3
5909.0 3853.0 14.5
5888.4 3875.0 14.9
5812.7 3877.8 16.2
5844.8 3932.8 15.2
5835.4 3927.0 15.5
5843.0 3941.8 15.2
5834.3 3941.7 15.4
5846.4 3948.2 15.1
5854.1 3962.2 14.8
5854.0 3970.8 14.7
5803.9 3968.6 15.4
5851.5 3977.9 14.6
5835.8 3981.9 14.8
5823.8 3977.5 15.0
5814.0 3979.3 15.1
5835.6 3988.8 14.7
5815.6 3988.0 15.0
5854.4 3998.4 14.3
5854.1 4006.5 14.2
5822.7 4012.2 14.6
5924.2 4186.3 11.8
5924.4 4195.4 11.7
5907.0 4193.2 11.6
5925.7 4203.2 11.6
5920.7 4205.6 11.6
5898.9 4205.9 11.7
5886.0 4206.2 11.7
5917.4 4214.3 11.8
5909.8 4215.8 11.8
5884.3 4210.3 11.8
5877.5 4211.2 11.8
5909.5 4220.2 11.9
5877.2 4222.2 12.0
5890.1 4232.6 12.1
5874.2 4230.9 12.1
5864.8 4250.7 12.7
5856.6 4256.0 12.8
5999.4 4039.2 11.5
6015.7 4050.8 11.1
6008.3 4045.8 11.3
5998.5 4047.3 11.6
5987.5 4046.1 11.9
5973.2 4049.6 12.1
5992.9 4054.9 11.7
5973.5 4055.7 12.0
5935.5 4079.4 12.7
5918.3 4095.8 13.1
5938.9 4141.2 12.6
6036.5 4187.4 11.3
5108.6 3538.3 16.4
5102.6 3542.7 16.4
5120.6 3551.3 15.9
5102.5 3551.8 16.2
5127.7 3557.6 15.6
5110.9 3558.9 16.0
5133.7 3567.4 15.3
5121.3 3567.6 15.6
5101.0 3567.1 15.8
5089.7 3569.7 15.6
5089.1 3578.2 15.4
5132.1 3588.4 15.0
5123.1 3591.0 15.0
5101.7 3587.0 15.0
5090.4 3588.6 14.9
5090.7 3597.6 14.9
5079.7 3601.8 14.9
5092.1 3612.6 14.9
5119.2 3622.9 14.6
5069.7 3618.7 15.0
5102.6 3642.1 14.5
5081.9 3637.5 14.7
5188.5 3647.7 13.0
5181.8 3651.8 13.0
5147.8 3652.7 13.6
5100.8 3650.8 14.3
5207.7 3662.7 12.8
5198.6 3662.6 12.8
5190.4 3662.3 12.9
5099.4 3661.2 14.2
5222.0 3672.6 12.7
5099.3 3669.4 14.1
5188.7 3680.2 12.7
5137.2 3677.9 13.4
5223.4 3689.1 12.6
5198.5 3689.1 12.6
5192.5 3686.5 12.6
5211.0 3700.7 12.5
5203.2 3697.3 12.5
5238.9 3716.7 12.3
5290.5 3727.1 12.4
5321.3 3738.7 12.7
5288.8 3741.6 12.4
5291.7 3751.6 12.5
5282.8 3749.3 12.3
5261.4 3750.9 12.2
5228.7 3570.9 13.6
5243.5 3588.9 13.6
5244.5 3600.4 13.4
5234.7 3598.0 13.4
5220.7 3597.8 13.4
5232.4 3609.8 13.3
5219.8 3608.1 13.3
5209.4 3609.1 13.3
5191.7 3609.6 13.4
5221.1 3618.3 13.2
5189.8 3619.4 13.3
5211.5 3630.9 13.1
5201.5 3628.3 13.1
5294.6 3626.9 13.2
5309.1 3637.5 13.1
5948.7 4391.7 14.3
5931.9 4412.2 13.8
5910.0 4408.0 13.6
5897.0 4411.3 13.1
5920.3 4420.7 12.9
5901.4 4423.7 12.6
5987.9 4433.4 13.5
5938.7 4431.3 12.6
5920.9 4429.8 12.5
5906.7 4433.1 12.5
5900.4 4428.8 12.5
5949.2 4440.9 12.4
5928.1 4438.8 12.4
6023.8 4252.1 13.0
6004.7 4249.7 12.7
6013.6 4259.6 13.4
5992.9 4259.0 13.1
6013.7 4274.1 14.3
6004.4 4273.6 14.1
6050.1 4283.7 13.4
6013.6 4282.9 14.8
6004.5 4282.1 14.6
5980.2 4280.0 14.1
5975.5 4281.1 14.1
6045.8 4294.4 14.3
6032.2 4291.6 15.0
6012.2 4291.0 15.3
6005.9 4288.4 15.0
5992.2 4294.0 15.1
5971.5 4291.0 14.6
5966.2 4288.4 14.4
5955.2 4292.0 14.3
6050.1 4301.5 14.5
6003.1 4298.7 15.6
5993.6 4304.3 15.7
5953.3 4300.9 14.6
6065.0 4309.8 14.1
6035.8 4311.2 16.0
5981.7 4313.5 15.9
5934.4 4309.5 14.4
6075.7 4322.9 14.3
6060.4 4324.6 15.3
5985.4 4319.0 16.2
6081.4 4332.5 14.6
5990.1 4330.8 16.8
5975.0 4333.6 16.3
6055.5 4341.9 15.8
6030.1 4343.2 17.3
6025.0 4341.0 17.7
5983.6 4340.7 16.4
6082.9 4354.1 13.5
6075.3 4354.5 14.0
6052.4 4352.8 15.4
6022.4 4348.8 17.3
5995.0 4352.5 16.6
5980.8 4354.8 16.1
5973.5 4349.8 15.9
6086.3 4361.8 12.9
6051.3 4362.3 15.0
6022.3 4359.0 16.8
6011.9 4360.3 16.8
6003.1 4363.8 16.5
5995.9 4359.7 16.4
5970.3 4362.0 15.6
6030.8 4370.5 15.7
6001.8 4371.6 16.3
5981.0 4375.0 15.6
6045.8 4380.2 14.3
6011.4 4379.6 15.9
6000.0 4384.8 15.7
5982.7 4381.9 15.4
5971.8 4384.3 15.0
6021.0 4388.4 15.3
5995.6 4393.4 15.3
5981.6 4390.1 15.2
6024.4 4399.8 14.5
6001.0 4399.1 15.0
5993.5 4398.5 15.1
5984.0 4403.7 14.9
5591.6 4544.8 10.1
5612.2 4567.5 10.6
5612.7 4577.9 10.8
5603.1 4580.0 10.8
5622.0 4586.4 11.0
5612.7 4586.8 11.0
5588.5 4586.5 10.7
5617.7 4598.6 11.2
5589.5 4599.4 10.9
5581.5 4600.1 10.8
5598.6 4609.3 11.2
5632.6 4618.1 11.6
5603.2 4637.7 11.6
5608.4 4648.0 11.8
5598.9 4644.6 11.6
5592.5 4670.3 11.8
5578.3 4667.5 11.5
5629.1 4674.2 12.4
5617.8 4680.6 12.3
5611.4 4679.0 12.2
5641.6 4689.7 12.5
5591.5 4686.4 11.8
5581.9 4685.1 11.7
5602.1 4697.1 11.8
5632.1 4706.2 12.0
5597.3 4705.9 11.5
5592.8 4709.0 11.4
5587.8 4730.3 10.8
5598.6 4739.4 10.8
5593.4 4738.7 10.7
5610.2 4749.1 10.7
5568.2 4745.3 10.2
5610.0 4757.3 10.5
5537.5 4552.2 10.4
5522.4 4565.3 10.3
5514.9 4571.4 10.2
5506.9 4570.2 10.3
5496.8 4602.4 10.2
5483.0 4599.4 10.4
5454.2 4611.0 10.7
5473.5 4639.7 10.2
5465.1 4640.6 10.3
5446.3 4672.9 10.4
5452.5 4684.4 10.2
5411.3 4699.6 10.8
5434.3 4723.8 10.4
5427.4 4718.7 10.4
5429.5 3392.2 14.2
5411.6 3443.2 14.2
5369.3 3446.7 14.7
5414.7 3455.1 14.4
5421.4 3461.1 14.5
5410.8 3466.3 14.4
5402.9 3466.4 14.3
5412.8 3473.5 14.5
5399.0 3470.7 14.3
5408.4 3484.3 14.5
5392.1 3492.9 14.4
5370.1 3490.3 14.1
5511.7 3502.9 16.0
5529.4 3521.0 16.9
5481.4 3525.5 16.3
5382.0 3540.8 14.5
5362.7 3595.2 13.6
5349.7 3593.8 13.6
5402.6 3603.0 13.6
5399.1 3615.7 13.4
5394.2 3613.9 13.4
5420.1 3621.7 13.3
5410.1 3621.1 13.3
5419.2 3644.8 13.1
5430.8 3653.1 13.2
5411.7 3652.7 13.1
5412.4 3664.8 13.1
6118.0 4182.7 11.3
6088.7 4268.6 10.2
5334.1 3886.7 14.4
5315.7 3894.9 14.2
5353.4 3906.8 14.5
5326.5 3909.2 14.2
5354.9 3915.6 14.5
5346.6 3918.0 14.4
5282.6 3918.3 13.8
5275.3 3918.3 13.7
5347.7 3924.0 14.4
5297.9 3924.8 13.9
5266.2 3923.7 13.6
5297.8 3932.7 13.9
5324.8 3945.0 14.1
5296.5 3956.6 13.8
5334.1 3964.2 14.1
5312.3 3967.4 13.9
5303.3 3964.9 13.8
5293.2 3963.5 13.7
5328.3 3977.1 14.0
5303.5 3973.7 13.8
5337.5 3985.7 14.1
5322.7 3989.0 13.9
5308.3 3984.6 13.8
5293.5 3989.3 13.6
5325.8 3998.8 13.9
5328.6 4004.0 13.9
5314.0 4003.8 13.8
-6935.9 -3818.8 44.1
-6937.0 -3809.0 44.1
-6919.9 -3800.1 44.3
-6909.7 -3789.4 44.4
-6916.6 -3790.0 44.4
-6927.5 -3762.8 44.4
-6937.8 -3763.2 44.3
-6929.0 -3751.2 44.4
-6935.9 -3749.3 44.4
-6940.4 -3740.5 44.4
-6902.8 -3641.6 45.1
-6918.2 -3646.0 45.0
-6898.3 -3633.8 45.2
-6921.8 -3632.1 45.0
-6933.6 -3637.1 44.9
-6940.7 -3633.1 44.9
-6913.3 -3626.2 45.1
-6922.8 -3626.2 45.1
-6931.9 -3621.1 45.0
-6912.3 -3611.5 45.2
-6929.9 -3616.9 45.1
-6903.5 -3602.1 45.3
-6922.7 -3607.1 45.2
-6937.5 -3601.3 45.1
-6912.0 -3597.3 45.3
-6917.2 -3597.1 45.2
-6942.2 -3403.3 46.0
-6923.6 -3366.7 46.3
-6903.1 -3347.5 46.5
-6909.7 -3346.0 46.5
-6890.2 -3288.0 47.0
-6886.7 -3281.4 47.0
-6895.4 -3269.5 47.0
-6905.7 -3261.6 47.0
-6910.4 -3263.9 46.9
-6890.2 -3248.7 47.1
-6883.4 -3239.2 47.0
-6895.1 -3243.5 47.1
-6903.9 -3229.0 47.1
-6944.2 -3156.5 47.0
-6918.6 -3135.4 46.9
-6929.8 -3135.7 46.8
-6941.3 -3137.8 46.9
-6928.5 -3124.9 46.7
-6943.1 -3128.0 46.8
-6902.3 -3115.5 46.8
-6922.3 -3115.2 46.7
-6914.1 -3105.2 46.6
-6933.5 -3102.2 46.7
-6944.6 -3103.8 46.7
-6872.9 -3096.2 46.8
-6881.5 -3093.7 46.7
-6893.3 -3094.5 46.6
-6914.7 -3095.1 46.5
-6924.1 -3098.3 46.7
-6933.9 -3096.6 46.7
-6940.7 -3094.4 46.7
-6864.7 -3085.7 46.7
-6890.4 -3087.7 46.6
-6913.2 -3087.0 46.4
-6924.9 -3082.7 46.7
-6930.1 -3082.1 46.6
-6864.9 -3072.6 46.6
-6868.7 -3076.8 46.6
-6883.6 -3077.7 46.5
-6889.3 -3074.9 46.4
-6918.5 -3072.2 46.6
-6930.8 -3077.5 46.6
-6944.4 -3076.5 46.6
-6913.4 -3061.9 46.6
-6911.3 -3057.3 46.6
-6921.0 -3052.1 46.5
-6921.8 -3047.9 46.5
-6934.2 -3044.0 46.4
-6921.6 -3036.1 46.4
-6928.6 -3037.7 46.4
-6932.8 -3026.0 46.4
-6917.0 -3026.2 46.4
-6934.8 -2979.9 46.1
-6889.5 -3494.1 45.9
-6899.2 -3490.0 45.9
-6878.4 -3480.3 46.1
-6877.9 -3476.1 46.1
5837.8 4300.6 13.3
5812.5 4312.5 13.0
5771.3 4329.1 13.1
5758.7 4327.3 13.1
5730.9 4342.4 13.1
5739.0 4348.6 13.1
5803.1 4368.9 13.3
5789.9 4379.6 13.3
6136.0 4369.3 9.5
6149.0 4381.4 9.0
6101.6 4378.2 11.1
6085.9 4381.3 11.8
6137.0 4390.2 9.3
6105.2 4391.6 10.1
6076.4 4397.0 11.5
6036.5 4399.1 13.8
6030.5 4400.8 14.1
6200.1 4408.4 9.6
6099.5 4407.2 10.1
6187.2 4417.3 10.0
6178.0 4422.0 10.2
6138.8 4420.1 10.4
6231.5 4432.4 10.7
6219.1 4427.1 10.2
6199.3 4428.1 10.3
6165.2 4430.0 10.6
6166.1 4436.1 10.8
6157.0 4442.1 11.0
6208.5 4452.1 11.1
6166.2 4452.1 11.3
6108.2 4449.9 11.6
6205.7 4461.2 11.4
6200.2 4460.3 11.4
6191.6 4462.2 11.5
6159.4 4460.6 11.7
6151.5 4462.0 11.7
6168.6 4469.6 11.5
6198.7 4477.3 11.2
6156.7 4479.9 11.2
6149.6 4478.3 11.3
6136.5 4480.6 11.3
6128.7 4481.6 11.3
6119.9 4480.0 11.3
6177.6 4501.7 11.3
6146.9 4496.8 11.4
6111.5 4501.7 11.4
6137.6 4512.6 11.4
5274.6 4151.6 12.8
5264.4 4152.3 12.7
5281.5 4164.2 12.9
5261.6 4164.2 12.7
5252.1 4163.4 12.6
5285.1 4170.1 12.9
5276.2 4170.7 12.8
5264.0 4173.8 12.7
5235.6 4172.4 12.4
5305.2 4182.5 13.0
5285.4 4185.0 12.8
5267.4 4185.5 12.7
5255.9 4181.8 12.6
5241.2 4180.8 12.4
5236.1 4183.3 12.4
5223.7 4181.3 12.2
5294.8 4193.3 12.9
5265.2 4193.5 12.6
5254.3 4192.4 12.5
5246.6 4189.3 12.4
5232.3 4191.2 12.3
5211.2 4192.1 12.1
5321.9 4199.0 13.1
5273.8 4204.0 12.7
5245.3 4199.5 12.4
5237.4 4199.6 12.3
5324.5 4212.5 13.1
5316.9 4213.1 13.0
5305.9 4215.2 12.9
5294.9 4212.9 12.8
5282.9 4209.4 12.7
5267.4 4212.2 12.6
5306.5 4219.1 12.9
5294.8 4219.1 12.8
5286.8 4223.0 12.7
5251.0 4221.6 12.4
5207.4 4225.2 11.9
5341.8 4235.5 13.1
5322.3 4233.8 13.0
5315.2 4231.8 13.0
5296.9 4232.6 12.8
5252.2 4234.0 12.3
5212.0 4232.6 12.0
5343.7 4239.9 13.1
5326.8 4245.0 13.0
5295.6 4241.7 12.7
5286.5 4240.1 12.7
5272.7 4240.1 12.5
5254.8 4242.4 12.3
5246.1 4241.8 12.2
5317.5 4251.2 12.9
5305.7 4250.0 12.8
5253.8 4251.8 12.3
5351.7 4264.6 12.8
5332.9 4260.2 13.0
5327.0 4261.9 13.0
5254.0 4262.6 12.3
5374.1 4275.2 12.6
5351.0 4274.0 12.8
5341.7 4271.5 12.9
5330.9 4272.7 13.0
5254.4 4269.3 12.2
5375.7 4281.4 12.5
5356.2 4281.8 12.7
5336.6 4281.7 12.9
5321.0 4279.1 12.9
5315.0 4283.9 12.8
5283.6 4282.2 12.5
5274.5 4284.0 12.4
5255.6 4280.2 12.2
5303.5 4293.2 12.6
5352.4 4302.4 12.6
5331.0 4299.2 12.8
5327.1 4301.7 12.8
5306.7 4299.9 12.6
5264.5 4300.6 12.2
5224.3 4303.0 11.9
5391.6 4313.5 12.2
5387.2 4315.1 12.2
5287.3 4312.2 12.4
5274.4 4311.0 12.3
5244.4 4313.1 12.1
5234.8 4310.2 12.0
-6847.0 -3790.0 44.9
-6860.4 -3789.5 44.8
-6829.8 -3777.4 45.1
-6846.6 -3781.9 44.9
-6877.9 -3780.6 44.7
-6878.1 -3762.0 44.8
-6867.4 -3718.1 45.0
-6906.2 -3719.3 44.8
-6870.3 -3709.7 45.1
-6891.4 -3710.6 44.9
-6880.8 -3700.3 45.0
-6845.6 -3688.3 45.3
-6861.3 -3686.3 45.2
-6866.4 -3686.7 45.2
-6881.5 -3692.6 45.1
-6907.7 -3672.8 45.0
-6890.1 -3658.5 45.2
-6898.7 -3662.0 45.1
-6860.0 -3648.5 45.4
-6879.9 -3642.4 45.3
-6678.9 -3691.3 47.1
-6698.7 -3689.8 47.1
-6704.8 -3693.5 47.1
-6760.8 -3693.5 46.0
-6686.6 -3679.1 47.1
-6635.5 -3669.6 47.2
-6646.0 -3670.3 47.1
-6666.7 -3672.7 47.1
-6698.1 -3669.2 47.1
-6739.3 -3668.5 46.7
-6637.1 -3664.6 47.2
-6647.1 -3663.9 47.1
-6656.5 -3662.3 47.1
-6661.0 -3651.0 47.1
-6739.0 -3654.3 47.0
-6758.4 -3651.2 46.2
-6625.6 -3643.1 47.5
-6638.2 -3643.6 47.3
-6777.1 -3643.6 46.1
-6766.6 -3630.4 46.3
-6635.6 -3620.1 47.6
-6814.5 -3600.7 46.0
-6794.4 -3590.4 46.2
-6831.7 -3590.9 45.9
-6795.2 -3578.3 46.2
-6803.2 -3571.1 46.2
-6800.5 -3561.2 46.3
-6812.1 -3560.7 46.2
-6811.3 -3538.5 46.3
-6892.3 -3529.6 45.7
-6760.9 -3499.2 47.1
-6789.9 -3500.7 47.0
-6733.5 -3479.1 47.4
-6742.2 -3482.6 47.2
-6749.4 -3480.2 47.2
-6757.8 -3484.7 47.1
-6724.1 -3469.7 47.4
-6730.8 -3471.0 47.5
-6749.3 -3473.0 47.2
-6761.9 -3474.2 47.1
-6730.3 -3460.6 47.4
-6740.4 -3462.4 47.4
-6752.1 -3453.8 47.3
-6743.3 -3441.7 47.4
-6754.0 -3442.0 47.4
-6761.0 -3440.4 47.3
-6852.0 -3434.1 46.5
-6751.7 -3418.8 47.3
-6779.8 -3419.3 47.2
-6779.2 -3410.3 47.3
-6789.4 -3414.6 47.1
-6773.9 -3401.9 47.3
-6716.9 -3255.2 49.3
-6722.7 -3251.3 49.2
-6766.5 -3252.5 48.5
-6777.4 -3254.1 48.3
-6733.1 -3245.3 49.2
-6753.4 -3244.2 48.9
-6772.6 -3245.7 48.5
-6722.9 -3234.6 49.5
-6766.7 -3224.6 49.0
-6716.2 -3213.5 49.6
-6755.2 -3215.9 49.3
-6782.7 -3214.2 48.9
-6715.3 -3204.5 49.6
-6734.6 -3204.4 49.7
-6757.0 -3205.9 49.5
-6785.5 -3202.7 49.0
-6798.9 -3201.0 48.9
-6803.3 -3205.0 48.7
-6707.7 -3194.9 49.5
-6718.9 -3194.2 49.6
-6724.3 -3191.8 49.6
-6737.4 -3195.8 49.7
-6755.3 -3194.4 49.7
-6763.9 -3196.2 49.5
-6785.6 -3193.7 49.2
-6795.0 -3192.4 49.1
-6802.3 -3191.8 49.0
-6678.0 -3186.6 49.1
-6686.1 -3184.7 49.2
-6692.3 -3181.4 49.2
-6708.8 -3181.7 49.5
-6719.0 -3180.6 49.6
-6738.5 -3183.8 49.8
-6754.2 -3182.2 49.9
-6767.4 -3183.2 49.7
-6787.6 -3182.2 49.4
-6797.1 -3181.9 49.2
-6842.5 -3184.8 48.4
-6694.2 -3176.2 49.1
-6702.4 -3172.9 49.2
-6726.6 -3175.4 49.6
-6736.7 -3176.3 49.8
-6788.5 -3176.2 49.4
-6805.9 -3171.8 49.2
-6814.3 -3176.0 49.0
-6847.5 -3176.3 48.5
-6678.9 -3165.3 48.7
-6696.1 -3165.0 49.0
-6702.8 -3163.4 49.0
-6712.9 -3163.5 49.2
-6738.5 -3165.6 49.6
-6755.3 -3160.8 49.8
-6764.7 -3161.1 49.9
-6778.8 -3166.1 49.8
-6806.7 -3163.1 49.4
-6655.9 -3156.7 48.3
-6707.0 -3154.2 49.1
-6716.8 -3155.1 49.2
-6725.1 -3155.0 49.3
-6747.9 -3153.3 49.6
-6757.1 -3153.0 49.7
-6775.5 -3152.7 49.5
-6796.4 -3155.5 49.3
-6828.5 -3150.3 48.6
-6684.7 -3146.4 48.7
-6697.6 -3143.8 48.9
-6713.9 -3140.6 49.0
-6776.4 -3141.3 49.1
-6786.1 -3145.3 49.1
-6794.0 -3146.4 49.0
-6816.0 -3145.2 48.6
-6706.3 -3134.2 48.9
-6723.8 -3133.6 49.1
-6764.8 -3134.9 49.1
-6775.6 -3134.0 48.9
-6786.1 -3135.1 48.7
-6808.9 -3136.5 48.4
-6814.5 -3135.7 48.3
-6823.8 -3132.0 48.0
-6686.2 -3125.2 48.5
-6754.4 -3125.2 48.9
-6768.1 -3121.5 48.6
-6777.8 -3120.5 48.4
-6808.2 -3114.2 47.7
-6788.5 -3102.4 47.6
-6735.2 -3092.3 48.1
-6856.8 -3061.4 46.5
-6866.7 -3021.0 45.9
-6872.1 -3017.1 45.9
-6885.6 -2997.8 46.3
-6857.2 -2992.3 45.7
-6896.2 -2992.1 46.3
-6868.1 -2981.1 46.1
-6896.1 -2981.8 46.2
-6835.8 -2971.1 45.5
-6856.1 -2970.8 45.3
-6872.5 -2969.8 46.2
-6827.9 -2956.6 45.4
-6836.9 -2958.9 45.4
-6847.1 -2956.8 45.2
-6866.9 -2956.0 46.1
-6927.5 -2961.3 46.0
-6814.0 -2947.0 45.5
-6825.1 -2949.9 45.3
-6834.9 -2950.1 45.3
-6893.0 -2945.9 46.0
-6842.6 -2938.7 45.2
-6824.1 -2907.7 44.8
-6812.1 -2899.4 44.8
-6827.3 -2882.3 45.9
5985.1 3570.2 16.6
5978.8 3577.7 16.8
6076.1 3602.0 13.9
6080.4 3622.2 13.3
6016.5 3621.8 14.3
6087.8 3639.2 12.6
6078.3 3641.1 12.8
6064.5 3639.2 13.4
6034.6 3642.4 13.6
6085.8 3649.3 12.3
6078.7 3651.3 12.6
6059.2 3648.4 13.3
6085.5 3657.8 12.1
6056.3 3671.9 12.8
6036.6 3689.1 12.6
6009.9 3697.5 12.6
5916.2 3659.6 18.3
5906.5 3658.1 18.3
5882.5 3656.8 18.3
5913.5 3681.9 17.8
5925.7 3690.1 16.3
5903.5 3687.4 18.3
5927.2 3699.1 15.7
5905.6 3698.0 17.6
5901.7 3706.2 17.4
5956.3 3719.0 12.6
5947.6 3726.8 12.5
5905.5 3726.8 15.9
5933.4 3741.5 12.7
5903.2 3737.2 15.5
5871.3 3746.8 17.6
5857.5 3747.0 18.7
5882.5 3761.1 16.0
5835.6 3757.1 19.8
5824.1 3771.9 19.4
-6643.2 -3581.2 47.6
-6633.2 -3570.8 47.4
-6632.8 -3560.2 47.3
-6639.8 -3550.9 47.3
-6623.2 -3520.9 47.1
-6667.4 -3455.2 47.1
-6678.4 -3455.4 47.1
-6671.5 -3409.3 47.4
-6672.8 -3397.5 47.6
-6683.6 -3402.4 47.4
-6636.2 -3372.0 48.6
-6577.3 -3318.4 48.4
-6583.2 -3319.0 48.4
-6715.1 -3315.5 48.3
-6658.6 -3302.8 49.0
-6667.0 -3307.4 49.0
-6683.2 -3307.6 48.9
-6708.3 -3305.8 48.6
-6653.0 -3296.4 49.0
-6668.5 -3293.4 49.1
-6707.0 -3293.6 48.8
-6644.4 -3284.1 48.9
-6653.7 -3285.6 49.0
-6663.6 -3286.4 49.1
-6685.4 -3285.2 49.2
-6703.0 -3284.3 49.0
-6715.6 -3285.4 48.8
-6657.2 -3275.4 49.0
-6685.1 -3278.9 49.2
-6707.9 -3277.0 49.1
-6656.9 -3267.7 49.0
-6707.6 -3267.5 49.2
-6468.1 -3259.0 47.5
-6648.1 -3254.8 49.0
-6658.4 -3254.7 49.1
5670.0 3833.0 17.7
5666.4 3834.8 17.6
5602.1 3909.6 15.7
-6728.7 -3012.8 46.2
-6743.2 -3012.5 46.3
-6716.7 -2998.2 46.2
-6757.7 -3000.0 46.4
-6706.6 -2987.8 46.2
-6717.9 -2992.5 46.2
-6747.4 -2988.2 46.4
-6724.5 -2981.1 46.3
-6738.3 -2977.6 46.4
-6748.0 -2983.9 46.4
-6767.9 -2973.4 46.1
-6717.1 -2957.8 46.3
-6715.1 -2953.7 46.3
-6723.6 -2950.6 46.2
-6739.2 -2940.6 46.0
-6715.5 -2931.3 46.2
-6544.1 -3455.3 47.9
-6554.5 -3455.6 48.0
-6557.5 -3419.6 48.1
-6448.4 -3408.1 47.3
-6475.1 -3405.0 47.5
-6554.0 -3408.5 48.1
-6437.7 -3399.3 47.3
-6445.2 -3395.7 47.3
-6473.7 -3398.6 47.5
-6497.3 -3396.9 47.7
-6506.4 -3400.5 47.8
-6515.6 -3397.4 47.8
-6537.4 -3399.4 48.0
-6544.8 -3399.2 48.1
-6444.4 -3388.2 47.3
-6453.6 -3390.4 47.4
-6535.3 -3387.3 48.0
-6548.8 -3390.7 48.1
-6554.1 -3387.5 48.1
-6454.7 -3380.8 47.4
-6526.5 -3377.8 48.0
-6562.7 -3380.0 48.2
-6445.6 -3370.0 47.4
-6517.6 -3370.8 47.9
-6523.4 -3370.7 47.9
-6554.0 -3365.3 48.2
-6563.3 -3365.4 48.2
-6478.0 -3355.1 47.6
-6518.5 -3356.4 47.9
-6528.6 -3358.3 48.0
-6547.9 -3361.1 48.1
-6563.2 -3359.3 48.2
-6457.7 -3346.7 47.5
-6468.0 -3345.5 47.6
-6496.3 -3346.9 47.8
-6557.4 -3345.9 48.2
-6444.9 -3340.4 47.4
-6493.3 -3340.0 47.8
5502.0 3629.4 14.8
5569.9 3635.4 16.0
5530.9 3637.1 15.4
