-6541.2 2431.1 118.7
-6736.4 1957.6 112.8
-6711.1 1961.9 112.8
-6688.0 1976.2 112.7
-6817.7 1972.3 113.1
-6679.9 1981.9 112.7
-6687.8 1982.6 112.6
-6666.0 2004.5 112.6
-6697.6 2002.0 112.3
-6807.3 2008.5 113.4
-6676.7 2028.3 112.0
-6688.1 2025.4 112.1
-6669.2 2051.2 112.3
-6672.8 2060.0 112.4
-6678.2 2059.0 112.3
-6680.7 2068.8 112.3
-6691.8 2079.8 112.3
-6697.5 2080.8 112.2
-6647.5 2087.0 113.1
-6659.5 2088.4 112.9
-6692.4 2090.3 112.4
-6708.1 2090.2 112.2
-6717.7 2093.1 112.3
-6649.6 2100.4 113.2
-6660.4 2100.3 113.0
-6672.1 2097.4 112.8
-6682.5 2101.1 112.7
-6690.4 2098.2 112.5
-6649.6 2110.5 113.3
-6683.2 2111.8 112.8
-6691.4 2113.2 112.7
-6742.5 2109.2 112.8
-6753.0 2112.2 113.0
-6650.1 2120.6 113.4
-6672.4 2117.0 113.0
-6651.8 2130.0 113.5
-6679.4 2126.8 113.0
-6739.9 2128.0 112.4
-6682.9 2140.9 113.1
-6693.0 2137.4 112.9
-6651.8 2151.9 113.8
-6672.4 2150.1 113.4
-6683.5 2149.8 113.2
-6691.6 2151.0 113.1
-6698.4 2151.0 113.0
-6653.4 2162.1 113.9
-6669.5 2161.1 113.6
-6722.1 2159.1 112.7
-6729.0 2157.9 112.6
-6672.2 2168.7 113.6
-6683.2 2172.8 113.5
-6719.5 2173.0 112.9
-6682.5 2177.5 113.6
-6687.6 2182.7 113.5
-6653.0 2189.9 114.2
-6702.8 2193.2 113.4
-6699.3 2197.7 113.5
-6729.1 2213.3 113.2
-6704.3 2275.5 114.3
-6751.1 2274.5 113.6
-6772.6 2285.0 113.3
-6692.7 2297.7 114.8
-6732.0 2296.2 114.1
-6765.8 2296.5 113.6
-6782.0 2298.1 113.3
-6694.5 2306.2 114.8
-6704.4 2307.0 114.7
-6741.3 2306.0 114.1
-6753.6 2303.7 113.9
-6764.5 2308.2 113.7
-6775.7 2307.8 113.6
-6780.7 2303.4 113.4
-6691.3 2317.3 115.0
-6725.3 2314.2 114.4
-6765.8 2315.3 113.8
-6770.5 2318.5 113.8
-6723.1 2328.2 114.6
-6782.5 2343.3 113.9
-6803.3 2274.0 112.7
-6803.2 2283.8 112.8
-6808.9 2293.2 112.9
-6842.2 2296.8 112.9
-6841.0 2306.2 112.7
-6863.2 2726.0 116.5
-6867.3 2739.1 116.6
-6869.6 2749.1 116.6
-6886.9 2735.6 116.2
-6886.8 2750.8 116.4
-6918.9 2749.9 116.1
-6930.1 2747.7 116.5
-6901.0 2758.8 116.3
-6911.0 2757.3 116.1
-6834.7 2765.7 117.3
-6841.9 2761.2 117.2
-6846.2 2771.9 117.2
-6826.7 2784.9 117.6
-6832.9 2779.9 117.5
-6843.7 2785.5 117.4
-6813.4 2795.8 117.9
-6826.8 2790.7 117.7
-6836.1 2793.9 117.6
-6843.2 2793.9 117.5
-6865.4 2795.0 117.1
-6766.3 2876.0 119.4
-6755.7 2911.3 119.9
-6763.2 2910.0 119.8
-6773.3 2917.2 119.7
-6781.4 2917.4 119.6
-6792.3 2919.1 119.5
-6834.0 2920.8 118.9
-6763.0 2930.3 120.0
-6774.2 2930.6 119.8
-6792.9 2926.5 119.5
-6726.1 2941.9 120.7
-6734.4 2941.3 120.5
-6767.0 2937.5 120.0
-6864.9 2940.0 118.6
-6732.1 2947.0 120.6
-6743.0 2948.2 120.5
-6815.3 2947.1 119.4
-6711.7 2967.2 121.1
-6721.9 2968.7 121.0
-6772.9 2968.0 120.2
-6792.9 2857.6 118.8
-6777.0 2800.7 118.5
-6795.8 2798.9 118.2
-6772.2 2810.6 118.7
-6813.1 2812.0 118.1
-6774.0 2820.0 118.7
-6818.0 2820.2 118.1
-6826.1 2821.1 118.0
-6788.1 2829.3 118.6
-6801.6 2831.3 118.4
-6751.1 2776.3 118.6
-6710.2 2796.2 119.4
-6733.1 2812.6 119.3
-6684.5 2835.5 120.2
-6719.9 2835.2 119.7
-6820.4 2420.6 114.1
-6828.6 2421.8 114.0
-6840.3 2419.5 113.8
-6825.6 2434.2 114.2
-6830.5 2435.6 114.1
-6750.6 2514.0 116.1
-6774.9 2524.8 115.8
-6782.5 2526.7 115.7
-6790.9 2526.7 115.6
-6784.1 2534.0 115.7
-6795.1 2556.5 115.8
-6802.2 2555.7 115.7
-6793.4 2564.5 115.9
-6796.6 2360.5 113.8
-6814.1 2357.0 113.5
-6815.9 2368.3 113.6
-6815.8 2378.9 113.7
-6894.8 1773.7 115.0
-6894.0 1785.8 114.9
-6906.6 1784.1 115.3
-6885.9 1790.9 114.8
-6901.4 1796.4 115.1
-6912.7 1796.9 115.4
-6896.2 1801.9 114.9
-6906.3 1802.5 115.2
-6924.6 1802.1 115.7
-6885.8 1811.0 114.5
-6892.5 1814.2 114.7
-6900.7 1812.1 114.9
-6832.5 1845.5 114.9
-6847.1 1844.9 114.6
-6842.4 1854.1 114.6
-6822.2 1863.4 114.3
-6840.9 1867.0 114.4
-6861.4 1864.4 114.0
-6907.0 1864.0 114.7
-6912.9 1864.6 114.9
-6920.8 1863.9 115.1
-6836.7 1876.6 114.0
-6845.0 1873.3 114.2
-6851.8 1871.6 114.1
-6861.5 1870.7 113.9
-6871.3 1877.2 113.6
-6823.3 1881.7 113.5
-6850.7 1885.5 113.8
-6863.7 1883.6 113.6
-6856.2 1894.1 113.6
-6882.1 1896.9 113.8
-6923.2 1942.0 114.7
-6935.6 1941.6 116.4
-6445.3 3138.5 121.7
-6442.9 3147.1 121.4
-6457.3 3146.9 121.4
-6453.8 3161.5 121.0
-6465.5 3172.2 120.6
-6478.5 3178.7 120.4
-6493.8 3177.6 120.4
-6505.3 3182.1 120.2
-6515.9 3177.0 120.4
-6527.5 3177.7 120.4
-6533.4 3176.9 120.4
-6514.9 3188.4 120.0
-6525.4 3189.8 120.0
-6532.7 3189.4 120.0
-6539.2 3202.0 119.6
-6568.8 3211.9 119.2
-6863.4 1919.1 113.1
-6875.4 1918.0 113.5
-6868.4 1923.7 113.2
-6847.8 1937.8 113.1
-6905.4 1938.8 114.1
-6896.9 1946.6 113.8
-6855.4 1955.1 113.4
-6899.1 1954.8 113.9
-6909.1 1955.2 114.1
-6847.1 1965.4 113.4
-6867.5 1964.6 113.6
-6878.4 1967.1 113.8
-6924.9 1965.2 114.9
-6933.6 1964.3 116.1
-6871.8 1978.3 113.8
-6880.2 1979.7 113.9
-6915.0 1980.0 114.4
-6845.4 1988.4 113.6
-6851.0 1990.3 113.7
-6722.1 1997.0 112.3
-6840.8 1996.4 113.7
-6861.7 1997.5 114.0
-6881.1 2000.4 114.3
-6891.5 1996.1 114.3
-6913.5 1995.1 114.7
-6833.7 2008.3 113.8
-6841.1 2005.7 113.8
-6851.3 2005.2 114.0
-6861.3 2007.9 114.1
-6776.0 2020.2 113.2
-6811.7 2018.2 113.7
-6834.9 2019.1 114.0
-6844.4 2021.2 114.1
-6780.2 2029.4 113.4
-6833.3 2027.7 114.1
-6692.7 2037.5 112.4
-6706.4 2038.0 112.7
-6815.3 2035.2 114.0
-6690.1 2049.5 112.2
-6800.8 2050.9 114.1
-6700.2 2060.1 112.3
-6770.6 2070.1 114.2
-6726.4 2080.0 112.8
-6764.0 2078.8 113.9
-6827.4 2111.4 115.2
-6809.7 2124.2 114.5
-6815.8 2121.3 114.7
-6827.4 2122.3 115.0
-6859.0 2123.5 115.9
-6830.6 2136.6 114.9
-6848.2 2132.5 115.5
-6866.1 2131.7 116.0
-6819.8 2143.7 114.5
-6801.9 2152.0 113.9
-6819.4 2153.0 114.4
-6861.7 2153.6 115.6
-6796.3 2167.5 113.5
-6808.8 2166.7 113.9
-6818.1 2166.1 114.1
-6791.2 2175.8 113.2
-6799.3 2176.1 113.4
-6806.9 2175.4 113.7
-6841.3 2173.4 114.7
-6787.4 2187.0 112.9
-6795.7 2185.8 113.2
-6821.1 2187.4 113.9
-6759.8 2197.4 112.5
-6771.4 2191.6 112.4
-6778.7 2194.0 112.6
-6816.9 2194.9 113.7
-6829.1 2193.0 114.0
-6792.0 2205.1 112.8
-6798.7 2211.3 112.9
-6755.8 2222.0 112.9
-6766.4 2225.6 112.8
-6791.6 2224.1 112.5
-6789.2 2236.2 112.5
-6797.1 2236.1 112.5
-6781.5 2242.3 112.7
-6134.1 2476.0 125.1
-6153.2 2471.5 124.8
-6163.1 2475.2 124.6
-6076.6 2484.2 126.0
-6143.9 2485.1 125.0
-6154.1 2482.7 124.8
-6164.2 2481.2 124.7
-6092.7 2493.5 125.8
-6117.0 2495.0 125.5
-6165.5 2492.2 124.7
-6092.5 2504.9 125.9
-6083.4 2513.0 126.1
-6093.7 2512.1 125.9
-6214.1 2514.1 124.1
-6093.6 2535.5 126.1
-6086.0 2541.7 126.2
-6175.4 2551.3 125.0
-6187.4 2555.7 124.8
-6028.3 2561.6 127.2
-6134.2 2565.3 125.7
-6145.8 2566.5 125.5
-6175.3 2559.9 125.0
-6184.7 2564.1 124.9
-6593.9 1883.5 116.1
-6629.2 1883.5 115.4
-6594.3 1888.5 116.0
-6623.0 1892.8 115.3
-6595.6 1901.4 115.8
-6613.3 1900.3 115.4
-6596.3 1911.0 115.6
-6765.3 1864.7 114.0
-6774.9 1865.4 114.0
-6774.1 1875.8 113.8
-6745.8 1888.7 113.7
-6778.9 1889.1 113.6
-6819.1 1889.5 113.4
-6739.0 1895.3 113.7
-6745.9 1898.5 113.6
-6778.2 1894.6 113.5
-6804.4 1896.0 113.4
-6826.6 1895.4 113.3
-6728.1 1908.9 113.5
-6754.5 1908.7 113.4
-6768.0 1910.1 113.3
-6773.6 1905.9 113.4
-6783.2 1908.0 113.3
-6798.3 1906.3 113.3
-6806.9 1907.5 113.2
-6818.3 1905.3 113.2
-6822.5 1907.3 113.2
-6837.4 1904.4 113.2
-6698.2 1915.4 113.5
-6708.6 1918.6 113.5
-6743.6 1919.7 113.3
-6758.5 1914.0 113.3
-6764.4 1916.4 113.3
-6774.6 1917.2 113.2
-6797.2 1919.4 113.1
-6809.0 1915.4 113.1
-6828.7 1917.3 113.0
-6836.2 1915.7 113.0
-6703.3 1925.0 113.4
-6734.6 1926.1 113.2
-6754.4 1924.4 113.2
-6766.2 1926.8 113.1
-6772.6 1926.6 113.1
-6788.2 1926.9 113.0
-6796.1 1924.1 113.0
-6807.2 1927.2 112.9
-6813.0 1928.1 112.9
-6827.2 1925.3 112.9
-6672.7 1939.5 113.5
-6742.7 1936.8 113.1
-6754.1 1937.1 113.0
-6763.5 1936.3 113.0
-6788.7 1933.9 112.9
-6794.5 1933.9 112.9
-6802.5 1939.4 112.8
-6827.8 1935.5 112.9
-6669.0 1949.8 113.4
-6674.5 1944.5 113.4
-6685.1 1949.7 113.1
-6756.0 1949.5 112.8
-6776.1 1948.0 112.8
-6788.6 1946.3 112.7
-6798.8 1949.2 112.7
-6666.7 1959.1 113.3
-6672.6 1954.3 113.3
-6698.4 1953.9 113.0
-6784.1 1954.9 112.6
-6828.5 1957.1 113.1
-6120.9 2584.9 126.0
-6128.6 2585.9 125.9
-6118.4 2591.7 126.1
-6128.6 2603.3 126.0
-6078.8 2613.5 126.9
-6087.5 2623.1 126.8
-6142.7 2622.3 126.0
-6158.0 2631.4 125.9
-6061.8 2643.2 127.4
-6072.5 2644.1 127.3
-6122.0 2641.6 126.5
-6161.6 2643.9 126.0
-6067.8 2651.9 127.4
-6136.1 2656.0 126.4
-6169.6 2654.9 125.9
-6176.9 2657.1 125.9
-6190.6 2654.2 125.6
-6057.8 2666.0 127.7
-6067.9 2665.5 127.5
-6076.0 2667.5 127.4
-6099.4 2664.7 127.1
-6130.3 2664.6 126.6
-6147.9 2662.6 126.3
-6161.5 2664.2 126.2
-6169.2 2662.6 126.0
-6101.1 2674.7 127.2
-6118.3 2672.2 126.9
-6142.2 2673.1 126.5
-6168.0 2673.5 126.2
-6058.0 2686.1 127.9
-6080.2 2684.3 127.6
-6087.5 2682.7 127.4
-6102.4 2683.4 127.2
-6140.9 2683.7 126.7
-6149.3 2683.1 126.5
-6166.5 2682.8 126.3
-6111.7 2697.0 127.2
-6150.2 2697.0 126.7
-6159.1 2695.6 126.5
-6166.9 2696.7 126.4
-6188.7 2697.0 126.1
-6091.9 2701.7 127.6
-6100.5 2704.2 127.5
-6107.2 2702.1 127.3
-6147.1 2701.5 126.7
-6070.2 2735.6 128.2
-6149.3 2735.7 127.1
-6118.5 2744.4 127.6
-6128.2 2744.4 127.5
-6140.5 2747.2 127.3
-6069.5 2753.6 128.4
-6148.7 2757.3 127.3
-6169.3 2754.3 126.9
-6120.3 2767.2 127.8
-6132.6 2763.4 127.6
-6137.3 2763.3 127.5
-6120.3 2773.1 127.9
-6150.2 2773.8 127.4
-6149.8 2781.3 127.5
-6159.1 2781.8 127.4
-6140.3 2791.5 127.7
-6623.1 1941.6 114.5
-6591.8 1962.7 114.8
-6610.6 1963.7 114.4
-6623.3 1967.1 114.1
-6552.9 1976.4 115.4
-6593.4 1971.8 114.6
-6602.6 1971.9 114.4
-6611.1 1976.1 114.2
-6618.9 1971.7 114.1
-6629.3 1984.9 113.7
-6639.5 1986.1 113.4
-6560.7 1994.8 114.9
-6580.0 2006.2 114.4
-6644.5 2004.8 113.0
-6485.3 2015.8 116.7
-6562.6 2017.3 114.8
-6571.3 2016.7 114.6
-6629.4 2012.4 113.2
-6489.9 2022.3 116.5
-6592.2 2022.2 114.0
-6623.2 2023.9 113.3
-6642.4 2027.8 112.8
-6543.5 2032.3 115.1
-6603.2 2035.1 113.6
-6609.4 2031.7 113.5
-6632.4 2035.9 112.9
-6641.2 2034.6 112.7
-6543.9 2041.6 115.0
-6555.1 2042.6 114.7
-6574.9 2045.0 114.2
-6582.8 2041.2 114.1
-6591.4 2043.7 113.8
-6601.6 2042.1 113.6
-6628.8 2051.7 113.0
-6640.2 2054.4 112.8
-6654.7 2055.3 112.6
-6532.4 2063.9 115.0
-6620.1 2067.3 113.3
-6630.7 2066.2 113.1
-6643.8 2066.2 112.9
-6633.1 2075.3 113.2
-6639.8 2075.8 113.1
-6545.0 2085.5 114.7
-6624.3 2084.7 113.4
-6552.9 2091.2 114.7
-6622.1 2092.7 113.6
-6590.7 2126.8 114.5
-6445.3 2035.8 117.4
-6456.8 2044.7 117.1
-6476.5 2058.1 116.4
-6443.6 2065.3 117.1
-6454.5 2063.7 116.9
-6432.2 2076.4 117.3
-6326.2 2096.2 119.6
-6504.6 2059.2 115.7
-6470.8 2091.7 116.2
-6450.7 2106.9 116.5
-6442.6 2117.5 116.7
-6422.6 2131.9 117.2
-6429.1 2132.4 117.1
-6409.1 2136.9 117.5
-6424.7 2142.0 117.3
-6403.8 2146.0 117.7
-6539.1 2092.9 114.9
-6526.9 2103.7 115.2
-6548.9 2101.9 114.8
-6480.3 2132.4 116.3
-6486.9 2132.4 116.2
-6526.8 2132.7 115.6
-6489.6 2138.6 116.2
-6529.3 2149.9 115.7
-6460.0 2163.4 117.0
-6465.3 2178.7 117.1
-6439.3 2202.1 117.8
-6448.7 2202.5 117.6
-6421.0 2221.5 118.3
-6559.9 2143.1 115.1
-6558.7 2162.0 115.4
-6448.2 2253.5 118.2
-6456.0 2260.3 118.2
-6497.0 2269.1 117.6
-6497.5 2281.1 117.7
-6601.8 2155.9 114.6
-6629.4 2187.7 114.5
-6576.7 2205.3 115.6
-6619.3 2204.6 114.9
-6650.7 2205.4 114.4
-6571.9 2224.1 115.9
-6581.2 2228.6 115.8
-6588.4 2224.5 115.6
-6569.1 2237.2 116.1
-6580.9 2236.2 115.9
-6598.8 2233.5 115.6
-6608.2 2234.7 115.4
-6676.3 2237.0 114.3
-6578.5 2244.4 116.0
-6590.2 2249.2 115.9
-6607.4 2244.1 115.5
-6680.3 2245.3 114.4
-6691.8 2249.1 114.2
-6528.7 2254.4 116.9
-6562.0 2259.4 116.4
-6581.7 2258.6 116.1
-6592.3 2256.5 115.9
-6609.6 2255.4 115.6
-6657.7 2258.7 114.9
-6561.3 2266.7 116.5
-6581.8 2265.0 116.2
-6611.9 2270.0 115.8
-6626.8 2269.4 115.5
-6641.1 2268.3 115.3
-6647.7 2269.7 115.2
-6578.1 2278.7 116.4
-6627.8 2274.2 115.5
-6646.5 2275.3 115.3
-6658.0 2278.2 115.1
-6597.3 2289.7 116.2
-6659.1 2287.1 115.2
-6660.4 2296.3 115.3
-6581.6 2305.8 116.7
-6657.5 2387.1 116.4
-6703.9 2396.0 115.7
-6645.1 2422.1 117.0
-6656.1 2427.7 116.9
-6684.2 2429.3 116.4
-6645.2 2436.2 117.1
-6667.3 2441.2 116.8
-6596.4 2450.4 118.0
-6551.9 2348.1 117.6
-6511.9 2360.3 118.4
-6526.2 2360.7 118.2
-6540.4 2358.3 117.9
-6550.9 2357.9 117.7
-6602.3 2355.7 116.9
-6529.0 2369.6 118.2
-6540.0 2369.3 118.1
-6551.4 2366.5 117.8
-6566.9 2366.9 117.6
-6549.9 2379.8 118.0
-6586.5 2375.8 117.4
-6597.8 2380.0 117.2
-6507.2 2389.8 118.8
-6526.6 2386.7 118.5
-6540.7 2387.2 118.2
-6550.1 2385.0 118.1
-6557.6 2386.6 118.0
-6567.2 2387.2 117.8
-6581.5 2387.9 117.6
-6552.1 2400.2 118.2
-6518.5 2406.0 118.8
-6413.9 2386.3 120.3
-6451.8 2406.4 119.8
-6373.2 2416.1 121.1
-6371.5 2426.1 121.2
-6378.5 2420.9 121.0
-6381.9 2433.2 121.1
-6391.1 2435.9 120.9
-6398.4 2433.0 120.8
-6430.0 2432.6 120.3
-6442.5 2433.4 120.2
-6390.5 2446.1 121.0
-6359.6 2455.9 121.5
-6379.9 2453.1 121.2
-6391.6 2456.2 121.1
-6373.4 2464.9 121.4
-6391.6 2460.5 121.1
-6409.9 2463.7 120.8
-6418.4 2463.7 120.7
-6433.5 2463.8 120.5
-6442.1 2464.2 120.4
-6411.9 2475.5 120.9
-6418.3 2473.5 120.8
-6282.6 2484.4 122.9
-6410.0 2483.8 121.0
-6442.5 2482.3 120.5
-6432.1 2491.6 120.7
-6437.9 2494.4 120.6
-6559.7 2482.5 118.7
-6499.6 2492.0 119.7
-6518.6 2496.4 119.4
-6530.2 2494.4 119.2
-6517.5 2502.5 119.5
-6538.3 2505.6 119.2
-6557.1 2500.0 118.9
-6551.1 2510.4 119.0
-6606.0 2460.8 117.9
-6586.1 2464.8 118.2
-6606.6 2464.9 117.9
-6616.0 2468.3 117.8
-6628.8 2467.5 117.6
-6648.3 2465.8 117.3
-6657.5 2470.2 117.2
-6645.5 2476.0 117.4
-6668.9 2481.0 117.1
-6637.3 2484.9 117.6
-6648.7 2489.5 117.4
-6577.9 2499.2 118.6
-6646.9 2497.3 117.5
-6660.3 2496.2 117.3
-6628.1 2505.8 117.8
-6637.4 2505.3 117.7
-6646.1 2507.6 117.6
-6601.1 2518.6 118.3
-6610.3 2517.8 118.2
-6647.9 2514.7 117.6
-6580.0 2530.4 118.7
-6586.1 2527.3 118.6
-6615.3 2525.8 118.2
-6637.9 2526.7 117.8
-6598.1 2540.9 118.5
-6619.9 2534.7 118.2
-6625.5 2537.8 118.1
-6597.8 2550.3 118.6
-6631.0 2547.1 118.1
-6657.8 2550.9 117.7
-6657.3 2560.7 117.8
-6483.6 2541.5 120.3
-6496.8 2549.1 120.1
-6447.4 2570.1 121.0
-6443.4 2581.8 121.2
-6494.3 2583.9 120.5
-6539.4 2582.4 119.8
-6564.9 2590.1 119.5
-6639.0 2602.8 118.5
-6343.6 2606.9 122.9
-6253.0 2634.7 124.5
-6312.7 2635.8 123.7
-6245.4 2645.3 124.7
-6254.1 2640.9 124.6
-6316.9 2645.8 123.7
-6326.8 2642.7 123.5
-6342.9 2644.3 123.3
-6252.8 2652.3 124.7
-6267.2 2655.6 124.5
-6246.1 2666.3 124.9
-6305.5 2665.6 124.1
-6333.7 2663.4 123.6
-6347.9 2663.4 123.4
-6383.3 2665.6 122.9
-6252.8 2675.5 124.9
-6265.4 2671.1 124.7
-6288.3 2674.7 124.4
-6343.4 2671.6 123.6
-6375.2 2675.9 123.1
-6396.7 2675.8 122.8
-6408.5 2672.8 122.6
-6244.3 2686.3 125.2
-6255.7 2682.6 125.0
-6268.0 2681.9 124.8
-6276.3 2685.0 124.7
-6297.3 2682.1 124.3
-6314.6 2685.0 124.1
-6323.1 2684.7 124.0
-6358.0 2682.7 123.5
-6395.9 2684.3 122.9
-6404.0 2684.7 122.8
-6203.4 2694.0 125.8
-6243.1 2691.2 125.2
-6286.4 2696.5 124.6
-6317.3 2694.2 124.2
-6364.1 2696.6 123.5
-6372.5 2694.3 123.4
-6383.0 2694.5 123.2
-6215.8 2702.9 125.7
-6253.5 2706.7 125.2
-6332.6 2701.1 124.0
-6345.1 2706.0 123.9
-6357.6 2705.3 123.7
-6364.1 2705.4 123.6
-6385.5 2705.6 123.3
-6392.3 2701.8 123.1
-6234.9 2715.0 125.6
-6243.6 2715.5 125.5
-6254.0 2715.4 125.3
-6278.8 2713.9 124.9
-6292.7 2714.1 124.7
-6325.4 2714.8 124.3
-6358.7 2711.5 123.7
-6374.7 2715.9 123.5
-6403.4 2716.2 123.1
-6248.0 2720.5 125.5
-6262.8 2724.9 125.3
-6285.4 2722.4 124.9
-6293.9 2721.2 124.8
-6312.7 2720.3 124.5
-6336.3 2723.5 124.2
-6346.5 2723.6 124.0
-6364.4 2721.4 123.7
-6375.0 2721.6 123.6
-6257.7 2733.1 125.4
-6304.8 2732.0 124.7
-6344.3 2730.3 124.1
-6355.6 2736.6 124.0
-6373.1 2732.0 123.7
-6217.9 2745.8 126.1
-6245.2 2744.0 125.7
-6267.8 2741.5 125.4
-6276.7 2745.5 125.3
-6287.4 2743.8 125.1
-6335.2 2744.7 124.4
-6348.6 2740.3 124.2
-6353.2 2746.3 124.2
-6374.8 2740.3 123.8
-6257.0 2751.1 125.6
-6316.2 2755.1 124.8
-6327.5 2756.3 124.6
-6357.8 2750.6 124.1
-6367.2 2751.7 124.0
-6384.0 2753.7 123.8
-6237.0 2760.7 126.0
-6248.6 2766.6 125.9
-6275.6 2763.2 125.5
-6303.4 2765.9 125.1
-6315.2 2766.6 124.9
-6346.2 2760.5 124.4
-6377.4 2763.1 124.0
-6228.0 2770.9 126.2
-6258.0 2771.9 125.8
-6277.2 2773.6 125.5
-6294.0 2776.8 125.3
-6306.9 2773.5 125.1
-6313.6 2772.7 125.0
-6337.6 2774.9 124.7
-6354.1 2774.6 124.4
-6406.1 2771.0 123.6
-6204.0 2782.4 126.7
-6228.4 2786.1 126.4
-6234.6 2781.3 126.3
-6266.1 2783.2 125.8
-6274.9 2782.2 125.7
-6293.9 2784.5 125.4
-6304.6 2785.9 125.3
-6335.4 2784.0 124.8
-6348.7 2782.9 124.6
-6356.4 2784.4 124.5
-6223.5 2790.8 126.5
-6242.5 2795.4 126.3
-6313.7 2793.8 125.2
-6367.2 2791.6 124.4
-6346.2 2804.8 124.8
-6266.2 2811.1 126.1
-6275.6 2811.7 126.0
-6297.3 2815.6 125.7
-6302.9 2812.1 125.6
-6317.0 2811.7 125.3
-6328.5 2811.2 125.2
-6271.5 2529.6 123.4
-6253.5 2542.2 123.7
-6264.8 2535.9 123.5
-6320.6 2541.1 122.7
-6342.8 2541.9 122.4
-6395.7 2539.8 121.6
-6320.6 2548.7 122.7
-6355.2 2549.1 122.2
-6373.4 2548.5 122.0
-6223.3 2556.5 124.3
-6240.9 2559.2 124.0
-6295.5 2562.3 123.2
-6330.7 2558.9 122.7
-6343.5 2558.9 122.5
-6360.2 2557.1 122.2
-6393.5 2562.2 121.7
-6222.7 2565.8 124.3
-6242.0 2568.7 124.1
-6310.2 2566.2 123.0
-6390.2 2569.9 121.9
-6508.5 2619.4 120.6
-6587.2 2622.3 119.5
-6597.5 2621.2 119.3
-6506.9 2628.3 120.7
-6464.0 2640.2 121.5
-6597.3 2643.9 119.6
-6458.5 2652.6 121.7
-6467.6 2649.0 121.5
-6504.8 2653.5 121.0
-6564.1 2651.5 120.1
-6578.4 2653.6 119.9
-6463.4 2660.2 121.7
-6517.6 2662.3 120.9
-6573.0 2664.3 120.1
-6593.2 2659.5 119.8
-6455.4 2674.7 121.9
-6596.5 2669.1 119.8
-6452.1 2680.1 122.0
-6466.3 2680.3 121.8
-6502.4 2682.7 121.3
-6513.9 2683.0 121.2
-6576.7 2680.5 120.2
-6455.4 2691.5 122.1
-6468.4 2694.8 122.0
-6472.7 2692.7 121.9
-6486.3 2688.4 121.6
-6502.5 2693.0 121.4
-6517.5 2690.7 121.2
-6532.0 2691.7 121.0
-6596.8 2690.3 120.0
-6446.4 2703.5 122.4
-6485.8 2698.9 121.7
-6495.7 2702.4 121.6
-6504.0 2699.0 121.5
-6557.7 2701.8 120.7
-6454.1 2709.6 122.3
-6466.1 2714.7 122.2
-6486.2 2711.1 121.9
-6494.3 2713.6 121.8
-6546.3 2711.2 121.0
-6556.7 2711.3 120.8
-6562.4 2709.2 120.7
-6573.4 2710.3 120.6
-6453.9 2718.6 122.4
-6472.1 2719.6 122.1
-6495.3 2722.6 121.8
-6503.3 2720.7 121.7
-6524.2 2719.2 121.4
-6535.7 2721.7 121.2
-6563.5 2721.1 120.8
-6457.8 2731.0 122.5
-6463.5 2733.5 122.4
-6476.9 2732.0 122.2
-6495.1 2734.3 122.0
-6587.6 2732.7 120.6
-6457.8 2740.9 122.6
-6513.2 2739.2 121.7
-6533.0 2743.5 121.5
-6557.1 2742.8 121.1
-6573.5 2743.6 120.9
-6583.2 2744.0 120.8
-6418.2 2750.0 123.2
-6473.6 2750.6 122.4
-6497.7 2754.1 122.1
-6523.7 2750.8 121.7
-6575.1 2748.8 120.9
-6418.4 2764.1 123.4
-6423.0 2760.5 123.3
-6466.3 2763.5 122.7
-6472.8 2759.8 122.5
-6482.6 2763.5 122.4
-6453.9 2783.0 123.0
-6454.8 2786.8 123.1
-6445.2 2798.4 123.3
-6454.5 2798.0 123.2
-6443.8 2807.2 123.4
-6479.6 2808.7 122.9
-6523.4 2801.0 122.2
-6623.2 2801.6 120.8
-6523.2 2810.3 122.3
-6597.4 2818.2 121.3
-6605.9 2883.9 121.8
-6614.1 2889.2 121.8
-6622.0 2887.8 121.6
-6634.0 2883.4 121.4
-6606.8 2894.0 121.9
-6612.6 2893.5 121.8
-6604.4 2908.2 122.1
-6625.3 2908.7 121.8
-6604.9 2913.6 122.1
-6592.5 2934.2 122.5
-6527.9 2882.0 123.0
-6526.3 2892.6 123.1
-6538.7 2889.0 122.9
-6537.5 2903.1 123.0
-6525.8 2909.7 123.3
-6545.3 2910.6 123.0
-6538.3 2923.2 123.2
-6543.8 2930.1 123.2
-6505.1 2940.9 123.9
-6537.2 2941.6 123.4
-6504.0 2950.1 124.0
-6410.8 2867.8 124.5
-6430.8 2872.0 124.3
-6471.7 2876.1 123.7
-6470.1 2892.3 123.9
-6448.8 2926.0 124.6
-6459.3 2923.9 124.4
-6443.2 2937.4 124.8
-6453.1 2931.3 124.5
-6663.1 2854.2 120.7
-6676.2 2862.0 120.6
-6704.5 2860.9 120.2
-6693.8 2873.5 120.4
-6641.1 2901.8 121.5
-6646.1 2909.6 121.5
-6650.1 2922.4 121.6
-6641.4 2970.9 122.2
-6631.1 2978.3 122.4
-6639.9 2983.2 122.3
-6612.9 2945.5 122.3
-6583.9 2955.4 122.9
-6599.3 2953.4 122.6
-6612.0 2954.6 122.5
-6570.2 2967.2 123.2
-6590.3 2963.2 122.9
-6549.6 2972.7 123.5
-6562.1 2972.2 123.4
-6573.2 2991.1 123.4
-6580.2 2994.5 123.3
-6454.0 3082.5 123.5
-6423.8 3098.3 123.0
-6349.2 3081.2 123.6
-6329.5 3095.7 123.2
-6328.8 3104.4 122.9
-6396.9 3101.3 122.9
-6406.9 3105.7 122.8
-6393.2 3113.8 122.5
-6405.8 3110.2 122.6
-6414.7 3116.1 122.4
-6384.4 3120.8 122.3
-6408.4 3125.8 122.1
-6418.9 3124.5 122.2
-6366.2 3132.3 122.0
-6379.4 3131.6 122.0
-6404.7 3131.7 122.0
-6399.1 3144.9 121.5
-6231.4 2157.1 121.2
-6229.5 2216.7 121.3
-6250.4 2213.4 120.9
-6247.5 2227.0 121.1
-6210.6 2234.3 121.8
-6202.3 2242.8 122.1
-6208.6 2246.6 122.0
-6192.6 2256.4 122.4
-6203.2 2256.6 122.2
-6213.0 2253.3 122.0
-6218.2 2257.7 122.0
-6160.6 2262.1 123.0
-6233.5 2273.8 121.9
-6218.7 2292.4 122.4
-6191.2 2306.9 123.0
-6212.5 2314.4 122.7
-6152.7 2361.4 124.0
-6148.0 2385.6 124.3
-6169.1 2387.7 124.0
-6142.8 2394.6 124.4
-6147.9 2393.3 124.3
-6250.4 2260.1 121.5
-6270.2 2277.4 121.4
-6312.5 2280.5 120.7
-6242.2 2297.9 122.0
-6263.8 2294.9 121.7
-6292.6 2315.5 121.4
-6310.2 2319.3 121.2
-6295.3 2330.8 121.6
-6302.0 2330.7 121.4
-6311.1 2330.6 121.3
-6260.0 2338.7 122.2
-6273.2 2337.3 122.0
-6280.1 2339.6 121.9
-6331.2 2335.8 121.0
-6231.5 2344.9 122.7
-6243.9 2347.1 122.6
-6251.0 2351.0 122.5
-6259.9 2348.6 122.3
-6282.2 2350.8 122.0
-6293.7 2346.4 121.8
-6209.7 2359.5 123.2
-6242.2 2356.3 122.6
-6264.6 2361.2 122.3
-6389.2 2358.6 120.4
-6199.5 2369.5 123.4
-6280.6 2370.1 122.2
-6211.5 2377.1 123.2
-6274.7 2375.4 122.3
-6272.8 2400.3 122.5
-6282.7 2396.5 122.3
-6304.8 2394.8 122.0
-6280.8 2405.2 122.4
-6294.1 2409.3 122.2
-6310.9 2140.3 119.5
-6324.8 2135.9 119.2
-6288.8 2149.4 119.9
-6279.3 2828.5 126.1
-6217.7 2851.2 127.4
-6231.8 2849.7 127.1
-6239.9 2849.0 126.9
-6248.2 2852.0 126.8
-6259.5 2852.2 126.6
-6288.5 2853.3 126.2
-6210.6 2863.8 127.9
-6221.1 2860.6 127.6
-6241.2 2857.8 127.1
-6250.2 2857.7 126.9
-6262.6 2861.0 126.7
-6300.4 2862.7 126.1
-6180.3 2868.8 128.6
-6230.3 2868.2 127.6
-6241.6 2872.1 127.4
-6268.0 2871.2 126.8
-6288.2 2870.3 126.4
-6309.9 2870.7 126.0
-6229.8 2882.4 127.9
-6253.4 2880.6 127.4
-6259.2 2881.2 127.3
-6269.5 2879.3 127.0
-6292.4 2882.1 126.6
-6212.5 2888.9 128.4
-6231.2 2893.5 128.1
-6239.4 2891.1 127.9
-6250.0 2887.6 127.6
-6269.5 2890.1 127.2
-6282.3 2888.3 126.9
-6289.9 2892.6 126.9
-6199.2 2900.1 129.0
-6228.9 2902.1 128.4
-6270.6 2902.0 127.5
-6198.6 2907.6 129.1
-6278.2 2911.5 127.5
-6290.2 2913.3 127.3
-6220.3 2921.5 128.8
-6228.8 2918.3 128.7
-6258.4 2918.6 128.1
-6302.5 2923.4 127.3
-6232.0 2943.8 128.1
-6251.4 2939.0 128.3
-6348.3 2831.2 125.1
-6373.9 2833.5 124.7
-6359.9 2852.0 125.1
-6377.2 2863.0 125.0
-6385.5 2869.2 124.9
-6369.7 2890.3 125.4
-6375.5 2890.7 125.3
-6369.6 2914.0 125.7
-6367.3 2922.4 125.9
-6384.4 2921.7 125.5
-6368.2 2929.6 126.1
-6373.9 2943.0 126.2
-6358.3 2964.6 127.1
-6388.3 2967.0 126.5
-6378.7 2975.5 126.9
-6388.7 2976.2 126.7
-6364.1 2987.5 126.6
-6370.9 2982.6 126.7
-6393.1 2985.9 126.6
-6362.7 2992.9 126.4
-6389.4 2995.7 126.3
-6352.4 3004.5 126.1
-6359.2 3005.7 126.0
-6358.8 3012.3 125.8
-6380.7 3013.0 125.8
-6392.0 3017.6 125.6
-6334.0 3026.9 125.4
-6352.8 3022.9 125.5
-6358.1 3027.2 125.3
-6379.6 3025.8 125.4
-6392.2 3023.1 125.4
-6333.7 3038.5 125.0
-6362.1 3034.0 125.1
-6369.8 3037.9 125.0
-6294.7 2956.4 127.7
-6247.7 2967.3 127.4
-6275.6 2978.7 127.0
-6208.1 2984.1 126.9
-6232.9 2984.1 126.8
-6243.8 2983.0 126.9
-6254.5 2985.9 126.8
-6265.2 2982.8 126.8
-6297.3 2985.6 126.7
-6185.9 2998.5 126.4
-6213.8 2996.5 126.5
-6238.2 2993.6 126.5
-6245.5 2992.1 126.6
-6275.7 2994.8 126.4
-6287.1 2994.3 126.5
-6296.8 2993.4 126.5
-6187.6 3006.6 126.2
-6277.4 3006.7 126.1
-6269.4 3016.8 125.8
-6295.4 3022.3 125.6
-6410.1 2269.0 119.0
-6605.3 3025.3 123.3
-6618.6 3020.0 123.0
-6585.8 3035.8 123.9
-6608.4 3030.6 123.3
-6578.9 3045.0 124.3
-6582.7 3041.7 124.1
-6596.0 3045.1 123.9
-6575.8 3050.6 124.4
-6637.6 3054.9 123.2
-6535.7 3062.8 124.0
-6555.2 3063.0 124.0
-6616.6 3062.1 123.9
-6628.0 3065.2 123.7
-6634.5 3063.4 123.5
-6647.7 3061.4 123.2
-6523.9 3070.2 123.8
-6553.8 3071.7 123.7
-6608.9 3070.4 123.7
-6618.2 3072.1 123.6
-6524.2 3081.4 123.4
-6543.2 3084.4 123.3
-6572.9 3085.3 123.3
-6584.9 3084.6 123.3
-6594.0 3082.1 123.3
-6618.4 3084.3 123.2
-6623.4 3081.3 123.3
-6635.1 3081.0 123.3
-6538.0 3094.3 123.0
-6554.3 3090.6 123.1
-6575.1 3089.9 123.1
-6582.8 3094.4 123.0
-6597.0 3092.3 123.0
-6628.6 3092.2 123.0
-6517.2 3100.8 122.8
-6557.9 3101.5 122.8
-6575.3 3101.1 122.8
-6608.2 3104.3 122.6
-6516.9 3112.0 122.5
-6584.1 3113.2 122.4
-6604.3 3115.7 122.3
-6545.7 3122.1 122.1
-6553.6 3123.3 122.1
-6565.3 3123.8 122.0
-6548.0 3131.1 121.8
-6574.6 3130.4 121.8
-6598.6 3131.0 121.8
-6647.9 3141.0 121.4
-6629.1 3174.5 120.4
-6636.6 3172.3 120.4
-6685.0 3087.7 123.0
-6732.4 3087.6 122.0
-6702.6 3096.3 122.8
-6713.2 3101.5 122.6
-6742.6 3096.3 122.0
-6716.5 3111.7 122.3
-6733.4 3111.9 122.3
-6742.0 3111.0 122.3
-6753.3 3111.7 122.1
-6764.2 3110.1 121.8
-6690.2 3117.7 122.1
-6701.2 3121.4 122.0
-6711.0 3119.3 122.0
-6724.8 3121.0 122.0
-6733.3 3122.4 121.9
-6744.6 3122.7 121.9
-6751.2 3118.3 122.0
-6774.6 3117.0 121.8
-6794.5 3116.5 121.4
-6696.6 3130.8 121.7
-6705.8 3132.8 121.6
-6721.3 3132.3 121.6
-6745.1 3132.4 121.6
-6770.3 3126.7 121.7
-6696.5 3136.8 121.5
-6701.6 3137.1 121.5
-6721.6 3142.0 121.3
-6735.1 3141.1 121.3
-6742.6 3137.9 121.4
-6752.6 3142.6 121.3
-6776.5 3139.9 121.3
-6815.8 3136.6 121.4
-6843.8 3142.3 120.9
-6863.5 3142.6 121.0
-6690.9 3151.7 121.0
-6702.6 3151.9 121.0
-6714.5 3149.8 121.1
-6721.2 3147.6 121.1
-6786.4 3146.4 121.1
-6791.6 3152.4 120.9
-6811.5 3146.4 121.1
-6861.7 3151.7 121.1
-6675.9 3159.9 120.8
-6694.5 3158.9 120.8
-6734.2 3162.6 120.6
-6773.4 3160.6 120.7
-6806.0 3156.5 120.8
-6816.6 3162.1 120.6
-6825.6 3156.7 120.7
-6833.1 3160.7 120.6
-6843.8 3156.7 120.7
-6853.3 3157.0 120.9
-6710.4 3170.1 120.4
-6760.2 3170.5 120.4
-6804.5 3166.4 120.4
-6814.6 3168.0 120.4
-6825.5 3169.7 120.5
-6833.9 3167.9 120.7
-6842.5 3168.3 120.9
-6866.5 3170.0 121.6
-6720.5 3177.2 120.2
-6745.1 3178.4 120.1
-6756.4 3182.3 120.0
-6800.4 3180.8 120.2
-6816.3 3176.5 120.4
-6840.2 3180.6 121.1
-6852.5 3176.5 121.3
-6662.3 3188.2 119.9
-6714.1 3190.7 119.8
-6753.9 3190.8 119.7
-6834.3 3188.9 121.1
-6842.7 3189.1 121.3
-6853.8 3187.4 121.5
-6685.5 3200.5 119.5
-6715.6 3201.9 119.4
-6721.4 3202.2 119.4
-6730.3 3199.0 119.5
-6842.7 3197.7 121.5
-6853.1 3201.6 121.8
-6692.3 3206.7 119.3
-6705.4 3212.9 119.1
-6735.5 3209.7 119.2
-6743.3 3209.4 119.4
-6661.9 3222.2 118.8
-6684.8 3222.1 118.8
-6706.5 3221.4 118.8
-6710.4 3222.2 118.9
-6733.6 3218.4 119.3
-6744.2 3216.7 119.5
-6843.0 3216.4 121.8
-6684.0 3231.8 118.5
-6703.1 3229.1 118.8
-6741.4 3228.3 119.7
-6844.2 3231.1 122.1
-6684.9 3242.9 118.7
-6702.9 3237.4 119.0
-6710.8 3237.0 119.2
-6750.5 3242.6 120.2
-6674.5 3252.2 118.6
-6685.2 3249.2 118.8
-6716.5 3250.1 119.5
-6734.1 3250.4 120.0
-6766.5 3251.1 120.7
-6785.3 3252.0 121.2
-6796.6 3252.1 121.4
-6811.1 3246.5 121.7
-6701.2 3261.7 119.4
-6745.6 3261.6 120.4
-6762.8 3260.5 120.8
-6784.4 3256.5 121.2
-6805.3 3259.4 121.8
-6821.9 3261.7 122.2
-6714.4 3267.7 119.8
-6724.0 3269.6 120.1
-6742.4 3270.9 120.5
-6776.5 3272.9 121.3
-6816.4 3266.5 122.1
-6746.2 3278.9 120.7
-6754.5 3278.6 120.9
-6771.1 3278.7 121.3
-6784.4 3276.4 121.6
-6814.6 3282.2 122.3
-6771.0 3286.5 121.4
-6806.4 3287.3 122.2
-6735.7 2577.7 116.9
-6641.3 2637.1 118.8
-6660.5 2637.9 118.6
-6662.3 2645.3 118.6
-6742.1 2646.9 117.5
-6828.2 2645.2 116.2
-6628.3 2651.7 119.2
-6650.1 2657.4 118.9
-6663.4 2657.4 118.7
-6671.1 2656.1 118.6
-6720.5 2655.6 117.9
-6760.5 2655.5 117.3
-6644.0 2666.8 119.1
-6653.9 2663.9 118.9
-6733.0 2666.0 117.8
-6743.2 2665.1 117.6
-6671.8 2672.7 118.8
-6703.5 2675.0 118.3
-6718.3 2676.5 118.1
-6823.3 2677.6 116.6
-6828.4 2674.5 116.5
-6679.3 2688.1 118.8
-6807.6 2683.8 116.9
-6821.7 2681.7 116.7
-6621.8 2695.2 119.7
-6650.3 2693.3 119.3
-6661.0 2695.2 119.1
-6667.5 2691.7 119.0
-6809.9 2693.6 116.9
-6669.3 2705.5 119.1
-6683.2 2705.0 118.9
-6623.4 2715.5 119.9
-6660.0 2714.6 119.3
-6784.2 2736.3 117.7
-6713.0 2722.8 118.7
-6715.8 2733.0 118.7
-6690.8 2983.5 121.6
-6671.8 2998.5 122.0
-6682.4 3001.8 121.9
-6688.8 3004.6 121.8
-6878.1 3018.3 119.4
-6788.8 3032.5 120.6
-6801.7 3034.2 120.5
-6871.8 3033.6 119.4
-6880.0 3029.4 119.6
-6730.1 3041.3 121.6
-6772.0 3042.0 121.0
-6793.1 3039.9 120.7
-6910.9 3043.6 121.0
-6798.1 3053.2 120.7
-6911.3 3052.6 121.2
-6791.5 3059.0 120.9
-6793.7 3069.9 120.9
-6790.1 3083.5 121.1
-6840.7 3084.0 120.4
-6832.3 3088.5 120.6
-6838.8 3089.7 120.5
-6840.4 3098.3 120.6
-6711.4 2459.8 116.3
-6698.7 2473.5 116.6
-6703.0 2484.9 116.6
-6713.9 2482.0 116.4
-6710.5 2493.7 116.5
-6702.2 2504.3 116.7
-6703.6 2510.1 116.7
-6713.6 2513.7 116.6
-6719.8 2514.3 116.5
-6702.9 2524.3 116.8
-6699.3 2530.7 116.9
-6680.7 2539.7 117.3
-6700.6 2538.5 117.0
-6692.9 2548.8 117.2
-6713.3 2551.2 116.9
-6279.0 1678.1 123.3
-6262.2 1698.6 124.1
-6296.2 1697.2 123.1
-6236.2 1703.9 124.9
-6267.7 1707.0 123.8
-6227.4 1716.1 124.9
-6236.7 1718.7 124.7
-6231.1 1727.4 124.6
-6236.0 1726.2 124.5
-6261.9 1726.6 123.8
-6281.6 1725.0 123.2
-6296.5 1727.1 122.7
-6266.7 1735.4 123.5
-6298.9 1734.5 122.5
-6222.4 1743.3 124.2
-6232.2 1744.9 124.0
-6271.9 1746.0 123.2
-6277.0 1748.7 123.0
-6286.2 1748.3 122.7
-6297.7 1748.0 122.3
-6308.9 1745.8 122.0
-6252.4 1753.9 123.5
-6278.6 1755.4 122.8
-6290.5 1753.2 122.5
-6297.7 1753.7 122.3
-6309.3 1754.6 121.9
-6348.5 1758.3 120.5
-6242.6 1766.8 123.3
-6262.6 1766.5 123.0
-6300.9 1767.7 122.0
-6312.4 1765.9 121.6
-6341.1 1765.1 120.6
-6231.2 1776.9 123.2
-6239.6 1776.0 123.1
-6276.0 1773.7 122.6
-6291.3 1772.6 122.2
-6339.7 1773.2 120.6
-6269.1 1787.3 122.6
-6221.9 1797.2 123.3
-6226.3 1797.2 123.2
-6262.2 1797.7 122.7
-6221.2 1802.7 123.3
-6239.2 1804.3 123.0
-6246.7 1803.9 122.9
-6258.8 1803.6 122.8
-6261.7 1816.5 122.7
-6268.1 1816.3 122.6
-5941.8 1827.7 123.2
-6168.6 1824.9 124.0
-6186.5 1823.8 123.8
-6196.0 1827.2 123.6
-6266.6 1824.8 122.7
-5941.5 1838.9 123.1
-6168.2 1835.9 124.0
-6176.3 1838.0 123.9
-6229.3 1836.5 123.2
-6252.5 1838.5 122.9
-6282.4 1833.2 122.3
-6390.6 1836.3 119.5
-5928.2 1848.5 122.6
-5938.1 1848.8 122.9
-5960.9 1845.4 123.6
-5979.4 1846.4 124.1
-6160.3 1848.5 124.1
-6170.3 1847.1 124.0
-6179.1 1843.2 123.9
-6188.4 1845.6 123.7
-6200.0 1848.8 123.6
-6208.9 1845.1 123.5
-6216.0 1848.0 123.4
-6237.9 1843.8 123.1
-6258.3 1845.2 122.8
-6269.4 1845.1 122.6
-6281.8 1847.3 122.3
-5928.9 1853.2 122.6
-5979.5 1853.2 124.0
-5986.7 1853.6 124.2
-6156.6 1858.7 124.2
-6167.5 1855.8 124.0
-6181.7 1855.4 123.8
-6197.0 1853.6 123.6
-6248.7 1854.4 122.9
-5928.7 1865.8 122.4
-5940.6 1862.7 122.8
-5960.7 1866.6 123.3
-5968.4 1865.2 123.6
-5988.0 1866.6 124.1
-6000.4 1865.8 124.5
-6157.8 1862.6 124.2
-6181.3 1866.9 123.8
-6188.2 1864.2 123.7
-6202.1 1866.9 123.6
-6209.5 1868.7 123.5
-6241.4 1864.9 123.0
-6252.0 1864.1 122.9
-6257.1 1865.6 122.8
-6389.2 1868.1 120.6
-5921.7 1877.5 122.1
-5927.6 1876.7 122.3
-5940.0 1874.3 122.6
-5962.2 1874.7 123.3
-5966.7 1877.7 123.4
-6156.0 1876.5 124.2
-6176.0 1874.7 123.9
-6187.3 1878.3 123.8
-6210.7 1878.6 123.4
-6226.9 1876.8 123.2
-6237.8 1878.9 123.1
-6279.9 1874.5 122.2
-5920.2 1885.5 122.0
-5929.5 1887.3 122.2
-5958.7 1886.9 123.0
-5980.6 1883.4 123.7
-5996.0 1885.4 124.1
-6006.2 1886.0 124.4
-6021.5 1885.0 124.9
-6037.4 1886.1 125.3
-6149.3 1883.4 124.3
-6167.2 1886.1 124.1
-6190.5 1885.2 123.7
-6199.2 1887.3 123.6
-6261.2 1886.5 122.7
-6269.9 1884.4 122.5
-6378.0 1884.8 120.6
-6389.2 1883.0 120.4
-5909.4 1898.1 121.5
-5916.0 1896.1 121.7
-5932.2 1893.2 122.2
-5939.3 1898.6 122.4
-5948.8 1895.1 122.7
-5977.4 1895.8 123.5
-6000.4 1898.8 124.1
-6011.9 1896.2 124.5
-6017.8 1898.8 124.6
-6030.1 1897.4 125.0
-6052.5 1893.1 125.7
-6057.4 1896.9 125.7
-6152.0 1897.8 124.3
-6176.8 1896.8 124.0
-6189.2 1894.2 123.8
-6252.3 1898.0 122.9
-6259.6 1893.1 122.8
-6282.4 1899.1 122.3
-6410.3 1896.2 119.7
-5891.0 1907.3 120.9
-5898.4 1907.9 121.1
-5921.1 1909.2 121.8
-5947.5 1904.0 122.5
-5957.6 1905.6 122.8
-5969.4 1904.3 123.2
-5982.2 1905.8 123.5
-5992.5 1904.8 123.8
-5996.1 1903.4 123.9
-6016.9 1907.3 124.6
-6026.2 1908.2 124.9
-6048.7 1905.8 125.5
-6069.0 1907.9 125.6
-6136.5 1905.6 124.6
-6148.4 1904.5 124.4
-6166.4 1903.3 124.1
-6181.7 1906.9 123.9
-6190.2 1906.2 123.8
-6220.8 1909.2 123.4
-6230.4 1903.9 123.2
-6241.1 1903.1 123.0
-6288.2 1903.7 122.1
-6336.3 1904.0 121.1
-6349.5 1909.0 120.8
-6369.0 1907.5 120.4
-6387.3 1904.4 120.1
-5909.2 1914.1 121.6
-6016.5 1914.1 124.8
-6031.3 1914.9 125.3
-6069.8 1913.4 125.6
-6080.4 1917.8 125.4
-6086.9 1918.7 125.3
-6138.6 1913.7 124.6
-6146.7 1915.2 124.5
-6162.4 1915.2 124.2
-6181.9 1913.9 124.0
-6248.8 1914.2 123.0
-6379.0 1917.2 120.0
-6399.0 1914.8 119.6
-6430.2 1916.4 119.0
-5931.3 1927.3 122.7
-5947.8 1928.1 123.2
-5956.9 1925.5 123.4
-5997.2 1926.6 124.6
-6008.4 1924.0 124.8
-6021.3 1922.9 125.2
-6028.5 1925.8 125.5
-6047.7 1923.5 125.5
-6126.4 1926.3 124.8
-6160.2 1924.2 124.3
-6166.7 1924.4 124.2
-6207.7 1926.1 123.6
-6397.2 1926.6 119.5
-6410.7 1926.1 119.2
-6426.2 1926.8 118.9
-5927.8 1935.3 122.8
-5961.6 1937.9 123.9
-5978.1 1933.0 124.2
-5986.6 1936.4 124.6
-6027.3 1937.1 125.3
-6036.6 1938.4 125.3
-6050.4 1933.1 125.4
-6112.4 1934.6 125.0
-6121.9 1936.7 124.9
-6132.0 1938.8 124.8
-6138.1 1933.3 124.7
-6156.3 1934.9 124.4
-6177.3 1939.0 124.1
-6192.2 1932.9 123.9
-6198.4 1939.0 123.8
-6217.0 1933.9 123.5
-6229.9 1935.9 123.3
-6241.0 1936.2 123.1
-6381.2 1934.8 119.7
-6396.4 1937.7 119.3
-6411.7 1939.0 119.0
-6431.7 1935.9 118.6
-5928.8 1943.6 123.1
-5942.1 1947.9 123.6
-5960.6 1943.6 124.0
-5989.2 1945.0 124.9
-6002.4 1943.3 125.2
-6020.5 1942.7 125.3
-6029.5 1944.2 125.2
-6106.9 1945.6 125.2
-6126.7 1943.5 124.9
-6137.2 1944.0 124.7
-6152.6 1945.7 124.5
-6157.8 1948.5 124.5
-6178.6 1945.0 124.1
-6202.6 1945.5 123.8
-6207.1 1946.6 123.7
-6226.3 1947.2 123.4
-6236.8 1944.7 123.2
-6246.2 1944.9 122.9
-6421.6 1943.3 118.7
-6426.7 1942.9 118.6
-6436.8 1949.0 118.3
-5926.3 1952.9 123.3
-5936.6 1957.0 123.7
-5950.0 1956.1 124.1
-6007.2 1956.5 125.1
-6028.1 1958.7 125.1
-6140.5 1955.7 124.7
-6199.6 1956.5 123.9
-6211.4 1955.5 123.7
-6218.5 1958.4 123.5
-6231.9 1954.7 123.2
-6238.8 1954.9 123.1
-6417.1 1953.8 118.7
-6427.7 1953.4 118.4
-6448.5 1957.8 117.9
-5927.8 1968.1 123.8
-5951.5 1966.5 124.4
-5957.7 1967.7 124.7
-5978.8 1967.0 125.0
-6001.8 1969.1 125.0
-6008.2 1966.3 125.0
-6016.7 1966.7 125.0
-6050.6 1965.9 125.0
-6068.3 1969.2 125.0
-6087.1 1969.2 125.0
-6136.5 1965.6 124.8
-6208.9 1966.9 123.7
-6222.3 1963.4 123.4
-6388.5 1964.6 119.3
-6400.3 1963.1 119.0
-5929.6 1976.5 124.1
-5946.5 1974.6 124.5
-5956.1 1975.8 124.9
-5972.3 1973.3 124.9
-6008.7 1974.2 124.9
-6021.5 1976.2 124.9
-6026.2 1976.1 124.9
-6039.8 1976.0 124.9
-6051.8 1977.0 124.9
-6069.0 1978.8 124.9
-6077.2 1978.6 124.9
-6159.5 1975.4 124.5
-6170.7 1973.8 124.4
-6206.3 1977.8 123.7
-6222.0 1974.7 123.4
-6232.4 1976.8 123.1
-6246.3 1975.3 122.8
-6408.0 1973.5 118.8
-6460.3 1975.8 117.5
-5987.9 1982.7 124.8
-6009.9 1988.8 124.7
-6026.4 1989.1 124.7
-6040.3 1987.3 124.8
-6062.3 1988.2 124.8
-6066.7 1986.9 124.8
-6168.9 1988.9 124.4
-6179.2 1985.2 124.2
-6188.2 1987.3 124.1
-6210.5 1986.7 123.6
-6219.1 1988.1 123.4
-6232.1 1983.7 123.1
-6242.2 1983.2 122.9
-6400.2 1983.8 119.0
-6406.2 1987.6 118.8
-5968.4 1996.8 124.6
-5989.3 1997.0 124.6
-6002.0 1992.9 124.7
-6018.0 1998.6 124.6
-6069.1 1996.6 124.7
-6076.9 1999.0 124.7
-6090.6 1997.1 124.7
-6219.9 1994.6 123.4
-6226.6 1994.6 123.2
-6390.5 1998.5 119.1
-6400.8 1998.1 118.9
-6407.4 1993.0 118.7
-5940.6 2006.8 124.5
-5949.3 2007.4 124.6
-5967.0 2003.8 124.6
-5980.0 2003.1 124.6
-5998.8 2006.1 124.6
-6009.9 2008.3 124.7
-6026.5 2002.6 124.6
-6038.2 2009.0 124.8
-6050.8 2008.1 124.8
-6077.7 2008.2 124.9
-6089.6 2004.3 124.8
-6231.8 2006.7 122.9
-6241.3 2004.4 122.7
-6246.9 2005.7 122.6
-5951.4 2012.8 124.7
-5956.1 2013.8 124.8
-6007.3 2015.7 125.0
-6057.9 2013.3 125.0
-6070.0 2018.8 125.2
-6078.9 2014.1 125.1
-6097.6 2017.1 125.2
-6220.8 2012.8 123.1
-6239.5 2017.6 122.6
-6402.5 2014.3 118.7
-6410.0 2018.9 118.5
-5930.2 2028.0 125.2
-5952.1 2023.1 125.1
-5956.0 2024.3 125.1
-5988.5 2027.1 125.3
-6001.8 2022.9 125.2
-6029.5 2022.7 125.2
-6050.0 2028.4 125.5
-6059.8 2025.5 125.4
-6072.1 2026.3 125.4
-6090.3 2026.8 125.4
-6168.1 2029.0 124.2
-6221.7 2025.4 123.0
-6232.5 2023.9 122.7
-6236.9 2023.2 122.6
-6400.0 2025.6 118.7
-5938.9 2037.0 125.5
-5949.9 2037.5 125.5
-5959.9 2033.7 125.4
-5988.8 2036.1 125.6
-5999.0 2036.5 125.6
-6231.2 2035.4 122.6
-6239.5 2034.0 122.4
-6249.7 2037.9 122.1
-6399.8 2038.3 118.5
-5920.6 2048.0 125.8
-5929.6 2044.9 125.7
-5951.7 2045.0 125.8
-5967.3 2043.1 125.8
-5980.4 2045.0 125.9
-5990.1 2048.7 126.0
-6000.5 2043.9 125.9
-6009.0 2044.7 125.9
-6019.2 2046.9 126.0
-6047.0 2046.7 125.8
-6056.8 2045.9 125.7
-6248.2 2045.1 122.1
-5930.4 2053.5 126.0
-5936.1 2059.0 126.2
-5970.7 2055.1 126.2
-5989.3 2055.1 126.2
-6010.5 2056.3 126.2
-6037.4 2053.5 125.9
-6049.4 2052.7 125.8
-6057.7 2054.7 125.7
-6219.6 2058.2 122.6
-5916.0 2067.5 126.5
-5931.0 2069.0 126.5
-5969.5 2068.9 126.6
-5976.5 2067.8 126.5
-5988.4 2065.6 126.4
-5998.5 2068.4 126.3
-6030.9 2066.7 125.9
-6046.8 2069.1 125.8
-6062.3 2064.3 125.6
-6079.0 2068.9 125.4
-5909.6 2078.2 126.8
-5916.2 2074.2 126.7
-5960.3 2074.2 126.7
-5968.8 2076.0 126.6
-5998.8 2077.8 126.3
-6012.2 2077.7 126.1
-6020.2 2072.9 126.0
-6028.0 2076.4 125.9
-6038.8 2077.3 125.8
-6057.2 2075.8 125.6
-6069.5 2078.6 125.5
-6191.2 2079.0 123.1
-5929.1 2089.1 127.0
-5941.4 2088.2 126.9
-6001.2 2086.1 126.2
-6058.8 2087.0 125.6
-6191.1 2084.3 123.0
-6198.9 2085.1 122.8
-5918.9 2095.2 127.1
-5947.1 2094.0 126.8
-5981.6 2095.0 126.4
-5989.1 2098.2 126.3
-6012.3 2095.0 126.1
-6032.1 2092.6 125.9
-6039.6 2096.7 125.8
-6046.1 2098.6 125.7
-6210.2 2098.7 122.4
-5969.6 2103.3 126.5
-5982.4 2102.7 126.4
-5996.0 2103.0 126.2
-6008.4 2107.7 126.1
-6032.4 2108.5 125.9
-6041.1 2108.8 125.8
-6089.9 2106.7 125.1
-6216.5 2104.3 122.2
-5918.3 2116.2 127.1
-5928.4 2115.3 127.0
-5991.3 2116.4 126.3
-6020.6 2115.5 126.0
-6039.3 2114.5 125.8
-6047.7 2117.5 125.7
-5996.3 2123.1 126.2
-6030.3 2126.5 125.8
-6039.3 2127.9 125.7
-6082.6 2137.9 125.0
-6140.5 2137.0 123.7
-6060.5 2144.1 125.4
-6089.8 2147.9 124.8
-6099.4 2143.1 124.6
-6119.5 2167.6 123.8
-6128.5 2167.0 123.6
-6140.4 2168.3 123.3
-6157.8 2183.9 122.7
-6139.3 2197.4 123.0
-6149.9 2194.9 122.8
-6179.1 2194.1 122.1
-6845.6 1434.6 121.5
-6839.2 1449.9 121.5
-6859.9 1446.6 121.1
-6827.4 1457.1 121.3
-6855.4 1454.9 121.2
-6816.1 1468.6 120.8
-6864.9 1468.7 120.5
-6889.0 1465.0 120.4
-6819.2 1477.1 120.4
-6826.9 1480.1 120.2
-6837.8 1474.4 120.4
-6845.0 1480.0 120.1
-6908.1 1477.5 119.7
-6638.6 1488.4 121.4
-6807.4 1486.3 120.2
-6820.4 1484.5 120.1
-6829.7 1484.3 120.1
-6839.5 1485.4 120.0
-6848.0 1483.9 119.9
-6878.9 1489.0 119.5
-6900.1 1490.0 119.4
-6908.1 1484.3 119.5
-6924.3 1484.5 119.4
-6658.2 1499.8 120.8
-6800.9 1499.3 119.8
-6820.3 1498.7 119.7
-6828.0 1499.8 119.6
-6870.2 1497.1 119.3
-6910.1 1498.4 119.4
-6918.0 1497.6 119.2
-6937.8 1497.9 118.7
-6648.1 1507.8 120.6
-6657.5 1508.5 120.6
-6810.2 1509.1 119.4
-6817.5 1507.6 119.4
-6859.1 1509.4 119.1
-6885.8 1509.0 119.4
-6899.2 1504.8 119.5
-6910.6 1505.2 119.2
-6928.9 1504.8 118.8
-6649.3 1516.1 120.4
-6657.0 1514.6 120.3
-6800.5 1519.2 119.1
-6808.7 1515.5 119.2
-6826.7 1514.8 119.1
-6835.8 1515.0 119.0
-6848.1 1519.9 119.0
-6868.7 1519.1 119.2
-6879.2 1517.1 119.3
-6884.3 1518.4 119.4
-6919.6 1515.8 118.7
-6935.9 1515.6 118.5
-6635.5 1524.3 120.2
-6665.8 1525.8 119.9
-6697.8 1528.6 119.6
-6785.0 1528.9 118.9
-6796.7 1526.1 118.9
-6829.0 1527.2 118.8
-6885.9 1528.0 119.2
-6898.8 1527.8 118.9
-6910.7 1525.2 118.7
-6916.1 1528.0 118.7
-6939.5 1527.9 118.2
-6647.7 1534.1 119.7
-6679.9 1536.1 119.4
-6717.4 1536.6 119.1
-6809.7 1538.4 118.7
-6816.1 1539.5 118.8
-6825.4 1537.4 118.9
-6835.4 1534.6 119.0
-6845.3 1534.6 119.1
-6856.5 1535.4 119.2
-6878.3 1535.5 119.2
-6898.8 1537.9 118.7
-6934.5 1537.6 118.2
-6647.9 1544.6 119.4
-6669.4 1550.3 119.0
-6676.9 1547.9 119.1
-6699.1 1546.1 118.9
-6705.0 1545.7 118.9
-6768.4 1548.7 118.3
-6787.3 1544.2 118.5
-6795.6 1548.6 118.6
-6834.6 1547.7 119.0
-6868.0 1545.9 119.2
-6889.3 1545.0 118.7
-6907.9 1544.1 118.6
-6920.4 1548.3 118.3
-6638.5 1557.9 119.0
-6646.6 1554.0 119.1
-6655.9 1559.2 118.8
-6677.5 1554.8 118.8
-6688.0 1556.5 118.7
-6709.0 1554.0 118.6
-6714.4 1555.2 118.5
-6778.8 1558.9 118.5
-6790.1 1559.2 118.6
-6809.7 1559.2 118.8
-6824.7 1560.1 119.0
-6850.1 1555.4 119.2
-6874.5 1553.8 118.9
-6888.1 1559.2 118.7
-6925.3 1560.2 118.0
-6938.2 1559.7 117.8
-6638.6 1564.8 118.8
-6664.6 1568.6 118.4
-6686.6 1564.4 118.4
-6698.3 1565.0 118.3
-6717.3 1569.8 118.0
-6725.1 1564.8 118.1
-6737.9 1568.7 118.1
-6744.9 1567.8 118.1
-6759.5 1564.7 118.3
-6768.0 1566.1 118.4
-6806.0 1567.8 118.8
-6817.3 1568.2 118.9
-6848.7 1568.3 119.1
-6868.4 1569.3 118.7
-6884.6 1567.5 118.7
-6900.2 1567.1 118.4
-6940.0 1570.1 117.8
-6650.9 1578.9 118.2
-6660.5 1579.4 118.1
-6688.3 1574.1 118.1
-6694.8 1575.3 118.0
-6705.9 1579.9 117.8
-6718.3 1575.4 117.9
-6724.6 1577.4 118.0
-6748.2 1578.5 118.2
-6777.1 1573.8 118.5
-6786.4 1577.8 118.6
-6795.3 1576.5 118.7
-6835.0 1577.0 119.1
-6844.5 1578.3 119.0
-6887.2 1578.2 118.4
-6900.6 1574.0 118.2
-6910.1 1576.5 118.0
-6634.9 1589.2 118.0
-6649.5 1588.7 117.9
-6655.4 1585.7 117.9
-6687.7 1588.1 117.6
-6709.0 1588.7 117.8
-6720.9 1587.3 118.0
-6729.1 1585.3 118.0
-6738.0 1585.4 118.1
-6748.2 1589.8 118.3
-6777.9 1588.0 118.6
-6790.9 1587.9 118.7
-6795.3 1588.5 118.8
-6929.5 1584.5 117.5
-6646.7 1597.5 117.6
-6676.7 1599.0 117.5
-6688.9 1593.8 117.6
-6697.1 1593.8 117.7
-6706.2 1599.2 117.9
-6716.3 1593.8 117.9
-6726.1 1595.0 118.0
-6768.7 1600.2 118.5
-6776.9 1598.7 118.6
-6828.9 1597.4 118.9
-6836.4 1594.6 118.8
-6934.5 1594.1 117.5
-6640.5 1606.3 117.3
-6644.7 1604.4 117.4
-6707.3 1608.0 117.9
-6726.7 1605.1 118.1
-6749.6 1606.2 118.4
-6767.6 1609.9 118.6
-6787.6 1603.9 118.8
-6830.7 1609.5 118.7
-6845.2 1606.6 118.6
-6669.4 1616.9 117.5
-6710.3 1617.3 118.0
-6716.5 1615.8 118.0
-6724.7 1614.5 118.1
-6799.2 1615.1 118.9
-6809.9 1619.0 118.8
-6837.5 1616.3 118.6
-6637.1 1627.4 117.2
-6646.4 1628.9 117.3
-6678.5 1624.2 117.7
-6684.4 1629.5 117.8
-6696.4 1625.3 117.9
-6708.2 1625.4 118.0
-6735.3 1627.0 118.3
-6766.6 1624.2 118.6
-6796.0 1626.7 118.9
-6805.5 1627.3 118.7
-6819.8 1629.8 118.6
-6840.1 1627.6 118.5
-6638.3 1637.6 117.1
-6700.8 1635.7 118.0
-6719.2 1636.6 118.2
-6724.6 1640.1 118.2
-6758.7 1635.4 118.6
-6808.3 1639.8 118.6
-6828.7 1638.0 118.6
-6840.7 1638.9 118.3
-6656.6 1646.4 117.5
-6666.0 1647.0 117.6
-6678.0 1644.5 117.8
-6689.6 1647.5 117.9
-6704.5 1647.8 118.1
-6719.4 1645.5 118.2
-6730.5 1646.1 118.3
-6799.2 1645.0 118.6
-6804.6 1647.1 118.6
-6826.9 1649.8 118.4
-6839.5 1645.7 118.2
-6666.7 1657.6 117.6
-6727.1 1656.3 118.3
-6736.7 1657.0 118.5
-6748.2 1659.2 118.6
-6756.9 1658.5 118.7
-6769.4 1655.6 118.8
-6794.6 1655.3 118.6
-6637.8 1666.8 116.5
-6646.3 1663.7 116.7
-6675.4 1664.6 117.7
-6716.3 1666.7 118.3
-6747.5 1669.0 118.6
-6767.4 1664.8 118.7
-6799.0 1668.7 118.6
-6827.5 1667.1 118.1
-6835.1 1669.9 117.9
-6844.4 1664.2 117.8
-6640.5 1679.2 116.4
-6645.9 1677.8 116.4
-6700.4 1675.0 118.1
-6726.3 1676.8 118.4
-6739.3 1674.7 118.6
-6748.8 1676.6 118.7
-6759.4 1678.5 118.6
-6765.6 1677.2 118.6
-6795.5 1677.3 118.6
-6807.7 1679.9 118.3
-6819.1 1673.7 118.2
-6868.8 1677.5 117.1
-6876.0 1674.3 117.0
-6637.8 1689.9 116.2
-6700.0 1687.6 118.0
-6708.0 1690.3 118.3
-6726.0 1686.0 118.5
-6749.5 1684.3 118.6
-6755.7 1684.5 118.6
-6774.6 1687.9 118.6
-6799.3 1689.6 118.3
-6805.7 1687.0 118.2
-6816.4 1684.5 118.0
-6839.1 1686.0 117.6
-6930.5 1687.1 116.7
-6646.5 1697.0 116.2
-6700.6 1694.9 117.9
-6707.9 1695.3 118.1
-6727.5 1699.4 118.6
-6744.7 1699.4 118.6
-6769.3 1696.5 118.5
-6776.1 1698.5 118.5
-6804.6 1695.1 118.1
-6834.3 1699.5 117.4
-6855.8 1699.6 117.0
-6646.3 1704.4 116.1
-6669.4 1705.1 116.5
-6684.4 1704.1 117.0
-6697.0 1706.9 117.4
-6739.1 1705.9 118.6
-6746.3 1707.7 118.6
-6754.8 1708.8 118.5
-6787.3 1710.0 118.2
-6838.7 1709.4 117.2
-6847.4 1705.8 117.0
-6857.1 1706.7 116.8
-6869.7 1706.6 116.6
-6648.2 1714.8 116.0
-6778.6 1715.8 118.3
-6788.5 1717.5 118.0
-6818.1 1715.6 117.5
-6829.0 1716.5 117.2
-6837.7 1718.3 117.0
-6874.5 1717.3 116.3
-6907.2 1716.2 115.8
-6649.6 1724.7 115.9
-6656.2 1730.1 115.8
-6704.9 1726.4 117.2
-6738.8 1727.6 118.2
-6789.9 1727.9 117.8
-6836.4 1728.9 116.9
-6847.7 1724.1 116.7
-6868.7 1729.3 116.2
-6639.8 1737.3 115.7
-6650.4 1733.9 115.8
-6669.5 1734.2 115.9
-6730.1 1738.6 117.6
-6747.1 1738.6 118.1
-6785.9 1737.1 117.8
-6799.6 1738.2 117.5
-6858.6 1735.7 116.3
-6889.4 1736.6 115.6
-6639.7 1744.2 115.6
-6645.1 1749.3 115.5
-6708.1 1744.1 116.7
-6725.7 1745.1 117.2
-6734.5 1747.9 117.4
-6785.6 1746.3 117.6
-6800.3 1747.0 117.3
-6808.1 1745.8 117.2
-6837.1 1745.4 116.6
-6855.0 1744.5 116.2
-6650.3 1755.7 115.5
-6670.2 1760.2 115.5
-6708.3 1758.4 116.3
-6726.8 1759.5 116.9
-6790.3 1754.8 117.4
-6797.7 1758.0 117.2
-6848.7 1756.8 116.1
-6698.2 1768.6 115.7
-6737.2 1764.3 116.9
-6780.6 1767.6 117.3
-6789.3 1765.9 117.2
-6675.3 1779.8 115.3
-6696.2 1775.8 115.5
-6727.6 1776.7 116.2
-6738.1 1779.7 116.3
-6748.2 1775.5 116.6
-6768.4 1778.4 116.9
-6840.2 1775.8 116.0
-6856.1 1775.2 115.7
-6645.1 1787.4 115.7
-6730.3 1789.0 115.8
-6736.8 1786.9 116.0
-6760.0 1789.4 116.3
-6767.9 1789.8 116.4
-6848.3 1790.1 115.6
-6666.7 1799.1 115.9
-6699.3 1797.7 115.4
-6709.9 1794.8 115.3
-6728.5 1795.1 115.5
-6769.9 1795.2 116.2
-6647.8 1809.0 116.3
-6656.3 1807.8 116.1
-6666.0 1807.4 115.9
-6698.9 1808.7 115.2
-6709.6 1805.0 115.1
-6714.6 1809.1 115.0
-6726.8 1809.1 115.0
-6748.3 1806.1 115.4
-6768.0 1807.5 115.7
-6779.8 1807.6 115.8
-6830.9 1805.8 115.6
-6685.6 1815.8 115.3
-6708.5 1814.7 115.0
-6730.0 1817.5 114.8
-6744.3 1814.3 115.0
-6819.2 1816.7 115.7
-6697.2 1824.2 115.0
-6704.6 1824.5 114.8
-6720.8 1826.1 114.8
-6709.2 1839.7 114.6
-6715.7 1835.6 114.6
-6735.4 1838.4 114.5
-6744.8 1836.8 114.5
-6665.9 1847.5 115.2
-6710.0 1844.4 114.5
-6724.4 1845.9 114.5
-6770.6 1845.2 114.3
-6748.1 1859.8 114.2
-6755.8 1853.9 114.2
-6660.6 1878.1 114.8
-6860.6 2092.0 116.4
-6868.2 2090.5 116.5
-6870.2 2101.3 116.6
-6876.5 2100.9 116.8
-6926.7 2097.3 117.5
-6940.9 2101.7 117.9
-6890.2 2110.4 117.0
-6896.3 2106.7 117.2
-6917.0 2107.3 117.7
-6941.1 2110.3 118.1
-6886.7 2119.3 116.8
-6909.8 2115.8 117.5
-6928.2 2116.8 118.0
-6830.0 2206.2 113.9
-6801.2 2248.5 112.5
-6807.1 2258.1 112.5
-6865.5 2260.7 114.1
-6880.5 2260.1 114.5
-6886.0 3152.1 122.0
-6881.4 3156.2 121.9
-6895.0 3161.4 122.6
-6904.3 3157.1 122.8
-6882.7 3167.3 122.2
-6895.0 3167.2 122.7
-6904.9 3169.4 123.1
-6896.9 3179.7 123.0
-6932.8 3181.5 123.1
-6874.4 3190.8 122.3
-6901.6 3190.6 123.3
-6912.8 3188.5 123.7
-6934.4 3186.7 123.1
-6915.9 3202.3 124.1
-6921.7 3201.7 124.3
-6861.5 3211.1 122.3
-6896.3 3212.1 123.5
-6910.5 3212.7 124.1
-6864.6 3219.8 122.6
-6874.9 3216.8 122.9
-6892.4 3222.5 123.6
-6911.9 3220.7 124.3
-6886.5 3227.3 123.5
-6896.3 3232.7 124.0
-6912.4 3227.9 124.4
-6850.6 3236.7 122.4
-6862.2 3237.5 122.8
-6872.7 3237.2 123.2
-6884.7 3236.2 123.6
-6893.7 3239.6 123.9
-6903.2 3240.4 124.1
-6911.6 3239.0 124.4
-6867.0 3249.1 123.1
-6872.7 3246.7 123.3
-6881.3 3249.7 123.5
-6893.5 3250.5 123.9
-6913.4 3247.8 124.4
-6845.6 3256.5 122.6
-6863.7 3258.9 123.0
-6881.8 3257.8 123.5
-6915.5 3257.4 124.5
-6875.8 3267.9 123.3
-6885.4 3268.8 123.6
-6891.8 3268.5 123.8
-6893.0 3279.3 123.8
-6900.7 3281.6 124.0
-6914.7 3280.1 124.4
-6826.1 3291.6 122.6
-6843.2 3288.8 122.8
-6876.2 3289.6 123.3
-6883.8 3289.5 123.5
-6893.3 3291.4 123.8
-6902.8 3290.2 124.1
-6914.1 3287.6 124.4
-6821.5 3298.5 122.6
-6830.6 3299.8 122.8
-6853.6 3299.0 122.9
-6885.9 3300.2 123.6
-6886.9 3320.9 123.6
-6893.0 3321.7 123.8
-6891.9 3330.3 123.7
-6905.9 3329.1 124.1
-6912.1 3336.9 124.3
-6926.0 3078.5 122.2
-6924.6 3089.4 122.4
-6930.2 2758.2 116.7
-6926.9 2765.8 116.7
-6940.2 2768.5 117.2
-6930.8 2775.3 117.0
-6938.7 2772.1 117.2
-6926.3 2797.8 117.2
-6938.0 2797.4 117.7
-6908.6 2805.1 116.7
-6846.5 2812.2 117.6
-6869.0 2812.9 117.3
-6910.0 2816.1 116.9
-6846.5 2825.9 117.7
-6867.5 2825.0 117.4
-6877.1 2822.9 117.3
-6892.0 2828.3 117.1
-6898.4 2826.9 117.0
-6906.7 2822.4 116.9
-6850.9 2836.2 117.8
-6876.1 2835.4 117.4
-6888.8 2836.9 117.2
-6837.9 2848.2 118.1
-6849.4 2842.2 117.9
-6867.6 2845.4 117.6
-6880.8 2843.8 117.4
-6941.4 2845.6 118.2
-6839.6 2853.7 118.1
-6847.7 2855.5 118.0
-6870.3 2854.7 117.7
-6909.0 2854.4 117.6
-6917.7 2857.9 118.0
-6936.1 2858.4 118.7
-6818.9 2867.2 118.5
-6828.0 2864.4 118.4
-6847.2 2863.6 118.1
-6855.6 2865.4 118.0
-6869.5 2863.7 117.8
-6889.2 2865.6 117.5
-6898.8 2866.0 117.4
-6908.9 2862.8 117.7
-6918.8 2865.5 118.2
-6847.2 2872.3 118.2
-6877.3 2876.0 117.8
-6888.6 2877.2 117.6
-6909.5 2877.4 118.0
-6930.7 2876.0 118.8
-6831.7 2883.7 118.5
-6839.1 2883.1 118.4
-6846.7 2882.2 118.3
-6855.8 2885.3 118.2
-6880.7 2887.3 117.8
-6886.3 2884.5 117.7
-6896.8 2885.0 117.7
-6911.0 2886.4 118.2
-6931.1 2882.8 118.9
-6841.6 2896.6 118.5
-6850.6 2895.9 118.4
-6869.8 2893.3 118.1
-6918.4 2894.9 118.7
-6871.8 2902.2 118.1
-6875.8 2904.3 118.1
-6929.9 2904.9 119.3
-6840.8 2916.5 118.7
-6899.1 2918.2 118.4
-6888.0 2925.5 118.1
-6911.4 2927.5 119.0
-6926.6 2923.1 119.5
-6938.2 2922.7 119.4
-6909.0 2933.7 119.0
-6921.9 2938.5 119.6
-6917.2 2944.7 119.5
-6926.4 2947.7 119.9
-6939.0 2942.1 119.6
-6937.3 2622.6 114.5
-6924.5 2529.3 113.6
-6933.1 2527.2 113.5
-6886.2 2438.7 113.3
-6897.2 2442.8 113.2
-6902.6 2460.1 113.3
-6922.1 2469.8 113.1
-6908.0 2478.5 113.4
-6917.8 2478.1 113.2
-6917.8 2494.1 113.4
-6922.8 2494.3 113.3
-6913.8 2321.0 114.6
-6894.2 2335.8 113.8
-6911.0 2346.3 114.2
-6873.9 2371.8 112.7
-6916.3 2370.0 114.0
-6910.5 2378.0 113.7
-6920.4 2381.4 113.9
-6872.9 2410.4 113.2
-6884.2 2409.1 113.0
