-6098.6 -8703.5 10.4
-6110.8 -8704.2 10.3
-6130.2 -8701.3 9.9
-6084.1 -8695.6 10.1
-6059.7 -8680.4 9.8
-6088.3 -8684.5 9.4
-6098.5 -8679.9 9.1
-6131.3 -8683.0 8.8
-6048.8 -8670.0 10.0
-6063.9 -8670.3 9.7
-6069.1 -8671.0 9.6
-6083.8 -8671.2 9.4
-6092.8 -8672.2 9.2
-6023.2 -8660.9 10.5
-6028.2 -8660.9 10.4
-6092.0 -8659.4 9.3
-6103.1 -8662.4 9.0
-6113.2 -8660.4 8.9
-6023.0 -8653.2 10.7
-6044.0 -8650.3 10.4
-6050.7 -8655.3 10.1
-6057.8 -8651.9 10.1
-6070.5 -8653.8 9.9
-6078.6 -8652.3 9.8
-6093.7 -8655.4 9.4
-5997.5 -8644.6 11.4
-6013.8 -8639.9 11.2
-6017.7 -8644.9 11.0
-6083.0 -8641.6 10.0
-6032.3 -8631.4 11.1
-6052.4 -8633.8 10.7
-6068.9 -8633.7 10.4
-6012.2 -8624.5 11.7
-6020.0 -8623.0 11.6
-6029.7 -8625.4 11.3
-6041.4 -8622.5 11.2
-6050.4 -8622.9 11.1
-6062.7 -8625.4 10.8
-6019.0 -8611.8 11.9
-6039.5 -8615.7 11.4
-6020.9 -8604.4 12.1
-3132.8 6523.4 23.3
-3144.5 6524.6 23.1
-3151.7 6522.3 23.0
-3120.2 6531.9 23.6
-3130.9 6534.1 23.4
-3110.5 6543.1 23.8
-3121.6 6543.9 23.6
-3132.6 6539.2 23.4
-3065.0 6549.2 24.6
-3074.0 6552.6 24.5
-3125.0 6552.3 23.6
-3140.1 6552.0 23.4
-3045.0 6560.1 25.0
-3050.9 6559.1 24.9
-3061.0 6563.5 24.8
-3112.2 6559.0 23.9
-3135.0 6560.7 23.5
-3140.5 6563.8 23.4
-3030.7 6574.4 25.4
-3062.0 6572.3 24.8
-3073.8 6573.3 24.6
-3085.2 6573.9 24.4
-3093.6 6574.6 24.3
-3122.8 6571.7 23.8
-3189.3 6572.0 23.5
-3080.9 6579.0 24.5
-3089.4 6584.7 24.5
-3134.7 6584.1 24.2
-3021.2 6591.3 25.7
-3042.8 6594.6 25.3
-3054.7 6588.7 25.1
-3064.4 6595.0 25.0
-3071.6 6588.9 24.8
-3082.6 6589.5 24.7
-3112.1 6590.6 24.6
-3122.5 6592.4 24.6
-3143.9 6593.2 24.5
-3149.1 6594.6 24.5
-3010.5 6604.6 25.9
-3024.3 6600.3 25.7
-3031.5 6602.5 25.6
-3044.0 6598.5 25.3
-3053.8 6602.2 25.3
-3065.5 6601.9 25.2
-3073.6 6600.1 25.1
-3081.8 6604.2 25.2
-3103.4 6601.4 25.0
-3110.3 6602.1 25.0
-3122.1 6599.5 24.8
-3132.1 6602.8 24.9
-3154.1 6599.5 24.7
-3013.0 6612.5 25.9
-3020.4 6610.6 25.8
-3039.9 6610.3 25.6
-3059.0 6611.3 25.6
-3083.4 6608.7 25.4
-3103.9 6609.3 25.3
-3114.9 6608.4 25.2
-3120.6 6611.5 25.3
-3145.4 6611.6 25.1
-3154.5 6613.6 25.1
-3163.7 6610.0 24.8
-3171.8 6614.6 24.7
-3180.7 6610.0 24.4
-3194.9 6612.5 24.1
-3065.3 6622.5 26.0
-3070.9 6622.3 25.9
-3095.5 6619.5 25.7
-3113.3 6619.9 25.6
-3121.9 6619.3 25.5
-3135.6 6619.2 25.5
-3139.7 6623.6 25.6
-3149.9 6622.7 25.3
-3182.5 6622.9 24.5
-3190.0 6619.1 24.3
-3032.9 6634.9 26.6
-3049.5 6628.5 26.3
-3091.7 6632.3 26.2
-3100.9 6629.0 26.0
-3109.5 6631.5 26.1
-3120.2 6633.7 26.1
-3130.2 6628.8 25.9
-3149.2 6630.0 25.4
-3164.9 6632.3 25.1
-3072.1 6639.4 26.5
-3085.3 6640.3 26.5
-3030.8 6650.8 27.2
-3062.2 6649.5 27.0
-3070.3 6653.3 27.1
-3045.4 6659.0 27.4
-3054.8 6664.3 27.5
-3223.7 6662.0 23.9
-3041.2 6670.8 27.8
-3053.1 6670.7 27.8
-3073.6 6672.6 27.7
-3093.0 6669.1 27.3
-3099.4 6670.7 27.2
-3199.5 6668.8 24.6
-3082.2 6682.9 27.7
-3090.8 6683.3 27.5
-3042.9 6688.7 28.5
-3053.2 6688.6 28.4
-3071.7 6688.9 28.1
-3093.7 6689.9 27.5
-3102.0 6691.6 27.3
-3054.9 6701.9 28.6
-3059.5 6701.4 28.5
-3095.2 6702.8 27.6
-3054.8 6714.3 28.8
-3079.5 6710.8 28.1
-3089.2 6709.1 27.8
-3132.8 6713.2 26.8
-3170.0 6714.5 25.8
-3202.8 6713.6 25.0
-3209.8 6711.4 24.8
-3061.2 6720.0 28.7
-3075.2 6722.0 28.3
-3134.7 6722.7 26.8
-3161.3 6720.0 26.1
-3174.6 6723.4 25.8
-3190.1 6718.4 25.4
-3061.5 6730.5 28.8
-3093.0 6731.1 28.0
-3134.5 6729.4 26.9
-3151.5 6730.9 26.5
-3175.2 6729.1 25.9
-3089.2 6742.5 28.2
-3123.7 6743.5 27.3
-3152.3 6738.9 26.6
-3159.4 6741.5 26.4
-3175.5 6739.7 26.0
-3182.3 6742.0 25.8
-3072.6 6751.4 28.7
-3080.0 6751.4 28.5
-3113.4 6750.7 27.7
-3120.2 6752.9 27.5
-3134.0 6754.1 27.2
-3155.1 6749.3 26.6
-3173.0 6748.9 26.1
-3094.7 6764.8 28.3
-3114.0 6762.7 27.8
-3129.6 6761.5 27.4
-3155.5 6760.9 26.7
-3159.4 6762.8 26.6
-3173.0 6764.5 26.3
-3102.2 6768.6 28.2
-3119.1 6774.2 27.8
-3142.0 6772.6 27.2
-3149.0 6770.5 27.0
-3160.5 6768.8 26.7
-3173.6 6771.9 26.4
-3180.8 6772.9 26.2
-3192.0 6770.8 25.9
-3103.9 6780.3 28.3
-3109.5 6779.0 28.1
-3153.1 6783.3 27.0
-3159.3 6782.8 26.9
-3174.7 6780.5 26.4
-3184.9 6782.1 26.2
-3192.5 6783.7 26.0
-3202.0 6784.2 25.8
-3121.1 6790.8 27.9
-3134.6 6792.0 27.6
-3173.9 6789.2 26.6
-3115.3 6801.8 28.2
-3119.3 6800.1 28.1
-3130.7 6801.1 27.8
-3144.5 6803.0 27.4
-3129.2 6810.4 27.9
-3159.8 6814.7 27.1
-3190.2 6810.7 26.2
-3211.9 6808.5 25.6
-3103.8 6823.2 28.7
-3111.1 6824.0 28.5
-3124.4 6820.8 28.1
-3141.2 6823.9 27.6
-3155.5 6819.5 27.2
-3205.3 6819.9 25.8
-3089.5 6831.3 29.1
-3104.3 6833.0 28.7
-3129.9 6832.9 28.0
-3154.8 6831.2 27.3
-3095.5 6844.4 29.0
-3104.6 6844.6 28.7
-3111.8 6838.4 28.5
-3119.7 6840.1 28.3
-3131.4 6841.8 28.0
-3142.7 6844.8 27.7
-3164.4 6844.4 27.1
-3174.6 6841.7 26.8
-3143.1 6853.7 27.7
-3150.9 6851.3 27.5
-3159.3 6854.4 27.2
-3100.6 6860.4 28.9
-3120.2 6860.9 28.4
-3113.1 6871.4 28.6
-3143.5 6873.2 27.8
-3155.5 6870.1 27.4
-3113.6 6882.2 28.6
-3125.1 6880.4 28.3
-3139.3 6878.4 27.9
-3145.1 6914.6 27.9
-3295.5 6898.2 23.7
-3305.2 6897.7 23.4
-3308.2 6910.4 23.4
-3320.2 6908.0 23.0
-3328.8 6904.4 22.8
-3189.7 6918.0 26.7
-3280.4 6916.2 24.2
-3287.4 6918.6 24.0
-3310.6 6920.4 23.3
-3325.5 6914.5 22.9
-3360.4 6918.3 22.0
-3191.7 6929.5 26.7
-3200.4 6928.4 26.4
-3211.3 6927.0 26.1
-3248.7 6930.6 25.1
-3310.6 6927.3 23.4
-3318.0 6924.9 23.2
-3325.3 6925.2 23.0
-3338.4 6924.7 22.6
-3349.6 6929.3 22.3
-3205.5 6936.1 26.3
-3216.4 6935.3 26.0
-3236.1 6937.8 25.5
-3249.1 6934.9 25.1
-3255.6 6934.9 24.9
-3289.0 6938.2 24.0
-3318.2 6936.2 23.2
-3329.4 6940.0 22.9
-3335.9 6936.5 22.7
-3349.8 6939.1 22.3
-3198.1 6947.3 26.6
-3221.3 6949.3 25.9
-3226.4 6950.0 25.8
-3270.4 6951.0 24.6
-3280.4 6946.7 24.3
-3290.4 6947.6 24.0
-3316.7 6945.3 23.3
-3329.9 6946.6 22.9
-3337.6 6945.3 22.7
-3351.1 6946.1 22.3
-3175.4 6958.2 27.3
-3199.0 6955.0 26.6
-3206.1 6957.6 26.4
-3230.9 6955.5 25.7
-3237.4 6955.6 25.5
-3267.1 6957.1 24.7
-3279.4 6959.8 24.4
-3299.3 6959.2 23.8
-3307.4 6957.8 23.6
-3335.7 6957.0 22.8
-3347.0 6959.1 22.5
-3357.8 6956.6 22.3
-3171.2 6970.7 27.4
-3181.6 6965.6 27.1
-3185.4 6965.2 27.0
-3208.2 6966.4 26.4
-3260.3 6968.5 25.0
-3270.6 6967.4 24.7
-3288.7 6965.3 24.1
-3308.6 6967.7 23.6
-3330.0 6967.6 23.0
-3347.6 6967.5 22.5
-3355.3 6967.1 22.4
-3216.8 6975.6 26.2
-3237.1 6976.4 25.6
-3246.0 6977.4 25.4
-3269.9 6979.8 24.7
-3286.4 6977.5 24.3
-3309.3 6975.2 23.6
-3319.9 6980.1 23.4
-3370.4 6980.1 22.4
-3187.9 6989.7 27.1
-3247.2 6987.7 25.4
-3261.5 6989.8 25.0
-3290.1 6991.0 24.2
-3299.3 6987.4 24.0
-3307.2 6984.9 23.7
-3336.5 6986.4 22.9
-3347.5 6987.1 22.6
-3368.4 6990.4 22.5
-3166.1 7000.5 27.7
-3186.4 6995.6 27.1
-3238.5 7000.9 25.7
-3270.8 6996.6 24.8
-3337.1 6994.5 22.9
-3379.6 6995.3 22.4
-3159.4 7006.5 27.9
-3167.6 7009.7 27.7
-3238.9 7008.1 25.7
-3261.5 7009.4 25.1
-3269.8 7006.6 24.9
-3285.9 7004.6 24.4
-3297.6 7006.1 24.1
-3309.6 7005.0 23.7
-3351.5 7011.0 22.8
-3355.9 7008.9 22.8
-3369.4 7004.6 22.6
-3156.5 7015.8 28.0
-3166.7 7017.2 27.8
-3175.6 7017.4 27.5
-3239.6 7019.7 25.8
-3278.9 7015.1 24.6
-3288.9 7018.6 24.4
-3297.1 7015.2 24.1
-3325.9 7019.9 23.4
-3157.2 7025.8 28.1
-3169.3 7030.9 27.8
-3189.4 7027.3 27.2
-3197.4 7029.8 27.0
-3216.3 7029.3 26.4
-3249.4 7027.3 25.5
-3259.8 7027.5 25.2
-3265.5 7025.4 25.1
-3276.5 7026.5 24.8
-3148.8 7037.9 28.4
-3176.6 7037.3 27.6
-3220.0 7037.1 26.4
-3230.8 7036.2 26.1
-3241.1 7037.9 25.8
-3249.3 7036.2 25.6
-3260.9 7037.2 25.2
-3266.6 7039.6 25.1
-3280.0 7038.2 24.7
-3170.9 7047.1 27.8
-3210.0 7049.9 26.7
-3221.0 7050.7 26.4
-3226.4 7045.4 26.2
-3246.2 7049.7 25.7
-3270.2 7049.0 25.0
-3176.5 7060.4 27.7
-3188.3 7057.3 27.3
-3198.2 7055.0 27.1
-3207.1 7056.4 26.8
-3231.6 7060.3 26.2
-3236.1 7056.7 26.0
-3157.4 7069.5 28.3
-3171.4 7067.9 27.9
-3209.3 7068.1 26.8
-3261.4 7065.4 25.3
-3167.9 7077.3 28.0
-3180.0 7075.4 27.6
-3216.7 7080.9 26.7
-3196.5 7113.3 27.4
-3140.3 7129.6 28.9
-3155.7 7135.9 28.5
-3194.0 7137.4 27.4
-3205.7 7135.8 27.1
-3158.9 7148.9 28.4
-3196.0 7146.9 27.4
-3154.7 7154.7 28.6
-3166.2 7154.4 28.3
-3178.2 7153.2 27.9
-3186.1 7153.1 27.7
-3198.1 7156.6 27.4
-3310.5 7187.5 24.3
-3274.8 7195.1 25.7
-3265.2 7226.4 26.2
-3296.3 7225.0 25.3
-3295.9 7235.7 25.3
-3307.9 7235.7 25.0
-3307.5 7247.4 25.0
-3308.5 7257.9 25.0
-3198.9 7221.9 27.8
-3170.5 7228.9 28.4
-3165.8 7238.8 28.4
-3168.5 7260.7 28.1
-3156.8 7319.6 27.9
-3156.2 7332.0 27.8
-3182.3 7326.1 27.3
-3116.6 7338.5 28.5
-3134.3 7341.6 28.1
-3146.9 7336.9 27.9
-3156.2 7337.1 27.7
-3162.1 7340.0 27.6
-3130.7 7346.5 28.2
-3146.2 7349.2 27.8
-3152.0 7348.2 27.7
-3163.2 7345.9 27.5
-3134.7 7359.2 28.0
-3151.2 7358.4 27.7
-3112.7 7370.8 28.3
-3126.1 7368.1 28.1
-3150.5 7366.2 27.6
-3160.8 7379.5 27.3
-3170.4 7388.8 27.1
-3149.0 7398.7 27.4
-3162.0 7398.7 27.1
-3167.5 7395.5 27.1
-3151.5 7405.8 27.3
-3157.7 7408.2 27.1
-3173.3 7409.1 26.8
-3162.7 7414.8 27.0
-3177.4 7417.2 26.7
-3161.4 7424.9 26.9
-3173.4 7430.4 26.7
-3202.7 7436.6 26.0
-3170.7 7459.5 26.5
-3152.1 7498.4 26.5
-3171.6 7497.3 26.2
-3189.8 7496.9 25.8
-3197.9 7499.6 25.6
-3141.4 7507.4 26.7
-3157.9 7505.7 26.4
-3183.4 7506.4 25.9
-3192.7 7505.9 25.7
-3202.6 7507.0 25.5
-3207.3 7506.5 25.4
-3137.0 7514.7 26.7
-3161.1 7518.8 26.2
-3128.1 7530.7 26.8
-3151.9 7526.3 26.3
-3160.2 7537.1 26.1
-3198.2 7536.2 25.3
-3190.2 7549.5 25.4
-3131.2 7558.0 26.5
-3141.3 7559.8 26.3
-3148.1 7557.4 26.2
-3182.1 7554.6 25.5
-3193.5 7560.9 25.2
-3199.6 7555.2 25.2
-3212.0 7558.6 24.9
-3178.1 7564.6 25.5
-3211.3 7565.2 24.9
-3152.2 7630.4 25.5
-3169.8 7626.3 25.2
-3132.4 7638.4 25.8
-3137.8 7635.4 25.8
-3157.2 7635.9 25.4
-3170.3 7636.8 25.1
-3181.0 7645.6 24.8
-3197.3 7648.7 24.5
-2698.3 6806.1 34.6
-2703.9 6827.8 35.3
-2732.2 6853.6 36.1
-2690.8 6866.5 36.5
-2702.3 6866.3 36.7
-2712.9 6866.4 36.7
-2723.8 6867.7 36.7
-2729.2 6863.4 36.5
-2658.5 6873.0 36.0
-2698.5 6875.7 36.6
-2682.8 6886.8 36.4
-2691.8 6883.0 36.5
-2700.9 6885.1 36.7
-2718.3 6886.0 37.0
-2690.8 6892.5 36.5
-2719.7 6893.0 37.0
-2748.3 6893.2 37.4
-2770.6 6892.0 37.3
-2640.4 6905.9 35.8
-2680.7 6906.6 36.4
-2701.7 6902.9 36.7
-2729.2 6905.5 37.1
-2739.2 6902.9 37.3
-2749.9 6902.6 37.5
-2798.1 6907.8 37.5
-2819.5 6906.3 36.9
-2832.9 6906.1 36.5
-2838.2 6905.3 36.4
-2728.3 6915.1 37.2
-2742.9 6913.6 37.4
-2751.8 6912.0 37.5
-2764.1 6912.8 37.7
-2770.1 6913.9 37.8
-2799.9 6914.2 37.5
-2812.3 6917.0 37.2
-2820.5 6917.1 36.9
-2840.9 6912.5 36.3
-2691.0 6924.3 36.6
-2719.7 6926.1 36.9
-2749.7 6922.0 37.4
-2772.8 6924.4 37.7
-2793.6 6926.4 37.7
-2802.0 6926.4 37.5
-2812.0 6927.9 37.2
-2690.0 6935.3 36.4
-2717.7 6936.9 36.7
-2744.0 6936.3 37.1
-2751.6 6935.6 37.2
-2762.9 6934.3 37.4
-2768.4 6933.3 37.5
-2779.1 6936.5 37.4
-2792.7 6933.6 37.6
-2804.1 6931.8 37.4
-2807.7 6932.7 37.3
-2871.4 6932.5 35.6
-2880.6 6938.1 35.4
-2799.1 6946.1 37.3
-2807.8 6942.7 37.3
-2823.0 6942.1 37.0
-2834.2 6943.3 36.7
-2850.2 6946.7 36.2
-2859.4 6945.3 36.0
-2907.8 6947.7 34.6
-2739.7 6952.8 36.7
-2823.0 6953.8 36.9
-2838.4 6957.7 36.6
-2848.3 6956.3 36.3
-2862.6 6954.4 35.9
-2922.2 6954.4 34.3
-2919.9 6963.6 34.4
-2929.8 6967.1 34.1
-2810.8 6972.9 36.7
-2883.6 6975.7 35.4
-2924.2 6977.4 34.3
-2818.2 6982.7 36.5
-2841.3 6986.6 36.5
-2881.0 6981.8 35.5
-2892.2 6988.1 35.2
-2901.4 6996.1 35.0
-2919.2 6995.6 34.5
-3012.5 6999.5 32.0
-3104.3 7014.1 29.5
-2995.1 7023.6 32.5
-3013.4 7019.3 32.0
-3024.4 7020.4 31.7
-3055.1 7024.6 30.9
-3066.6 7019.9 30.6
-3083.1 7024.4 30.1
-2996.7 7033.2 32.5
-3003.2 7029.3 32.3
-3011.7 7028.7 32.1
-3054.4 7028.1 30.9
-3064.8 7029.7 30.6
-2993.2 7043.1 32.6
-3016.3 7042.5 32.0
-3037.0 7041.6 31.5
-3045.1 7042.9 31.2
-3006.4 7051.3 32.3
-3013.1 7054.3 32.1
-3026.9 7053.3 31.7
-3055.6 7050.9 31.0
-3065.6 7052.6 30.7
-3076.4 7052.2 30.4
-3080.5 7049.2 30.3
-3011.3 7064.0 32.2
-3025.0 7058.6 31.8
-3036.4 7061.7 31.5
-3053.2 7064.3 31.1
-3062.1 7058.6 30.8
-3024.5 7069.2 31.9
-3040.9 7069.3 31.4
-3045.1 7078.6 31.3
-3066.3 7084.4 30.8
-3045.8 7088.2 31.3
-3055.2 7093.8 31.1
-2640.1 6923.7 35.9
-2615.6 6930.9 35.4
-2605.9 6940.3 35.1
-2686.3 6942.7 36.2
-2631.1 6948.1 35.3
-2664.1 6949.3 35.8
-2595.8 6962.4 34.6
-2644.2 6960.4 35.3
-2622.1 6972.4 34.8
-2631.9 6969.3 35.0
-2651.4 6970.2 35.2
-2744.4 6968.8 36.5
-2753.2 6973.3 36.6
-2582.9 6979.2 34.2
-2640.9 6978.0 35.0
-2650.2 6981.6 35.0
-2715.7 6982.6 35.9
-2719.9 6978.6 36.0
-2741.2 6980.0 36.3
-2751.4 6979.4 36.4
-2574.9 6993.5 33.9
-2615.7 6989.5 34.4
-2625.4 6990.6 34.5
-2644.3 6992.3 34.8
-2652.7 6988.9 34.9
-2710.1 6992.3 35.7
-2744.3 6992.5 36.1
-2775.5 6991.7 36.0
-2782.9 6990.8 36.1
-2789.8 6992.8 36.1
-2625.6 7001.5 34.4
-2634.6 6999.0 34.5
-2705.6 6999.6 35.5
-2709.7 6998.9 35.5
-2813.6 6999.4 36.2
-2851.8 6998.5 36.2
-2614.6 7011.0 34.0
-2630.4 7009.9 34.3
-2643.1 7010.8 34.4
-2710.2 7008.1 35.4
-2865.5 7012.2 35.9
-2555.4 7022.3 33.8
-2634.3 7022.2 34.1
-2660.4 7020.8 34.5
-2691.3 7023.6 34.9
-2713.9 7021.9 35.2
-2730.5 7018.8 35.5
-2795.1 7020.7 35.5
-2835.5 7023.2 35.7
-2866.3 7024.1 35.8
-2871.5 7022.4 35.7
-2886.2 7022.2 35.4
-2923.9 7023.8 34.5
-2505.7 7034.6 33.1
-2550.2 7028.9 33.8
-2625.3 7029.1 33.9
-2635.0 7031.0 34.0
-2694.9 7029.3 34.8
-2702.9 7028.3 35.0
-2732.3 7029.1 35.2
-2754.6 7032.9 34.8
-2782.2 7030.4 35.1
-2832.0 7033.2 35.5
-2861.4 7033.3 35.6
-2871.0 7029.2 35.7
-2881.6 7028.2 35.5
-2920.4 7033.2 34.6
-2491.4 7042.1 32.9
-2532.6 7042.9 33.4
-2541.8 7044.2 33.6
-2592.7 7044.4 33.4
-2604.4 7042.7 33.4
-2623.3 7040.2 33.7
-2655.6 7039.6 34.1
-2702.7 7044.6 34.7
-2710.2 7043.5 34.8
-2754.9 7038.5 34.7
-2775.2 7038.4 34.8
-2784.7 7043.8 34.8
-2811.3 7042.4 35.1
-2845.4 7040.8 35.3
-2872.6 7040.0 35.5
-2912.5 7041.8 34.7
-2920.3 7043.3 34.5
-2520.8 7050.8 33.2
-2611.7 7052.8 33.3
-2696.1 7053.7 34.4
-2723.7 7053.0 34.6
-2779.9 7052.0 34.5
-2792.8 7049.1 34.8
-2819.8 7051.0 35.0
-2832.7 7048.1 35.1
-2861.9 7054.3 35.1
-2870.1 7050.3 35.3
-2886.2 7054.5 35.2
-2904.7 7053.5 35.0
-2473.9 7058.2 32.5
-2491.9 7060.9 32.8
-2535.8 7059.8 33.4
-2593.8 7060.2 33.2
-2655.1 7061.3 33.7
-2693.9 7063.5 34.2
-2702.4 7062.4 34.4
-2712.6 7063.4 34.5
-2720.7 7059.6 34.5
-2735.2 7062.5 34.1
-2743.6 7061.3 34.1
-2750.8 7058.3 34.2
-2772.9 7058.9 34.3
-2781.2 7063.6 34.3
-2795.7 7059.0 34.5
-2822.5 7063.1 34.7
-2830.5 7062.5 34.8
-2856.1 7059.8 34.9
-2905.4 7063.0 34.9
-2965.4 7063.4 33.4
-2460.8 7072.1 32.3
-2491.7 7073.0 32.7
-2544.9 7073.3 33.4
-2556.1 7074.4 33.4
-2609.9 7068.3 33.1
-2693.3 7069.6 34.1
-2722.0 7073.7 34.0
-2773.3 7073.4 33.9
-2801.4 7072.3 34.3
-2835.1 7068.7 34.7
-2844.2 7069.5 34.7
-2850.0 7071.9 34.7
-2872.2 7071.1 34.8
-2884.6 7071.2 34.9
-2899.8 7069.7 34.9
-2915.6 7072.6 34.7
-2922.8 7069.6 34.5
-2464.0 7083.6 32.2
-2544.6 7081.7 33.4
-2574.6 7082.7 33.2
-2581.1 7082.4 33.2
-2601.5 7084.7 33.0
-2623.2 7082.2 33.0
-2650.7 7083.4 33.3
-2682.1 7080.0 33.8
-2711.5 7079.0 34.0
-2782.3 7082.4 33.8
-2844.7 7081.2 34.4
-2860.0 7084.6 34.4
-2875.8 7080.4 34.6
-2932.1 7079.1 34.3
-2975.7 7081.0 33.2
-2440.1 7094.6 32.2
-2451.8 7088.4 32.1
-2511.7 7092.9 32.7
-2575.8 7091.8 33.2
-2625.2 7092.2 32.8
-2631.8 7093.5 32.9
-2683.8 7088.2 33.7
-2695.9 7093.0 33.8
-2729.8 7092.8 33.2
-2740.8 7093.7 33.3
-2765.9 7090.7 33.4
-2785.5 7091.2 33.6
-2795.8 7093.0 33.7
-2800.2 7090.9 33.8
-2812.5 7089.9 34.0
-2831.1 7091.1 34.1
-2859.9 7094.4 34.2
-2940.4 7092.5 34.1
-2984.0 7093.7 33.0
-2440.3 7098.7 32.2
-2470.4 7098.5 32.2
-2509.7 7098.5 32.7
-2540.0 7102.8 33.1
-2575.5 7104.4 33.1
-2655.4 7101.7 33.1
-2670.7 7099.3 33.3
-2774.2 7100.9 33.3
-2812.5 7102.2 33.7
-2865.7 7101.9 34.0
-2874.6 7100.5 34.1
-2889.9 7098.1 34.2
-2936.1 7098.2 34.1
-2943.8 7103.6 34.0
-2435.9 7110.0 31.7
-2445.7 7111.7 32.0
-2454.1 7113.6 32.0
-2459.8 7111.5 32.0
-2540.4 7111.1 33.1
-2580.0 7110.6 33.0
-2665.7 7110.1 33.1
-2675.7 7113.8 33.1
-2750.8 7109.8 32.9
-2770.9 7113.4 32.9
-2800.0 7114.3 33.2
-2811.1 7113.1 33.4
-2840.1 7110.9 33.8
-2864.0 7110.3 33.8
-2873.9 7111.4 33.8
-2891.0 7112.4 33.9
-2901.3 7109.3 34.1
-2915.0 7110.7 34.1
-2942.3 7112.1 33.9
-2444.5 7121.6 31.4
-2512.3 7122.0 32.5
-2540.0 7119.7 33.0
-2571.8 7118.9 33.0
-2580.9 7122.9 32.9
-2614.4 7124.1 32.6
-2663.0 7123.1 32.8
-2673.9 7121.0 33.0
-2754.5 7122.4 32.6
-2763.7 7124.1 32.6
-2770.4 7123.0 32.7
-2782.0 7120.1 32.9
-2795.1 7123.7 32.9
-2805.0 7119.6 33.2
-2830.2 7122.2 33.4
-2873.2 7119.9 33.7
-2893.6 7119.9 33.7
-2916.0 7124.4 33.8
-2922.9 7118.2 34.0
-2944.7 7124.4 33.8
-2951.0 7119.2 33.7
-2962.2 7123.4 33.5
-2975.7 7120.1 33.2
-2995.4 7124.0 32.6
-2520.4 7129.7 32.6
-2581.4 7130.1 32.9
-2615.5 7130.7 32.6
-2645.1 7131.0 32.4
-2653.2 7133.1 32.5
-2675.5 7130.1 32.9
-2733.7 7131.0 32.3
-2753.1 7131.2 32.4
-2763.6 7131.3 32.4
-2772.9 7128.3 32.6
-2779.9 7133.3 32.5
-2804.3 7128.6 32.9
-2812.4 7132.9 32.9
-2842.0 7130.9 33.3
-2850.2 7132.6 33.3
-2862.2 7133.4 33.3
-2870.4 7129.1 33.5
-2882.1 7132.1 33.4
-2896.0 7129.4 33.5
-2950.0 7134.3 33.6
-2963.1 7129.5 33.5
-2982.0 7128.2 33.0
-2993.0 7131.9 32.7
-2542.1 7139.8 32.9
-2641.3 7142.7 32.3
-2665.5 7143.7 32.5
-2692.2 7140.1 32.4
-2731.5 7139.5 32.1
-2774.1 7139.5 32.3
-2781.0 7142.3 32.3
-2830.5 7142.4 32.9
-2843.1 7139.8 33.1
-2863.2 7139.3 33.2
-2875.1 7139.5 33.2
-2933.7 7138.7 33.6
-2963.7 7140.7 33.4
-2970.7 7139.6 33.3
-2991.2 7144.6 32.8
-2572.1 7153.3 32.9
-2771.2 7148.3 32.1
-2942.8 7148.8 33.4
-2956.0 7149.9 33.4
-2624.4 7163.3 32.3
-2643.9 7164.4 32.1
-2790.1 7163.7 31.9
-2449.5 7135.0 31.5
-2496.3 7139.8 32.1
-2430.2 7147.6 31.3
-2466.3 7144.8 31.6
-2540.8 7159.3 32.3
-2548.9 7159.0 32.4
-2476.2 7165.3 31.3
-2559.6 7166.2 32.3
-2568.8 7169.4 32.4
-2447.5 7178.6 30.4
-2507.8 7180.5 31.1
-2519.5 7175.5 31.4
-2536.6 7180.8 31.5
-2547.6 7175.8 31.8
-2586.4 7177.5 32.2
-2449.7 7188.4 30.1
-2510.6 7190.1 30.8
-2537.4 7189.0 31.2
-2558.1 7185.7 31.6
-2619.1 7189.3 31.6
-2629.1 7188.2 31.7
-2678.6 7184.5 31.5
-2730.4 7186.8 31.1
-2748.7 7185.7 31.1
-2787.8 7187.8 31.4
-2446.7 7195.8 29.7
-2601.2 7194.3 31.4
-2710.1 7196.0 31.0
-2768.9 7195.5 31.2
-2801.0 7197.5 31.5
-2807.8 7200.7 31.6
-2819.0 7195.2 31.7
-2828.9 7195.7 31.8
-2600.7 7207.8 30.4
-2631.1 7205.3 31.0
-2641.4 7210.2 31.3
-2646.3 7206.3 31.4
-2659.6 7207.3 31.8
-2671.6 7205.9 31.6
-2711.6 7205.5 31.0
-2598.8 7216.8 30.2
-2619.2 7214.4 30.7
-2632.2 7217.4 31.0
-2640.1 7216.0 31.2
-2650.8 7217.7 31.5
-2662.2 7217.0 31.7
-2671.1 7218.3 31.6
-2710.3 7218.7 30.9
-2730.7 7215.9 31.0
-2780.2 7218.5 31.3
-2800.4 7218.2 31.5
-2467.1 7224.3 29.0
-2617.7 7225.1 30.6
-2628.1 7230.0 30.9
-2638.1 7224.2 31.2
-2651.3 7226.3 31.5
-2668.7 7225.0 31.6
-2688.3 7225.7 31.2
-2699.7 7224.9 31.0
-2711.3 7224.4 30.9
-2717.8 7229.7 30.9
-2730.5 7225.8 31.0
-2740.6 7229.0 31.0
-2750.5 7229.5 31.0
-2756.4 7229.8 31.1
-2779.9 7226.1 31.3
-2788.8 7230.6 31.4
-2469.4 7239.8 28.4
-2490.0 7239.8 28.5
-2531.7 7237.8 28.6
-2637.9 7236.1 31.1
-2647.7 7236.3 31.4
-2660.0 7238.1 31.7
-2667.3 7237.7 31.6
-2678.0 7240.2 31.3
-2686.1 7238.0 31.2
-2748.1 7239.1 31.0
-2762.0 7238.9 31.1
-2797.6 7238.9 31.5
-2808.2 7236.8 31.6
-2472.1 7250.3 27.9
-2482.0 7244.2 28.3
-2571.8 7246.1 29.4
-2579.5 7244.9 29.6
-2596.2 7244.5 30.0
-2650.6 7245.9 31.4
-2662.2 7248.5 31.6
-2667.3 7246.8 31.5
-2678.0 7246.9 31.3
-2687.4 7249.5 31.1
-2697.7 7248.8 30.9
-2708.7 7244.9 30.9
-2720.5 7248.8 30.9
-2747.5 7250.2 31.0
-2761.7 7248.7 31.1
-2779.1 7245.0 31.3
-2797.3 7246.4 31.5
-2808.3 7248.6 31.6
-2481.5 7259.3 27.3
-2496.7 7260.0 27.4
-2510.7 7258.9 27.8
-2541.1 7255.5 28.6
-2550.1 7260.8 28.8
-2591.7 7256.7 29.8
-2608.5 7260.8 30.3
-2616.3 7259.0 30.5
-2626.4 7258.7 30.7
-2636.1 7254.5 31.0
-2649.7 7258.5 31.3
-2657.7 7258.5 31.5
-2680.6 7256.2 31.2
-2700.7 7260.3 30.8
-2717.5 7260.6 30.9
-2748.6 7256.6 31.0
-2761.3 7256.2 31.1
-2781.0 7256.5 31.3
-2806.0 7259.9 31.6
-2506.8 7270.1 27.6
-2540.2 7270.1 28.5
-2556.2 7266.0 28.9
-2601.7 7265.9 30.1
-2611.2 7268.2 30.3
-2616.8 7266.7 30.5
-2629.3 7270.4 30.8
-2649.3 7267.3 31.3
-2670.2 7266.1 31.4
-2690.2 7265.5 31.0
-2706.3 7266.2 30.9
-2759.0 7266.2 31.1
-2770.4 7265.4 31.2
-2787.0 7270.7 31.4
-2517.5 7277.7 27.9
-2557.8 7275.6 28.9
-2580.1 7278.1 29.5
-2610.1 7280.1 30.2
-2628.6 7274.2 30.7
-2658.7 7275.0 31.5
-2670.0 7278.9 31.4
-2700.2 7277.5 30.8
-2720.9 7278.2 30.9
-2727.7 7277.3 30.9
-2736.6 7279.0 30.9
-2751.2 7276.3 31.0
-2769.4 7280.3 31.2
-2788.9 7276.9 31.4
-2572.3 7290.7 29.2
-2595.9 7289.0 29.8
-2616.1 7287.4 30.4
-2658.7 7287.8 31.4
-2699.9 7287.6 30.8
-2738.8 7290.1 30.9
-2769.9 7287.8 31.2
-2776.4 7285.5 31.3
-2510.7 7295.5 27.6
-2572.3 7295.3 29.2
-2579.4 7297.6 29.4
-2601.8 7297.2 30.0
-2609.6 7300.4 30.1
-2629.4 7300.4 30.6
-2719.3 7300.1 30.8
-2746.7 7300.0 31.0
-2768.7 7294.4 31.2
-2777.4 7296.7 31.3
-2548.7 7310.7 28.5
-2561.1 7310.0 28.9
-2590.3 7307.9 29.6
-2597.4 7306.8 29.8
-2627.0 7309.9 30.6
-2717.2 7309.1 30.8
-2738.8 7306.8 30.9
-2750.6 7309.4 31.0
-2550.3 7318.4 28.6
-2556.5 7314.2 28.7
-2598.6 7320.0 29.8
-2619.1 7316.1 30.3
-2632.0 7315.0 30.7
-2646.2 7316.1 31.0
-2660.2 7318.5 31.4
-2670.8 7320.5 31.2
-2681.3 7318.2 31.0
-2690.9 7318.3 30.8
-2565.8 7330.3 28.9
-2647.9 7325.5 31.0
-2660.3 7329.1 31.3
-2580.4 7335.7 29.3
-2599.1 7340.1 29.7
-2631.9 7339.9 30.6
-2846.6 7255.0 31.9
-2817.4 7268.0 31.7
-2849.6 7268.9 31.9
-2815.3 7275.0 31.7
-2847.4 7277.9 31.8
-2809.5 7286.8 31.6
-2827.4 7286.6 31.8
-2834.7 7284.4 31.8
-2846.2 7287.6 31.8
-2790.8 7295.5 31.4
-2798.1 7298.5 31.5
-2805.4 7297.5 31.6
-2826.0 7294.9 31.8
-2776.5 7305.5 31.3
-2797.6 7307.1 31.5
-2810.9 7302.5 31.6
-2814.6 7307.7 31.6
-2739.1 7318.6 30.9
-2767.3 7314.9 31.2
-2789.9 7316.6 31.4
-2820.1 7313.1 31.7
-2827.0 7313.9 31.7
-2834.4 7318.6 31.7
-2844.5 7314.5 31.7
-2697.9 7324.3 30.7
-2677.1 7337.7 31.0
-2689.9 7333.6 30.7
-2708.6 7335.9 30.7
-2670.2 7346.1 31.1
-2698.0 7342.3 30.7
-2625.7 7357.0 30.3
-2670.4 7353.4 31.1
-2648.8 7374.5 30.9
-2760.1 7356.8 31.1
-2890.9 7361.8 32.0
-2718.5 7365.7 30.7
-2891.9 7368.6 32.0
-2764.6 7380.7 31.1
-2793.8 7380.1 31.4
-2799.2 7378.0 31.4
-2871.8 7380.4 32.2
-2674.6 7388.7 30.8
-2684.3 7388.4 30.7
-2763.4 7385.4 31.1
-2768.8 7386.9 31.2
-2779.8 7389.9 31.3
-2803.3 7386.2 31.4
-2868.6 7386.8 32.2
-2688.6 7401.3 30.6
-2721.5 7400.3 30.7
-2791.9 7396.3 31.3
-2804.0 7398.3 31.3
-2819.3 7400.8 31.5
-2834.8 7400.2 31.7
-2855.0 7400.1 32.0
-2879.9 7400.1 32.0
-2682.8 7407.7 30.6
-2742.3 7407.9 30.9
-2764.1 7411.0 31.1
-2795.1 7409.0 31.3
-2809.4 7409.1 31.4
-2831.0 7406.3 31.7
-2839.3 7411.4 31.8
-2850.1 7406.5 32.0
-2879.0 7407.3 32.0
-2693.0 7415.3 30.6
-2760.2 7415.2 31.1
-2801.5 7419.5 31.3
-2813.5 7416.2 31.5
-2832.5 7416.8 31.7
-2845.0 7419.2 31.9
-2870.3 7417.3 32.1
-2708.8 7430.3 30.6
-2732.7 7427.8 30.8
-2772.8 7427.2 31.2
-2784.1 7425.9 31.2
-2789.9 7428.0 31.2
-2798.5 7429.8 31.3
-2813.9 7427.0 31.5
-2842.7 7426.8 31.9
-2852.5 7430.8 32.1
-2858.7 7427.0 32.1
-2870.0 7431.2 32.0
-2733.0 7438.6 30.8
-2761.3 7437.8 31.1
-2771.0 7436.0 31.1
-2783.5 7437.3 31.1
-2803.6 7436.8 31.4
-2818.7 7436.3 31.6
-2870.0 7436.8 32.0
-2772.5 7449.2 31.1
-2791.3 7445.6 31.2
-2804.4 7451.3 31.4
-2813.9 7446.9 31.6
-2852.4 7446.5 32.1
-2864.2 7450.3 32.0
-2871.5 7446.7 32.0
-2775.0 7455.4 31.1
-2784.1 7460.4 31.1
-2828.8 7458.7 31.8
-2850.7 7457.6 32.1
-2864.3 7455.4 32.0
-2752.5 7471.8 31.0
-2763.8 7466.6 31.0
-2769.9 7465.7 31.0
-2793.7 7465.3 31.3
-2813.4 7468.8 31.6
-2839.0 7465.8 32.0
-2864.7 7468.6 32.0
-2803.3 7478.3 31.5
-2824.7 7481.3 31.8
-2833.4 7477.2 32.0
-2851.5 7477.9 32.1
-2864.0 7480.7 31.9
-2769.2 7490.8 31.0
-2850.1 7487.1 32.1
-2832.5 7501.7 32.0
-2843.5 7500.9 32.1
-2863.3 7500.9 31.9
-2871.9 7496.3 31.8
-2849.7 7508.5 32.0
-2858.7 7506.4 31.9
-2869.8 7509.9 31.8
-2801.6 7515.6 31.6
-2809.2 7519.3 31.7
-2808.9 7528.6 31.8
-2838.6 7546.7 32.0
-2844.4 7556.1 31.9
-2867.2 7194.8 32.2
-2884.8 7194.0 32.2
-2912.5 7192.9 32.3
-2955.4 7191.6 31.9
-2919.1 7203.2 32.2
-3035.2 7203.0 31.2
-2917.1 7213.7 32.2
-2924.8 7214.1 32.1
-2967.9 7213.9 31.8
-2973.9 7213.9 31.7
-3017.9 7214.0 31.3
-3038.7 7213.0 31.2
-2956.9 7227.5 31.8
-2972.6 7221.4 31.7
-2984.6 7224.8 31.6
-3068.5 7223.6 30.6
-2928.2 7233.5 32.1
-2944.0 7232.6 31.9
-2993.6 7237.7 31.5
-3013.4 7232.2 31.3
-3023.2 7237.4 31.2
-2937.8 7247.7 31.9
-2997.5 7245.0 31.4
-3027.8 7247.3 31.2
-3037.7 7246.2 31.0
-3068.7 7247.8 30.3
-2918.5 7252.3 32.1
-2925.6 7253.9 32.0
-2934.4 7252.3 32.0
-2963.9 7255.0 31.7
-2998.1 7255.7 31.4
-3006.8 7253.9 31.3
-3018.0 7256.5 31.2
-3037.0 7255.9 30.9
-2877.0 7267.6 31.9
-2884.8 7261.9 32.1
-2898.9 7264.3 32.2
-2902.9 7264.4 32.2
-2947.4 7265.0 31.8
-2884.8 7275.8 32.1
-2918.3 7277.3 32.0
-2923.3 7273.6 32.0
-2995.8 7274.7 31.4
-3002.9 7275.3 31.3
-3026.6 7276.5 30.9
-3033.5 7276.9 30.8
-2878.2 7285.4 32.0
-2883.6 7284.3 32.1
-2892.5 7283.4 32.2
-2924.7 7287.7 31.9
-2946.7 7286.2 31.8
-3024.2 7287.2 30.9
-3036.1 7282.0 30.7
-3047.8 7286.9 30.4
-3055.0 7285.5 30.3
-3065.1 7285.4 30.1
-2878.5 7296.9 32.1
-2888.2 7291.6 32.2
-2903.1 7294.5 32.1
-2925.8 7297.3 31.9
-2934.0 7297.0 31.8
-3029.1 7293.8 30.7
-3043.0 7293.7 30.5
-2865.2 7304.7 31.9
-2877.9 7306.1 32.1
-2884.6 7303.5 32.2
-2895.8 7307.9 32.1
-2938.6 7305.3 31.8
-2906.1 7312.6 32.0
-2917.7 7312.0 31.9
-3034.3 7316.6 30.4
-3043.1 7314.6 30.3
-2932.6 7324.9 31.8
-3034.4 7323.1 30.4
-3048.2 7322.5 30.1
-2945.2 7331.6 31.6
-2952.9 7332.5 31.6
-3022.5 7334.4 30.5
-3046.7 7336.1 30.0
-2858.1 7342.7 31.9
-3038.6 7342.8 30.1
-3043.4 7345.3 30.0
-2904.1 7355.2 31.9
-3033.7 7352.5 30.1
-3079.8 7228.1 30.3
-3079.5 7236.2 30.2
-3093.3 7233.9 30.0
-3099.3 7239.2 29.8
-3111.4 7238.0 29.5
-3099.3 7254.7 29.6
-3094.2 7269.1 29.6
-3094.6 7276.7 29.5
-2969.6 7389.1 31.1
-3008.9 7383.4 30.4
-3015.5 7385.6 30.2
-2918.1 7399.8 31.7
-2929.5 7397.6 31.6
-3060.3 7395.8 29.2
-3069.3 7394.5 29.0
-2969.2 7410.0 31.0
-2975.4 7408.0 30.8
-2990.1 7409.2 30.5
-3047.1 7404.1 29.4
-3057.2 7404.5 29.1
-2988.2 7419.0 30.5
-3037.7 7419.7 29.4
-3048.0 7418.9 29.2
-3058.5 7418.4 29.0
-2930.9 7436.5 31.5
-2977.2 7438.7 30.5
-2984.9 7438.2 30.4
-3020.9 7434.9 29.6
-3027.8 7435.1 29.5
-3049.2 7438.7 29.0
-3056.6 7438.8 28.9
-3065.9 7437.2 28.7
-3079.2 7438.2 28.5
-2930.7 7446.7 31.4
-3016.2 7449.3 29.6
-3049.5 7447.9 29.0
-3070.4 7444.9 28.6
-3087.0 7445.9 28.2
-2919.1 7457.0 31.5
-2930.0 7457.7 31.3
-2987.0 7455.9 30.2
-3006.6 7458.5 29.7
-3016.1 7459.8 29.5
-3025.0 7457.1 29.4
-3037.4 7455.7 29.1
-3069.7 7459.0 28.5
-2924.9 7464.7 31.4
-2940.0 7467.8 31.0
-2949.9 7468.6 30.8
-2976.0 7467.4 30.3
-2989.5 7465.3 30.0
-3009.6 7467.1 29.6
-3018.9 7466.2 29.4
-3029.2 7465.8 29.2
-3046.7 7463.9 28.9
-3078.2 7467.3 28.2
-3030.7 7476.2 29.1
-3045.5 7477.1 28.8
-2927.4 7486.4 31.1
-3030.6 7488.2 29.0
-3037.1 7485.1 28.9
-3076.9 7484.2 28.1
-2915.0 7497.9 31.3
-3036.8 7499.1 28.8
-3051.0 7497.5 28.5
-3077.4 7497.1 28.0
-2917.5 7504.7 31.2
-3039.5 7506.5 28.7
-3046.1 7505.3 28.6
-3060.3 7507.5 28.3
-3068.8 7507.0 28.1
-3080.1 7509.5 27.9
-3057.0 7519.9 28.2
-3098.3 7518.2 27.4
-2915.1 7526.9 31.0
-3030.8 7529.9 28.7
-3058.7 7526.9 28.2
-3106.4 7526.4 27.2
-2918.3 7536.6 30.9
-2928.0 7535.0 30.7
-3026.4 7539.1 28.7
-3036.0 7538.4 28.5
-3047.0 7539.5 28.3
-3030.1 7544.3 28.6
-3069.5 7546.1 27.8
-3077.7 7548.8 27.6
-3089.0 7543.8 27.4
-3109.8 7549.8 27.0
-2889.0 7557.8 31.3
-2897.4 7558.1 31.1
-2925.0 7557.3 30.5
-3041.2 7559.0 28.2
-3048.7 7555.7 28.1
-3056.8 7559.8 27.9
-3087.2 7554.2 27.4
-2906.9 7568.9 30.8
-3057.2 7565.8 27.9
-3067.1 7567.3 27.7
-2975.8 7574.6 29.4
-2986.8 7576.5 29.2
-3028.0 7579.4 28.3
-3040.0 7579.4 28.1
-3056.6 7576.9 27.8
-3077.1 7574.3 27.4
-2907.0 7587.2 30.7
-3017.6 7589.4 28.5
-3035.8 7585.0 28.1
-3090.9 7583.8 27.1
-3100.6 7586.6 26.9
-2919.6 7595.6 30.4
-3018.8 7596.8 28.4
-3026.9 7599.6 28.2
-3049.2 7594.2 27.8
-3055.9 7593.5 27.7
-3077.9 7597.3 27.2
-3091.0 7596.7 27.0
-2947.0 7607.9 29.7
-3037.6 7608.6 27.9
-3085.7 7607.6 27.0
-3099.6 7608.6 26.7
-3086.1 7617.9 26.9
-3095.9 7613.7 26.7
-3089.2 7624.5 26.8
-3038.8 7635.8 27.7
-3080.1 7639.4 26.9
-3076.8 7647.6 26.9
-2998.0 6747.1 30.6
-2968.9 6757.5 31.4
-2988.7 6756.0 30.9
-3015.1 6753.6 30.2
-3026.6 6755.9 30.0
-2957.6 6764.4 31.7
-2968.1 6765.7 31.6
-2987.8 6767.2 31.1
-2999.0 6763.1 30.8
-3009.3 6767.1 30.5
-3017.3 6765.3 30.3
-3029.1 6767.9 30.0
-3039.9 6762.9 29.7
-2904.0 6777.7 32.5
-2914.4 6775.7 32.3
-2926.8 6776.5 32.3
-2937.2 6772.7 32.1
-2963.9 6776.6 31.8
-2989.1 6773.4 31.1
-3005.5 6777.6 30.8
-3026.1 6772.9 30.2
-2875.0 6785.0 32.9
-2924.2 6783.8 32.6
-2937.7 6786.2 32.6
-2949.3 6786.2 32.3
-2956.0 6785.1 32.1
-2977.5 6787.6 31.6
-2989.2 6782.2 31.2
-3028.6 6783.7 30.2
-2846.6 6794.9 33.4
-2884.8 6797.4 33.3
-2907.5 6794.4 33.0
-2915.0 6793.2 33.0
-2928.1 6793.5 32.9
-2954.8 6794.6 32.2
-2963.7 6795.1 32.0
-2985.3 6796.3 31.5
-2993.9 6797.2 31.3
-2816.2 6802.8 33.8
-2846.6 6802.7 33.7
-2875.5 6803.9 33.6
-2888.8 6806.2 33.6
-2904.5 6803.8 33.4
-2918.7 6806.4 33.3
-2980.1 6805.4 31.7
-2994.1 6802.5 31.3
-2779.2 6817.9 34.6
-2804.8 6812.3 34.2
-2820.0 6815.1 34.3
-2824.5 6815.6 34.2
-2838.9 6812.0 34.0
-2845.6 6817.5 34.2
-2858.1 6814.0 34.0
-2873.7 6815.2 34.0
-2899.0 6818.1 33.9
-2914.6 6812.2 33.5
-2936.3 6816.2 33.0
-2979.9 6811.7 31.8
-2988.1 6816.1 31.6
-2768.7 6824.8 34.9
-2778.0 6821.9 34.7
-2798.4 6824.6 34.7
-2806.7 6826.3 34.7
-2815.4 6828.0 34.8
-2826.8 6822.5 34.5
-2834.9 6828.2 34.7
-2897.7 6825.5 34.0
-2908.3 6825.0 33.8
-2916.4 6822.2 33.5
-2928.6 6823.7 33.2
-2946.2 6825.1 32.8
-2988.9 6821.8 31.7
-3017.6 6825.5 31.0
-2765.4 6836.3 35.3
-2783.4 6835.1 35.2
-2800.1 6837.9 35.2
-2835.7 6832.3 34.8
-2849.0 6835.9 34.9
-2857.2 6834.6 34.8
-2865.9 6833.6 34.7
-2885.5 6835.4 34.5
-2898.6 6833.4 34.1
-2928.8 6831.9 33.3
-2937.4 6834.2 33.1
-2957.3 6833.0 32.6
-2976.2 6836.0 32.1
-2994.7 6833.2 31.6
-3007.0 6837.1 31.4
-3018.8 6832.1 31.0
-3038.0 6833.8 30.5
-2769.8 6841.8 35.5
-2783.6 6843.8 35.5
-2799.3 6842.5 35.4
-2804.6 6843.6 35.4
-2818.1 6847.8 35.5
-2847.6 6845.6 35.2
-2856.2 6848.0 35.3
-2868.7 6846.5 35.0
-2877.6 6847.6 34.8
-2886.1 6845.3 34.6
-2917.5 6842.0 33.7
-2965.5 6844.0 32.5
-2986.4 6847.0 32.0
-3009.8 6844.3 31.4
-3013.7 6848.0 31.3
-3050.0 6847.1 30.2
-3070.1 6845.7 29.7
-2814.7 6852.9 35.7
-2828.0 6855.6 35.7
-2847.2 6853.6 35.5
-2934.3 6858.1 33.5
-2948.1 6855.4 33.1
-2987.7 6853.8 32.0
-2995.9 6855.3 31.8
-3007.8 6856.1 31.5
-3020.0 6851.9 31.1
-3028.7 6856.7 30.9
-3073.9 6857.6 29.6
-3085.7 6852.0 29.3
-2844.3 6865.0 35.9
-2867.0 6866.0 35.3
-2885.0 6867.1 34.8
-2914.2 6862.1 34.0
-2964.1 6864.7 32.7
-2996.7 6867.6 31.8
-3007.6 6863.5 31.5
-3028.8 6863.4 30.9
-3057.3 6867.2 30.1
-3066.4 6862.1 29.9
-3084.8 6864.8 29.4
-3093.5 6867.0 29.1
-2840.0 6873.2 36.1
-2853.5 6873.1 35.7
-2868.2 6877.7 35.4
-2875.6 6874.9 35.2
-2906.4 6874.9 34.4
-2958.6 6878.1 32.9
-2973.9 6875.4 32.5
-2998.2 6873.1 31.8
-3009.0 6872.5 31.5
-3029.4 6872.9 30.9
-3083.5 6872.4 29.4
-2869.6 6883.3 35.4
-2878.9 6884.8 35.2
-2889.6 6881.8 34.9
-2929.7 6887.0 33.8
-2967.7 6885.4 32.7
-2986.0 6884.0 32.2
-3027.5 6887.1 31.0
-3038.0 6881.7 30.7
-3045.3 6883.7 30.5
-3055.8 6885.3 30.3
-3067.2 6885.6 29.9
-2867.7 6892.6 35.5
-2874.0 6897.8 35.4
-2886.2 6893.2 35.0
-2899.5 6897.9 34.6
-2903.9 6892.6 34.5
-2927.1 6892.0 33.9
-2953.7 6895.1 33.1
-2965.8 6896.9 32.8
-2977.6 6894.7 32.5
-2986.7 6893.0 32.2
-2997.2 6898.0 31.9
-3019.9 6897.8 31.3
-3027.0 6895.8 31.1
-3039.9 6896.1 30.7
-3068.2 6894.9 30.0
-3106.5 6895.2 28.9
-2909.8 6906.0 34.4
-2938.9 6906.9 33.6
-2949.0 6904.3 33.3
-2955.6 6904.9 33.1
-2966.1 6902.9 32.8
-2975.5 6904.9 32.6
-2987.4 6907.3 32.2
-2996.5 6905.9 32.0
-3008.3 6903.7 31.7
-3016.0 6906.1 31.4
-3027.4 6907.7 31.1
-3035.2 6902.1 30.9
-3055.4 6905.9 30.4
-3078.9 6906.6 29.7
-2883.8 6916.0 35.2
-2898.9 6916.9 34.8
-2926.7 6913.8 34.0
-2934.6 6913.6 33.7
-2955.1 6913.4 33.2
-2969.0 6912.9 32.8
-2974.3 6918.0 32.7
-2987.0 6917.6 32.3
-3049.7 6912.9 30.5
-3069.2 6912.8 30.0
-3077.6 6917.2 29.8
-3088.3 6915.4 29.5
-3095.1 6916.5 29.3
-3108.5 6914.4 28.9
-2927.7 6926.8 34.0
-2936.4 6927.0 33.8
-2957.7 6927.4 33.2
-2976.9 6927.0 32.6
-2990.0 6925.7 32.3
-2998.0 6925.3 32.0
-3013.6 6921.6 31.6
-3046.9 6923.5 30.7
-2928.7 6933.5 34.0
-2948.2 6937.6 33.5
-2953.9 6934.7 33.3
-3005.1 6936.8 31.9
-3037.7 6936.3 31.0
-3043.6 6936.4 30.8
-2930.0 6943.3 34.0
-2977.5 6946.7 32.7
-2985.9 6943.5 32.5
-3016.8 6944.0 31.6
-3029.6 6944.0 31.2
-3033.6 6947.5 31.1
-2965.1 6957.3 33.1
-3004.3 6953.2 32.0
-3016.8 6956.8 31.7
-2965.7 6962.2 33.1
-3057.7 6964.3 30.5
-3028.0 6977.3 31.4
-3069.3 6975.6 30.3
-3073.5 6977.7 30.2
-3062.5 7131.8 31.0
-3044.3 7156.5 31.4
-3064.8 7160.6 31.0
-3057.5 7166.8 31.1
-3046.8 7182.3 31.4
-3632.4 6668.0 13.6
-3654.3 6667.5 13.4
-3622.4 6681.5 14.2
-3617.4 6686.5 14.4
-3655.0 6692.8 14.4
-3626.3 6701.6 15.0
-3635.5 6698.2 14.7
-3647.9 6697.4 14.6
-3656.6 6700.1 14.8
-3647.8 6706.4 15.1
-3664.8 6709.5 15.2
-3682.9 6710.6 15.3
-3395.0 6718.5 20.0
-3404.0 6716.8 19.6
-3435.8 6718.7 18.5
-3665.1 6720.7 15.8
-3673.8 6721.6 15.9
-3394.6 6727.4 20.2
-3417.1 6727.9 19.5
-3428.6 6727.9 19.1
-3464.0 6731.6 18.0
-3704.1 6727.2 15.9
-3737.4 6730.8 15.5
-3394.2 6736.8 20.3
-3413.5 6737.6 19.8
-3422.4 6740.3 19.6
-3477.5 6740.0 18.2
-3487.5 6738.5 17.9
-3673.2 6740.0 16.2
-3697.4 6738.2 15.9
-3735.0 6738.7 15.5
-3395.0 6750.3 20.3
-3417.7 6746.5 19.8
-3424.4 6746.8 19.6
-3438.6 6748.9 19.3
-3492.5 6748.7 18.3
-3513.1 6749.3 17.9
-3677.2 6749.2 16.2
-3712.3 6750.5 15.8
-3373.5 6757.8 20.9
-3385.4 6756.4 20.6
-3396.4 6759.1 20.4
-3418.3 6761.9 19.9
-3448.6 6756.8 19.2
-3484.9 6758.0 18.7
-3498.2 6759.6 18.5
-3502.9 6756.5 18.4
-3512.5 6757.5 18.2
-3668.2 6761.8 16.3
-3708.5 6761.4 15.8
-3714.3 6759.5 15.7
-3723.2 6760.5 15.6
-3387.5 6768.6 20.6
-3457.7 6770.6 19.3
-3484.8 6768.0 18.8
-3495.6 6772.0 18.7
-3503.3 6770.7 18.6
-3527.0 6772.6 18.2
-3538.5 6771.3 17.9
-3658.5 6769.8 16.4
-3663.8 6767.3 16.4
-3687.3 6769.2 16.1
-3692.7 6767.8 16.0
-3708.2 6769.6 15.8
-3712.3 6767.2 15.8
-3724.3 6772.0 15.6
-3275.6 6778.5 23.7
-3376.9 6777.4 20.9
-3396.0 6780.4 20.5
-3404.6 6780.6 20.3
-3478.5 6780.3 19.1
-3507.6 6778.0 18.6
-3518.2 6782.7 18.5
-3533.8 6777.7 18.2
-3555.7 6783.0 17.7
-3567.0 6782.4 17.6
-3654.3 6776.3 16.5
-3665.7 6780.6 16.3
-3697.1 6781.7 16.0
-3726.5 6782.6 15.6
-3736.6 6779.9 15.5
-3393.3 6791.5 20.7
-3406.1 6790.5 20.4
-3507.2 6791.9 18.8
-3523.2 6787.7 18.5
-3533.8 6792.8 18.4
-3555.6 6786.7 17.7
-3578.8 6787.4 17.4
-3584.8 6791.0 17.4
-3695.0 6787.8 16.0
-3707.1 6786.7 15.8
-3716.6 6788.1 15.7
-3728.7 6789.2 15.6
-3394.1 6798.0 20.7
-3405.2 6797.8 20.4
-3445.3 6800.5 19.7
-3504.1 6797.7 18.9
-3514.6 6799.1 18.8
-3524.7 6801.6 18.6
-3532.4 6800.1 18.5
-3555.9 6800.0 17.8
-3564.8 6802.0 17.7
-3705.6 6802.5 15.9
-3716.7 6802.1 15.7
-3362.6 6811.6 21.4
-3462.1 6807.7 19.7
-3488.5 6812.5 19.3
-3552.4 6810.7 18.1
-3564.4 6810.9 17.7
-3583.9 6807.5 17.4
-3615.2 6811.3 17.0
-3706.6 6808.7 15.9
-3378.1 6820.8 21.1
-3384.6 6817.5 21.1
-3503.7 6818.7 19.2
-3625.0 6819.5 16.9
-3633.8 6817.1 16.8
-3686.6 6821.8 16.2
-3697.7 6817.9 16.0
-3366.9 6827.8 21.4
-3646.4 6827.2 16.7
-3657.7 6826.6 16.5
-3673.5 6829.2 16.3
-3343.7 6837.4 22.1
-3532.6 6836.9 19.0
-3576.0 6842.6 17.7
-3626.1 6841.6 17.0
-3642.7 6839.1 16.8
-3653.4 6841.7 16.6
-3672.1 6840.3 16.4
-3583.3 6852.6 17.6
-3647.1 6848.0 16.7
-3202.2 6860.4 26.1
-3213.6 6860.4 25.8
-3566.3 6860.6 18.6
-3646.7 6856.8 16.8
-3194.8 6871.2 26.3
-3204.9 6867.2 26.0
-3233.4 6870.1 25.3
-3537.1 6866.8 19.3
-3568.2 6867.6 18.7
-3587.1 6869.5 17.9
-3634.8 6870.9 16.9
-3535.8 6882.7 19.5
-3554.2 6877.0 19.1
-3592.3 6876.7 17.8
-3615.5 6881.3 17.2
-3622.3 6882.4 17.1
-3298.1 6887.5 23.5
-3535.5 6892.5 19.7
-3542.2 6889.8 19.5
-3554.8 6889.9 19.3
-3562.9 6890.0 19.1
-3585.2 6891.9 18.6
-3614.8 6887.6 17.3
-3537.7 6901.0 19.7
-3554.9 6903.0 19.5
-3606.1 6900.4 17.7
-3547.2 6911.0 19.7
-3553.2 6906.6 19.6
-3525.3 6917.4 20.1
-3538.5 6920.5 20.0
-3528.2 6926.5 20.2
-3557.5 6929.3 19.8
-3418.9 6817.2 20.2
-3397.1 6826.9 20.8
-3405.5 6831.4 20.7
-3404.2 6837.4 20.7
-3413.2 6843.2 20.6
-3463.1 6842.8 20.2
-3409.5 6850.9 20.7
-3397.7 6860.2 21.0
-3413.0 6862.1 20.7
-3427.5 6856.7 20.3
-3415.7 6872.6 20.7
-3436.2 6871.4 20.4
-3448.8 6867.3 20.4
-3474.7 6870.7 20.4
-3394.7 6879.1 21.2
-3409.3 6879.2 20.9
-3417.1 6877.2 20.7
-3439.1 6879.5 20.5
-3445.4 6876.6 20.5
-3458.6 6879.6 20.6
-3473.4 6883.1 20.6
-3424.2 6891.1 20.7
-3433.5 6887.3 20.5
-3496.1 6888.7 20.3
-3406.3 6897.3 21.1
-3419.5 6901.6 20.8
-3425.0 6902.1 20.8
-3444.7 6901.5 20.8
-3466.8 6901.9 20.8
-3493.5 6899.4 20.5
-3506.0 6902.5 20.3
-3404.6 6907.0 21.2
-3414.4 6911.5 21.0
-3426.5 6907.8 20.8
-3485.1 6906.9 20.8
-3435.5 6920.5 20.9
-3449.5 6919.9 21.0
-3456.1 6919.3 21.1
-3479.2 6918.6 21.0
-3506.8 6922.4 20.6
-3416.6 6930.7 21.1
-3453.1 6932.6 21.2
-3474.9 6926.5 21.1
-3489.3 6929.5 21.0
-3494.1 6929.1 20.9
-3419.2 6937.6 21.2
-3428.6 6938.8 21.0
-3435.6 6937.2 21.1
-3448.9 6939.3 21.2
-3457.8 6939.4 21.3
-3478.4 6941.1 21.2
-3496.8 6939.3 21.1
-3506.1 6941.7 20.9
-3439.5 6948.6 21.2
-3456.7 6946.6 21.4
-3493.3 6947.4 21.2
-3435.8 6961.8 21.3
-3443.3 6956.7 21.4
-3469.2 6956.7 21.5
-3475.9 6959.6 21.5
-3483.7 6958.2 21.4
-3506.2 6960.9 21.2
-3434.4 6972.3 21.4
-3444.3 6971.1 21.5
-3454.7 6968.8 21.6
-3488.1 6968.6 21.5
-3496.7 6968.9 21.5
-3446.5 6982.0 21.7
-3466.2 6980.0 21.8
-3448.2 6988.7 21.8
-3459.0 6989.3 21.9
-3419.0 7003.0 21.7
-3329.2 6827.9 22.4
-3332.2 6836.7 22.4
-3332.9 6847.1 22.4
-3333.8 7025.3 23.2
-3392.5 7022.5 22.3
-3358.3 7043.6 23.0
-3367.3 7046.0 23.0
-3315.7 7051.5 23.8
-3395.4 7094.2 22.9
-3406.6 7092.4 22.7
-3410.1 7097.1 22.7
-3425.0 7094.1 22.7
-3432.3 7091.7 22.7
-3440.7 7097.3 22.9
-3481.6 7091.4 23.0
-3490.4 7094.5 23.0
-3501.7 7096.4 23.0
-3386.3 7103.8 23.1
-3406.1 7107.5 22.9
-3422.3 7104.6 22.8
-3451.0 7103.0 23.0
-3462.0 7106.5 23.2
-3483.6 7104.8 23.2
-3493.6 7103.3 23.1
-3374.7 7112.0 23.3
-3391.5 7114.4 23.1
-3402.9 7113.9 22.9
-3463.8 7113.8 23.3
-3480.2 7111.5 23.3
-3493.2 7114.9 23.2
-3505.4 7115.9 23.2
-3366.6 7121.4 23.6
-3402.3 7121.6 23.0
-3415.7 7123.4 22.9
-3421.3 7123.9 23.0
-3431.7 7123.4 23.1
-3440.7 7124.2 23.2
-3454.5 7123.5 23.3
-3475.1 7123.6 23.4
-3362.3 7135.7 23.7
-3375.8 7132.7 23.5
-3383.3 7136.8 23.4
-3405.4 7133.1 23.1
-3420.6 7136.1 23.1
-3446.7 7133.7 23.3
-3451.3 7137.4 23.4
-3460.6 7136.8 23.5
-3380.7 7143.7 23.5
-3400.6 7143.5 23.2
-3412.5 7144.5 23.1
-3424.4 7146.9 23.3
-3431.9 7144.4 23.3
-3374.0 7157.1 23.7
-3390.1 7153.2 23.5
-3412.4 7153.1 23.2
-3326.3 7162.5 24.2
-3332.0 7167.3 24.2
-3340.6 7162.4 24.1
-3350.6 7162.3 24.0
-3362.9 7163.6 23.9
-3376.3 7163.8 23.8
-3380.3 7161.3 23.7
-6181.0 -8708.1 9.7
-6201.2 -8702.1 9.1
-6174.8 -8694.4 8.9
-6220.2 -8689.1 8.1
-6170.4 -8680.8 8.2
-6180.1 -8680.6 8.0
-6190.2 -8680.4 7.9
-6212.2 -8678.7 7.5
-6251.1 -8682.5 7.3
-6160.4 -8669.8 7.9
-6171.0 -8669.5 7.8
-6274.9 -8673.7 8.1
-6211.3 -8658.8 7.3
-6222.9 -8662.6 7.3
-6235.2 -8658.2 7.5
-6250.8 -8659.7 7.8
-6179.2 -8653.0 8.0
-6189.7 -8652.8 7.8
-6170.5 -8644.6 8.4
-6225.3 -8638.1 7.6
-6232.0 -8639.8 7.6
-6304.5 -8639.4 9.0
-6205.0 -8630.3 8.2
-6213.4 -8633.0 7.9
-6259.4 -8629.0 8.2
-6240.0 -8624.2 7.9
-6260.4 -8624.3 8.3
-6193.0 -8610.9 8.9
-6234.4 -8613.8 8.0
-6289.2 -8613.3 8.9
-6192.3 -8602.2 9.1
-6201.1 -8594.5 9.2
-6213.4 -8592.2 9.0
-6234.4 -8572.9 9.0
-6380.4 -8842.1 11.4
-6391.8 -8838.0 11.3
-6359.2 -8827.7 11.9
-6374.3 -8828.3 11.7
-6395.2 -8833.2 11.3
-6333.7 -8819.9 12.3
-6349.6 -8818.7 12.1
-6370.4 -8823.0 11.8
-6381.3 -8819.5 11.7
-6399.6 -8822.1 11.4
-6351.8 -8807.9 12.2
-6371.1 -8809.7 11.9
-6404.5 -8808.3 11.5
-6409.1 -8808.9 11.4
-6311.7 -8802.8 12.7
-6325.4 -8801.1 12.6
-6340.3 -8801.5 12.4
-6381.5 -8802.8 11.8
-6401.8 -8803.7 11.6
-6270.0 -8788.5 13.2
-6280.7 -8791.8 13.2
-6290.2 -8793.5 13.1
-6350.2 -8790.4 12.3
-6362.3 -8788.7 12.1
-6385.5 -8790.3 11.9
-6392.7 -8791.1 11.8
-6402.8 -8792.9 11.7
-6421.7 -8793.2 11.4
-6264.7 -8780.5 12.9
-6274.9 -8780.5 12.8
-6333.7 -8783.8 12.3
-6339.1 -8779.8 12.0
-6350.8 -8781.1 11.9
-6381.7 -8780.9 11.5
-6389.0 -8780.2 11.4
-6401.1 -8784.0 11.5
-6410.0 -8777.5 11.0
-6422.0 -8781.5 11.1
-6380.6 -8773.7 11.1
-6405.1 -8773.2 10.8
-6409.9 -8770.8 10.6
-6214.7 -8761.1 12.4
-6219.5 -8759.2 12.2
-6241.9 -8762.9 12.2
-6350.7 -8762.9 10.9
-6391.5 -8762.2 10.3
-6403.7 -8759.5 10.0
-6209.0 -8750.1 11.8
-6245.0 -8751.3 11.4
-6415.5 -8747.9 9.2
-6420.4 -8748.4 9.2
-6454.1 -8749.5 8.8
-6411.9 -8743.2 9.0
-6421.9 -8740.6 8.7
-6202.8 -8729.4 10.7
-6250.0 -8730.9 10.2
-6263.2 -8730.6 10.0
-6272.3 -8729.9 9.8
-6253.1 -8721.1 9.6
-6265.0 -8719.1 9.3
-6269.4 -8724.0 9.5
-6285.2 -8718.2 9.0
-6311.2 -8723.9 9.0
-6329.7 -8718.3 8.5
-6393.2 -8719.3 9.0
-6425.1 -8718.6 10.0
-6430.4 -8723.0 9.9
-6310.2 -8710.6 8.2
-6320.3 -8712.3 8.2
-6345.5 -8711.3 8.2
-6393.9 -8711.9 9.5
-6412.0 -8708.0 10.1
-6420.4 -8712.3 10.2
-6232.2 -8702.3 8.7
-6252.5 -8700.5 8.3
-6294.1 -8701.4 7.9
-6321.3 -8700.4 8.2
-6335.2 -8701.4 8.5
-6343.8 -8703.9 8.6
-6254.0 -8690.5 7.7
-6263.0 -8688.1 7.5
-6274.4 -8689.5 7.5
-6332.8 -8688.0 8.9
-6344.6 -8687.8 9.1
-6311.3 -8660.7 8.9
-6343.2 -8661.4 9.4
-6319.4 -8652.2 9.1
-6329.4 -8650.4 9.3
-6504.8 -9076.5 11.9
-6510.2 -9074.1 11.8
-6502.9 -9068.0 11.4
-6509.7 -9067.0 11.5
-6492.4 -9053.4 10.8
-6499.3 -9058.1 10.8
-6510.0 -9052.9 10.8
-6541.6 -9055.8 11.5
-6481.3 -9044.9 10.9
-6490.4 -9046.6 11.1
-6533.2 -9043.1 10.9
-6550.7 -9043.9 11.3
-6482.6 -9038.4 10.9
-6494.6 -9038.5 10.8
-6501.2 -9038.0 10.8
-6508.9 -9035.9 10.9
-6522.4 -9038.1 11.1
-6528.9 -9037.6 11.1
-6495.1 -9027.2 11.1
-6501.1 -9024.5 11.1
-6511.6 -9025.0 10.9
-6528.6 -9023.9 10.6
-6550.8 -9024.8 10.9
-6562.9 -9026.1 11.0
-6491.7 -9017.9 11.0
-6502.3 -9017.9 11.0
-6522.2 -9017.3 10.9
-6532.5 -9016.7 10.8
-6562.5 -9015.2 10.7
-6571.7 -9012.2 10.6
-6500.7 -9008.6 10.8
-6513.4 -9006.0 10.7
-6539.5 -9005.1 10.5
-6581.4 -9003.2 10.4
-6504.0 -8997.0 10.6
-6544.4 -8997.7 10.4
-6559.7 -8995.2 10.3
-6489.4 -8984.9 10.5
-6538.7 -8986.0 10.1
-6559.1 -8986.6 10.1
-6580.8 -8984.3 9.9
-6470.3 -8978.6 10.7
-6489.8 -8975.2 10.4
-6512.2 -8978.5 10.2
-6522.0 -8973.4 10.1
-6551.0 -8975.0 9.8
-6584.0 -8976.0 9.7
-6481.0 -8965.4 10.5
-6512.9 -8962.5 10.2
-6540.2 -8962.5 9.9
-6570.6 -8967.2 9.6
-6580.6 -8967.7 9.5
-6504.2 -8957.5 10.3
-6514.0 -8956.0 10.2
-6524.2 -8957.7 10.1
-6531.9 -8952.4 10.0
-6543.6 -8958.3 9.9
-6583.0 -8955.5 9.4
-6603.8 -8957.6 9.2
-6491.3 -8948.5 10.4
-6503.6 -8948.7 10.3
-6524.9 -8944.0 10.1
-6530.5 -8946.1 10.0
-6540.8 -8944.1 9.9
-6552.5 -8942.4 9.8
-6563.0 -8942.3 9.6
-6584.6 -8944.8 9.4
-6590.0 -8942.8 9.3
-6598.7 -8943.8 9.2
-6489.1 -8934.1 10.5
-6502.9 -8932.8 10.3
-6535.2 -8933.5 10.0
-6559.9 -8936.5 9.7
-6583.5 -8934.6 9.4
-6594.1 -8932.8 9.3
-6600.6 -8932.1 9.2
-6489.0 -8927.9 10.5
-6508.8 -8924.9 10.3
-6531.1 -8926.3 10.0
-6572.1 -8923.2 9.5
-6614.5 -8926.4 9.1
-6620.2 -8924.7 9.0
-6630.8 -8925.1 8.9
-6463.3 -8918.5 10.8
-6469.1 -8916.8 10.7
-6492.3 -8915.5 10.4
-6534.1 -8912.3 10.0
-6582.9 -8915.6 9.4
-6593.5 -8912.8 9.3
-6600.4 -8917.9 9.2
-6619.6 -8916.8 9.0
-6482.7 -8903.4 10.6
-6493.5 -8906.7 10.4
-6515.0 -8902.3 10.2
-6520.7 -8905.1 10.1
-6533.3 -8906.2 10.0
-6542.3 -8906.2 9.9
-6561.0 -8908.2 9.7
-6613.4 -8902.7 9.1
-6624.4 -8903.3 9.0
-6639.8 -8904.4 8.9
-6464.6 -8897.5 10.8
-6471.4 -8896.0 10.7
-6492.6 -8893.5 10.4
-6502.5 -8895.3 10.3
-6523.6 -8892.1 10.1
-6554.0 -8894.2 9.8
-6560.4 -8895.1 9.7
-6569.6 -8893.4 9.6
-6589.6 -8897.1 9.4
-6611.0 -8894.1 9.1
-6623.7 -8892.4 9.0
-6640.2 -8897.4 8.9
-6472.7 -8883.6 10.7
-6484.6 -8885.7 10.5
-6512.6 -8882.1 10.2
-6533.8 -8884.6 10.0
-6565.1 -8884.2 9.6
-6579.6 -8887.5 9.5
-6602.2 -8888.5 9.2
-6614.7 -8888.4 9.1
-6625.0 -8887.1 9.0
-6641.9 -8883.2 9.0
-6662.0 -8885.6 9.1
-6690.8 -8883.2 9.3
-6699.2 -8886.1 9.3
-6478.8 -8874.9 10.6
-6494.8 -8875.0 10.4
-6501.3 -8873.4 10.4
-6509.4 -8877.3 10.3
-6521.1 -8877.1 10.1
-6534.8 -8872.9 10.0
-6564.6 -8875.6 9.6
-6573.7 -8877.3 9.5
-6581.7 -8874.1 9.5
-6592.1 -8872.9 9.3
-6613.2 -8873.3 9.2
-6684.4 -8875.5 9.3
-6423.5 -8865.0 10.8
-6429.9 -8867.3 10.8
-6465.2 -8863.7 10.8
-6474.1 -8863.0 10.7
-6485.1 -8862.7 10.5
-6504.4 -8868.4 10.3
-6508.7 -8864.2 10.3
-6522.6 -8866.3 10.1
-6540.0 -8867.0 9.9
-6604.2 -8862.8 9.3
-6621.4 -8865.2 9.1
-6633.0 -8866.5 9.2
-6651.8 -8862.7 9.3
-6660.5 -8866.7 9.3
-6720.8 -8864.3 9.7
-6742.4 -8868.7 9.8
-6453.5 -8857.4 10.7
-6473.6 -8854.9 10.7
-6489.6 -8852.7 10.5
-6510.5 -8854.4 10.3
-6524.7 -8854.0 10.1
-6532.4 -8856.8 10.0
-6539.4 -8856.7 9.9
-6552.4 -8853.5 9.8
-6562.1 -8858.0 9.7
-6571.8 -8855.7 9.6
-6635.2 -8858.2 9.3
-6653.7 -8857.8 9.4
-6661.0 -8855.8 9.4
-6684.3 -8853.7 9.6
-6689.8 -8856.6 9.6
-6702.7 -8856.8 9.7
-6734.7 -8856.6 9.8
-6740.8 -8858.1 9.9
-6764.4 -8854.7 9.9
-6773.5 -8853.3 9.9
-6431.2 -8843.4 10.8
-6443.1 -8842.5 10.6
-6451.9 -8847.0 10.5
-6470.0 -8844.7 10.5
-6501.0 -8844.2 10.4
-6519.4 -8846.5 10.2
-6538.6 -8844.4 9.9
-6553.6 -8842.3 9.8
-6560.6 -8847.0 9.7
-6571.0 -8843.4 9.6
-6613.5 -8845.6 9.3
-6633.6 -8842.2 9.4
-6651.8 -8843.7 9.5
-6679.7 -8847.9 9.6
-6694.2 -8843.2 9.8
-6699.2 -8844.4 9.8
-6708.6 -8842.1 9.9
-6724.8 -8847.4 9.9
-6753.2 -8847.3 9.9
-6761.5 -8845.8 9.9
-6431.8 -8836.6 10.8
-6454.7 -8836.9 10.6
-6484.8 -8834.1 10.3
-6492.6 -8836.9 10.4
-6498.7 -8833.7 10.4
-6525.1 -8838.6 10.1
-6549.2 -8833.6 9.8
-6558.8 -8838.1 9.7
-6581.4 -8837.0 9.5
-6594.6 -8837.2 9.4
-6619.1 -8833.8 9.4
-6643.5 -8838.6 9.5
-6650.3 -8832.3 9.6
-6658.9 -8838.4 9.6
-6702.1 -8836.2 9.9
-6714.0 -8836.0 9.9
-6741.3 -8837.5 9.9
-6784.5 -8837.6 10.1
-6795.1 -8832.8 10.2
-6821.6 -8834.6 10.3
-6440.8 -8827.9 10.8
-6459.2 -8826.9 10.6
-6483.6 -8824.0 10.3
-6510.2 -8825.6 10.3
-6559.2 -8825.7 9.7
-6571.2 -8823.3 9.6
-6593.1 -8828.5 9.4
-6613.4 -8828.3 9.5
-6654.0 -8828.0 9.7
-6688.9 -8824.4 9.9
-6722.7 -8827.8 10.0
-6768.8 -8823.3 10.3
-6785.1 -8823.3 10.3
-6822.5 -8823.8 10.5
-6839.8 -8824.4 10.6
-6854.3 -8823.8 10.7
-6454.2 -8817.7 10.8
-6463.9 -8816.5 10.6
-6469.7 -8814.5 10.6
-6503.2 -8812.9 10.2
-6513.8 -8812.9 10.1
-6523.5 -8818.7 10.1
-6584.7 -8814.7 9.5
-6602.8 -8812.3 9.6
-6608.6 -8815.6 9.6
-6631.6 -8813.6 9.8
-6672.8 -8815.8 9.9
-6709.2 -8818.6 10.0
-6759.2 -8812.2 10.4
-6770.3 -8815.0 10.4
-6779.7 -8815.9 10.4
-6821.3 -8816.8 10.6
-6829.9 -8815.6 10.6
-6869.6 -8816.7 10.7
-6458.8 -8807.8 10.8
-6503.0 -8804.7 10.3
-6538.7 -8806.4 10.0
-6601.2 -8804.3 9.7
-6624.4 -8806.9 9.9
-6635.1 -8803.3 9.9
-6650.1 -8808.5 9.9
-6661.6 -8805.9 10.0
-6690.4 -8806.5 10.1
-6699.6 -8805.4 10.2
-6724.3 -8806.2 10.3
-6730.2 -8807.8 10.3
-6770.5 -8808.6 10.4
-6874.2 -8802.7 10.7
-6880.4 -8807.4 10.7
-6890.6 -8803.7 10.8
-6470.3 -8796.6 10.8
-6484.4 -8792.4 10.6
-6504.8 -8796.4 10.3
-6511.5 -8793.3 10.3
-6543.1 -8793.0 9.9
-6594.1 -8793.4 9.9
-6663.8 -8797.0 10.1
-6678.7 -8797.4 10.2
-6709.1 -8796.9 10.3
-6723.2 -8793.0 10.3
-6730.5 -8796.6 10.3
-6738.7 -8797.9 10.3
-6791.0 -8797.5 10.5
-6812.9 -8792.8 10.6
-6825.1 -8798.0 10.6
-6830.6 -8798.2 10.6
-6840.7 -8793.8 10.7
-6859.1 -8795.3 10.7
-6891.2 -8795.2 10.8
-6472.8 -8786.1 10.8
-6614.4 -8783.8 9.9
-6644.8 -8786.0 10.1
-6652.2 -8783.0 10.0
-6680.3 -8788.0 10.2
-6691.2 -8784.1 10.2
-6730.0 -8788.1 10.3
-6744.3 -8786.4 10.4
-6749.7 -8783.1 10.3
-6760.5 -8784.6 10.4
-6769.3 -8787.3 10.5
-6780.0 -8785.4 10.5
-6792.4 -8783.3 10.5
-6799.4 -8785.0 10.5
-6831.6 -8784.6 10.6
-6842.2 -8786.0 10.7
-6862.2 -8785.5 10.7
-6893.7 -8787.5 10.8
-6912.2 -8782.5 10.8
-6592.0 -8774.4 9.7
-6623.5 -8776.8 9.8
-6633.2 -8774.0 9.8
-6653.8 -8773.7 9.9
-6673.5 -8776.4 10.0
-6680.5 -8778.5 10.0
-6715.1 -8777.9 10.1
-6731.0 -8775.8 10.1
-6744.9 -8777.4 10.2
-6789.8 -8772.2 10.2
-6799.7 -8772.2 10.3
-6818.8 -8777.6 10.4
-6832.8 -8778.3 10.5
-6859.9 -8773.5 10.5
-6891.2 -8772.3 10.6
-6909.2 -8778.7 10.7
-6918.8 -8773.3 10.4
-6493.8 -8767.4 9.4
-6588.8 -8765.1 9.6
-6613.8 -8767.4 9.6
-6651.5 -8765.7 9.7
-6665.1 -8765.8 9.7
-6669.3 -8763.6 9.7
-6681.0 -8764.4 9.8
-6693.2 -8765.1 9.8
-6713.5 -8768.4 9.9
-6719.4 -8767.6 9.9
-6744.1 -8765.7 10.0
-6751.5 -8763.5 10.0
-6764.7 -8765.8 10.0
-6773.8 -8765.1 10.1
-6778.7 -8764.2 10.1
-6789.6 -8767.5 10.2
-6800.2 -8768.4 10.2
-6814.7 -8764.5 10.2
-6821.1 -8767.2 10.2
-6833.2 -8763.1 10.2
-6838.7 -8766.3 10.3
-6869.5 -8763.6 10.3
-6883.1 -8768.4 10.5
-6891.9 -8766.6 10.4
-6922.4 -8766.8 10.2
-6931.9 -8763.4 10.0
-6594.0 -8757.4 9.5
-6628.8 -8756.7 9.5
-6638.7 -8758.2 9.5
-6651.4 -8752.5 9.4
-6659.2 -8753.1 9.5
-6669.4 -8757.5 9.6
-6682.6 -8756.7 9.6
-6734.5 -8754.0 9.7
-6755.0 -8756.1 9.8
-6764.7 -8758.3 9.9
-6774.2 -8757.4 9.9
-6811.8 -8758.0 10.0
-6832.5 -8752.8 10.0
-6843.3 -8753.2 10.0
-6850.6 -8753.6 10.1
-6880.4 -8753.4 10.2
-6899.1 -8753.1 10.2
-6915.3 -8756.1 10.0
-6920.3 -8756.1 10.0
-6593.6 -8748.2 9.7
-6631.3 -8745.5 9.2
-6662.5 -8746.0 9.4
-6691.9 -8745.6 9.4
-6702.0 -8745.1 9.5
-6718.8 -8748.0 9.6
-6750.2 -8742.3 9.5
-6773.7 -8746.7 9.7
-6814.8 -8743.7 9.8
-6820.0 -8747.7 9.9
-6863.5 -8744.2 9.9
-6873.5 -8747.9 10.0
-6883.8 -8744.8 10.0
-6924.7 -8748.6 9.7
-6604.2 -8737.4 9.3
-6614.9 -8734.4 9.0
-6628.8 -8737.8 9.1
-6660.1 -8738.4 9.2
-6670.5 -8734.3 9.1
-6692.2 -8738.3 9.3
-6703.6 -8736.1 9.3
-6710.8 -8737.9 9.3
-6728.8 -8738.0 9.4
-6750.4 -8738.6 9.5
-6775.0 -8735.9 9.5
-6783.3 -8738.2 9.6
-6812.9 -8733.7 9.6
-6832.1 -8732.2 9.6
-6859.2 -8732.2 9.7
-6870.6 -8736.3 9.8
-6883.8 -8733.8 9.8
-6895.0 -8736.4 9.8
-6913.5 -8738.2 9.6
-6664.2 -8726.0 9.0
-6673.6 -8725.2 9.0
-6682.4 -8726.5 9.0
-6723.2 -8727.9 9.2
-6729.8 -8722.9 9.1
-6760.7 -8723.2 9.2
-6784.9 -8724.0 9.3
-6792.8 -8727.4 9.4
-6813.7 -8727.7 9.5
-6823.8 -8728.5 9.5
-6828.7 -8724.7 9.4
-6840.9 -8725.2 9.5
-6853.3 -8723.7 9.5
-6862.5 -8723.2 9.5
-6871.6 -8726.2 9.6
-6890.2 -8722.2 9.5
-6904.7 -8725.0 9.3
-6911.3 -8727.9 9.3
-6620.9 -8713.3 8.8
-6631.9 -8718.1 8.7
-6641.2 -8717.7 8.7
-6658.7 -8712.2 8.7
-6682.3 -8713.2 8.8
-6699.8 -8713.2 8.8
-6711.5 -8714.8 8.9
-6725.0 -8717.9 9.0
-6751.7 -8714.8 9.0
-6770.3 -8714.4 9.1
-6800.6 -8714.8 9.2
-6810.3 -8716.9 9.2
-6835.3 -8716.2 9.3
-6845.2 -8714.9 9.3
-6850.3 -8718.6 9.4
-6888.9 -8718.1 9.4
-6613.4 -8704.3 9.4
-6642.7 -8704.6 8.5
-6661.0 -8703.0 8.5
-6668.7 -8704.5 8.6
-6702.3 -8706.4 8.7
-6715.0 -8704.5 8.7
-6731.2 -8707.4 8.8
-6739.7 -8707.0 8.8
-6750.8 -8702.9 8.8
-6785.2 -8706.9 9.0
-6791.5 -8703.7 8.9
-6799.8 -8708.1 9.0
-6811.9 -8702.8 9.0
-6820.8 -8703.8 9.0
-6830.1 -8703.0 9.0
-6863.3 -8707.1 9.2
-6599.6 -8693.8 10.3
-6642.9 -8694.2 8.2
-6673.9 -8693.4 8.3
-6679.8 -8692.8 8.4
-6691.0 -8697.0 8.5
-6704.4 -8694.0 8.5
-6762.2 -8698.0 8.7
-6774.2 -8697.1 8.7
-6792.2 -8696.0 8.8
-6809.6 -8698.6 8.9
-6884.5 -8697.3 8.9
-6603.7 -8687.0 10.2
-6621.1 -8685.5 9.3
-6633.6 -8682.3 8.6
-6674.6 -8687.4 8.2
-6688.7 -8686.8 8.3
-6701.0 -8683.8 8.3
-6733.1 -8682.8 8.3
-6771.6 -8685.6 8.5
-6804.5 -8682.7 8.5
-6835.0 -8685.6 8.7
-6601.2 -8678.3 10.5
-6622.4 -8674.2 9.4
-6631.5 -8673.0 8.9
-6650.6 -8676.7 7.9
-6662.4 -8674.6 7.9
-6690.7 -8672.2 8.0
-6702.2 -8676.4 8.1
-6728.9 -8678.7 8.2
-6739.6 -8676.3 8.2
-6753.6 -8678.3 8.3
-6762.9 -8676.7 8.3
-6789.1 -8675.4 8.3
-6612.5 -8667.6 10.1
-6629.4 -8663.9 9.2
-6669.8 -8664.2 7.7
-6680.9 -8662.8 7.7
-6688.8 -8664.8 7.8
-6741.7 -8665.1 8.0
-6609.1 -8657.3 10.5
-6620.2 -8653.9 9.9
-6629.3 -8657.8 9.3
-6654.0 -8656.1 7.9
-6659.3 -8657.9 7.6
-6672.3 -8658.3 7.6
-6684.4 -8657.0 7.6
-6640.2 -8645.0 8.9
-6691.3 -8633.3 7.2
-6718.9 -8637.4 7.4
-6663.2 -8625.6 8.0
-3515.5 7129.1 23.2
-3506.9 7137.1 23.1
-3451.2 7147.1 23.4
-3466.5 7150.8 23.3
-3494.9 7148.4 23.1
-3529.1 7147.3 22.6
-3427.2 7155.6 23.3
-3436.4 7156.4 23.2
-3450.8 7157.1 23.1
-3464.9 7159.6 23.0
-3480.2 7160.3 22.9
-3486.0 7159.2 22.9
-3530.7 7155.3 22.4
-3420.7 7166.6 22.9
-3459.8 7165.7 22.8
-3468.5 7165.8 22.7
-3498.6 7170.1 22.4
-3361.1 7175.4 23.8
-3377.4 7179.2 23.4
-3400.5 7179.0 23.0
-3454.8 7178.7 22.3
-3560.1 7176.4 21.4
-3319.5 7185.7 24.1
-3328.1 7185.3 24.0
-3385.8 7187.0 23.2
-3400.1 7185.2 23.0
-3439.8 7189.8 22.2
-3505.9 7190.2 21.6
-3516.3 7187.4 21.7
-3526.9 7189.6 21.5
-3556.6 7186.6 21.2
-3565.6 7189.6 21.0
-3438.7 7199.7 22.1
-3465.2 7196.6 21.7
-3550.0 7197.7 21.1
-3555.5 7200.3 21.0
-3410.9 7206.4 22.4
-3439.1 7205.2 22.0
-3486.4 7208.7 21.1
-3526.4 7209.7 20.8
-3556.0 7209.3 20.7
-3437.2 7220.6 21.7
-3450.4 7219.6 21.5
-3539.8 7220.5 20.3
-3546.1 7217.7 20.4
-3419.7 7225.8 21.8
-3431.3 7230.6 21.5
-3439.3 7227.0 21.5
-3508.0 7227.1 20.4
-3527.3 7229.6 20.1
-3540.0 7227.4 20.1
-3546.4 7230.7 19.9
-3419.7 7235.0 21.9
-3529.1 7238.0 19.9
-3535.6 7239.2 19.8
-3531.1 7248.1 19.7
-3400.3 7255.2 22.8
-3408.9 7261.3 22.6
-3417.4 7257.2 22.4
-3425.0 7257.0 22.2
-3499.6 7260.3 19.9
-3535.4 7260.3 19.4
-3546.7 7256.3 19.3
-3420.1 7270.4 22.3
-3426.1 7268.8 22.1
-3470.3 7266.2 21.1
-3476.8 7270.5 21.0
-3515.0 7270.4 19.6
-3428.6 7279.9 22.1
-3525.8 7286.3 19.7
-3428.4 7316.7 21.9
-3376.8 7338.2 23.3
-3385.9 7337.0 23.0
-3334.3 7343.5 24.2
-3337.3 7358.0 24.0
-3376.3 7356.5 23.2
-3354.0 7367.6 23.6
-3365.6 7378.3 23.3
-3376.3 7386.0 23.0
-3249.4 7278.0 26.4
-3273.5 7277.8 25.9
-3274.2 7293.0 25.8
-3293.6 7289.8 25.4
-3264.7 7298.6 25.9
-3269.0 7300.7 25.8
-3300.5 7303.2 25.2
-3361.5 7425.8 23.0
-3378.0 7427.5 22.7
-3386.3 7429.2 22.5
-3395.3 7425.8 22.4
-3347.3 7440.5 23.2
-3351.8 7444.1 23.1
-3366.8 7449.0 22.7
-3379.4 7450.4 22.5
-3400.9 7448.1 22.1
-3245.3 7458.1 25.0
-3351.1 7458.0 23.0
-3359.5 7459.8 22.8
-3375.7 7456.3 22.5
-3390.8 7459.6 22.2
-3397.0 7456.4 22.1
-3365.6 7467.9 22.6
-3420.6 7466.5 21.5
-3441.5 7469.2 21.1
-3448.1 7467.3 21.0
-3456.1 7464.8 20.9
-3247.7 7477.5 24.8
-3258.7 7475.8 24.6
-3281.7 7480.5 24.1
-3290.4 7477.5 24.0
-3311.6 7477.0 23.6
-3386.1 7475.4 22.1
-3397.5 7477.0 21.9
-3427.8 7477.9 21.3
-3436.9 7480.0 21.1
-3448.0 7478.1 20.9
-3456.6 7479.5 20.7
-3247.1 7484.2 24.8
-3279.1 7485.5 24.2
-3287.3 7489.3 24.0
-3381.5 7489.2 22.1
-3396.9 7485.6 21.9
-3428.2 7488.2 21.2
-3450.9 7486.5 20.8
-3460.6 7485.3 20.6
-3236.1 7498.3 24.9
-3260.9 7495.2 24.4
-3277.6 7499.5 24.1
-3289.9 7495.3 23.9
-3448.1 7496.1 20.8
-3458.7 7496.8 20.6
-3249.2 7504.4 24.6
-3267.4 7506.9 24.2
-3279.5 7508.0 24.0
-3291.0 7504.8 23.8
-3306.9 7504.9 23.5
-3426.9 7509.9 21.1
-3439.5 7509.2 20.8
-3445.5 7506.2 20.7
-3466.3 7510.0 20.3
-3249.7 7517.9 24.5
-3261.2 7520.2 24.2
-3277.3 7520.4 23.9
-3340.5 7519.8 22.7
-3368.2 7516.5 22.2
-3385.5 7517.9 21.8
-3431.0 7515.5 20.9
-3436.6 7518.8 20.8
-3248.5 7529.9 24.4
-3259.5 7526.1 24.2
-3270.2 7526.9 24.0
-3277.6 7527.8 23.9
-3300.7 7524.3 23.4
-3331.8 7530.7 22.8
-3355.7 7529.3 22.3
-3380.7 7526.0 21.8
-3386.2 7525.7 21.7
-3451.7 7525.0 20.5
-3245.4 7537.0 24.4
-3279.8 7539.0 23.7
-3287.3 7539.7 23.6
-3300.3 7535.8 23.3
-3338.3 7535.4 22.6
-3348.4 7537.2 22.4
-3369.4 7540.4 22.0
-3380.8 7535.1 21.8
-3420.8 7535.5 21.0
-3438.0 7534.6 20.7
-3445.7 7537.9 20.5
-3458.7 7538.5 20.2
-3240.4 7545.5 24.4
-3268.9 7547.2 23.9
-3276.4 7546.1 23.7
-3286.3 7550.6 23.5
-3348.1 7548.2 22.3
-3360.9 7550.6 22.0
-3411.1 7544.5 21.1
-3421.2 7545.7 20.9
-3426.7 7550.2 20.8
-3451.7 7548.7 20.3
-3230.9 7559.0 24.5
-3270.9 7559.9 23.7
-3281.1 7560.7 23.5
-3301.7 7559.0 23.1
-3316.0 7557.4 22.9
-3330.3 7555.0 22.6
-3347.6 7559.5 22.2
-3378.9 7556.1 21.6
-3396.8 7557.0 21.3
-3426.8 7555.2 20.7
-3437.5 7557.7 20.5
-3451.8 7559.9 20.2
-3461.4 7557.0 20.0
-3258.9 7565.1 23.9
-3276.1 7566.8 23.6
-3287.8 7569.9 23.3
-3298.3 7567.0 23.1
-3307.2 7566.0 23.0
-3316.0 7565.8 22.8
-3328.8 7569.9 22.5
-3359.2 7569.4 21.9
-3368.4 7569.7 21.7
-3380.8 7566.7 21.5
-3407.3 7567.3 21.0
-3447.2 7567.5 20.2
-3461.5 7564.3 20.0
-3477.6 7569.1 19.6
-3256.7 7579.7 23.9
-3267.9 7579.8 23.6
-3276.8 7576.9 23.5
-3297.0 7577.8 23.1
-3319.2 7580.3 22.6
-3339.8 7580.1 22.2
-3349.5 7576.3 22.1
-3360.2 7580.5 21.8
-3370.0 7577.9 21.7
-3389.4 7577.0 21.3
-3439.1 7578.0 20.3
-3230.4 7588.8 24.3
-3269.9 7584.6 23.6
-3279.4 7589.2 23.3
-3297.4 7587.9 23.0
-3347.1 7587.8 22.0
-3370.8 7589.6 21.5
-3376.7 7584.1 21.5
-3419.8 7587.6 20.6
-3425.9 7588.0 20.5
-3439.4 7586.8 20.2
-3461.1 7589.8 19.8
-3469.9 7589.3 19.6
-3481.2 7589.5 19.4
-3226.6 7597.3 24.3
-3239.2 7594.9 24.1
-3250.6 7594.1 23.9
-3327.9 7599.6 22.3
-3337.3 7598.7 22.1
-3378.2 7600.0 21.3
-3397.5 7597.6 21.0
-3406.2 7594.3 20.8
-3427.7 7595.9 20.4
-3439.1 7594.2 20.2
-3317.6 7606.3 22.5
-3336.2 7606.8 22.1
-3348.1 7606.0 21.9
-3359.6 7606.9 21.6
-3391.1 7607.6 21.0
-3398.1 7605.9 20.9
-3231.7 7618.8 24.0
-3235.9 7615.3 24.0
-3328.6 7615.0 22.2
-3347.7 7615.0 21.8
-3375.5 7616.1 21.2
-3319.2 7627.3 22.3
-3329.7 7627.0 22.1
-3347.3 7629.2 21.7
-3375.6 7625.3 21.2
-3327.0 7634.7 22.0
-3359.3 7640.6 21.4
-3308.5 7649.3 22.3
-3345.6 7644.4 21.6
-3298.5 7118.6 24.6
-3303.5 7122.7 24.4
-3333.2 7378.4 23.9
-3274.0 7312.6 25.6
-3244.8 7332.2 26.0
-3246.0 7338.7 26.0
-3297.7 7340.8 24.9
-3266.8 7348.7 25.5
-3293.6 7348.5 25.0
-3304.8 7352.5 24.7
-3279.7 7359.2 25.1
-3307.6 7370.0 24.5
-3314.4 7369.4 24.4
-3258.3 7378.5 25.4
-3265.1 7377.3 25.3
-3296.9 7383.3 24.6
-3306.7 7381.9 24.4
-3249.1 7394.9 25.5
-3266.5 7391.3 25.1
-3239.6 7398.4 25.6
-3255.7 7403.4 25.3
-3307.5 7399.7 24.3
-3236.4 7410.2 25.6
-3249.3 7414.8 25.3
-3209.7 7419.3 26.0
-3233.6 7420.6 25.6
-3295.4 7432.7 24.3
-3758.3 6777.7 15.2
-3798.2 6787.3 14.7
-3749.1 6793.9 15.3
-3757.1 6792.3 15.2
-3807.1 6795.6 14.6
-3741.9 6804.6 15.4
-3747.8 6801.5 15.3
-3768.5 6803.9 15.1
-3782.0 6803.4 14.9
-3787.8 6807.7 14.9
-3800.2 6801.4 14.7
-3807.9 6806.5 14.6
-3717.4 6812.8 15.7
-3732.6 6812.8 15.6
-3742.8 6812.6 15.4
-3757.5 6813.0 15.2
-3770.4 6813.0 15.1
-3781.8 6817.2 14.9
-3812.2 6813.6 14.6
-3717.4 6826.5 15.8
-3769.0 6824.4 15.1
-3777.6 6826.1 15.0
-3788.3 6824.1 14.9
-3802.6 6822.8 14.7
-3690.9 6834.4 16.1
-3698.1 6833.2 16.0
-3706.8 6832.9 15.9
-3718.0 6833.0 15.8
-3726.9 6834.2 15.7
-3738.9 6833.2 15.5
-3760.0 6832.4 15.3
-3799.6 6836.8 14.8
-3809.5 6832.8 14.6
-3687.1 6844.3 16.2
-3701.3 6841.6 16.0
-3709.1 6843.8 15.9
-3750.2 6845.6 15.4
-3759.8 6847.4 15.3
-3768.8 6847.9 15.2
-3778.8 6844.0 15.0
-3788.7 6845.6 14.9
-3691.5 6856.5 16.2
-3702.5 6853.3 16.0
-3707.9 6856.3 16.0
-3723.0 6856.9 15.8
-3748.9 6855.4 15.5
-3781.1 6853.6 15.0
-3789.0 6855.9 14.9
-3807.9 6853.4 14.7
-3816.8 6854.0 14.6
-3831.4 6852.9 14.4
-3837.8 6852.2 14.3
-3678.0 6863.4 16.4
-3709.4 6864.5 16.0
-3767.1 6861.7 15.2
-3779.4 6862.3 15.1
-3818.2 6862.5 14.6
-3828.4 6861.7 14.5
-3846.8 6866.8 14.2
-3652.1 6875.8 16.7
-3657.2 6875.3 16.7
-3701.6 6873.3 16.1
-3710.7 6874.3 16.0
-3728.0 6872.2 15.8
-3739.5 6876.3 15.6
-3769.5 6875.1 15.2
-3779.9 6875.4 15.1
-3810.2 6877.4 14.7
-3819.7 6872.1 14.6
-3829.2 6873.0 14.5
-3652.2 6887.7 16.8
-3657.2 6884.1 16.7
-3700.8 6885.4 16.1
-3707.5 6886.9 16.1
-3728.2 6882.9 15.8
-3740.7 6885.2 15.6
-3751.1 6887.2 15.5
-3762.5 6883.6 15.4
-3766.9 6882.2 15.3
-3788.2 6886.2 15.0
-3821.7 6882.8 14.6
-3650.2 6892.1 16.8
-3669.3 6895.8 16.6
-3681.4 6897.0 16.4
-3698.5 6896.5 16.2
-3712.1 6893.3 16.0
-3766.8 6892.0 15.3
-3783.2 6897.0 15.1
-3792.1 6896.3 15.0
-3811.2 6893.8 14.8
-3828.1 6895.1 14.6
-3838.2 6895.6 14.4
-3848.8 6897.0 14.3
-3867.0 6891.9 14.1
-3612.1 6905.4 17.5
-3628.5 6904.3 17.1
-3640.3 6906.5 17.0
-3661.1 6904.4 16.7
-3668.8 6904.2 16.6
-3690.4 6904.3 16.3
-3696.8 6906.7 16.2
-3710.6 6902.4 16.1
-3730.7 6903.0 15.8
-3740.0 6906.1 15.7
-3759.2 6903.6 15.5
-3787.4 6907.0 15.1
-3811.0 6907.4 14.8
-3817.2 6906.9 14.7
-3827.9 6904.8 14.6
-3870.5 6907.6 14.1
-3627.7 6917.4 17.2
-3649.6 6914.9 16.9
-3658.2 6914.5 16.8
-3670.2 6914.9 16.6
-3691.1 6913.0 16.3
-3713.3 6914.9 16.1
-3758.5 6917.4 15.5
-3779.8 6913.1 15.2
-3792.9 6915.7 15.1
-3802.5 6915.2 14.9
-3810.4 6916.2 14.8
-3841.2 6914.8 14.4
-3851.6 6917.7 14.3
-3871.9 6914.9 14.1
-3588.2 6927.6 19.1
-3607.1 6927.8 18.5
-3623.0 6922.3 17.4
-3639.1 6924.5 17.1
-3650.2 6921.8 16.9
-3672.8 6922.9 16.6
-3677.5 6927.4 16.6
-3691.3 6925.3 16.4
-3711.1 6923.5 16.1
-3718.1 6927.5 16.0
-3739.5 6922.3 15.8
-3767.9 6927.5 15.4
-3783.2 6927.5 15.2
-3797.1 6922.5 15.0
-3829.2 6926.6 14.6
-3842.6 6925.8 14.5
-3848.6 6921.9 14.4
-3592.7 6934.5 19.1
-3608.2 6937.9 18.6
-3697.5 6934.8 16.3
-3740.4 6933.5 15.8
-3753.3 6937.1 15.6
-3758.0 6936.0 15.6
-3817.7 6932.5 14.8
-3828.4 6932.3 14.7
-3860.1 6936.8 14.3
-3879.2 6938.0 14.5
-3592.9 6945.4 19.3
-3612.1 6947.8 18.7
-3669.4 6946.4 16.7
-3681.3 6947.7 16.6
-3688.2 6946.7 16.5
-3698.1 6946.6 16.3
-3738.1 6945.9 15.8
-3751.0 6945.2 15.7
-3763.3 6943.7 15.5
-3839.5 6943.1 14.5
-3850.9 6945.2 14.4
-3858.8 6945.0 14.5
-3871.4 6946.9 14.7
-3891.5 6946.0 14.3
-3547.2 6952.1 20.3
-3598.2 6957.1 19.3
-3627.6 6952.7 18.1
-3647.3 6951.7 17.1
-3663.1 6953.0 16.8
-3672.7 6954.5 16.7
-3691.7 6952.0 16.4
-3709.0 6957.8 16.2
-3718.9 6954.6 16.1
-3730.2 6953.6 15.9
-3739.5 6951.6 15.8
-3791.7 6952.8 15.2
-3812.3 6957.7 14.9
-3831.8 6957.4 14.7
-3862.1 6951.8 14.7
-3867.3 6951.9 14.8
-3900.3 6954.8 14.1
-3520.1 6966.6 21.0
-3542.1 6965.9 20.5
-3552.9 6962.9 20.3
-3567.6 6963.4 20.1
-3592.5 6962.8 19.5
-3602.9 6961.8 19.3
-3606.9 6965.2 19.3
-3617.2 6963.6 18.8
-3633.0 6964.0 18.1
-3661.8 6963.3 16.9
-3683.1 6965.7 16.6
-3709.7 6963.3 16.2
-3729.1 6967.6 16.0
-3738.5 6962.5 15.9
-3760.5 6966.7 15.6
-3772.9 6962.4 15.4
-3788.8 6962.5 15.2
-3802.5 6964.4 15.1
-3818.7 6962.3 14.9
-3837.5 6962.3 14.7
-3849.2 6963.2 14.8
-3541.7 6973.0 20.6
-3558.7 6976.7 20.4
-3572.0 6976.0 20.2
-3600.3 6973.9 19.5
-3611.3 6973.8 19.3
-3618.7 6973.8 19.0
-3642.9 6975.6 17.9
-3651.6 6972.7 17.3
-3690.0 6977.8 16.6
-3697.9 6975.6 16.4
-3709.8 6975.7 16.3
-3719.8 6972.4 16.1
-3740.6 6977.2 15.9
-3751.0 6976.1 15.7
-3771.3 6972.3 15.5
-3778.5 6976.1 15.4
-3799.1 6974.7 15.1
-3808.1 6973.1 15.0
-3820.0 6973.1 14.9
-3830.0 6975.3 14.9
-3852.0 6977.8 15.1
-3861.4 6976.1 15.0
-3890.8 6977.0 14.4
-3899.3 6973.5 14.2
-3519.7 6984.7 21.3
-3530.1 6981.4 21.0
-3539.8 6983.5 20.8
-3550.1 6981.6 20.6
-3611.0 6983.8 19.4
-3639.3 6984.7 18.4
-3656.7 6986.1 17.4
-3672.0 6983.4 16.8
-3681.8 6981.4 16.7
-3689.0 6987.0 16.6
-3742.4 6983.8 15.9
-3767.0 6982.6 15.6
-3782.9 6983.9 15.4
-3788.4 6986.6 15.3
-3820.6 6983.0 15.0
-3829.6 6987.2 15.2
-3838.6 6987.8 15.4
-3851.7 6981.6 15.2
-3878.6 6986.7 14.7
-3891.7 6982.5 14.4
-3907.0 6982.1 14.1
-3530.0 6997.1 21.2
-3540.9 6993.0 21.0
-3557.3 6994.3 20.7
-3576.9 6995.0 20.4
-3610.8 6998.0 19.6
-3623.1 6996.1 19.3
-3661.0 6992.3 17.3
-3728.5 6994.4 16.1
-3737.3 6996.1 16.0
-3779.4 6994.3 15.4
-3792.0 6994.2 15.3
-3837.6 6996.3 15.5
-3846.8 6995.3 15.3
-3870.3 6992.5 14.8
-3880.4 6997.1 14.7
-3886.9 6994.1 14.5
-3898.1 6994.9 14.3
-3911.4 6994.0 14.1
-3459.6 7002.3 22.0
-3472.9 7006.4 22.1
-3492.4 7004.6 21.9
-3503.3 7002.2 21.8
-3548.3 7005.5 21.0
-3568.0 7004.9 20.6
-3580.0 7006.9 20.5
-3587.8 7005.6 20.3
-3599.4 7003.5 20.0
-3629.9 7003.9 19.2
-3637.5 7003.4 18.9
-3651.5 7004.4 18.3
-3689.0 7005.9 16.7
-3699.5 7002.5 16.5
-3717.3 7005.3 16.3
-3740.1 7001.7 16.0
-3747.7 7001.5 15.9
-3767.5 7002.5 15.6
-3781.4 7001.4 15.4
-3792.3 7002.0 15.3
-3818.3 7001.4 15.5
-3827.3 7002.8 15.6
-3847.3 7006.4 15.3
-3869.3 7002.5 14.9
-3908.7 7007.3 14.1
-3917.7 7005.9 13.8
-3430.4 7016.4 21.9
-3438.8 7015.4 22.0
-3461.3 7014.6 22.2
-3469.2 7015.7 22.2
-3479.5 7014.9 22.1
-3503.3 7018.0 22.0
-3521.1 7015.5 21.7
-3530.3 7013.0 21.5
-3547.8 7017.1 21.2
-3557.7 7016.2 21.0
-3599.8 7012.9 20.1
-3619.1 7017.1 19.7
-3636.8 7011.8 19.1
-3649.0 7016.6 18.7
-3688.2 7017.8 16.8
-3698.3 7018.0 16.6
-3707.9 7015.5 16.5
-3721.2 7015.3 16.3
-3812.2 7012.6 15.7
-3822.1 7016.0 15.8
-3862.3 7012.4 15.1
-3879.3 7015.0 14.8
-3902.0 7017.3 14.2
-3911.5 7011.5 14.0
-3917.7 7017.0 13.8
-3428.0 7023.2 21.9
-3437.6 7023.2 22.0
-3471.9 7025.3 22.3
-3510.3 7023.1 22.0
-3530.5 7026.5 21.7
-3547.7 7024.2 21.3
-3610.4 7026.0 20.1
-3691.2 7022.0 16.7
-3701.6 7025.1 16.6
-3749.0 7022.4 15.9
-3762.2 7023.9 15.7
-3767.1 7021.5 15.7
-3780.7 7025.2 15.6
-3787.7 7025.9 15.7
-3822.9 7022.9 15.8
-3840.6 7022.2 15.5
-3872.0 7023.1 15.0
-3887.5 7027.9 14.4
-3897.4 7025.6 14.2
-3910.8 7024.2 13.9
-3918.2 7024.3 13.9
-3487.8 7031.5 22.3
-3610.0 7035.5 20.2
-3689.4 7035.0 16.9
-3722.6 7031.7 16.3
-3727.7 7037.1 16.3
-3748.2 7034.4 15.9
-3782.0 7036.4 15.9
-3803.3 7032.8 16.1
-3826.7 7037.0 15.9
-3841.0 7036.4 15.6
-3859.6 7031.9 15.3
-3898.0 7034.8 14.2
-3909.7 7034.6 14.1
-3500.6 7046.2 22.4
-3680.9 7045.4 17.8
-3710.8 7045.0 16.5
-3717.8 7042.2 16.4
-3742.4 7044.5 16.1
-3736.4 7059.4 16.1
-3750.3 7059.1 15.8
-3788.2 7062.3 15.9
-3798.3 7059.4 16.1
-3808.9 7060.5 16.0
-3826.7 7057.2 15.8
-3678.0 7070.9 18.6
-3698.5 7069.1 17.3
-3707.2 7068.2 16.7
-3728.7 7072.9 16.2
-3737.5 7072.9 16.0
-3760.7 7072.5 15.5
-3778.2 7072.2 15.7
-3801.1 7069.7 16.0
-3829.6 7071.2 15.6
-3650.0 7079.3 19.5
-3660.8 7082.1 19.1
-3681.1 7082.3 18.4
-3696.4 7080.9 17.5
-3749.9 7080.1 15.7
-3761.6 7077.5 15.5
-3768.6 7082.2 15.5
-3786.1 7082.7 15.7
-3798.2 7077.7 15.9
-3808.7 7079.6 15.8
-3816.5 7077.4 15.7
-3827.8 7082.1 15.6
-3627.4 7092.6 20.2
-3637.8 7091.2 19.8
-3659.5 7089.7 19.1
-3670.2 7091.1 18.7
-3686.1 7089.3 18.2
-3698.4 7088.7 17.4
-3728.2 7091.4 16.1
-3749.2 7088.4 15.6
-3756.9 7088.9 15.5
-3767.7 7088.2 15.4
-3779.7 7092.3 15.6
-3791.7 7090.9 15.7
-3586.3 7101.0 21.5
-3597.4 7102.7 21.1
-3631.1 7100.4 20.0
-3658.3 7102.8 19.1
-3681.8 7097.8 18.3
-3716.5 7102.1 16.3
-3729.3 7102.8 16.0
-3777.6 7099.0 15.5
-3787.9 7098.2 15.6
-3571.5 7111.8 21.9
-3579.3 7112.3 21.7
-3611.5 7111.1 20.6
-3632.0 7111.2 19.9
-3681.5 7107.9 18.3
-3712.5 7112.7 16.7
-3730.7 7106.7 16.0
-3738.8 7108.7 15.8
-3746.5 7108.4 15.6
-3782.3 7106.7 15.4
-3792.7 7110.3 15.5
-3831.8 7109.6 15.3
-3547.1 7119.1 22.7
-3557.0 7117.1 22.4
-3590.0 7117.0 21.3
-3596.7 7116.7 21.1
-3610.1 7122.3 20.6
-3638.9 7122.8 19.7
-3662.6 7120.3 18.9
-3667.5 7117.9 18.7
-3719.2 7120.4 16.3
-3731.2 7117.6 15.9
-3739.6 7116.6 15.7
-3747.0 7120.9 15.5
-3782.6 7117.4 15.3
-3829.2 7120.9 15.2
-3600.9 7128.9 20.9
-3619.8 7128.0 20.3
-3672.7 7129.6 18.5
-3680.7 7129.7 18.2
-3700.6 7130.8 17.5
-3727.4 7130.7 15.9
-3740.7 7127.0 15.6
-3759.9 7128.6 15.2
-3769.1 7132.7 15.0
-3778.0 7127.2 15.2
-3821.1 7127.3 15.2
-3571.7 7141.5 21.7
-3622.4 7138.8 20.1
-3647.3 7141.8 19.3
-3662.6 7138.7 18.8
-3677.0 7138.3 18.3
-3699.9 7137.1 17.5
-3722.6 7138.8 16.2
-3737.0 7142.3 15.6
-3746.8 7138.9 15.4
-3770.1 7137.5 15.0
-3830.7 7139.2 15.0
-3666.6 7152.7 18.6
-3677.6 7146.6 18.2
-3687.1 7147.9 17.9
-3712.6 7147.9 17.0
-3716.8 7147.4 16.7
-3728.7 7152.3 15.9
-3639.3 7161.6 19.5
-3651.9 7159.0 19.0
-3711.7 7159.3 17.0
-3739.2 7157.0 15.5
-3748.9 7157.9 15.3
-3648.5 7169.5 19.1
-3678.5 7172.2 18.1
-3719.8 7167.5 16.7
-3749.3 7169.6 15.2
-3757.0 7170.6 15.0
-3831.4 7170.5 14.7
-3671.4 7176.5 18.3
-3700.5 7177.2 17.3
-3707.4 7181.9 17.1
-3719.1 7178.4 16.7
-3729.1 7181.5 16.2
-3739.8 7179.1 15.4
-3837.5 7179.0 14.6
-3661.5 7189.7 18.6
-3679.3 7190.0 18.0
-3700.8 7188.2 17.3
-3717.4 7187.9 16.7
-3732.2 7191.9 16.0
-3740.9 7188.7 15.4
-3750.9 7189.7 15.1
-3608.1 7211.4 19.9
-3727.2 7207.9 16.3
-3650.8 7219.0 18.8
-3679.8 7222.4 17.8
-3709.9 7221.1 16.8
-3737.2 7220.9 15.9
-3748.4 7218.8 15.2
-3619.8 7231.7 19.2
-3637.0 7231.5 18.9
-3686.1 7233.1 17.5
-3759.1 7232.6 14.7
-3817.4 7231.1 14.2
-3628.0 7238.3 18.9
-3681.7 7240.6 17.6
-3690.8 7241.5 17.3
-3696.2 7237.0 17.2
-3777.8 7236.6 14.2
-3790.7 7238.8 14.3
-3799.8 7239.8 14.4
-3809.9 7238.9 14.3
-3610.1 7247.4 19.0
-3631.2 7246.8 18.7
-3649.2 7249.3 18.4
-3701.0 7247.8 17.0
-3706.7 7250.4 16.8
-3618.6 7259.6 18.5
-3626.3 7261.9 18.3
-3640.3 7260.4 18.3
-3660.9 7262.8 17.9
-3670.7 7257.0 17.8
-3681.7 7262.0 17.5
-3619.0 7272.5 18.0
-3629.1 7270.4 18.0
-3582.6 7276.9 18.4
-3602.6 7277.2 18.0
-3627.5 7280.6 17.6
-3641.4 7279.5 17.6
-3652.6 7279.7 17.5
-3672.0 7279.0 17.3
-3677.8 7283.0 17.2
-3690.3 7281.3 17.0
-3841.9 7280.1 13.7
-3568.4 7292.9 18.4
-3642.5 7287.5 17.3
-3648.5 7289.1 17.2
-3688.5 7287.4 16.9
-3702.6 7289.7 16.6
-3568.6 7299.0 18.6
-3640.0 7300.7 17.0
-3676.1 7301.3 16.6
-3690.9 7298.9 16.6
-3719.1 7297.1 16.1
-3640.5 7312.4 16.8
-3681.5 7309.6 16.3
-3689.9 7309.0 16.2
-3698.9 7306.7 16.3
-3719.7 7309.1 15.9
-3689.6 7318.0 15.9
-3697.4 7317.3 15.9
-3711.9 7317.7 15.8
-3720.8 7320.6 15.6
-3697.4 7327.4 15.6
-3718.6 7329.9 15.3
-3606.6 7060.1 20.6
-3516.1 7066.6 22.5
-3586.9 7070.3 21.2
-3597.7 7065.7 20.9
-3603.1 7064.6 20.8
-3613.6 7064.4 20.5
-3631.7 7065.7 20.2
-3602.5 7080.0 21.0
-3612.0 7074.3 20.7
-3622.7 7077.4 20.5
-3586.5 7090.1 21.5
-3594.1 7089.0 21.3
-3555.7 7099.1 22.3
-3562.5 7095.8 22.1
-3459.6 7308.4 21.2
-3463.7 7317.3 21.1
-3503.1 7328.2 20.1
-3510.8 7337.9 19.9
-3450.6 7348.8 21.3
-3440.0 7357.7 21.5
-3456.6 7360.7 21.1
-3465.9 7356.4 20.9
-3477.7 7358.0 20.6
-3477.7 7369.9 20.6
-3438.1 7378.3 21.6
-3461.4 7380.3 20.9
-3476.7 7375.9 20.6
-3488.3 7375.5 20.3
-3511.1 7381.2 19.8
-3437.5 7387.1 21.6
-3458.9 7387.3 21.0
-3479.1 7386.5 20.5
-3492.0 7391.3 20.2
-3429.0 7396.8 21.8
-3471.3 7394.8 20.6
-3507.3 7397.5 19.8
-3516.5 7400.5 19.6
-3479.3 7408.8 20.4
-3488.1 7406.1 20.2
-3497.6 7410.3 20.0
-3489.8 7417.7 20.2
-3495.7 7421.3 20.0
-3488.4 7425.5 20.2
-3498.4 7425.3 19.9
-3516.5 7431.4 19.5
-3498.1 7441.0 20.0
