3473.0 7004.0 148.1
3471.8 7013.0 147.9
3491.5 7019.6 147.7
3482.8 7020.6 147.7
3470.7 7018.2 147.8
3461.9 7017.8 147.9
3489.9 7029.7 147.4
3460.3 7043.4 147.2
3483.1 7047.6 147.0
3475.2 7053.1 146.9
3953.1 6767.4 131.6
3950.1 6778.8 132.0
3953.5 6785.7 131.8
3951.0 6818.2 131.8
3957.2 6824.2 131.3
3951.1 6824.5 131.8
3961.1 6838.6 131.0
3951.0 6835.7 131.7
3967.5 6886.5 130.2
3959.0 6884.7 130.7
3951.6 6883.6 131.1
3970.4 6895.7 129.7
3957.1 6894.8 130.7
3961.0 6909.0 130.1
3970.2 6928.1 128.9
3958.0 6925.9 129.9
3967.4 6948.4 128.6
3961.7 6948.5 129.0
3958.8 6956.7 129.1
3969.0 6968.8 128.0
3978.0 6974.9 127.2
3973.4 6972.9 127.6
3978.9 6996.5 127.0
3993.4 7014.9 126.6
3980.9 7016.8 126.9
3727.4 6864.7 141.5
3726.2 6871.7 141.6
3903.0 6758.8 135.0
3886.8 6768.4 136.4
3887.5 6776.8 136.5
3902.8 6789.5 135.4
3876.6 6790.3 137.3
3852.5 6794.9 139.1
3664.8 6897.4 144.7
3666.2 6923.8 144.8
3657.4 6926.0 145.2
3644.7 6928.6 145.7
3665.8 6936.3 144.9
3656.3 6937.3 145.3
3746.2 6955.5 141.5
3743.5 6964.9 141.7
3766.4 6991.3 140.9
3449.4 6429.3 146.2
3441.2 6428.1 146.4
3433.6 6430.4 146.5
3480.0 6437.7 145.4
3460.9 6439.3 145.9
3450.1 6442.0 146.1
3442.8 6440.7 146.3
3398.7 6438.1 147.3
3489.1 6448.1 145.2
3438.2 6447.5 146.4
3389.0 6448.9 147.5
3367.8 6450.0 148.0
3429.9 6463.0 146.6
3419.8 6461.1 146.8
3471.1 6467.8 145.6
3451.1 6468.2 146.1
3411.8 6469.0 147.0
3433.6 6480.9 146.4
3423.2 6479.1 146.7
3369.9 6483.9 148.0
3473.2 6491.1 145.4
3457.8 6487.4 145.8
3444.2 6492.1 146.2
3430.5 6487.5 146.5
3418.7 6491.1 146.8
3468.7 6500.4 145.6
3452.6 6499.1 146.0
3431.5 6499.3 146.5
3422.0 6501.1 146.7
3410.1 6498.1 147.0
3401.8 6499.9 147.2
3469.9 6507.9 145.5
3463.8 6513.8 145.7
3453.2 6509.3 146.0
3410.4 6513.6 147.0
3369.6 6510.4 148.0
3469.1 6519.1 145.6
3463.2 6518.4 145.7
3430.9 6521.7 146.5
3458.0 6528.2 145.9
3412.6 6528.7 147.0
3369.0 6531.0 148.1
3462.4 6541.1 145.8
3448.4 6542.3 146.1
3418.7 6542.4 146.9
3370.8 6537.4 148.1
3471.7 6548.8 145.5
3421.4 6553.4 146.8
3458.7 6561.2 145.9
3452.8 6561.2 146.0
3432.2 6558.0 146.5
3410.0 6559.6 147.1
3403.7 6559.6 147.3
3393.6 6559.5 147.5
3378.0 6560.0 147.9
3367.8 6563.3 148.2
3470.2 6570.6 145.6
3448.3 6569.8 146.2
3440.3 6568.1 146.4
3409.3 6572.0 147.1
3368.3 6568.5 148.2
3473.7 6583.4 145.5
3438.4 6578.1 146.4
3422.6 6578.1 146.8
3412.7 6582.4 147.1
3393.5 6580.5 147.5
3474.3 6589.7 145.5
3459.4 6592.9 145.9
3453.6 6593.8 146.1
3438.9 6591.7 146.4
3418.0 6593.6 146.9
3368.4 6589.3 148.2
3448.8 6601.6 146.2
3428.8 6599.9 146.7
3399.6 6601.9 147.4
3369.0 6597.9 148.2
3438.8 6612.1 146.5
3427.8 6613.7 146.7
3423.8 6612.6 146.8
3400.0 6610.4 147.4
3373.0 6613.7 148.1
3487.8 6622.2 145.2
3451.8 6617.8 146.1
3393.4 6618.0 147.6
3381.7 6623.6 147.9
3368.3 6618.8 148.2
3438.6 6628.0 146.5
3431.1 6633.1 146.7
3413.3 6630.1 147.1
3388.2 6632.3 147.7
3368.4 6633.5 148.2
3472.6 6643.6 145.8
3452.3 6643.7 146.3
3438.8 6641.2 146.6
3428.8 6653.5 147.6
3411.1 6647.9 147.7
3398.6 6649.2 148.1
3421.2 6662.5 148.5
3439.7 6678.2 149.1
3407.8 6682.3 150.8
3399.5 6678.1 150.4
3442.2 6691.8 150.3
3413.4 6693.7 150.9
3442.0 6698.3 151.4
3427.9 6703.7 151.6
3420.8 6699.0 151.2
3552.2 6188.4 149.8
3490.7 6188.4 148.6
3463.2 6198.0 148.2
3444.1 6204.8 148.0
3461.9 6218.1 148.5
3450.9 6212.5 148.2
3459.8 6224.4 148.5
3552.1 6393.1 147.0
3556.4 6399.9 146.4
3552.0 6410.1 145.7
3542.0 6411.4 145.8
3562.4 6422.8 144.5
3553.3 6422.8 144.7
3548.0 6421.1 144.9
3534.3 6418.3 145.4
3528.4 6418.2 145.5
3504.8 6424.3 145.5
3538.3 6429.0 144.5
3512.8 6431.5 144.7
3502.9 6430.0 145.0
3494.4 6429.3 145.3
3593.6 6442.5 142.9
3582.1 6443.5 143.1
3578.3 6441.1 143.2
3546.6 6440.0 143.9
3505.8 6444.3 144.8
3496.7 6443.9 145.0
3583.3 6449.1 143.1
3577.9 6451.0 143.2
3575.9 6458.7 143.3
3563.8 6458.8 143.5
3557.2 6460.1 143.7
3545.8 6458.3 144.0
3515.1 6459.6 144.6
3504.2 6460.3 144.9
3576.6 6469.3 143.2
3554.8 6474.0 143.7
3545.0 6473.3 143.9
3506.8 6470.6 144.8
3563.7 6481.8 143.4
3557.7 6483.4 143.6
3544.6 6482.1 143.9
3515.4 6479.0 144.5
3564.3 6488.4 143.4
3553.6 6491.3 143.6
3544.9 6488.9 143.8
3548.2 6509.1 143.7
3542.8 6521.5 143.7
3618.7 6109.3 148.7
3641.8 6114.3 149.1
3618.7 6117.5 149.0
3601.6 6116.4 148.9
3617.7 6134.4 149.7
3610.4 6136.6 149.7
3602.2 6133.6 149.6
3586.9 6139.5 149.5
3601.8 6147.9 150.0
3597.8 6157.6 150.1
3950.8 5820.5 155.1
3930.8 5820.2 154.8
3981.0 5829.6 155.7
3931.4 5829.2 155.2
4000.9 5848.5 156.7
3996.5 5851.8 156.8
3973.9 5850.1 156.5
3967.1 5851.4 156.5
3952.6 5849.1 156.2
3967.3 5858.5 156.7
3954.5 5857.4 156.6
4015.0 5872.1 156.0
3974.1 5867.6 157.2
3965.3 5869.5 157.1
3943.3 5870.4 156.9
3936.3 5866.7 156.7
3972.1 5880.6 157.4
3963.7 5879.7 157.5
4012.1 5886.3 155.7
3986.5 5889.4 156.6
4021.1 5899.4 155.1
4014.7 5896.5 155.4
4001.7 5897.9 155.9
3944.4 5896.6 158.0
4002.0 5908.6 155.6
4010.9 5920.5 155.0
4007.1 5918.9 155.2
3974.5 5919.9 156.3
3986.6 5926.8 155.7
4000.8 5959.6 154.1
3996.5 5959.0 154.3
3976.7 5956.7 155.2
3967.4 5956.8 155.5
3987.3 5972.2 154.3
3972.1 5968.8 154.9
3961.0 5971.7 155.3
4011.1 5978.1 152.6
4002.8 5976.6 153.3
3994.8 5977.1 153.8
3994.2 5987.3 153.5
3983.7 5987.0 153.9
3974.5 5988.6 154.2
3950.9 5990.9 155.0
4001.4 6000.9 152.3
3997.1 6000.9 152.7
4006.2 6009.1 151.6
3997.1 6011.0 152.3
4001.7 6021.3 151.4
3976.0 6019.9 153.2
3996.5 6030.1 151.5
3975.4 6032.4 152.8
3971.0 6039.7 152.7
3995.2 6048.7 150.7
3994.2 6058.0 150.4
3986.7 6057.6 151.1
3993.3 6067.1 150.1
3981.6 6072.7 150.8
3966.2 6070.6 151.9
3971.9 6080.0 151.3
3936.7 6088.1 151.3
3984.9 6098.1 149.4
3977.4 6100.0 149.9
3984.6 6112.7 149.1
3972.3 6109.3 150.2
3981.7 6120.2 149.1
3975.3 6120.0 149.5
3931.8 6122.3 151.4
3982.2 6137.7 148.3
3945.9 6138.6 150.5
3930.9 6136.4 151.5
3954.5 6147.6 149.6
3976.3 6160.6 147.7
3955.8 6161.1 148.9
3957.4 6170.9 148.4
3955.6 6181.9 148.0
3940.8 6189.6 148.5
3937.3 6189.3 148.8
3200.7 6782.4 143.6
3192.7 6784.0 143.4
3151.5 6798.6 142.8
3202.4 6807.4 143.5
3196.1 6804.4 143.4
3170.0 6817.3 143.1
3173.6 6827.2 143.2
3161.8 6825.9 143.1
3264.6 6842.4 144.5
3256.2 6844.1 144.4
3253.3 6857.2 144.6
3254.2 6876.2 144.8
3261.0 6883.4 145.0
3242.6 6898.2 144.8
3231.8 6894.2 144.6
3220.3 6898.3 144.5
3213.5 6893.8 144.4
3262.2 6904.6 145.1
3256.0 6903.0 145.0
3241.2 6908.0 144.8
3235.9 6904.1 144.7
3263.4 6918.5 145.1
3256.0 6913.4 145.0
3230.9 6914.6 144.7
3226.1 6918.4 144.6
3211.4 6915.5 144.4
3205.4 6917.0 144.3
3265.6 6922.9 145.2
3253.5 6927.1 145.0
3221.5 6923.1 144.6
3200.5 6926.4 144.3
3194.5 6928.2 144.2
3249.6 6932.0 145.0
3232.3 6935.5 144.7
3202.1 6937.8 144.3
3244.6 6944.5 144.9
3220.5 6943.7 144.6
3264.5 6955.9 145.2
3249.9 6954.5 145.0
3234.7 6953.5 144.8
3244.4 6966.6 144.9
3224.1 6964.0 144.7
3191.2 6966.3 144.3
3182.8 6976.7 144.2
3175.1 6975.9 144.1
3213.7 6992.4 144.6
3205.4 6997.7 144.4
3259.8 7013.6 145.2
3239.6 7014.4 144.7
3220.5 7012.7 144.2
3209.9 7012.6 144.0
3175.2 7013.9 144.0
3232.8 7027.3 144.7
3231.2 7034.7 144.6
3192.4 7037.4 143.9
3250.8 7042.8 144.5
3233.5 7043.7 144.2
3226.0 7045.2 144.1
3200.8 7042.9 144.1
3173.9 7044.5 143.5
3170.4 7055.3 143.5
3165.4 7064.7 143.2
3163.9 7094.4 141.9
3364.1 6877.4 147.0
3373.4 6895.1 147.4
3408.5 6905.8 148.7
3370.3 6904.0 147.3
3408.4 6914.7 148.8
3371.1 6914.2 147.3
3420.8 6926.2 149.3
3413.5 6926.4 149.0
3419.0 6936.4 149.4
3352.1 6932.9 146.6
3403.8 6947.6 148.9
3390.1 6948.7 148.4
3383.2 6948.8 148.1
3369.2 6946.6 147.5
3349.4 6944.6 146.7
3382.2 6956.1 148.2
3380.7 6978.2 148.3
3370.5 6977.7 147.9
3359.5 6977.5 147.5
3287.2 6846.7 144.8
3314.8 6874.0 145.5
3276.6 6878.4 145.1
3312.2 6893.4 145.7
3294.0 6894.5 145.5
3293.9 6902.4 145.5
3274.8 6902.7 145.2
3302.5 6912.3 145.6
3295.5 6914.4 145.5
3305.6 6926.1 145.6
3295.8 6928.2 145.5
3311.1 6932.7 145.7
3306.1 6943.9 145.7
3294.5 6946.8 145.5
3315.8 6956.4 145.9
3306.1 6957.8 145.7
3294.4 6955.9 145.5
3284.7 6976.3 145.4
3314.2 6986.4 146.2
3314.6 6995.8 146.4
3307.3 6998.6 146.2
3285.0 6998.4 145.7
3286.4 7007.4 145.8
3310.9 7015.9 146.2
3304.7 7022.9 146.0
3271.9 7023.4 145.1
3286.6 7045.3 145.1
3302.5 7053.3 145.0
3295.3 7054.1 144.9
3283.5 7055.0 144.8
3292.3 7065.9 144.5
3266.1 7068.4 144.2
3255.3 7068.2 144.0
3232.1 7068.4 143.6
3264.1 7098.0 143.6
3253.5 7093.2 143.4
3330.4 6644.7 147.5
3329.7 6649.8 147.4
3311.3 6650.9 147.1
3332.0 6661.9 147.2
3309.0 6661.3 146.9
3332.7 6673.8 147.0
3321.6 6670.7 146.9
3292.0 6673.1 146.5
3330.4 6684.7 146.8
3333.8 6695.4 146.7
3288.9 6714.3 145.8
3289.4 6723.4 145.7
3331.3 6749.5 145.8
3332.0 6763.8 145.5
3323.4 6760.6 145.5
3322.7 6775.1 145.3
3307.8 6772.2 145.1
3311.8 6795.3 144.8
3319.8 6799.1 144.9
3313.7 6801.7 144.8
3304.1 6798.9 144.7
3310.4 6809.3 144.8
3313.2 6821.8 144.9
3298.6 6819.0 144.7
3365.6 6791.2 146.8
3379.1 6799.6 147.4
3376.0 6811.6 147.0
3356.3 6814.4 146.1
3359.7 6820.8 146.2
3444.9 6732.1 152.0
3464.6 6744.4 152.9
3452.0 6740.0 152.2
3444.0 6744.0 151.6
3432.0 6745.1 150.9
3485.6 6751.7 154.1
3452.2 6751.1 152.1
3522.3 6761.6 155.2
3509.9 6760.0 155.4
3506.1 6762.3 155.1
3425.0 6766.0 150.4
3510.1 6774.3 155.2
3513.4 6785.0 154.8
3423.0 6785.4 150.1
3523.5 6790.3 153.1
3513.5 6791.9 154.0
3459.9 6803.3 151.7
3473.1 6811.0 152.3
3466.0 6811.5 151.9
3445.3 6814.2 150.7
3578.9 6482.3 143.1
3601.0 6510.4 142.4
3590.0 6512.0 142.7
3577.1 6512.6 143.0
3567.9 6520.4 143.1
3559.4 6522.1 143.3
3591.1 6530.4 142.6
3569.3 6531.8 143.1
3563.5 6540.1 143.2
3541.4 6561.6 143.8
3547.6 6571.1 143.7
3533.3 6571.3 144.0
3559.5 6582.2 143.4
3552.9 6591.2 143.6
3519.6 6590.3 144.4
3618.5 6605.7 142.0
3602.7 6605.4 142.3
3559.2 6602.5 143.4
3537.2 6603.2 144.0
3531.4 6606.0 144.1
3618.1 6614.0 142.0
3572.7 6614.2 143.1
3550.5 6612.7 143.7
3517.2 6612.8 144.5
3599.9 6622.1 142.4
3511.4 6620.1 144.7
3572.3 6635.4 143.1
3500.5 6636.0 144.9
3573.3 6640.7 143.1
3572.9 6652.0 143.6
3509.5 6649.7 145.1
3578.5 6662.2 143.8
3562.6 6663.5 144.3
3582.2 6672.2 144.4
3571.3 6669.7 144.5
3482.2 6673.9 147.5
3472.5 6670.3 147.5
3572.6 6683.0 145.5
3560.9 6686.1 146.1
3481.3 6683.2 148.2
3468.9 6680.7 148.4
3563.5 6695.2 146.7
3457.8 6702.5 150.8
3569.4 6710.3 147.6
3560.0 6714.6 148.2
3511.1 6712.7 149.6
3568.7 6726.1 148.9
3553.2 6720.9 148.9
3542.3 6722.7 149.4
3533.6 6722.0 149.6
3512.4 6725.6 150.5
3502.8 6722.9 150.6
3481.1 6723.9 152.4
3463.5 6725.0 153.3
3541.4 6732.1 150.1
3502.5 6730.6 151.7
3473.1 6735.2 153.7
3679.5 6637.4 140.5
3671.9 6661.1 141.4
3806.2 6445.0 138.3
3794.9 6441.8 138.8
3807.7 6453.2 138.0
3817.1 6462.5 137.8
3818.8 6470.5 137.7
3828.7 6484.1 137.4
3827.8 6492.2 137.4
3844.6 6515.2 136.9
3854.6 6532.5 136.6
3866.9 6566.0 136.1
3903.9 6245.9 149.0
3932.9 6258.2 147.1
3927.7 6259.0 147.4
3883.9 6255.9 149.8
3926.0 6264.8 147.3
3917.6 6326.5 144.3
3907.2 6328.5 144.5
3903.0 6337.8 144.1
3897.2 6339.1 144.2
3925.5 6349.5 142.4
3913.0 6344.9 143.2
3855.2 6357.7 144.2
3862.7 6379.2 142.4
3866.9 6391.4 141.4
3856.1 6386.5 142.0
3905.6 6410.0 139.2
3853.0 6407.2 140.4
3853.1 6416.1 139.7
3872.9 6438.9 137.5
3856.6 6439.7 137.8
3863.5 6447.2 137.1
3885.6 6459.7 136.2
3875.4 6457.9 136.5
3863.3 6461.0 136.7
3858.6 6460.0 136.8
3874.7 6479.7 136.4
3853.9 6479.0 136.9
3887.8 6487.4 136.0
3854.3 6488.1 136.8
3859.0 6495.9 136.7
3853.2 6506.3 136.7
3885.4 6531.0 135.9
3872.5 6529.8 136.2
3878.9 6538.6 136.0
3885.4 6548.6 135.8
4163.5 6051.5 136.1
4158.0 6054.5 136.4
4147.0 6074.2 136.5
4139.0 6075.4 137.2
4135.8 6095.1 137.2
4138.0 6101.0 136.9
4114.2 6120.4 138.6
4108.8 6119.3 139.1
4099.2 6123.2 139.8
4105.5 6131.2 139.2
4098.7 6130.4 139.7
4129.2 6145.0 137.1
4094.9 6139.3 139.9
4144.8 6154.3 135.4
4157.0 6165.0 133.7
4139.5 6161.6 135.5
4127.3 6165.5 136.5
4094.9 6163.5 139.6
4066.1 6164.0 141.9
4153.5 6174.7 133.5
4125.2 6172.5 136.3
4135.0 6181.0 135.0
4128.3 6179.7 135.7
4103.6 6180.7 138.0
4085.1 6180.4 139.8
4075.3 6184.9 140.5
4135.2 6190.0 134.5
4127.1 6193.3 135.1
4148.6 6199.1 132.7
4126.7 6202.5 134.6
4113.9 6199.2 136.0
4083.7 6202.5 138.8
4079.9 6204.6 139.1
4049.5 6202.9 141.9
3989.2 6202.3 145.3
4116.4 6212.6 135.1
4085.0 6214.8 138.0
4075.9 6210.3 139.2
4064.9 6214.6 140.1
4046.4 6209.9 141.9
3979.7 6214.1 145.5
4055.3 6224.7 140.5
4046.7 6222.0 141.5
4044.6 6231.3 141.3
4039.9 6235.1 141.6
4003.7 6230.0 143.8
4066.6 6239.5 138.7
4056.9 6239.6 139.6
4047.5 6245.1 140.3
4038.2 6243.2 141.3
4003.9 6241.4 143.6
4079.7 6254.3 136.6
4066.7 6252.9 138.0
4039.5 6251.0 140.8
3964.4 6250.0 145.5
4085.2 6259.5 135.8
4077.3 6261.3 136.5
4069.1 6260.2 137.4
4044.8 6262.2 139.7
4037.4 6261.5 140.5
3957.6 6262.9 145.6
4065.3 6269.8 137.3
4038.7 6273.7 139.8
4027.2 6272.6 141.0
4035.7 6281.8 139.7
4017.6 6281.2 141.5
4029.4 6293.8 139.7
4019.1 6303.8 140.1
3954.0 6301.4 144.5
3989.4 6324.2 141.5
3989.0 6331.6 140.9
3975.7 6329.6 141.8
3995.5 6342.1 139.4
3987.6 6340.7 140.2
3973.4 6342.1 141.1
3986.8 6352.7 139.2
3935.7 6349.5 142.0
3966.0 6395.7 137.3
3959.1 6415.3 136.2
3956.1 6422.7 135.8
3913.8 6419.6 138.2
3944.5 6442.5 135.1
3946.8 6454.0 134.0
3924.8 6475.6 135.3
3906.3 6473.8 135.7
3934.9 6482.3 134.2
3926.8 6485.3 135.0
3935.7 6492.5 133.9
3929.8 6493.3 134.5
3936.8 6504.8 133.4
3908.8 6500.0 135.5
3936.0 6510.8 133.4
3936.1 6520.5 133.1
3943.7 6533.3 132.0
3936.1 6532.6 132.9
3908.8 6535.3 135.3
3949.8 6544.6 131.1
3929.8 6543.6 133.3
3936.0 6551.9 132.4
3662.2 7027.5 144.3
3741.2 7039.5 141.2
3691.9 6229.3 152.9
3672.0 6229.2 152.5
3607.6 6231.6 151.4
3650.9 6236.4 152.2
3711.8 6247.0 153.4
3678.8 6260.6 152.9
3656.5 6255.3 152.4
3646.6 6260.5 152.3
3639.3 6258.8 152.1
3599.7 6258.1 151.4
3672.4 6270.4 152.8
3621.5 6266.6 151.8
3707.3 6280.3 153.0
3697.2 6279.5 153.2
3689.9 6275.2 153.2
3672.4 6277.8 152.8
3620.6 6276.1 151.9
3606.8 6280.7 151.6
3599.4 6276.2 151.5
3618.7 6286.2 151.9
3629.1 6300.0 152.2
3620.4 6298.5 152.0
3610.2 6295.9 151.8
3611.4 6306.5 151.9
3700.8 6315.4 150.4
3611.4 6317.1 151.9
3601.7 6320.4 151.8
3616.1 6361.2 148.3
3687.9 6366.4 146.6
3591.3 6365.9 148.4
3589.0 6376.4 147.7
3640.1 6390.5 145.6
3620.6 6385.9 146.3
3588.9 6389.7 146.6
3651.0 6396.9 144.9
3640.6 6398.8 144.9
3629.9 6396.5 145.3
3598.1 6395.3 146.0
3616.8 6416.6 144.0
3596.1 6419.2 144.2
3687.1 6414.9 142.8
3659.1 6411.3 143.6
3649.9 6414.7 143.5
3687.1 6425.7 142.0
3696.9 6433.1 141.2
3688.3 6434.9 141.2
3686.3 6446.0 140.8
3687.2 6461.9 140.7
3695.8 6481.4 140.4
3686.7 6509.6 140.5
3829.8 6362.8 144.3
3804.9 6359.4 145.0
3798.6 6362.0 144.9
3789.9 6362.0 145.1
3754.9 6360.0 145.9
3738.3 6359.4 146.2
3729.2 6360.4 146.3
3834.2 6369.6 143.7
3776.6 6370.8 144.6
3714.6 6374.1 145.5
3776.3 6384.0 143.6
3847.0 6388.3 142.0
3758.2 6393.4 143.2
3728.7 6390.4 144.0
3786.9 6399.3 142.2
3780.3 6401.4 142.2
3770.0 6399.8 142.5
3780.3 6411.7 141.4
3481.9 5868.8 146.4
3542.5 5876.2 148.3
3530.9 5877.5 147.9
3505.9 5874.8 147.1
3493.1 5875.7 146.6
3481.2 5880.1 146.2
3537.0 5887.9 147.9
3481.6 5890.3 146.3
3534.0 5895.9 147.9
3526.1 5896.2 147.6
3513.0 5899.8 147.3
3504.4 5900.0 147.0
3493.5 5900.9 146.7
3546.9 5906.3 148.3
3520.9 5910.5 147.5
3503.3 5907.8 147.0
3492.8 5910.3 146.7
3556.7 5919.7 148.6
3535.2 5919.8 148.0
3522.1 5918.3 147.6
3513.3 5916.2 147.3
3482.1 5917.9 146.4
3544.5 5925.2 148.3
3532.7 5930.1 147.9
3523.8 5925.0 147.6
3512.1 5928.9 147.3
3500.4 5930.3 146.9
3481.8 5929.1 146.4
3553.5 5996.6 148.8
3554.8 6057.4 146.4
3525.0 6106.2 147.9
3523.0 6118.7 148.0
3491.9 6115.4 147.4
3522.7 6127.2 148.2
3407.3 6035.2 144.7
3420.4 6041.8 145.0
3417.0 6058.0 145.1
3396.6 6066.5 144.9
3406.5 6076.7 145.2
3400.6 6074.5 145.1
3436.8 6081.6 145.8
3466.5 6104.9 146.8
3461.7 6104.3 146.7
3470.2 6113.9 147.0
3476.8 6124.1 147.3
3410.0 6123.3 146.1
3478.2 6132.8 147.5
3472.5 6135.6 147.4
3398.1 6141.7 146.2
3431.2 6159.9 147.1
3436.4 6183.1 147.6
3430.6 6194.2 147.6
3420.4 6199.0 147.5
3411.8 6209.8 147.4
3558.0 6167.4 149.5
3537.9 6169.1 149.2
3033.3 6294.3 147.8
3057.8 6307.8 147.8
3014.8 6315.7 148.0
3015.2 6330.6 148.0
3047.0 6336.1 148.0
3026.9 6338.9 148.0
3095.0 6349.7 147.9
3063.0 6349.5 148.0
3056.0 6347.5 148.0
3045.4 6347.7 148.0
3034.9 6344.7 148.0
3026.0 6344.5 148.0
3092.3 6357.2 147.9
3046.5 6354.3 148.0
3124.5 6369.8 147.9
3092.3 6365.8 147.9
3076.5 6370.8 147.9
3104.2 6379.4 147.7
3082.6 6376.9 147.7
3055.6 6379.6 147.6
3047.2 6377.4 147.7
3038.1 6378.8 147.7
3026.3 6378.0 147.7
3073.3 6385.6 147.5
3038.0 6387.2 147.4
3106.8 6395.9 147.2
3095.2 6399.4 147.1
3072.4 6399.2 147.1
3055.1 6395.5 147.2
3016.0 6399.6 147.1
3092.3 6407.1 146.9
3056.3 6407.5 146.9
3047.9 6408.2 146.9
3023.2 6408.4 146.9
3065.3 6420.0 146.5
3055.2 6416.3 146.6
3043.7 6414.5 146.7
3035.0 6414.4 146.7
3026.6 6418.5 146.6
3067.1 6427.9 146.3
3054.1 6426.8 146.4
3032.3 6429.4 146.3
3024.5 6425.4 146.4
3085.0 6437.8 146.1
3053.7 6436.6 146.1
3078.4 6448.2 145.8
3063.7 6445.5 145.8
3054.8 6447.3 145.8
3193.4 6455.7 145.6
3187.1 6459.2 145.5
3072.8 6455.4 145.6
3068.5 6456.3 145.5
3057.8 6456.2 145.5
3185.8 6468.7 145.2
3178.6 6469.9 145.2
3067.9 6464.6 145.3
3178.2 6476.4 145.0
3092.8 6477.6 145.0
3193.3 6489.3 144.9
3177.9 6484.8 144.8
3238.6 6500.3 145.7
3187.3 6497.1 144.8
3177.4 6497.6 144.6
3167.6 6497.7 144.5
3136.7 6500.4 144.3
3106.9 6497.5 144.4
3084.1 6500.7 144.3
3192.4 6510.4 144.9
3187.0 6509.3 144.8
3092.1 6506.4 144.2
3214.4 6514.6 145.3
3185.6 6520.5 144.8
3113.5 6516.9 143.9
3107.4 6515.4 143.9
3113.0 6527.0 143.6
3208.0 6535.6 145.3
3195.2 6536.4 145.1
3123.6 6535.8 143.8
3247.3 6548.9 145.9
3236.2 6548.2 145.8
3215.4 6546.8 145.4
3197.3 6544.4 145.1
3138.2 6549.8 144.1
3128.0 6547.3 143.9
3217.8 6559.6 145.5
3136.3 6560.4 144.1
3218.3 6570.3 145.5
3204.9 6569.1 145.3
3206.9 6577.6 145.3
3195.5 6578.6 145.1
3188.1 6580.7 145.0
3166.1 6577.0 144.6
3143.4 6577.3 144.3
3236.9 6595.7 145.8
3192.4 6599.1 145.1
3186.5 6595.5 145.0
3196.3 6605.5 145.2
3174.3 6616.7 144.8
3163.1 6618.0 144.6
3307.0 6604.4 147.1
3286.2 6606.7 146.8
3279.9 6606.1 146.6
3291.4 6612.7 146.9
3269.1 6615.0 146.5
3297.5 6621.9 147.0
3291.5 6620.5 146.9
3279.3 6622.0 146.7
3268.5 6623.4 146.5
3286.6 6635.7 146.9
3280.1 6630.4 146.8
3269.2 6631.6 146.6
3256.6 6631.4 146.3
3250.3 6634.8 146.3
3258.0 6642.4 146.4
3245.8 6645.5 146.2
3227.3 6645.2 145.9
3266.4 6653.7 146.5
3257.9 6654.5 146.3
3195.6 6653.7 145.4
3231.5 6662.4 145.9
3219.3 6666.8 145.6
3195.4 6666.8 145.3
3226.1 6675.0 145.6
3216.0 6683.6 145.3
3216.6 6690.3 145.2
3206.8 6690.3 145.1
3206.0 6704.6 144.9
3198.1 6706.7 144.7
3270.0 6710.5 145.6
3255.8 6716.6 145.3
3200.3 6712.9 144.6
3268.1 6723.2 145.4
3270.1 6735.7 145.2
3257.2 6730.8 145.1
3211.2 6733.6 144.5
3201.1 6731.1 144.4
3257.4 6744.0 144.9
3241.9 6746.0 144.7
3248.2 6754.1 144.6
3219.2 6754.2 144.2
3271.3 6765.1 144.8
3237.5 6763.2 144.3
3226.9 6766.2 144.2
3235.8 6786.5 144.0
3231.1 6784.3 143.9
3266.3 6796.6 144.2
3257.9 6804.2 144.2
3239.1 6806.4 143.9
3271.9 6815.3 144.4
3255.9 6813.2 144.2
3245.7 6815.1 144.0
3782.3 5846.8 154.3
3769.0 5846.6 154.2
3761.0 5846.2 154.1
3742.1 5846.3 153.9
3723.2 5853.8 154.0
3711.8 5857.3 153.8
3701.2 5855.7 153.5
3669.0 5858.1 152.4
3627.4 5857.3 151.1
3612.4 5854.7 150.6
3752.1 5867.3 154.8
3728.3 5866.0 154.3
3713.1 5863.1 153.8
3701.2 5864.9 153.4
3668.0 5866.9 152.3
3649.3 5867.0 151.7
3642.8 5863.3 151.5
3600.6 5864.8 150.3
3780.4 5876.1 155.5
3750.4 5874.7 154.9
3690.9 5875.4 152.9
3641.6 5874.9 151.5
3618.6 5875.9 150.8
3611.1 5872.4 150.6
3750.2 5883.2 154.8
3742.1 5888.7 154.5
3733.1 5882.3 154.2
3687.8 5887.3 152.9
3638.3 5884.3 151.3
3619.4 5883.8 150.7
3737.7 5897.7 154.3
3698.5 5895.1 153.1
3688.7 5893.0 152.9
3679.2 5893.7 152.5
3659.2 5892.1 151.9
3650.2 5894.9 151.5
3629.4 5898.5 150.8
3608.5 5892.3 150.2
3688.6 5903.4 152.7
3637.9 5906.7 151.1
3779.2 5917.1 155.5
3707.8 5917.4 153.3
3690.1 5913.7 152.7
3677.1 5912.2 152.3
3658.0 5917.4 151.7
3612.1 5912.3 150.3
3769.6 5926.5 155.2
3763.2 5926.4 155.0
3739.8 5926.5 154.3
3708.4 5923.2 153.3
3687.8 5922.1 152.7
3659.4 5922.4 151.8
3638.5 5925.8 151.2
3632.2 5922.6 151.0
3618.7 5922.4 150.6
3610.9 5923.2 150.3
3592.3 5924.1 149.7
3748.1 5933.9 154.5
3741.4 5933.9 154.3
3733.4 5933.1 154.1
3721.7 5947.8 153.8
3617.2 5948.2 150.6
3613.6 5947.8 150.4
3721.7 5953.4 153.8
3707.5 5954.5 153.3
3602.7 5958.1 150.1
3591.0 5952.6 149.8
3578.5 5956.9 149.4
3718.4 5964.9 153.7
3628.0 5963.4 150.9
3622.0 5966.7 150.7
3707.3 5972.3 153.5
3578.4 5972.5 149.4
3672.7 6014.2 150.8
3651.5 6014.8 150.4
3639.2 6014.0 150.3
3629.2 6012.2 150.2
3620.6 6015.5 149.9
3608.6 6013.6 149.8
3597.1 6018.7 149.3
3678.8 6025.3 150.3
3651.3 6026.2 149.8
3629.1 6027.8 149.3
3698.6 6033.3 150.2
3691.3 6034.9 150.0
3661.4 6038.2 149.3
3639.1 6038.2 148.9
3619.9 6035.6 148.7
3673.1 6048.3 149.0
3643.5 6043.8 148.7
3627.9 6042.7 148.5
3693.6 6052.8 149.1
3683.1 6057.2 148.7
3671.2 6057.8 148.4
3659.3 6053.2 148.5
3689.8 6062.5 148.5
3680.1 6064.0 148.2
3693.4 6075.3 147.8
3669.3 6093.0 148.4
3651.4 6093.1 148.3
3641.0 6095.7 148.3
3689.2 6116.3 149.5
3652.0 6118.4 149.3
3732.8 6126.6 150.2
3682.7 6126.3 149.8
3673.1 6128.6 149.9
3719.2 6133.1 150.4
3709.1 6138.2 150.5
3677.6 6136.7 150.2
3731.3 6142.3 150.8
3722.5 6144.0 150.8
3710.0 6146.1 150.8
3701.2 6148.1 150.9
3728.0 6155.2 151.3
3712.7 6158.1 151.3
3711.3 6163.1 151.5
3620.8 6166.0 150.6
3589.1 6173.3 150.2
3589.9 6185.7 150.4
3590.5 6192.6 150.5
3723.0 6203.1 153.1
3528.7 6210.4 149.6
3533.4 6228.4 149.9
3536.6 6237.1 150.1
3505.0 6245.8 149.6
3483.4 6246.8 149.2
3479.5 6250.1 149.2
3449.1 6250.0 148.6
3543.2 6257.7 150.4
3533.6 6257.9 150.2
3499.8 6257.2 149.6
3466.6 6260.5 149.0
3448.9 6259.1 148.7
3528.8 6267.7 150.1
3507.8 6267.3 149.8
3495.1 6265.9 149.5
3489.3 6270.3 149.4
3563.5 6280.0 150.8
3559.6 6280.0 150.7
3545.1 6274.7 150.5
3538.9 6274.4 150.4
3469.0 6277.1 149.1
3384.4 6276.6 147.5
3534.5 6289.6 150.3
3525.2 6288.4 150.1
3543.6 6300.3 150.5
3536.9 6296.4 150.4
3543.9 6308.4 150.6
3525.0 6310.6 150.3
3517.4 6309.9 150.1
3487.1 6308.4 149.5
3378.9 6306.9 147.5
3566.1 6319.2 151.1
3518.1 6316.7 150.2
3508.2 6320.6 150.0
3514.0 6324.8 150.1
3508.5 6325.2 150.0
3518.3 6339.1 150.3
3496.1 6334.5 149.9
3476.9 6340.6 149.5
3496.2 6349.0 150.0
3445.0 6348.3 149.0
3397.2 6350.8 148.1
3373.7 6348.3 147.6
3455.2 6358.1 149.2
3426.9 6356.1 148.7
3409.5 6356.7 148.4
3373.8 6359.8 147.7
3539.7 6364.9 149.5
3517.6 6370.3 149.4
3459.8 6368.6 149.4
3435.8 6370.0 148.9
3429.8 6366.1 148.8
3416.9 6370.1 148.6
3454.0 6377.2 149.3
3424.0 6375.7 148.8
3413.6 6377.5 148.6
3429.1 6389.5 148.9
3406.8 6390.0 148.5
3373.5 6385.6 147.9
3396.3 6404.5 148.4
3394.2 6418.7 147.9
3358.5 5907.3 143.4
3319.7 5907.6 143.8
3285.5 5909.7 144.5
3366.0 5915.8 143.6
3360.7 5918.7 143.5
3348.9 5915.3 143.4
3360.7 5928.0 143.5
3344.5 5923.8 143.6
3328.9 5929.7 144.0
3325.8 5946.2 144.3
3306.3 5946.7 144.7
3288.7 5959.4 145.2
3286.7 5965.4 145.3
3344.6 5977.3 144.4
3339.2 5979.3 144.6
3324.8 5978.3 144.8
3319.4 5976.9 144.9
3349.7 5985.4 144.5
3337.4 5986.6 144.6
3325.9 5985.8 144.8
3256.4 5983.5 145.8
3345.9 5998.7 144.5
3337.1 5994.2 144.6
3327.7 5998.4 144.7
3308.7 5999.5 145.0
3299.3 5998.3 145.2
3285.0 5997.7 145.4
3228.6 5995.6 146.4
3370.0 6008.2 144.1
3357.1 6009.7 144.3
3328.6 6003.5 144.7
3278.9 6006.3 145.6
3178.5 6006.3 147.5
3167.3 6008.3 147.7
3158.0 6004.9 147.9
3144.9 6004.7 148.1
3369.0 6019.6 144.2
3268.3 6019.2 146.0
3256.4 6018.9 146.2
3228.7 6018.2 146.7
3367.7 6025.5 144.3
3256.9 6027.1 146.3
3239.7 6029.1 146.7
3368.1 6039.4 144.4
3309.4 6039.2 145.5
3299.3 6037.8 145.7
3278.8 6039.5 146.1
3259.2 6038.4 146.4
3244.5 6033.1 146.6
3199.2 6038.3 147.6
3147.2 6035.3 148.5
3375.6 6045.4 144.4
3365.2 6044.1 144.6
3356.3 6045.8 144.7
3345.6 6047.4 145.0
3339.4 6049.5 145.1
3315.8 6047.3 145.5
3294.9 6048.3 145.9
3286.0 6047.2 146.1
3275.5 6045.3 146.2
3195.7 6046.1 147.8
3155.5 6049.4 148.5
3149.2 6043.3 148.6
3368.3 6056.4 144.7
3358.3 6059.7 144.9
3335.9 6056.1 145.3
3330.9 6058.2 145.4
3309.0 6055.5 145.8
3298.3 6056.8 146.0
3270.8 6058.5 146.5
3244.9 6057.3 147.0
3240.9 6059.3 147.1
3147.1 6056.0 148.1
3289.9 6068.4 146.3
3278.9 6069.6 146.5
3257.8 6066.6 146.9
3247.9 6064.3 147.0
3239.8 6063.2 147.2
3228.0 6066.4 147.4
3215.6 6066.4 147.7
3375.1 6074.6 144.8
3325.3 6077.1 145.8
3210.3 6079.3 147.7
3187.5 6077.0 147.6
3169.5 6076.1 147.5
3154.7 6078.7 147.2
3148.7 6075.9 147.3
3335.5 6083.9 145.7
3326.2 6083.4 145.8
3197.9 6089.4 147.2
3328.8 6094.1 145.9
3209.6 6095.2 147.0
3366.3 6108.4 145.4
3346.1 6107.6 145.8
3326.7 6104.9 146.1
3339.2 6119.3 146.1
3327.1 6117.1 146.3
3286.2 6118.0 146.8
3279.3 6119.5 146.7
3207.8 6116.7 146.1
3370.3 6127.2 145.6
3329.5 6127.6 146.4
3304.7 6124.8 146.7
3281.1 6125.2 146.4
3250.8 6126.9 146.1
3225.1 6127.3 146.1
3180.6 6124.2 146.2
3135.9 6127.9 146.4
3367.2 6136.4 145.8
3310.4 6139.0 146.1
3248.7 6136.7 146.2
3226.7 6138.3 146.3
3218.7 6138.3 146.3
3180.7 6135.5 146.4
3169.0 6133.9 146.4
3159.5 6135.5 146.5
3136.9 6136.0 146.6
3126.1 6134.2 146.6
3361.0 6148.6 146.1
3229.3 6146.4 146.4
3336.2 6153.2 146.1
3318.9 6158.0 146.3
3226.0 6155.1 146.6
3369.5 6164.0 146.2
3216.1 6169.7 146.8
3198.9 6166.6 146.8
3185.6 6163.5 146.8
3177.7 6169.7 146.9
3120.7 6168.0 147.0
3319.3 6174.5 146.5
3307.9 6173.9 146.6
3228.9 6178.5 146.9
3219.3 6178.5 146.9
3199.6 6174.1 146.9
3157.1 6176.4 147.0
3146.5 6179.2 147.0
3108.6 6176.5 147.1
3339.5 6188.0 146.7
3280.5 6189.2 146.9
3234.6 6183.6 146.9
3229.7 6183.7 146.9
3217.0 6184.6 147.0
3204.7 6188.2 147.0
3199.9 6188.9 147.0
3179.0 6188.4 147.1
3145.6 6184.3 147.1
3130.1 6185.2 147.2
3105.5 6185.8 147.3
3366.5 6195.8 146.7
3355.6 6197.3 146.8
3328.5 6196.4 146.9
3278.5 6197.2 147.0
3229.0 6194.4 147.0
3220.3 6198.6 147.1
3198.5 6197.3 147.1
3179.5 6193.9 147.1
3169.7 6194.9 147.2
3155.9 6196.3 147.3
3150.4 6196.3 147.3
3136.2 6193.4 147.3
3127.8 6195.2 147.4
3108.2 6199.4 147.5
3357.8 6205.1 146.9
3318.4 6205.9 147.0
3290.9 6208.3 147.1
3214.6 6205.6 147.2
3196.0 6208.3 147.3
3189.2 6206.0 147.3
3169.7 6206.1 147.4
3146.9 6207.1 147.5
3135.8 6204.7 147.5
3125.1 6204.4 147.5
3106.1 6209.4 147.6
3358.4 6217.5 147.1
3317.7 6213.8 147.1
3207.5 6217.5 147.4
3185.3 6219.2 147.5
3176.8 6217.1 147.5
3144.8 6214.2 147.6
3129.0 6215.5 147.6
3118.0 6219.2 147.6
3109.4 6219.3 147.6
3348.6 6223.1 147.1
3326.8 6226.6 147.2
3316.8 6226.9 147.2
3310.7 6228.3 147.2
3160.1 6224.4 147.6
3149.2 6225.9 147.6
3134.5 6226.8 147.6
3106.7 6225.7 147.6
3366.7 6233.7 147.2
3356.6 6235.9 147.2
3346.2 6239.1 147.3
3185.2 6236.3 147.5
3147.7 6236.1 147.6
3124.8 6234.5 147.6
3114.9 6239.7 147.6
3359.9 6247.2 147.3
3335.3 6248.1 147.4
3330.4 6247.4 147.4
3300.6 6248.1 147.5
3285.9 6249.4 147.5
3168.4 6243.3 147.5
3158.9 6244.8 147.5
3146.4 6245.6 147.5
3140.0 6244.6 147.5
3129.8 6245.4 147.5
3365.7 6253.8 147.4
3326.6 6256.4 147.5
3296.0 6256.9 147.5
3171.0 6257.2 147.5
3110.6 6258.2 147.5
3358.9 6269.1 147.4
3349.1 6263.4 147.4
3337.2 6266.8 147.4
3327.2 6267.1 147.4
3320.9 6267.7 147.4
3306.3 6266.6 147.4
3300.2 6268.4 147.4
3280.8 6268.6 147.4
3354.6 6275.4 147.4
3320.6 6274.9 147.4
3298.5 6279.3 147.4
3290.3 6277.3 147.4
3274.8 6277.8 147.4
3187.1 6278.1 147.4
3338.6 6286.0 147.4
3305.7 6287.2 147.4
3299.8 6289.4 147.4
3270.2 6286.7 147.4
3245.0 6287.1 147.4
3125.1 6284.6 147.6
3104.7 6284.7 147.6
3306.0 6293.2 147.4
3278.5 6294.2 147.4
3267.9 6298.3 147.4
3259.2 6294.4 147.4
3228.7 6296.2 147.4
3168.9 6296.2 147.5
3137.6 6296.2 147.6
3125.6 6296.6 147.6
3349.6 6304.7 147.3
3315.9 6308.3 147.3
3307.9 6309.7 147.3
3301.0 6306.9 147.3
3278.4 6308.0 147.4
3208.8 6308.8 147.5
3166.5 6307.7 147.6
3110.2 6305.6 147.7
3325.5 6314.7 147.3
3315.4 6315.5 147.3
3229.5 6314.7 147.5
3200.7 6316.5 147.5
3187.1 6315.5 147.6
3155.9 6315.1 147.6
3115.6 6313.3 147.7
3355.2 6327.4 147.3
3210.9 6324.1 147.6
3196.8 6324.2 147.6
3265.1 6338.0 147.5
3256.5 6337.4 147.5
3198.1 6335.6 147.6
3136.8 6333.8 147.8
3130.1 6336.3 147.8
3245.1 6346.7 147.5
3199.9 6347.2 147.7
3210.2 6358.4 147.7
3171.1 6357.3 147.7
3360.3 6347.1 147.3
3288.7 6342.3 147.4
3330.3 6353.8 147.4
3273.5 6356.9 147.5
3332.5 6362.0 147.4
3290.2 6364.1 147.5
3283.8 6367.4 147.5
3270.3 6366.6 147.5
3332.2 6377.5 147.4
3317.8 6372.4 147.4
3298.0 6371.5 147.5
3332.1 6386.4 147.4
3331.9 6392.6 147.3
3189.8 6393.3 147.3
3317.8 6404.4 147.0
3309.5 6406.4 147.0
3223.7 6415.1 146.7
3223.7 6435.6 146.1
3212.0 6433.4 146.2
3312.4 6457.3 146.8
3252.4 6456.5 145.8
3328.7 6463.9 147.1
3312.5 6465.7 146.9
3280.5 6464.5 146.3
3288.8 6475.8 146.5
3270.0 6476.6 146.2
3291.4 6483.7 146.6
3280.5 6486.9 146.4
3260.8 6502.1 146.1
3263.3 6513.5 146.2
3350.9 6489.0 147.6
3349.5 6498.0 147.6
3320.7 6512.3 147.1
3309.0 6512.4 146.9
3320.2 6516.3 147.1
3323.6 6532.4 147.2
3321.2 6542.4 147.1
3303.9 6537.0 146.8
3339.8 6547.6 147.4
3324.3 6549.4 147.2
3324.7 6560.8 147.2
3314.4 6569.6 147.1
3341.6 6589.4 147.6
3333.6 6606.8 147.6
3364.4 6662.5 148.6
3366.9 6672.1 148.5
3371.9 6688.1 148.4
3396.2 6698.2 149.7
3416.4 6711.6 150.7
3363.6 6712.3 147.4
3367.6 6717.9 147.5
3416.6 6729.2 150.3
3396.5 6726.5 149.1
3387.5 6730.3 148.5
3372.1 6730.4 147.6
3364.9 6731.9 147.1
3412.5 6736.8 149.9
3408.3 6742.9 149.6
3383.2 6737.7 148.2
3372.2 6738.0 147.5
3413.8 6750.1 149.8
3403.4 6760.4 149.2
3911.5 5814.5 154.4
3883.7 5818.7 154.3
3919.0 5828.4 155.0
3908.5 5843.5 155.5
3872.4 5842.7 155.1
3903.3 5852.8 155.8
3894.3 5853.6 155.8
3882.4 5854.7 155.7
3920.2 5861.9 156.4
3892.2 5858.5 155.9
3880.4 5859.4 155.9
3898.3 5879.7 156.8
3879.3 5881.6 156.7
3893.5 5889.5 157.2
3794.1 5891.6 156.2
3929.4 5898.7 157.9
3888.9 5901.0 157.6
3884.6 5902.3 157.6
3893.2 5913.0 158.1
3911.7 5923.3 158.6
3904.7 5920.0 158.5
3901.9 5931.1 158.8
3909.5 5942.5 158.2
3892.0 5942.6 158.6
3891.3 5950.2 158.2
3921.5 5972.1 156.8
3909.9 5972.5 157.2
3899.2 5971.0 157.2
3888.8 5970.8 157.0
3940.8 5984.6 155.6
3911.3 5989.9 156.3
3901.3 6014.1 154.8
3900.9 6034.8 153.7
3760.0 6043.8 150.7
3888.7 6053.2 152.4
3898.7 6059.9 152.2
3890.2 6061.1 152.0
3902.6 6070.4 151.7
3892.4 6070.6 151.5
3882.9 6104.2 150.3
3900.2 6114.7 150.9
3889.7 6108.9 150.6
3922.8 6119.8 151.2
3909.1 6118.5 151.1
3859.9 6123.2 150.9
3888.3 6130.0 151.4
3873.0 6133.2 151.4
3744.7 6130.8 150.4
3868.4 6149.8 152.1
3859.0 6153.2 152.2
3878.8 6162.2 152.7
3870.8 6160.3 152.5
3861.2 6159.0 152.4
3740.0 6159.1 151.6
3873.2 6174.3 153.1
3844.5 6173.7 152.9
3832.6 6173.2 152.8
3810.9 6170.4 152.5
3792.1 6171.1 152.4
3851.7 6184.0 153.4
3832.9 6183.4 153.2
3774.8 6183.9 152.8
3808.3 6189.3 153.3
3791.2 6189.2 153.2
3910.0 6199.4 149.9
3813.2 6211.0 154.2
3909.1 6222.5 149.2
3813.9 6221.5 154.6
3778.8 6219.7 154.3
3743.0 6218.7 153.7
3757.1 6249.7 154.3
3744.3 6248.6 154.0
3727.7 6249.3 153.7
3837.4 6256.2 152.0
3789.1 6255.7 153.4
3736.7 6258.4 153.9
3724.2 6258.1 153.7
3805.0 6269.7 152.0
3796.7 6267.5 152.3
3789.9 6266.8 152.5
3734.8 6265.6 153.6
3718.4 6268.0 153.7
3818.5 6276.5 151.2
3784.3 6280.5 151.6
3779.6 6278.8 151.8
3757.7 6276.5 152.4
3750.5 6279.2 152.3
3738.2 6278.2 152.6
3718.5 6274.4 153.2
3824.9 6286.6 150.3
3817.4 6286.5 150.5
3770.4 6285.3 151.4
3759.4 6290.0 151.3
3717.2 6284.8 152.5
3798.1 6296.6 150.0
3769.4 6295.2 150.7
3747.7 6297.7 150.9
3720.4 6299.9 151.2
3847.1 6309.3 148.1
3830.3 6307.3 148.6
3785.3 6319.6 148.5
3844.7 6325.8 146.9
3777.9 6327.9 148.0
3839.0 6334.4 146.3
3806.8 6340.5 146.4
3798.3 6338.8 146.7
3767.5 6340.0 147.2
3774.5 6346.7 146.6
3764.6 6344.6 146.9
4124.2 6665.8 132.5
4114.8 6748.9 131.6
4115.4 6756.0 131.5
4205.7 6777.4 131.1
4053.3 6732.2 130.9
4053.3 6753.7 130.7
4064.1 6775.6 130.7
4060.4 6785.0 130.8
4051.7 6780.7 130.8
4096.1 6720.8 131.8
4097.2 6727.2 131.7
4098.3 6752.1 131.5
4097.9 6770.0 131.3
4104.4 6799.1 131.1
4103.9 6819.1 130.9
4093.9 6826.8 130.7
4096.0 6702.8 132.0
4079.9 6712.5 131.6
4018.1 6708.9 130.6
4004.6 6707.0 130.4
4117.2 6361.7 128.3
4122.4 6377.5 127.9
4140.5 6382.6 128.2
4128.5 6382.3 128.0
4121.9 6386.8 127.9
4146.2 6393.4 128.3
4137.8 6397.5 128.2
4118.6 6392.8 127.9
4098.4 6392.4 127.4
4092.4 6395.3 127.4
4130.8 6405.8 128.1
4119.5 6417.8 128.0
4081.4 6422.9 127.3
4127.8 6435.1 128.4
4092.2 6431.7 127.6
4141.0 6444.0 128.8
4128.8 6443.0 128.5
4119.1 6446.6 128.3
4082.0 6446.9 127.5
4066.1 6443.7 127.1
4138.1 6456.8 128.8
4129.5 6452.3 128.6
4101.4 6454.2 128.0
4088.2 6454.4 127.7
4057.9 6453.1 127.0
4130.2 6465.4 128.7
4111.1 6465.7 128.2
4101.1 6463.5 128.0
4081.5 6465.0 127.6
4061.5 6467.1 127.1
4107.0 6474.5 128.2
4100.1 6474.2 128.0
4050.1 6475.8 126.9
4110.3 6483.3 128.3
4090.7 6487.3 127.8
4082.1 6496.8 127.7
4038.8 6492.1 126.7
4086.9 6503.9 127.8
4058.5 6501.6 127.1
4050.3 6513.5 127.3
4062.1 6523.2 127.8
4038.8 6525.3 127.5
4080.8 6533.1 128.5
4089.7 6544.5 129.0
4252.5 6556.4 132.4
4117.7 6554.0 129.8
4099.1 6555.1 129.5
4091.3 6551.8 129.2
4239.6 6562.1 132.3
4141.5 6565.7 130.6
4278.8 6572.0 133.3
4251.3 6574.6 132.9
4267.5 6584.2 133.5
4250.9 6583.4 133.1
4108.5 6586.1 130.5
4256.4 6592.4 133.5
4112.3 6591.8 130.8
4110.5 6603.0 131.1
4272.4 6616.2 133.6
4107.0 6616.8 131.4
4261.3 6627.7 133.3
4023.9 6983.5 128.0
