6610.6 8463.5 100.0
6460.7 8581.9 104.1
6431.9 8586.0 104.6
6476.6 8602.1 105.0
6789.6 8347.7 100.5
6168.7 8701.4 104.2
5765.3 6295.5 38.0
-6807.5 -7744.7 16.3
-6762.6 -7722.7 16.5
-6712.3 -7761.7 16.0
-6730.1 -7734.4 16.7
-6717.3 -7719.9 16.7
-6735.0 -7701.1 16.7
-6796.6 -7985.8 17.8
-6802.3 -7979.9 17.8
-6400.7 -7703.5 14.7
-6371.8 -8854.6 15.9
-5872.4 -8656.8 15.6
-5842.3 -8788.8 15.7
5883.5 8784.1 104.9
-6677.0 -7659.4 16.7
-6704.2 -7557.9 16.1
-6834.1 -7622.8 16.8
-6944.6 -7256.3 17.9
-6911.9 -7295.0 17.9
-6907.0 -7291.2 17.9
-6486.9 -7361.6 18.4
-6448.8 -6955.6 17.8
5105.6 8851.6 83.5
5008.0 8866.1 80.1
5058.9 8862.5 81.8
5522.1 8842.7 98.0
-6449.2 -4061.2 26.6
-3222.2 8297.7 22.8
-3291.0 8123.9 23.7
-2667.6 6077.2 25.5
-2669.9 6039.9 26.7
-2659.6 6094.4 24.9
-4753.0 8330.0 43.5
-4762.7 8394.0 43.2
-4747.5 8355.5 43.2
-4732.7 8355.5 42.7
-4773.8 8334.6 44.2
-4832.5 8379.1 45.7
-4855.1 8525.2 44.9
-4671.2 8485.6 39.4
-4679.3 8491.0 39.7
5080.5 8835.0 82.9
-2908.6 7710.2 21.1
-6502.4 6605.4 78.6
-6490.0 6576.5 77.9
-6410.0 6563.1 75.8
-6565.1 6288.1 71.3
-6499.0 6377.9 72.6
-6527.9 6342.6 72.1
-6468.1 6460.0 72.8
5666.0 8828.7 101.2
5679.3 8839.0 101.8
5646.1 8867.4 101.1
6252.8 8862.5 107.3
-3345.3 8115.5 24.7
-3232.1 8274.1 22.9
-2935.4 7676.0 20.2
-2897.4 7688.8 21.2
-3277.7 8127.7 23.5
-3888.8 7599.9 27.6
-3337.2 7210.4 26.3
-2815.2 7583.0 21.6
-2884.6 7639.6 21.6
-2933.5 7717.1 20.6
-2983.3 7755.4 21.1
-2908.1 7670.0 21.0
-2692.7 6084.1 24.9
-2654.7 6024.6 26.2
-2669.9 6026.5 26.5
-2410.7 6266.5 22.2
2061.3 8545.0 32.3
2060.8 8534.9 32.3
2030.1 8549.9 32.7
-6171.3 2283.4 32.9
-6919.4 -5220.3 23.0
-6199.7 -6019.2 19.7
-6873.7 -6015.7 18.0
-6540.2 -5934.3 19.7
-6554.9 -5863.8 19.5
-6463.4 -5902.3 19.0
-6817.1 -5513.1 19.7
-6825.0 -5518.1 19.7
-6788.0 -857.9 61.8
-6507.8 6583.6 78.5
-2289.6 6832.7 19.6
4326.2 8223.1 51.2
4381.3 8118.1 53.1
4052.3 8082.1 54.5
5485.9 7866.1 81.5
2049.1 8544.7 32.5
2060.3 8450.6 32.5
6401.4 8538.0 103.2
-6709.7 -6610.5 17.3
-6681.7 -6593.6 16.7
-6463.7 -6692.0 18.1
-6573.1 -6257.6 18.4
-6350.3 -6862.4 18.1
-6486.8 -6730.2 17.9
-6568.8 -6864.2 17.5
-6488.8 -6970.3 18.0
4886.3 8746.1 76.9
4798.2 8813.7 71.9
-6337.6 -7009.0 17.4
-6857.2 -7163.5 17.8
-6467.2 -6895.9 17.9
-6563.0 -6868.0 17.5
-6514.0 -6743.0 17.8
-6594.7 -6544.2 16.4
-6583.3 -6552.6 16.7
-6949.3 -5727.6 21.2
-6885.7 -5755.4 19.2
-6690.3 -5886.9 18.4
-6752.7 -6035.0 19.1
6508.1 8614.6 105.3
6511.1 8635.5 105.8
4054.8 8100.1 54.2
4062.3 8129.2 53.7
-6939.5 -7714.9 17.6
-6547.7 -8420.0 17.4
-6436.3 -8362.7 17.5
-6147.0 -8458.5 16.7
-6151.0 -8450.6 16.8
-6414.9 -8809.6 16.2
-5700.6 -8857.3 16.1
-5693.6 -8858.7 16.1
3941.1 8839.6 48.1
3957.3 8850.1 48.0
3934.8 8762.5 50.5
3942.9 8769.5 50.5
3845.5 8755.3 48.7
-6209.1 -5997.8 20.3
-6820.0 -5526.2 19.5
3676.4 8730.8 45.7
3657.8 8790.4 44.7
3609.7 8698.3 43.8
-5631.4 -8756.0 16.2
-5615.8 -8782.9 16.2
-6789.2 -7285.4 16.8
-6694.5 -7760.3 16.4
-6701.4 -7641.8 16.4
-6694.8 -7637.8 16.4
-6398.4 -7735.9 15.3
-6417.8 -7686.8 14.6
-6814.0 -7297.0 17.0
-6756.6 -7962.0 17.2
5533.9 8841.0 98.3
6581.0 8446.8 99.8
6358.9 8532.7 102.4
5395.2 7858.9 78.8
5508.9 7853.5 81.8
5531.8 7856.4 82.5
5528.0 7873.3 82.8
5545.3 7873.7 83.3
3588.6 8616.6 42.9
3849.3 8617.6 48.0
4132.6 8650.5 54.1
4144.7 8638.3 54.8
3947.5 8480.3 47.8
4117.5 8533.7 54.6
4123.9 8540.3 54.7
5099.0 8835.9 83.7
1880.2 8211.7 35.8
1860.8 8186.1 37.5
-3362.8 8394.1 25.0
2864.5 8824.2 47.2
2772.4 8769.2 48.6
2788.3 8743.3 47.6
2953.3 8863.5 48.4
2851.6 8793.1 47.8
2841.6 8784.6 47.9
2781.7 8772.0 48.7
2604.5 8787.5 44.0
4368.4 8135.4 52.3
4381.8 8127.6 52.8
4392.1 8115.5 53.4
4463.4 8135.5 57.3
4105.0 8150.4 53.0
4071.9 8121.2 53.9
4077.4 8136.4 53.7
2099.6 8328.0 30.9
2809.9 6286.3 30.5
2821.9 6274.5 30.6
6125.3 6726.7 46.6
5487.2 7853.8 81.2
5472.1 7865.2 81.1
5502.3 7866.4 81.9
-6493.1 6553.6 77.8
-2403.5 6248.2 22.2
-2389.4 6265.0 22.0
-2655.8 6052.8 26.5
-2672.2 6054.7 26.5
-2642.2 6045.6 26.2
-2647.9 6027.7 26.3
-2672.9 6097.0 24.6
-2679.4 6106.2 24.1
-2656.2 6070.7 26.0
-2656.6 6107.3 24.4
-6452.9 -7327.4 18.4
-6497.7 -7353.4 18.6
-6506.0 -7373.9 18.3
-6502.5 -5884.5 19.2
-6512.4 -5788.4 20.9
-6594.7 -5834.8 20.0
-6655.4 -5811.9 20.3
-6632.3 -5820.9 20.2
-6619.8 -5793.1 20.9
-6584.7 -6095.0 19.0
-6478.3 -5916.0 19.5
-6589.2 -6238.8 18.0
-6631.4 -5886.1 18.6
-6662.0 -5892.6 18.4
-6574.5 -6534.3 16.4
-6564.9 -6512.4 16.6
-6649.5 -6578.0 16.8
-6643.0 -6550.5 16.4
-6493.7 -6372.8 16.9
-6457.6 -6696.2 18.0
-6461.2 -6686.3 18.1
-6735.0 -6355.8 17.0
-6710.6 -6598.9 17.2
-6671.5 -6578.3 16.5
-6677.6 -6557.6 16.4
-6837.5 -6420.0 17.1
-6408.2 -8307.7 17.9
-6246.9 -8426.4 16.8
-6433.7 -7703.9 15.1
-6462.6 -7701.6 15.4
-6379.8 -7723.0 14.8
-6895.1 -7687.2 16.8
-6928.7 -7705.1 17.4
-6950.9 -7721.5 17.8
-6857.9 -7788.2 17.0
-6798.2 -7757.2 16.3
-6781.4 -7749.0 16.1
-6727.9 -7789.3 15.7
-6716.6 -7765.3 15.8
-6696.7 -7752.0 16.7
-6727.2 -7725.6 16.7
-6763.2 -7964.7 17.3
-6491.2 -6724.5 17.9
-6470.6 -6708.4 18.0
-6459.7 -6750.7 18.2
-6311.3 -6836.9 17.6
-5874.7 -7757.1 15.2
-6469.7 -6900.1 17.9
-6471.8 -6894.8 17.9
-6465.3 -6959.7 17.6
-6327.8 -7012.1 17.3
-6326.6 -7026.0 17.4
-6337.6 -6955.8 17.7
-6350.9 -6889.8 18.0
-6324.2 -6949.8 17.5
-6287.8 -6981.7 16.8
-6935.1 -7708.8 17.5
-6908.5 -7662.3 17.6
-6915.0 -7648.5 17.6
-6861.9 -7662.4 16.6
-6918.4 -7680.9 17.4
-6904.2 -7639.2 17.5
-6765.8 -7729.4 16.2
-6718.0 -7699.4 16.7
-6742.9 -7671.1 16.7
-6693.3 -7555.5 16.1
-6638.6 -6812.5 17.3
-6931.7 -7301.1 17.9
-6923.8 -7298.8 17.9
-6819.3 -7289.6 17.1
-6916.6 -7328.8 17.9
-6886.6 -7307.2 17.9
-6461.5 6460.8 72.5
6259.6 8834.2 106.8
-6545.9 -6239.2 18.3
-6574.6 -6244.5 18.2
-6651.5 -1287.6 57.2
-6662.8 -6584.4 16.7
-6464.2 -6343.8 17.6
-6742.6 -7801.4 15.9
-5629.4 -8665.8 16.1
2951.4 8849.9 48.0
3124.3 8544.7 38.3
3194.9 8566.7 40.2
3212.2 8580.2 40.2
2808.0 8748.3 47.8
-6549.3 -6264.7 18.7
-6517.9 -5781.9 21.0
-6596.6 -5791.8 21.0
3568.9 8596.0 42.3
3574.7 8594.6 42.4
3562.0 8642.1 42.5
3579.7 8632.0 42.8
5799.7 8775.5 103.3
5797.4 8845.8 104.3
5808.7 8846.2 104.6
5653.9 8878.3 100.4
6615.5 8455.2 99.7
6581.7 8483.9 100.6
6607.1 8454.2 99.8
6434.4 8594.1 105.0
5647.6 8241.4 93.5
3862.1 8749.7 49.2
3938.5 8783.2 49.9
-6655.1 -5782.8 20.8
-6931.9 -5776.1 19.4
-6600.6 -5898.8 18.6
-6671.3 -5876.1 18.7
-6453.0 -5895.3 19.2
-6578.4 -5948.5 19.6
-6730.6 -6140.2 18.1
-6610.9 -6103.9 18.9
-6746.2 -5647.9 20.0
-6894.1 -6024.8 17.8
-6332.7 -7022.5 17.5
-6333.9 -6999.7 17.4
-6327.1 -7032.3 17.5
-6483.0 -7368.8 18.1
-6340.4 -8826.6 16.0
-6297.9 -8822.6 16.0
-6770.8 -7955.5 17.3
-5843.9 -8807.2 15.7
-6158.8 -8461.9 16.6
-6652.7 -5892.4 18.4
-6862.2 -5585.9 19.8
-6838.1 -5504.9 20.1
-6829.1 -5503.9 20.0
-6821.4 -5504.4 19.9
-6818.8 -5468.1 20.6
-6663.8 -5768.0 20.7
-6624.3 -5800.2 20.7
-6752.5 -862.4 60.7
-6449.5 -6345.6 17.5
-6169.9 -5991.7 20.3
-6179.5 -5990.2 20.4
-6854.4 -6018.8 18.2
-6757.2 -6076.4 18.6
5427.8 7862.0 79.8
2040.1 8518.1 32.6
2039.6 8538.1 32.6
-6792.7 -933.3 59.6
-6474.9 -4057.5 26.3
-6290.4 -8824.8 16.0
-5695.2 -8776.2 16.0
-5667.8 -8753.9 16.1
-6840.9 -5518.5 19.8
-6691.4 -5758.0 20.2
-6684.4 -5746.0 20.6
-6477.6 -7366.2 18.1
-6914.9 -7332.2 17.9
-6744.1 -7712.7 16.7
-6558.1 -8428.4 17.6
-6908.9 -7640.5 17.6
-6492.2 -6356.9 17.2
5075.5 8826.1 82.9
6415.2 8544.1 103.3
-4731.8 8375.4 42.5
-3339.9 7215.6 26.2
-2886.0 7701.0 21.6
-2881.1 7669.3 21.6
-2858.1 7683.1 21.7
-2823.5 7594.2 21.6
-3243.1 8138.4 22.8
-3240.5 8251.6 23.0
-4783.5 8341.6 44.5
-4779.4 8357.8 44.2
5464.9 7855.4 80.6
5511.7 7866.4 82.2
-6484.6 6397.9 72.8
-6162.2 2271.2 33.1
-6161.2 -8454.3 16.7
4813.3 8768.1 74.2
5080.4 8828.4 83.1
5066.4 8862.1 82.1
-3319.7 7192.1 26.6
-6399.3 -8808.3 16.2
-6420.9 -8805.0 16.2
-6337.8 -8856.1 15.8
-6344.1 -8823.4 16.1
-6317.3 -8838.2 15.9
-6316.9 -8843.4 15.9
-6290.7 -8861.6 15.8
-6387.3 -8752.2 15.9
-6344.6 -8704.0 16.1
4951.5 8760.4 79.4
-6581.1 -8543.2 18.1
-6585.4 -8534.3 18.2
-6540.7 -8409.8 17.5
-6432.3 -8358.6 17.5
-6256.0 -8436.3 16.6
2952.2 8857.6 48.2
4947.3 8713.7 79.3
-2954.1 7702.9 19.6
-5602.1 -8666.6 16.2
-5614.6 -8658.6 16.1
-5651.5 -8748.4 16.1
-5687.3 -8709.2 16.0
-5652.1 -8696.6 16.1
-6032.7 -8853.4 15.7
-6031.1 -8847.8 15.8
-5830.3 -8831.6 15.8
-5832.2 -8794.2 15.8
-5847.3 -8791.1 15.7
-5682.3 -8771.3 16.1
-5705.2 -2487.8 51.1
-6706.6 -6367.6 16.8
-6509.2 6597.6 78.7
2926.5 8840.9 47.6
3920.1 8780.0 49.8
-6246.2 -8198.9 15.4
-5884.5 -8672.5 15.4
-6450.8 -4052.0 26.7
-6174.4 -6013.1 20.0
-6626.7 -6118.8 18.7
-6488.1 -6337.1 17.8
-6585.0 -6247.5 18.2
-6621.9 -5891.4 18.6
-6511.1 -5780.7 20.9
-6660.3 -5791.5 20.7
2781.3 6324.2 29.4
4044.0 8134.4 53.5
5062.9 8869.2 82.1
4132.3 8531.4 54.8
4127.4 8180.5 52.3
6339.2 8531.5 102.1
-6351.7 -6835.6 18.2
-6542.3 -6868.4 17.6
-6476.0 -6964.5 17.5
-6260.2 -6825.0 16.9
-6737.9 -7674.2 16.7
-6418.2 -7719.5 15.2
-6911.7 -7230.4 17.9
-6947.8 -7263.1 17.9
-6482.1 -7359.1 18.3
-6415.0 -8806.4 16.2
-6502.3 -8249.4 17.4
-6060.1 -8809.5 16.0
-6896.7 -6032.5 17.8
-6198.1 -5998.2 20.3
-6849.8 -5519.2 19.9
-6832.5 -5518.4 19.7
-6910.8 -5220.7 23.0
-6756.6 -6159.7 17.9
-6594.5 -5896.1 18.6
-6478.1 -6736.9 17.9
-6678.0 -6734.7 17.2
-6691.8 -6598.0 16.9
-6895.4 -7667.4 17.2
-6941.8 -7684.6 17.9
-6906.5 -7645.3 17.6
-6777.1 -7746.6 16.0
-6486.4 -7380.4 18.0
-6286.3 -8862.0 15.8
-5698.2 -8880.1 16.1
-2681.7 5977.0 24.0
-2282.3 6773.4 20.1
5723.9 8523.9 98.2
5811.0 8849.1 104.7
6443.5 8538.8 103.1
2086.5 8365.7 31.4
-6514.3 6546.3 78.1
-6492.2 6594.7 78.2
-3374.2 8399.5 25.4
-4037.0 8009.1 35.1
-6490.5 -7400.8 17.6
-6479.8 -7390.2 17.6
-6469.1 -7379.7 17.6
-6458.2 -7369.4 17.5
-6447.3 -7359.1 17.5
-6436.4 -7348.7 17.5
-6425.5 -7338.4 17.4
-6414.6 -7328.1 17.4
-6403.7 -7317.8 17.4
-6383.8 -7299.0 17.3
-6845.1 -7796.1 17.0
-6821.1 -7782.4 16.7
399.5 8453.2 24.1
414.5 8454.4 24.1
429.5 8455.5 24.0
453.1 8457.4 24.3
-6397.6 -5965.3 20.1
-6386.1 -5955.7 20.1
-6372.6 -5949.5 20.0
-6358.5 -5944.3 19.9
-6348.3 -5937.3 19.8
-6353.2 -5923.1 19.7
-6358.1 -5908.9 19.3
-6362.9 -5894.7 18.7
-6367.8 -5880.5 18.3
-6372.7 -5866.3 18.9
-6377.6 -5852.2 19.4
-6382.4 -5838.0 19.7
-6387.3 -5823.8 19.9
-6392.2 -5809.6 20.0
-6397.4 -5794.4 20.2
-6474.2 -6879.9 18.0
-6448.5 -6874.7 18.1
-1945.5 8046.7 18.4
-1930.5 8046.3 18.5
-1915.5 8046.0 18.5
-1900.5 8045.7 18.6
-1885.5 8045.3 18.6
-1862.2 8044.8 18.7
-1930.0 5540.0 17.0
-1916.5 5533.5 17.2
-1903.0 5527.1 17.4
-1889.4 5520.6 17.6
-1875.9 5514.2 17.9
-1862.9 5513.7 18.1
-1851.0 5522.8 18.2
-1839.1 5531.9 18.3
-1827.1 5541.0 18.3
-1815.2 5550.0 18.3
-1803.3 5559.1 18.4
-1791.3 5568.2 18.4
-1779.4 5577.3 18.5
-1767.5 5586.4 18.5
-1755.5 5595.5 18.6
-1742.5 5603.0 18.7
-1729.5 5610.3 18.8
-1716.4 5617.6 18.9
-1703.4 5625.1 18.9
-1690.9 5633.4 19.0
-1678.3 5641.6 19.1
-1665.9 5650.0 19.1
-1654.2 5659.4 19.3
-1643.0 5669.3 19.5
-1633.8 5681.1 19.9
-1624.6 5693.0 20.0
-1615.4 5704.8 20.5
-1606.2 5716.6 20.9
-1599.5 5730.0 21.0
-1592.8 5743.5 20.8
-1586.2 5757.0 20.6
-1579.6 5770.4 19.8
-1573.8 5784.2 19.5
-1568.6 5798.3 20.1
-1563.4 5812.4 21.3
-1554.3 5837.0 23.3
-6975.3 5717.2 65.8
-6966.2 5729.1 66.7
-6950.9 5749.4 68.2
-2370.2 5889.5 21.4
-2356.2 5895.1 21.4
-2342.3 5900.6 20.8
-2328.4 5906.2 20.2
-2310.3 5913.5 19.5
-6575.3 -1100.3 54.0
-6575.2 -1085.3 54.5
-6575.2 -1070.3 55.2
-6575.1 -1055.3 55.9
-6575.1 -1031.6 56.9
2737.7 6343.2 29.7
2733.0 6357.5 29.6
2728.3 6371.7 29.5
2723.5 6385.9 29.4
2718.8 6400.2 29.2
2714.1 6414.4 29.1
2709.4 6428.7 28.9
2704.7 6442.9 28.8
2699.9 6457.1 28.8
2695.2 6471.4 28.8
2690.5 6485.6 28.8
2685.8 6499.9 28.8
2681.1 6514.1 28.8
2676.4 6528.3 28.8
2671.6 6542.6 28.9
2666.9 6556.8 28.9
2662.2 6571.0 28.9
2657.5 6585.3 28.9
2652.8 6599.5 29.0
2648.0 6613.8 28.9
2643.3 6628.0 28.9
2638.6 6642.2 28.9
2633.9 6656.5 28.9
2629.2 6670.7 28.8
2624.5 6685.0 28.8
2619.7 6699.2 28.8
2615.0 6713.4 28.8
2610.3 6727.7 28.8
2605.6 6741.9 28.7
2600.9 6756.1 28.7
2596.1 6770.4 28.7
2591.4 6784.6 28.5
2586.7 6798.9 28.3
2582.0 6813.1 28.1
2577.3 6827.3 27.9
2572.6 6841.6 27.7
2567.8 6855.8 27.6
2563.1 6870.1 27.6
2558.4 6884.3 27.6
2553.7 6898.5 27.6
2549.0 6912.8 27.7
2544.2 6927.0 27.7
2539.5 6941.3 27.8
2534.8 6955.5 27.9
2530.1 6969.7 28.0
2525.4 6984.0 28.0
2520.7 6998.2 28.1
2515.9 7012.4 28.2
2511.2 7026.7 28.2
2506.5 7040.9 28.2
2501.8 7055.2 28.1
2497.1 7069.4 28.1
2492.3 7083.6 28.1
2487.6 7097.9 28.2
2482.9 7112.1 28.1
2478.2 7126.4 28.1
2473.5 7140.6 28.1
2468.8 7154.8 28.1
2464.0 7169.1 28.0
2459.3 7183.3 28.0
2454.6 7197.5 28.0
2449.9 7211.8 28.1
2445.2 7226.0 28.1
2440.5 7240.3 28.1
2435.7 7254.5 28.2
2431.0 7268.7 28.2
2426.3 7283.0 28.3
2421.6 7297.2 28.5
2416.9 7311.5 28.6
2412.1 7325.7 28.8
2407.4 7339.9 28.9
2402.7 7354.2 29.1
2398.0 7368.4 29.1
2393.3 7382.6 29.1
2388.6 7396.9 29.1
2383.8 7411.1 29.1
2379.1 7425.4 29.2
2374.4 7439.6 29.1
2369.7 7453.8 29.1
2365.0 7468.1 29.1
2360.2 7482.3 29.1
2355.5 7496.6 29.0
2350.8 7510.8 29.0
2346.1 7525.0 29.1
2341.4 7539.3 29.2
2336.7 7553.5 29.2
2331.9 7567.8 29.3
2327.2 7582.0 29.4
2322.5 7596.2 29.5
2317.8 7610.5 29.6
2313.1 7624.7 29.9
2308.3 7638.9 30.1
2303.6 7653.2 30.4
2298.9 7667.4 30.6
2294.2 7681.7 30.9
2289.5 7695.9 31.0
2284.8 7710.1 30.8
2280.0 7724.4 30.6
2275.3 7738.6 30.4
2270.6 7752.9 30.2
2265.9 7767.1 30.0
2261.2 7781.3 29.8
2256.4 7795.6 29.8
2251.7 7809.8 29.7
2247.0 7824.0 29.6
2242.3 7838.3 29.6
2237.6 7852.5 29.8
2232.9 7866.8 29.9
2228.1 7881.0 30.1
2223.4 7895.2 30.2
2218.7 7909.5 30.3
2214.0 7923.7 30.5
2209.3 7938.0 30.5
2204.5 7952.2 30.3
2199.8 7966.4 30.0
2195.1 7980.7 29.8
2190.4 7994.9 29.6
2185.7 8009.2 29.5
2181.0 8023.4 29.5
2176.2 8037.6 29.4
2171.5 8051.9 29.4
2166.8 8066.1 29.4
2162.1 8080.3 29.4
2157.4 8094.6 29.5
2152.7 8108.8 29.6
2147.9 8123.1 29.7
2143.2 8137.3 29.8
2138.5 8151.5 29.9
2133.8 8165.8 29.9
2129.1 8180.0 30.0
2124.3 8194.3 30.0
2119.6 8208.5 30.1
2114.9 8222.7 30.2
2110.2 8237.0 30.3
2105.5 8251.2 30.3
2100.8 8265.4 30.4
2096.0 8279.7 30.5
2091.3 8293.9 30.5
2086.6 8308.2 30.8
2081.9 8322.4 31.0
2072.7 8350.0 31.4
5659.8 8291.6 94.5
5660.3 8306.6 94.8
5660.9 8321.5 95.0
5661.4 8336.5 95.2
5661.9 8351.5 95.5
5662.4 8366.5 95.7
5662.9 8381.5 95.9
5663.5 8396.5 96.1
5664.0 8411.5 96.4
5664.6 8429.0 96.6
5814.1 7184.6 70.9
5806.1 7197.3 71.6
5798.1 7210.0 72.3
5790.1 7222.7 73.0
5782.1 7235.4 73.7
5774.1 7248.1 74.3
5766.2 7260.8 74.9
5758.2 7273.5 75.5
5750.4 7286.4 76.1
5743.3 7299.5 76.6
5736.7 7313.0 77.0
5728.1 7338.4 77.8
5961.4 6841.8 55.7
5973.1 6851.2 55.8
5984.8 6860.5 55.7
5996.6 6869.8 55.5
6008.3 6879.2 55.3
6020.1 6888.5 55.3
6031.8 6897.8 55.2
6043.5 6907.2 55.1
6055.3 6916.5 55.0
6067.0 6925.9 55.0
6083.1 6938.6 55.0
6141.5 6749.1 47.1
6154.4 6739.8 46.4
6270.3 8758.0 105.6
6258.7 8767.4 105.6
6237.4 8784.5 105.7
6075.7 8615.7 102.3
6090.7 8615.7 102.3
6105.7 8615.7 102.4
6135.0 8615.7 102.5
-6108.7 -8920.9 15.9
-6114.0 -8934.9 15.9
-6124.2 -8937.6 15.9
-6138.0 -8931.8 16.0
-6151.8 -8925.9 16.1
-6165.6 -8920.1 16.1
-6179.4 -8914.2 16.1
-6180.7 -8902.9 15.9
-6175.6 -8888.8 15.7
-6169.1 -8877.8 15.6
-6155.2 -8883.5 15.7
-6141.3 -8889.1 15.7
-6127.6 -8885.1 15.7
-6114.6 -8875.4 15.6
-4733.2 8392.6 42.4
-4732.9 8407.6 42.3
-4740.5 8414.9 42.6
-4755.5 8415.1 42.9
-4770.1 8415.6 43.3
-4766.7 8430.2 43.0
-4763.5 8444.9 42.8
-4760.4 8459.5 42.7
-4757.2 8474.2 42.5
-4753.8 8488.8 42.3
-4760.2 8499.6 42.4
-4773.2 8506.8 42.5
-4787.2 8512.3 42.8
-4801.1 8517.8 43.2
-4815.1 8523.3 43.6
-4829.0 8528.8 44.0
-4842.9 8534.4 44.4
-4865.6 8543.6 45.0
-4211.9 8437.2 34.3
-4211.5 8452.2 34.4
-4211.0 8467.1 34.4
-4210.6 8482.1 34.5
-4210.1 8497.1 34.6
-4209.7 8512.1 34.0
-4209.2 8527.1 33.5
-4208.7 8542.1 33.1
-4208.3 8557.1 33.2
-4207.8 8572.1 33.4
-4207.4 8587.1 33.5
-4206.9 8602.1 33.7
-4206.5 8617.1 33.8
-4206.0 8632.1 33.9
-4205.5 8647.1 34.1
-4205.1 8662.1 34.3
-4204.6 8677.1 34.4
-4204.2 8692.0 34.6
-4203.7 8707.0 34.8
-4203.3 8722.0 35.0
-4202.8 8737.0 35.1
-4202.4 8752.0 35.3
-4201.9 8767.0 35.7
-4201.4 8782.0 36.1
-4201.0 8797.0 36.5
-4200.5 8812.0 36.9
-4200.0 8829.9 37.4
-4196.2 8482.5 35.2
-4195.8 8497.5 34.9
-4195.3 8512.5 34.0
-4194.8 8527.5 33.6
-4194.2 8548.2 33.0
-3594.1 3670.8 18.3
-3579.3 3668.2 18.0
-3564.5 3665.6 17.7
-3549.8 3663.0 17.4
-3535.0 3660.4 17.0
-3520.2 3657.8 16.7
-3505.5 3655.2 16.6
-3490.7 3652.5 16.4
-3475.9 3649.9 16.2
-3461.1 3647.3 16.1
-3446.4 3644.7 15.9
-3431.6 3642.1 15.8
-3416.8 3639.5 15.6
-3402.1 3636.9 15.5
-3387.3 3634.3 15.3
-3372.5 3631.6 15.2
-3357.7 3629.0 15.2
-3337.2 3625.4 15.2
-2241.3 7173.6 19.7
-2226.3 7173.0 19.7
-2211.3 7172.4 19.8
-2196.3 7171.8 19.8
-2181.3 7171.2 19.8
-2166.4 7170.6 19.8
-2151.4 7170.0 19.9
-2125.4 7169.0 19.9
-2830.4 6649.5 23.3
-2815.8 6653.0 23.1
-2801.3 6655.3 22.9
-2787.4 6650.1 22.8
-2773.1 6654.7 22.6
-2758.8 6659.3 22.5
-2744.6 6663.9 22.3
-2730.3 6668.5 22.2
-2716.0 6673.2 22.0
-2706.1 6680.4 21.9
-2708.4 6695.2 21.7
-2711.5 6709.8 21.3
-2718.0 6723.4 21.2
-2727.5 6743.3 21.3
-3085.2 7410.0 22.3
-3070.2 7409.6 22.2
-3055.2 7409.3 22.2
-3040.2 7408.9 22.2
-3025.2 7408.5 22.2
-3010.2 7408.2 22.3
-2990.2 7407.7 22.3
-3874.5 7927.7 33.0
-3869.2 7941.8 33.0
-3863.9 7955.8 32.9
-3858.6 7969.9 32.8
-3853.4 7983.9 32.7
-3848.1 7997.9 32.6
-3841.9 8010.2 32.5
-3827.7 8005.5 32.3
-3813.4 8000.8 32.0
-3799.2 7996.2 31.8
-3784.9 7991.5 31.6
-3763.1 7984.4 31.2
-6670.9 -5798.6 20.4
-6672.6 -5783.7 20.5
-6675.9 -5755.9 20.5
-6839.4 -727.8 61.4
-6859.5 -693.8 61.4
1984.0 8686.3 33.0
1979.3 8700.6 33.0
1974.6 8714.9 33.0
1970.0 8729.1 33.0
1965.3 8743.4 33.0
1960.6 8757.6 33.1
1956.0 8771.9 33.2
1951.3 8786.1 33.4
1946.7 8800.4 33.6
1942.0 8814.7 33.7
1937.3 8828.9 33.9
1932.7 8843.2 34.0
1928.0 8857.4 34.1
1923.4 8871.7 34.2
1918.7 8885.9 34.3
1914.0 8900.2 34.5
1909.4 8914.5 34.7
1904.7 8928.7 34.9
1900.0 8943.0 35.0
1895.4 8957.2 35.2
1890.7 8971.5 35.4
1886.1 8985.7 35.6
1881.4 9000.0 35.7
1876.1 9016.2 35.8
-1526.1 5947.5 17.5
-1526.1 5962.5 17.7
-1526.1 5977.5 17.9
-1526.1 5992.5 17.9
-1526.1 6007.5 18.0
-1526.1 6035.2 19.1
-2859.3 6672.4 23.3
-2845.5 6678.2 23.1
-2831.7 6684.1 22.9
-2811.4 6692.6 22.5
-2873.0 6713.2 22.0
-2858.9 6718.4 22.1
-2844.9 6723.7 22.3
-2828.1 6729.9 22.5
2107.6 8639.2 32.2
2122.1 8643.2 32.1
2136.5 8647.3 32.1
2151.0 8651.3 32.3
2165.6 8654.7 32.5
2180.2 8658.0 32.8
2194.8 8661.3 33.0
2209.5 8664.7 33.3
2224.1 8668.0 33.5
2238.7 8671.3 33.8
2253.3 8674.7 34.0
2268.0 8678.0 34.3
2288.6 8682.7 34.8
4024.3 8032.0 54.4
4038.0 8025.8 54.6
4051.8 8020.0 54.8
4065.6 8014.1 54.9
4079.4 8008.2 55.0
4093.2 8002.3 55.1
4106.9 7996.4 55.3
4120.7 7990.5 55.5
4134.5 7984.6 55.8
4148.3 7978.7 56.1
4162.1 7972.8 56.3
4175.9 7967.0 56.6
4189.7 7961.1 56.8
4203.5 7955.2 57.1
4217.3 7949.3 57.3
4235.4 7941.6 57.7
-4061.3 8455.3 36.1
-4047.6 8461.2 35.6
-4033.8 8467.1 34.9
-4020.0 8473.0 34.2
-4006.2 8479.0 33.7
-3992.4 8484.9 33.3
-3978.6 8490.8 32.8
-3964.6 8496.2 32.4
-3950.5 8501.1 32.3
-3936.3 8506.1 32.3
-3922.1 8511.0 32.8
-3908.0 8515.9 33.4
-3893.8 8520.9 33.9
-3879.7 8525.8 34.4
-3865.5 8530.8 35.0
-3851.3 8535.7 35.5
-3837.2 8540.7 35.4
-3823.0 8545.6 35.1
-3808.9 8550.6 34.9
-3794.7 8555.5 34.5
-3780.5 8560.5 33.8
-3766.4 8565.4 33.3
-3752.2 8570.4 32.7
-3732.5 8577.3 31.9
-3743.6 2297.9 16.6
-3753.8 2308.8 16.5
-3764.0 2319.8 16.4
-3774.3 2330.8 16.2
-3784.5 2341.8 16.2
-3796.0 2351.3 16.2
-3808.1 2360.2 16.2
-3820.2 2369.0 16.2
-3834.1 2374.6 16.2
-3848.1 2380.1 16.2
-3873.1 2390.1 16.2
4827.1 8783.7 74.4
4830.8 8813.4 73.5
4545.0 8023.0 60.0
4496.9 8058.3 58.6
4495.9 8060.3 58.6
4496.1 8062.3 58.6
4506.3 8074.6 59.4
4508.7 8074.9 59.5
4511.9 8073.9 59.7
4513.9 8071.2 59.8
4514.1 8067.8 59.8
-6322.9 -8588.2 17.1
-6300.5 -8568.4 16.7
-6515.1 -7507.8 15.3
-6504.2 -7497.6 15.5
-6493.3 -7487.3 15.6
-6482.4 -7477.0 15.8
-6471.4 -7466.7 16.0
-6460.5 -7456.5 16.2
-6449.6 -7446.2 16.3
-6438.7 -7435.9 16.3
-6427.7 -7425.6 16.1
-6416.8 -7415.4 16.0
-6395.2 -7395.0 16.0
-6297.2 -8271.7 16.1
-6310.5 -8256.8 16.0
-6362.2 -6848.8 18.3
-6365.0 -6834.1 18.4
-6369.8 -6808.4 18.5
-6941.5 -7297.3 17.9
-6770.9 -5723.4 19.2
-6756.4 -5702.4 19.6
-6748.8 -5682.4 19.7
-6747.3 -5667.6 19.8
-6383.6 -5953.5 20.0
-6392.8 -5925.2 19.9
-6389.4 -5918.5 19.7
-6374.8 -5913.6 19.5
-6622.3 -5812.5 20.4
-6594.0 -5802.2 20.8
-5967.9 -7291.5 17.3
-5963.1 -7279.3 17.4
-5956.4 -7273.5 17.4
-6410.3 -5890.3 19.2
-6386.2 -5881.5 18.8
-6359.9 -6814.4 18.3
-6362.9 -6799.7 18.4
-6365.8 -6785.0 18.6
-6368.5 -6770.2 18.5
-6370.1 -6755.3 18.4
-6371.7 -6740.4 18.3
-6374.4 -6715.7 18.1
-6464.1 -5759.2 20.9
-6484.6 -5733.4 21.4
-6464.7 -5722.2 21.4
-6251.7 -8490.7 16.5
-6238.3 -8497.4 16.6
-6212.8 -8510.1 16.8
-6314.9 -8082.6 14.4
-6303.8 -8072.5 14.5
-6292.7 -8062.3 14.6
-6281.6 -8052.2 14.7
-6263.6 -8035.9 14.8
-5556.9 -8687.5 16.3
-5564.1 -8681.4 16.3
-5579.3 -8675.3 16.2
-6762.9 -8559.3 18.2
-6748.8 -8555.5 18.2
-6737.3 -8545.8 18.3
-6725.9 -8536.1 18.4
-6714.5 -8526.4 18.4
-6699.3 -8513.5 18.5
5259.1 6175.3 46.4
5270.8 6184.6 46.4
5282.6 6194.0 46.5
5294.3 6203.4 46.6
5306.0 6212.7 46.8
5317.7 6222.1 46.9
5337.9 6238.2 47.1
-6538.5 -6044.3 19.7
-6523.5 -6043.3 19.7
-6508.5 -6042.4 19.8
-6493.6 -6041.4 19.8
-6484.9 -6053.6 19.7
-6476.2 -6065.8 19.6
-6462.3 -6067.4 19.7
-6437.1 -6066.5 19.8
-6679.9 -5957.0 19.0
-6666.3 -5950.9 19.1
-6652.6 -5944.7 19.1
-6638.9 -5938.6 19.1
-6621.5 -5930.8 19.2
-6556.5 -6563.4 17.2
-6559.4 -6544.2 16.7
6247.7 6662.3 44.0
6261.6 6667.9 44.4
6275.5 6673.6 45.0
6283.8 6681.9 45.5
6280.2 6696.2 45.7
6284.4 6710.6 46.0
6293.0 6722.9 46.4
6301.8 6735.0 47.1
6310.6 6747.2 47.6
6319.4 6759.4 47.7
6328.2 6771.5 47.8
6337.0 6783.7 48.0
6346.8 6794.8 48.1
6365.7 6814.7 47.6
-6955.0 -7599.9 17.8
-6891.8 -7634.4 17.4
-6884.2 -7631.2 17.3
-6878.2 -7626.2 17.3
-6932.3 -7102.8 17.9
-6919.9 -7094.6 17.8
-6905.9 -7089.1 17.8
-6891.9 -7083.7 17.8
-6866.1 -7073.7 17.8
-6250.9 -8546.5 16.4
-6236.3 -8543.3 16.4
-6210.9 -8537.7 16.3
-6835.5 -6524.5 17.9
-6848.4 -6516.8 17.9
-6861.3 -6509.2 18.0
-6874.2 -6501.5 18.1
-6888.1 -6493.2 17.9
4093.7 8875.0 48.8
4059.3 8881.1 48.3
4063.1 8903.8 48.4
4069.3 8904.7 48.5
4093.1 8919.0 49.0
3571.1 8610.7 42.4
3592.2 8602.5 42.7
3542.3 8618.2 41.8
3559.1 8611.7 42.1
3541.2 8880.0 40.6
3546.3 8883.1 40.7
3553.2 8883.1 41.0
3592.3 8873.3 42.2
5723.4 8770.0 102.0
5729.2 8797.5 102.1
5729.1 8806.0 102.1
5726.7 8814.0 102.1
5341.7 8867.9 91.9
5343.8 8882.8 90.4
5345.9 8897.6 89.9
5348.2 8913.5 90.1
6247.5 6672.2 44.3
6274.3 6682.4 45.2
6270.5 6695.8 45.4
6716.2 6982.3 56.2
6729.3 6989.5 56.2
6742.5 6996.8 56.5
6755.6 7004.1 57.1
6768.7 7011.3 58.3
6781.8 7018.6 58.5
6795.0 7025.9 58.3
6808.1 7033.1 58.1
6821.2 7040.4 57.8
6834.3 7047.6 57.6
6847.5 7054.9 58.2
6860.6 7062.2 59.1
6873.7 7069.4 60.0
6873.8 7082.8 60.1
6871.2 7097.6 60.0
6868.5 7112.4 59.8
6870.9 7125.8 59.6
6880.6 7137.2 59.6
6890.3 7148.7 59.6
6900.4 7160.6 59.6
6921.7 7235.3 58.6
6927.7 7249.1 58.5
6933.7 7262.8 58.3
6939.7 7276.6 58.2
6945.7 7290.3 58.1
6951.7 7304.1 57.9
6957.7 7317.8 57.8
6963.7 7331.6 57.7
6969.7 7345.3 57.6
6975.7 7359.1 57.6
6981.7 7372.8 57.5
6990.2 7392.4 57.5
4685.4 8852.0 64.5
4686.7 8868.2 63.9
4721.3 8865.5 65.8
4738.2 8864.2 66.8
5655.6 7826.4 85.1
5655.5 7841.4 85.5
5655.3 7856.4 85.9
5655.1 7871.4 86.2
5654.9 7886.4 86.6
5654.8 7901.4 87.0
5654.6 7916.4 87.4
5654.4 7931.4 87.8
5654.2 7946.4 88.2
5654.1 7961.4 88.6
5653.9 7976.4 89.0
5653.7 7991.4 89.4
5653.5 8006.4 89.8
5653.4 8021.4 90.2
5653.2 8036.4 90.6
5653.0 8051.4 91.0
5652.8 8066.7 91.2
5436.9 8878.3 93.7
5438.4 8911.9 92.2
5441.4 8911.5 92.3
5439.7 8877.6 93.8
4150.3 8651.2 54.6
4159.1 8649.6 54.9
4064.3 8461.1 52.5
4070.6 8474.7 52.3
4076.9 8488.3 52.8
4083.2 8501.9 53.6
4090.4 8517.4 53.9
5565.4 7879.3 84.0
5591.9 7880.3 84.8
6575.4 8509.8 101.1
6563.8 8519.3 101.3
6552.2 8528.8 101.6
6540.6 8538.2 101.8
6517.8 8556.9 102.8
6599.6 8478.2 100.4
6412.0 8643.2 105.9
6389.4 8661.6 106.0
3526.4 8607.5 41.2
3531.1 8621.8 41.5
3535.9 8636.0 41.8
3540.6 8650.2 42.1
3545.3 8664.5 42.1
3550.4 8679.6 41.8
-6298.2 -4028.9 29.3
-6283.2 -4027.7 29.5
-6268.3 -4026.6 29.8
-6253.3 -4025.4 30.0
-6228.6 -4023.4 30.3
2063.2 8224.2 30.9
2048.2 8223.4 31.2
2033.3 8222.6 31.6
2018.3 8221.7 31.9
2003.3 8220.9 32.3
1988.3 8220.1 32.7
1973.4 8219.2 33.0
1958.5 8219.4 33.2
1944.4 8224.3 33.5
1933.7 8233.3 33.5
1929.1 8247.0 33.3
1933.1 8260.7 33.5
1944.0 8271.1 34.0
1954.9 8281.4 33.6
1965.7 8291.7 33.6
1976.6 8302.0 33.6
1987.5 8312.3 33.2
1998.8 8322.2 32.8
2010.5 8331.6 32.2
2022.1 8341.0 31.7
2033.8 8350.5 31.7
2056.4 8368.7 31.7
6299.6 8723.2 105.5
6288.0 8732.7 105.4
6276.4 8742.2 105.3
6264.8 8751.7 105.3
6253.2 8761.2 105.3
6241.6 8770.7 105.4
6230.0 8780.2 105.5
6218.4 8789.7 105.5
6206.8 8799.2 105.6
6195.2 8808.7 105.7
6183.6 8818.2 105.7
6172.0 8827.8 105.8
6160.4 8837.3 105.9
6148.8 8846.8 106.1
6137.9 8857.1 106.4
6129.2 8869.0 106.9
6122.6 8887.7 107.3
6759.1 8346.0 100.7
6747.4 8355.4 100.7
6735.7 8364.8 100.5
6721.9 8375.9 99.9
6739.5 8339.8 100.5
6717.0 8358.6 100.7
6631.4 8465.2 99.8
6619.7 8474.6 100.2
6608.0 8484.0 100.4
6594.2 8495.1 100.7
6506.1 8554.1 102.9
6482.7 8572.6 103.9
6439.1 8609.6 105.6
6415.8 8628.0 105.5
6303.4 8645.0 104.0
6318.3 8644.0 104.3
6344.0 8642.1 104.7
6330.6 8710.6 106.2
6346.4 8697.0 106.3
467.8 8477.3 24.4
462.9 8463.1 24.4
467.9 8454.9 24.6
482.7 8452.7 24.8
497.5 8450.4 25.1
512.4 8448.2 25.3
527.2 8446.0 25.4
542.0 8443.8 25.4
556.8 8444.1 25.4
571.3 8447.7 25.5
585.9 8451.2 25.6
600.5 8454.8 25.7
615.0 8458.3 25.7
629.6 8461.9 25.8
644.3 8464.6 25.9
659.3 8463.9 25.9
669.5 8450.9 25.8
4086.9 8655.0 52.8
4097.5 8662.8 52.9
-6605.2 -6223.2 18.0
-6590.4 -6220.7 18.1
-6575.6 -6218.3 18.2
-6560.8 -6215.8 18.3
-6546.0 -6213.3 18.4
-6530.7 -6210.7 18.4
-6422.1 -6154.1 19.1
-6429.3 -6133.5 19.2
-2939.2 7623.7 21.3
-2948.0 7635.8 20.9
-2956.7 7648.0 20.8
-2965.5 7660.1 21.5
-2974.1 7672.4 21.5
-2981.7 7685.4 20.9
-2989.2 7698.3 20.8
-2996.7 7711.3 21.4
-3004.3 7724.3 21.9
-3011.1 7737.6 22.5
-3019.1 7753.3 23.1
-3770.5 7291.2 28.5
-3754.8 7312.2 28.7
-3748.4 7331.9 28.8
-3748.4 7349.1 28.9
-3753.6 7356.0 28.9
-6523.1 -8417.3 17.3
-6520.7 -8415.1 17.3
-6513.1 -8408.0 17.4
-6470.5 -8368.3 17.6
-6463.6 -8362.2 17.6
-6450.7 -8351.5 17.6
-6426.5 -8331.2 17.7
-6089.9 -8419.9 16.3
-6058.8 -8398.4 16.0
-6522.2 -8009.6 15.2
-6514.1 -8022.3 15.2
-6506.0 -8034.9 15.2
-6494.6 -8025.7 15.1
-6483.1 -8016.0 15.0
-6471.6 -8006.3 14.9
-6452.0 -7989.8 14.9
-6006.1 -8884.7 15.6
-6007.7 -8878.3 15.6
-6000.9 -8876.2 15.6
-6003.0 -8869.3 15.6
-5975.3 -8858.6 15.6
-5963.7 -8854.1 15.3
-5953.1 -8879.6 15.6
-5942.0 -8873.9 15.6
-5934.8 -8871.9 15.6
-5926.6 -8870.8 15.6
-5915.2 -8871.8 15.6
-3234.8 3472.9 18.0
-3229.5 3487.0 18.1
-3224.2 3501.0 17.4
-3218.9 3515.1 17.3
-3213.7 3529.1 17.0
-3208.4 3543.1 16.7
-3203.1 3557.2 16.5
-3197.8 3571.2 16.2
-3192.5 3585.3 16.0
-3187.3 3599.3 15.6
-3182.0 3613.3 14.9
-3176.7 3627.4 14.3
-3171.4 3641.4 14.2
-3166.1 3655.4 14.1
-3160.8 3669.5 14.0
-3155.5 3683.5 13.9
-3150.2 3697.5 13.8
-3144.9 3711.6 13.8
-3139.6 3725.6 13.7
-3134.3 3739.7 13.5
-3129.1 3753.7 13.5
-3123.8 3767.7 13.8
-3118.5 3781.8 13.9
-3113.2 3795.8 13.8
-3107.9 3809.8 13.6
-3102.6 3823.9 13.5
-3097.3 3837.9 13.3
-3094.0 3852.4 13.2
-3092.3 3867.3 13.2
-3086.7 3888.4 13.1
3068.5 5421.3 38.0
3063.7 5435.5 38.0
3059.0 5449.7 37.9
3054.2 5463.9 37.8
3049.4 5478.1 37.8
3044.6 5492.4 37.9
3039.9 5506.6 37.9
3035.1 5520.8 37.9
3030.3 5535.0 38.0
3025.6 5549.2 38.0
3020.8 5563.5 38.1
3016.0 5577.7 37.9
3011.2 5591.9 37.7
3006.5 5606.1 37.5
3001.7 5620.3 37.2
2996.9 5634.6 37.0
2992.2 5648.8 36.7
2987.4 5663.0 36.6
2982.6 5677.2 36.4
2977.8 5691.4 36.3
2973.1 5705.7 36.1
2968.3 5719.9 36.0
2963.5 5734.1 35.8
2958.8 5748.3 35.7
2954.0 5762.6 35.5
2949.2 5776.8 35.4
2944.4 5791.0 35.3
2939.7 5805.2 35.1
2934.9 5819.4 34.9
2930.1 5833.7 34.7
2925.4 5847.9 34.5
2920.6 5862.1 34.2
2915.8 5876.3 34.0
2911.0 5890.5 33.8
2906.3 5904.8 33.6
2901.5 5919.0 33.4
2896.7 5933.2 33.3
2892.0 5947.4 33.3
2887.2 5961.6 33.1
2882.4 5975.9 33.0
2877.6 5990.1 32.9
2872.9 6004.3 32.8
2868.1 6018.5 32.7
2863.3 6032.7 32.6
2858.6 6047.0 32.5
2853.8 6061.2 32.3
2849.0 6075.4 32.1
2844.2 6089.6 32.0
2839.5 6103.9 31.8
2834.7 6118.1 31.7
2829.9 6132.3 31.6
2825.2 6146.5 31.4
2820.4 6160.7 31.3
2815.6 6175.0 31.3
2810.8 6189.2 31.2
2802.3 6214.5 31.1
2412.9 8656.0 36.5
2425.3 8664.4 36.7
2437.8 8672.7 36.9
2450.3 8681.0 37.2
2462.7 8689.4 37.7
2475.2 8697.7 38.3
2487.7 8706.0 38.9
2500.2 8714.4 39.5
2512.6 8722.7 40.1
2525.1 8731.0 40.9
2537.6 8739.4 41.8
2550.0 8747.7 42.6
2564.6 8757.4 43.4
2101.8 8654.1 32.2
2116.1 8658.3 32.2
2130.5 8662.6 32.1
2145.0 8666.5 32.2
2159.6 8670.0 32.5
2174.2 8673.5 32.8
2188.8 8677.0 33.0
2203.3 8680.5 33.3
2217.9 8684.1 33.5
2232.5 8687.6 33.8
2247.1 8691.1 34.1
2261.7 8694.6 34.5
2276.2 8698.3 34.9
2290.6 8702.4 35.3
2304.8 8707.2 35.8
2319.0 8712.0 36.3
2333.2 8716.8 36.8
2347.5 8721.6 37.2
2361.7 8726.4 37.6
2375.9 8731.2 38.0
2390.1 8736.0 38.2
2405.0 8741.0 38.4
-6341.5 -8610.5 17.3
-6312.2 -8590.9 17.2
-5990.8 -8168.4 14.5
-5977.6 -8160.7 14.8
-5965.4 -8155.7 15.1
-5956.8 -8155.7 15.3
-5588.0 -8734.8 16.3
-5597.9 -8696.3 16.2
-6168.7 -8335.3 15.7
-6183.1 -8319.6 15.9
-6248.5 -6874.8 16.5
-6252.6 -6860.7 16.7
-6257.2 -6837.8 16.8
-6542.4 -6305.8 18.8
-6535.4 -6305.8 18.8
-6503.5 -6307.4 18.8
6298.7 8743.9 105.9
6296.3 8758.7 106.2
6293.9 8773.5 106.6
6291.4 8789.2 107.0
-6650.0 -7575.9 15.3
-6639.1 -7565.7 15.2
-6628.1 -7555.4 15.3
-6617.2 -7545.2 15.5
-6606.2 -7534.9 15.7
-6595.3 -7524.7 15.8
-6584.3 -7514.4 16.0
-6573.4 -7504.2 16.1
-6560.8 -7492.3 16.3
-6613.4 -6887.1 18.5
-6638.1 -6868.0 18.4
-6654.8 -6845.2 18.2
-6665.8 -6840.5 18.0
-7015.1 -7529.5 17.9
-7004.3 -7539.8 17.9
-6993.4 -7550.2 17.9
-6982.6 -7560.6 17.8
-6971.8 -7571.0 17.7
-6961.0 -7581.3 17.5
-6942.6 -7583.2 18.0
-6877.6 -6278.9 16.8
-6863.0 -6275.6 16.8
-6848.3 -6272.4 16.8
-6833.7 -6269.1 16.9
-6819.1 -6265.9 16.9
-6804.4 -6262.6 17.0
-6775.4 -6256.2 17.0
-6808.5 -5471.6 20.5
-6650.1 -6588.4 16.8
-6570.3 -5988.8 19.9
-6555.9 -5984.7 19.9
-6541.5 -5980.6 20.0
-6529.0 -5972.7 20.1
-6518.9 -5961.6 20.1
-6508.8 -5950.5 20.1
-6498.7 -5939.4 20.0
-6485.7 -5925.2 19.8
-6745.8 -6192.0 17.5
-6731.5 -6187.5 17.7
-6717.2 -6183.0 17.8
-6702.9 -6178.4 17.9
-6688.6 -6173.9 18.1
-6674.3 -6169.4 18.2
-6666.5 -6155.9 18.2
-5065.4 -8849.1 17.3
-5054.9 -8838.3 17.2
-5044.5 -8827.6 17.0
-5034.0 -8816.8 16.8
-5014.5 -8796.7 16.5
-6795.5 -7639.6 16.3
-6785.6 -7628.3 16.3
-6775.7 -7617.1 16.2
-6765.6 -7606.0 16.1
-6755.5 -7594.9 16.1
-6744.5 -7582.7 16.0
2793.3 6360.4 29.4
2795.2 6349.9 29.5
-372.8 7406.9 20.1
-360.9 7416.0 20.4
-349.0 7425.2 20.8
-337.1 7434.3 20.9
-325.2 7443.5 20.7
-313.4 7452.6 20.5
-301.5 7461.8 20.5
-289.6 7471.0 20.5
-277.7 7480.1 20.6
-265.8 7489.3 20.6
-254.0 7498.4 20.5
-242.1 7507.6 20.4
-230.2 7516.8 20.5
-218.3 7525.9 20.6
-206.4 7535.1 20.8
-194.6 7544.2 21.0
-182.7 7553.4 21.2
-170.8 7562.5 21.4
-158.9 7571.7 21.3
-147.0 7580.9 21.3
-135.2 7590.0 21.4
-123.3 7599.2 21.5
-111.4 7608.3 21.6
-99.5 7617.5 21.7
-87.6 7626.7 21.8
-75.8 7635.8 21.9
-63.9 7645.0 22.0
-52.0 7654.1 22.1
-40.1 7663.3 22.2
-28.3 7672.4 22.3
-16.4 7681.6 22.4
-4.5 7690.8 22.5
7.4 7699.9 22.6
19.6 7708.5 22.7
33.3 7714.7 22.7
47.5 7719.1 22.8
62.3 7721.8 22.9
77.2 7723.1 23.0
92.2 7724.4 23.0
107.1 7725.7 23.1
122.0 7726.9 23.2
137.0 7728.2 23.4
151.9 7729.5 23.2
166.9 7730.8 23.0
185.4 7732.4 22.8
-6471.9 -8847.3 16.0
-6457.7 -8865.6 15.8
-6376.1 -8843.7 15.9
-6384.7 -8839.9 16.0
-6416.1 -8825.8 16.1
-6420.0 -8824.0 16.1
-6424.5 -8819.2 16.1
-6455.9 -8835.8 16.0
-6440.8 -8851.6 15.9
-6428.7 -8844.0 16.0
-6921.0 -7534.4 17.9
-6903.9 -7543.9 17.7
-6889.0 -7525.0 17.5
-6950.8 -7247.9 17.9
-6940.6 -7244.3 17.9
-6517.5 -5761.2 21.2
-6483.6 -5745.6 21.2
-6717.7 -5746.9 19.8
-6678.5 -5733.3 20.7
-6663.3 -5728.0 20.9
-1538.6 6312.6 19.1
-1529.8 6324.8 19.1
-1517.5 6328.5 19.4
-1502.7 6326.2 19.9
-1487.9 6323.8 20.3
-1466.8 6320.5 20.9
-2408.0 4795.1 13.9
-2412.7 4809.3 13.8
-2417.3 4823.6 13.7
-2421.7 4837.9 13.7
-2421.7 4852.9 15.1
-2420.7 4867.8 15.1
-2418.8 4882.7 15.2
-2416.9 4897.6 15.2
-2415.1 4912.5 15.2
-2413.2 4927.4 15.2
-2411.1 4944.5 15.6
-1981.6 8016.1 18.8
-1980.7 8066.6 18.3
-1977.4 8075.5 18.1
-1977.4 8092.8 17.9
4925.7 8923.1 75.7
4926.2 8899.1 76.3
4918.7 8895.5 76.2
4916.1 8865.7 76.7
4160.2 8643.7 55.0
4036.8 8026.3 54.6
4049.4 8063.1 54.8
-3391.6 8242.4 25.9
-3391.4 8257.4 25.9
-3391.2 8272.4 25.8
-3390.9 8287.4 25.7
-3390.7 8302.4 25.5
-3390.4 8317.4 25.4
-3390.1 8337.3 25.3
-3548.7 8879.1 23.6
-3540.7 8891.8 23.6
-3532.7 8904.4 23.7
-3524.6 8917.1 23.2
-3516.6 8929.8 22.7
-3508.6 8942.4 22.9
-3500.5 8955.1 23.1
-3513.3 8962.3 23.3
-3526.5 8969.3 23.6
-3539.8 8976.3 23.9
-3553.1 8983.3 24.2
-3578.2 8996.5 23.8
-1966.6 8027.3 18.6
-1951.6 8027.0 18.6
-1936.6 8026.6 18.7
-1921.6 8026.2 18.7
-1906.6 8025.9 18.8
-1891.6 8025.5 18.8
-1873.8 8025.1 18.9
-1954.9 8499.8 20.4
-1965.0 8510.9 20.3
-1975.1 8522.0 20.2
-1985.2 8533.1 20.2
-1995.2 8544.2 20.1
-2005.3 8555.3 20.7
-2015.4 8566.4 21.3
-2025.5 8577.5 22.0
-2035.6 8588.6 22.6
-2045.7 8599.7 23.3
-2055.7 8610.8 23.9
-2065.8 8621.9 24.2
-2075.9 8633.0 23.6
-2086.0 8644.1 23.0
-2096.1 8655.3 22.3
-2106.2 8666.4 21.7
-2125.9 8688.1 20.4
-3122.3 8159.0 21.2
-3126.9 8173.2 21.1
-3131.6 8187.5 21.0
-3136.2 8201.8 21.0
-3140.9 8216.0 21.0
-3145.5 8230.3 21.2
-3150.2 8244.6 21.4
-3154.8 8258.8 21.6
-3159.5 8273.1 21.6
-3164.1 8287.3 21.7
-3168.7 8301.6 21.8
-3173.4 8315.9 21.9
-3178.0 8330.1 21.9
-3182.7 8344.4 21.9
-3187.3 8358.7 21.8
-3192.0 8372.9 21.8
-3196.6 8387.2 21.7
-3201.3 8401.4 21.7
-3205.9 8415.7 21.6
-3210.8 8430.7 21.6
-4800.6 8352.2 45.0
-4795.9 8366.5 44.7
-4791.1 8380.7 44.3
-4786.4 8394.9 44.0
-4781.6 8409.1 43.7
-4770.1 8415.3 43.3
-5158.6 8707.4 49.5
-5153.6 8721.6 48.8
-5148.7 8735.7 48.2
-5143.7 8749.9 47.5
-5135.6 8772.8 46.4
6260.5 7488.7 76.1
6270.7 7499.7 76.6
6280.8 7510.7 77.1
6291.0 7521.8 77.7
6304.7 7536.6 78.5
5999.1 8817.4 105.0
6003.6 8818.8 105.0
6021.5 8824.6 105.2
6040.2 8832.7 105.4
6064.4 8841.9 105.7
3969.2 8821.6 49.1
-6907.8 -7785.4 17.0
-6898.9 -7774.9 17.0
-6881.5 -7754.6 17.0
-6875.2 -7747.1 17.0
-4953.8 -8731.9 15.4
-4943.3 -8721.1 15.3
-4932.9 -8710.3 15.3
-4922.5 -8699.4 15.3
-4912.1 -8688.6 15.4
-4901.7 -8677.8 15.5
-4891.3 -8667.0 15.6
-4880.9 -8656.2 15.7
-4870.5 -8645.4 15.8
-4860.1 -8634.6 15.9
-4849.7 -8623.8 16.0
-4839.3 -8613.0 16.1
-4828.9 -8602.2 16.2
-4818.5 -8591.4 16.3
-4808.1 -8580.6 16.4
-4797.7 -8569.8 16.5
-4787.3 -8559.0 16.6
-4776.9 -8548.2 16.7
-4766.5 -8537.3 16.8
-4756.1 -8526.5 16.9
-4745.7 -8515.7 17.0
-4735.3 -8504.9 17.1
-4724.9 -8494.1 17.2
-4714.5 -8483.3 17.2
-4704.1 -8472.5 17.1
-4693.7 -8461.7 17.1
-4683.3 -8450.9 17.0
-4672.9 -8440.1 16.9
-4662.5 -8429.3 16.9
-4652.1 -8418.5 16.8
-4641.7 -8407.7 16.7
-4631.3 -8396.9 16.6
-4620.9 -8386.1 16.5
-4610.4 -8375.3 16.5
-4600.0 -8364.4 16.4
-4589.6 -8353.6 16.3
-4579.2 -8342.8 16.2
-4568.8 -8332.0 16.1
-4558.4 -8321.2 16.1
-4548.0 -8310.4 16.0
-4537.6 -8299.6 15.9
-4527.2 -8288.8 15.9
-4516.8 -8278.0 15.9
-4506.4 -8267.2 15.9
-4496.0 -8256.4 15.9
-4485.6 -8245.6 15.7
-4475.2 -8234.8 15.7
-4464.8 -8224.0 15.6
-4454.4 -8213.2 15.6
-4444.0 -8202.4 15.6
-4433.6 -8191.5 15.6
-4423.2 -8180.7 15.6
-4412.8 -8169.9 15.5
-4402.4 -8159.1 15.5
-4392.0 -8148.3 15.5
-4381.6 -8137.5 15.5
-4371.2 -8126.7 15.5
-4360.8 -8115.9 15.4
-4350.4 -8105.1 15.4
-4340.0 -8094.3 15.4
-4319.3 -8072.8 15.4
-5704.6 -8698.6 16.0
-5712.4 -8685.8 15.9
-5720.1 -8673.0 15.9
-5727.9 -8660.1 15.8
-5735.7 -8647.3 15.6
-5743.4 -8634.4 15.7
-5751.2 -8621.6 15.8
-5766.1 -8596.8 15.9
-6132.9 -8269.9 15.7
-6121.7 -8279.9 15.7
-6110.4 -8289.8 15.5
-6099.2 -8299.8 15.4
-6088.0 -8309.7 15.2
-6076.7 -8319.7 15.2
-6065.5 -8329.6 15.3
-6044.4 -8348.2 15.4
-6462.7 -7303.0 19.1
-6433.4 -7279.8 19.0
-6466.0 -6795.7 18.3
-6458.4 -6779.2 18.3
-6458.2 -6774.2 18.3
-6460.5 -6767.4 18.3
3555.3 8651.8 42.5
3597.3 8635.8 43.3
3606.8 8628.4 43.4
3599.7 8609.5 43.0
3964.0 8841.1 48.3
3984.2 8815.3 49.5
-6482.1 -6718.3 17.9
-6468.5 -6729.8 17.8
-6450.6 -6711.1 17.9
-6867.7 608.7 51.8
-6867.2 593.7 51.9
-6866.6 578.7 51.9
-6866.0 563.7 51.0
-6865.9 548.7 50.1
-6866.9 533.8 49.3
-6868.0 518.8 48.4
-6869.0 503.9 47.4
-6870.4 488.9 46.6
-6872.7 474.1 46.2
-6874.9 459.3 46.1
-6878.0 444.6 46.8
-6881.1 429.9 47.5
-6884.3 415.3 48.1
-6887.7 400.7 48.9
-6892.3 386.4 49.2
-6896.9 372.1 49.1
-6901.5 357.8 48.8
-6907.3 344.0 47.6
-6913.6 330.4 46.3
-6920.0 316.9 44.9
-6926.6 303.4 44.1
-6935.1 291.0 43.8
-6943.5 278.6 42.8
-6952.0 266.3 41.5
-6960.9 254.2 41.5
-6969.9 242.1 41.0
-6978.8 230.1 39.8
-6993.6 210.1 37.8
-6558.8 -6520.4 16.5
-6544.6 -6515.9 16.4
-6529.7 -6514.9 16.3
-6514.7 -6514.0 16.2
-6498.2 -6512.9 16.1
-6417.7 -6657.2 17.7
-6407.6 -6654.8 17.7
-6405.1 -6653.5 17.7
-6404.2 -6650.9 17.6
-6401.9 -6643.7 17.5
-6613.9 -5855.5 19.5
-6600.3 -5849.2 19.7
-6577.3 -5838.5 20.0
-3437.5 3983.0 19.4
-3422.5 3981.5 19.1
-3407.6 3980.1 18.9
-3392.7 3978.7 18.6
-3377.7 3977.2 18.3
-3362.8 3975.8 18.0
-3347.9 3974.4 17.8
-3332.9 3973.0 17.5
-3314.0 3971.1 17.1
5259.1 6175.3 46.4
5250.0 6187.2 47.0
5240.9 6199.1 47.5
5231.9 6211.1 48.2
5223.3 6223.4 49.0
5210.8 6241.1 49.9
2780.0 6283.4 30.7
2775.3 6297.6 30.2
2770.7 6311.9 29.8
2766.1 6326.1 29.3
2761.4 6340.4 29.2
2756.8 6354.7 29.4
2752.2 6368.9 29.3
2747.5 6383.2 29.2
2742.9 6397.5 29.1
2738.2 6411.7 28.9
2733.6 6426.0 28.8
2729.0 6440.3 28.6
2724.3 6454.5 28.5
2719.7 6468.8 28.5
2715.1 6483.1 28.6
2710.4 6497.3 28.7
2705.8 6511.6 28.9
2701.2 6525.9 29.2
2696.5 6540.1 29.5
2691.9 6554.4 29.5
2687.2 6568.7 29.8
2682.6 6582.9 29.9
2678.0 6597.2 29.8
2673.3 6611.5 29.4
2668.7 6625.7 29.3
2664.1 6640.0 29.3
2659.4 6654.3 29.2
2654.8 6668.5 29.1
2650.2 6682.8 29.0
2645.5 6697.1 29.0
2640.9 6711.3 28.9
2636.3 6725.6 28.9
2631.6 6739.8 28.8
2627.0 6754.1 28.8
2622.3 6768.4 28.7
2617.7 6782.6 28.6
2613.1 6796.9 28.4
2608.4 6811.2 28.2
2603.8 6825.4 27.9
2599.2 6839.7 27.7
2594.5 6854.0 27.5
2589.9 6868.2 27.6
2585.3 6882.5 27.6
2580.6 6896.8 27.6
2576.0 6911.0 27.7
2571.3 6925.3 27.7
2566.7 6939.6 27.8
2562.1 6953.8 27.7
2557.4 6968.1 27.7
2552.8 6982.4 27.8
2548.2 6996.6 27.8
2543.5 7010.9 27.9
2538.9 7025.2 27.9
2534.3 7039.4 27.9
2529.6 7053.7 27.9
2525.0 7068.0 27.9
2520.3 7082.2 27.9
2515.7 7096.5 27.9
2511.1 7110.8 27.9
2506.4 7125.0 27.9
2501.8 7139.3 27.9
2497.2 7153.6 27.9
2492.5 7167.8 27.9
2487.9 7182.1 27.9
2483.3 7196.3 28.0
2478.6 7210.6 28.0
2474.0 7224.9 28.0
2469.4 7239.1 28.1
2464.7 7253.4 28.3
2460.1 7267.7 28.4
2455.4 7281.9 28.6
2450.8 7296.2 28.8
2446.0 7310.4 28.9
2441.2 7324.6 29.2
2436.4 7338.8 29.4
2431.5 7353.0 29.5
2426.7 7367.2 29.6
2421.9 7381.4 29.7
2417.0 7395.6 29.7
2412.2 7409.8 29.8
2407.4 7424.0 29.8
2402.5 7438.2 29.8
2397.7 7452.4 29.8
2392.8 7466.6 29.8
2388.0 7480.8 29.8
2383.2 7495.0 29.7
2378.3 7509.2 29.7
2373.5 7523.4 29.6
2368.7 7537.6 29.7
2363.8 7551.8 29.7
2359.0 7566.0 29.8
2354.2 7580.2 29.8
2349.3 7594.4 29.9
2344.5 7608.6 30.0
2339.7 7622.8 29.9
2334.8 7637.0 29.8
2330.0 7651.2 29.7
2325.2 7665.4 30.0
2320.3 7679.6 30.3
2315.5 7693.8 30.6
2310.7 7708.0 30.8
2305.8 7722.2 31.1
2301.0 7736.4 30.9
2296.2 7750.6 30.7
2291.3 7764.8 30.4
2286.5 7779.0 30.2
2281.7 7793.2 30.0
2276.8 7807.4 30.0
2272.0 7821.6 29.9
2267.2 7835.8 29.9
2262.3 7850.0 30.0
2257.5 7864.2 29.9
2252.7 7878.4 29.9
2247.8 7892.6 30.1
2243.0 7906.8 30.3
2238.2 7921.0 30.5
2233.3 7935.2 30.7
2228.5 7949.4 30.6
2223.7 7963.6 30.3
2218.8 7977.8 30.1
2214.0 7992.0 29.9
2209.2 8006.2 29.6
2204.3 8020.4 29.6
2199.5 8034.6 29.6
2194.7 8048.8 29.5
2189.8 8063.0 29.5
2185.0 8077.2 29.5
2180.2 8091.4 29.6
2175.3 8105.6 29.7
2170.5 8119.8 29.8
2165.7 8134.0 29.9
2160.8 8148.2 30.1
2155.9 8162.7 30.1
-6344.0 -8585.8 17.4
-6319.6 -8564.3 16.6
-6938.4 -7089.1 17.9
-6943.0 -7074.9 17.9
-6951.1 -7050.3 17.9
-6943.9 -7290.4 17.9
-6947.2 -7284.3 17.9
-6946.7 -7278.0 17.9
-6943.8 -7274.5 17.9
6763.2 8358.6 100.3
6750.6 8366.7 100.0
6738.9 8376.1 99.5
6727.3 8385.7 99.1
6715.8 8395.2 99.2
6704.2 8404.8 98.9
6692.7 8414.3 98.3
6681.1 8423.9 98.2
6669.6 8433.5 98.6
6658.0 8443.0 99.0
6645.2 8453.6 99.4
5578.8 8182.7 90.9
5575.5 8195.3 91.0
5536.5 8184.8 89.9
6571.0 8501.8 101.0
6559.3 8511.2 101.3
6547.6 8520.6 101.5
6535.9 8529.9 101.7
6512.8 8548.4 102.7
6022.6 8830.5 105.3
6015.4 8860.6 106.2
3932.4 8827.8 48.4
3959.4 8805.5 49.5
3961.8 8632.9 51.7
3932.8 8644.5 51.1
-2529.6 6424.7 20.6
-2531.7 6446.6 20.0
-2534.5 6467.7 19.9
-4531.0 3463.5 21.0
-4518.9 3472.3 20.7
-4506.8 3481.1 20.4
-4491.6 3492.2 20.0
-4484.9 4409.8 25.6
-4474.4 4420.5 25.3
-4463.9 4431.2 25.2
-4453.4 4441.9 25.0
-4442.9 4452.6 24.9
-4427.4 4468.5 24.8
-6843.7 -7557.1 17.0
-6828.9 -7533.2 16.9
-6577.8 -1888.5 42.7
-6555.4 -1865.6 44.1
-6552.0 -7458.7 17.1
-6541.0 -7448.4 17.2
-6530.1 -7438.1 17.3
-6509.5 -7418.7 17.6
-6837.3 -7782.8 17.0
-6824.2 -7775.4 16.7
-6806.2 -7765.2 16.3
-6032.8 -8332.6 15.2
-6044.0 -8322.6 15.1
-6055.2 -8312.7 15.0
-6066.5 -8302.7 15.1
-6077.7 -8292.8 15.2
-6088.9 -8282.8 15.4
-6100.1 -8272.9 15.6
-6111.4 -8263.0 15.6
-6122.6 -8253.0 15.5
-6133.8 -8243.1 15.5
-6145.1 -8233.1 15.4
-6156.3 -8223.2 15.5
-6167.8 -8213.5 15.6
-6179.4 -8204.1 15.4
-6191.1 -8194.6 15.3
-6202.7 -8185.1 15.1
-6214.3 -8175.6 14.9
-6233.1 -8160.3 14.6
-6333.8 -8061.4 14.6
-6322.6 -8051.5 14.7
-6311.3 -8041.5 14.7
-6300.1 -8031.6 14.8
-6287.5 -8020.5 14.9
-6217.0 -8234.4 15.6
-6228.4 -8224.8 15.6
-6239.9 -8215.1 15.7
-6253.4 -7411.0 15.4
-6253.3 -7403.6 15.4
-6253.8 -7396.1 15.5
-6258.2 -7388.7 15.5
-6262.8 -7381.7 15.5
-6266.7 -7379.1 15.5
-6798.4 -6393.7 17.1
-6812.9 -6397.4 17.1
-6827.5 -6401.0 17.1
-6842.0 -6404.7 17.0
-6865.1 -6410.5 17.0
-6495.2 -6798.2 18.1
-6496.9 -6793.1 18.1
-6495.9 -6786.8 18.1
-6491.6 -6784.7 18.1
-6487.2 -6784.1 18.1
-6483.0 -6785.5 18.2
-6480.4 -6787.9 18.2
-6643.0 -6787.3 17.4
-6649.1 -6773.6 17.4
-6659.4 -6750.7 17.5
-6754.9 -6729.1 17.4
-6742.0 -6721.4 17.2
-6729.1 -6713.8 17.0
-6716.3 -6706.1 16.9
-6695.3 -6693.5 16.7
-6465.5 -7073.5 20.0
-6433.6 -7062.3 19.8
-6455.2 -6726.3 17.9
-6451.2 -6730.7 18.0
-6404.4 -6718.5 18.1
-6390.8 -6706.5 18.0
-6392.6 -6691.6 17.9
-6394.4 -6676.7 17.9
-6404.8 -6673.2 17.9
-6419.6 -6675.6 18.0
-6445.9 -6679.8 18.1
-6737.0 -6170.9 17.8
-6699.2 -6159.1 18.2
-6427.6 -6157.0 19.0
-6435.6 -6134.1 19.2
-6413.2 -6131.1 19.3
-6393.6 -6124.4 19.4
-3062.6 5474.9 19.1
-3061.2 5460.0 19.3
-3059.7 5445.1 19.6
-3058.3 5430.1 19.7
-3056.8 5415.2 19.6
-3055.4 5400.3 19.5
-3053.9 5385.3 19.4
-3052.5 5370.4 19.4
-3050.8 5353.2 19.4
-6692.8 -7777.8 15.8
-6702.9 -7788.9 15.5
-6713.0 -7800.0 15.6
-6723.0 -7811.1 15.8
-6733.1 -7822.2 15.9
-6745.9 -7828.1 16.1
-6759.0 -7824.2 16.2
-6760.1 -7806.6 16.1
-6188.0 -4020.7 30.2
-6173.1 -4018.9 30.3
-6158.2 -4017.1 30.5
-6143.3 -4015.3 30.7
-6122.3 -4012.7 31.0
-4329.8 3206.6 20.6
-4341.0 3216.6 20.7
-4352.3 3226.5 20.6
-4363.5 3236.5 20.4
-4374.7 3246.4 20.1
-4385.9 3256.4 19.9
-4397.1 3266.3 19.8
-4408.4 3276.3 19.8
-4419.6 3286.3 19.9
-4430.8 3296.2 20.1
-4442.0 3306.2 20.3
-4453.2 3316.1 20.4
-4464.5 3326.1 20.6
-4475.7 3336.0 20.7
-4486.9 3346.0 20.9
-4503.4 3360.6 21.1
6157.1 8850.9 106.3
6139.6 8867.2 106.8
6135.8 8873.0 107.0
6132.6 8880.4 107.3
6122.9 8910.7 107.5
5687.9 7541.5 80.1
5685.0 7556.2 80.2
5682.0 7570.9 80.3
5679.1 7585.7 80.4
5676.2 7600.4 80.5
5673.3 7615.1 80.6
5670.3 7629.8 80.7
5667.4 7644.5 80.8
5664.5 7659.2 80.9
5661.5 7673.9 81.1
5658.7 7688.6 81.5
5657.1 7703.5 81.9
5656.9 7718.5 82.3
5656.7 7733.5 82.7
5656.5 7748.5 83.0
5656.4 7763.5 83.4
5656.2 7778.5 83.8
5656.0 7793.5 84.2
5655.7 7817.1 84.8
5852.1 6814.4 57.3
5846.4 6828.3 58.0
5843.8 6842.7 58.7
5850.5 6856.0 59.2
5861.1 6866.2 59.3
5873.9 6874.1 59.4
5886.6 6881.9 59.4
5899.4 6889.8 59.1
5912.2 6897.6 58.8
5925.0 6905.5 58.5
5937.7 6913.4 58.3
5950.5 6921.2 58.2
5963.3 6929.1 58.0
5976.1 6937.0 57.8
5988.8 6944.8 57.7
6001.6 6952.7 57.6
6014.4 6960.5 57.5
6027.2 6968.4 57.7
6039.9 6976.3 57.9
6052.7 6984.1 58.1
6065.5 6992.0 58.2
6078.9 6994.4 58.0
6085.4 6972.9 56.6
5972.0 6835.0 55.2
5983.6 6844.5 55.2
5995.2 6854.0 55.3
6006.8 6863.5 55.0
6018.4 6873.0 54.8
6030.0 6882.5 54.8
6041.6 6892.0 54.8
6053.3 6901.5 54.6
6064.9 6911.0 54.6
6086.5 6928.7 54.5
-4311.6 3200.4 19.8
-4300.6 3190.3 19.2
-4289.5 3180.1 18.5
-4278.5 3170.0 18.7
-4267.4 3159.8 18.8
-4256.4 3149.7 18.6
-4245.8 3139.1 18.5
-4235.8 3127.9 18.3
-4226.8 3115.9 18.4
-4218.3 3103.5 18.6
-4209.9 3091.1 18.9
-4203.6 3077.5 19.1
-4197.3 3063.9 19.2
-4190.7 3050.5 19.4
-4185.2 3036.5 18.9
-4180.7 3022.2 18.8
-4176.7 3007.8 18.8
-4173.1 2993.2 18.9
-4170.4 2978.5 19.0
-4168.5 2963.6 19.3
-4166.6 2948.7 19.2
-4165.8 2933.7 18.9
-4165.6 2918.7 18.4
-4165.4 2903.7 18.1
-4166.2 2888.8 17.9
-4168.4 2861.1 18.1
3043.5 5414.4 37.7
3038.8 5428.6 37.6
3034.1 5442.9 37.6
3029.4 5457.1 37.6
3024.8 5471.4 37.6
3020.1 5485.6 37.6
3015.4 5499.9 37.7
3010.7 5514.1 37.7
3006.0 5528.4 37.8
3001.3 5542.6 37.8
2996.6 5556.8 37.9
2991.9 5571.1 37.8
2987.3 5585.3 37.5
2982.6 5599.6 37.3
2977.9 5613.8 37.1
2973.2 5628.1 36.9
2968.5 5642.3 36.6
2963.8 5656.6 36.4
2959.1 5670.8 36.3
2954.5 5685.1 36.1
2949.8 5699.3 35.9
2945.1 5713.6 35.7
2940.4 5727.8 35.5
2935.7 5742.1 35.4
2931.0 5756.3 35.2
2926.3 5770.6 35.1
2921.6 5784.8 34.9
2917.0 5799.1 34.8
2912.3 5813.3 34.7
2907.6 5827.6 34.4
2902.9 5841.8 34.2
2898.2 5856.1 34.0
2893.5 5870.3 33.7
2888.8 5884.6 33.5
2884.2 5898.8 33.3
2879.5 5913.1 33.2
2874.8 5927.3 33.1
2870.1 5941.6 33.0
2865.4 5955.8 32.9
2860.7 5970.1 32.8
2856.0 5984.3 32.7
2851.3 5998.6 32.5
2846.7 6012.8 32.4
2842.0 6027.1 32.3
2837.3 6041.3 32.2
2832.6 6055.6 32.1
2827.9 6069.8 32.0
2823.2 6084.1 31.9
2818.5 6098.3 31.7
2813.8 6112.6 31.6
2809.2 6126.8 31.5
2804.5 6141.1 31.3
2799.8 6155.3 31.2
2795.1 6169.6 31.1
2790.4 6183.8 31.1
2785.7 6198.1 31.0
2777.6 6222.8 30.9
5856.4 7510.7 80.8
5853.1 7525.4 81.2
5849.9 7540.0 81.7
5846.6 7554.6 82.1
5840.3 7583.0 83.1
5992.4 7698.0 84.9
5983.2 7731.0 86.3
2348.2 8619.1 33.5
2341.4 8632.4 34.1
2334.6 8645.8 34.7
2327.8 8659.1 35.1
2314.8 8684.6 35.4
2672.9 8779.5 44.7
2700.7 8774.4 45.1
2707.7 8792.0 45.7
2730.8 8788.5 46.8
3214.6 8655.0 41.3
3214.8 8670.0 41.5
3215.0 8685.0 41.8
3215.3 8709.9 42.4
5653.9 8093.1 91.6
5654.3 8108.1 91.8
5654.8 8123.1 92.0
5655.2 8138.1 92.2
5655.7 8153.1 92.5
5656.1 8168.1 92.7
5656.8 8189.8 93.0
6250.5 6811.4 48.3
6265.7 6816.4 48.2
6300.4 6867.8 48.8
6327.4 6855.9 48.2
6338.8 6843.4 48.0
6343.0 6827.7 48.0
6342.2 6813.3 48.1
6335.4 6799.9 48.3
6327.0 6791.2 48.1
6311.4 6785.8 47.7
6295.8 6785.1 47.8
6281.0 6789.2 47.9
6264.2 6803.7 48.2
6157.2 6865.7 50.7
6160.2 6867.5 50.6
6180.6 6871.3 50.2
4011.3 8804.4 50.2
4018.1 8809.1 50.1
3895.5 8479.9 47.3
3899.9 8504.5 47.9
3900.5 8508.5 47.9
3908.1 8506.7 48.0
2774.2 6355.0 29.4
2793.3 6360.4 29.4
5858.2 6852.9 58.8
5871.0 6860.8 58.9
5883.7 6868.8 58.9
5896.4 6876.7 59.0
5909.2 6884.6 58.7
5921.9 6892.6 58.4
5946.9 6908.2 57.9
6710.2 8386.2 99.8
6698.6 8395.7 99.3
6687.0 8405.1 98.7
6675.4 8414.6 98.3
6663.7 8424.1 98.4
6652.1 8433.6 98.8
6635.2 8447.4 99.3
7146.3 8022.8 88.6
7136.2 8033.9 89.3
7126.1 8045.0 89.7
7115.9 8056.1 90.0
7105.8 8067.2 90.3
7095.7 8078.2 90.6
7085.6 8089.3 90.9
7075.5 8100.4 91.2
7065.4 8111.5 91.5
7055.3 8122.5 91.8
7045.1 8133.6 92.2
7035.0 8144.7 92.5
7024.9 8155.8 92.8
7014.8 8166.9 93.0
7004.7 8177.9 93.9
6994.6 8189.0 95.1
6984.5 8200.1 96.3
6974.4 8211.2 97.5
6964.2 8222.2 98.2
6954.0 8233.2 98.5
6934.1 8253.5 98.9
6814.1 8332.1 100.6
6827.3 8325.2 100.3
6840.6 8318.2 100.1
6853.9 8311.2 99.9
6878.9 8298.1 99.7
-5674.4 -8850.1 16.2
-5678.2 -8835.7 16.1
-6382.8 -7031.4 17.8
-6368.2 -7028.2 17.7
-6640.4 -5879.1 18.8
-6626.7 -5873.0 19.0
-6618.6 -5881.5 18.8
-6612.1 -5896.6 18.5
-1567.5 6435.7 18.4
-1567.4 6450.7 18.5
-1567.2 6465.7 18.4
-1567.0 6480.7 18.3
-1566.8 6495.7 18.4
-1566.7 6510.7 18.7
-1566.5 6525.7 19.0
-1566.3 6540.7 19.2
-1566.0 6567.3 19.5
-1809.7 6134.0 17.7
-1803.9 6147.8 18.2
-1798.0 6161.6 18.4
-1792.1 6175.4 18.6
-1786.2 6189.2 18.8
-1780.3 6203.0 19.1
-1773.0 6220.2 19.5
-3104.4 7432.9 23.0
-3089.4 7432.8 22.9
-3074.4 7432.7 22.8
-3059.4 7432.6 22.7
-3030.6 7432.4 22.5
-6724.4 -7707.3 16.7
-1937.9 5563.5 17.5
-1940.6 5578.2 17.9
-1943.3 5593.0 18.3
-1946.0 5607.7 18.8
-1948.8 5622.5 19.1
-1951.5 5637.2 19.2
-1954.2 5652.0 19.3
-1957.0 5666.7 19.5
-1959.7 5681.5 19.6
-1962.4 5696.2 19.6
-1965.2 5711.0 19.4
-1968.3 5728.1 19.3
-1910.5 5786.8 19.5
-1902.9 5799.7 19.4
-1895.9 5813.0 19.2
-1890.2 5826.9 18.8
-1884.5 5840.7 18.4
-1879.9 5855.0 18.2
-1874.6 5871.5 17.9
-2400.6 6315.6 21.3
-2391.2 6327.3 20.9
-2381.8 6339.0 20.9
-2372.4 6350.7 20.7
-2363.0 6362.4 20.5
-2362.8 6387.9 20.1
-2487.1 6853.1 18.9
-2477.8 6841.3 18.5
-2468.5 6829.5 18.1
-2459.3 6817.7 18.7
-2441.5 6795.2 19.4
-2086.6 5741.7 18.2
-2090.8 5727.3 18.2
-2094.9 5712.9 18.2
-2099.1 5698.5 18.3
-2103.2 5684.1 18.3
-2107.3 5669.7 18.4
-2113.9 5656.2 18.2
-2120.7 5642.8 17.8
-2127.6 5629.5 17.3
-2127.6 5618.8 17.1
-2113.5 5613.6 17.6
-2099.4 5608.4 18.0
-2085.4 5603.2 18.4
-2071.3 5598.0 18.8
-2057.2 5592.8 19.3
-2043.2 5587.6 19.5
-2029.2 5582.1 19.7
-2015.5 5576.1 19.7
-2001.7 5570.1 19.2
-1988.0 5564.1 18.7
-1974.3 5558.0 18.2
-1960.5 5552.0 17.7
-1956.8 5558.6 17.8
-1959.5 5573.4 18.2
-1962.2 5588.2 18.7
-1964.9 5602.9 19.1
-1967.6 5617.7 19.3
-1970.3 5632.4 19.4
-1973.0 5647.2 19.6
-1975.7 5661.9 19.7
-1978.4 5676.7 19.5
-1981.1 5691.4 19.4
-1983.8 5706.2 19.3
-1986.5 5721.0 19.2
-1990.9 5744.8 19.0
-3474.8 3886.8 19.9
-3459.9 3884.8 19.7
-3445.1 3882.9 19.4
-3430.2 3880.9 19.1
-3415.3 3879.0 18.9
-3400.5 3877.0 18.6
-3385.6 3875.0 18.4
-3370.7 3873.1 18.1
-3355.8 3871.1 17.8
-3333.8 3868.2 17.4
-3293.2 3006.6 15.5
-3286.2 3019.8 15.8
-3279.2 3033.1 16.1
-3273.1 3046.1 16.5
-3286.3 3053.3 16.6
-3299.5 3060.4 16.9
-3312.6 3067.6 17.2
-3325.8 3074.8 17.4
-3339.0 3081.9 17.7
-3352.5 3088.4 18.1
-3365.6 3095.1 18.4
-3371.8 3108.2 18.5
-3385.6 3114.1 18.3
-3399.4 3120.0 18.0
-3413.2 3125.9 17.9
-3427.0 3131.8 17.9
-3440.8 3137.8 17.9
-3457.4 3144.9 17.9
-4208.6 3108.1 18.9
-4212.8 3122.6 18.8
-4215.9 3133.7 18.7
-4219.8 3142.3 18.6
-4231.1 3154.3 18.7
-4245.0 3160.7 18.7
-4254.1 3163.2 18.7
-4307.1 3210.6 19.9
-4573.2 875.6 23.9
-4566.1 862.3 23.7
-4559.1 849.1 23.6
-4552.0 835.9 23.5
-4542.9 825.8 23.3
-4528.0 824.9 23.1
-4514.8 832.0 22.8
-4501.8 839.4 22.6
-4488.8 846.8 22.4
-4475.7 854.2 22.2
-4458.9 863.8 21.9
-4171.2 2520.2 17.7
-4138.0 2524.8 19.4
-4877.4 3218.0 26.5
-4865.3 3226.9 26.8
-4853.3 3235.9 27.0
-4841.2 3244.8 27.3
-4829.2 3253.7 27.5
-4817.1 3262.7 27.8
-4805.1 3271.6 28.0
-4793.0 3280.5 28.3
-4781.0 3289.5 28.0
-4768.9 3298.4 27.4
-4756.9 3307.3 26.9
-4744.8 3316.3 26.3
-4732.8 3325.2 25.8
-4720.7 3334.1 25.3
-4708.7 3343.1 24.7
-4696.6 3352.0 24.1
-4684.6 3360.9 23.6
-4672.5 3369.9 23.4
-4660.5 3378.8 23.3
-4648.4 3387.7 23.1
-4636.4 3396.7 23.0
-4624.3 3405.6 22.8
-4609.5 3416.6 22.6
-5450.0 5525.6 42.4
-5441.4 5537.9 42.2
-5432.8 5550.2 42.1
-5424.2 5562.5 41.9
-5415.5 5574.8 41.7
-5404.3 5590.8 41.6
-6791.5 -6801.5 17.7
-6772.1 -6796.4 17.5
-6766.6 -6797.7 17.4
-6761.5 -6800.4 17.2
-6884.8 -6486.6 18.0
-6878.6 -6473.0 17.7
-6872.3 -6459.4 17.4
-6866.1 -6445.7 17.3
-6847.2 -6435.3 17.2
-6862.0 -6462.8 17.4
-6845.4 -6466.6 17.4
-6860.1 -6425.9 17.1
-6847.6 -6426.4 17.1
-6967.6 -3805.7 23.3
-6957.4 -3816.8 23.3
-6947.3 -3827.8 23.6
-6937.2 -3838.9 23.4
-6927.0 -3849.9 23.1
-6916.9 -3861.0 23.4
-6905.8 -3860.1 23.6
-6894.1 -3850.7 23.9
-6882.4 -3841.3 24.2
-6870.7 -3831.9 24.5
-6859.0 -3822.6 24.8
-6846.6 -3812.6 25.1
-6745.2 -5630.8 20.1
-6745.6 -5623.4 20.2
-6746.0 -5615.0 20.2
-6861.0 -5473.6 20.9
-6861.2 -5488.6 20.6
-6861.4 -5503.6 20.3
-6861.6 -5518.6 20.0
-6869.9 -5525.0 20.2
-6884.9 -5524.2 20.7
-6888.2 -5512.8 21.1
-6887.6 -5497.8 21.3
-6886.8 -5475.6 21.6
-6936.7 -5252.6 22.9
-6909.5 -5246.8 22.9
-6591.5 -1099.0 54.6
-6591.2 -1084.0 55.0
-6590.8 -1069.0 55.7
-6590.5 -1054.1 56.4
-6590.2 -1039.1 57.0
-6589.9 -1021.0 57.4
-6137.0 -8454.5 16.8
-6124.9 -8445.7 16.7
-6104.6 -8431.0 16.5
-6353.7 -8622.2 17.2
-6365.4 -8605.4 17.3
-6114.0 -8419.5 16.4
-6098.6 -8416.5 16.3
-6092.6 -8412.6 16.2
-6065.2 -8392.1 15.9
-6063.0 -8387.2 15.9
-6914.2 -8577.4 18.3
-6924.6 -8566.6 18.4
-6935.1 -8555.9 18.5
-6945.5 -8545.1 18.6
-6953.7 -8534.6 18.8
-6941.1 -8526.5 18.8
-6928.5 -8518.3 18.8
-6915.9 -8510.2 18.9
-6898.3 -8498.9 18.9
-6171.0 -8221.8 15.5
-6182.7 -8212.4 15.6
-6194.4 -8203.1 15.4
-6206.1 -8193.7 15.3
-6217.8 -8184.3 15.1
-6237.0 -8168.8 14.8
-6153.0 -8251.9 15.6
-6145.0 -8243.6 15.5
-6164.4 -8227.2 15.5
-6195.2 -8439.4 16.8
-6192.9 -8440.2 16.8
-6190.6 -8440.6 16.8
-6186.6 -8440.4 16.8
-6183.8 -8438.9 16.8
-6182.4 -8436.3 16.8
-6181.7 -8433.4 16.7
-6181.8 -8427.6 16.7
-6183.1 -8424.7 16.7
-6185.2 -8421.8 16.6
-6656.4 -6264.3 17.9
-6632.7 -6260.3 18.0
-6701.3 -6588.7 16.9
-6663.7 -6546.2 16.4
-6638.8 -6538.5 16.5
-6528.6 -6154.5 18.7
-6525.4 -6153.7 18.7
-6487.3 -6143.6 18.9
-6529.8 -6251.6 18.6
-6520.5 -6252.0 18.7
-6475.9 -6247.5 18.9
-6582.0 -5993.7 19.8
-6590.2 -5981.1 19.7
-6598.4 -5968.5 19.6
-6611.0 -5949.2 19.4
-6570.3 -5988.8 19.9
-6573.6 -5988.7 19.9
-6603.9 -5943.6 19.4
-6447.2 -5885.5 19.4
-6453.1 -5873.9 19.6
-6461.5 -5863.9 19.8
-6473.9 -5856.8 19.9
-6655.9 -5911.9 18.7
-6649.9 -5925.7 19.0
-6629.1 -5917.4 19.0
-6162.1 -6019.5 20.2
-6165.1 -6007.3 20.2
-6300.8 -6013.1 20.4
-6286.6 -6008.4 20.5
-6272.3 -6003.7 20.5
-6258.1 -5999.0 20.6
-6243.8 -5994.3 20.6
-6224.5 -5987.9 20.7
-6366.3 -5917.6 19.6
-6370.8 -5903.3 19.1
-6375.3 -5889.0 18.5
-6380.3 -5873.2 18.9
-6330.4 -8812.9 16.1
-6325.1 -8799.5 16.2
-5996.2 -8880.2 15.6
-5968.0 -8870.5 15.6
-6870.4 -7457.9 17.4
-6863.1 -7444.8 17.4
-6855.8 -7431.7 17.3
-6848.5 -7418.6 17.2
-6841.1 -7405.5 17.2
-6831.3 -7388.0 17.1
-6870.3 -7733.7 16.9
-6861.8 -7721.4 16.7
-6853.3 -7709.0 16.5
-6844.7 -7696.7 16.4
-6836.2 -7684.4 16.5
-6823.4 -7665.8 16.6
-6495.4 -7431.7 17.1
-6484.4 -7421.5 17.1
-6473.4 -7411.2 17.0
-6462.5 -7401.0 17.0
-6451.5 -7390.8 17.0
-6440.5 -7380.5 16.9
-6429.6 -7370.3 16.9
-6418.6 -7360.1 16.9
-6407.6 -7349.8 16.8
-6396.7 -7339.6 16.8
-6378.2 -7322.3 16.8
-5894.2 -7590.9 16.1
-5882.7 -7581.2 16.2
-5871.1 -7571.6 16.4
-5859.6 -7562.0 16.5
-5848.1 -7552.4 16.6
-5836.6 -7542.8 16.7
-5825.1 -7533.2 16.7
-5806.1 -7517.3 17.0
-6569.4 -6688.9 18.0
-6577.2 -6671.0 17.8
-6000.4 -7370.0 16.8
-5990.9 -7358.3 16.8
-5981.5 -7346.6 16.9
-5979.0 -7333.9 17.0
-5984.7 -7320.0 17.0
-5987.7 -7305.5 17.0
-5984.3 -7291.2 17.1
-5977.7 -7277.9 17.2
-5969.6 -7265.2 17.3
-5961.5 -7252.6 17.5
-5967.7 -7239.0 17.4
-5974.0 -7225.4 17.4
-5980.3 -7211.8 17.4
-5988.2 -7194.6 17.4
-6877.3 -7466.2 17.5
-6907.9 -7447.6 17.9
-6948.8 -7597.1 18.0
-6936.5 -7605.8 18.0
-6924.3 -7614.4 17.8
-6906.1 -7627.4 17.6
-6901.3 -7712.6 17.0
-6897.9 -7708.2 17.0
-6896.6 -7704.9 17.0
-6767.6 -7809.0 16.2
-6774.1 -7802.9 16.2
-6806.0 -7773.5 16.4
-6756.1 -7802.2 16.1
-6869.5 -7494.6 17.4
-6861.2 -7483.9 17.3
-6870.3 -7476.8 17.4
-6875.4 -7475.5 17.5
-6881.5 -7476.1 17.5
-6516.6 -6764.1 18.0
-6507.3 -6757.1 18.0
-6573.0 -6917.1 18.7
-6558.9 -6912.0 18.3
-6544.8 -6906.9 17.5
-6517.6 -6896.9 17.6
-6561.1 -6904.9 18.0
-6572.1 -6885.1 17.6
-6484.6 -6709.0 18.0
-6470.6 -6680.8 18.2
-6929.2 -5743.2 19.9
-6904.9 -5730.8 20.0
-6872.3 -7774.8 17.0
-6859.2 -7767.5 17.0
-6846.2 -7760.1 16.9
-6825.1 -7748.2 16.4
-6649.4 -7550.5 15.7
-6638.4 -7540.4 15.9
-6627.4 -7530.2 16.0
-6616.3 -7520.1 16.2
-6605.3 -7509.9 16.3
-6594.2 -7499.8 16.5
-6583.2 -7489.6 16.6
-6564.0 -7472.0 16.9
-7021.2 -7813.4 18.3
-7006.2 -7814.1 18.2
-6991.2 -7814.8 17.9
-6976.2 -7815.0 17.6
-6961.2 -7814.3 17.4
-6937.6 -7811.3 17.0
-6948.7 -7460.8 17.9
-6940.5 -7448.3 17.9
-6932.3 -7435.7 17.9
-6941.0 -7427.0 17.9
-6953.8 -7419.2 17.9
-6978.5 -7404.1 16.7
-6934.2 -7525.4 17.9
-6945.7 -7520.0 18.0
-6976.5 -7505.6 17.3
-6942.8 -7372.1 17.9
-6929.6 -7379.4 17.9
-6916.5 -7386.6 17.9
-6903.3 -7393.8 17.9
-6878.5 -7407.4 17.6
-6936.6 -7250.2 17.9
-6932.0 -7254.4 17.9
-6634.7 -6866.1 18.4
-6613.0 -6858.4 18.1
-6792.0 -6633.5 18.0
-6757.4 -6615.5 17.7
-5126.3 -8933.1 17.0
-5115.9 -8922.3 17.1
-5105.5 -8911.5 17.1
-5095.1 -8900.7 17.4
-5084.7 -8889.9 17.5
-5074.3 -8879.1 17.6
-5063.9 -8868.3 17.6
-5053.4 -8857.5 17.4
-5043.0 -8846.7 17.2
-5032.6 -8835.9 17.1
-5022.2 -8825.1 16.9
-5011.8 -8814.3 16.7
-5001.4 -8803.5 16.5
-4990.9 -8792.8 16.3
-4980.5 -8782.0 16.2
-4970.1 -8771.2 16.0
-4959.7 -8760.4 15.8
-4949.3 -8749.6 15.6
-4938.9 -8738.8 15.5
-4928.5 -8728.0 15.3
-4918.0 -8717.2 15.3
-4907.6 -8706.4 15.4
-4897.2 -8695.6 15.5
-4886.8 -8684.8 15.6
-4876.4 -8674.0 15.7
-4866.0 -8663.2 15.8
-4855.5 -8652.4 15.9
-4845.1 -8641.6 16.0
-4834.7 -8630.8 16.1
-4824.3 -8620.0 16.2
-4813.9 -8609.2 16.3
-4803.5 -8598.5 16.4
-4793.1 -8587.7 16.5
-4782.6 -8576.9 16.6
-4772.2 -8566.1 16.7
-4761.8 -8555.3 16.8
-4751.4 -8544.5 16.9
-4741.0 -8533.7 17.0
-4730.6 -8522.9 17.1
-4720.1 -8512.1 17.1
-4709.7 -8501.3 17.2
-4699.3 -8490.5 17.2
-4688.9 -8479.7 17.2
-4678.5 -8468.9 17.1
-4668.1 -8458.1 17.0
-4657.6 -8447.3 17.0
-4647.2 -8436.5 16.9
-4636.8 -8425.7 16.8
-4626.4 -8415.0 16.7
-4616.0 -8404.2 16.6
-4605.6 -8393.4 16.6
-4595.2 -8382.6 16.5
-4584.7 -8371.8 16.5
-4574.3 -8361.0 16.5
-4563.9 -8350.2 16.5
-4553.5 -8339.4 16.5
-4543.1 -8328.6 16.5
-4532.7 -8317.8 16.5
-4522.2 -8307.0 16.5
-4511.8 -8296.2 16.5
-4501.4 -8285.4 16.5
-4491.0 -8274.6 16.5
-4480.6 -8263.8 16.5
-4470.2 -8253.0 16.1
-4459.8 -8242.2 15.9
-4449.3 -8231.4 15.9
-4438.9 -8220.7 15.9
-4428.5 -8209.9 15.9
-4418.1 -8199.1 15.9
-4407.7 -8188.3 15.8
-4397.3 -8177.5 15.8
-4386.8 -8166.7 15.8
-4376.4 -8155.9 15.8
-4366.0 -8145.1 15.8
-4355.6 -8134.3 15.7
-4345.2 -8123.5 15.7
-4334.8 -8112.7 15.6
-4318.0 -8095.3 15.7
-5669.1 -8527.7 16.2
-5676.7 -8514.8 16.2
-5684.2 -8501.8 16.3
-5691.8 -8488.9 16.3
-5699.4 -8476.0 16.3
-5707.0 -8463.0 16.1
-5720.1 -8440.7 15.8
-1779.3 5952.2 16.8
-1765.4 5946.5 16.9
-1751.5 5940.9 17.0
-1737.6 5935.2 17.1
-1723.7 5929.6 17.2
-1710.0 5923.4 17.3
-1696.5 5916.9 17.4
-1683.0 5910.3 17.5
-1669.5 5903.8 17.8
-1643.3 5891.1 19.2
-1866.0 6257.0 18.7
-1851.9 6251.9 18.7
-1837.8 6246.8 18.8
-1823.7 6241.7 18.9
-1798.8 6232.7 19.3
-2417.1 6281.0 22.1
-2392.9 6287.6 21.8
-2388.3 6288.0 21.7
-2390.9 6309.2 21.2
-2792.7 7060.9 22.0
-2804.3 7070.3 21.6
-2816.0 7079.7 21.3
-2827.7 7089.2 21.1
-2839.3 7098.6 21.2
-2851.0 7108.0 21.3
-2863.2 7116.6 21.5
-2876.0 7124.4 21.6
-2888.9 7132.2 21.8
-2901.7 7140.0 22.0
-2912.1 7148.4 22.1
-2904.0 7161.0 21.9
-2895.9 7173.6 21.8
-2879.8 7198.8 22.0
-3814.3 7321.4 28.5
-3800.7 7327.7 28.6
-3777.6 7338.5 28.9
-4207.7 3188.9 19.3
-4233.5 3184.7 18.9
-4251.6 3190.4 18.4
268.1 7740.8 21.6
283.0 7742.1 21.4
298.0 7743.5 21.2
312.9 7744.9 21.2
327.8 7746.3 21.2
342.8 7747.7 21.2
357.7 7749.1 21.2
372.7 7750.4 21.1
387.6 7751.8 21.3
402.5 7753.2 21.6
417.5 7754.6 21.8
432.4 7756.0 22.0
447.3 7757.3 22.2
462.3 7758.7 22.4
477.2 7760.1 22.6
492.1 7761.5 22.8
507.1 7762.9 23.0
522.0 7764.3 23.3
540.4 7766.0 23.5
-3698.4 2250.6 17.1
-3689.4 2238.6 16.9
-3680.4 2226.6 16.8
-3671.4 2214.6 16.6
-3660.6 2200.4 16.4
-4111.5 928.8 19.8
-4097.2 933.5 19.8
-4083.0 938.2 19.8
-4069.3 944.2 19.9
-4056.1 951.3 19.9
-4035.7 962.5 20.1
-4180.2 1457.7 18.6
-4166.1 1465.2 18.2
-4154.9 1478.9 17.6
-4139.7 1488.4 17.3
-4131.9 1476.0 17.6
-4115.4 1457.3 18.1
-4100.9 1463.0 18.0
-3993.5 1457.5 18.4
-4000.4 1470.9 18.1
-4007.2 1484.2 17.8
-4014.1 1497.5 17.5
-4021.0 1510.9 17.3
-4027.9 1524.2 17.0
-4034.7 1537.5 16.8
-4041.6 1550.9 17.1
-4048.5 1564.2 17.4
-4042.3 1568.6 17.5
-4027.4 1566.9 17.5
-4012.5 1565.2 17.5
-3996.9 1563.5 17.6
5898.2 7041.5 64.8
5890.5 7054.4 65.5
5882.8 7067.3 66.2
5875.1 7080.1 66.8
5867.4 7093.0 67.4
5859.7 7105.9 67.9
5852.0 7118.8 68.5
5844.3 7131.6 69.0
5836.6 7144.5 69.4
5826.7 7161.0 69.9
5903.5 6869.3 58.4
5916.2 6877.3 58.3
5928.8 6885.4 58.0
5943.1 6894.4 57.7
-6695.9 -6751.3 17.3
-6660.7 -6741.5 17.3
-6636.8 -6094.5 18.9
-6622.5 -6089.9 19.0
-6608.2 -6085.3 19.1
-6593.9 -6080.7 19.1
-6579.7 -6076.1 19.2
-6557.4 -6069.0 19.4
-6756.8 -6138.0 18.1
-6728.7 -6129.4 18.3
-6669.1 -6040.1 19.4
-6638.8 -6029.8 19.5
5705.4 8684.1 100.4
5708.4 8698.8 100.7
5711.3 8713.5 101.2
5714.3 8728.2 101.6
5719.6 8754.6 102.0
5665.7 8459.2 97.1
5667.4 8474.1 97.3
5669.1 8489.0 97.6
5671.1 8503.9 97.8
5673.2 8518.7 98.0
5675.7 8533.5 98.3
5678.5 8548.2 98.5
5681.4 8563.0 98.7
5684.3 8577.7 98.9
5687.2 8592.4 99.2
5690.1 8607.1 99.4
5693.0 8621.8 99.6
5695.9 8636.5 99.8
5699.4 8654.4 100.0
5717.7 7389.5 79.2
5714.8 7404.2 79.3
5711.9 7418.9 79.5
5709.0 7433.7 79.4
5706.0 7448.9 79.5
5784.2 8201.8 93.7
5799.2 8201.6 93.8
5814.2 8201.4 93.8
5829.2 8201.1 93.9
5844.2 8200.9 94.0
5858.8 8204.3 94.1
5873.4 8207.7 94.2
5888.0 8211.2 94.3
5902.6 8214.7 94.4
5917.2 8218.1 94.5
5931.8 8221.6 94.6
5946.4 8225.1 94.7
5961.0 8228.5 94.8
5975.6 8232.0 94.9
5990.2 8235.5 95.1
6004.8 8238.9 95.3
6010.3 8248.0 95.4
6006.9 8262.6 95.6
6006.2 8276.9 95.9
6014.9 8287.7 96.1
6029.7 8290.0 96.2
6044.5 8292.3 96.3
6060.8 8294.8 96.5
3565.1 8655.8 42.7
3579.1 8650.4 43.0
3593.1 8645.0 43.3
3611.2 8638.1 43.6
439.7 8350.9 23.8
427.6 8351.0 23.6
420.7 8364.3 23.6
413.9 8377.6 23.7
408.0 8391.3 23.7
405.0 8406.0 23.8
401.9 8420.7 23.8
398.2 8438.9 23.9
1978.4 8638.2 32.8
1973.7 8652.5 32.8
1969.1 8666.7 32.9
1964.4 8681.0 32.9
1959.8 8695.2 32.9
1955.1 8709.5 32.9
1950.4 8723.8 32.9
1945.8 8738.0 32.9
1941.1 8752.3 33.0
1936.5 8766.6 33.1
1931.8 8780.8 33.3
1927.2 8795.1 33.4
1922.5 8809.3 33.6
1917.9 8823.6 33.7
1913.2 8837.9 33.8
1908.6 8852.1 33.8
1903.9 8866.4 33.9
1899.3 8880.6 34.0
1894.6 8894.9 34.1
1890.0 8909.2 34.3
1885.3 8923.4 34.5
1880.7 8937.7 34.7
1876.0 8951.9 34.9
1867.0 8979.7 35.2
1979.2 8710.6 33.0
2013.0 8720.4 32.8
-6605.8 -1096.7 55.2
-6605.5 -1081.7 55.5
-6605.2 -1066.7 56.2
-6604.9 -1051.7 56.9
-6604.6 -1036.7 57.3
-6604.2 -1018.6 57.7
-6444.0 -6735.7 18.1
-6429.4 -6732.4 18.1
-6414.7 -6729.1 18.1
-6399.8 -6725.8 18.1
2352.4 8706.7 36.9
2366.6 8711.5 37.3
2380.8 8716.3 37.6
2395.0 8721.1 37.8
2409.2 8726.0 38.1
2423.4 8730.8 38.3
2437.6 8735.6 38.7
2451.8 8740.4 39.2
2466.1 8745.2 39.6
2480.3 8750.0 40.0
2494.5 8754.8 40.8
2508.7 8759.6 41.5
2522.9 8764.4 42.3
2537.1 8769.3 42.6
2551.3 8774.1 42.9
2574.1 8781.8 43.3
1874.3 8493.4 30.2
1866.0 8523.6 30.1
-6954.6 -4661.5 24.3
-6952.3 -4668.8 24.4
-6921.8 -4660.6 24.1
-6931.2 -4633.6 23.7
-6949.8 -4638.6 23.8
-6026.3 -4012.4 32.1
-6041.2 -4014.1 31.9
-6056.1 -4015.9 31.8
-6071.0 -4017.7 31.6
-6085.9 -4019.5 31.4
-6100.8 -4021.2 31.2
-6115.7 -4023.0 31.0
-6130.6 -4024.8 30.8
-6145.4 -4026.6 30.6
-6160.3 -4028.4 30.4
-6175.2 -4030.1 30.2
-6190.1 -4031.9 30.1
-6205.0 -4033.7 30.1
-6219.9 -4035.5 30.1
-6234.8 -4037.2 30.1
-6249.7 -4039.0 29.9
-6264.6 -4040.3 29.7
-6279.6 -4041.1 29.4
-6295.9 -4042.0 29.2
-6442.0 -5883.7 19.5
-6447.7 -5871.6 19.6
-6457.7 -5859.5 19.8
-6471.5 -5852.0 20.0
-6417.0 -6121.7 19.4
-6402.7 -6117.0 19.4
-6388.5 -6112.2 19.5
-6370.7 -6106.3 19.4
-6950.3 -5754.4 21.2
-6942.2 -5768.7 20.3
-6909.8 -5751.6 19.6
6164.5 6826.4 49.4
6153.3 6839.2 50.1
6150.3 6843.7 50.4
6149.2 6848.9 50.6
6149.2 6853.8 50.7
6150.7 6858.4 50.7
-6753.1 -6170.5 17.8
-6738.8 -6166.2 17.9
-6724.4 -6161.9 18.0
-6699.7 -6154.5 18.1
-3555.6 3781.4 21.1
-3540.8 3778.9 20.8
-3526.0 3776.5 20.5
-3511.2 3774.0 20.2
-3496.4 3771.6 19.9
-3481.6 3769.1 19.6
-3466.8 3766.7 19.3
-3452.0 3764.3 19.0
-3437.2 3761.8 18.6
-3422.4 3759.4 18.3
-3407.6 3756.9 18.0
-3392.8 3754.5 17.7
-3378.0 3752.0 17.4
-3363.2 3749.6 17.1
-3348.4 3747.1 16.8
-3323.2 3743.0 16.2
-6216.6 -8225.7 15.6
-6207.7 -8231.6 15.6
-6201.4 -8234.8 15.6
-6196.7 -8236.1 15.6
-6190.4 -8235.9 15.5
-6183.9 -8233.9 15.5
-6178.1 -8230.2 15.5
-6171.0 -8221.8 15.5
-6377.2 -6232.8 19.1
-6362.3 -6234.3 19.0
-6347.4 -6235.8 18.9
-6332.5 -6237.3 18.8
-6316.5 -6238.9 18.7
-6458.1 -6662.5 17.9
-6453.5 -6662.3 17.9
-6426.8 -6658.6 17.8
-6671.7 -6566.7 16.4
-6649.7 -6561.6 16.5
-6590.7 -5909.6 18.9
-6579.5 -5904.9 18.7
-6545.9 -5891.0 18.9
-5132.7 5304.6 33.9
-5110.7 5296.4 33.4
-5083.0 5274.3 33.1
-6076.2 -8545.6 17.6
-6052.6 -8540.8 18.0
-6143.7 -8786.2 16.2
-6136.9 -8777.3 16.3
-6121.1 -8756.3 17.0
-6600.4 -8523.8 18.3
-6581.9 -8523.1 18.2
-6564.2 -8512.8 18.3
-5692.3 -8694.4 16.0
-5700.2 -8681.6 16.0
-5708.1 -8668.9 15.9
-5716.0 -8656.1 15.9
-5723.9 -8643.4 15.6
-5731.8 -8630.6 15.7
-5739.7 -8617.9 15.9
-5747.6 -8605.1 16.0
-5758.3 -8587.8 15.9
-5885.8 -8414.4 14.8
-5876.0 -8403.0 15.0
-5866.2 -8391.7 15.2
-5856.4 -8380.3 15.5
-5846.6 -8368.9 15.7
-5831.5 -8351.3 16.0
-5897.9 -8293.8 15.1
-5896.2 -8290.5 15.2
-5890.3 -8285.9 15.4
-5883.3 -8282.8 15.6
-5879.6 -8281.1 15.7
-6685.2 -7607.9 16.1
-6673.0 -7593.4 15.9
-6427.5 -7515.8 14.2
-6416.5 -7505.6 14.4
-6405.6 -7495.3 14.5
-6394.6 -7485.1 14.7
-6383.7 -7474.8 14.9
-6364.4 -7456.8 15.0
-6783.6 -7876.9 17.0
-6793.7 -7865.8 17.0
-6803.8 -7854.7 17.0
-6813.9 -7843.6 17.0
-6824.0 -7832.6 17.0
-6834.1 -7821.5 17.0
-6850.6 -7803.5 17.0
-6306.6 -8084.8 14.4
-6295.4 -8074.8 14.5
-6284.2 -8064.8 14.6
-6273.1 -8054.8 14.7
-6261.9 -8044.8 14.7
-6250.8 -8034.7 14.8
-6239.6 -8024.7 14.9
-6228.4 -8014.7 15.0
-6217.3 -8004.7 15.0
-6206.1 -7994.6 15.1
-6194.9 -7984.6 15.2
-6174.0 -7965.8 15.3
-6379.5 -6787.7 18.7
-6381.8 -6772.9 18.6
-6384.1 -6758.0 18.5
-6386.7 -6741.4 18.3
-6246.6 -6924.1 16.3
-6247.9 -6887.4 16.5
-6717.9 -6125.6 18.3
-6703.6 -6121.1 18.4
-6689.3 -6116.6 18.5
-6670.8 -6110.8 18.6
-6629.5 -5922.5 19.1
-6610.2 -5914.3 19.0
-6952.9 -4677.8 24.5
-6947.0 -4697.4 24.6
-6942.5 -4705.9 24.7
-6933.4 -4719.0 25.5
4479.2 -6170.7 22.3
-2236.2 -2424.2 19.5
-2272.2 -2430.5 19.5
-2279.6 -2427.1 19.4
-2301.2 -2425.4 19.3
5575.3 -1296.7 29.7
5559.4 -1268.5 29.2
5567.2 -1249.3 28.8
6192.2 -8789.3 26.2
6159.9 -8781.7 26.1
6151.8 -8775.4 26.1
6176.7 -8752.2 26.2
6190.9 -8745.5 26.2
6151.4 -8738.0 26.1
6189.4 -8730.2 26.2
6176.0 -8730.0 26.2
6118.4 -8728.6 25.9
6179.6 -8708.1 26.2
6145.9 -8708.2 26.1
6166.9 -8695.7 26.1
6136.8 -8700.3 26.0
6113.1 -8697.0 25.9
-4005.2 -7221.4 19.7
-4018.6 -7222.7 19.6
-3982.3 -7206.6 19.9
-4002.8 -7207.3 19.9
-4018.0 -7209.6 19.8
-4051.9 -7205.6 19.9
-4006.4 -7188.1 20.2
-4016.3 -7193.0 20.1
-4033.3 -7185.7 20.2
-4078.7 -7189.9 20.0
-4062.7 -7178.2 20.2
-4049.4 -7155.3 20.6
-5424.8 -2365.1 45.8
-5408.7 -2354.8 46.0
-5424.8 -2358.5 45.6
-5433.5 -2339.0 44.9
-5435.6 -2320.9 44.4
-5449.2 -2322.8 44.0
-5419.5 -2308.2 44.5
-5416.9 -2268.3 43.6
-5446.7 -2252.3 42.3
-5464.4 -2245.2 41.6
-5424.9 -2232.4 42.5
-5463.9 -2219.0 41.0
-5509.0 -2213.8 39.6
-5525.6 -2216.8 39.2
-5552.1 -2215.2 39.2
-5500.7 -2199.3 39.5
-5525.7 -2200.7 38.8
-5557.8 -2206.4 39.2
-5496.4 -2186.7 39.3
-5527.5 -2184.8 38.3
-5545.4 -2187.5 37.9
-5361.9 -2173.2 42.8
-5461.1 -2172.8 39.9
-5452.5 -2162.6 39.9
-5469.6 -2158.2 39.3
-5499.3 -2159.6 38.5
-5524.1 -2160.6 37.8
-5555.7 -2156.8 36.8
-5612.3 -2160.0 40.7
-5346.6 -2145.2 42.7
-5539.5 -2139.5 36.8
-5611.9 -2139.0 38.7
-5289.8 -2127.7 44.1
-5311.8 -2133.2 43.5
-5523.0 -2133.1 37.2
-5543.6 -2126.0 36.4
-5285.6 -2114.3 43.9
-5410.5 -2117.0 40.3
-5538.2 -2111.2 36.3
-5557.3 -2117.9 36.1
-5605.6 -2115.2 37.6
-5275.5 -2102.9 44.0
-5365.9 -2097.3 41.2
-5390.4 -2100.5 40.5
-5434.5 -2097.8 39.2
-5541.9 -2102.8 36.3
-5581.4 -2096.3 36.1
-5597.9 -2098.0 36.6
-5649.1 -2099.2 39.1
-5656.8 -2093.9 39.3
-5271.2 -2078.8 43.7
-5318.7 -2084.8 42.4
-5452.0 -2079.1 38.3
-5512.5 -2085.6 36.7
-5556.6 -2087.8 36.2
-5621.0 -2079.2 37.1
-5632.7 -2087.8 38.0
-5258.6 -2070.3 43.9
-5283.9 -2072.1 43.2
-5301.4 -2068.6 42.6
-5317.6 -2068.4 42.1
-5332.0 -2067.5 41.6
-5401.4 -2066.5 39.5
-5437.1 -2064.0 38.4
-5556.0 -2065.9 36.2
-5630.8 -2073.2 37.4
-5661.1 -2066.6 38.6
-5320.1 -2057.8 41.8
-5335.3 -2049.8 41.2
-5499.3 -2054.0 36.8
-5512.1 -2054.0 36.6
-5523.1 -2058.5 36.5
-5555.2 -2052.6 36.3
-5567.2 -2056.3 36.3
-5646.3 -2053.7 37.5
-5363.9 -2038.3 40.1
-5404.9 -2043.3 39.0
-5431.7 -2040.1 38.1
-5509.5 -2042.4 36.6
-5560.8 -2036.8 36.4
-5611.4 -2034.3 36.4
-5644.1 -2034.8 36.7
-5302.5 -2028.2 41.7
-5330.0 -2024.3 40.8
-5357.9 -2025.3 40.0
-5401.8 -2026.0 38.7
-5448.9 -2026.9 37.6
-5525.4 -2027.0 36.5
-5557.1 -2019.6 36.4
-5602.7 -2028.1 36.4
-5641.3 -2027.1 36.4
-5297.5 -2013.4 41.6
-5432.8 -2013.4 37.8
-5468.7 -2012.5 37.3
-5482.1 -2011.5 37.0
-5507.3 -2011.7 36.7
-5559.1 -2003.7 36.5
-5572.7 -2003.8 36.5
-5583.9 -2008.2 36.5
-5627.7 -2006.7 36.5
-5319.8 -1997.4 40.6
-5360.1 -1993.9 39.3
-5496.9 -1993.2 36.8
-5511.0 -1997.4 36.6
-5526.2 -1990.4 36.5
-5575.5 -1996.4 36.5
-5335.2 -1980.3 39.8
-5365.5 -1982.9 39.0
-5373.1 -1981.0 38.7
-5437.4 -1978.2 37.7
-5480.5 -1979.6 37.0
-5590.9 -1980.5 36.6
-5627.0 -1978.5 36.6
-5285.2 -1960.1 40.9
-5304.1 -1959.7 40.3
-5312.9 -1961.5 40.1
-5349.8 -1964.0 39.1
-5493.8 -1962.0 36.9
-5287.1 -1947.5 40.6
-5344.6 -1948.1 39.0
-5436.2 -1945.7 37.6
-5470.3 -1952.3 37.1
-5526.1 -1947.8 36.7
-5298.3 -1932.9 40.0
-5359.8 -1930.9 38.8
-5376.7 -1936.3 38.6
-5390.4 -1936.8 38.4
-5498.0 -1931.4 36.8
-5539.8 -1933.9 36.8
-5556.3 -1934.1 36.8
-5604.0 -1931.9 36.8
-5329.4 -1919.8 39.3
-5341.4 -1922.2 39.1
-5365.2 -1922.9 38.7
-5394.3 -1921.6 38.3
-5461.5 -1921.3 37.3
-5478.3 -1921.4 37.1
-5567.6 -1913.9 36.8
-5602.5 -1918.9 36.8
-5613.8 -1920.8 36.8
-5330.5 -1905.3 39.3
-5376.0 -1907.4 38.5
-5408.3 -1905.4 38.0
-5434.4 -1908.6 37.6
-5393.7 -1884.8 38.2
-5433.2 -1890.0 37.6
-5450.5 -1888.9 37.4
-5468.0 -1890.0 37.2
-5484.0 -1886.1 37.0
-5497.8 -1886.1 36.9
-5526.3 -1888.4 36.9
-5401.6 -1873.3 38.0
-5420.7 -1868.8 37.8
5974.2 -7583.2 26.0
5926.9 -7586.0 25.7
5972.9 -7569.4 25.7
5962.7 -7566.4 25.6
5905.8 -7566.6 25.3
6018.3 -7555.7 26.0
5991.3 -7551.6 25.5
5979.5 -7555.5 25.5
5926.4 -7549.1 25.0
5897.8 -7558.3 25.0
5974.3 -7534.9 25.1
5903.1 -7538.7 24.6
5986.3 -7528.2 25.3
5911.0 -7528.2 24.4
6047.5 -7513.2 25.1
6002.0 -7504.3 25.2
5986.9 -7511.7 25.2
5933.1 -7507.2 24.3
5873.9 -7513.9 23.9
6020.5 -7492.3 24.8
5989.0 -7491.1 24.9
5965.0 -7495.6 24.8
5869.6 -7495.8 23.5
6008.5 -7481.1 24.6
5947.0 -7482.5 24.4
5898.3 -7479.6 23.6
5995.8 -7460.4 24.1
5960.3 -7461.8 24.3
5945.7 -7466.6 24.3
6046.5 -7450.4 23.5
6034.8 -7449.1 23.4
5957.3 -7450.2 24.0
6001.6 -7435.4 23.3
5973.3 -7437.2 23.6
