-1282.3 -6043.8 15.9
-1235.1 -6072.5 15.6
-4503.8 -6655.4 14.6
-4517.8 -6652.4 14.7
-4490.3 -6642.4 15.1
-4499.3 -6641.8 15.1
-4509.8 -6644.9 15.0
-4514.4 -6642.9 15.0
-4524.6 -6643.5 15.0
-4495.5 -6632.4 15.4
-4506.4 -6632.7 15.4
-4528.5 -6634.3 15.3
-4419.7 -6623.4 15.8
-4424.4 -6626.1 15.7
-4464.8 -6622.4 15.8
-4476.6 -6622.3 15.8
-4497.9 -6622.4 15.8
-4518.3 -6627.0 15.6
-4395.5 -6614.7 16.1
-4455.0 -6611.7 16.2
-4488.5 -6614.1 16.1
-4499.3 -6612.2 16.1
-4509.0 -6611.8 16.1
-4457.9 -6601.7 16.0
-4466.6 -6604.2 16.0
-4514.2 -6607.4 15.9
-4477.3 -6591.8 15.6
-4487.8 -6593.5 15.6
-4505.7 -6592.6 15.5
-4515.8 -6596.5 15.6
-4467.2 -6584.2 15.5
-4474.9 -6582.5 15.4
-4497.4 -6582.4 15.3
-4505.9 -6585.5 15.3
-4470.4 -6571.0 15.1
-4498.9 -6576.0 15.1
-4450.4 -6566.4 15.0
-4455.1 -6561.3 14.9
-4468.4 -6565.0 14.9
-4475.0 -6562.2 14.8
-4464.5 -6554.4 14.6
-4473.9 -6556.6 14.6
-4449.8 -6546.9 14.5
-4467.7 -6543.9 14.3
-4474.1 -6540.9 14.2
-4455.1 -6523.9 14.0
-4476.0 -6521.0 14.0
-4456.2 -6515.5 14.0
-4465.2 -6511.8 13.9
-4457.2 -6493.9 13.7
-4409.2 -6452.2 13.5
-4419.9 -6441.4 13.5
-4426.4 -6444.1 13.5
-4395.4 -6434.7 13.5
-4357.9 -6421.5 13.4
-4376.6 -6421.4 13.4
-4386.7 -6422.4 13.4
-4394.8 -6427.2 13.3
-4406.7 -6423.4 13.4
-4335.2 -6414.4 13.4
-4349.2 -6412.3 13.4
-4355.9 -6414.6 13.4
-4365.7 -6413.9 13.5
-4400.3 -6412.1 13.5
-4405.6 -6415.2 13.5
-4378.2 -6403.2 13.6
-4389.4 -6400.9 13.6
-4395.1 -6407.4 13.6
-4346.2 -6391.6 13.7
-4378.9 -6392.4 13.7
-4349.2 -6381.6 13.8
-4375.4 -6386.9 13.8
-4357.0 -6371.1 13.9
-4366.0 -6373.1 13.9
-4354.0 -6361.9 14.0
-1237.0 -5991.8 16.9
-4322.5 -6462.4 13.5
-4337.9 -6458.5 13.5
-4347.4 -6457.3 13.5
-4304.8 -6448.2 13.5
-4345.2 -6438.3 13.5
-4294.9 -6394.2 13.6
-1168.2 -6822.5 15.9
-1177.7 -6820.9 15.9
-1187.4 -6819.0 15.9
-1160.5 -6810.1 15.6
-1169.9 -6811.9 15.7
-1175.8 -6808.6 15.6
-1189.8 -6808.4 15.7
-1225.4 -6809.8 15.9
-1160.0 -6803.9 15.4
-1166.8 -6803.5 15.4
-1178.9 -6799.2 15.4
-1230.3 -6804.0 15.8
-1247.9 -6800.9 15.8
-1141.4 -6791.2 15.2
-1147.0 -6790.8 15.2
-1165.2 -6789.2 15.2
-1178.7 -6789.8 15.3
-1190.3 -6793.8 15.4
-1289.1 -6794.5 15.9
-1125.6 -6781.3 15.2
-1161.7 -6778.2 15.2
-1165.4 -6780.4 15.2
-1180.0 -6778.6 15.2
-1191.4 -6783.3 15.3
-1131.1 -6773.5 15.3
-1311.4 -6771.6 15.6
-1135.8 -6762.0 15.6
-1165.3 -6763.3 15.4
-1178.5 -6758.6 15.4
-1196.5 -6763.6 15.3
-1220.5 -6758.6 15.3
-1236.0 -6752.4 15.3
-1178.6 -6744.0 15.7
-1200.7 -6741.9 15.6
-1225.8 -6738.8 15.5
-1237.3 -6740.7 15.4
-1149.5 -6731.0 16.2
-1177.4 -6732.7 15.9
-1186.8 -6732.5 15.9
-1198.5 -6732.4 15.8
-1209.3 -6728.3 15.8
-1218.9 -6734.3 15.7
-1238.5 -6731.0 15.6
-1151.2 -6724.5 16.4
-1211.4 -6723.3 15.9
-1215.5 -6721.5 15.9
-1200.7 -6714.0 16.1
-1209.4 -6712.5 16.1
-1198.9 -6693.6 16.9
-1208.5 -6694.0 16.8
-1187.8 -6669.8 17.9
-2209.8 -8809.3 12.4
-2227.1 -8808.6 12.5
-2201.4 -8801.8 12.4
-2208.0 -8799.0 12.4
-2207.7 -8788.4 12.6
-2218.0 -8791.2 12.6
-2226.1 -8788.1 12.7
-2230.4 -8781.6 12.8
-2237.0 -8767.6 12.8
-2227.3 -8756.8 12.8
-2256.6 -8759.6 13.0
-2265.3 -8759.8 13.0
-2199.9 -8748.4 12.7
-2214.8 -8752.5 12.8
-2255.1 -8750.5 13.0
-2205.5 -8739.3 12.8
-2248.2 -8736.9 13.1
-2256.0 -8740.3 13.1
-2229.0 -8732.0 13.0
-2207.1 -8706.7 13.4
-1349.2 -6772.1 15.7
-1360.2 -6764.8 15.7
-1369.3 -6760.7 15.8
-1360.9 -6750.8 15.7
-1385.4 -6754.5 15.8
-1375.4 -6744.4 15.7
-1380.2 -6744.6 15.7
-1394.8 -6744.3 15.8
-1409.1 -6745.1 15.8
-1384.0 -6733.6 15.7
-1372.0 -6720.0 15.6
-1374.7 -6714.1 15.5
-1309.1 -6703.8 15.8
-1299.8 -6690.3 16.1
-1299.3 -6682.5 16.2
-1321.2 -6685.0 16.1
-1323.0 -6669.5 16.3
-1335.0 -6672.4 16.2
-1290.4 -6664.1 16.7
-1301.6 -6664.9 16.5
-1311.3 -6663.3 16.5
-1324.0 -6664.1 16.4
-1333.1 -6660.7 16.4
-1249.6 -6650.3 17.8
-1264.5 -6652.9 17.5
-1274.5 -6651.1 17.4
-1302.3 -6653.3 16.9
-1312.7 -6653.3 16.8
-1322.0 -6654.2 16.6
-1329.6 -6650.5 16.6
-1288.9 -6639.1 17.6
-1233.2 -6632.0 18.1
-1245.0 -6633.3 18.0
-1261.9 -6631.5 17.9
-1271.3 -6630.3 17.9
-1199.6 -6623.3 18.0
-1264.6 -6623.4 18.0
-1274.1 -6622.0 17.9
-1291.9 -6623.5 17.8
-1255.5 -6603.4 17.4
-1253.4 -6585.1 17.0
-2922.9 -8442.5 14.2
-2908.5 -8432.8 14.3
-2900.1 -8426.3 14.5
-2913.1 -8416.9 14.1
-2911.1 -8405.8 14.1
-2930.4 -8404.4 13.9
-2929.2 -8396.3 13.9
-2933.4 -8381.5 13.8
-2942.0 -8363.8 13.6
-2963.7 -8362.4 13.4
-2951.5 -8326.2 13.3
-2964.5 -8327.0 13.2
-2972.3 -8325.3 13.1
-2918.9 -8313.4 13.4
-2888.6 -8295.3 14.1
-763.9 -6597.4 20.2
-763.7 -6590.3 20.3
-683.7 -6547.4 20.6
-5289.0 -3895.3 17.2
-5258.8 -3888.4 17.7
-5270.3 -3883.8 17.6
-5274.5 -3884.4 17.6
-5295.1 -3882.6 17.3
-5266.7 -3874.9 17.8
-5299.3 -3874.7 17.3
-5310.7 -3873.5 17.1
-5276.1 -3864.4 17.6
-5306.3 -3863.1 17.2
-5326.1 -3863.4 16.8
-5270.5 -3858.6 17.7
-5279.5 -3853.4 17.5
-5286.9 -3854.7 17.4
-5307.5 -3854.2 17.1
-5326.5 -3857.6 16.8
-5340.3 -3854.3 16.6
-5297.9 -3846.2 17.2
-5310.9 -3848.9 17.0
-5330.1 -3843.9 16.7
-5337.8 -3845.8 16.6
-5345.6 -3846.6 16.5
-5279.9 -3832.5 17.4
-5285.7 -3838.1 17.3
-5334.5 -3837.2 16.6
-5345.1 -3836.5 16.4
-5366.5 -3834.6 16.1
-5417.3 -3836.4 15.3
-5430.0 -3834.2 15.1
-5318.6 -3826.2 16.8
-5350.7 -3828.1 16.3
-5358.0 -3824.6 16.2
-5400.4 -3826.2 15.6
-5404.4 -3824.6 15.5
-5417.8 -3823.2 15.3
-5319.9 -3818.0 16.8
-5328.0 -3813.4 16.7
-5315.0 -3803.8 16.9
-5318.4 -3797.7 16.9
-5338.5 -3796.4 16.7
-5347.7 -3793.0 16.5
-5360.0 -3793.9 16.4
-5308.7 -3782.9 17.0
-5318.7 -3788.2 16.9
-5364.8 -3786.7 16.3
-5320.4 -3768.1 16.8
-5355.8 -3713.9 16.2
-5426.5 -3665.3 15.3
-5460.9 -3625.5 14.8
-5459.9 -3615.3 14.8
-5464.6 -3617.4 14.8
-5460.6 -3603.6 14.9
-5457.0 -3597.2 14.9
-5465.8 -3594.0 14.8
-5442.6 -3823.8 14.9
-5425.3 -3805.0 15.1
-5434.7 -3809.3 15.0
-5446.7 -3803.0 14.8
-5457.1 -3809.0 14.7
-5445.8 -3794.3 14.9
-5451.5 -3793.8 14.8
-5452.9 -3779.1 15.0
-5452.3 -3754.0 15.3
-5441.3 -3747.2 15.4
-5454.5 -3747.6 15.2
-5406.9 -3715.1 15.7
-5524.0 -3703.7 14.5
-5432.2 -3688.3 15.3
-5444.0 -3685.2 15.2
-5522.7 -3687.4 14.5
-5454.2 -3657.9 15.0
-5466.6 -3647.8 14.8
-5472.0 -3645.4 14.8
-5471.4 -3635.9 14.8
-5485.8 -3623.9 14.7
-5492.3 -3624.6 14.7
-5371.8 -3781.3 16.2
-5366.2 -3769.7 16.3
-1417.7 -8662.8 13.3
-1455.8 -8655.4 13.1
-1417.3 -8645.1 13.4
-1427.5 -8642.5 13.3
-1433.3 -8639.6 13.3
-1417.5 -8635.1 13.5
-1433.6 -8630.2 13.4
-1444.8 -8633.3 13.3
-1026.4 -8770.2 15.6
-1028.6 -8749.0 15.8
-1034.0 -8739.5 15.7
-723.4 -8808.8 17.3
-735.6 -8802.4 17.3
-795.0 -8752.0 17.3
-800.0 -8747.2 17.3
-825.7 -8709.0 17.1
-883.5 -8809.7 17.5
-892.2 -8807.3 17.4
-4823.1 -6294.3 15.6
-4801.1 -6280.5 15.8
-4810.9 -6282.7 15.8
-4812.6 -6272.7 15.9
-4824.0 -6270.3 15.9
-4840.7 -6270.2 16.0
-4784.6 -6265.3 15.9
-4790.5 -6266.6 15.9
-4813.7 -6266.3 15.9
-4819.1 -6262.1 16.0
-4840.4 -6263.8 16.0
-4852.5 -6264.0 16.0
-4791.9 -6255.5 16.0
-4804.4 -6252.5 16.1
-4825.4 -6252.3 16.1
-4831.4 -6252.0 16.1
-4840.4 -6253.7 16.1
-4802.8 -6243.1 16.2
-4812.1 -6240.8 16.2
-4823.1 -6240.0 16.3
-4852.5 -6240.3 16.3
-4755.4 -6230.5 16.3
-4799.4 -6233.5 16.3
-4810.9 -6232.8 16.3
-4822.4 -6235.0 16.3
-4845.6 -6231.9 16.4
-4851.3 -6231.3 16.4
-4861.1 -6235.3 16.4
-4722.0 -6226.0 16.3
-4730.4 -6224.4 16.3
-4740.4 -6222.4 16.3
-4750.8 -6220.7 16.4
-4765.2 -6222.3 16.4
-4771.1 -6221.0 16.4
-4804.6 -6224.5 16.4
-4813.6 -6220.4 16.5
-4825.5 -6224.6 16.5
-4855.2 -6221.0 16.6
-4860.7 -6224.0 16.5
-4735.6 -6212.1 16.4
-4769.9 -6215.6 16.5
-4784.8 -6210.2 16.6
-4812.9 -6212.0 16.6
-4825.2 -6212.4 16.6
-4862.1 -6211.7 16.7
-4694.8 -6204.5 16.5
-4713.6 -6200.4 16.5
-4719.7 -6205.2 16.5
-4745.2 -6200.4 16.6
-4792.6 -6203.6 16.6
-4810.1 -6200.0 16.7
-4834.2 -6203.7 16.7
-4855.5 -6201.2 16.8
-4932.1 -6200.1 17.1
-4713.0 -6193.2 16.6
-4720.1 -6194.9 16.6
-4731.6 -6190.5 16.7
-4749.1 -6196.1 16.6
-4759.8 -6190.6 16.7
-4774.1 -6192.7 16.7
-4784.5 -6194.7 16.7
-4803.2 -6192.4 16.8
-4810.2 -6196.3 16.8
-4823.3 -6194.3 16.8
-4851.8 -6193.8 16.9
-4881.0 -6195.4 16.9
-4890.0 -6192.8 17.0
-4934.7 -6190.3 17.1
-4950.5 -6195.1 16.9
-4962.3 -6192.1 16.8
-4763.3 -6180.2 16.9
-4779.4 -6185.7 16.8
-4820.7 -6185.4 16.9
-4840.5 -6184.2 17.0
-4862.7 -6186.0 17.0
-4873.8 -6184.0 17.0
-4894.2 -6183.7 17.2
-4901.3 -6185.8 17.2
-4952.1 -6184.0 16.9
-4753.4 -6171.8 16.9
-4761.6 -6172.4 16.9
-4775.6 -6171.2 17.0
-4795.7 -6170.0 17.0
-4804.5 -6176.6 17.0
-4810.0 -6175.5 17.0
-4823.1 -6171.6 17.1
-4834.1 -6171.0 17.1
-4842.7 -6174.3 17.1
-4860.1 -6173.8 17.1
-4869.6 -6172.0 17.1
-4883.0 -6173.6 17.3
-4895.3 -6170.7 17.4
-4911.4 -6172.7 17.3
-4944.0 -6170.2 17.0
-4954.0 -6172.4 16.9
-4959.6 -6172.4 16.8
-4970.2 -6176.4 16.7
-4804.6 -6161.4 17.1
-4820.2 -6166.4 17.1
-4835.7 -6165.7 17.2
-4842.3 -6163.0 17.2
-4854.6 -6165.3 17.2
-4861.1 -6165.3 17.2
-4880.7 -6162.4 17.5
-4891.3 -6162.4 17.5
-4920.5 -6162.4 17.2
-4934.5 -6160.2 17.1
-4944.1 -6163.6 17.0
-4951.1 -6160.7 16.9
-4821.9 -6150.6 17.3
-4835.1 -6152.1 17.3
-4874.8 -6150.1 17.6
-4913.6 -6151.0 17.3
-4933.1 -6152.3 17.1
-4975.2 -6154.8 16.7
-4819.9 -6146.3 17.4
-4842.8 -6143.6 17.4
-4883.7 -6145.7 17.5
-4910.0 -6141.3 17.3
-4929.5 -6143.9 17.1
-4941.7 -6145.2 17.0
-4954.1 -6141.8 16.9
-4972.9 -6141.7 16.7
-4820.5 -6134.5 17.5
-4832.8 -6134.6 17.5
-4850.6 -6131.6 17.7
-4860.6 -6131.3 17.8
-4871.6 -6136.3 17.6
-4890.3 -6135.6 17.5
-4909.8 -6133.0 17.3
-4922.7 -6134.9 17.2
-4932.9 -6135.3 17.1
-4942.1 -6135.4 17.0
-4951.8 -6135.7 16.9
-4963.3 -6136.3 16.8
-4991.4 -6132.6 16.5
-4850.2 -6122.4 17.8
-4863.8 -6120.4 17.7
-4901.7 -6126.6 17.4
-4931.2 -6124.1 17.1
-4963.8 -6120.6 16.8
-4984.8 -6124.7 16.6
-4863.5 -6115.4 17.7
-4883.8 -6111.1 17.5
-4900.3 -6113.3 17.4
-4919.2 -6116.6 17.2
-4931.3 -6114.7 17.1
-4972.3 -6115.8 16.7
-4862.3 -6106.6 17.7
-4889.9 -6105.5 17.5
-4922.8 -6102.0 17.2
-4943.6 -6102.6 17.0
-4972.8 -6106.0 16.7
-4994.0 -6101.0 16.6
-5000.2 -6104.9 16.6
-4890.9 -6094.0 17.5
-4905.7 -6094.2 17.3
-4911.9 -6094.8 17.3
-4919.6 -6092.8 17.2
-4933.8 -6095.0 17.1
-4949.5 -6091.5 16.9
-4994.5 -6093.4 16.7
-4920.8 -6080.2 17.2
-4970.3 -6085.1 16.9
-4991.1 -6085.8 16.8
-4909.1 -6076.6 17.3
-4921.3 -6070.4 17.3
-4983.2 -6074.4 16.9
-4972.9 -6064.9 17.1
-4979.1 -6065.3 17.1
-5010.3 -6060.5 17.0
-4952.1 -6056.0 17.3
-4964.8 -6040.5 17.4
-4993.7 -6045.1 17.2
-5469.3 -3876.6 14.8
-5481.6 -3881.2 14.8
-5493.5 -3880.3 14.8
-5497.6 -3877.0 14.8
-5529.1 -3880.5 14.7
-5478.4 -3870.3 14.8
-5472.6 -3857.8 14.9
-5479.2 -3856.0 14.9
-5457.8 -3851.7 14.8
-5470.6 -3848.6 14.8
-5467.7 -3841.5 14.7
-5540.1 -3811.2 14.2
-1030.2 -6246.1 17.3
-1045.1 -6248.2 17.1
-1070.7 -6248.5 16.7
-1081.0 -6244.9 16.6
-1085.7 -6247.1 16.5
-1106.3 -6246.8 16.2
-1099.0 -6228.2 16.0
-1107.6 -6228.1 15.7
-1104.7 -6220.3 15.9
-1106.5 -6210.3 16.0
-1100.9 -6199.0 16.2
-1106.3 -6190.3 16.3
-1101.0 -6165.9 16.4
-1104.6 -6154.7 15.9
-1109.8 -6129.7 15.0
-1020.8 -6106.2 17.6
-1057.5 -6106.7 16.2
-1070.3 -6105.3 15.7
-1078.4 -6105.9 15.4
-1020.5 -6100.4 17.4
-1031.0 -6093.9 16.8
-1050.3 -6100.0 16.3
-1060.2 -6100.0 15.9
-1070.9 -6098.7 15.6
-1076.5 -6097.0 15.6
-1088.4 -6100.0 15.5
-3483.4 -7573.1 15.3
-3476.3 -7564.1 15.5
-3488.1 -7562.2 15.4
-3507.7 -7561.9 14.9
-3456.2 -7550.3 16.0
-3539.0 -7555.5 14.1
-3442.7 -7541.2 15.9
-3452.4 -7542.6 16.1
-3468.2 -7542.6 15.9
-3473.8 -7544.6 15.8
-3504.3 -7540.0 15.4
-3536.2 -7545.8 14.4
-3466.3 -7535.3 16.0
-3508.8 -7533.0 15.4
-3417.8 -7520.1 15.9
-3423.7 -7522.1 15.9
-3447.0 -7523.7 15.9
-3418.7 -7514.2 15.9
-3526.2 -7515.9 15.3
-3546.2 -7512.7 14.8
-3555.0 -7510.0 14.7
-3408.5 -7503.3 15.9
-3455.1 -7504.7 16.0
-3542.7 -7501.0 15.2
-3412.4 -7494.2 15.9
-3428.9 -7491.7 15.9
-3438.9 -7494.7 16.0
-3442.4 -7495.7 16.0
-3457.5 -7491.5 16.0
-3463.1 -7490.5 16.0
-3476.3 -7489.9 16.1
-3508.5 -7493.1 15.8
-3528.2 -7495.3 15.5
-3537.3 -7494.2 15.3
-3548.5 -7495.2 15.2
-3422.6 -7482.4 15.9
-3437.1 -7485.8 16.0
-3454.3 -7483.3 16.0
-3465.4 -7481.0 16.1
-3544.0 -7483.8 15.3
-3444.3 -7470.7 16.0
-3453.4 -7471.3 16.0
-3473.2 -7474.2 16.1
-3525.5 -7472.5 15.7
-3424.3 -7463.9 16.0
-3443.7 -7461.8 16.0
-3453.1 -7459.6 16.0
-3475.2 -7461.1 16.1
-3484.5 -7463.7 16.1
-3428.0 -7454.2 16.0
-3435.2 -7450.7 16.0
-3448.6 -7451.5 16.0
-3453.9 -7455.6 16.1
-3466.5 -7451.8 16.1
-3424.3 -7441.9 16.0
-3446.8 -7445.9 16.0
-3452.9 -7440.2 16.1
-3463.5 -7442.4 16.1
-3483.2 -7444.1 16.2
-3495.0 -7441.6 16.2
-3432.8 -7435.3 16.0
-3485.3 -7431.0 16.2
-3494.5 -7433.8 16.2
-3463.5 -7420.0 16.1
-3475.0 -7421.1 16.1
-3427.5 -7412.5 15.9
-3437.6 -7412.7 15.9
-3454.7 -7413.1 16.0
-3427.3 -7399.8 15.8
-3437.6 -7404.8 15.8
-3447.5 -7405.0 15.9
-3444.5 -7393.6 15.7
-3454.0 -7379.8 15.6
-3446.5 -7369.7 15.4
-3456.5 -7361.0 15.3
-771.9 -7217.3 18.8
-779.8 -7215.8 18.8
-797.4 -7220.4 19.0
-770.8 -7208.1 18.8
-851.6 -7209.8 19.1
-767.7 -7198.7 19.0
-858.0 -7201.7 19.0
-871.2 -7201.2 19.0
-848.4 -7189.0 18.7
-878.4 -7181.9 18.7
-828.8 -7158.4 19.0
-800.1 -7147.7 19.3
-822.1 -7150.4 19.1
-827.5 -7146.7 19.1
-840.1 -7146.7 19.0
-810.6 -7140.5 19.4
-807.3 -7132.1 19.7
-438.4 -6466.9 20.3
-421.8 -6460.8 20.2
-442.9 -6461.5 20.4
-399.5 -6446.2 20.4
-511.3 -6450.0 21.2
-450.7 -6438.1 20.9
-492.5 -6441.5 21.1
-500.8 -6438.2 21.1
-428.5 -6427.3 20.9
-480.3 -6431.7 21.0
-487.5 -6431.8 21.0
-512.4 -6429.2 21.0
-429.7 -6417.2 20.9
-438.3 -6419.5 20.9
-429.2 -6410.4 20.8
-439.2 -6406.7 20.8
-431.2 -6396.9 20.8
-477.3 -6357.0 20.8
-468.6 -6349.0 20.9
-726.1 -7441.5 22.0
-754.6 -7407.8 21.6
-753.0 -7401.1 21.5
-753.9 -7391.7 21.4
-756.7 -7378.3 21.2
-756.0 -7299.9 20.0
-4440.9 -4971.6 14.1
-4510.1 -4929.0 13.5
-4520.3 -4932.2 13.1
-4527.0 -4932.2 12.9
-4520.9 -4898.1 13.5
-4521.6 -4891.2 13.6
-4505.7 -4878.8 14.2
-3245.5 -7771.6 15.8
-3279.6 -7772.1 15.4
-3289.2 -7776.1 15.3
-3249.5 -7763.6 15.8
-3264.4 -7762.4 15.6
-3255.8 -7753.4 15.8
-3265.1 -7757.3 15.6
-3277.9 -7755.9 15.5
-3289.4 -7756.2 15.3
-4350.5 -6578.0 15.8
-4348.1 -6569.6 15.6
-4360.3 -6567.6 15.5
-4341.0 -6561.5 15.4
-4363.1 -6561.3 15.3
-4362.4 -6542.7 14.8
-4351.6 -6530.1 14.4
-4359.5 -6509.6 14.0
-2989.9 -7725.5 17.8
-3016.9 -7722.6 17.6
-3017.3 -7713.7 17.4
-2990.2 -7704.3 17.3
-2999.9 -7707.8 17.4
-3016.6 -7703.4 17.2
-2978.1 -7692.5 17.2
-2996.0 -7695.1 17.1
-3021.4 -7696.2 17.0
-3030.5 -7693.3 16.9
-2967.8 -7686.9 17.1
-2982.1 -7687.8 17.0
-2988.9 -7683.2 16.9
-3007.8 -7686.0 16.9
-3019.1 -7682.1 16.7
-3076.3 -7681.7 16.4
-3012.3 -7675.7 16.6
-3028.0 -7672.2 16.5
-2947.0 -7663.4 16.7
-2959.1 -7664.5 16.7
-2981.2 -7663.1 16.5
-3017.5 -7665.1 16.4
-3041.4 -7666.6 16.3
-3087.2 -7661.8 15.9
-3011.9 -7656.8 16.2
-3021.5 -7657.3 16.2
-3041.5 -7657.6 16.1
-3036.9 -7644.2 15.8
-3099.3 -7642.8 15.5
-3027.3 -7638.0 15.8
-3041.6 -7636.2 15.6
-3071.1 -7637.8 15.5
-3002.3 -7623.4 15.6
-3059.8 -7627.6 15.4
-3071.4 -7622.7 15.2
-3060.6 -7614.5 15.1
-3068.1 -7616.5 15.1
-3080.9 -7617.9 15.0
-3016.8 -7596.6 15.0
-3086.7 -7597.4 14.6
-3059.9 -7584.5 14.5
-4540.4 -6511.7 13.8
-4515.7 -6499.4 13.6
-4503.3 -6488.6 13.4
-4504.9 -6478.6 13.4
-4485.6 -6466.4 13.4
-4494.2 -6473.0 13.4
-2775.4 -6781.3 18.2
-2789.2 -6777.8 16.6
-2759.3 -6767.6 18.7
-2768.6 -6771.1 18.0
-2784.4 -6769.6 16.4
-2795.9 -6767.5 15.2
-2746.4 -6756.2 19.0
-2739.7 -6749.4 19.2
-2730.7 -6741.9 19.5
-2737.6 -6740.6 18.7
-2747.6 -6742.7 17.9
-2768.8 -6739.1 15.8
-2744.8 -6729.0 17.2
-2728.8 -6710.1 17.5
-2735.3 -6706.6 16.7
-2739.5 -6687.9 15.5
-2739.9 -6632.2 12.8
-2755.2 -6610.8 13.0
-2769.6 -6611.1 13.0
-2739.7 -6599.3 13.2
-2749.2 -6600.2 13.2
-2928.5 -6562.1 13.2
-2936.4 -6558.1 13.2
-2939.4 -6532.3 13.3
-2947.9 -6528.9 13.3
-2885.6 -6510.0 13.3
-2904.4 -6506.8 13.2
-2916.6 -6509.4 13.2
-2930.6 -6509.5 13.2
-2946.9 -6507.4 13.1
-2858.3 -6497.1 13.3
-2864.7 -6497.1 13.3
-2879.3 -6502.5 13.3
-2905.0 -6499.7 13.2
-2925.6 -6500.7 13.2
-2934.9 -6499.6 13.2
-2849.7 -6488.9 13.4
-2864.6 -6490.2 13.3
-2898.8 -6486.3 13.3
-2915.6 -6487.8 13.2
-2926.7 -6492.0 13.2
-2765.9 -6478.1 13.4
-2775.7 -6477.5 13.6
-2805.3 -6477.3 13.5
-2814.3 -6477.3 13.5
-2830.7 -6476.4 13.4
-2844.6 -6480.8 13.4
-2856.5 -6479.4 13.4
-2877.7 -6478.1 13.3
-2885.0 -6480.2 13.3
-2895.1 -6482.8 13.3
-2908.7 -6480.8 13.3
-2916.5 -6476.4 13.3
-2776.4 -6469.8 13.5
-2796.3 -6471.8 13.5
-2836.6 -6470.1 13.4
-2849.9 -6466.9 13.4
-2796.1 -6456.8 13.5
-4567.9 -6470.7 13.4
-4595.6 -6471.4 13.4
-4514.6 -6423.8 13.6
-4589.0 -6423.2 13.7
-4538.7 -6382.0 14.1
-4543.6 -6382.3 14.1
-4575.1 -6380.9 14.2
-4557.2 -6372.0 14.3
-4528.4 -6480.0 13.4
-4499.2 -6454.9 13.4
-4491.5 -6449.8 13.4
-308.4 -7020.0 20.0
-362.5 -7007.7 19.6
-374.4 -7008.0 19.4
-3409.2 -7482.1 15.9
-3417.5 -7467.9 15.9
-3396.9 -7464.2 15.9
-3408.9 -7457.8 15.9
-3405.3 -7451.7 15.9
-3402.9 -7439.0 15.9
-3416.6 -7444.3 16.0
-3377.6 -7429.5 15.9
-3392.7 -7428.5 15.9
-3416.0 -7409.1 15.9
-3398.2 -7403.8 15.8
-3405.7 -7389.5 15.6
-3418.5 -7393.9 15.7
-3427.3 -7389.1 15.6
-3405.3 -7380.7 15.5
-3383.9 -7368.4 15.4
-3432.7 -7340.1 15.1
-182.6 -7075.7 20.1
-193.9 -7068.5 20.2
-173.1 -7049.6 21.0
-182.0 -7046.6 21.0
-142.6 -7040.1 21.6
-222.8 -7039.8 20.6
-231.6 -7029.3 20.8
-211.2 -7016.0 21.3
-226.9 -6989.9 21.7
-205.0 -6980.5 21.6
-242.7 -6980.8 21.6
-239.8 -7109.8 19.3
-250.8 -7112.8 19.4
-216.7 -7099.4 19.1
-222.4 -7093.2 19.1
-199.8 -7082.4 19.7
-226.7 -7077.7 19.4
-272.9 -7083.0 19.0
-237.0 -7070.4 19.5
-276.7 -7068.5 19.0
-262.6 -7057.2 19.5
-259.9 -7053.1 19.7
-278.5 -7017.8 20.5
-261.7 -7000.8 21.1
-4148.0 -6156.1 12.8
-4128.4 -6147.0 12.2
-4135.1 -6144.5 12.3
-4118.3 -6138.2 11.9
-4210.8 -6137.2 13.4
-4219.1 -6137.5 13.5
-4147.4 -6124.3 12.1
-4169.0 -6127.8 12.5
-4094.9 -6116.0 11.1
-4105.4 -6118.2 11.3
-4149.2 -6114.1 11.9
-4100.5 -6104.7 10.9
-4110.8 -6108.9 11.2
-4121.1 -6107.3 11.3
-4128.1 -6110.4 11.5
-4108.8 -6098.6 10.9
-4150.5 -6094.5 11.5
-4285.7 -6099.9 13.9
-4076.5 -6086.3 10.0
-4090.3 -6087.4 10.2
-4097.8 -6089.6 10.4
-4106.4 -6089.3 10.5
-4120.1 -6089.5 10.8
-4131.0 -6086.2 10.9
-4257.8 -6085.6 13.1
-4271.3 -6084.7 13.3
-4278.7 -6084.9 13.5
-4071.2 -6079.0 9.9
-4081.1 -6079.8 10.1
-4140.3 -6078.6 10.9
-4269.1 -6078.5 13.2
-4285.8 -6078.6 13.5
-4071.4 -6069.7 10.0
-4107.4 -6067.2 10.5
-4146.0 -6064.9 11.0
-4078.7 -6054.3 10.1
-4090.3 -6056.3 10.3
-4108.0 -6055.3 10.5
-4147.1 -6056.2 11.0
-4256.2 -6056.7 12.5
-4277.1 -6056.7 12.8
-4105.2 -6047.1 10.5
-4256.4 -6046.1 12.5
-4266.4 -6046.2 12.7
-4087.4 -6040.1 10.3
-4256.5 -6039.0 12.5
-4268.8 -6037.0 12.7
-4281.3 -6034.7 12.9
-4105.8 -6024.4 10.6
-4127.0 -6027.6 10.9
-4138.2 -6029.3 11.0
-4257.4 -6026.1 12.6
-4109.9 -6019.9 10.6
-4121.4 -6017.1 10.8
-4157.8 -6017.5 11.3
-4171.1 -6014.7 11.5
-4197.7 -6018.5 11.8
-4217.2 -6014.1 12.1
-4237.6 -6020.6 12.3
-4260.9 -6016.1 12.7
-4270.4 -6016.0 12.8
-4286.9 -6020.6 13.0
-4106.7 -6007.7 10.6
-4118.9 -6009.8 10.8
-4177.5 -6005.9 11.6
-4200.2 -6010.4 11.9
-4210.4 -6004.5 12.0
-4218.2 -6004.8 12.1
-4235.0 -6009.1 12.4
-4247.2 -6010.2 12.5
-4257.2 -6008.1 12.6
-4268.9 -6004.6 12.8
-4137.4 -5998.2 11.1
-4150.4 -5994.9 11.3
-4169.6 -5999.5 11.5
-4185.6 -5996.9 11.7
-4198.1 -5995.2 11.9
-4251.4 -5998.5 12.6
-4256.1 -5997.7 12.7
-4115.7 -5990.5 10.8
-4127.3 -5985.2 11.0
-4167.9 -5985.1 11.5
-4190.1 -5988.9 11.8
-4200.7 -5988.9 12.0
-4205.9 -5986.7 12.0
-4218.2 -5989.1 12.2
-4247.9 -5987.9 12.6
-4108.6 -5979.1 10.8
-4130.3 -5976.6 11.1
-4136.5 -5975.6 11.1
-4191.0 -5979.5 11.9
-4226.5 -5977.8 12.3
-4249.3 -5980.3 12.6
-4257.0 -5976.7 12.7
-4118.9 -5964.5 10.9
-4140.1 -5970.2 11.2
-4146.5 -5966.2 11.3
-4166.6 -5966.0 11.6
-4206.4 -5969.5 12.1
-4219.6 -5970.7 12.3
-4231.2 -5966.1 12.4
-4241.0 -5968.6 12.6
-4125.8 -5954.3 11.1
-4140.8 -5957.3 11.3
-4186.1 -5955.0 11.9
-4195.7 -5959.7 12.0
-4204.9 -5958.0 12.1
-4226.7 -5957.7 12.4
-4238.8 -5954.2 12.6
-4138.7 -5944.2 11.3
-4149.5 -5948.1 11.4
-4159.9 -5949.3 11.5
-4167.0 -5950.6 11.6
-4185.9 -5950.5 11.9
-4197.8 -5944.5 12.1
-4207.6 -5947.7 12.2
-4220.6 -5948.6 12.4
-4228.6 -5946.9 12.5
-4149.7 -5938.3 11.4
-4198.7 -5934.8 12.1
-4220.9 -5934.3 12.4
-4135.1 -5927.8 11.3
-4201.4 -5929.3 12.3
-4138.4 -5919.8 11.5
-4151.4 -5916.8 11.9
-4158.6 -5919.9 11.9
-4177.3 -5920.4 12.2
-4188.4 -5914.2 12.6
-4195.8 -5916.1 12.6
-4201.2 -5908.5 13.0
-4145.7 -5900.0 12.3
-4156.9 -5898.1 12.6
-4166.9 -5895.5 12.8
-4176.6 -5899.5 12.9
-4169.1 -5884.9 13.2
-4181.0 -5885.7 13.4
-4158.7 -5875.4 13.4
-4178.0 -5876.6 13.6
-1075.8 -6450.8 19.6
-1056.4 -6438.7 19.8
-1073.6 -6442.2 19.5
-999.0 -6419.3 20.6
-999.1 -6413.4 20.5
-994.3 -6389.0 20.3
-1083.8 -6389.9 18.9
-994.3 -6379.4 20.3
-1006.5 -6378.6 20.1
-1006.5 -6369.8 20.0
-996.3 -6354.5 19.8
-999.9 -6344.5 19.6
-1018.9 -6344.5 19.2
-1029.6 -6340.1 19.0
-980.1 -6333.3 19.7
-958.8 -6322.8 19.8
-978.0 -6322.4 19.5
-1045.3 -6318.9 18.4
-954.0 -6312.8 19.7
-1047.5 -6313.1 18.3
-1029.5 -6300.4 18.4
-1035.0 -6303.9 18.3
-1047.7 -6299.3 18.2
-1119.8 -6298.6 15.7
-949.0 -6291.4 19.5
-1027.8 -6290.7 18.4
-1034.0 -6288.7 18.4
-950.2 -6278.7 19.3
-1038.1 -6284.3 18.4
-1049.8 -6283.2 18.1
-1045.9 -6269.6 17.6
-1038.1 -6264.3 17.7
-1134.3 -6287.1 15.1
-1141.8 -6273.2 15.2
-1228.3 -6274.1 13.8
-1244.2 -6277.1 13.5
-1254.1 -6273.8 13.5
-1123.3 -6262.6 15.7
-1141.2 -6266.8 15.0
-1218.7 -6263.5 14.0
-1230.5 -6266.7 13.8
-1123.8 -6258.4 15.7
-1240.2 -6254.8 13.9
-1258.0 -6252.3 13.2
-1122.4 -6242.8 15.4
-1143.1 -6248.4 15.1
-1233.9 -6244.8 13.9
-1262.1 -6244.1 12.8
-1129.8 -6238.5 15.4
-1263.7 -6234.5 13.0
-1139.9 -6222.5 15.5
-1261.3 -6227.2 13.1
-1267.9 -6226.5 13.1
-1139.3 -6216.2 15.6
-1262.9 -6213.5 13.3
-1129.5 -6207.7 15.8
-1242.6 -6206.1 13.5
-1251.8 -6203.3 13.5
-1263.7 -6206.7 13.4
-1124.3 -6196.6 16.0
-1128.4 -6195.1 16.0
-1140.3 -6197.4 15.8
-1239.4 -6196.5 13.6
-1252.2 -6198.2 13.6
-1153.8 -6183.7 15.0
-1172.5 -6186.2 14.3
-1214.3 -6183.1 13.9
-1221.8 -6182.5 13.9
-1228.1 -6184.6 13.9
-1251.7 -6183.2 13.8
-1268.2 -6183.9 13.8
-1163.5 -6175.0 14.3
-1183.7 -6177.3 14.1
-1189.3 -6176.1 14.1
-1210.3 -6178.3 14.0
-1219.3 -6173.1 14.1
-1231.8 -6172.6 14.0
-1272.7 -6176.9 13.9
-1272.4 -6163.9 14.1
-1160.6 -6156.7 14.4
-1170.0 -6158.0 14.4
-1262.3 -6158.9 14.2
-1273.7 -6156.1 14.2
-1132.1 -6147.8 14.7
-1138.5 -6146.3 14.7
-1148.4 -6148.5 14.6
-1171.2 -6148.0 14.6
-1180.6 -6148.6 14.5
-1261.2 -6146.5 14.4
-1133.9 -6133.2 14.9
-1184.0 -6134.9 14.7
-1260.5 -6137.8 14.5
-1128.7 -6128.9 14.9
-1170.3 -6123.5 14.9
-1270.6 -6128.5 14.6
-1284.4 -6122.8 14.7
-1133.6 -6114.8 15.2
-1173.9 -6117.1 15.0
-1178.4 -6117.4 15.0
-1282.5 -6115.4 14.8
-1139.9 -6103.4 15.3
-1153.9 -6105.4 15.3
-1158.7 -6102.6 15.3
-1189.9 -6103.6 15.2
-1198.9 -6102.9 15.2
-1208.4 -6103.9 15.2
-1253.5 -6108.2 15.0
-1270.3 -6103.5 15.0
-1129.4 -6095.3 15.5
-1159.9 -6095.6 15.4
-1168.4 -6093.7 15.4
-1191.9 -6093.3 15.4
-1201.3 -6095.5 15.3
-1213.7 -6093.1 15.3
-1230.9 -6092.5 15.3
-1244.2 -6092.4 15.3
-1251.6 -6098.4 15.2
-1274.5 -6093.2 15.2
-5573.8 -3922.2 14.6
-5583.9 -3920.8 14.6
-5724.9 -3919.6 14.4
-5734.3 -3919.2 14.4
-5508.5 -3908.2 14.7
-5719.7 -3911.9 14.4
-5734.5 -3912.4 14.4
-5764.6 -3907.0 14.3
-5526.7 -3900.4 14.7
-5619.6 -3896.3 14.6
-5713.8 -3902.1 14.4
-5725.9 -3900.4 14.4
-5743.8 -3901.4 14.4
-5755.7 -3898.1 14.4
-5767.5 -3901.3 14.3
-5515.4 -3890.4 14.7
-5528.7 -3892.0 14.7
-5547.1 -3888.8 14.7
-5553.3 -3886.4 14.7
-5575.9 -3889.3 14.7
-5614.8 -3890.7 14.6
-5705.1 -3889.6 14.5
-5715.5 -3891.6 14.4
-5738.5 -3887.6 14.4
-5746.1 -3886.8 14.4
-5769.0 -3889.9 14.4
-5777.3 -3888.0 14.3
-5785.1 -3891.2 14.3
-5555.0 -3882.3 14.7
-5585.1 -3880.3 14.7
-5619.5 -3879.7 14.6
-5716.3 -3877.8 14.4
-5738.9 -3877.0 14.4
-5774.1 -3876.7 14.4
-5786.3 -3877.8 14.3
-5797.1 -3877.0 14.3
-5808.3 -3876.9 14.3
-5556.7 -3869.7 14.7
-5569.1 -3870.4 14.7
-5574.0 -3872.4 14.7
-5597.2 -3866.9 14.7
-5606.2 -3866.8 14.6
-5736.9 -3872.4 14.4
-5747.2 -3868.5 14.4
-5753.4 -3868.0 14.4
-5768.3 -3867.5 14.4
-5777.1 -3868.4 14.4
-5786.0 -3867.5 14.4
-5805.0 -3868.1 14.3
-5815.4 -3872.2 14.3
-5825.0 -3866.6 14.3
-5558.6 -3862.1 14.7
-5568.9 -3856.3 14.7
-5575.0 -3861.0 14.7
-5658.7 -3856.5 14.6
-5715.6 -3860.1 14.5
-5727.5 -3856.3 14.5
-5759.6 -3861.2 14.4
-5774.0 -3859.7 14.4
-5784.0 -3857.4 14.4
-5796.8 -3862.1 14.3
-5817.8 -3859.3 14.3
-5827.2 -3862.1 14.3
-5839.7 -3857.0 14.3
-5598.4 -3851.1 14.6
-5617.8 -3848.4 14.6
-5648.1 -3851.7 14.6
-5658.6 -3851.1 14.6
-5719.1 -3852.5 14.5
-5727.7 -3847.7 14.4
-5768.2 -3850.9 14.4
-5828.0 -3851.2 14.3
-5836.5 -3846.4 14.3
-5579.5 -3838.8 14.5
-5589.0 -3838.8 14.5
-5628.4 -3842.7 14.5
-5640.0 -3838.8 14.4
-5643.6 -3838.6 14.4
-5697.4 -3839.2 14.4
-5704.8 -3840.5 14.4
-5779.2 -3836.8 14.2
-5786.1 -3837.9 14.2
-5814.3 -3837.8 14.2
-5584.1 -3827.2 14.4
-5608.7 -3829.5 14.4
-5616.5 -3829.9 14.4
-5629.6 -3830.7 14.3
-5633.8 -3829.7 14.3
-5658.8 -3828.9 14.3
-5765.1 -3826.5 14.2
-5784.6 -3831.1 14.2
-5818.6 -3830.6 14.3
-5567.3 -3821.4 14.3
-5577.1 -3822.3 14.3
-5585.7 -3821.5 14.3
-5594.7 -3818.5 14.2
-5713.4 -3820.4 14.2
-5733.9 -3821.1 14.2
-5768.0 -3820.2 14.3
-5779.1 -3817.5 14.3
-5787.7 -3822.3 14.3
-5795.7 -3819.1 14.3
-5814.4 -3816.3 14.4
-5824.6 -3821.5 14.4
-5557.7 -3806.4 14.2
-5595.7 -3809.5 14.2
-5695.1 -3809.4 14.3
-5715.0 -3807.2 14.3
-5797.2 -3808.2 14.4
-5804.1 -3807.1 14.4
-5816.1 -3812.8 14.4
-5538.3 -3798.4 14.2
-5555.9 -3800.2 14.2
-5568.9 -3797.5 14.2
-5575.2 -3798.7 14.2
-5588.2 -3798.8 14.2
-5606.5 -3802.7 14.2
-5678.9 -3800.6 14.3
-5688.3 -3800.2 14.3
-5696.4 -3800.9 14.3
-5703.7 -3802.6 14.3
-5718.5 -3801.1 14.3
-5727.8 -3801.3 14.3
-5547.1 -3792.6 14.2
-5606.3 -3792.1 14.3
-5616.6 -3790.0 14.3
-5673.8 -3788.6 14.3
-5698.4 -3792.2 14.4
-5719.0 -3788.2 14.4
-5727.8 -3792.7 14.4
-5576.3 -3776.6 14.3
-5609.8 -3776.4 14.3
-5686.1 -3780.3 14.4
-5693.6 -3779.0 14.4
-5704.1 -3780.7 14.4
-5515.3 -3771.2 14.3
-5529.0 -3766.6 14.3
-5645.5 -3767.0 14.4
-5674.5 -3772.4 14.4
-5709.5 -3769.5 14.3
-5536.3 -3757.8 14.3
-5608.1 -3757.7 14.4
-5634.9 -3759.1 14.4
-5644.3 -3759.9 14.4
-5667.7 -3760.7 14.3
-5677.2 -3762.8 14.3
-5696.3 -3761.5 14.3
-5707.6 -3762.5 14.3
-5579.0 -3751.1 14.4
-5587.7 -3752.1 14.4
-5603.4 -3751.1 14.4
-5615.7 -3748.4 14.3
-5630.0 -3748.5 14.3
-5657.4 -3751.7 14.3
-5666.9 -3752.4 14.3
-5695.4 -3750.1 14.3
-5708.6 -3751.9 14.3
-5595.9 -3742.5 14.3
-5614.5 -3739.2 14.3
-5629.4 -3740.7 14.3
-5637.1 -3742.6 14.3
-5660.0 -3738.0 14.3
-5676.4 -3742.5 14.3
-5689.9 -3737.0 14.3
-5619.6 -3729.0 14.3
-5633.6 -3727.0 14.3
-5646.8 -3732.5 14.3
-5656.9 -3727.8 14.3
-5676.1 -3728.7 14.2
-5553.4 -3721.5 14.3
-5628.7 -3722.6 14.3
-5673.6 -3717.7 14.2
-5635.6 -3710.3 14.2
-5664.1 -3709.1 14.2
-5639.3 -3701.2 14.2
-2147.1 -8454.2 14.7
-2182.6 -8454.6 14.4
-2136.5 -8447.7 14.4
-2136.8 -8435.5 14.1
-2172.7 -8434.3 14.2
-2155.3 -8427.6 14.0
-2166.7 -8425.5 14.0
-3291.5 -7672.7 15.3
-3311.9 -7664.4 15.3
-3337.9 -7662.9 15.4
-3238.6 -7653.6 15.1
-3262.1 -7657.2 15.2
-3296.5 -7656.9 15.3
-3343.0 -7656.8 15.4
-3279.3 -7633.7 15.3
-3248.3 -7622.5 15.1
-3260.1 -7621.4 15.2
-3171.1 -7612.1 14.8
-3222.0 -7615.7 14.9
-3242.8 -7614.8 15.2
-3256.7 -7611.3 15.2
-3271.7 -7611.0 15.3
-3322.8 -7617.1 15.4
-3212.4 -7605.3 15.0
-3231.1 -7604.2 15.2
-3250.1 -7607.3 15.2
-3256.8 -7603.2 15.3
-3270.3 -7607.2 15.3
-3212.7 -7592.4 15.1
-3222.9 -7594.2 15.2
-3232.6 -7592.2 15.2
-3239.4 -7593.7 15.2
-3248.8 -7595.7 15.2
-3281.2 -7594.7 15.3
-3289.7 -7593.3 15.4
-3306.6 -7593.3 15.4
-3320.6 -7591.0 15.5
-3220.0 -7582.3 15.2
-3247.2 -7587.0 15.2
-3270.7 -7586.8 15.3
-3281.5 -7584.6 15.4
-3310.0 -7585.9 15.4
-3319.3 -7583.8 15.5
-3192.9 -7571.5 15.1
-3208.9 -7571.2 15.2
-3261.4 -7574.9 15.3
-3268.8 -7571.1 15.3
-3288.3 -7575.5 15.4
-3307.1 -7573.0 15.4
-3207.5 -7560.9 15.2
-3218.6 -7564.8 15.2
-3226.5 -7565.9 15.2
-3277.6 -7563.1 15.4
-3290.7 -7566.3 15.4
-3300.6 -7562.3 15.4
-3310.3 -7565.1 15.5
-3329.3 -7560.8 15.5
-3250.8 -7553.3 15.3
-3271.7 -7554.9 15.4
-3280.8 -7555.4 15.4
-3289.3 -7554.3 15.4
-3301.9 -7552.4 15.5
-3308.3 -7554.6 15.5
-3322.7 -7557.0 15.5
-3338.2 -7555.1 15.6
-3291.8 -7542.8 15.4
-3299.2 -7547.3 15.5
-3308.3 -7542.0 15.5
-3322.0 -7544.6 15.5
-3242.4 -7534.9 15.3
-3281.3 -7536.2 15.4
-3288.0 -7536.9 15.4
-3209.7 -7525.5 15.2
-3242.9 -7527.2 15.3
-3286.6 -7522.0 15.5
-3333.3 -7535.8 15.6
-3301.0 -7516.9 15.5
-3302.5 -7506.8 15.5
-3342.0 -7508.5 15.6
-3271.9 -7501.1 15.4
-3283.8 -7500.5 15.5
-3314.1 -7501.6 15.6
-3321.3 -7498.4 15.6
-3333.4 -7499.1 15.6
-3285.6 -7491.9 15.5
-3316.4 -7486.8 15.6
-3335.2 -7485.3 15.7
-3326.0 -7467.6 15.7
-3354.3 -7430.0 15.8
-161.5 -8552.0 28.4
-190.2 -8550.0 28.5
-204.3 -8552.2 28.7
-154.2 -8539.5 28.1
-159.9 -8545.5 28.2
-169.3 -8539.8 28.3
-192.8 -8543.9 28.5
-199.0 -8540.6 28.7
-211.5 -8542.9 28.8
-219.9 -8542.3 28.9
-142.7 -8534.0 28.1
-150.7 -8531.1 28.3
-173.4 -8535.0 28.5
-201.5 -8533.1 28.9
-218.9 -8529.6 29.3
-143.2 -8524.0 28.4
-210.1 -8521.5 29.3
-219.0 -8520.2 29.2
-232.2 -8521.4 29.2
-210.3 -8515.4 29.2
-218.3 -8513.5 29.2
-232.6 -8510.2 29.1
-212.7 -8504.8 29.1
-144.6 -8495.8 29.2
-3882.1 -6114.7 7.3
-3861.2 -6107.7 7.3
-3879.4 -6093.8 6.9
-3846.9 -6076.4 7.0
-3868.3 -6075.3 6.7
-3851.9 -6065.0 6.9
-3847.4 -6053.9 7.0
-3847.5 -6050.3 7.0
-3241.3 -8124.5 14.0
-3160.4 -8110.4 14.0
-3245.1 -8114.4 14.3
-3159.9 -8103.0 14.0
-3248.8 -8105.2 14.3
-3159.9 -8094.4 14.0
-3170.6 -8092.8 14.0
-3182.1 -8093.4 14.1
-3241.6 -8096.4 14.2
-3249.3 -8096.4 14.3
-3179.1 -8085.6 14.1
-3200.9 -8080.8 14.1
-3222.3 -8085.6 14.2
-3234.8 -8081.3 14.2
-3243.4 -8081.8 14.3
-3252.2 -8084.6 14.3
-3261.5 -8084.3 14.3
-3273.0 -8084.6 14.4
-3282.0 -8085.0 14.4
-3302.5 -8083.4 14.5
-3173.5 -8074.0 14.0
-3184.4 -8071.8 14.1
-3190.9 -8076.2 14.1
-3202.5 -8072.7 14.1
-3212.3 -8071.6 14.2
-3219.8 -8074.7 14.2
-3231.3 -8076.2 14.2
-3240.6 -8073.0 14.3
-3280.4 -8072.6 14.4
-3290.2 -8076.1 14.5
-3299.9 -8073.0 14.5
-3312.9 -8076.5 14.6
-3180.5 -8060.6 14.1
-3201.0 -8063.9 14.1
-3213.3 -8061.7 14.2
-3224.3 -8062.1 14.2
-3231.0 -8064.5 14.3
-3244.0 -8062.8 14.3
-3270.7 -8063.5 14.4
-3280.6 -8063.3 14.5
-3214.6 -8051.8 14.2
-3233.7 -8051.1 14.3
-3248.9 -8053.8 14.3
-3262.5 -8054.5 14.4
-3194.6 -8041.2 14.0
-3202.6 -8046.4 14.1
-3212.6 -8045.0 14.1
-3219.5 -8045.9 14.2
-3214.6 -8034.3 14.1
-3231.3 -8035.2 14.1
-943.3 -6221.4 19.5
-952.8 -6224.0 19.4
-970.9 -6222.7 18.6
-915.3 -6214.6 19.8
-942.2 -6214.2 19.4
-981.5 -6201.9 18.9
-972.6 -6194.2 19.2
-985.0 -6193.0 19.0
-989.5 -6193.4 18.9
-918.8 -6186.9 20.1
-972.0 -6185.9 19.3
-980.9 -6170.6 19.4
-921.1 -6163.5 20.5
-949.6 -6165.1 20.0
-965.2 -6165.5 19.8
-985.4 -6165.7 19.5
-955.0 -6151.8 20.2
-964.9 -6150.9 20.0
-990.5 -6152.9 19.6
-925.4 -6140.3 20.8
-955.2 -6141.2 20.3
-965.2 -6145.2 20.1
-974.4 -6141.6 20.0
-984.9 -6145.6 19.6
-958.9 -6133.5 20.4
-972.2 -6133.1 19.9
-961.9 -6126.6 20.2
-951.1 -6113.8 20.4
-980.3 -6113.5 18.8
-994.5 -6113.1 18.6
-953.1 -6100.7 19.7
-965.0 -6105.2 19.2
-3122.4 -6896.3 14.1
-3105.4 -6872.2 13.9
-3116.6 -6851.3 13.9
-3156.7 -6844.9 13.8
-3155.0 -6831.2 13.8
-3164.8 -6830.6 13.8
-3174.9 -6826.8 13.7
-3157.8 -6909.1 14.5
-3138.6 -6897.0 14.1
-3160.0 -6899.3 14.2
-3144.2 -6891.8 13.9
-3189.6 -6880.0 13.7
-3156.9 -6872.2 13.8
-3158.1 -6858.0 13.8
-3167.2 -6859.2 13.8
-3173.5 -6861.0 13.7
-3173.5 -6851.9 13.7
-869.2 -8538.6 18.2
-866.2 -8528.7 18.3
-839.0 -8491.4 19.3
-757.2 -8458.5 22.6
-958.1 -8459.3 18.2
-715.0 -8450.2 24.2
-727.2 -8453.9 23.7
-737.6 -8450.1 23.3
-749.8 -8453.4 22.9
-761.1 -8453.8 22.4
-715.7 -8443.6 24.1
-956.8 -8440.4 18.5
-739.3 -8432.5 23.3
-950.4 -8429.8 18.7
-957.6 -8433.1 18.6
-737.1 -8420.7 23.5
-957.7 -8422.6 18.7
-739.3 -8403.7 23.7
-738.5 -8372.5 23.5
-738.8 -8349.9 23.1
-709.4 -8328.2 23.6
-707.7 -8317.9 23.4
-715.9 -8322.8 23.3
-719.1 -8308.5 23.0
-727.7 -8308.4 22.8
-724.7 -8301.4 22.8
-747.0 -8300.9 22.2
-770.9 -8300.7 21.6
-777.3 -8303.8 21.6
-808.2 -8302.3 21.3
-750.7 -8291.0 22.0
-765.4 -8288.0 21.6
-778.4 -8292.0 21.4
-777.1 -8263.3 21.3
-745.1 -8225.6 21.2
-776.5 -8224.3 20.9
-774.8 -8212.3 20.8
-725.9 -8202.4 21.1
-834.9 -8207.0 21.3
-758.1 -8187.8 21.0
-763.2 -8185.3 21.1
-778.2 -8185.4 21.0
-827.6 -8182.5 21.1
-836.9 -8184.7 21.1
-765.2 -8174.6 21.1
-776.7 -8177.3 21.1
-786.3 -8172.2 21.2
-794.2 -8175.0 21.2
-828.1 -8172.7 21.0
-835.8 -8176.9 21.0
-736.6 -8163.6 21.2
-745.4 -8168.6 21.1
-778.5 -8162.2 21.2
-783.0 -8167.4 21.3
-693.5 -8156.6 21.2
-776.8 -8153.8 21.0
-788.8 -8154.9 20.9
-822.7 -8157.5 20.7
-727.5 -8145.7 21.3
-737.0 -8145.9 21.2
-768.0 -8144.7 21.0
-722.6 -8137.0 21.2
-763.5 -8136.6 20.9
-792.9 -8124.1 20.5
-723.2 -8113.1 20.7
-752.6 -8116.1 20.6
-798.0 -8118.3 20.4
-726.0 -8106.3 20.9
-775.7 -8103.7 20.5
-733.4 -8094.5 21.1
-4151.6 -6176.5 13.2
-4202.7 -6165.6 13.8
-2536.6 -8322.9 18.9
-2535.2 -8315.5 19.1
-2549.2 -8315.3 19.2
-2556.6 -8311.0 19.3
-2586.4 -8303.5 19.7
-2588.3 -8295.1 19.8
-2597.6 -8286.2 19.6
-977.7 -7166.7 18.9
-1285.4 -8808.0 12.8
-1294.5 -8798.8 12.9
-1426.7 -8802.6 11.6
-1415.7 -8793.0 11.8
-1414.3 -8781.0 12.0
-1404.2 -8763.3 12.4
-1336.9 -8747.5 13.3
-1343.7 -8749.6 13.2
-1354.1 -8729.7 13.4
-1368.2 -8731.9 13.3
-1331.3 -8676.1 13.8
-1321.8 -8669.1 13.9
-1308.4 -8658.3 14.0
-1342.3 -8647.9 13.8
-1348.9 -8648.2 13.8
-1341.1 -8637.2 13.9
-1341.1 -8626.2 14.1
-1276.8 -8772.7 13.5
-1276.7 -8762.7 13.6
-1310.1 -8756.9 13.4
-1250.4 -8750.9 14.0
-1275.9 -8748.0 13.9
-1289.6 -8747.1 13.8
-1315.7 -8750.8 13.5
-1324.2 -8746.9 13.4
-1237.5 -8740.5 14.2
-1255.9 -8737.6 14.0
-1317.8 -8740.0 13.6
-1236.4 -8728.2 14.2
-1245.5 -8730.0 14.1
-1259.0 -8728.8 14.1
-1329.1 -8726.9 13.6
-1214.7 -8716.4 14.4
-1235.2 -8723.0 14.2
-1246.7 -8722.7 14.2
-1327.1 -8721.8 13.6
-1340.7 -8717.5 13.6
-1219.5 -8710.3 14.4
-1237.6 -8709.8 14.3
-1328.5 -8708.7 13.7
-1226.6 -8700.3 14.4
-1246.5 -8699.3 14.3
-1329.2 -8697.0 13.7
-1336.4 -8699.2 13.7
-1245.1 -8688.3 14.3
-1259.1 -8680.5 14.2
-1279.6 -8680.4 14.1
-1280.1 -8670.0 14.1
-1285.2 -8667.4 14.1
-1297.7 -8670.9 14.0
-321.6 -8367.8 27.7
-341.2 -8351.6 27.5
-300.5 -8345.7 27.5
-310.3 -8344.9 27.5
-310.2 -8331.9 27.3
-329.2 -8336.3 27.4
-2101.2 -6662.1 18.3
-2102.3 -6651.9 18.4
-2125.2 -6651.4 17.9
-2130.7 -6638.0 18.0
-2129.7 -6630.0 18.2
-2094.6 -6559.4 18.3
-2092.5 -6538.0 17.9
-2122.2 -6538.5 17.2
-2122.5 -6529.0 17.0
-2112.8 -6508.5 16.7
-2111.0 -6500.0 16.5
-2093.3 -6467.3 16.1
-2095.2 -6457.8 15.5
-2205.1 -6798.2 14.7
-2144.2 -6789.1 15.0
-2150.2 -6791.9 14.9
-2170.4 -6788.2 14.8
-2181.4 -6788.5 14.8
-2149.5 -6778.5 14.9
-2183.4 -6776.0 14.8
-2154.4 -6769.3 14.9
-2153.6 -6760.6 15.0
-2153.4 -6750.2 15.2
-2163.3 -6748.1 15.1
-2160.3 -6737.3 15.5
-2169.6 -6740.1 15.3
-2179.1 -6741.2 15.1
-2155.3 -6726.5 16.0
-2180.1 -6731.7 15.4
-6007.0 -4756.6 11.7
-5988.2 -4745.6 11.5
-5997.5 -4748.8 11.6
-5989.1 -4728.8 10.9
-5989.0 -4720.7 10.4
-5982.7 -4710.9 10.5
-5968.0 -4697.2 10.6
-5980.0 -4701.1 10.6
-5986.5 -4689.2 10.7
-5951.4 -4681.8 10.8
-5961.5 -4676.9 10.8
-5968.3 -4678.0 10.8
-5937.4 -4671.3 10.9
-5949.3 -4669.8 10.9
-5931.8 -4658.2 10.8
-5947.7 -4660.8 10.9
-5918.1 -4645.7 10.4
-5930.1 -4648.6 10.5
-5941.0 -4640.5 10.4
-5948.8 -4641.6 10.4
-5937.3 -4625.4 10.4
-5909.4 -4619.4 10.4
-6051.0 -4617.4 11.4
-5889.9 -4610.5 10.5
-5907.4 -4609.3 10.6
-6050.5 -4607.5 11.7
-5901.9 -4596.0 10.9
-5920.8 -4597.2 11.0
-5931.9 -4596.0 11.1
-5937.3 -4599.6 11.1
-6052.5 -4600.7 11.8
-5877.9 -4590.5 10.7
-5889.6 -4587.0 10.8
-5916.9 -4588.8 11.2
-5928.7 -4589.8 11.2
-5882.4 -4578.9 10.6
-5890.1 -4581.2 10.7
-5907.4 -4575.6 10.8
-5926.8 -4578.4 11.2
-5859.1 -4570.0 10.0
-5868.8 -4571.5 10.2
-5877.7 -4568.4 10.3
-5890.0 -4566.5 10.4
-5900.2 -4569.1 10.6
-5846.4 -4555.4 9.5
-5856.8 -4560.9 9.8
-5907.9 -4559.9 10.5
-5859.5 -4548.2 9.5
-5876.9 -4551.4 9.9
-5892.6 -4546.4 9.9
-5911.0 -4547.7 10.2
-5839.1 -4537.1 9.4
-5869.5 -4540.1 9.5
-5879.9 -4540.7 9.6
-5899.4 -4539.8 9.9
-5918.5 -4539.0 10.1
-5929.8 -4535.4 10.2
-5839.0 -4529.1 9.6
-5851.8 -4531.4 9.4
-5880.5 -4527.4 9.3
-5887.1 -4525.9 9.4
-5899.4 -4525.5 9.5
-5910.7 -4525.8 9.7
-6041.1 -4527.7 11.5
-5857.6 -4521.5 9.7
-5867.3 -4522.0 9.6
-5879.2 -4518.7 9.6
-5900.6 -4521.3 9.5
-5907.5 -4516.4 9.5
-5916.5 -4520.6 9.7
-6037.0 -4517.3 11.2
-5879.3 -4507.6 9.9
-5900.7 -4506.9 9.8
-5931.8 -4511.9 9.7
-6041.4 -4509.9 11.1
-5882.5 -4500.6 10.1
-5929.2 -4499.0 9.8
-5958.7 -4497.9 9.7
-5988.9 -4500.1 10.2
-6010.7 -4497.9 10.4
-6042.1 -4498.0 10.8
-5889.3 -4485.8 10.4
-5908.8 -4486.8 10.3
-5931.0 -4491.5 10.0
-5962.0 -4486.7 9.9
-5968.4 -4487.9 9.8
-5989.0 -4489.7 9.9
-6017.2 -4490.3 10.3
-6031.0 -4485.9 10.4
-6037.0 -4488.1 10.5
-5900.5 -4479.6 10.5
-5910.7 -4478.8 10.5
-5917.2 -4479.4 10.4
-5928.1 -4479.8 10.3
-5939.5 -4480.1 10.3
-5946.4 -4479.2 10.2
-5962.5 -4476.4 10.2
-5968.2 -4476.7 10.2
-6006.4 -4478.0 9.9
-6018.4 -4475.5 10.0
-6032.4 -4480.8 10.3
-6040.7 -4479.4 10.4
-5931.7 -4469.0 10.6
-5951.0 -4465.4 10.6
-5966.5 -4469.7 10.4
-5982.8 -4469.3 10.3
-6011.0 -4467.8 10.1
-5932.3 -4459.4 10.9
-5937.3 -4461.3 10.8
-5948.9 -4456.2 10.9
-5972.6 -4458.8 10.6
-5937.8 -4451.0 11.1
-5948.3 -4449.6 11.1
-5996.6 -4446.1 10.8
-6012.6 -4446.7 10.6
-6032.6 -4448.4 10.2
-5978.2 -4437.5 11.1
-5991.9 -4441.1 10.9
-6001.4 -4439.5 10.6
-6010.8 -4436.3 10.3
-5991.9 -4431.5 10.6
-6011.5 -4431.0 10.1
-6020.8 -4428.9 9.9
-6028.9 -4429.0 9.7
-5977.8 -4419.0 10.6
-5988.9 -4421.1 10.4
-5999.6 -4420.6 10.1
-6009.0 -4420.9 9.9
-5988.3 -4407.2 10.0
-5997.6 -4407.2 9.7
-6020.6 -4411.9 9.3
-6011.8 -4387.6 8.8
-6027.3 -4389.5 8.5
-6006.9 -4375.7 8.6
-5997.5 -4368.6 8.6
-6008.9 -4365.4 8.2
-6016.8 -4369.6 8.1
-5992.0 -4357.8 8.4
-5998.2 -4357.4 8.2
-6000.9 -4346.5 7.8
-6007.4 -4345.8 7.6
-5966.5 -4337.9 8.3
-5987.9 -4340.0 7.9
-5958.3 -4326.0 8.0
-5979.5 -4326.1 7.8
-6007.2 -4328.5 7.4
-5951.1 -4315.6 8.2
-5982.6 -4317.1 7.7
-5998.5 -4316.5 7.4
-6007.4 -4318.1 7.3
-5978.8 -4305.9 7.7
-5987.3 -4307.8 7.6
-6007.1 -4306.4 7.3
-5874.0 -4485.7 10.6
-5902.8 -4469.2 10.8
-5898.5 -4459.6 11.1
-5913.2 -4457.0 11.1
-5916.2 -4449.2 11.3
-5919.1 -4437.0 11.6
-5922.6 -4430.1 11.8
-5891.6 -4440.7 11.7
-3929.4 -4746.1 16.9
-3956.5 -4748.3 17.0
-3963.1 -4744.8 17.1
-4003.7 -4748.8 17.4
-4023.6 -4748.5 17.4
-4119.3 -4747.4 17.2
-4126.6 -4747.1 17.2
-4134.3 -4750.3 17.2
-3964.1 -4737.5 17.1
-3974.7 -4741.0 17.2
-4017.8 -4736.5 17.4
-4024.2 -4736.9 17.4
-4035.0 -4735.6 17.4
-4115.5 -4739.1 17.2
-3935.8 -4725.2 16.9
-3975.7 -4729.1 17.3
-3999.3 -4725.0 17.4
-4035.0 -4730.5 17.4
-4117.7 -4730.9 17.1
-4128.2 -4727.7 17.0
-4168.5 -4728.8 17.0
-3978.2 -4720.7 17.3
-4006.1 -4717.4 17.3
-4013.5 -4715.2 17.3
-4025.5 -4719.5 17.3
-4055.3 -4715.5 17.2
-4077.1 -4715.6 17.1
-4104.2 -4718.6 17.1
-4157.2 -4720.1 17.0
-3938.0 -4706.5 17.0
-3965.4 -4711.0 17.2
-3973.6 -4705.5 17.3
-4003.8 -4705.1 17.2
-4013.9 -4707.5 17.2
-4023.7 -4705.1 17.3
-4046.0 -4707.3 17.2
-4059.1 -4705.6 17.1
-4097.1 -4710.9 17.0
-4109.6 -4711.3 17.0
-4123.3 -4708.8 16.9
-4146.6 -4708.1 17.0
-4159.0 -4707.6 17.0
-4195.4 -4711.3 17.1
-3938.8 -4695.3 17.0
-3968.8 -4697.0 17.3
-3975.1 -4698.3 17.3
-3997.0 -4701.3 17.2
-4009.8 -4699.6 17.2
-4018.2 -4695.9 17.2
-4047.6 -4699.4 17.1
-4055.8 -4699.6 17.1
-4067.2 -4695.1 17.0
-4073.4 -4699.6 17.0
-4094.4 -4697.0 16.9
-4105.4 -4698.2 16.9
-4169.2 -4695.0 17.0
-4179.3 -4699.9 17.0
-4206.0 -4696.6 17.1
-3944.4 -4685.7 17.1
-3954.0 -4685.5 17.2
-3973.7 -4688.3 17.2
-4014.1 -4689.9 17.2
-4036.0 -4691.1 17.1
-4086.4 -4685.4 16.9
-4113.3 -4685.8 16.9
-4129.4 -4691.0 16.9
-4137.9 -4684.9 16.9
-4179.7 -4689.7 17.0
-4188.5 -4691.4 17.0
-4198.5 -4689.3 17.1
-4217.4 -4686.9 17.1
-4228.6 -4685.7 17.1
-3946.8 -4680.1 17.1
-3999.4 -4676.1 17.1
-4039.7 -4681.0 17.0
-4086.4 -4675.6 16.8
-4118.7 -4674.9 16.9
-4135.5 -4679.9 16.9
-4165.3 -4678.4 17.0
-4175.5 -4676.7 17.0
-4186.4 -4678.5 17.0
-4194.4 -4677.3 17.0
-4204.8 -4676.4 17.0
-4217.6 -4681.2 17.1
-4225.2 -4677.1 17.0
-4243.5 -4675.3 17.0
-5684.2 -4467.9 12.4
-5706.9 -4458.5 12.5
-5676.5 -4445.5 13.1
-5684.0 -4447.4 13.0
-5672.1 -4435.0 13.4
-5890.9 -4434.7 11.9
-5675.2 -4427.4 13.6
-5684.2 -4429.5 13.5
-5805.9 -4423.5 12.8
-5671.1 -4414.4 14.0
-5682.2 -4415.3 13.9
-5691.6 -4414.8 13.8
-5681.9 -4407.3 14.1
-5704.7 -4406.3 14.0
-5714.7 -4405.3 13.9
-5664.8 -4397.7 14.5
-5674.4 -4395.4 14.5
-5681.8 -4396.0 14.4
-5706.2 -4397.1 14.2
-5714.0 -4394.2 14.2
-5676.1 -4384.9 14.8
-5682.6 -4385.9 14.7
-5691.2 -4388.5 14.6
-5714.1 -4387.9 14.4
-5722.9 -4387.0 14.4
-5731.1 -4386.6 14.3
-5752.9 -4384.4 14.2
-5846.5 -4386.1 12.7
-5943.5 -4386.3 10.4
-5666.0 -4377.3 15.1
-5671.9 -4379.7 14.9
-5713.6 -4377.2 14.7
-5765.0 -4374.4 14.3
-5812.5 -4379.7 13.3
-5953.7 -4373.3 9.7
-5735.5 -4364.9 14.7
-5774.1 -4363.8 13.7
-5782.6 -4366.7 13.6
-5825.4 -4364.8 12.5
-5946.4 -4366.6 9.7
-5971.3 -4367.7 9.2
-5762.7 -4359.0 13.8
-5833.0 -4353.7 12.0
-5951.5 -4359.7 9.4
-5966.6 -4356.2 8.9
-5825.5 -4347.6 12.0
-5854.3 -4343.8 11.2
-5864.7 -4343.1 10.9
-5871.9 -4343.7 10.8
-5883.8 -4349.6 10.7
-5893.9 -4343.8 10.2
-5912.0 -4345.0 9.9
-5924.2 -4345.5 9.6
-5944.5 -4345.5 9.1
-5963.4 -4345.2 8.6
-5883.5 -4335.5 10.0
-5911.9 -4339.6 9.7
-5923.3 -4333.2 8.9
-5931.7 -4339.7 9.2
-5945.4 -4326.6 8.1
-5707.2 -4439.4 13.0
-5696.7 -4431.2 13.3
-5720.4 -4430.5 13.2
-5728.1 -4429.7 13.1
-5726.9 -4421.7 13.4
-5767.5 -4418.3 13.2
-5721.4 -4412.5 13.7
-5731.6 -4411.6 13.6
-5737.1 -4408.5 13.7
-5748.2 -4412.1 13.5
-5761.9 -4411.2 13.4
-5781.2 -4409.4 13.3
-5837.5 -4408.0 13.0
-5759.0 -4401.7 13.7
-5768.9 -4397.1 13.8
-5787.5 -4402.0 13.5
-4258.6 -6426.2 13.6
-4263.3 -6415.9 13.6
-4225.9 -6396.1 13.4
-4225.8 -6387.9 13.5
-4274.0 -6389.4 13.6
-4219.0 -6376.4 13.6
-1044.2 -8490.8 17.2
-1029.5 -8475.8 17.6
-1020.5 -8465.5 17.8
-1034.3 -8451.8 17.9
-1041.4 -8453.0 17.8
-1109.1 -8452.0 17.1
-1045.0 -8446.9 17.8
-1080.9 -8441.7 17.5
-1089.5 -8447.0 17.4
-1085.1 -8426.6 17.6
-2931.6 -7099.5 12.2
-2963.2 -7100.1 12.4
-3007.3 -7099.6 12.7
-2977.6 -7083.5 12.7
-2993.5 -7080.7 12.8
-2991.6 -7074.5 12.9
-3019.3 -7075.4 13.1
-2951.9 -7065.4 12.7
-2999.6 -7060.6 13.1
-2963.2 -7050.3 13.0
-3001.4 -7052.1 13.2
-2961.4 -7045.2 13.1
-2988.4 -7044.9 13.2
-2973.0 -7025.9 13.3
-4873.8 -3782.4 18.1
-4924.8 -3778.2 18.6
-4888.8 -3766.7 18.5
-4899.8 -3763.8 18.7
-4903.8 -3758.4 18.8
-4894.8 -3743.6 19.0
-4899.6 -3747.3 19.0
-4893.8 -3738.2 19.1
-4868.3 -3717.5 19.2
-4883.4 -3716.8 19.4
-4882.1 -3705.5 19.6
-4900.6 -3707.9 19.7
-4892.1 -3677.1 20.2
-4882.0 -3664.0 20.3
-4893.5 -3664.4 20.4
-4902.8 -3663.0 20.5
-4894.5 -3654.1 20.6
-4903.7 -3656.2 20.7
-4904.9 -3645.0 20.9
-4913.2 -3645.8 20.9
-4920.1 -3643.3 20.9
-3019.3 -7251.2 13.6
-2988.3 -7237.7 13.7
-3011.6 -7212.3 12.7
-3020.8 -7213.6 12.8
-3052.5 -7213.5 12.9
-2991.7 -7205.8 12.4
-3001.7 -7202.8 12.3
-3007.2 -7207.4 12.5
-3016.9 -7202.1 12.3
-3057.6 -7202.4 12.5
-2912.5 -7191.9 11.6
-2957.5 -7193.6 11.9
-2980.1 -7196.2 12.1
-2989.4 -7193.9 12.1
-2999.4 -7193.3 12.2
-3010.6 -7192.1 12.3
-3027.6 -7191.3 12.4
-2988.8 -7183.5 12.2
-3000.6 -7184.4 12.3
-3029.4 -7182.1 12.5
-3039.4 -7184.5 12.6
-2962.5 -7173.8 12.1
-2977.8 -7174.1 12.2
-2998.2 -7176.1 12.3
-3030.5 -7177.5 12.6
-3041.5 -7177.4 12.6
-2960.9 -7163.3 12.1
-2998.3 -7166.3 12.3
-3027.9 -7163.5 12.6
-3091.6 -7163.8 13.0
-2910.9 -7151.6 11.8
-3031.0 -7156.2 12.6
-3051.9 -7153.6 12.7
-2918.3 -7147.6 11.8
-2926.2 -7147.6 11.9
-2988.8 -7143.5 12.3
-3061.0 -7141.8 12.9
-3070.0 -7143.6 12.9
-2916.6 -7134.1 11.9
-2952.7 -7134.2 12.1
-3087.3 -7132.1 13.1
-2960.2 -7124.5 12.2
-3047.8 -7124.4 12.8
-3051.2 -7112.7 12.9
-3070.9 -7115.9 13.0
-3061.0 -7106.0 13.0
-3091.3 -7102.0 13.3
-3030.6 -7094.7 12.9
-3080.9 -7091.5 13.3
-3070.9 -7083.7 13.3
-3078.9 -7084.6 13.3
-2523.9 -7306.5 11.6
-2515.9 -7300.7 11.4
-2533.8 -7299.6 11.6
-2567.5 -7300.9 12.1
-2543.1 -7291.3 11.5
-2563.6 -7286.2 11.6
-2516.1 -7281.3 11.0
-2524.0 -7276.5 11.1
-2557.3 -7276.5 11.2
-2563.6 -7275.1 11.3
-2574.3 -7275.6 11.5
-2586.0 -7276.1 11.7
-2592.4 -7265.1 11.4
-2465.3 -7256.4 10.9
-2595.2 -7257.6 11.5
-2606.5 -7260.7 11.5
-2458.3 -7247.4 10.9
-2474.8 -7247.9 11.0
-2586.3 -7249.6 11.5
-2468.9 -7238.3 11.0
-2478.5 -7235.4 11.1
-2578.7 -7241.3 11.5
-2587.5 -7239.3 11.5
-2457.1 -7229.6 11.0
-2466.2 -7225.3 11.1
-2577.2 -7230.8 11.4
-2595.5 -7226.9 11.2
-2603.2 -7227.8 11.2
-2443.2 -7216.0 11.0
-2457.9 -7218.1 11.0
-2472.8 -7218.8 11.1
-2575.4 -7217.4 10.8
-2597.9 -7220.5 10.9
-2448.8 -7210.3 10.7
-2463.7 -7210.1 10.7
-2473.8 -7210.9 10.7
-2576.3 -7206.9 10.3
-2577.5 -7200.9 10.0
-2587.7 -7201.1 9.9
-2467.6 -7186.5 10.4
-2475.6 -7185.4 10.3
-2485.6 -7187.5 10.2
-2504.8 -7186.4 10.0
-2516.6 -7185.9 9.8
-2574.9 -7187.7 9.3
-2586.8 -7186.1 9.2
-2504.1 -7181.4 10.0
-2583.0 -7175.1 9.2
-2468.9 -7166.9 10.6
-2476.0 -7168.0 10.5
-2492.4 -7167.7 10.3
-2008.0 -6081.3 16.7
-2004.5 -5934.5 18.0
-1920.0 -5839.6 17.0
-1920.4 -5835.7 16.8
-1927.5 -5835.8 17.0
-1914.9 -5823.4 16.5
-1926.0 -5801.1 15.8
-1929.0 -5785.0 15.4
-2797.1 -7172.7 10.9
-2827.2 -7162.3 11.2
-2839.0 -7160.6 11.2
-2849.3 -7157.2 11.3
-2868.4 -7161.6 11.4
-2747.1 -7147.9 10.7
-2769.3 -7148.8 10.8
-2822.4 -7151.4 11.2
-2827.5 -7152.8 11.2
-2749.7 -7137.8 10.7
-2761.7 -7136.8 10.8
-2768.1 -7139.2 10.8
-2820.4 -7142.0 11.2
-2870.8 -7141.2 11.5
-2881.8 -7141.4 11.6
-2768.8 -7131.3 10.9
-2808.8 -7129.1 11.2
-2749.3 -7122.6 10.8
-2759.0 -7119.6 10.8
-2772.8 -7122.4 10.9
-2781.4 -7119.6 11.0
-2792.9 -7120.1 11.1
-2841.1 -7116.8 11.4
-2784.5 -7108.7 11.1
-2764.0 -7101.6 11.0
-2759.1 -7094.4 11.1
-2758.4 -7084.2 11.2
-2757.3 -7064.0 11.5
-2774.2 -7058.0 11.7
-2768.1 -7048.3 11.7
-2779.1 -7037.8 11.9
-2787.6 -7041.2 12.0
-2796.8 -7043.2 12.0
-2809.1 -7043.6 12.1
-2780.2 -7032.1 12.0
-2789.7 -7032.8 12.1
-2774.9 -7024.1 12.1
-2785.9 -7008.0 12.3
-2777.8 -7002.4 12.4
-2785.4 -6992.8 12.6
-2784.5 -6984.2 12.8
-2804.3 -6984.0 12.8
-2836.0 -6961.8 13.4
-2820.4 -6948.9 13.6
-2830.0 -6950.7 13.6
-2838.0 -6953.0 13.6
-2806.8 -6944.0 13.7
-2818.3 -6940.0 13.8
-2839.0 -6944.1 13.8
-2804.6 -6930.5 14.0
-2817.6 -6908.6 14.3
-2825.9 -6911.7 14.4
-2835.0 -6898.9 14.3
-3054.2 -7013.5 13.7
-3053.6 -7008.9 13.7
-3085.0 -7003.4 13.8
-3049.2 -6996.0 13.7
-3071.1 -6994.7 13.8
-3035.1 -6986.7 13.6
-3054.2 -6986.9 13.7
-3065.2 -6984.2 13.7
-3063.0 -6977.7 13.7
-3074.9 -6975.8 13.8
-3024.8 -6963.6 13.6
-3071.7 -6964.4 13.8
-2940.2 -6954.2 13.7
-3002.2 -6957.0 13.7
-3051.5 -6953.8 13.9
-2929.7 -6948.4 13.8
-2980.2 -6945.1 14.0
-2925.2 -6934.8 14.1
-2975.5 -6935.2 14.2
-2985.2 -6938.4 14.1
-2992.2 -6932.7 14.3
-3004.0 -6937.5 14.2
-3014.5 -6935.5 14.2
-3023.5 -6938.6 14.2
-2892.8 -6926.6 14.2
-2902.0 -6927.3 14.2
-2964.0 -6922.9 14.4
-2973.2 -6926.8 14.4
-2981.8 -6927.6 14.4
-2993.1 -6926.9 14.4
-2880.3 -6914.7 14.5
-2952.5 -6918.6 14.5
-2971.1 -6916.7 14.6
-2984.9 -6916.8 14.6
-2990.2 -6916.7 14.6
-2875.3 -6906.3 14.2
-2902.4 -6907.7 14.3
-2912.8 -6903.4 14.2
-2851.9 -6894.3 14.3
-2872.1 -6897.8 14.3
-2903.3 -6896.3 14.2
-2942.3 -6894.0 14.1
-2955.1 -6893.7 14.1
-2959.8 -6896.6 14.1
-2971.3 -6893.3 14.1
-2844.3 -6883.1 14.4
-2864.9 -6884.0 14.3
-2885.5 -6883.6 14.3
-2891.5 -6886.1 14.3
-2950.9 -6884.8 14.1
-2842.0 -6878.3 14.4
-2923.6 -6877.3 14.2
-2944.5 -6876.7 14.2
-2835.2 -6869.2 14.5
-2949.5 -6869.3 14.2
-2832.4 -6857.4 14.5
-2909.8 -6853.1 14.4
-2919.0 -6856.2 14.3
-2929.5 -6853.5 14.3
-2844.7 -6847.2 14.5
-2852.1 -6844.9 14.5
-2863.1 -6844.4 14.5
-2904.5 -6845.2 14.4
-2921.5 -6844.3 14.3
-2930.8 -6847.2 14.3
-2851.1 -6838.6 14.0
-2863.1 -6839.3 14.1
-2885.0 -6838.6 14.1
-2892.2 -6838.2 14.1
-2911.8 -6835.8 14.0
-2925.2 -6834.9 14.0
-2853.7 -6828.2 13.1
-2861.0 -6824.0 12.8
-2873.6 -6822.9 12.8
-2853.7 -6815.9 12.1
-2859.0 -6817.5 12.2
-2893.4 -6817.1 12.4
-2862.7 -6807.9 11.5
-2881.3 -6803.3 11.1
-2863.2 -6798.1 10.6
-2873.1 -6794.7 10.4
-2899.7 -6796.8 10.7
-2869.3 -6786.2 9.7
-2885.4 -6784.8 9.6
-2925.6 -6770.3 8.6
-2900.4 -6757.8 7.4
-2940.1 -6755.7 8.1
-2907.5 -6746.7 7.5
-2956.7 -6738.6 8.2
-2921.0 -6719.6 8.1
-2929.9 -6717.6 8.2
-2937.6 -6719.4 8.3
-2947.7 -6716.0 8.5
-2958.3 -6719.2 8.5
-2927.0 -6697.7 8.5
-2935.1 -6700.9 8.6
-2986.2 -6697.1 9.2
-3180.5 -6699.7 11.4
-2948.3 -6690.7 8.9
-3168.4 -6687.1 11.3
-2958.9 -6679.9 9.2
-2965.0 -6678.9 9.3
-3159.7 -6676.9 11.4
-3181.0 -6678.3 11.6
-3009.6 -6666.2 10.0
-2956.1 -6660.5 9.5
-2964.8 -6655.9 9.7
-3016.7 -6657.2 10.2
-2969.9 -6646.3 9.9
-2980.5 -6646.2 10.0
-3020.0 -6647.4 10.4
-3024.8 -6646.4 10.5
-3149.2 -6650.5 11.7
-2998.1 -6629.9 10.9
-3109.2 -6631.9 11.7
-3140.0 -6626.9 12.1
-2990.7 -6615.8 11.6
-2998.3 -6617.6 11.6
-3149.0 -6615.8 12.5
-3015.5 -6609.2 12.1
-3058.8 -6606.1 12.4
-3094.9 -6608.8 12.4
-3130.2 -6609.9 12.5
-3137.5 -6608.3 12.5
-3145.9 -6611.5 12.5
-3001.0 -6600.3 12.3
-3006.9 -6600.4 12.3
-3038.9 -6598.6 12.4
-3049.1 -6602.2 12.4
-3059.6 -6597.2 12.5
-3068.2 -6596.0 12.5
-3119.1 -6597.9 12.6
-3136.7 -6595.8 12.6
-3021.1 -6589.7 12.4
-3034.8 -6586.3 12.5
-3111.0 -6588.7 12.6
-3119.5 -6591.0 12.6
-3126.4 -6587.0 12.7
-3135.4 -6588.4 12.7
-3051.2 -6580.2 12.6
-3058.3 -6580.3 12.6
-3086.3 -6577.2 12.7
-3098.0 -6576.0 12.7
-3129.5 -6581.0 12.7
-3045.4 -6566.4 12.7
-3059.1 -6569.3 12.7
-3046.7 -6559.6 12.8
-3064.9 -6560.9 12.8
-3079.6 -6556.4 12.8
-3056.7 -6546.2 12.9
-3067.1 -6549.4 12.9
-3075.5 -6547.4 12.9
-3085.2 -6549.0 12.9
-3105.5 -6549.5 12.9
-3078.0 -6536.1 12.9
-3099.9 -6535.7 12.8
-3080.0 -6532.1 12.9
-3080.6 -6519.2 12.8
-3085.5 -6520.2 12.7
-3111.1 -6975.6 14.0
-3078.2 -6958.7 13.8
-3086.4 -6954.4 13.9
-3089.9 -6949.1 14.1
-3116.9 -6924.6 14.6
-3117.0 -6915.1 14.7
-3087.2 -6906.2 14.4
-4177.3 -4364.7 15.7
-2316.4 -7028.3 15.4
-2279.0 -6941.0 16.6
-2282.1 -6926.9 16.6
-808.5 -7297.5 20.2
-802.3 -7282.7 19.9
-1836.4 -6562.3 23.8
-1838.1 -6553.7 23.2
-1849.2 -6543.9 22.5
-1812.3 -6521.7 20.9
-1869.0 -6525.8 21.1
-1875.8 -6526.2 21.1
-1842.2 -6501.0 19.3
-1797.4 -6493.6 18.9
-1821.1 -6495.9 19.0
-1916.1 -6494.5 18.6
-1816.8 -6484.8 18.2
-1835.8 -6485.2 18.2
-1869.3 -6482.4 17.9
-1949.4 -6480.9 17.5
-1838.7 -6470.7 17.1
-1890.7 -6474.2 17.2
-1898.8 -6470.7 16.9
-1839.9 -6466.0 16.7
-1846.2 -6460.0 16.6
-1861.9 -6461.2 16.5
-1871.1 -6460.8 16.5
-1888.7 -6462.9 16.4
-1902.2 -6461.6 16.4
-1877.2 -6455.3 16.4
-1910.1 -6444.8 16.2
-1980.5 -6422.4 15.7
-1919.6 -6390.5 15.8
-1935.7 -6393.6 15.7
-1959.9 -6390.3 15.6
-1971.7 -6391.9 15.5
-1989.5 -6392.3 15.5
-1949.5 -6384.4 15.6
-1939.0 -6372.6 15.5
-1951.1 -6363.5 15.4
-1998.2 -6360.1 15.2
-2007.5 -6360.8 15.2
-1982.3 -6340.8 15.1
-2001.2 -6344.3 15.1
-632.8 -6410.5 21.1
-645.7 -6406.9 21.1
-644.6 -6403.1 21.1
-603.6 -6380.6 20.9
-604.3 -6366.8 20.9
-647.6 -6366.6 21.0
-603.2 -6361.6 21.0
-612.3 -6358.2 21.0
-605.1 -6347.9 21.2
-616.4 -6352.7 21.1
-636.6 -6349.9 21.2
-628.3 -6341.9 21.3
-654.2 -6340.0 21.4
-626.8 -6328.0 21.5
-632.0 -6330.6 21.4
-592.1 -6317.5 21.5
-645.9 -6317.9 21.5
-625.5 -6310.1 21.6
-638.1 -6302.4 21.3
-588.1 -6291.3 21.2
-597.5 -6289.9 21.1
-603.2 -6288.4 21.0
-4094.3 -4582.7 16.6
-4105.6 -4581.4 16.6
-4085.6 -4576.2 16.6
-4101.5 -4575.9 16.6
-4113.5 -4574.2 16.6
-4084.7 -4562.2 16.5
-4092.2 -4562.9 16.5
-4125.4 -4565.3 16.5
-4131.0 -4562.2 16.4
-4125.1 -4557.5 16.4
-4137.4 -4549.4 16.3
-4164.7 -4542.8 16.2
-2823.3 -8189.4 15.0
-2821.6 -8180.5 15.0
-2814.5 -8167.8 15.0
-2821.5 -8166.8 14.9
-2866.9 -8169.8 14.1
-2753.8 -8158.6 16.1
-2815.8 -8146.4 14.9
-2782.3 -8140.8 15.6
-2805.6 -8121.6 15.3
-2805.6 -8111.4 15.4
-2817.0 -8111.9 15.2
-2985.7 -8272.8 12.7
-2985.3 -8262.8 12.6
-2966.5 -8255.4 12.7
-2982.3 -8252.6 12.6
-2834.5 -8247.5 15.0
-2922.7 -8243.2 13.0
-2962.2 -8244.6 12.7
-2973.8 -8242.2 12.6
-2994.2 -8248.3 12.5
-2837.3 -8237.3 14.9
-2844.3 -8232.3 14.8
-2857.1 -8236.0 14.6
-2861.8 -8234.9 14.5
-2873.4 -8236.9 14.3
-2913.2 -8235.9 13.0
-2923.5 -8233.2 12.9
-2935.6 -8236.8 12.8
-2852.3 -8227.9 14.6
-2892.3 -8226.7 13.4
-2918.0 -8227.7 12.9
-2932.7 -8222.3 12.8
-2944.4 -8226.2 12.7
-2968.0 -8225.3 12.5
-2973.7 -8223.2 12.5
-2893.4 -8216.8 13.3
-2912.4 -8216.6 12.9
-2924.5 -8216.6 12.8
-2935.1 -8217.5 12.7
-2947.7 -8216.4 12.6
-2974.2 -8217.5 12.4
-2923.3 -8207.9 12.8
-2906.9 -8194.9 12.8
-2913.7 -8196.5 12.8
-2922.1 -8193.5 12.7
-2935.5 -8185.0 12.5
-2943.2 -8187.3 12.5
-2862.5 -8207.2 14.3
-2851.4 -8200.0 14.5
-2410.3 -8808.9 13.5
-2458.2 -8808.4 13.7
-2408.9 -8802.6 13.5
-2460.5 -8798.1 13.9
-2429.2 -8788.6 13.7
-2453.2 -8788.3 13.9
-2407.8 -8776.9 13.7
-2423.6 -8781.0 13.7
-2431.0 -8779.7 13.8
-2448.8 -8779.3 13.9
-2362.1 -8768.4 13.5
-2372.1 -8770.1 13.5
-2411.9 -8769.4 13.7
-2437.4 -8773.1 13.8
-2451.1 -8769.2 13.9
-2372.6 -8758.0 13.6
-2400.7 -8756.7 13.8
-2420.7 -8762.3 13.8
-2432.0 -8763.2 13.9
-2331.2 -8748.5 13.5
-2343.4 -8752.4 13.5
-2350.9 -8749.7 13.6
-2360.8 -8751.3 13.6
-2380.7 -8748.6 13.8
-2389.0 -8750.7 13.8
-2411.4 -8752.2 14.0
-2417.8 -8748.0 14.1
-2432.9 -8751.9 14.1
-2310.0 -8740.2 13.5
-2351.9 -8742.9 13.7
-2363.3 -8738.7 13.9
-2368.9 -8740.8 13.9
-2392.0 -8738.5 14.2
-2363.9 -8730.9 14.2
-2382.9 -8733.2 14.3
-2400.4 -8731.3 14.5
-2422.3 -8730.2 14.8
-2332.9 -8718.8 14.3
-2338.4 -8720.6 14.3
-2357.5 -8720.5 14.5
-2371.2 -8722.4 14.6
-2388.8 -8717.3 14.9
-2403.3 -8717.9 15.1
-2381.0 -8708.5 15.2
-2401.4 -8707.0 15.4
-2413.1 -8712.8 15.4
-2302.9 -8700.0 14.7
-2367.9 -8697.6 15.4
-2402.8 -8703.3 15.3
-2301.1 -8687.5 15.1
-2313.8 -8688.0 15.2
-2281.0 -8680.7 15.2
-2293.6 -8682.9 15.2
-2297.4 -8679.0 15.4
-2313.6 -8680.5 15.4
-2323.1 -8680.6 15.3
-2331.0 -8678.2 15.3
-2359.0 -8680.0 15.3
-2383.4 -8679.9 15.2
-2392.4 -8678.5 15.2
-2403.7 -8681.4 15.2
-2409.5 -8678.4 15.1
-2272.3 -8672.7 15.4
-2283.2 -8669.4 15.3
-2313.1 -8668.7 15.3
-2321.7 -8669.3 15.3
-2369.6 -8669.9 15.2
-2381.6 -8668.7 15.1
-2391.4 -8671.3 15.1
-2421.5 -8672.7 15.0
-2258.4 -8661.2 15.3
-2297.8 -8657.4 15.2
-2342.8 -8658.5 15.1
-2378.1 -8656.8 15.0
-2389.6 -8661.9 15.0
-2281.9 -8647.6 15.2
-2303.5 -8647.5 15.1
-2307.4 -8649.3 15.1
-2343.7 -8647.6 15.0
-2348.5 -8653.3 15.1
-2261.1 -8637.4 15.2
-2280.0 -8642.2 15.1
-2372.9 -8638.0 14.9
-2281.2 -8630.3 15.0
-2321.9 -8632.0 14.9
-2328.2 -8629.5 14.9
-2339.6 -8631.3 14.9
-2282.0 -8621.1 14.9
-2298.7 -8621.7 14.9
-2321.2 -8621.4 14.8
-2331.4 -8617.9 14.8
-2369.4 -8617.7 14.7
-2281.0 -8606.8 14.8
-2314.0 -8609.4 14.8
-2372.0 -8611.8 14.6
-2283.2 -8602.0 14.8
-2291.9 -8599.5 14.7
-2299.9 -8600.8 14.7
-2270.7 -8592.8 14.7
-2281.0 -8592.1 14.7
-2529.3 -8807.7 14.1
-2591.6 -8809.9 14.5
-2530.9 -8797.6 14.2
-2557.9 -8800.9 14.4
-2609.8 -8799.8 14.6
-2620.0 -8801.4 14.7
-2629.1 -8803.2 14.7
-2641.4 -8802.1 14.8
-2561.4 -8787.5 14.4
-2576.2 -8791.0 14.5
-2591.3 -8792.2 14.6
-2626.7 -8789.2 14.8
-2541.5 -8778.0 14.4
-2548.3 -8783.1 14.4
-2561.7 -8781.0 14.5
-2571.7 -8777.7 14.6
-2576.7 -8781.0 14.6
-2592.3 -8781.5 14.7
-2611.5 -8777.3 15.0
-2558.5 -8766.8 14.9
-2570.0 -8767.8 14.9
-2581.1 -8769.0 15.0
-2586.8 -8768.2 15.1
-2601.6 -8767.2 15.3
-2611.4 -8768.1 15.4
-2660.2 -8767.8 15.3
-2529.7 -8757.4 14.9
-2537.3 -8762.4 14.8
-2552.1 -8757.3 15.1
-2566.3 -8761.8 15.1
-2600.2 -8757.2 15.3
-2610.4 -8760.7 15.3
-2616.9 -8762.2 15.3
-2549.4 -8753.2 15.3
-2559.8 -8749.8 15.4
-2589.3 -8751.3 15.3
-2597.9 -8748.1 15.3
-2622.2 -8753.0 15.2
-2640.8 -8747.6 15.1
-2651.7 -8752.4 15.1
-2549.9 -8737.5 15.3
-2561.0 -8736.9 15.2
-2579.6 -8737.4 15.2
-2591.4 -8741.9 15.2
-2598.8 -8742.1 15.2
-2610.6 -8738.8 15.1
-2636.6 -8738.8 15.1
-2658.9 -8739.2 15.0
-2558.4 -8727.5 15.2
-2568.1 -8727.0 15.1
-2586.5 -8730.5 15.1
-2501.9 -8723.3 15.3
-2509.3 -8723.0 15.3
-2521.1 -8722.1 15.2
-2529.9 -8722.5 15.2
-2569.3 -8719.5 15.1
-2578.0 -8717.3 15.0
-2587.0 -8718.4 15.0
-2610.4 -8721.9 15.0
-2647.8 -8722.1 14.8
-2666.2 -8718.8 14.7
-2686.3 -8717.9 14.6
-2470.3 -8710.1 15.2
-2510.1 -8708.0 15.1
-2541.2 -8712.6 15.1
-2560.3 -8711.1 15.0
-2567.7 -8712.3 15.0
-2597.9 -8709.7 14.9
-2631.3 -8712.5 14.8
-2676.3 -8707.8 14.5
-2689.6 -8710.8 14.5
-2507.0 -8702.6 15.1
-2528.5 -8700.4 15.0
-2539.6 -8702.2 15.0
-2549.2 -8698.1 14.9
-2561.6 -8702.4 14.9
-2576.2 -8703.1 14.9
-2586.7 -8696.8 14.8
-2616.1 -8699.2 14.7
-2641.2 -8700.3 14.6
-2656.6 -8701.6 14.5
-2698.8 -8701.8 14.3
-2540.4 -8687.5 14.9
-2547.2 -8693.0 14.9
-2568.9 -8688.8 14.8
-2641.0 -8688.5 14.4
-2650.4 -8689.2 14.4
-2677.8 -8691.9 14.3
-2690.4 -8690.0 14.2
-2520.0 -8681.6 14.9
-2576.6 -8681.3 14.6
-2627.8 -8677.8 14.3
-2639.2 -8682.2 14.3
-2649.6 -8677.2 14.2
-2658.2 -8680.3 14.2
-2667.6 -8680.7 14.2
-2687.1 -8677.6 14.1
-2710.3 -8679.7 14.0
-2540.1 -8670.8 14.7
-2581.3 -8668.3 14.4
-2598.2 -8667.9 14.4
-2618.9 -8671.6 14.3
-2660.9 -8668.3 14.1
-2680.8 -8668.0 14.0
-2698.3 -8670.7 13.9
-2539.6 -8657.6 14.5
-2557.1 -8660.3 14.4
-2566.6 -8659.6 14.4
-2592.3 -8662.0 14.3
-2611.6 -8659.4 14.2
-2641.9 -8657.0 14.0
-2582.5 -8648.4 14.2
-2646.7 -8648.1 13.9
-2670.5 -8651.8 13.8
-2677.6 -8650.1 13.8
-2699.1 -8649.3 13.7
-2711.8 -8649.0 13.6
-2722.6 -8648.5 13.5
-2547.5 -8642.2 14.3
-2571.1 -8636.8 14.1
-2601.8 -8638.7 14.0
-2641.9 -8641.9 13.8
-2698.8 -8637.5 13.5
-2718.8 -8639.4 13.4
-2556.4 -8631.7 14.1
-2569.3 -8632.1 14.0
-2576.5 -8628.0 14.0
-2608.5 -8628.0 13.8
-2697.5 -8628.4 13.4
-2711.4 -8631.4 13.4
-2571.1 -8618.7 13.9
-2580.8 -8617.7 13.8
-2591.5 -8622.8 13.8
-2617.5 -8620.5 13.7
-2649.6 -8619.1 13.5
-2686.3 -8621.9 13.4
-2571.1 -8611.9 13.8
-2577.6 -8612.2 13.8
-2608.3 -8610.1 13.6
-2619.7 -8608.7 13.5
-2672.2 -8608.1 13.3
-2682.3 -8611.5 13.3
-2591.5 -8591.6 13.4
-2620.2 -8587.6 13.5
-2669.2 -8587.9 13.5
-2701.5 -8589.9 13.5
-2707.2 -8587.8 13.6
-2717.4 -8592.9 13.6
-2627.8 -8578.0 13.6
-2646.4 -8578.8 13.6
-2677.4 -8577.5 13.7
-2689.1 -8578.6 13.7
-2697.6 -8578.0 13.8
-2709.1 -8579.0 13.9
-2606.2 -8567.3 13.7
-2650.5 -8568.0 13.7
-2677.0 -8567.8 14.0
-2691.7 -8568.7 14.1
-2701.1 -8571.5 14.1
-2622.0 -8561.9 13.7
-2627.7 -8562.2 13.7
-2637.4 -8559.8 13.8
-2659.0 -8559.0 14.1
-2670.0 -8559.2 14.2
-2680.9 -8557.7 14.3
-2617.6 -8550.8 13.9
-2629.5 -8549.4 14.1
-2656.1 -8548.5 14.3
-2676.8 -8548.1 14.5
-2631.0 -8532.0 14.6
-2767.9 -8621.8 13.2
-2747.8 -8612.1 13.3
-2759.7 -8586.9 14.1
-1793.9 -6762.2 19.7
-1800.3 -6762.7 19.6
-1766.3 -6751.5 20.4
-1770.9 -6752.6 20.4
-1732.6 -6739.4 21.3
-1766.1 -6737.8 20.9
-1784.3 -6741.4 20.5
-1782.2 -6730.0 20.9
-1793.1 -6731.2 20.8
-1804.0 -6733.0 20.5
-1781.8 -6721.1 21.2
-1793.3 -6717.7 21.2
-1802.2 -6719.0 21.0
-1813.1 -6720.7 20.8
-1805.9 -6708.7 21.3
-1746.6 -6704.3 22.3
-1786.5 -6698.7 21.9
-1813.2 -6698.4 21.6
-1785.1 -6690.1 22.2
-1756.0 -6681.4 22.8
-1802.4 -6649.3 23.3
-2048.1 -6881.7 15.5
-2043.2 -6874.5 15.5
-2051.0 -6876.3 15.5
-2062.2 -6877.6 15.4
-2073.0 -6876.5 15.4
-2089.5 -6876.2 15.3
-2022.6 -6861.6 15.6
-2078.0 -6863.2 15.3
-1952.5 -6851.8 15.9
-2042.5 -6856.9 15.5
-2048.2 -6851.9 15.5
-2073.0 -6856.7 15.4
-2077.3 -6855.8 15.3
-1957.7 -6843.9 15.9
-2048.1 -6842.7 15.5
-2069.0 -6845.9 15.4
-2080.9 -6845.7 15.3
-2030.5 -6836.9 15.5
-2047.8 -6836.6 15.5
-2070.9 -6833.4 15.3
-2077.9 -6835.7 15.3
-1927.8 -6821.4 16.4
-1941.8 -6821.1 16.3
-2002.2 -6821.3 15.6
-2019.4 -6822.7 15.6
-1919.0 -6811.5 16.7
-2010.2 -6811.4 15.7
-2018.3 -6814.2 15.6
-2032.5 -6814.8 15.5
-1901.2 -6803.5 17.0
-1907.9 -6807.3 16.9
-1880.0 -6792.0 17.5
-1879.6 -6775.3 18.1
-1888.4 -6776.4 18.0
-1846.8 -6762.6 19.0
-1876.7 -6761.5 18.6
-1897.2 -6762.7 18.3
-1890.3 -6752.2 18.7
-1881.1 -6744.6 19.1
-2057.2 -6745.8 16.7
-2066.8 -6744.5 16.6
-1897.3 -6732.3 19.3
-2078.3 -6721.2 17.2
-1913.1 -6711.8 19.8
-1856.6 -6692.5 21.2
-1867.1 -6666.1 21.9
-2007.1 -6712.8 18.4
-2022.5 -6714.0 18.2
-2045.6 -6697.1 18.4
-2034.9 -6683.1 19.0
-2044.4 -6682.7 18.9
-2055.0 -6686.6 18.7
-2066.0 -6682.3 18.6
-2028.0 -6678.2 19.3
-2037.8 -6675.7 19.2
-2046.9 -6678.4 19.0
-2065.3 -6673.2 18.9
-2032.2 -6667.4 19.6
-2045.2 -6662.3 19.5
-2056.7 -6667.3 19.2
-2032.5 -6653.9 19.9
-2047.7 -6656.0 19.6
-1893.3 -6643.0 22.3
-2041.9 -6642.1 19.9
-2052.5 -6646.1 19.6
-1952.6 -6632.7 21.8
-2034.2 -6636.5 20.2
-2041.5 -6637.7 20.0
-1896.2 -6623.5 22.9
-1922.3 -6624.1 22.5
-1946.9 -6624.8 22.2
-1954.9 -6627.8 22.0
-1986.7 -6626.3 21.4
-1993.9 -6627.5 21.2
-2005.2 -6622.2 21.0
-2016.9 -6625.9 20.7
-2024.2 -6627.4 20.5
-2041.7 -6626.5 20.2
-1921.9 -6618.4 22.7
-1935.8 -6615.3 22.6
-1956.7 -6614.9 22.2
-1963.6 -6612.6 22.1
-1971.4 -6612.4 21.9
-1982.5 -6615.7 21.6
-2005.7 -6617.3 21.1
-2034.3 -6618.6 20.4
-2062.0 -6613.6 19.8
-1916.6 -6608.2 23.1
-1923.6 -6608.6 23.0
-1933.9 -6607.5 22.8
-1947.7 -6607.5 22.5
-2001.7 -6604.1 21.3
-2042.2 -6605.6 20.3
-2057.6 -6602.7 19.8
-1907.2 -6595.3 23.6
-1916.0 -6592.8 23.4
-1936.9 -6595.3 22.9
-1945.1 -6592.4 22.7
-1952.4 -6595.3 22.6
-1976.3 -6593.2 21.9
-1983.0 -6597.1 21.8
-1996.6 -6596.9 21.4
-2007.7 -6596.6 21.1
-1953.7 -6583.0 22.4
-1973.0 -6584.6 21.9
-1982.6 -6585.9 21.6
-1992.8 -6586.3 21.4
-1952.6 -6574.7 22.3
-1964.3 -6573.2 22.0
-1977.0 -6577.1 21.7
-1996.5 -6572.9 21.1
-1982.0 -6565.7 21.4
-2003.5 -6566.7 20.9
-1899.4 -6577.0 23.8
-2008.7 -6550.0 20.4
-1977.9 -6527.6 20.6
-1958.3 -6522.3 20.6
-1972.7 -6521.0 20.4
-1988.7 -6522.4 20.2
-2012.5 -6506.8 19.2
-2032.6 -6489.0 17.9
-2048.9 -6482.6 17.4
-1987.5 -6472.3 16.8
-1998.5 -6468.3 16.4
-2013.8 -6462.7 16.0
-248.2 -6966.8 21.5
-225.8 -6933.1 21.2
-252.9 -6928.4 21.1
-267.3 -6906.8 20.9
-272.0 -6893.1 20.8
-308.7 -6984.8 20.9
-274.5 -6977.0 21.5
-309.4 -6977.1 21.1
-282.4 -6967.5 21.5
-309.5 -6969.4 21.3
-285.1 -6950.2 21.4
-313.5 -6946.9 21.4
-442.9 -7416.4 19.2
-507.2 -6581.4 19.9
-509.0 -6557.0 19.9
-400.1 -6549.7 19.9
-486.6 -6551.8 19.9
-507.7 -6552.5 19.9
-520.9 -6546.8 19.9
-448.4 -6539.4 19.9
-472.0 -6537.7 19.9
-477.5 -6542.3 19.9
-488.4 -6542.0 19.9
-499.4 -6538.7 19.9
-507.8 -6536.9 19.9
-520.8 -6536.2 19.9
-427.0 -6530.1 19.9
-471.8 -6526.7 19.9
-477.8 -6527.8 19.9
-538.6 -6527.2 19.9
-391.8 -6517.4 19.9
-422.4 -6521.3 19.9
-452.5 -6522.4 19.9
-460.8 -6517.0 19.9
-472.0 -6522.7 19.9
-532.1 -6517.5 19.9
-541.4 -6520.9 19.9
-428.6 -6512.0 19.9
-442.9 -6508.9 19.9
-452.2 -6512.1 19.9
-460.1 -6507.5 19.9
-549.6 -6510.4 20.2
-419.7 -6497.3 19.9
-447.1 -6478.3 20.1
-551.5 -6501.0 20.5
-540.3 -6490.6 20.6
-532.3 -6481.4 20.7
-536.4 -6478.8 20.8
-547.3 -6477.0 21.0
-559.4 -6478.6 21.0
-610.6 -6477.0 21.4
-552.1 -6469.7 21.2
-571.7 -6467.5 21.3
-516.9 -6458.6 21.1
-552.2 -6459.3 21.3
-588.1 -6458.3 21.3
-582.0 -6446.7 21.2
-589.3 -6450.3 21.3
-587.5 -6408.3 21.0
-1252.0 -6893.0 19.1
-1267.1 -6892.6 19.0
-1255.8 -6886.0 18.8
-1281.8 -6881.4 18.7
-1288.1 -6880.3 18.7
-1259.0 -6873.0 18.2
-1266.1 -6872.5 18.2
-1279.6 -6876.5 18.5
-1260.2 -6866.2 17.8
-1280.5 -6866.5 18.0
-1292.1 -6862.3 17.8
-1288.3 -6855.5 17.5
-1236.1 -6525.7 17.3
-1196.3 -6505.6 17.8
-1220.7 -6487.3 17.4
-1137.4 -6477.0 18.7
-1148.6 -6480.6 18.5
-1198.5 -6477.6 17.8
-1214.7 -6475.6 17.5
-1198.2 -6467.3 17.8
-1206.2 -6468.2 17.7
-1216.7 -6470.0 17.5
-1237.1 -6471.0 17.2
-1158.7 -6460.2 18.4
-1185.4 -6457.3 17.9
-1239.4 -6461.6 17.0
-1277.4 -6459.8 16.3
-1165.6 -6447.3 18.0
-1246.6 -6449.8 16.6
-1270.1 -6425.9 15.9
-1298.3 -6427.6 15.4
-1145.6 -6421.0 18.1
-1260.2 -6421.6 16.0
-1266.4 -6416.1 15.8
-1150.2 -6411.4 17.9
-1276.3 -6407.5 15.6
-1146.9 -6400.2 17.8
-1277.5 -6400.9 15.5
-1279.6 -6390.0 15.3
-1290.7 -6378.8 14.6
-1295.3 -6379.6 14.5
-1145.2 -6369.7 17.5
-1260.7 -6366.8 14.6
-1246.4 -6357.7 14.3
-1315.1 -6360.9 14.0
-1187.3 -6432.7 17.4
-1157.1 -6428.7 17.9
-1163.6 -6414.3 17.7
-1173.7 -6404.1 17.4
-1177.6 -6395.3 17.2
-1175.1 -6376.2 17.0
-1215.1 -6373.3 16.2
-1175.9 -6367.7 16.9
-1185.4 -6367.3 16.7
-1226.9 -6368.7 16.0
-1192.7 -6356.2 16.4
-1204.5 -6352.9 15.6
-1183.7 -6346.4 15.8
-1221.9 -6348.7 14.4
-1162.2 -6337.4 15.8
-1227.3 -6454.5 17.1
-1238.4 -6434.2 16.6
-1250.2 -6415.1 16.1
-1257.0 -6404.6 15.9
-1259.5 -6396.1 15.7
-1263.1 -6388.5 15.6
-254.5 -8468.3 28.7
-262.4 -8466.8 28.7
-274.1 -8467.8 28.7
-234.0 -8456.4 28.6
-263.1 -8457.0 28.6
-213.0 -8447.4 28.6
-221.9 -8446.2 28.6
-230.1 -8448.0 28.6
-222.4 -8435.4 28.5
-230.4 -8436.5 28.5
-249.1 -8433.3 28.4
-285.3 -8437.6 28.4
-299.0 -8433.9 28.3
-200.1 -8426.6 28.4
-215.2 -8425.6 28.4
-231.6 -8426.9 28.4
-238.7 -8425.6 28.3
-280.6 -8426.4 28.3
-222.2 -8415.9 28.3
-228.9 -8414.2 28.3
-301.7 -8419.0 28.2
-223.2 -8409.0 28.2
-232.0 -8396.1 28.1
-250.1 -8383.5 27.9
-261.1 -8384.3 27.9
-310.4 -8388.1 27.9
-223.9 -8376.3 27.9
-230.6 -8375.9 27.9
-421.0 -8294.5 26.7
-389.5 -8287.8 26.7
-421.8 -8287.8 26.6
-391.2 -8275.7 26.5
-423.7 -8277.6 26.5
-434.4 -8278.3 26.5
-449.4 -8274.2 26.4
-384.9 -8267.3 26.4
-394.6 -8262.9 26.3
-462.6 -8266.5 26.2
-430.8 -8256.6 26.2
-443.0 -8259.0 26.2
-452.2 -8254.5 26.1
-459.2 -8256.1 26.1
-354.0 -8248.0 26.2
-362.8 -8248.2 26.2
-374.9 -8244.2 26.1
-382.6 -8244.0 26.1
-432.9 -8244.7 26.0
-440.4 -8249.1 26.0
-462.8 -8248.8 26.0
-361.3 -8232.9 26.0
-379.5 -8239.3 26.1
-390.3 -8235.2 26.0
-441.7 -8236.5 25.8
-452.6 -8238.9 25.8
-469.5 -8237.4 25.8
-350.3 -8226.5 25.9
-363.7 -8225.9 25.9
-389.2 -8225.7 25.8
-434.9 -8224.8 25.7
-451.2 -8229.3 25.7
-335.6 -8217.5 25.9
-349.3 -8212.9 25.8
-359.5 -8217.5 25.8
-375.2 -8215.4 25.7
-380.5 -8216.8 25.7
-395.4 -8217.4 25.7
-452.3 -8213.9 25.5
-470.0 -8215.0 25.4
-505.8 -8218.2 25.4
-342.1 -8206.8 25.7
-371.9 -8202.8 25.5
-382.8 -8207.8 25.6
-394.6 -8208.9 25.6
-400.4 -8207.8 25.5
-429.4 -8204.6 25.4
-453.7 -8205.1 25.3
-484.9 -8204.7 25.3
-311.8 -8198.0 25.7
-352.3 -8198.6 25.5
-382.8 -8199.3 25.5
-391.0 -8197.5 25.4
-414.5 -8196.1 25.3
-421.1 -8197.0 25.3
-432.3 -8196.3 25.3
-444.1 -8193.3 25.2
-454.3 -8196.9 25.2
-502.9 -8199.1 25.1
-523.5 -8193.1 25.0
-534.4 -8194.8 25.0
-301.4 -8187.3 25.5
-325.4 -8185.3 25.4
-333.1 -8189.3 25.5
-371.2 -8186.4 25.3
-394.7 -8189.0 25.3
-409.7 -8187.0 25.2
-450.2 -8186.8 25.1
-474.5 -8188.5 25.1
-480.5 -8187.7 25.0
-490.0 -8183.5 24.9
-555.6 -8185.4 24.5
-290.7 -8173.1 25.4
-301.8 -8173.3 25.3
-320.2 -8179.1 25.4
-354.7 -8178.1 25.2
-362.4 -8175.3 25.2
-372.3 -8176.8 25.2
-380.5 -8174.6 25.1
-414.1 -8176.0 25.0
-459.8 -8178.4 24.9
-482.4 -8177.0 24.9
-511.7 -8174.8 24.8
-522.4 -8175.4 24.7
-269.4 -8167.0 25.3
-293.0 -8169.4 25.3
-313.5 -8166.5 25.2
-330.6 -8164.3 25.1
-383.8 -8169.0 25.0
-441.1 -8165.9 24.8
-460.3 -8163.1 24.7
-472.5 -8168.5 24.8
-279.6 -8155.7 25.1
-295.5 -8154.0 25.1
-304.1 -8154.3 25.0
-324.2 -8158.2 25.0
-335.8 -8156.7 25.0
-353.7 -8154.1 24.9
-371.7 -8155.2 24.9
-384.1 -8154.0 24.8
-414.7 -8159.2 24.8
-421.9 -8159.0 24.8
-430.7 -8153.7 24.7
-451.2 -8156.9 24.7
-462.0 -8156.6 24.6
-593.4 -8158.3 23.2
-272.2 -8147.3 25.0
-281.4 -8145.4 25.0
-293.4 -8145.8 25.0
-303.8 -8146.6 24.9
-309.9 -8143.4 24.9
-334.4 -8148.5 24.9
-350.2 -8146.6 24.8
-360.5 -8147.5 24.8
-393.3 -8146.1 24.7
-404.3 -8147.6 24.7
-409.7 -8145.6 24.6
-432.1 -8145.8 24.6
-440.6 -8143.0 24.5
-462.6 -8148.4 24.5
-584.4 -8146.9 23.2
-604.8 -8149.0 22.7
-253.2 -8133.8 24.9
-264.1 -8138.7 24.9
-290.0 -8136.4 24.8
-299.6 -8137.5 24.8
-311.2 -8134.1 24.7
-319.2 -8133.7 24.7
-342.6 -8139.2 24.7
-349.4 -8135.5 24.6
-389.5 -8136.2 24.5
-420.5 -8133.8 24.4
-429.8 -8139.3 24.5
-440.2 -8133.6 24.4
-455.6 -8138.0 24.4
-591.2 -8137.8 22.9
-243.3 -8125.6 24.8
-251.6 -8125.4 24.8
-260.6 -8128.5 24.8
-275.4 -8128.5 24.8
-285.6 -8124.6 24.7
-302.7 -8122.9 24.6
-322.6 -8127.1 24.6
-342.0 -8123.9 24.5
-364.6 -8127.5 24.5
-403.7 -8125.7 24.4
-430.4 -8126.1 24.3
-465.6 -8123.4 24.1
-473.6 -8122.8 24.1
-214.0 -8113.6 24.7
-221.7 -8118.7 24.8
-250.3 -8117.4 24.7
-284.7 -8115.4 24.5
-309.7 -8114.7 24.5
-332.9 -8115.6 24.4
-361.1 -8116.6 24.3
-372.4 -8117.6 24.3
-391.8 -8118.8 24.3
-405.2 -8116.9 24.2
-440.1 -8115.8 24.1
-454.5 -8113.0 24.0
-459.9 -8115.7 24.1
-592.1 -8115.7 22.5
-614.5 -8115.5 22.0
-221.2 -8103.5 24.6
-250.3 -8105.6 24.5
-271.3 -8103.8 24.4
-279.8 -8105.6 24.4
-301.7 -8106.8 24.4
-314.1 -8104.7 24.3
-331.2 -8103.7 24.2
-344.2 -8107.3 24.3
-360.2 -8104.7 24.2
-381.9 -8108.0 24.2
-395.7 -8103.5 24.1
-409.5 -8103.2 24.0
-420.9 -8109.4 24.1
-433.7 -8108.7 24.0
-443.9 -8107.9 24.0
-471.8 -8103.5 23.8
-480.0 -8104.2 23.8
-583.5 -8106.4 22.5
-595.5 -8107.5 22.3
-601.3 -8108.7 22.2
-612.2 -8104.3 21.8
-204.7 -8096.0 24.5
-220.0 -8097.2 24.5
-262.5 -8099.0 24.4
-271.7 -8093.7 24.3
-282.5 -8099.3 24.3
-293.1 -8098.8 24.3
-324.4 -8098.7 24.2
-345.6 -8093.0 24.0
-383.6 -8095.3 24.0
-389.8 -8096.3 24.0
-475.0 -8095.8 23.7
-595.4 -8095.8 22.1
-603.8 -8094.0 21.9
-611.3 -8095.9 21.7
-215.3 -8085.1 24.3
-220.4 -8089.3 24.4
-251.2 -8087.6 24.2
-269.8 -8089.2 24.2
-279.5 -8083.0 24.1
-291.8 -8084.0 24.1
-299.9 -8085.0 24.1
-310.1 -8087.6 24.1
-372.4 -8087.2 23.9
-382.0 -8087.9 23.9
-402.2 -8088.0 23.8
-460.4 -8087.8 23.6
-470.1 -8086.4 23.6
-604.7 -8089.2 21.8
-223.6 -8077.7 24.2
-230.9 -8073.6 24.1
-254.9 -8075.3 24.1
-259.9 -8079.2 24.1
-280.5 -8074.0 24.0
-300.1 -8076.5 23.9
-325.0 -8075.7 23.9
-475.4 -8075.7 23.4
-584.7 -8079.1 22.1
-225.3 -8068.8 24.0
-229.8 -8064.3 24.0
-245.0 -8066.4 24.0
-285.3 -8068.3 23.9
-291.5 -8064.1 23.8
-461.1 -8067.4 23.4
-475.1 -8063.6 23.3
-223.7 -8057.7 23.9
-269.9 -8055.9 23.7
-302.9 -8057.7 23.7
-314.5 -8059.2 23.7
-465.1 -8053.3 23.1
-245.4 -8047.7 23.7
-262.3 -8045.8 23.6
-311.6 -8043.6 23.4
-325.4 -8046.9 23.4
-329.3 -8044.9 23.4
-484.1 -8046.1 23.0
-521.8 -8045.9 22.9
-260.9 -8033.8 23.4
-284.0 -8033.3 23.4
-291.6 -8036.3 23.4
-324.4 -8038.4 23.3
-223.8 -8026.8 23.4
-242.5 -8025.8 23.4
-253.6 -8028.8 23.4
-281.6 -8027.1 23.3
-294.0 -8028.6 23.3
-329.6 -8027.1 23.2
-470.3 -8025.5 22.7
-480.7 -8027.7 22.7
-503.0 -8024.2 22.6
-510.8 -8026.5 22.7
-219.8 -8013.0 23.0
-231.2 -8015.2 23.0
-251.8 -8016.8 23.1
-274.8 -8013.8 23.0
-302.6 -8017.2 23.1
-311.2 -8017.0 23.1
-473.3 -8018.1 22.6
-501.1 -8014.1 22.5
-279.8 -8005.3 22.7
-290.2 -8006.9 22.8
-305.1 -8006.8 22.8
-309.8 -8008.2 22.8
-320.3 -8005.5 22.7
-482.6 -8008.1 22.4
-243.4 -7995.9 22.4
-259.4 -7995.9 22.4
-271.8 -7998.6 22.5
-285.0 -7994.7 22.4
-289.3 -7993.7 22.4
-321.2 -7995.8 22.4
-472.2 -7995.9 22.3
-484.8 -7995.4 22.3
-271.9 -7987.7 22.2
-279.6 -7985.6 22.1
-309.9 -7987.8 22.2
-320.2 -7983.9 22.0
-461.1 -7987.7 22.2
-273.7 -7976.2 22.0
-289.7 -7976.4 21.9
-300.9 -7975.0 21.9
-319.9 -7973.6 21.8
-264.9 -7968.7 21.9
-292.7 -7968.4 21.8
-299.3 -7962.9 21.7
-320.6 -7964.6 21.6
-272.6 -7954.1 21.6
-281.8 -7958.5 21.6
-315.6 -7958.1 21.5
-325.0 -7954.5 21.4
-283.7 -7947.2 21.5
-305.5 -7945.8 21.4
-319.4 -7948.2 21.3
-332.1 -7948.7 21.3
-299.5 -7933.0 21.2
-320.6 -7939.4 21.2
-332.2 -7933.2 21.1
-354.1 -7916.5 20.7
-373.2 -7914.4 20.6
-325.8 -7908.3 20.7
-359.9 -7903.8 20.5
-333.0 -7896.4 20.5
53.7 -8768.4 30.1
45.5 -8767.4 30.1
37.3 -8769.0 30.2
28.7 -8757.5 30.0
14.6 -8761.9 30.2
66.1 -8748.8 29.7
36.5 -8753.4 29.9
73.0 -8738.9 29.6
65.9 -8737.1 29.7
56.5 -8741.8 29.7
37.9 -8737.6 29.9
23.9 -8737.0 29.9
14.0 -8737.0 30.0
3.5 -8739.7 30.1
-5.2 -8737.8 30.2
73.6 -8728.8 29.5
8.0 -8727.7 30.0
-4.1 -8729.2 30.1
-12.0 -8729.5 30.2
93.0 -8723.0 29.4
73.1 -8722.6 29.6
47.9 -8718.8 29.8
23.2 -8720.7 29.9
17.1 -8722.3 30.0
-16.3 -8717.7 30.3
-24.2 -8721.1 30.3
-35.3 -8719.8 30.4
95.6 -8707.0 29.2
76.9 -8712.6 29.6
48.1 -8709.3 29.8
29.2 -8713.3 29.9
-4.8 -8712.6 30.2
-10.7 -8708.5 30.2
-31.6 -8707.8 30.4
93.0 -8698.1 28.7
87.4 -8697.2 28.8
79.3 -8697.0 28.9
45.0 -8697.5 29.3
5.5 -8699.1 29.8
-35.3 -8701.5 30.4
-46.1 -8701.1 30.5
-51.9 -8697.8 30.5
103.8 -8690.2 28.6
68.1 -8688.3 29.0
46.5 -8690.8 29.3
5.7 -8692.8 29.8
-4.1 -8687.9 29.8
-72.3 -8689.9 30.7
127.2 -8677.9 28.2
85.9 -8678.7 28.7
47.7 -8681.0 29.1
15.5 -8678.1 29.4
-22.4 -8679.2 30.0
-31.1 -8680.2 30.1
-53.5 -8679.4 30.3
-95.6 -8680.9 30.6
-101.6 -8678.9 30.6
133.9 -8666.9 27.9
126.0 -8670.3 28.1
115.3 -8669.8 28.2
107.7 -8670.0 28.2
86.0 -8671.3 28.5
38.7 -8670.7 29.1
9.1 -8673.5 29.5
-6.8 -8671.6 29.7
-12.0 -8670.8 29.7
-32.4 -8673.4 29.9
-47.1 -8673.1 30.1
-61.0 -8669.9 30.1
-95.8 -8671.8 30.4
-113.4 -8671.6 30.6
-126.9 -8667.6 30.6
-137.0 -8670.4 30.7
125.2 -8661.2 27.8
109.4 -8658.1 28.0
99.1 -8662.1 28.2
74.8 -8663.2 28.5
64.7 -8663.0 28.6
13.0 -8662.5 29.3
-27.0 -8663.4 29.7
-41.8 -8660.8 29.7
-55.1 -8659.9 29.8
-102.4 -8663.0 30.3
-111.8 -8658.3 30.2
-123.4 -8660.8 30.4
148.1 -8649.5 27.4
136.8 -8649.6 27.5
117.9 -8649.9 27.8
93.2 -8653.1 28.2
48.3 -8649.8 28.7
13.7 -8648.2 28.9
-22.4 -8648.8 29.3
-44.0 -8652.1 29.5
-54.0 -8651.3 29.6
-101.4 -8648.0 29.9
-124.3 -8649.4 30.1
-136.2 -8649.9 30.2
-141.8 -8650.7 30.3
-154.6 -8653.5 30.5
-166.8 -8652.1 30.4
143.4 -8641.9 27.4
96.1 -8640.7 28.1
67.7 -8640.6 28.3
48.0 -8637.2 28.4
36.9 -8637.3 28.5
23.4 -8637.4 28.6
-15.9 -8639.1 29.0
-21.8 -8641.7 29.1
-35.8 -8640.1 29.2
-42.3 -8637.7 29.2
-55.7 -8639.3 29.3
-72.2 -8640.0 29.5
-92.2 -8641.9 29.7
-124.0 -8638.0 29.8
-171.8 -8642.5 30.3
138.7 -8631.4 27.4
38.7 -8629.8 28.3
-16.5 -8627.4 28.7
-30.9 -8630.1 28.9
-41.5 -8631.3 29.0
-56.3 -8629.8 29.1
-62.6 -8632.3 29.2
-132.7 -8628.1 29.7
-152.5 -8627.9 29.8
-162.8 -8628.6 29.9
-176.0 -8627.6 30.0
-183.1 -8628.0 30.1
-195.1 -8630.2 30.2
35.8 -8618.2 28.0
5.7 -8618.0 28.3
-3.2 -8617.8 28.3
-13.6 -8617.5 28.4
-21.6 -8622.9 28.6
-91.1 -8619.7 29.1
-105.0 -8618.0 29.2
-173.5 -8620.2 29.8
-194.1 -8621.8 30.0
-201.3 -8622.5 30.1
-214.2 -8619.0 30.1
63.9 -8610.0 27.6
57.9 -8611.4 27.7
23.5 -8608.3 27.9
15.8 -8609.2 28.0
8.4 -8611.4 28.1
-6.9 -8608.4 28.1
-55.8 -8608.6 28.6
-71.1 -8608.4 28.7
-81.7 -8611.8 28.8
-126.0 -8612.6 29.2
-135.0 -8613.3 29.3
-154.2 -8609.3 29.4
-164.6 -8612.6 29.6
-191.9 -8611.3 29.7
83.0 -8602.0 27.3
25.5 -8600.7 27.7
-45.2 -8598.6 28.2
-56.0 -8602.2 28.4
-65.5 -8599.6 28.4
-127.1 -8599.9 28.9
-133.2 -8597.0 28.9
-181.5 -8600.9 29.4
62.8 -8587.5 27.1
53.2 -8593.2 27.3
45.5 -8588.7 27.2
7.2 -8588.2 27.5
-76.0 -8590.0 28.3
-145.8 -8587.4 28.9
-153.8 -8593.0 29.0
52.9 -8582.6 27.0
43.7 -8578.9 27.0
37.4 -8582.3 27.2
23.6 -8578.5 27.2
7.5 -8582.5 27.4
-11.7 -8578.3 27.5
-23.4 -8579.2 27.6
-72.2 -8577.7 28.0
-113.4 -8580.7 28.5
-121.5 -8578.1 28.6
-135.7 -8578.3 28.8
-142.3 -8582.3 28.9
-16.6 -8571.6 27.4
-22.5 -8572.7 27.5
-64.2 -8570.4 28.0
-85.1 -8572.6 28.2
-54.4 -8561.3 27.9
-65.4 -8559.9 28.0
-85.8 -8560.7 28.1
-115.0 -8560.3 28.3
-73.6 -7626.2 20.6
-68.4 -7616.8 20.6
-114.1 -7614.5 20.5
-86.9 -7602.9 20.6
-97.6 -7602.1 20.5
-58.4 -7591.8 20.6
-88.1 -7576.9 20.5
-117.8 -7571.0 20.4
-97.3 -7567.4 20.5
-115.0 -7561.0 20.4
-129.8 -7566.1 20.4
-95.1 -7556.7 20.5
-104.3 -7555.1 20.4
-130.0 -7551.0 20.4
-134.7 -7551.9 20.3
-154.5 -7554.6 20.3
-194.3 -7551.1 20.1
-229.2 -7547.3 20.0
-63.9 -7532.1 20.5
-83.8 -7536.3 20.5
-105.0 -7532.4 20.4
-173.9 -7537.1 20.2
-234.7 -7532.3 20.0
-246.6 -7534.9 20.0
-257.4 -7532.8 19.9
-269.7 -7532.3 19.9
-64.9 -7521.8 20.5
-103.3 -7524.9 20.4
-197.1 -7525.9 20.1
-248.9 -7520.9 19.9
-254.9 -7525.9 19.9
-94.7 -7516.1 20.4
-119.3 -7514.2 20.3
-145.2 -7512.6 20.2
-159.0 -7516.4 20.2
-106.2 -7503.6 20.4
-128.6 -7506.4 20.3
-149.6 -7503.1 20.2
-169.0 -7501.3 20.1
-214.8 -7503.3 20.0
-236.0 -7501.4 19.9
-248.7 -7502.7 19.9
-147.7 -7496.4 20.2
-239.8 -7495.7 19.9
-276.3 -7494.6 19.8
-67.4 -7485.0 20.7
-86.1 -7487.3 20.5
-117.8 -7483.6 20.4
-128.3 -7482.2 20.3
-165.2 -7482.7 20.1
-194.4 -7482.7 20.0
-205.0 -7482.5 20.0
-229.2 -7481.7 19.9
-239.9 -7481.3 19.9
-128.2 -7472.6 20.4
-189.4 -7476.0 20.0
-209.1 -7476.5 20.0
-237.4 -7462.6 19.9
-265.5 -7464.6 19.8
-135.3 -7451.1 20.5
-708.3 -7440.5 21.9
-656.2 -7434.6 21.4
-666.6 -7409.6 21.3
-698.3 -7403.5 21.3
-580.2 -7389.5 20.6
-622.0 -7390.5 20.8
-688.5 -7394.5 21.2
-697.6 -7389.3 21.1
-601.5 -7379.4 20.6
-610.9 -7383.7 20.7
-686.9 -7380.1 20.9
-701.2 -7380.5 21.0
-709.9 -7381.0 21.0
-560.4 -7372.7 20.3
-572.2 -7372.6 20.4
-579.4 -7373.1 20.4
-586.8 -7372.4 20.4
-595.9 -7374.3 20.5
-606.4 -7370.9 20.5
-618.2 -7371.1 20.5
-691.4 -7374.7 20.9
-696.2 -7372.1 20.9
-706.8 -7370.0 20.9
-618.1 -7364.1 20.4
-567.3 -7354.2 20.1
-619.8 -7354.3 20.3
-676.1 -7354.2 20.5
-587.3 -7339.8 19.9
-677.7 -7343.2 20.3
-657.2 -7323.6 20.0
-668.6 -7321.8 20.0
-639.5 -7309.0 19.7
-649.3 -7303.8 19.6
-441.9 -6657.5 19.8
-519.9 -6656.5 19.8
-527.6 -6658.7 19.8
-442.8 -6645.1 19.8
-501.1 -6647.0 19.8
-511.3 -6649.2 19.8
-521.6 -6647.3 19.8
-529.2 -6648.7 19.8
-538.9 -6645.3 19.8
-577.4 -6646.5 19.8
-458.7 -6634.6 19.8
-467.7 -6636.3 19.8
-518.8 -6634.1 19.8
-569.3 -6636.6 19.8
-578.5 -6638.1 19.8
-471.2 -6630.5 19.8
-491.3 -6624.6 19.8
-507.8 -6626.9 19.8
-457.0 -6617.4 19.9
-469.8 -6619.0 19.9
-512.2 -6619.7 19.8
-460.7 -6607.5 19.9
-531.6 -6605.0 19.8
-540.2 -6606.0 19.8
-501.4 -6597.2 19.9
-516.5 -6598.2 19.9
-589.0 -6598.1 19.8
-601.2 -6603.1 19.8
-574.0 -6588.3 19.8
-582.7 -6591.1 19.8
-573.5 -6583.7 19.8
-599.1 -6573.2 19.8
-591.7 -6561.5 19.9
-610.6 -6559.2 19.9
-561.7 -6551.2 19.9
-593.2 -6550.3 19.9
-601.1 -6553.8 19.9
-613.4 -6553.7 19.9
-619.1 -6550.6 19.9
-601.4 -6544.7 19.9
-611.1 -6543.6 20.0
-634.1 -6544.0 20.2
-629.5 -6531.2 20.5
-642.2 -6534.2 20.5
-590.4 -6523.6 20.3
-633.3 -6522.6 20.7
-660.6 -6520.6 21.0
-643.7 -6512.4 21.0
-649.4 -6512.9 21.0
-659.5 -6508.7 21.2
-634.3 -6502.1 21.2
-610.9 -6492.3 21.2
-634.0 -6494.2 21.3
-623.3 -6484.1 21.4
-629.2 -6478.1 21.5
-3246.1 -7430.5 15.5
-3208.1 -7419.3 15.4
-3224.6 -7421.5 15.4
-3244.7 -7421.7 15.5
-3209.2 -7405.6 15.4
-3214.4 -7401.3 15.4
-305.0 -6865.5 20.5
-288.5 -6854.6 20.4
-246.7 -6846.2 20.3
-252.8 -6846.7 20.3
-263.5 -6845.0 20.3
-275.5 -6848.9 20.3
-296.7 -6847.4 20.3
-238.0 -6834.8 20.2
-244.4 -6838.8 20.2
-275.9 -6838.2 20.2
-238.4 -6823.7 20.1
-248.0 -6828.0 20.1
-264.4 -6828.7 20.1
-313.2 -6829.3 20.2
-234.5 -6817.4 20.0
-275.9 -6806.4 19.9
-425.9 -6935.1 20.7
-363.7 -6925.4 21.2
-434.0 -6927.4 20.8
-361.3 -6907.0 21.0
-381.0 -6907.1 21.0
-414.6 -6898.2 20.9
-4618.4 -6178.8 16.6
-4609.8 -6171.5 16.7
-4619.0 -6170.7 16.7
-4633.6 -6171.8 16.7
-4641.5 -6173.9 16.7
-4612.9 -6163.7 16.8
-4649.6 -6161.2 16.9
-4623.6 -6149.7 17.0
-4592.7 -6141.8 17.0
-4611.0 -6141.3 17.0
-4638.1 -6141.5 17.1
-4657.7 -6142.6 17.1
-4573.8 -6129.1 17.1
-4599.9 -6134.5 17.1
-4610.8 -6128.4 17.2
-4622.7 -6128.4 17.2
-4631.1 -6130.6 17.2
-4643.2 -6130.6 17.2
-4658.5 -6131.1 17.2
-4673.6 -6130.6 17.3
-4568.1 -6121.8 17.2
-4609.9 -6122.0 17.3
-4639.4 -6118.8 17.4
-4653.1 -6118.3 17.4
-4533.8 -6110.3 17.3
-4539.8 -6113.7 17.2
-4547.8 -6114.6 17.2
-4560.8 -6109.8 17.3
-4578.5 -6110.8 17.3
-4602.8 -6108.3 17.4
-4611.1 -6108.2 17.4
-4643.2 -6111.8 17.4
-4652.1 -6113.2 17.4
-4658.6 -6112.8 17.5
-4693.4 -6109.9 17.6
-4527.9 -6100.5 17.4
-4544.0 -6098.3 17.4
-4569.7 -6100.4 17.4
-4603.1 -6103.5 17.5
-4608.9 -6103.5 17.5
-4622.5 -6101.3 17.5
-4659.4 -6098.4 17.6
-4681.3 -6102.6 17.6
-4692.3 -6102.5 17.6
-4529.5 -6089.0 17.5
-4598.0 -6088.1 17.6
-4668.7 -6089.8 17.7
-4691.5 -6089.8 17.8
-4699.3 -6089.1 17.8
-4513.7 -6078.1 17.2
-4519.8 -6080.8 17.4
-4528.8 -6080.3 17.5
-4538.7 -6078.1 17.6
-4552.4 -6083.2 17.6
-4632.4 -6083.6 17.7
-4642.1 -6078.6 17.8
-4674.0 -6079.5 17.9
-4712.4 -6083.0 17.9
-4503.9 -6070.3 16.9
-4520.9 -6073.4 17.2
-4529.0 -6070.7 17.3
-4581.2 -6072.5 17.8
-4588.6 -6071.9 17.8
-4631.2 -6072.0 17.9
-4679.4 -6074.0 17.9
-4702.5 -6069.4 18.0
-4722.9 -6073.4 18.0
-4539.5 -6058.7 17.2
-4551.9 -6061.7 17.5
-4557.7 -6062.6 17.6
-4574.0 -6062.8 17.9
-4582.3 -6059.8 17.9
-4589.7 -6061.2 17.9
-4607.9 -6063.4 17.9
-4623.5 -6064.5 18.0
-4630.9 -6061.3 18.0
-4643.3 -6063.3 18.0
-4684.0 -6064.3 18.1
-4703.6 -6058.8 18.2
-4718.2 -6064.5 18.1
-4492.8 -6048.7 16.3
-4518.9 -6048.8 16.7
-4562.7 -6050.0 17.5
-4587.7 -6050.6 17.9
-4603.1 -6048.7 18.1
-4622.3 -6053.8 18.1
-4628.4 -6049.2 18.1
-4653.9 -6050.6 18.2
-4672.3 -6054.5 18.2
-4683.0 -6049.0 18.2
-4721.5 -6048.0 18.3
-4739.9 -6052.4 18.3
-4501.3 -6042.5 16.3
-4514.0 -6042.6 16.5
-4568.2 -6039.3 17.3
-4577.8 -6043.1 17.6
-4621.8 -6044.3 18.2
-4630.0 -6040.6 18.2
-4671.9 -6043.1 18.3
-4678.4 -6041.4 18.3
-4690.8 -6042.8 18.3
-4703.7 -6042.8 18.4
-4718.2 -6044.2 18.4
-4731.2 -6044.6 18.4
-4738.6 -6041.1 18.4
-4518.0 -6028.6 16.3
-4551.7 -6031.3 16.9
-4573.0 -6030.9 17.2
-4577.5 -6031.2 17.3
-4598.2 -6028.8 17.6
-4623.6 -6032.4 18.1
-4697.6 -6030.1 18.5
-4707.5 -6032.9 18.5
-4722.5 -6033.9 18.5
-4740.0 -6030.5 18.6
-4523.6 -6024.1 16.2
-4540.0 -6023.0 16.5
-4569.2 -6019.9 17.0
-4588.6 -6021.4 17.3
-4603.6 -6020.2 17.5
-4621.2 -6020.0 17.8
-4682.7 -6024.4 18.5
-4690.8 -6018.3 18.6
-4727.9 -6018.7 18.7
-4740.9 -6023.6 18.6
-4567.8 -6008.2 16.8
-4582.5 -6010.9 17.0
-4601.1 -6011.9 17.3
-4607.6 -6009.4 17.3
-4663.7 -6009.3 18.3
-4680.4 -6010.1 18.6
-4688.6 -6009.0 18.7
-4698.2 -6010.4 18.7
-4728.8 -6011.8 18.8
-4738.2 -6009.5 18.8
-4559.9 -5999.2 16.7
-4570.3 -6003.9 16.8
-4583.9 -5999.6 17.0
-4661.4 -6002.6 18.1
-4672.4 -6000.3 18.3
-4690.5 -6001.0 18.6
-4700.7 -6001.1 18.8
-4722.2 -5999.9 18.9
-4583.4 -5991.1 17.1
-4592.5 -5991.5 17.2
-4677.9 -5989.7 18.3
-4690.8 -5992.6 18.5
-4700.9 -5988.2 18.6
-4722.1 -5994.4 18.9
-1318.2 -6865.1 18.1
-1330.4 -6862.8 18.1
-1337.5 -6863.8 18.2
-1331.4 -6856.5 17.8
-1341.7 -6855.9 17.8
-1400.4 -6817.7 16.9
-4436.2 -6440.0 13.4
-4428.9 -6429.5 13.4
-4437.1 -6432.0 13.4
-4469.4 -6429.4 13.5
-4420.0 -6421.8 13.5
-4450.1 -6425.7 13.5
-4457.0 -6419.9 13.5
-4465.5 -6420.2 13.6
-4416.4 -6412.6 13.6
-4405.0 -6400.0 13.7
-4415.2 -6400.6 13.7
-4430.4 -6400.4 13.7
-4436.6 -6405.0 13.7
-4448.3 -6404.0 13.7
-4427.8 -6391.0 13.8
-4449.8 -6394.9 13.8
-4417.9 -6384.9 13.9
-4430.4 -6382.4 13.9
-4389.5 -6372.2 14.0
-4376.8 -6364.2 14.0
-4371.7 -6336.2 14.4
-4400.6 -6334.1 14.4
-4411.9 -6334.3 14.5
-4330.0 -6325.9 14.4
-4342.6 -6328.2 14.4
-4349.0 -6323.6 14.5
-4364.0 -6324.3 14.5
-4378.5 -6330.1 14.4
-4409.4 -6324.7 14.6
-4420.4 -6325.5 14.6
-4434.3 -6327.4 14.6
-4441.5 -6325.2 14.6
-4320.5 -6319.2 14.5
-4340.9 -6318.9 14.5
-4368.6 -6318.7 14.6
-4383.3 -6317.5 14.6
-4392.3 -6315.8 14.6
-4397.8 -6319.7 14.6
-4409.9 -6317.0 14.7
-4423.9 -6318.6 14.7
-4319.0 -6309.8 14.6
-4328.8 -6308.8 14.6
-4343.4 -6306.9 14.7
-4354.3 -6308.8 14.6
-4360.7 -6308.4 14.7
-4377.7 -6304.4 14.7
-4404.2 -6309.9 14.7
-4430.2 -6307.1 14.8
-4458.2 -6306.2 14.9
-4337.9 -6298.1 14.7
-4351.1 -6300.1 14.7
-4374.2 -6297.1 14.8
-4410.2 -6295.3 14.9
-4472.2 -6298.3 15.0
-4359.8 -6285.5 14.9
-4370.1 -6285.3 14.9
-4393.0 -6286.5 15.0
-4438.1 -6288.8 15.0
-4453.6 -6287.3 15.1
-4368.5 -6278.9 15.0
-4421.6 -6273.7 15.2
-4427.7 -6278.4 15.1
-4443.2 -6276.6 15.2
-4472.1 -6275.8 15.2
-4401.1 -6266.0 15.2
-4431.3 -6268.1 15.3
-4452.9 -6264.3 15.3
-2169.4 -8725.3 12.7
-2130.5 -8715.5 12.7
-2160.6 -8713.3 12.9
-2136.4 -8704.5 13.0
-2140.4 -8694.9 13.2
-2110.3 -8683.3 13.3
-2090.3 -8674.2 13.5
-2108.7 -8671.8 13.7
-2107.3 -8656.0 14.3
-2119.0 -8656.4 14.4
-2148.7 -8654.9 14.8
-2119.0 -8645.5 14.8
-2149.7 -8643.1 15.2
-2130.4 -8631.5 15.4
-2136.4 -8635.0 15.4
-2140.2 -8625.9 15.3
-2472.8 -8619.8 14.3
-2470.0 -8615.0 14.3
-2431.8 -8602.9 14.3
-2458.1 -8603.5 14.2
-2438.0 -8591.8 14.1
-2457.8 -8592.6 14.1
-2470.2 -8590.5 14.0
-2487.2 -8589.5 13.9
-2502.3 -8590.9 13.8
-2450.6 -8580.6 13.9
-2461.8 -8582.3 13.9
-2473.3 -8579.9 13.8
-2478.8 -8582.5 13.8
-2489.1 -8579.1 13.7
-2500.9 -8580.2 13.7
-2442.5 -8570.9 13.9
-2470.9 -8575.1 13.8
-2480.9 -8572.8 13.7
-2513.4 -8571.4 13.6
-2520.1 -8570.1 13.6
-2527.8 -8569.8 13.6
-2363.6 -8561.6 14.1
-2439.7 -8563.0 13.8
-2453.4 -8563.5 13.7
-2459.9 -8565.4 13.7
-2468.2 -8560.9 13.6
-2482.8 -8564.2 13.6
-2501.2 -8560.4 13.7
-2517.5 -8561.8 13.7
-2448.5 -8549.6 13.7
-2472.3 -8550.0 13.7
-2477.7 -8549.3 13.8
-2501.8 -8552.1 13.7
-2510.2 -8550.6 13.8
-2520.0 -8551.2 13.8
-2472.8 -8544.2 13.8
-2482.9 -8538.9 13.9
-2489.9 -8545.1 13.8
-2502.9 -8542.0 13.8
-2511.2 -8542.7 13.8
-2522.9 -8541.7 13.8
-2449.1 -8532.2 13.9
-2460.7 -8534.4 13.9
-2468.1 -8531.5 13.9
-2481.6 -8534.1 13.9
-2543.5 -8531.5 14.0
-2449.4 -8522.0 14.0
-2460.8 -8520.3 14.0
-2467.7 -8522.6 14.0
-2483.6 -8524.9 14.0
-2491.4 -8521.9 14.0
-2511.9 -8520.4 14.0
-2541.2 -8519.6 14.2
-2561.0 -8519.5 14.4
-2500.9 -8508.9 14.2
-2507.8 -8512.4 14.1
-2518.2 -8511.5 14.2
-2530.3 -8508.9 14.4
-2541.0 -8513.4 14.4
-2549.9 -8514.9 14.4
-2500.2 -8504.7 14.3
-2508.2 -8499.1 14.5
-2528.9 -8505.0 14.5
-2551.4 -8505.4 14.7
-2603.8 -8504.8 15.2
-2492.2 -8491.7 14.6
-2499.0 -8490.2 14.7
-2511.0 -8492.7 14.7
-2522.0 -8489.1 14.9
-2531.5 -8489.4 15.0
-2537.3 -8493.6 14.9
-2492.1 -8481.8 14.9
-2511.3 -8483.2 15.0
-2537.6 -8480.4 15.3
-2488.7 -8469.8 15.2
-2498.7 -8473.4 15.2
-2507.6 -8470.3 15.3
-2499.4 -8461.3 15.4
-2497.5 -8440.1 15.9
-2502.5 -8435.4 16.1
-3959.8 -6533.1 16.4
-3962.4 -6528.7 16.2
-3958.3 -6517.1 15.9
-3969.1 -6516.0 15.8
-3957.9 -6503.9 15.5
-3958.5 -6486.1 15.0
-3972.6 -6484.0 14.9
-3977.7 -6472.5 14.5
-3966.4 -6468.5 14.5
-3988.4 -6464.5 14.3
-4007.1 -6463.8 14.2
-3969.0 -6446.7 14.0
-3999.7 -6442.7 13.9
-3986.2 -6436.4 13.9
-3997.0 -6433.4 13.8
-4009.2 -6435.2 13.8
-3988.9 -6427.6 13.8
-4009.2 -6422.6 13.7
-4017.7 -6424.0 13.7
-4002.6 -6416.8 13.7
-4007.9 -6415.4 13.7
-4022.4 -6418.3 13.7
-3996.7 -6405.9 13.7
-4008.3 -6408.7 13.7
-4016.1 -6406.1 13.7
-4001.2 -6393.3 13.7
-4028.6 -6395.0 13.7
-4042.5 -6396.6 13.7
-4058.1 -6393.0 13.7
-4076.1 -6393.2 13.7
-4009.5 -6384.3 13.7
-4022.7 -6385.8 13.7
-4051.2 -6385.1 13.7
-4070.3 -6384.9 13.7
-4081.0 -6384.1 13.7
-4030.0 -6376.0 13.8
-4056.4 -6374.2 13.8
-4021.0 -6362.6 13.7
-4027.8 -6367.7 13.7
-4051.2 -6364.5 13.6
-4018.7 -6354.8 13.5
-4051.7 -6353.2 13.6
-4058.7 -6352.4 13.6
-4040.5 -6347.7 13.7
-4046.8 -6345.1 13.7
-4041.8 -6336.5 13.8
-4049.4 -6336.2 13.8
-4060.4 -6333.1 13.9
-4071.1 -6338.0 13.8
-4079.5 -6338.8 13.8
-4039.5 -6323.9 13.9
-4061.1 -6328.3 13.9
-4040.4 -6318.2 14.0
-4060.7 -6307.7 14.2
-4077.5 -6305.6 14.2
-4056.7 -6293.8 14.0
-4070.3 -6294.0 14.3
-4089.2 -6296.5 14.3
-4100.7 -6295.9 14.4
-4109.9 -6293.2 14.4
-4141.5 -6292.4 14.5
-4080.9 -6286.3 14.3
-4086.6 -6283.1 14.3
-4107.3 -6282.7 14.5
-4119.9 -6287.9 14.5
-4142.2 -6287.7 14.5
-4157.2 -6288.3 14.6
-4127.6 -6277.5 14.6
-4137.7 -6277.9 14.6
-4149.4 -6273.5 14.7
-4156.0 -6277.2 14.7
-4082.4 -6266.2 13.9
-4097.2 -6268.3 14.2
-4116.7 -6265.3 14.5
-4147.4 -6264.0 14.8
-4090.9 -6255.3 13.8
-4088.7 -6247.2 13.6
-4152.7 -6247.7 14.7
-4156.6 -6248.7 14.8
-4200.0 -6248.0 15.1
-4156.7 -6238.8 14.6
-4170.3 -6235.0 14.7
-4197.9 -6233.8 15.2
-4148.7 -6224.4 14.1
-4161.4 -6227.2 14.4
-4171.8 -6224.7 14.5
-4200.1 -6227.0 15.1
-4108.5 -6212.8 13.2
-4150.4 -6216.3 14.0
-4167.2 -6217.6 14.3
-4147.7 -6205.4 13.7
-4157.2 -6208.6 14.0
-4166.3 -6203.3 14.0
-4141.5 -6341.6 13.9
-4198.2 -6338.6 14.0
-4206.2 -6338.9 14.0
-4228.4 -6338.5 14.1
-4242.1 -6337.0 14.1
-4149.0 -6325.2 14.1
-4248.1 -6325.7 14.3
-4255.8 -6331.6 14.2
-4156.5 -6315.3 14.2
-4190.7 -6315.2 14.3
-4201.4 -6320.2 14.3
-4210.0 -6316.0 14.3
-4228.2 -6320.8 14.3
-4250.4 -6321.3 14.3
-4258.7 -6319.6 14.4
-4276.1 -6316.8 14.4
-4212.4 -6308.6 14.4
-4225.8 -6309.3 14.4
-4250.0 -6309.5 14.5
-4260.8 -6311.2 14.5
-4280.8 -6310.8 14.5
-4191.8 -6301.3 14.5
-4199.4 -6300.7 14.5
-4216.5 -6298.7 14.5
-4231.1 -6299.5 14.5
-4248.9 -6299.3 14.6
-4200.5 -6286.7 14.6
-4215.8 -6287.4 14.7
-4261.8 -6286.5 14.8
-4240.4 -6275.7 14.8
-4246.8 -6280.2 14.8
-4248.3 -6270.1 14.9
-4199.5 -6261.4 14.9
-4251.5 -6261.4 15.0
-4232.2 -6246.1 15.2
-4250.4 -6246.2 15.2
-4258.2 -6249.4 15.2
-462.8 -7907.0 20.3
-431.4 -7897.6 20.2
-463.3 -7894.0 20.3
-468.0 -7897.2 20.3
-398.2 -7885.5 20.2
-430.6 -7884.1 20.2
-449.6 -7886.0 20.3
-387.8 -7874.5 20.2
-433.7 -7875.4 20.2
-491.4 -7877.5 20.3
-382.7 -7870.4 20.2
-393.4 -7864.3 20.2
-429.9 -7864.4 20.2
-439.5 -7868.4 20.2
-447.5 -7867.3 20.2
-470.6 -7864.7 20.3
-481.3 -7868.5 20.3
-380.5 -7855.3 20.3
-429.2 -7855.7 20.2
-443.3 -7854.2 20.2
-449.1 -7859.9 20.2
-502.2 -7859.1 20.3
-347.6 -7846.0 20.3
-392.3 -7847.5 20.3
-401.1 -7846.5 20.3
-411.0 -7845.0 20.3
-423.6 -7850.0 20.3
-429.6 -7847.4 20.3
-452.1 -7850.1 20.2
-467.7 -7848.4 20.2
-328.7 -7835.1 20.5
-397.4 -7836.2 20.3
-408.2 -7840.5 20.3
-418.4 -7840.4 20.3
-428.8 -7836.9 20.4
-461.8 -7837.6 20.2
-323.6 -7826.9 20.6
-329.0 -7827.4 20.6
-358.5 -7828.5 20.4
-392.9 -7826.2 20.4
-449.1 -7826.4 20.4
-458.6 -7829.4 20.2
-472.7 -7826.0 20.2
-518.3 -7826.0 20.3
-528.6 -7828.6 20.3
-303.2 -7819.9 20.8
-308.6 -7818.9 20.8
-347.3 -7816.1 20.5
-368.5 -7818.6 20.4
-413.7 -7814.2 20.4
-452.3 -7819.9 20.4
-458.0 -7818.7 20.4
-468.6 -7814.8 20.3
-483.0 -7818.7 20.2
-490.7 -7817.3 20.2
-363.6 -7810.2 20.5
-378.5 -7804.1 20.4
-400.3 -7804.6 20.5
-409.3 -7810.1 20.4
-423.5 -7807.0 20.5
-437.3 -7809.5 20.5
-453.6 -7805.5 20.5
-461.1 -7806.3 20.5
-479.8 -7809.7 20.3
-487.5 -7809.7 20.2
-498.3 -7806.1 20.2
-348.4 -7798.1 20.7
-359.4 -7800.2 20.6
-409.9 -7794.4 20.5
-420.4 -7800.0 20.5
-430.9 -7794.6 20.5
-463.0 -7795.0 20.5
-470.8 -7798.3 20.5
-480.3 -7797.1 20.4
-500.0 -7799.2 20.2
-539.8 -7798.5 20.3
-321.2 -7784.3 21.0
-327.5 -7790.0 20.9
-341.3 -7785.1 20.8
-371.8 -7786.7 20.6
-378.2 -7784.3 20.6
-391.3 -7789.5 20.4
-399.4 -7788.1 20.5
-428.9 -7788.3 20.5
-498.2 -7787.0 20.4
-312.7 -7779.5 21.0
-471.1 -7779.9 20.6
-487.0 -7779.2 20.5
-522.8 -7779.9 20.2
-400.4 -7767.9 20.5
-500.5 -7769.8 20.6
-517.3 -7767.3 20.4
-549.2 -7766.3 20.3
-568.7 -7767.2 20.3
-583.3 -7765.8 20.3
-228.4 -7758.6 20.6
-481.0 -7760.0 20.7
-490.9 -7756.2 20.7
-528.5 -7760.0 20.4
-552.9 -7759.1 20.2
-561.9 -7758.8 20.3
-580.7 -7754.5 20.3
-608.8 -7754.2 20.4
-261.3 -7744.2 20.6
-281.8 -7745.2 20.6
-530.9 -7749.3 20.5
-550.5 -7749.4 20.3
-560.3 -7748.2 20.2
-598.8 -7747.1 20.3
-282.9 -7736.0 20.6
-401.6 -7738.7 20.8
-493.1 -7734.6 20.8
-497.7 -7736.7 20.8
-521.8 -7738.6 20.7
-532.1 -7739.6 20.6
-552.5 -7735.4 20.4
-567.5 -7736.5 20.3
-589.5 -7740.1 20.3
-601.9 -7738.0 20.3
-621.7 -7737.8 20.4
-273.4 -7730.3 20.5
-282.3 -7730.5 20.6
-448.0 -7724.4 20.7
-463.6 -7730.5 20.8
-501.3 -7725.2 20.8
-517.3 -7724.9 20.8
-538.6 -7728.6 20.7
-563.2 -7730.2 20.4
-602.1 -7724.0 20.3
-607.6 -7724.2 20.3
-618.2 -7724.5 20.3
-633.6 -7724.9 20.4
-502.2 -7716.2 20.9
-548.5 -7716.4 20.7
-569.3 -7718.0 20.5
-599.5 -7719.0 20.3
-643.6 -7718.5 20.4
-649.3 -7715.3 20.4
-512.6 -7709.7 20.9
-589.0 -7705.2 20.4
-601.8 -7709.5 20.3
-609.5 -7709.9 20.3
-671.0 -7704.7 20.4
-398.7 -7695.7 21.1
-520.6 -7699.9 20.9
-528.0 -7700.5 20.9
-552.5 -7695.5 20.9
-559.5 -7696.9 20.8
-623.3 -7698.0 20.3
-667.4 -7696.9 20.4
-312.7 -7686.0 20.4
-370.6 -7684.2 20.5
-397.5 -7686.3 21.0
-518.6 -7686.1 21.0
-533.1 -7686.1 21.0
-539.4 -7686.4 21.0
-551.1 -7688.9 20.9
-558.4 -7689.8 20.9
-568.8 -7687.8 20.9
-620.0 -7687.1 20.3
-662.3 -7684.2 20.4
-322.5 -7680.6 20.4
-382.7 -7677.7 20.5
-397.1 -7675.0 20.7
-521.7 -7679.0 21.0
-593.4 -7679.7 20.7
-620.9 -7674.1 20.5
-631.0 -7675.3 20.4
-637.7 -7676.4 20.3
-351.7 -7665.1 20.3
-369.5 -7668.2 20.4
-379.0 -7666.8 20.4
-501.0 -7669.9 20.9
-612.2 -7665.8 20.7
-622.4 -7668.6 20.6
-642.4 -7668.6 20.3
-357.6 -7660.3 20.3
-372.3 -7659.1 20.3
-392.1 -7660.1 20.4
-512.0 -7660.0 21.0
-593.2 -7658.5 21.0
-598.3 -7657.6 20.9
-609.9 -7658.0 20.8
-621.6 -7655.0 20.7
-630.2 -7660.0 20.6
-498.2 -7647.8 20.8
-522.6 -7645.2 21.0
-521.8 -7620.0 20.9
-533.7 -7621.2 21.0
-501.8 -7608.7 21.0
-522.2 -7611.7 20.9
-530.0 -7609.9 21.0
-493.4 -7599.6 21.2
-533.2 -7595.7 21.0
-540.6 -7599.8 21.0
-561.2 -7596.9 21.2
-499.9 -7589.3 21.2
-534.5 -7590.6 21.0
-569.2 -7588.0 21.2
-505.0 -7581.1 21.2
-529.9 -7577.3 21.1
-551.5 -7580.4 21.1
-559.6 -7581.7 21.1
-471.4 -7572.1 20.1
-491.5 -7571.8 20.6
-501.6 -7566.7 20.8
-511.9 -7570.5 21.2
-529.6 -7566.9 21.2
-559.9 -7570.0 21.1
-483.2 -7555.8 20.0
-510.2 -7561.8 20.9
-503.4 -7550.4 20.4
-501.8 -7537.1 20.1
-510.8 -7537.0 20.3
-561.7 -7537.0 21.2
-564.4 -7527.9 21.2
-1791.1 -6328.0 14.1
-1781.5 -6311.7 13.9
-1772.6 -6301.2 13.8
-1771.3 -6288.4 13.7
-1772.7 -6278.5 13.7
-1790.7 -6278.9 13.8
-1775.3 -6272.2 13.7
-1775.6 -6260.4 13.6
-1782.8 -6238.3 13.6
-1786.6 -6227.6 13.5
-1833.3 -6333.9 14.5
-1805.7 -6295.0 14.0
-1808.2 -6373.7 15.3
-1775.7 -6358.8 14.6
-1785.6 -6361.3 14.8
-1773.1 -6348.0 14.4
-1789.2 -6353.6 14.6
-1796.2 -6353.4 14.7
-1756.6 -6341.1 14.0
-1768.4 -6338.2 14.1
-1777.5 -6341.1 14.2
-1758.1 -6333.6 13.9
-1763.0 -6329.1 13.9
-1758.1 -6323.2 13.8
-1776.5 -6321.4 13.9
-1692.2 -6377.1 14.4
-1714.2 -6347.4 13.8
-1721.7 -6336.0 13.6
-1723.0 -6327.4 13.5
-1717.9 -6312.4 13.4
-1718.9 -6303.6 13.4
-1727.7 -6295.5 13.4
-1753.2 -6297.8 13.6
-1731.0 -6286.8 13.4
-1733.9 -6274.2 13.4
-489.0 -7126.0 19.4
-478.3 -7109.3 19.3
-447.6 -7093.0 19.5
-468.1 -7094.1 19.4
-435.7 -7087.9 19.5
-449.9 -7088.6 19.4
-488.4 -7085.4 19.3
-446.0 -7078.0 19.4
-397.9 -7058.7 19.1
-407.3 -7058.3 19.1
-400.2 -7045.6 18.9
-407.0 -7043.9 18.9
-388.6 -7039.5 18.8
-397.2 -7039.4 18.8
-385.8 -7026.1 18.8
-442.9 -6869.2 20.7
-451.2 -6849.7 20.5
-461.2 -6849.1 20.5
-370.6 -6835.5 20.3
-766.9 -7493.0 21.3
-707.3 -7486.0 21.8
-216.9 -6928.9 21.1
-182.6 -6923.3 21.0
-188.9 -6891.4 20.7
-169.9 -6882.5 20.6
-198.0 -6869.0 20.5
-207.3 -6873.7 20.5
-222.4 -6868.0 20.5
-202.7 -6858.9 20.4
