5480.4 7783.2 27.4
5501.5 7794.5 27.4
5490.7 7792.4 27.4
5479.9 7789.4 27.4
5513.1 7670.6 27.5
5534.6 7704.0 27.9
5529.0 7703.4 27.9
4944.3 8076.4 28.2
4970.2 8082.3 26.9
4947.1 8082.7 28.1
4998.2 8105.1 23.5
4936.3 8107.8 28.5
4926.2 8101.7 29.0
4986.2 8117.2 23.6
4978.9 8113.3 24.2
4947.6 8116.6 26.6
4938.1 8117.1 27.5
4979.6 8123.1 23.7
4969.5 8127.5 24.1
6815.7 8757.6 43.5
6827.0 8804.2 41.6
6834.9 8813.1 41.7
6825.6 8817.6 41.4
6794.5 8812.9 40.4
6778.5 8814.5 39.8
6924.4 8825.3 44.0
6858.0 8827.9 42.3
6826.7 8825.6 41.3
6817.8 8828.3 41.0
6796.1 8823.9 40.3
6865.1 8839.0 42.5
6814.6 8834.7 40.9
6766.7 8834.3 39.3
6876.4 8847.4 42.8
6864.5 8846.5 42.4
6825.1 8844.1 41.1
6803.6 8845.0 40.4
6792.4 8843.3 40.1
6786.6 8844.9 39.9
6763.8 8842.8 39.2
6756.3 8848.1 38.9
6875.5 8853.1 42.7
6844.5 8859.3 41.7
6845.8 8864.2 41.7
6836.4 8862.8 41.4
6815.4 8863.9 40.7
6786.5 8865.2 39.7
6778.1 8865.5 39.5
6807.1 8614.8 44.6
6817.7 8628.9 44.5
6810.3 8630.3 44.5
6798.4 8634.6 44.3
6791.5 8640.6 44.2
6821.5 8646.4 44.4
6802.2 8646.4 44.2
6770.7 8647.9 43.4
6861.7 8658.5 45.4
6852.4 8657.0 45.1
6828.5 8654.5 44.4
6819.3 8659.6 44.2
6807.5 8655.0 44.2
6779.5 8657.7 43.9
6758.8 8660.3 43.0
6728.4 8660.2 41.6
6872.2 8669.9 45.2
6787.5 8670.4 43.8
6783.4 8669.2 43.8
6760.3 8669.4 43.1
6737.0 8667.1 42.0
6860.3 8676.1 45.2
6810.2 8679.9 43.9
6799.7 8680.2 43.8
6777.6 8680.8 43.6
6757.0 8678.7 43.0
6807.5 8690.2 43.7
6780.8 8687.8 43.5
6771.0 8687.2 43.5
6859.7 8698.9 44.9
6852.2 8696.4 45.0
6797.2 8694.8 43.6
6797.3 8705.6 43.5
6847.0 8727.8 44.6
6840.6 8729.9 44.5
6939.3 8836.2 44.5
6920.4 8864.7 44.1
6911.6 8864.9 43.8
6931.8 8676.9 45.6
6883.8 8705.5 44.6
6911.7 8714.8 44.9
6935.0 8727.9 45.3
6911.6 8725.8 44.8
6943.7 8733.9 45.5
6930.4 8733.0 45.1
6913.1 8737.7 44.7
6902.4 8735.7 44.5
6925.6 8747.1 44.9
6893.5 8742.2 44.2
6919.8 8753.5 44.7
6915.4 8756.6 44.6
6904.1 8755.3 44.3
6891.7 8755.6 44.1
6930.6 8763.3 44.8
6910.8 8762.3 44.4
6943.6 8772.5 45.2
6934.6 8774.7 44.8
6863.7 8777.6 43.8
6949.7 8783.7 45.3
6899.6 8795.8 43.9
6923.4 8813.0 44.2
6885.7 8672.7 45.1
6884.7 8683.8 44.9
6878.5 8685.7 44.9
6868.2 8718.4 44.6
4898.7 7921.2 27.6
4900.8 7933.7 27.8
4898.2 7942.3 27.9
4938.9 7955.3 28.5
4930.1 7976.0 28.8
4973.0 7992.9 28.8
4960.7 7990.1 29.2
4941.1 7990.0 29.1
4967.7 8005.6 28.8
4988.4 8014.7 28.5
5940.0 6447.3 32.1
5932.2 6456.5 32.0
5927.1 6464.8 31.9
5921.7 6469.3 31.9
5903.1 6479.4 31.4
5888.7 6475.9 30.8
5882.0 6475.0 30.5
5860.8 6486.0 29.9
5881.6 6497.1 30.7
5871.3 6494.3 30.3
5863.3 6500.6 29.8
5868.9 6509.0 30.3
5840.1 6505.8 29.9
5852.0 6520.6 30.2
5840.1 6516.3 30.2
5818.8 6517.0 29.6
5807.2 6530.7 30.3
5792.4 6530.3 30.6
5797.6 6534.8 30.6
5813.4 6548.7 30.6
5798.2 6548.0 31.0
5777.5 6545.9 31.5
5789.4 6554.3 31.4
5772.1 6566.0 32.2
5761.8 6570.6 32.4
5770.1 6575.1 32.3
5760.1 6575.9 32.2
5747.0 6600.3 31.6
5739.0 6599.8 31.6
5727.3 6600.0 31.4
5717.1 6594.6 31.6
5742.7 6606.7 31.3
5727.1 6604.3 31.3
5717.6 6610.8 30.9
5707.8 6610.6 30.8
5731.0 6617.2 30.8
5722.5 6615.3 30.8
5712.3 6614.9 30.8
5701.7 6616.3 30.6
5691.9 6614.4 30.6
5708.3 6626.7 30.4
5702.3 6625.0 30.4
5690.2 6626.3 30.2
5691.1 6634.2 30.1
5682.1 6640.5 30.0
5700.3 6644.4 30.2
5680.7 6648.2 29.8
5670.2 6644.8 29.7
5711.2 6657.1 30.1
5689.2 6657.3 29.8
5682.2 6655.5 29.7
5720.0 6664.9 30.1
5700.4 6670.2 30.0
5669.4 6668.8 29.7
5637.7 6665.1 29.5
5709.9 6678.3 30.2
5681.3 6674.5 29.9
5732.5 6686.7 30.5
5712.1 6689.5 30.4
5698.4 6688.8 30.2
5688.0 6690.2 30.2
5678.0 6687.4 30.0
5657.6 6685.7 30.0
5612.5 6690.1 30.1
5679.0 6697.0 30.2
5667.4 6695.3 30.2
5657.5 6699.3 30.3
5652.6 6695.3 30.2
5623.1 6699.5 30.2
5598.4 6699.3 29.7
5717.2 6708.8 30.7
5697.5 6706.5 30.5
5689.1 6708.8 30.5
5682.1 6706.7 30.4
5653.3 6706.2 30.5
5642.0 6710.8 30.5
5622.1 6709.5 30.1
5597.1 6709.6 29.5
5719.1 6717.5 30.9
5711.0 6717.3 30.8
5663.3 6717.3 30.7
5627.2 6716.1 30.1
5593.6 6715.4 29.3
5749.9 6730.3 31.3
5740.4 6728.3 31.2
5728.0 6727.6 31.1
5712.9 6726.0 30.9
5699.8 6725.1 30.8
5692.8 6727.0 30.9
5682.4 6725.0 30.9
5671.7 6725.4 30.9
5662.6 6724.3 30.7
5648.7 6725.8 30.4
5642.3 6729.3 30.2
5631.9 6730.7 29.9
5609.7 6728.6 29.5
5592.0 6728.0 29.1
5572.3 6726.7 28.9
5751.2 6737.2 31.4
5731.3 6737.6 31.3
5717.9 6738.7 31.2
5708.4 6736.1 31.1
5699.1 6735.3 31.1
5640.2 6736.3 30.0
5629.3 6736.6 29.8
5572.5 6737.2 28.5
5560.8 6735.2 28.9
5720.4 6750.2 31.4
5703.6 6749.4 31.3
5692.8 6746.1 31.1
5670.1 6748.0 30.5
5642.4 6745.8 29.9
5611.6 6748.6 29.3
5582.5 6747.2 28.8
5740.2 6758.0 31.6
5728.5 6755.8 31.5
5710.8 6758.3 31.3
5698.1 6756.1 31.1
5682.6 6754.6 30.7
5669.0 6755.6 30.4
5661.1 6758.1 30.3
5647.2 6757.0 30.1
5633.3 6756.8 29.9
5618.3 6759.8 29.7
5561.8 6755.1 28.8
5760.2 6767.5 31.8
5748.5 6765.2 31.8
5742.5 6769.5 31.8
5718.3 6768.1 31.4
5697.3 6769.6 31.2
5667.7 6768.7 30.7
5661.4 6769.5 30.7
5618.9 6767.0 30.0
5612.3 6767.0 29.9
5599.4 6769.0 29.8
5591.4 6768.4 29.6
5541.2 6767.0 28.8
5533.5 6768.2 28.8
5522.6 6764.3 28.9
5762.3 6779.8 31.9
5749.5 6780.2 31.9
5722.7 6774.8 31.7
5712.1 6774.7 31.6
5702.1 6774.4 31.4
5691.5 6779.1 31.4
5672.0 6780.7 31.2
5659.5 6777.5 30.9
5652.0 6779.8 30.9
5631.1 6777.6 30.5
5607.0 6777.8 30.1
5597.8 6775.5 29.9
5590.2 6774.9 29.8
5559.6 6775.8 29.4
5523.3 6779.4 29.0
5779.2 6788.6 32.0
5737.7 6786.7 31.8
5733.1 6789.4 31.8
5709.4 6785.2 31.6
5693.2 6786.4 31.4
5682.2 6786.6 31.3
5659.0 6787.7 31.1
5652.9 6784.2 31.0
5640.7 6789.1 31.0
5619.5 6787.9 30.6
5599.4 6785.3 30.3
5571.8 6785.5 29.9
5532.6 6788.0 29.4
5522.1 6784.7 29.1
5786.9 6799.9 32.1
5778.5 6796.7 32.1
5708.1 6800.0 31.6
5700.0 6798.9 31.5
5652.2 6796.6 31.1
5618.0 6800.7 30.8
5612.0 6797.9 30.7
5597.1 6794.7 30.5
5571.7 6798.1 30.3
5552.1 6799.1 30.0
5493.5 6794.2 29.0
5797.3 6809.8 32.2
5787.1 6808.6 32.3
5780.4 6806.0 32.2
5773.0 6805.2 32.2
5732.9 6808.9 31.8
5721.8 6809.0 31.7
5712.3 6805.7 31.6
5630.6 6809.5 30.9
5620.0 6808.5 30.8
5610.1 6805.0 30.7
5602.6 6810.6 30.7
5577.7 6810.6 30.4
5558.8 6806.1 30.3
5549.2 6809.5 30.2
5537.5 6808.4 30.1
5529.6 6804.8 29.9
5479.2 6806.0 29.2
5801.0 6820.5 32.4
5788.4 6820.1 32.3
5767.5 6815.8 32.1
5761.0 6818.3 32.1
5730.4 6815.7 31.8
5708.6 6816.4 31.6
5628.2 6814.3 30.9
5620.9 6817.7 30.8
5597.8 6815.4 30.6
5570.0 6815.5 30.4
5548.3 6815.4 30.2
5529.2 6817.4 30.0
5509.2 6820.6 29.8
5498.7 6817.8 29.7
5487.8 6815.7 29.6
5480.9 6819.7 29.6
5802.3 6827.9 32.5
5792.3 6829.7 32.4
5771.8 6830.5 32.2
5759.3 6826.3 32.1
5723.5 6826.3 31.8
5629.1 6824.9 30.9
5619.7 6826.3 30.8
5607.7 6830.6 30.7
5598.6 6827.6 30.7
5589.6 6825.9 30.6
5568.0 6824.4 30.4
5557.0 6824.4 30.3
5550.6 6826.4 30.2
5541.3 6829.0 30.1
5520.3 6825.1 29.9
5511.2 6830.4 29.9
5489.0 6826.6 29.7
5467.6 6830.8 29.5
5462.4 6825.9 29.4
5448.8 6826.9 29.3
5811.4 6839.9 32.6
5789.0 6834.8 32.4
5781.2 6837.5 32.3
5773.6 6839.0 32.2
5752.6 6839.9 32.1
5739.6 6839.1 31.9
5727.7 6837.5 31.8
5710.6 6839.9 31.7
5622.2 6840.2 30.9
5580.0 6834.8 30.5
5573.5 6835.6 30.4
5551.5 6834.5 30.2
5502.7 6835.5 29.8
5488.7 6834.8 29.7
5472.7 6835.3 29.5
5452.0 6840.8 29.1
5572.9 6845.7 30.4
5442.7 6847.9 28.8
5422.7 6849.3 28.5
5887.1 6854.9 32.3
5882.5 6855.1 32.4
5868.3 6857.3 32.7
5859.4 6860.6 32.8
5838.0 6858.2 32.9
5828.0 6860.3 32.8
5802.4 6855.0 32.5
5757.6 6856.4 32.1
5743.2 6859.2 32.0
5729.2 6854.5 31.9
5700.7 6857.2 31.6
5669.4 6855.2 31.3
5641.2 6856.9 31.0
5620.4 6854.9 30.8
5572.0 6856.5 30.2
5507.9 6858.1 29.4
5483.5 6854.2 29.2
5447.3 6858.7 28.6
5419.8 6854.4 28.4
5927.5 6864.6 31.6
5831.1 6870.5 32.8
5822.5 6865.9 32.7
5748.5 6866.0 32.1
5738.4 6869.2 31.9
5717.1 6864.7 31.7
5699.5 6868.9 31.4
5578.8 6870.1 29.9
5570.4 6866.4 29.9
5480.1 6870.2 28.7
5440.6 6866.4 28.4
5430.6 6869.0 28.2
5423.0 6866.2 28.1
5411.3 6868.7 27.9
5401.8 6868.8 27.8
5858.6 6875.6 33.1
5840.2 6877.3 32.9
5809.2 6875.9 32.6
5752.7 6880.2 31.8
5738.1 6876.7 31.7
5690.1 6880.4 31.0
5668.4 6879.0 30.8
5660.6 6876.6 30.8
5633.5 6874.9 30.5
5582.2 6875.9 29.8
5568.6 6878.7 29.6
5461.0 6878.1 28.3
5441.8 6877.0 28.1
5422.6 6877.1 27.9
5397.0 6877.9 27.6
5951.5 6890.2 31.4
5937.0 6890.7 31.7
5871.1 6886.1 32.9
5859.5 6888.5 33.0
5843.2 6888.9 32.7
5770.2 6886.5 31.9
5761.1 6886.6 31.8
5751.1 6884.2 31.7
5722.5 6885.0 31.3
5681.7 6885.5 30.8
5657.6 6887.1 30.5
5633.5 6886.3 30.2
5610.8 6887.0 29.9
5561.9 6886.6 29.3
5418.8 6888.4 27.6
5387.1 6887.0 27.2
5991.5 6896.8 30.6
5983.3 6900.8 30.7
5968.5 6894.9 31.1
5949.6 6899.9 31.3
5937.3 6899.5 31.6
5872.5 6900.3 32.7
5851.0 6896.5 32.7
5837.7 6899.8 32.5
5829.0 6898.8 32.4
5722.8 6899.1 31.0
5712.1 6898.1 30.9
5681.0 6895.8 30.6
5668.4 6898.1 30.4
5641.0 6899.3 30.0
5588.3 6895.9 29.5
5570.3 6897.0 29.2
5547.2 6898.9 28.9
5427.8 6896.8 27.5
5413.6 6897.1 27.3
5869.6 6910.3 32.6
5858.5 6909.7 32.6
5850.6 6909.0 32.5
5831.5 6904.6 32.3
5807.1 6906.4 32.0
5767.2 6907.9 31.4
5761.5 6908.5 31.3
5750.9 6906.5 31.2
5742.4 6908.0 31.1
5729.5 6907.4 30.9
5721.4 6905.4 30.9
5712.8 6905.1 30.8
5687.9 6910.6 30.3
5678.5 6907.3 30.3
5639.3 6909.6 29.8
5611.3 6905.0 29.5
5573.4 6910.4 28.9
5559.9 6910.4 28.8
5540.9 6909.4 28.6
5427.5 6904.6 27.3
5378.7 6905.9 26.7
5369.1 6908.1 26.5
5362.7 6909.0 26.4
5852.9 6918.6 32.4
5819.0 6917.7 31.9
5811.0 6914.7 31.9
5761.9 6917.4 31.2
5729.9 6919.6 30.7
5719.5 6915.5 30.7
5712.9 6916.9 30.6
5662.0 6917.2 29.9
5642.3 6914.6 29.7
5628.5 6920.0 29.4
5623.0 6914.6 29.4
5611.7 6919.3 29.2
5568.2 6919.8 28.7
5562.5 6920.4 28.6
5543.4 6917.8 28.4
5451.4 6920.7 27.2
5423.2 6915.9 27.0
5388.7 6914.4 26.6
5377.1 6916.2 26.4
5361.3 6914.2 26.3
5353.5 6920.5 26.1
5867.5 6928.2 32.4
5859.8 6930.7 32.3
5851.6 6925.5 32.2
5807.6 6925.3 31.7
5797.2 6927.1 31.5
5760.6 6925.5 31.1
5749.6 6927.4 30.9
5729.7 6925.3 30.6
5713.1 6925.3 30.4
5693.0 6925.3 30.2
5673.3 6926.2 29.9
5657.8 6925.4 29.7
5643.5 6928.8 29.5
5607.1 6926.3 29.0
5549.5 6929.5 28.2
5540.2 6930.7 28.1
5523.1 6926.5 28.0
5447.6 6926.6 27.0
5441.8 6925.3 27.0
5430.2 6927.2 26.8
5409.8 6925.5 26.6
5399.0 6930.7 26.4
5382.5 6925.2 26.3
5370.6 6927.4 26.1
5348.3 6929.1 25.8
5338.9 6924.4 25.7
5862.5 6939.7 32.1
5850.4 6938.3 32.0
5618.5 6936.5 29.0
5610.2 6938.8 28.9
5557.2 6937.1 28.2
5542.6 6938.6 28.0
5511.5 6938.2 27.6
5483.5 6940.0 27.2
5448.5 6940.3 26.7
5430.8 6939.7 26.5
5423.6 6936.0 26.5
5387.7 6935.4 26.1
5338.2 6940.6 25.4
5877.8 6945.9 32.1
5867.3 6944.5 32.1
5857.9 6944.9 32.0
5849.6 6949.5 31.8
5638.6 6945.3 29.1
5629.6 6944.2 29.0
5609.8 6949.7 28.7
5530.5 6944.7 27.7
5523.1 6946.3 27.6
5511.2 6946.2 27.5
5491.3 6946.7 27.2
5472.0 6947.1 26.9
5462.5 6948.8 26.8
5449.2 6947.0 26.6
5411.7 6949.0 26.1
5368.6 6946.4 25.6
5352.7 6949.2 25.4
5341.3 6946.1 25.3
5907.7 6957.8 31.4
5891.6 6955.1 31.7
5883.1 6956.8 31.9
5652.4 6955.1 29.2
5630.8 6955.4 28.9
5623.0 6955.9 28.8
5613.4 6954.6 28.6
5539.7 6957.2 27.6
5527.5 6956.5 27.5
5497.4 6955.4 27.1
5473.1 6957.7 26.8
5460.8 6958.6 26.6
5447.8 6959.5 26.4
5387.7 6954.5 25.7
5869.9 6965.9 31.8
5861.6 6970.5 31.6
5649.6 6967.3 28.9
5629.8 6965.1 28.7
5607.8 6970.5 28.3
5530.2 6964.7 27.4
5520.0 6964.2 27.3
5510.4 6968.6 27.1
5459.3 6969.1 26.4
5453.0 6966.0 26.4
5437.8 6966.7 26.2
5409.3 6968.7 25.8
5399.8 6970.1 25.6
5638.6 6974.2 28.7
5629.8 6980.2 28.4
5607.2 6978.2 28.2
5481.0 6978.9 26.5
5440.5 6979.7 26.0
5413.3 6979.0 25.6
5850.2 6988.3 31.2
5648.4 6990.2 28.5
5627.5 6985.8 28.3
5622.9 6987.6 28.2
5608.9 6990.7 28.0
5498.7 6990.6 26.6
5480.8 6987.5 26.4
5437.7 6988.3 25.8
5427.4 6985.7 25.7
5873.4 6994.7 31.4
5652.2 6996.8 28.5
5643.1 6999.2 28.3
5632.4 6997.4 28.2
5623.0 6994.5 28.1
5608.5 6994.6 27.9
5487.8 6996.6 26.3
5481.3 6997.3 26.2
5432.5 6995.1 25.6
5862.3 7010.8 31.0
5848.5 7008.9 30.8
5652.8 7010.6 28.2
5618.1 7006.6 27.9
5612.5 7010.7 27.7
5491.9 7005.1 26.2
5451.1 7005.1 25.8
5869.7 7016.2 31.0
5859.7 7017.4 30.8
5852.9 7018.4 30.7
5647.4 7018.1 28.0
5623.3 7014.6 27.8
5608.1 7016.0 27.6
5477.0 7018.1 26.0
5463.6 7019.3 25.8
5880.4 7026.6 30.9
5860.8 7024.3 30.7
5652.9 7029.0 27.9
5643.5 7028.8 27.8
5619.1 7025.8 27.5
5478.9 7026.4 26.0
5641.2 7038.2 27.6
5621.7 7038.5 27.4
5881.0 7044.9 30.7
5619.6 7045.1 27.2
5592.9 7047.6 26.9
5933.0 7058.7 29.8
5913.2 7059.8 30.2
5897.6 7059.1 30.5
5878.6 7054.6 30.5
5870.3 7054.8 30.4
5623.3 7055.4 27.2
5592.1 7059.4 26.9
5927.5 7070.1 29.8
5871.5 7065.0 30.2
5860.1 7065.3 30.0
5851.3 7066.8 29.9
5642.2 7067.6 27.3
5620.9 7064.6 27.1
5603.5 7068.5 26.9
5592.8 7068.4 26.9
5578.8 7069.0 26.7
5932.6 7075.4 29.7
5891.4 7075.9 30.3
5869.1 7076.7 30.0
5863.3 7077.5 29.9
5847.9 7074.8 29.7
5631.1 7078.6 27.2
5901.4 7089.0 30.1
5882.1 7086.3 30.0
5847.9 7087.8 29.5
5607.3 7089.4 26.9
5582.7 7086.0 26.7
5911.8 7099.4 29.7
5851.7 7099.2 29.4
5627.7 7097.9 27.1
5611.0 7099.4 26.9
5599.5 7100.5 26.8
5588.3 7096.8 26.8
5583.1 7096.4 26.7
5567.6 7099.3 26.6
5928.2 7107.6 29.6
5908.4 7107.3 29.7
5900.4 7109.8 29.8
5858.5 7104.4 29.4
5849.8 7104.6 29.3
5623.4 7109.9 27.0
5611.6 7109.4 26.9
5602.5 7108.1 26.9
5591.6 7105.8 26.8
5567.4 7110.2 26.5
5922.8 7117.6 29.5
5903.0 7116.0 29.7
5860.5 7114.4 29.2
5851.6 7116.8 29.1
5617.1 7114.4 27.0
5607.3 7118.7 26.9
5593.1 7116.3 26.7
5568.3 7118.9 26.5
5558.1 7118.1 26.4
5923.4 7127.3 29.5
5909.2 7124.4 29.5
5861.0 7125.2 29.1
5617.7 7125.4 26.9
5608.0 7129.6 26.9
5568.1 7129.5 26.5
5549.6 7129.6 26.3
5933.0 7140.5 29.5
5911.8 7140.0 29.5
5901.8 7140.3 29.4
5857.7 7135.1 29.0
5847.7 7139.1 29.0
5527.2 7136.8 26.2
5930.5 7150.1 29.7
5909.6 7145.1 29.5
5899.6 7145.4 29.4
5858.2 7144.5 29.1
5853.4 7144.5 29.1
5520.9 7147.3 26.2
5907.8 7157.4 29.5
5848.3 7156.7 29.1
5607.8 7156.0 27.1
5522.0 7157.3 26.3
5929.3 7169.1 29.7
5907.3 7170.5 29.5
5897.7 7165.2 29.4
5609.5 7166.7 27.2
5511.2 7165.7 26.3
5933.0 7177.9 29.7
5921.5 7175.5 29.6
5607.2 7180.4 27.4
5527.9 7174.6 26.6
5911.7 7185.2 29.5
5528.9 7187.9 26.8
5931.4 7195.4 29.7
5849.0 7199.1 29.1
5491.7 7195.9 26.6
5929.5 7208.3 29.7
5849.4 7204.3 29.1
5610.1 7205.1 27.4
5507.2 7210.4 26.7
5500.8 7204.6 26.7
5487.9 7208.0 26.6
5930.6 7216.2 29.7
5857.5 7215.7 29.1
5851.3 7218.0 29.1
5607.6 7219.7 27.4
5531.0 7215.1 26.9
5509.5 7215.3 26.8
5929.7 7226.2 29.7
5897.0 7227.7 29.4
5861.2 7230.1 29.2
5858.4 7240.6 29.1
5851.8 7236.5 29.1
5853.0 7247.5 29.1
5860.1 7255.5 29.2
5848.7 7260.5 29.1
5609.9 7258.8 27.4
5928.5 7269.3 29.7
5849.1 7266.6 29.1
5862.1 7280.3 29.2
5921.0 7289.1 29.6
5890.5 7289.1 29.4
5860.6 7286.2 29.2
5641.0 7290.8 27.7
5597.7 7287.8 27.4
5860.4 7298.3 29.2
5852.8 7298.4 29.1
5888.9 7308.5 29.4
5877.5 7307.3 29.3
5870.6 7309.7 29.2
5861.7 7308.8 29.2
5849.2 7310.3 29.1
5622.6 7306.0 27.5
5612.4 7304.2 27.5
5927.5 7318.7 29.7
5891.3 7316.0 29.4
5881.4 7316.2 29.3
5870.4 7317.2 29.2
5860.0 7319.8 29.2
5619.8 7319.8 27.5
5859.7 7324.2 29.2
5649.9 7329.9 27.7
5629.0 7330.2 27.6
5922.9 7338.9 29.6
5878.7 7334.3 29.3
5871.3 7334.4 29.2
5861.6 7336.1 29.2
5849.6 7337.2 29.1
5627.2 7338.2 27.6
5620.8 7336.6 27.6
5897.9 7348.8 29.4
5887.1 7350.5 29.4
5870.6 7345.5 29.2
5853.0 7350.2 29.1
5738.4 7349.8 28.3
5619.2 7344.3 27.7
5867.0 7357.7 29.2
5862.9 7354.4 29.2
5807.0 7359.8 28.8
5777.2 7356.7 28.6
5748.0 7354.2 28.4
5742.1 7358.7 28.4
5717.3 7357.8 28.3
5713.4 7356.1 28.2
5661.3 7360.5 28.1
5627.7 7358.1 27.9
5618.7 7359.1 27.9
5922.2 7368.7 29.6
5889.0 7368.4 29.4
5870.7 7368.1 29.2
5847.4 7369.1 29.1
5802.7 7367.1 28.8
5771.8 7365.2 28.6
5751.7 7365.5 28.5
5730.0 7368.4 28.5
5713.2 7370.4 28.4
5689.7 7368.7 28.3
5663.3 7366.6 28.2
5910.0 7379.7 29.5
5900.6 7374.5 29.5
5867.6 7376.0 29.2
5827.3 7376.7 29.0
5759.0 7374.3 28.7
5752.6 7375.9 28.7
5737.1 7376.0 28.6
5733.5 7375.0 28.6
5687.1 7380.5 28.5
5891.4 7387.4 29.4
5872.4 7385.5 29.3
5853.5 7388.4 29.2
5833.3 7390.6 29.1
5802.4 7388.6 29.0
5783.4 7389.7 28.9
5770.7 7386.0 28.8
5620.3 7388.0 28.1
5612.4 7388.6 28.1
5888.8 7397.7 29.1
5870.3 7398.6 29.2
5859.9 7396.5 29.2
5838.4 7394.3 29.1
5810.8 7396.3 29.0
5790.1 7395.9 28.9
5780.8 7394.4 28.8
5763.0 7398.0 28.7
5739.0 7395.1 28.6
5687.4 7400.7 28.4
5618.8 7396.5 28.1
5817.9 7404.2 28.9
5812.5 7404.4 28.9
5793.3 7409.8 28.8
5781.6 7407.2 28.8
5757.3 7410.0 28.6
5751.0 7410.6 28.6
5742.0 7409.6 28.6
5681.4 7409.0 28.3
5673.4 7409.6 28.2
5622.7 7405.6 28.0
5859.9 7416.4 29.1
5853.1 7414.4 29.0
5803.5 7417.2 28.8
5792.3 7416.6 28.7
5779.6 7420.5 28.7
5768.8 7417.6 28.6
5762.1 7419.5 28.6
5751.6 7417.0 28.6
5738.1 7416.7 28.5
5699.8 7417.2 28.3
5669.1 7419.8 28.2
5612.7 7416.1 27.9
5811.2 7426.5 28.8
5757.5 7430.3 28.5
5751.4 7429.1 28.5
5740.4 7425.2 28.5
5717.8 7427.8 28.3
5708.7 7429.7 28.3
5697.2 7424.2 28.3
5687.7 7429.2 28.2
5667.0 7426.6 28.1
5812.4 7435.1 28.7
5799.3 7439.9 28.6
5771.9 7437.7 28.5
5757.6 7438.9 28.5
5748.6 7434.5 28.4
5732.7 7435.8 28.4
5721.9 7439.1 28.3
5697.1 7438.3 28.2
5691.7 7435.0 28.2
5679.7 7440.6 28.1
5821.8 7446.1 28.7
5813.6 7445.4 28.7
5798.4 7448.9 28.6
5793.2 7444.9 28.6
5773.4 7449.4 28.5
5747.0 7447.3 28.3
5728.2 7446.8 28.3
5680.9 7446.3 28.1
5670.8 7445.5 28.0
5792.4 7456.8 28.5
5779.8 7455.0 28.5
5770.5 7459.9 28.4
5748.4 7454.2 28.3
5738.8 7458.1 28.2
5728.8 7457.4 28.2
5681.7 7458.0 28.0
5663.2 7458.2 27.9
5627.9 7459.9 27.7
5800.9 7465.0 28.5
5760.3 7468.6 28.3
5747.4 7465.4 28.2
5739.4 7468.5 28.2
5728.8 7469.2 28.1
5687.7 7466.9 28.0
5682.9 7467.7 27.9
5670.6 7465.4 27.9
5660.4 7464.5 27.8
5739.2 7476.8 28.1
5710.6 7475.0 28.0
5677.3 7476.1 27.8
5657.8 7475.2 27.8
5778.2 7487.3 28.2
5768.3 7484.5 28.2
5759.5 7489.9 28.1
5749.2 7485.0 28.1
5731.3 7489.2 28.0
5722.9 7485.8 28.0
5703.1 7487.1 27.9
5767.4 7494.6 28.1
5760.6 7496.3 28.1
5719.3 7497.9 27.9
5760.5 7509.5 28.0
5740.6 7510.7 28.0
5708.1 7506.1 27.9
5702.0 7509.1 27.8
5799.9 7515.4 28.3
5760.5 7516.4 28.0
5753.2 7517.2 27.9
5737.0 7514.9 27.9
5729.5 7518.9 27.8
5710.0 7514.8 27.7
5811.8 7528.3 28.8
5787.5 7525.6 28.5
5778.3 7530.5 28.4
5757.2 7530.4 28.0
5738.0 7524.6 27.7
5719.6 7530.4 27.5
5712.3 7529.8 27.5
5819.2 7534.5 29.0
5807.7 7537.1 28.9
5789.2 7535.8 28.6
5782.2 7538.0 28.4
5772.9 7539.7 28.3
5748.4 7536.3 27.8
5722.0 7538.8 27.4
5799.0 7544.8 28.7
5770.9 7545.1 28.2
5730.1 7544.7 27.4
5720.1 7544.5 27.2
5713.0 7548.8 27.1
5780.9 7557.6 28.4
5762.2 7555.6 28.0
5746.9 7560.8 27.8
5718.9 7559.4 27.2
5699.8 7558.7 27.1
5767.6 7566.0 28.1
5738.6 7564.9 27.8
5732.4 7570.4 27.6
5718.9 7566.8 27.3
5713.2 7568.2 27.3
5698.9 7565.5 27.2
5718.6 7574.8 27.4
5710.8 7576.9 27.4
6645.9 8672.1 37.8
6665.5 8676.7 38.6
6646.6 8678.9 37.7
6657.3 8686.6 38.2
6746.9 8719.5 42.4
6738.5 8717.5 42.0
6740.6 8730.8 41.9
6718.8 8730.9 41.2
6707.0 8729.0 40.6
6686.5 8729.1 39.7
6788.3 8741.3 42.9
6779.9 8737.9 42.8
6695.6 8738.3 40.2
6741.2 8745.8 41.4
6659.5 8749.9 38.6
6749.3 8758.1 41.2
6650.4 8758.3 38.2
6690.9 8766.0 39.3
6788.4 8778.4 42.1
6771.4 8787.9 41.1
5628.7 7487.9 27.8
5580.9 7488.5 27.6
5537.8 7489.3 27.3
5657.7 7497.8 27.8
5532.6 7499.8 27.4
5662.6 7504.2 27.7
5652.3 7509.8 27.5
5637.2 7509.5 27.5
5679.1 7520.4 27.5
5668.0 7517.3 27.5
5657.9 7519.3 27.4
5639.4 7516.0 27.4
5623.4 7518.2 27.2
5677.3 7529.9 27.3
5673.4 7524.9 27.4
5608.2 7528.2 27.4
5650.8 7539.7 27.2
5640.0 7533.9 27.3
5618.5 7534.1 27.3
5609.9 7540.1 27.1
5672.0 7549.3 27.0
5662.1 7547.9 27.0
5641.6 7544.0 27.1
5598.0 7548.1 26.9
5578.3 7544.7 26.9
5562.8 7548.4 26.8
5550.7 7547.4 26.8
5539.7 7548.7 26.8
5663.0 7559.9 27.0
5648.1 7558.0 27.0
5642.4 7555.7 26.9
5611.1 7555.8 26.8
5598.0 7554.0 26.8
5587.2 7560.3 26.8
5547.5 7554.1 26.7
5641.7 7569.4 27.0
5630.2 7564.6 27.0
5609.9 7565.2 26.9
5601.8 7564.9 26.9
5592.1 7568.4 26.9
5560.4 7564.3 26.7
5680.9 7578.1 27.2
5651.3 7574.2 27.1
5623.2 7575.5 27.0
5612.7 7575.5 27.0
5597.2 7579.5 27.0
5592.7 7576.8 26.9
5561.0 7577.2 26.8
5669.4 7585.4 27.3
5632.6 7588.5 27.2
5613.6 7587.4 27.1
5590.4 7589.9 27.1
5582.2 7590.4 27.0
5559.6 7589.7 27.0
5531.9 7590.3 26.9
5677.2 7597.5 27.4
5672.0 7594.0 27.4
5653.4 7599.0 27.3
5631.4 7594.4 27.2
5619.5 7594.8 27.2
5538.1 7594.2 26.9
5669.1 7610.0 27.5
5650.8 7605.3 27.4
5608.6 7605.4 27.3
5658.7 7613.9 27.5
5622.5 7618.6 27.4
5611.0 7617.2 27.4
5547.1 7614.1 27.1
5667.4 7624.4 27.6
5652.1 7626.2 27.6
5543.5 7624.3 27.2
5649.2 7640.1 27.7
5637.3 7638.2 27.7
5530.8 7638.2 27.3
5640.6 7647.4 27.8
5547.5 7648.2 27.4
5539.4 7650.0 27.4
5520.3 7645.7 27.3
5639.7 7655.5 27.8
5561.7 7657.0 27.6
5540.9 7657.5 27.5
5531.4 7668.8 27.6
5561.5 7675.7 27.7
5549.7 7679.5 27.7
5537.1 7674.2 27.6
5540.4 7686.7 27.8
5531.6 7688.9 27.8
5318.5 6944.7 24.9
5350.2 6957.0 25.2
5320.3 6955.6 24.8
5337.5 6969.1 24.8
5314.2 6963.8 24.6
5334.2 6974.4 24.8
5328.0 6975.4 24.7
5317.3 6973.6 24.7
5325.0 6982.7 24.7
5326.4 6998.4 24.7
5318.9 6994.3 24.6
5310.3 6994.8 24.5
5318.5 7006.4 24.6
5309.8 7005.8 24.5
5314.9 7012.7 24.5
5316.1 7023.1 24.5
5316.8 7033.3 24.5
5307.0 7037.5 24.4
5315.0 7059.1 24.4
5315.1 7066.7 24.4
5324.3 7073.8 24.5
5325.8 7089.0 24.5
5317.5 7084.7 24.4
5325.6 7106.0 24.4
5317.9 7104.4 24.4
5313.9 7112.9 24.3
5390.4 7127.4 25.0
5306.2 7128.6 24.2
5508.1 7137.0 26.0
5384.5 7133.1 24.9
5504.5 7143.3 26.0
5377.5 7148.6 25.0
5389.2 7157.4 25.2
5325.5 7183.3 24.9
5469.3 7199.2 26.5
5308.2 7198.5 25.0
5467.4 7203.3 26.5
5460.1 7203.1 26.4
5448.2 7206.5 26.4
5438.3 7205.0 26.3
5425.0 7208.9 26.2
5344.1 7204.3 25.4
5334.4 7204.7 25.3
5316.0 7205.2 25.2
5460.4 7215.1 26.4
5434.7 7217.9 26.3
5428.1 7213.9 26.2
5498.6 7228.9 26.7
5487.9 7226.2 26.6
5474.1 7225.9 26.5
5467.9 7223.0 26.5
5394.7 7225.6 26.0
5334.6 7223.2 25.6
5325.4 7226.9 25.5
5318.9 7224.0 25.5
5514.3 7237.3 26.8
5495.0 7233.9 26.7
5490.1 7238.0 26.6
5479.8 7235.5 26.6
5465.7 7237.4 26.5
5447.1 7236.8 26.3
5387.2 7234.0 25.9
5377.3 7235.1 25.9
5368.9 7238.5 25.8
5357.2 7233.3 25.7
5345.4 7237.7 25.7
5335.2 7235.5 25.6
5330.1 7235.8 25.6
5315.8 7235.2 25.5
5514.8 7245.4 26.8
5507.4 7244.0 26.8
5484.2 7249.2 26.6
5476.4 7244.4 26.5
5454.7 7248.0 26.4
5356.5 7246.9 25.7
5319.3 7247.1 25.5
5308.1 7244.4 25.4
5519.5 7253.8 26.8
5445.4 7254.6 26.3
5416.5 7259.1 26.1
5375.0 7256.6 25.9
5364.5 7253.2 25.8
5347.5 7257.6 25.7
5339.8 7258.6 25.6
5327.1 7256.4 25.5
5319.7 7254.7 25.5
5375.7 7268.1 25.9
5369.6 7267.0 25.8
5459.8 7278.4 26.4
5395.1 7273.3 26.0
5377.3 7275.1 25.9
5366.2 7272.7 25.8
5337.6 7272.7 25.6
5325.8 7273.4 25.5
5318.2 7275.6 25.5
5454.4 7283.1 26.4
5415.8 7286.5 26.1
5395.7 7285.5 26.0
5376.0 7283.3 25.9
5368.1 7286.3 25.8
5324.1 7287.9 25.7
5449.4 7295.9 26.4
5413.8 7296.1 26.1
5388.7 7297.1 26.1
5359.5 7294.8 25.9
5347.0 7293.0 25.8
5337.4 7297.8 25.8
5315.2 7295.9 25.7
5307.6 7293.3 25.7
5454.1 7304.3 26.4
5448.5 7304.5 26.4
5414.7 7309.1 26.3
5407.9 7302.7 26.2
5394.1 7303.0 26.2
5385.8 7303.5 26.1
5367.0 7306.6 26.1
5338.1 7309.0 26.0
5328.1 7309.3 26.0
5447.2 7313.6 26.5
5416.5 7318.3 26.5
5405.2 7312.8 26.3
5380.0 7317.7 26.3
5355.0 7316.3 26.2
5336.8 7315.4 26.1
5316.0 7314.4 26.0
5404.2 7323.6 26.5
5386.1 7328.6 26.5
5374.6 7327.8 26.4
5364.7 7327.5 26.4
5338.8 7328.0 26.3
5420.2 7338.2 26.8
5394.9 7334.2 26.6
5374.0 7335.5 26.5
5419.6 7348.6 26.9
5397.1 7347.4 26.8
5387.7 7345.8 26.8
5377.0 7343.1 26.7
5356.9 7345.0 26.6
5340.0 7345.7 26.6
5329.0 7346.8 26.6
5318.6 7348.4 26.5
5415.0 7357.1 27.1
5399.4 7358.6 27.0
5385.0 7356.3 26.9
5356.4 7357.8 26.8
5346.8 7356.7 26.8
5329.3 7355.8 26.7
5420.0 7363.0 27.2
5409.7 7368.1 27.2
5394.9 7367.3 27.2
5339.2 7363.0 26.9
5323.9 7367.6 26.9
5314.2 7368.0 26.9
5309.8 7363.5 26.8
5416.1 7378.4 27.3
5397.6 7373.9 27.2
5385.7 7374.3 27.1
5379.8 7377.5 27.1
5368.9 7374.8 27.1
5358.5 7376.1 27.0
5308.2 7376.2 26.9
5414.0 7388.4 27.2
5387.1 7387.4 27.1
5349.3 7382.6 26.9
5325.3 7386.7 27.0
5508.1 7394.3 27.6
5485.3 7395.6 27.5
5458.3 7398.5 27.3
5415.2 7395.3 27.1
5405.4 7395.1 27.1
5394.0 7393.5 27.1
5379.4 7397.1 27.1
5368.5 7395.7 27.1
5336.8 7398.1 27.2
5325.0 7394.7 27.1
5468.6 7406.2 27.3
5407.5 7403.7 27.1
5387.2 7404.2 27.1
5356.2 7407.3 27.3
5347.7 7408.5 27.3
5325.8 7408.0 27.3
5469.6 7413.6 27.3
5426.9 7415.2 27.2
5419.9 7416.9 27.3
5407.2 7417.4 27.3
5390.0 7416.7 27.3
5344.5 7414.4 27.4
5307.9 7412.9 27.5
5429.1 7427.7 27.4
5418.9 7423.8 27.4
5404.9 7426.8 27.4
5384.3 7429.1 27.5
5329.1 7425.0 27.5
5314.1 7428.7 27.6
5487.2 7438.2 27.4
5438.6 7439.1 27.6
5406.4 7434.7 27.6
5394.0 7434.1 27.6
5360.0 7432.9 27.5
5339.5 7435.7 27.6
5317.5 7434.0 27.7
5424.7 7445.7 27.6
5377.4 7447.9 27.6
5358.5 7445.4 27.6
5338.6 7443.8 27.8
5309.4 7446.6 28.0
5300.3 7447.5 28.1
5356.0 7455.1 27.8
5318.0 7459.1 28.2
5305.8 7457.0 28.2
5359.6 7466.5 28.0
5344.6 7464.0 28.1
5338.2 7469.0 28.2
5314.2 7467.3 28.3
5309.0 7466.2 28.3
5346.2 7474.1 28.2
5338.2 7475.4 28.1
5318.4 7478.0 28.0
5307.1 7472.9 28.1
5298.5 7477.4 27.9
5355.9 7484.4 27.9
5345.6 7486.0 27.8
5324.2 7488.8 27.7
5358.7 7492.9 27.7
5345.7 7498.2 27.4
5319.2 7499.1 27.3
5355.2 7503.8 27.3
5349.1 7504.1 27.3
5334.5 7504.8 27.2
5324.1 7505.7 27.2
5317.4 7504.8 27.2
5346.3 7515.6 27.0
5337.8 7514.8 27.0
5326.4 7516.4 26.9
5318.8 7519.2 26.9
5307.2 7517.2 26.9
5359.5 7525.9 26.8
5335.0 7525.0 26.8
5305.6 7526.2 26.7
5375.9 7538.8 26.6
5355.1 7535.2 26.6
5344.8 7535.2 26.6
5336.5 7537.1 26.5
5394.4 7545.5 26.5
5367.6 7548.8 26.4
5393.9 7555.5 26.4
5374.2 7554.2 26.4
5367.9 7558.1 26.3
5408.0 7567.9 26.3
5376.0 7566.4 26.2
5406.9 7576.1 26.3
5379.3 7576.6 26.2
5368.8 7573.0 26.2
5400.1 7584.7 26.4
5387.9 7585.5 26.4
5475.6 7598.2 26.8
5470.5 7594.3 26.7
5435.0 7596.5 26.6
5429.2 7598.4 26.6
5417.2 7598.1 26.6
5384.9 7594.6 26.4
5407.4 7607.1 26.6
5435.8 7614.3 26.8
5425.6 7613.2 26.7
5410.1 7615.8 26.7
5383.9 7613.3 26.6
5367.0 7618.0 26.6
5473.9 7624.6 27.0
5419.5 7622.9 26.8
5380.3 7626.0 26.7
5429.8 7634.3 26.9
5416.5 7636.2 26.9
5364.0 7636.9 26.7
5378.9 7654.8 26.9
5384.6 7669.0 26.9
5387.7 7676.1 27.0
5364.6 7686.1 26.7
5375.9 7697.5 26.8
5378.7 7706.3 26.8
5364.3 7704.5 26.6
5388.7 7714.6 26.9
5389.3 7725.6 26.8
5358.9 7723.7 26.4
5335.0 7723.6 26.1
5325.1 7723.6 26.0
5320.1 7727.6 25.9
5308.8 7725.4 25.8
5298.7 7722.9 25.7
5369.4 7735.1 26.5
5344.2 7737.4 26.2
5323.9 7735.0 25.9
5370.0 7743.3 26.5
5358.3 7747.2 26.3
5305.1 7747.3 25.6
5385.1 7754.7 26.6
5374.0 7754.7 26.4
5369.9 7758.7 26.4
5354.3 7758.7 26.2
5347.5 7758.5 26.1
5306.2 7755.4 25.6
5387.0 7765.6 26.6
5346.3 7768.5 26.0
5340.4 7768.1 25.9
5326.3 7764.0 25.8
5317.0 7764.5 25.6
5297.7 7765.7 25.4
5367.3 7774.8 26.2
5350.1 7772.6 26.0
5326.0 7778.8 25.7
5304.1 7775.8 25.4
5384.4 7785.0 26.4
5380.1 7785.0 26.4
5359.4 7785.3 26.1
5335.1 7785.9 25.8
5329.5 7788.2 25.7
5319.0 7788.5 25.5
5304.5 7784.1 25.4
5385.4 7793.5 26.4
5376.8 7798.3 26.2
5315.6 7797.4 25.4
5307.7 7797.9 25.3
5383.8 7803.1 26.3
5376.7 7806.3 26.2
5340.3 7804.5 25.7
5354.0 7818.4 25.9
5345.4 7814.6 25.8
5339.8 7815.0 25.7
5328.4 7817.8 25.6
5313.8 7815.7 25.4
5374.9 7824.9 26.1
5336.7 7828.6 26.1
5315.2 7826.0 25.9
5305.1 7824.3 25.7
5298.0 7828.6 25.6
5348.9 7834.2 26.3
5335.2 7835.5 26.4
5318.8 7833.7 26.1
5308.7 7832.8 25.8
5294.0 7834.5 25.6
5325.4 7843.4 26.3
5318.1 7844.3 26.2
5298.7 7844.5 25.8
5319.3 7857.0 26.4
5305.2 7854.8 26.1
5295.6 7858.7 26.0
5325.4 7864.0 26.6
5320.4 7867.4 26.6
5298.1 7866.0 26.2
5573.5 7304.8 27.2
5556.5 7305.1 27.1
5594.6 7310.4 27.4
5597.1 7445.0 27.7
5565.8 7451.1 27.5
5555.4 7455.8 27.5
5567.8 7461.3 27.6
5599.3 6936.7 28.8
5592.6 6934.3 28.7
5580.3 6944.1 28.4
5567.2 6944.5 28.2
5579.3 6956.7 28.2
5569.5 6954.1 28.1
5579.8 6965.7 28.0
5569.6 6966.3 27.9
5549.5 6962.6 27.7
5587.9 6976.5 28.0
5579.2 6972.1 27.9
5570.4 6971.5 27.8
5547.9 6974.4 27.5
5597.5 6985.4 27.9
5590.6 6980.4 27.9
5551.1 6982.7 27.4
5531.1 6984.9 27.1
5588.2 6995.8 27.6
5582.5 6994.8 27.6
5560.0 6995.9 27.3
5550.3 6996.5 27.1
5531.8 6995.4 26.9
5517.4 6994.1 26.7
5599.1 7012.4 27.5
5591.3 7011.0 27.4
5590.4 7033.0 27.1
5498.5 7033.8 26.1
5501.6 7041.2 26.1
6710.9 8772.5 39.6
6743.6 8791.2 40.3
6722.0 8796.0 39.5
6751.3 8804.5 39.7
6744.3 8802.1 39.7
6765.4 8812.8 39.6
5490.7 7674.9 27.5
5518.8 7706.6 27.9
4467.9 7750.0 22.6
4365.9 7842.0 21.9
4435.0 7833.6 22.4
4424.7 7831.9 22.3
4437.8 7845.1 22.4
4427.6 7846.4 22.3
4440.8 7854.6 22.4
4377.7 7853.6 22.0
4438.3 7865.1 22.4
4375.8 7862.0 22.0
4369.4 7864.0 22.0
4549.4 7870.7 23.4
4380.4 7874.1 22.1
4379.7 7881.8 22.1
4368.9 7882.4 22.0
4377.7 7894.3 22.1
4440.0 7905.9 22.4
4426.3 7906.4 22.3
4497.4 7911.3 22.5
4468.5 7916.3 22.4
4460.4 7914.6 22.4
4436.3 7916.4 22.3
4428.5 7911.2 22.3
4414.4 7915.2 22.3
4407.1 7914.4 22.3
4495.4 7921.5 22.5
4490.4 7925.2 22.4
4478.6 7923.4 22.4
4406.4 7926.7 22.2
4507.8 7933.5 22.7
4476.7 7931.7 22.4
4446.7 7934.5 22.3
4437.1 7930.9 22.3
4425.5 7935.0 22.3
5426.8 7883.6 26.7
5441.1 7897.2 26.7
5448.0 7904.6 26.8
5438.9 7906.9 26.8
5432.9 7901.1 26.7
5408.5 7906.8 27.3
5369.7 7906.1 27.8
5362.4 7917.2 27.8
5441.2 7925.3 26.8
5427.2 7927.3 27.0
5418.9 7927.2 27.1
5477.7 7937.4 26.8
5472.6 7936.4 26.8
5432.8 7935.7 26.9
5422.5 7936.4 27.1
5406.5 7936.7 27.5
5558.3 7944.9 26.9
5477.2 7943.3 26.9
5471.9 7942.0 26.9
5557.9 7954.3 26.9
5489.1 7957.1 26.9
5478.8 7950.9 26.9
5473.0 7955.3 26.9
5460.4 7954.6 26.9
5581.0 7961.4 27.0
5566.7 7961.7 26.9
5531.0 7963.1 26.9
5499.3 7966.8 26.9
5491.5 7963.2 26.9
5467.7 7963.0 26.9
5667.5 7974.8 27.0
5661.5 7972.9 27.0
5647.9 7976.4 27.0
5587.7 7971.9 27.0
5577.2 7976.0 27.0
5547.7 7971.3 27.0
5531.3 7971.5 26.9
5499.4 7972.5 26.9
5488.1 7971.0 26.9
5466.9 7974.2 26.9
5463.0 7974.7 26.9
5402.0 7977.4 27.7
5672.6 7984.2 27.0
5649.8 7981.4 27.0
5642.2 7987.4 27.0
5622.9 7986.9 27.0
5587.4 7985.6 27.0
5570.7 7983.1 27.0
5561.4 7986.1 27.0
5547.1 7987.2 27.0
5520.7 7982.2 27.0
5501.3 7985.2 27.0
5492.7 7983.7 27.0
5482.6 7980.9 26.9
5659.5 7992.4 26.9
5649.0 7995.5 26.9
5609.9 7993.4 27.0
5597.9 7995.5 27.0
5588.9 7991.1 27.0
5567.6 7995.0 27.0
5551.4 7992.9 27.0
5517.2 7992.4 27.0
5488.8 7994.4 27.0
5409.7 7990.9 27.6
5657.2 8003.2 27.1
5628.4 8004.5 27.0
5617.2 8004.0 27.0
5582.8 8005.0 27.0
5569.2 8001.2 27.0
5561.1 8006.3 27.0
5678.0 8012.7 27.2
5639.4 8015.9 27.7
5620.8 8012.6 27.3
5607.4 8013.8 27.2
5598.7 8014.8 27.2
5586.5 8012.7 27.1
5548.8 8016.4 27.1
5686.4 8026.3 26.8
5671.7 8025.3 27.2
5651.1 8026.0 27.7
5618.0 8021.7 27.9
5539.6 8026.1 27.3
5679.0 8033.8 26.9
5650.5 8036.7 27.5
5641.3 8031.7 27.8
5630.7 8032.0 28.1
5620.9 8034.6 28.3
5618.8 8046.3 28.1
5668.8 8056.7 27.1
5662.7 8051.9 27.1
5618.3 8055.6 28.0
5608.0 8051.8 28.3
5789.0 7807.9 28.8
5717.3 7791.9 28.6
5708.6 7806.2 28.4
5699.3 7875.6 27.5
5736.2 7884.8 27.6
5723.8 7890.7 27.4
5703.4 7895.2 27.3
5700.0 7890.7 27.3
5413.9 7815.1 26.6
5789.6 7791.4 29.2
4872.0 7842.2 26.1
4904.0 7881.6 26.9
4829.0 7952.4 27.6
4748.6 7646.7 25.7
4757.5 7653.4 25.9
4689.4 7653.6 24.7
4678.4 7656.4 24.6
4758.8 7667.6 26.1
4639.0 7677.8 24.5
4756.1 7683.5 26.5
4708.7 7693.8 25.9
4633.8 7704.3 24.9
4648.4 7726.1 25.2
4644.9 7736.1 25.2
4654.9 7745.8 25.4
4637.0 7747.9 25.1
4757.3 7779.6 26.9
4549.9 7337.9 21.6
4530.2 7349.6 21.3
4589.1 7359.1 22.6
4555.9 7358.6 21.6
4598.8 7370.5 22.9
4591.1 7365.6 22.7
4579.1 7370.0 22.4
4536.7 7367.3 21.1
4520.9 7368.7 20.8
4507.6 7369.6 20.5
4587.0 7380.6 22.7
4567.9 7376.8 22.1
4550.7 7376.4 21.4
4510.7 7377.0 20.5
4499.0 7377.6 20.2
4480.1 7397.9 19.7
4579.8 7404.9 22.6
4571.0 7410.1 22.4
4481.8 7405.2 19.7
4579.8 7419.2 22.5
4566.8 7418.3 22.3
4557.1 7420.1 22.1
4490.5 7414.7 19.9
4475.7 7415.5 19.6
4587.3 7427.1 22.6
4560.4 7429.4 22.2
4487.1 7424.4 19.8
4579.2 7435.9 22.5
4498.8 7439.1 20.4
4491.8 7437.1 20.1
4481.2 7439.0 19.8
4599.9 7448.2 22.6
4550.6 7444.3 22.0
4536.4 7449.5 21.7
4499.5 7450.5 20.6
4611.6 7460.6 22.7
4571.5 7454.6 22.3
4541.2 7460.1 21.9
4520.1 7455.6 21.3
4505.7 7459.3 20.9
4688.8 7469.8 23.4
4608.3 7467.7 22.6
4600.7 7469.3 22.6
4579.4 7468.5 22.4
4559.5 7464.6 22.2
4537.0 7467.2 21.8
4517.7 7467.8 21.3
4507.0 7467.3 21.0
4498.5 7465.7 20.8
4596.7 7478.6 22.5
4589.4 7480.2 22.4
4581.3 7478.8 22.4
4677.4 7484.5 23.2
4667.3 7486.3 23.1
4646.0 7485.4 22.9
4627.8 7488.1 22.7
4618.0 7490.1 22.7
4579.0 7486.7 22.3
4566.2 7485.0 22.2
4688.3 7499.7 23.3
4679.6 7500.6 23.2
4666.1 7495.2 23.1
4655.4 7495.4 23.0
4649.5 7494.9 22.9
4641.6 7498.7 22.8
4629.1 7494.2 22.7
4595.6 7495.8 22.4
4557.2 7499.5 22.1
4712.1 7505.0 23.5
4639.7 7510.1 22.8
4566.9 7508.7 22.1
4558.3 7508.6 22.1
4550.0 7509.1 22.0
4567.5 7514.9 22.1
4641.2 7528.0 23.1
4556.3 7528.9 22.2
4638.3 7534.7 23.2
4631.6 7536.3 23.1
4550.9 7534.7 22.2
4641.2 7549.3 23.6
4636.9 7558.2 23.7
4625.9 7560.2 23.5
4616.9 7559.1 23.4
4591.1 7559.2 23.1
4578.0 7560.1 22.9
4638.7 7570.1 23.7
4597.5 7569.7 23.1
4770.6 7575.7 25.4
4637.6 7576.9 23.6
4648.0 7618.6 23.8
4641.3 7615.4 23.7
4711.5 7626.9 24.8
4646.9 7630.2 23.8
4685.8 7637.9 24.5
4676.1 7639.8 24.4
4669.7 7637.7 24.2
4662.1 7637.7 24.1
4661.7 7645.6 24.2
5156.0 7275.4 25.3
5136.7 7276.7 25.3
5144.8 7282.1 25.3
5114.6 7286.6 25.3
5106.1 7294.4 25.3
5098.3 7292.2 25.2
5052.8 7293.1 25.2
5073.4 7303.0 25.2
5064.6 7311.7 25.3
5713.9 7611.2 27.7
5725.2 7621.7 27.8
5733.5 7630.6 28.0
4570.8 7710.1 23.9
4615.4 7721.7 24.6
4581.6 7722.5 24.0
4574.0 7731.6 23.8
4610.3 7742.3 24.6
4604.9 7740.8 24.4
4594.3 7736.8 24.2
4583.1 7739.1 24.0
4552.3 7741.6 23.4
4620.7 7750.1 24.8
4610.6 7747.7 24.6
4580.1 7746.3 23.9
4613.1 7758.5 24.7
4606.1 7758.4 24.6
4625.8 7771.1 25.1
4611.6 7768.7 24.8
4573.4 7792.8 24.0
4605.2 7797.3 25.0
4605.3 7809.2 24.8
4563.1 7810.2 23.6
4594.9 7819.4 24.3
4583.1 7818.2 24.0
4542.2 7832.6 23.2
4585.1 7840.7 24.1
4573.7 7840.6 23.9
4540.2 7841.3 23.2
4562.1 7849.9 23.7
4552.9 7850.8 23.5
4542.3 7848.2 23.3
4621.1 7861.0 24.8
4621.5 7870.2 24.8
4633.0 7878.7 25.0
4625.5 7881.2 24.9
4600.3 7880.2 24.4
4595.0 7891.5 24.3
4615.0 7909.2 24.6
4520.7 7739.3 23.1
4522.8 7749.9 23.0
4502.0 7744.1 22.9
4505.3 7768.5 22.7
4535.7 7797.9 23.1
4532.2 7809.9 23.0
4516.0 7807.1 22.7
4505.4 7810.1 22.7
4493.1 7805.0 22.7
5627.0 7860.0 27.3
5554.5 7859.6 27.0
5427.0 7860.1 26.7
5657.8 7870.1 27.4
5614.3 7868.4 27.2
5605.4 7869.1 27.1
5564.7 7867.5 26.9
5556.2 7867.1 26.9
5544.3 7871.6 26.8
5438.2 7867.7 26.7
5656.3 7880.6 27.2
5648.8 7878.0 27.2
5639.1 7881.7 27.1
5627.7 7879.2 27.1
5617.9 7875.7 27.1
5595.6 7876.1 27.0
5583.6 7876.5 26.9
5577.4 7882.0 26.8
5569.9 7881.8 26.8
5436.5 7877.5 26.7
5424.0 7876.7 26.7
5654.3 7889.1 27.1
5648.5 7887.3 27.1
5627.4 7891.7 27.0
5605.8 7887.8 26.9
5585.8 7888.6 26.8
5579.5 7888.1 26.8
5519.9 7886.3 26.8
5444.3 7892.1 26.7
5699.0 7900.2 27.2
5689.8 7898.4 27.2
5675.5 7898.3 27.1
5643.4 7895.9 27.0
5637.0 7899.6 26.9
5579.9 7898.6 26.8
5558.6 7900.4 26.8
5549.6 7898.1 26.8
5509.7 7899.3 26.8
5684.8 7905.9 27.1
5646.8 7912.0 26.9
5619.0 7909.2 26.9
5605.6 7906.5 26.9
5599.3 7906.6 26.9
5586.7 7908.2 26.8
5556.0 7909.7 26.8
5537.7 7910.2 26.8
5523.5 7907.5 26.8
5486.7 7906.7 26.8
5455.8 7912.0 26.8
5707.4 7917.2 27.0
5666.4 7918.1 26.9
5646.4 7921.6 26.9
5625.7 7919.1 26.9
5578.0 7916.2 26.9
5558.3 7921.9 26.9
5549.2 7917.9 26.8
5498.2 7918.4 26.8
5476.5 7918.6 26.8
5465.4 7920.1 26.8
5454.8 7919.2 26.8
5713.9 7930.8 27.0
5654.1 7927.4 26.9
5646.4 7931.2 26.9
5634.7 7929.0 26.9
5628.7 7932.0 26.9
5605.2 7927.6 26.9
5597.1 7928.1 26.9
5583.7 7931.9 26.9
5578.7 7930.3 26.9
5568.3 7930.9 26.9
5539.4 7929.4 26.9
5496.5 7925.9 26.8
5447.9 7927.7 26.8
5695.9 7939.7 27.0
5648.0 7937.7 26.9
5638.6 7936.0 26.9
5624.0 7942.0 26.9
5614.2 7941.8 26.9
5585.1 7941.4 26.9
5579.7 7938.9 26.9
5554.2 7940.5 26.9
5535.4 7940.0 26.9
5529.7 7941.3 26.9
5494.0 7940.3 26.9
5486.0 7940.8 26.9
5466.5 7938.7 26.8
5447.6 7941.1 26.8
5638.2 7951.3 27.0
5627.2 7945.8 26.9
5609.0 7949.4 26.9
5589.8 7949.3 26.9
5535.3 7946.2 26.9
5455.0 7945.9 26.9
5447.8 7948.9 26.9
5438.5 7951.5 26.9
5628.9 7960.6 27.0
5617.5 7957.7 27.0
5605.7 7957.9 27.0
5515.3 7956.3 26.9
5439.2 7961.2 27.0
5425.0 7957.9 27.2
5659.2 7965.5 27.0
5648.8 7969.8 27.0
5639.6 7966.1 27.0
5626.0 7966.0 27.0
5616.4 7969.3 27.0
5606.6 7966.0 27.0
5513.3 7970.0 26.9
5508.8 7970.1 26.9
5416.4 7969.8 27.3
5887.1 7797.8 30.4
5876.8 7797.0 30.2
5869.1 7801.3 30.0
5881.5 7806.9 30.1
5895.4 7818.9 30.2
5870.2 7821.8 29.7
5861.2 7822.1 29.5
5907.9 7828.8 30.3
5909.3 7838.1 30.2
5845.2 7838.7 28.9
5915.2 7847.2 30.2
5860.0 7846.7 29.1
5830.2 7860.6 28.5
5818.6 7877.1 28.2
5931.2 7887.7 30.2
5799.3 7900.5 27.8
5798.1 7907.6 27.7
5791.5 7910.7 27.6
5777.0 7926.7 27.3
5777.1 7936.2 27.3
5753.8 7942.0 26.9
5764.2 7949.3 27.0
5758.2 7948.5 26.9
5763.8 7957.9 27.0
5747.7 7987.7 26.9
5732.8 8000.5 26.8
5754.6 8007.8 27.0
5723.3 8010.4 26.8
5728.1 8023.0 26.9
5787.0 8051.9 27.3
6815.1 8495.8 44.7
6786.2 8492.4 43.4
6827.2 8506.5 45.3
6800.2 8501.8 44.0
6790.8 8502.7 43.5
6820.7 8514.6 45.0
6796.3 8515.8 43.9
6818.0 8521.4 45.0
6791.0 8531.7 43.8
6849.4 8546.4 45.8
6840.5 8542.4 45.7
6828.3 8543.2 45.5
6821.0 8544.2 45.2
6847.0 8553.0 45.7
6807.3 8551.9 44.6
6848.8 8563.7 45.6
6839.5 8561.8 45.5
6806.6 8564.2 44.6
6874.7 8570.9 46.2
6867.5 8577.5 45.9
6855.0 8577.4 45.5
6830.3 8576.3 45.3
6874.8 8586.1 46.1
6846.0 8582.3 45.3
6884.7 8601.7 46.0
6878.7 8607.4 45.9
6865.4 8601.3 45.8
6840.6 8602.4 45.0
6897.4 8612.8 45.8
6880.1 8625.1 45.7
6856.3 8625.9 45.4
6867.7 8636.8 45.6
6885.7 8646.7 45.4
6880.2 8645.2 45.4
5803.6 7652.4 29.2
5805.1 7664.0 29.2
5768.2 7663.5 28.4
5727.0 7666.1 28.3
5814.5 7671.8 29.4
5807.4 7672.2 29.2
5726.1 7672.9 28.3
5833.3 7683.9 30.0
5738.9 7685.8 28.5
5725.9 7684.6 28.5
5706.8 7682.4 28.4
5697.3 7681.1 28.3
5823.6 7692.9 29.5
5745.3 7694.7 28.6
5723.5 7691.0 28.5
5713.9 7692.3 28.5
5706.5 7693.2 28.5
5686.4 7693.8 28.4
5845.5 7702.9 30.2
5817.1 7703.0 29.2
5739.0 7703.9 28.7
5725.8 7703.4 28.6
5714.3 7704.2 28.6
5705.6 7712.6 28.6
5706.1 7722.1 28.7
5685.3 7723.5 28.7
5716.4 7731.8 28.9
5838.0 7766.8 29.7
5843.5 7776.4 29.8
5222.8 7522.3 26.9
5203.7 7527.0 26.9
5242.9 7569.4 26.7
5248.0 7590.2 26.8
5256.2 7627.6 26.4
5257.5 7656.0 26.1
5262.5 7677.4 26.1
5256.4 7678.1 26.0
5243.5 7682.0 26.2
5210.2 7197.7 25.0
5200.3 7201.4 25.1
5180.9 7200.4 25.2
5159.2 7199.6 25.4
5153.3 7197.9 25.4
5139.3 7199.6 25.5
5093.9 7198.4 25.8
5061.7 7199.3 26.1
5219.9 7210.4 25.1
5182.2 7207.5 25.3
5149.6 7210.3 25.6
5129.0 7209.4 25.7
5120.2 7210.5 25.7
5100.6 7212.7 25.9
5203.1 7217.0 25.3
5171.1 7223.0 25.6
5118.4 7220.2 25.9
5102.7 7219.2 25.9
5093.7 7218.5 25.9
5062.1 7218.9 26.0
5220.2 7230.0 25.4
5204.0 7231.3 25.5
5193.9 7232.2 25.5
5159.5 7231.4 25.6
5122.0 7230.7 25.7
5092.3 7230.7 25.7
5201.2 7237.1 25.4
5172.7 7237.6 25.4
5160.4 7237.0 25.5
5134.5 7237.7 25.5
5123.7 7239.8 25.5
5112.2 7241.3 25.5
5074.5 7240.6 25.6
5202.5 7247.4 25.2
5171.5 7250.5 25.2
5163.5 7251.3 25.2
5130.4 7248.6 25.3
5114.2 7249.8 25.3
5193.9 7259.0 25.3
5159.2 7258.2 25.2
5080.7 7257.6 25.2
5212.8 7272.3 25.3
5189.4 7272.2 25.3
5181.0 7270.0 25.3
5162.5 7271.7 25.3
5210.0 7278.6 25.4
5199.4 7280.8 25.4
5180.4 7281.7 25.4
5179.5 7292.8 25.3
5211.2 7302.7 25.4
5181.0 7302.1 25.4
5208.5 7309.4 25.5
5162.7 7311.3 25.4
5182.4 7319.2 25.6
5174.1 7317.6 25.5
5192.1 7332.1 25.9
5183.5 7329.0 25.8
5149.0 7333.3 25.7
5130.5 7332.5 25.6
5170.5 7341.5 25.9
5139.7 7339.3 25.8
5128.8 7338.5 25.7
5189.9 7350.1 26.1
5144.6 7351.9 26.0
5133.0 7349.6 25.9
5124.2 7347.2 25.9
5105.0 7352.8 25.9
5190.2 7360.9 26.3
4801.9 7796.8 26.4
4788.2 7794.7 26.4
4777.8 7799.8 26.3
4819.9 7804.7 26.2
4790.2 7804.2 26.3
4778.3 7807.4 26.2
4808.5 7819.9 25.9
4782.9 7819.6 25.9
4752.0 7816.5 25.9
4743.2 7816.4 25.9
4817.5 7826.7 25.9
4799.3 7824.5 25.9
4778.2 7826.0 25.8
4774.1 7826.9 25.8
4748.8 7826.0 25.8
4738.7 7827.8 25.7
4710.6 7825.1 25.7
4823.9 7833.7 26.0
4809.8 7835.4 25.9
4779.1 7839.3 25.7
4753.3 7833.6 25.6
4812.1 7845.6 25.8
4773.1 7847.5 25.7
4729.8 7848.2 25.5
4770.1 7859.5 25.6
4779.1 7868.7 25.7
4770.5 7866.0 25.6
4720.2 7868.0 25.4
4773.0 7876.8 25.8
4757.9 7877.4 25.7
4750.2 7874.8 25.6
4742.5 7876.9 25.6
4771.4 7887.2 26.0
4729.7 7887.0 25.6
4710.4 7897.1 25.7
4728.8 7916.9 26.2
4682.7 7725.6 25.7
4677.4 7723.9 25.6
4681.3 7736.5 25.7
4677.3 7737.3 25.7
4682.3 7741.7 25.8
4693.2 7754.5 26.1
4727.2 7776.5 26.8
4705.2 7786.2 26.6
4672.7 7783.9 26.0
4666.8 7783.5 25.9
4753.3 7792.6 26.3
4747.5 7792.4 26.3
4663.1 7859.2 25.1
4679.5 7866.5 25.2
4663.2 7876.1 25.1
4680.5 7889.7 25.3
4662.2 7895.8 25.3
4678.9 7914.1 25.7
4690.1 7924.6 25.9
4679.2 7928.1 25.7
4700.1 7938.3 26.1
4692.2 7940.4 26.0
4701.6 7948.2 26.1
5963.7 7135.4 29.6
6069.8 7167.0 30.1
6130.3 7187.7 30.4
6119.8 7188.0 30.4
6151.1 7198.2 30.4
6121.4 7198.0 30.6
6164.1 7205.5 30.4
6141.7 7204.4 30.5
6164.6 7217.9 30.5
6174.0 7238.0 30.7
6171.9 7248.8 30.8
6161.5 7249.3 31.0
5933.4 7246.5 29.7
5932.0 7284.8 29.7
5929.3 7335.9 29.7
5911.7 7384.4 29.5
5903.1 7398.3 29.3
5892.9 7398.9 29.1
5905.0 7405.0 29.3
5919.1 7418.2 29.3
5901.8 7418.8 28.9
5915.0 7428.6 29.0
5922.4 7445.8 28.8
5920.7 7478.0 28.3
5914.2 7475.2 28.2
5911.3 7484.2 28.3
5921.8 7503.4 28.9
5911.8 7506.4 28.9
5889.8 7517.1 29.1
5921.0 7525.4 29.6
5912.3 7526.0 29.5
5901.2 7525.9 29.4
5889.5 7526.2 29.3
5914.8 7537.2 29.9
5900.4 7544.7 29.9
5850.0 7549.3 29.6
5840.5 7546.2 29.4
5835.5 7544.4 29.3
5859.9 7559.3 29.8
5853.9 7553.7 29.7
5839.4 7559.1 29.5
5803.1 7556.6 28.8
5823.1 7564.3 29.2
5813.6 7566.5 29.0
5804.0 7568.1 28.8
5789.7 7567.2 28.6
5781.2 7564.1 28.4
5841.4 7586.5 29.5
5819.1 7589.5 29.4
5809.8 7585.7 29.1
5789.3 7585.6 28.9
5783.1 7585.3 28.9
5831.2 7596.7 29.7
5822.4 7599.7 29.7
-2221.0 3212.9 15.4
-2230.0 3213.9 15.5
-2255.0 3212.1 15.6
-2223.6 3220.1 15.5
-2233.0 3221.5 15.5
-2248.8 3225.9 15.6
-2260.0 3222.9 15.6
-2200.4 3229.9 15.3
-2264.3 3232.8 15.6
-2210.8 3240.0 15.4
-2220.8 3244.7 15.4
-2234.4 3245.7 15.5
-2269.5 3240.5 15.5
-2133.5 3253.1 15.0
-2202.3 3250.3 15.3
-2219.6 3251.1 15.4
-2253.0 3250.1 15.5
-2260.1 3251.5 15.5
-2144.1 3262.6 15.1
-2149.8 3260.0 15.1
-2229.0 3263.7 15.4
-2133.2 3270.6 15.0
-2164.0 3269.7 15.1
-2193.5 3272.6 15.3
-2213.8 3273.8 15.4
-2240.1 3272.1 15.4
-2274.0 3271.3 15.3
-1912.0 3281.9 15.6
-1919.8 3280.8 15.6
-2139.7 3282.9 15.0
-2159.8 3283.3 15.1
-2180.1 3282.7 15.2
-2193.8 3285.4 15.3
-1895.1 3292.7 15.5
-1911.8 3294.2 15.6
-1932.0 3294.9 15.6
-2132.6 3290.0 15.0
-2174.6 3293.0 15.2
-2182.0 3293.5 15.2
-1895.0 3299.6 15.6
-2120.7 3304.3 15.0
-2134.5 3303.6 15.0
-2160.1 3301.0 15.1
-2171.2 3299.9 15.2
-1930.7 3310.2 15.6
-2129.2 3313.5 15.0
-2143.5 3312.5 15.0
-2155.0 3311.8 15.1
-2219.0 3314.9 15.1
-1775.1 3322.4 15.5
-1780.1 3323.4 15.4
-1853.3 3323.4 15.5
-1899.8 3319.9 15.6
-1934.2 3321.5 15.6
-1944.3 3322.3 15.6
-2131.9 3322.6 15.0
-2140.8 3319.4 15.0
-2150.8 3322.6 15.1
-2162.1 3321.8 15.1
-2173.4 3322.0 15.1
-2204.3 3319.8 15.1
-2210.9 3320.2 15.1
-1781.4 3332.8 15.4
-1815.0 3333.6 15.4
-1841.0 3330.9 15.5
-1892.0 3330.2 15.6
-1900.6 3333.8 15.6
-1942.5 3329.9 15.6
-1950.5 3333.9 15.6
-2160.0 3334.5 15.1
-2204.4 3334.0 15.0
-2209.2 3335.2 15.0
-1781.4 3339.9 15.3
-1793.7 3339.7 15.3
-1801.8 3344.0 15.3
-1824.1 3344.7 15.4
-1834.5 3344.5 15.4
-1901.7 3343.7 15.6
-1909.6 3340.6 15.6
-1939.2 3341.8 15.6
-1949.6 3344.8 15.6
-2122.7 3339.5 15.0
-2141.3 3341.1 15.0
-2201.2 3341.6 15.0
-1805.3 3352.2 15.3
-1834.5 3350.0 15.4
-1944.6 3355.1 15.6
-2088.8 3351.5 15.1
-1781.4 3361.4 15.2
-1793.7 3360.7 15.3
-1818.8 3362.3 15.3
-1840.8 3360.5 15.4
-1892.5 3363.1 15.6
-1912.9 3363.1 15.6
-1934.4 3361.2 15.6
-1945.2 3362.0 15.6
-1955.0 3359.7 15.6
-2069.9 3365.6 15.2
-2092.8 3363.5 15.1
-2163.2 3363.5 15.0
-1863.7 3375.5 15.5
-1869.1 3372.3 15.5
-1890.7 3375.9 15.6
-1900.3 3374.4 15.6
-1923.0 3374.9 15.6
-1930.3 3370.5 15.6
-1955.0 3371.7 15.6
-2064.6 3372.3 15.2
-2090.3 3370.9 15.1
-2102.2 3373.8 15.1
-1924.5 3381.9 15.6
-1931.1 3380.2 15.6
-1939.7 3385.2 15.6
-1970.4 3382.5 15.5
-2052.7 3383.9 15.2
-2064.6 3383.0 15.2
-2075.0 3381.6 15.2
-2090.0 3382.8 15.1
-2111.7 3384.3 15.1
-1953.7 3389.6 15.6
-1961.8 3393.0 15.6
-1973.0 3391.2 15.5
-2041.0 3390.5 15.3
-2059.7 3391.2 15.2
-2131.4 3395.1 15.1
-1904.9 3404.9 15.6
-1948.8 3404.4 15.6
-1959.5 3403.7 15.6
-1969.0 3400.5 15.6
-2022.9 3403.9 15.4
-2029.7 3400.4 15.3
-2040.2 3399.8 15.3
-2051.4 3400.5 15.3
-2084.0 3400.0 15.2
-1880.4 3410.6 15.5
-1913.3 3413.8 15.6
-1992.3 3412.7 15.5
-2009.7 3410.9 15.4
-2104.7 3410.5 15.2
-1882.2 3420.8 15.5
-1960.4 3420.0 15.6
-1981.5 3425.8 15.6
-2000.9 3422.1 15.5
-2024.5 3423.4 15.4
-2042.3 3419.9 15.4
-2051.3 3422.4 15.3
-2061.7 3421.2 15.3
-1740.0 3430.5 15.2
-1884.6 3431.4 15.5
-1903.4 3430.0 15.6
-1980.6 3433.1 15.6
-1993.0 3433.1 15.6
-2090.5 3430.8 15.3
-1760.7 3444.8 15.0
-1772.7 3445.9 15.1
-1779.0 3440.1 15.2
-1912.0 3442.7 15.7
-1975.3 3443.0 15.6
-1979.0 3442.3 15.6
-2072.7 3440.2 15.4
-1853.4 3451.8 15.6
-1925.1 3449.9 15.7
-1972.7 3452.2 15.5
-2004.4 3451.1 15.5
-2052.5 3451.4 15.5
-1814.6 3462.5 15.5
-1822.0 3459.8 15.5
-1828.8 3461.2 15.6
-1839.8 3464.3 15.6
-1900.6 3460.9 15.7
-1914.9 3460.5 15.7
-1965.3 3461.5 15.5
-1852.1 3472.9 15.8
-1910.7 3473.5 15.6
-1920.4 3472.7 15.6
-1984.3 3473.7 15.5
-1992.7 3471.7 15.5
-1883.3 3479.7 15.7
-1919.1 3483.6 15.5
-1999.0 3483.7 15.4
-1902.5 3491.5 15.6
-1908.9 3505.6 15.5
-1924.3 3502.4 15.4
-1933.1 3499.7 15.4
-1995.4 3500.2 15.4
-1962.4 3520.8 15.3
-2531.6 2946.0 15.2
-2539.3 2953.8 15.1
-2526.4 2964.3 15.2
-2541.5 2961.3 15.1
-2547.7 2964.3 15.1
-2557.5 2975.9 15.1
-2530.5 2986.9 15.2
-2539.2 2985.2 15.1
-2548.2 2985.9 15.1
-2499.7 2991.5 15.4
-2550.2 2992.2 15.1
-2557.2 2994.0 15.1
-2489.1 3006.4 15.5
-2517.8 3001.3 15.3
-2547.6 3002.0 15.1
-2557.3 3003.5 15.0
-2550.5 3024.7 15.1
-2468.6 3036.2 15.7
-2515.8 3031.1 15.4
-2550.9 3035.3 15.2
-2471.8 3042.4 15.7
-2518.7 3046.6 15.5
-2469.7 3050.6 15.6
-2515.3 3054.1 15.6
-2535.5 3050.6 15.4
-2480.7 3065.6 15.6
-2501.6 3066.9 15.7
-2506.7 3065.5 15.7
-2529.1 3066.7 15.6
-2540.5 3065.5 15.5
-2508.3 3086.3 15.7
-2530.2 3085.8 15.7
-2425.8 3095.3 15.3
-2458.5 3095.9 15.5
-2481.7 3093.7 15.6
-2509.7 3094.6 15.7
-2516.1 3096.0 15.8
-2528.6 3092.9 15.8
-2456.6 3103.1 15.5
-2467.7 3105.1 15.6
-2480.4 3106.6 15.7
-2518.8 3106.5 15.9
-2525.8 3105.8 15.9
-2415.5 3114.9 15.4
-2427.2 3116.3 15.5
-2441.0 3115.8 15.6
-2460.4 3116.4 15.7
-2468.0 3113.2 15.7
-2489.9 3112.7 15.8
-2498.7 3116.3 15.9
-2516.6 3112.1 15.9
-2408.1 3120.5 15.5
-2450.2 3124.7 15.7
-2488.6 3120.7 15.9
-2405.3 3133.3 15.6
-2448.2 3131.3 15.8
-2439.6 3152.2 15.9
-2378.5 3166.3 16.1
-2421.7 3165.0 16.0
-2445.4 3162.3 16.0
-2385.5 3176.7 16.1
-2427.0 3170.8 16.0
-2366.1 3181.5 16.0
-2388.5 3183.9 16.1
-2396.2 3181.2 16.1
-2420.1 3182.5 16.2
-2388.4 3193.8 16.0
-2409.6 3194.8 16.1
-2419.0 3196.3 16.2
-2428.6 3192.5 16.3
-2415.4 3205.4 16.1
-2430.2 3203.0 16.2
-2391.8 3215.4 15.9
-2398.6 3214.6 16.0
-2425.9 3215.5 16.1
-2330.7 3220.7 15.6
-2317.4 3236.6 15.5
-2360.4 3233.7 15.7
-2409.2 3231.3 15.9
-2330.6 3241.3 15.5
-2340.2 3245.2 15.5
-2359.5 3244.4 15.6
-2405.9 3246.6 15.8
-2311.8 3253.5 15.4
-2358.4 3253.2 15.6
-2365.4 3250.7 15.6
-2410.3 3252.9 15.7
-2296.0 3265.4 15.3
-2310.1 3260.7 15.4
-2370.7 3264.3 15.6
-2388.6 3266.8 15.6
-2397.6 3260.9 15.6
-2409.4 3263.4 15.6
-2287.0 3276.8 15.3
-2296.6 3276.9 15.3
-2391.5 3273.2 15.5
-2285.5 3286.8 15.2
-2281.4 3295.8 15.2
-2287.5 3294.1 15.2
-2257.9 3306.8 15.1
-2266.5 3303.4 15.2
-2277.8 3304.3 15.1
-2260.1 3312.1 15.1
-2270.5 3313.6 15.1
-2275.4 3315.1 15.1
-2261.0 3324.9 15.0
-2269.4 3323.2 15.0
-2228.9 3336.1 15.0
-2260.3 3336.7 15.0
-2218.9 3343.7 15.0
-2256.1 3343.4 15.0
-2266.8 3341.8 15.0
-2198.6 3355.7 15.0
-2209.5 3354.2 15.0
-2215.8 3351.1 15.0
-2228.8 3355.1 15.0
-2259.5 3356.2 15.1
-2187.6 3366.0 15.1
-2197.6 3361.4 15.0
-2170.8 3376.7 15.1
-2188.2 3374.3 15.1
-2226.8 3376.5 15.1
-2265.7 3374.5 15.1
-2158.6 3386.3 15.1
-2168.1 3385.1 15.1
-2179.7 3381.8 15.1
-2206.6 3382.3 15.1
-2255.3 3385.1 15.1
-2266.9 3384.9 15.1
-2157.0 3395.3 15.1
-2188.1 3392.5 15.1
-2216.2 3392.8 15.1
-2228.6 3394.3 15.2
-2241.4 3391.2 15.1
-2261.5 3391.5 15.1
-2208.4 3401.2 15.2
-2219.6 3405.6 15.2
-2230.8 3403.6 15.2
-2128.2 3412.4 15.2
-2139.4 3415.7 15.2
-2227.6 3414.8 15.2
-2235.8 3410.8 15.1
-2110.6 3426.3 15.2
-2129.7 3421.7 15.2
-2106.6 3431.1 15.3
-2128.1 3430.7 15.2
-2136.4 3433.3 15.2
-2090.2 3444.8 15.4
-2115.7 3441.4 15.3
-2145.5 3450.8 15.3
-2129.4 3461.6 15.3
-2139.7 3465.1 15.3
-2150.8 3464.1 15.3
-2121.8 3473.1 15.4
-2046.6 3483.6 15.4
-2088.6 3480.9 15.4
-2120.1 3484.0 15.3
-2139.9 3486.3 15.3
-2146.2 3485.1 15.3
-2028.7 3496.5 15.3
-2139.4 3493.9 15.3
-2146.3 3493.4 15.4
-2067.3 3502.3 15.3
-2079.2 3500.7 15.3
-2121.7 3501.2 15.3
-2131.1 3505.8 15.3
-2146.8 3504.6 15.4
-2098.6 3516.5 15.3
-2107.2 3515.8 15.3
-2128.8 3514.7 15.4
-2139.3 3515.8 15.4
-1979.5 3525.0 15.3
-2020.8 3522.1 15.3
-2025.3 3523.3 15.3
-2035.9 3524.8 15.3
-2049.1 3521.9 15.3
-2078.0 3525.6 15.3
-2087.2 3522.5 15.3
-2108.9 3521.5 15.3
-1961.0 3536.0 15.3
-1970.9 3530.7 15.3
-1978.9 3536.8 15.3
-2036.0 3534.3 15.3
-2048.8 3533.6 15.3
-2087.0 3530.4 15.3
-2100.7 3534.5 15.3
-2111.0 3533.2 15.3
-1951.0 3543.6 15.3
-1959.4 3547.0 15.2
-1988.0 3541.5 15.3
-2056.4 3545.6 15.3
-2086.2 3541.7 15.3
-2097.4 3542.8 15.3
-1949.1 3553.1 15.1
-2091.3 3552.1 15.4
-2031.2 3561.6 15.3
-2058.3 3566.4 15.3
-2080.5 3564.9 15.4
-2089.9 3560.9 15.4
-1969.3 3572.2 15.2
-1989.0 3574.3 15.3
-2048.5 3572.6 15.3
-2070.3 3572.8 15.4
-1991.5 3585.4 15.3
-1999.1 3582.4 15.3
-2009.7 3586.5 15.4
-2049.0 3580.7 15.4
-2087.6 3585.4 15.5
-1999.3 3592.4 15.4
-2047.3 3591.4 15.5
-2061.8 3595.2 15.6
-2087.6 3593.9 15.5
-2095.3 3591.2 15.5
-2051.6 3602.5 15.6
-2021.6 3616.0 15.7
-2099.3 3615.6 15.7
-2040.3 3620.3 15.8
-2059.8 3626.3 15.8
-2058.5 3634.2 15.9
-2066.5 3635.8 15.9
-2076.5 3631.3 15.9
-2100.0 3636.8 15.9
5835.3 8004.3 28.2
5825.1 8000.9 28.1
5713.2 8026.3 26.8
5832.8 8032.3 28.2
5827.0 8035.1 28.1
5715.4 8035.5 26.9
5706.5 8034.1 26.8
5813.2 8044.4 27.8
5732.7 8046.8 27.1
5707.6 8042.2 26.8
5824.2 8053.6 28.0
5807.1 8050.3 27.7
5746.5 8056.7 27.1
5737.2 8052.4 27.1
5693.9 8052.2 26.7
5797.2 8060.5 27.5
5733.7 8062.6 27.2
5692.7 8061.2 26.9
5683.9 8063.6 27.0
5717.1 8074.9 27.0
5685.3 8075.2 27.1
5806.1 8085.9 27.6
5797.3 8084.9 27.5
5724.6 8084.5 27.1
5717.3 8083.3 27.1
5703.7 8084.1 27.1
5697.4 8085.8 27.2
5783.7 8096.6 27.3
5772.1 8092.0 27.3
5767.6 8096.1 27.3
5747.1 8095.7 27.4
5736.4 8092.7 27.3
5714.5 8096.6 27.2
5802.2 8104.6 27.5
5791.6 8100.8 27.4
5772.0 8106.5 27.4
5766.9 8101.2 27.4
5752.8 8102.9 27.5
5714.8 8106.4 27.4
5792.7 8110.5 27.4
5757.4 8113.6 27.6
5801.5 8144.7 27.6
5797.6 8143.9 27.5
5787.9 8146.4 27.6
5516.8 8103.6 27.2
5507.4 8104.4 27.1
5489.5 8111.4 26.9
5508.7 8133.0 26.7
5518.4 8140.9 26.6
5509.2 8142.0 26.5
5529.7 8151.9 26.6
5518.2 8152.8 26.5
5506.7 8153.2 26.4
5506.9 8162.8 26.3
5514.9 8171.1 26.2
5499.4 8169.4 26.1
4899.9 6703.8 23.2
4873.1 6704.4 23.3
4910.6 6712.8 23.2
4902.1 6713.0 23.3
4889.5 6712.6 23.3
4880.6 6710.2 23.3
4872.2 6709.2 23.3
4861.4 6713.0 23.4
4921.7 6721.6 23.5
4901.5 6718.2 23.4
4891.1 6723.0 23.5
4909.2 6734.4 23.8
4900.8 6731.8 23.7
4891.0 6734.7 23.8
4941.5 6739.7 23.6
4912.6 6739.7 23.8
4899.7 6740.9 23.9
4947.7 6753.8 24.0
4943.8 6754.2 24.0
4934.2 6754.2 24.0
4922.9 6751.3 23.9
5140.2 6762.2 25.6
4971.0 6760.7 24.1
4918.5 6758.4 24.1
4969.6 6774.4 24.5
4912.1 6770.6 24.4
5128.6 6780.3 26.1
5118.7 6778.6 25.9
4971.3 6780.0 24.7
4952.8 6780.9 24.6
5109.5 6793.7 26.4
4973.0 6792.7 25.2
4953.7 6792.2 25.0
5152.2 6798.2 26.4
5119.3 6802.2 26.4
5100.3 6798.4 26.5
5008.7 6804.4 25.9
4963.8 6802.8 25.4
4929.1 6801.9 25.2
4923.0 6803.9 25.2
5127.7 6809.8 26.1
5120.5 6814.4 26.0
5103.5 6811.3 26.2
5083.6 6813.8 26.2
4998.9 6811.6 26.0
4993.2 6808.8 25.9
4982.4 6811.9 25.9
4969.6 6812.1 25.8
4959.0 6814.5 25.8
4952.8 6812.6 25.7
4940.9 6814.5 25.6
4931.5 6810.0 25.4
5112.7 6823.4 26.2
5100.6 6824.6 26.2
5092.5 6821.4 26.1
5014.1 6822.0 26.1
4999.5 6823.3 26.1
4988.6 6822.0 26.2
4983.5 6818.9 26.2
4973.8 6823.0 26.2
4961.0 6818.5 25.9
5090.1 6828.4 26.2
5083.4 6828.9 26.2
4988.0 6829.0 26.0
4978.5 6834.5 26.1
4950.9 6832.1 26.0
5053.8 6843.9 26.4
4983.2 6839.3 26.2
4972.0 6843.6 26.3
4962.2 6840.2 26.2
5093.6 6854.4 26.1
5050.3 6848.7 26.5
4973.8 6852.6 26.5
4950.8 6849.3 26.4
4937.9 6851.0 26.4
5104.2 6864.2 25.8
4998.1 6862.7 26.7
4989.7 6862.7 26.7
4983.2 6861.1 26.6
4968.5 6860.3 26.6
5097.9 6869.9 25.8
5089.5 6871.1 25.8
5071.4 6870.3 26.0
5059.4 6872.3 26.0
5028.1 6871.0 26.2
5022.6 6870.6 26.3
4998.2 6868.9 26.5
4991.4 6873.4 26.5
4968.7 6869.7 26.8
4949.5 6870.0 26.8
5111.4 6882.5 25.6
5098.8 6879.7 25.7
5080.1 6879.4 25.9
5073.7 6880.6 25.9
5023.9 6878.1 26.2
5022.5 6890.2 26.2
5013.3 6888.5 26.3
4998.6 6891.3 26.4
4982.5 6889.3 26.5
4970.1 6894.5 26.6
5107.8 6904.3 25.4
5101.9 6904.5 25.5
5092.3 6899.2 25.5
4990.5 6900.7 26.4
4969.2 6899.4 26.6
5123.8 6909.7 25.3
5108.4 6914.1 25.4
5098.9 6912.3 25.5
5082.7 6912.4 25.6
5073.3 6909.3 25.7
4978.1 6913.9 26.5
5119.6 6919.2 25.4
5097.8 6921.6 25.6
5090.9 6920.9 25.6
5070.8 6920.3 25.8
4990.5 6918.5 26.4
4973.8 6919.2 26.5
5141.1 6928.2 25.3
5088.7 6931.3 25.7
5023.6 6929.3 26.2
5122.9 6944.1 25.5
5111.8 6940.8 25.6
5078.3 6942.3 25.8
5130.8 6951.5 25.5
5121.3 6953.6 25.6
5102.2 6954.3 25.8
5087.8 6948.8 25.9
5078.9 6951.7 26.0
5073.6 6954.7 26.0
5059.5 6950.9 26.1
5141.6 6964.4 25.2
5120.0 6962.8 25.4
5113.2 6963.9 25.5
5100.5 6963.0 25.6
5089.6 6961.3 25.8
5071.9 6963.2 25.9
5119.3 6973.2 25.3
5108.7 6968.1 25.4
5083.4 6971.8 25.6
5029.1 6971.5 26.2
5008.9 6939.3 26.3
5008.1 6948.0 26.5
5009.3 6966.4 26.5
4999.2 6969.0 26.5
5009.9 6980.1 26.2
5134.2 6981.6 25.2
5159.2 6993.7 25.1
5151.1 6995.4 25.1
5142.2 6992.6 25.2
5109.7 6991.9 25.4
5160.7 7000.8 25.1
5114.9 7001.3 25.3
5100.9 7000.3 25.4
5094.6 6999.2 25.5
5021.5 6999.4 25.9
5013.2 7002.7 25.9
4999.6 7004.5 26.0
5139.1 7013.8 25.2
5134.7 7012.1 25.2
5111.7 7012.6 25.3
5023.5 7013.0 25.8
4992.1 7015.4 26.0
5133.3 7021.4 25.2
5079.3 7022.2 25.5
5031.0 7019.4 25.8
5009.2 7024.5 25.9
5155.1 7033.2 25.1
5143.5 7029.5 25.1
5132.9 7033.6 25.2
5121.9 7029.1 25.3
5023.0 7033.2 25.8
5014.5 7031.6 25.9
5152.5 7042.5 25.1
5131.5 7042.5 25.2
5121.3 7039.8 25.3
5080.3 7039.5 25.5
5072.8 7042.5 25.5
5062.0 7039.1 25.6
5012.8 7045.3 25.9
5123.7 7053.6 25.3
5020.6 7049.4 25.8
5033.3 7061.5 25.8
5013.2 7059.1 25.9
5073.5 7070.4 25.6
5005.1 7073.0 26.2
5059.9 7084.6 26.1
4999.5 7083.9 26.5
5020.6 7092.5 26.6
5038.8 7100.4 26.7
4919.8 8088.8 29.4
5155.1 7646.4 28.4
5146.3 7661.1 28.4
5175.3 7691.3 27.6
5133.3 7686.2 28.5
5116.8 7688.1 28.8
5168.6 7699.3 27.7
5143.0 7700.8 28.2
5193.5 7708.2 27.1
5184.6 7706.0 27.3
5176.8 7711.1 27.4
5166.0 7705.9 27.7
5206.4 7716.3 26.7
5147.3 7718.0 28.0
5136.9 7716.4 28.2
5208.9 7726.7 26.6
5198.0 7729.1 26.8
5164.3 7725.1 27.5
5155.0 7726.3 27.7
5148.2 7737.5 27.8
5165.0 7749.4 27.3
5144.0 7747.2 27.8
5164.1 7759.9 27.2
5175.0 7766.3 26.8
5168.9 7770.2 26.6
5157.3 7770.3 26.7
5182.8 7779.5 26.1
5157.8 7780.0 26.2
5118.9 7809.7 26.8
5144.2 7818.1 26.0
5127.7 7815.8 26.4
5137.1 7827.2 25.8
5083.6 7801.0 27.1
5106.9 7822.4 26.5
5112.7 7831.6 26.2
5124.9 7842.0 25.7
5046.6 7864.3 27.7
5124.7 7870.7 25.5
5022.5 7874.0 27.7
5028.4 7879.7 27.8
5032.6 7902.9 28.0
5078.3 7570.9 29.1
5558.3 7798.2 27.6
5547.0 7802.9 27.5
5575.2 7811.3 27.6
5556.8 7808.0 27.5
5586.3 7820.3 27.6
5534.4 7822.4 27.3
5529.4 7828.2 27.2
5515.8 7831.7 27.1
5509.4 7834.0 27.0
5509.9 7849.7 26.9
5507.2 7862.5 26.7
5499.2 7860.7 26.7
5269.8 7340.8 26.3
5251.2 7347.9 26.3
5269.9 7360.1 26.6
5239.2 7361.5 26.5
5264.5 7370.9 26.7
5243.5 7372.1 26.7
5270.3 7382.7 26.9
5264.2 7379.8 26.9
5243.1 7377.3 26.7
5268.8 7386.2 27.0
5249.3 7400.5 27.1
-1686.8 3284.0 15.0
-1704.8 3280.1 15.0
-1684.9 3289.7 15.0
-1688.1 3302.7 15.0
-1697.5 3298.5 15.0
-1677.2 3317.7 15.1
-1693.1 3320.3 15.2
-1704.3 3319.3 15.3
5647.9 7785.3 28.3
5637.7 7790.1 28.1
5675.8 7795.4 28.3
5644.9 7796.1 28.1
5689.2 7805.3 28.2
5677.6 7803.7 28.2
5697.2 7814.7 28.2
5665.7 7818.4 27.9
5655.8 7817.4 27.9
5638.9 7818.9 27.8
5668.2 7824.3 27.9
5649.5 7823.9 27.8
5684.1 7837.6 27.8
5673.3 7836.8 27.8
5629.4 7838.1 27.6
5089.7 7379.8 26.1
5172.9 7397.4 26.6
5113.4 7402.4 26.4
5104.2 7396.5 26.3
5180.6 7412.8 26.9
5125.1 7406.7 26.5
5201.5 7417.7 27.1
5190.1 7419.3 27.0
5169.8 7421.8 26.9
5164.1 7420.3 26.9
5140.5 7417.6 26.7
5100.1 7422.6 26.5
5194.6 7431.6 27.2
5160.6 7431.3 27.0
5152.4 7428.8 26.9
5140.7 7428.6 26.8
5132.1 7428.8 26.8
5202.2 7442.0 27.3
5173.4 7441.9 27.2
5170.2 7451.7 27.2
5159.6 7451.8 27.1
5142.6 7451.6 27.1
5174.2 7461.3 27.1
5110.8 7462.6 27.0
5103.0 7462.5 26.9
5201.1 7469.5 27.1
5190.2 7468.7 27.1
5175.3 7470.8 27.1
5161.4 7471.0 27.1
5150.2 7467.5 27.1
4793.3 7609.1 26.2
4784.1 7609.1 26.0
4869.0 7642.8 27.7
4862.6 7643.1 27.6
4794.3 7643.3 26.4
4898.3 7648.4 28.3
4928.2 7660.0 28.9
4920.0 7659.8 28.7
4871.9 7661.2 27.9
4859.0 7663.5 27.7
4831.1 7661.7 27.2
4822.6 7660.8 27.1
4898.7 7670.3 28.5
4871.0 7672.2 28.0
4859.1 7670.7 27.8
4850.4 7669.6 27.6
4911.6 7678.1 28.8
4884.3 7679.7 28.4
4929.8 7691.4 29.3
4924.4 7690.4 29.2
4911.2 7690.8 29.0
4919.3 7698.3 29.2
4909.6 7701.2 29.0
4900.9 7701.8 28.9
4894.1 7702.7 28.8
4923.2 7712.0 29.3
4913.5 7710.4 29.2
4883.6 7713.2 28.7
4901.6 7719.1 29.0
4911.8 7730.1 29.1
4899.3 7729.9 28.9
4890.8 7731.7 28.8
4874.0 7732.5 28.5
4914.7 7739.0 28.6
4878.4 7743.0 28.5
4888.3 7760.8 27.6
4880.2 7762.0 27.6
4892.2 7770.3 27.1
4884.7 7767.8 27.3
4883.9 7779.9 26.8
5630.8 8181.2 27.1
5587.0 8234.4 26.4
5370.7 8185.1 24.9
5342.5 8201.2 24.5
5355.0 8223.7 24.5
5350.7 8232.2 24.5
5329.4 8233.1 24.3
5343.4 8242.6 24.4
5076.9 7975.0 26.7
5073.9 7980.4 26.8
5083.9 7993.6 25.6
5085.1 8002.1 25.0
5079.6 8001.9 25.3
5094.0 8013.7 24.2
5087.2 8025.0 24.0
5079.3 8020.8 24.2
5024.1 8022.2 26.6
5114.8 8030.4 23.3
5033.6 8035.7 25.3
5019.2 8035.0 26.0
4999.1 8034.7 27.0
4986.5 8031.1 27.8
5098.9 8039.6 23.3
5055.6 8046.1 24.0
5024.9 8039.6 25.5
5018.0 8041.9 25.7
4995.8 8042.0 26.7
5065.0 8054.7 23.5
5048.1 8049.9 24.0
5035.4 8053.6 24.1
5029.3 8055.4 24.3
5008.2 8049.5 25.6
5058.1 8061.0 23.5
5048.0 8060.2 23.7
5036.7 8063.9 23.8
5028.4 8065.7 23.9
5056.6 8072.3 23.0
5046.5 8072.8 23.2
5014.8 8072.3 24.2
5035.1 8084.0 23.0
5024.1 8079.7 23.4
5034.8 8092.9 22.6
