-6402.8 828.7 35.4
-6368.0 870.9 35.6
-6377.9 871.5 35.6
-6389.9 873.2 35.4
-6353.4 882.4 35.3
-6373.2 878.1 35.5
-6380.4 893.2 35.2
-6340.4 901.2 34.7
-6354.5 901.5 34.7
-6325.6 914.3 34.3
-6333.2 913.2 34.4
-6351.9 911.9 34.5
-6362.3 913.8 34.6
-6324.7 920.8 34.1
-6334.8 925.4 34.1
-6354.8 922.3 34.4
-6365.6 922.3 34.4
-6374.7 924.6 34.4
-6386.6 923.3 34.5
-6395.9 924.6 34.6
-6335.7 931.6 34.0
-6344.7 933.3 34.0
-6367.0 933.8 34.2
-6370.5 934.7 34.2
-6395.7 930.9 34.4
-6356.0 945.0 33.9
-6365.6 940.7 34.0
-6381.9 943.5 34.1
-6391.3 939.3 34.3
-6335.5 952.9 33.5
-6345.8 953.5 33.6
-6355.9 953.0 33.7
-6381.1 954.9 33.9
-6380.9 965.0 33.6
-6381.9 980.8 33.3
-6302.3 990.5 33.6
-6315.6 1000.4 33.5
-6326.0 1003.5 33.4
-6333.6 1002.8 33.3
-6366.6 1005.2 32.9
-6301.0 1009.9 33.6
-6316.3 1011.6 33.4
-6324.9 1011.9 33.3
-6354.1 1011.3 33.0
-6363.3 1012.2 32.9
-6316.2 1023.2 33.4
-6354.7 1019.2 33.0
-6293.3 1033.3 33.6
-6312.0 1031.0 33.4
-6340.4 1030.0 33.1
-6284.9 1043.4 33.6
-6296.9 1043.6 33.5
-6303.4 1042.9 33.4
-6314.7 1043.6 33.3
-6334.2 1054.8 33.1
-6627.3 1084.6 31.2
-6548.4 1059.4 32.1
-6562.4 1059.0 32.0
-6542.4 1072.1 32.0
-6549.9 1070.3 32.0
-6548.7 1081.2 31.9
-6539.7 1088.9 31.9
-6522.9 1109.5 31.9
-6476.0 856.4 34.8
-6472.9 869.6 35.0
-6481.1 868.5 34.9
-6472.5 878.9 35.2
-6513.4 1055.5 32.4
-6514.4 1066.2 32.3
-6440.7 1061.6 32.9
-6446.6 1059.5 32.8
-6449.3 1069.0 32.8
-6571.7 1109.5 31.5
-6569.6 1118.3 31.4
-6570.8 1125.4 31.4
-6603.1 1147.4 30.9
-6608.2 1148.1 30.9
-6632.2 1185.5 30.7
-6654.3 1188.0 30.5
-6632.1 1196.3 30.7
-6642.8 1206.0 30.7
-4183.5 -3645.0 40.9
-4182.1 -3633.0 40.8
-4193.7 -3633.6 40.4
-4203.5 -3616.1 40.1
-5721.8 994.8 43.5
-5659.3 1007.6 45.3
-5746.7 1007.1 43.4
-5768.8 1002.9 42.3
-5778.4 1004.7 41.6
-5788.7 1001.6 40.9
-5677.6 1011.8 45.0
-5617.6 1027.4 45.3
-5627.1 1023.8 45.4
-5616.4 1041.9 45.1
-5622.7 1052.0 44.9
-5739.0 1057.8 45.0
-5611.6 1063.9 44.7
-5739.0 1067.5 44.9
-5599.3 1074.6 44.5
-5631.0 1074.1 44.6
-6639.2 -4101.9 27.2
-6559.4 -4089.4 27.4
-6769.1 -1358.3 34.3
-6775.5 -1352.3 34.2
-6759.2 -1345.2 34.1
-6780.9 -1336.4 34.2
-6785.2 -1334.6 34.2
-6797.2 -1332.5 34.2
-6815.3 -1307.2 34.1
-6818.1 -1292.2 33.8
-6828.5 -1292.7 33.7
-6836.3 -1297.7 33.7
-6870.9 -1298.0 33.0
-6891.0 -1292.7 33.2
-6901.3 -1295.2 33.3
-6840.5 -1288.4 33.0
-6850.7 -1286.6 32.7
-6878.6 -1287.8 33.0
-6890.3 -1286.3 33.2
-6866.6 -1276.9 32.9
-6790.5 -1265.5 33.4
-6911.4 -1199.7 37.0
-6888.5 -1169.2 36.3
-6857.4 -1151.2 35.0
-6860.5 -1119.2 35.2
-6865.4 -1119.9 35.4
-6827.5 -1111.3 34.0
-6857.5 -1108.4 35.1
-6876.0 -1111.3 35.8
-6897.1 -1107.7 36.4
-6919.5 -1109.0 37.2
-6925.5 -1112.5 37.4
-6935.6 -1099.9 37.6
-6836.4 -1083.8 34.1
-6887.5 -1080.4 35.8
-6937.7 -1027.5 36.9
-6925.3 -1012.9 36.3
-6907.6 -996.7 35.6
-6906.5 -987.4 35.4
-5673.5 766.5 36.6
-5747.6 887.2 39.7
-5742.7 898.1 40.2
-6859.9 -1247.4 34.0
-6911.5 -1251.3 34.6
-6860.1 -1238.3 34.4
-6879.1 -1237.7 34.8
-6850.2 -1227.1 34.1
-6862.1 -1231.3 34.6
-6878.2 -1226.7 35.3
-6897.7 -1230.9 35.5
-6839.1 -1221.2 33.6
-6861.4 -1219.2 34.6
-6871.1 -1220.8 35.1
-6851.7 -1210.9 34.3
-6859.7 -1201.7 34.7
-6879.3 -1200.3 35.6
-6849.1 -1072.3 34.5
-6849.8 -1058.6 34.3
-6867.3 -1057.3 34.9
-6855.4 -1051.7 34.4
-6868.5 -1048.2 34.8
-6874.8 -1038.2 34.9
-6866.7 -1031.6 34.6
-6824.8 -999.0 33.4
-6837.8 -942.5 33.1
-6848.7 -912.7 33.0
-4852.4 -4123.4 35.1
-4784.2 -4102.6 35.5
-4797.4 -4083.6 35.2
-4802.9 -4085.7 35.2
-4814.3 -4082.8 35.1
-4901.8 -4080.4 34.4
-4806.4 -4072.8 35.1
-4817.0 -4074.4 35.0
-4821.8 -4075.3 35.0
-4896.8 -4074.4 34.4
-4793.9 -4065.3 35.1
-4824.1 -4062.9 34.9
-4842.2 -4063.1 34.8
-4897.4 -4062.5 34.3
-4905.0 -4065.1 34.3
-4794.3 -4052.1 35.1
-4825.5 -4051.3 34.8
-4812.6 -4040.5 34.8
-4825.4 -3956.5 34.2
-4856.7 -3947.4 33.9
-4887.4 -3916.2 33.5
-4886.0 -3886.4 33.3
-4901.5 -3866.4 33.2
-4933.6 -3846.2 33.2
-4941.8 -3839.9 33.1
-4770.8 -4032.4 35.1
-4731.7 -4006.1 35.2
-4756.0 -4002.2 35.0
-4790.7 -4002.9 34.8
-4761.3 -3996.1 35.0
-4768.8 -3992.0 34.9
-4775.1 -3991.4 34.8
-4678.6 -3977.0 35.5
-4795.7 -3976.7 34.6
-4789.3 -3957.2 34.5
-4789.5 -3943.1 34.4
-4810.2 -3942.0 34.2
-4818.4 -3944.2 34.2
-4790.8 -3933.0 34.3
-4815.6 -3935.4 34.1
-4800.7 -3921.7 34.2
-4840.7 -3911.1 33.8
-4838.8 -3906.9 33.8
-4868.9 -3884.1 33.4
-4877.8 -3874.5 33.3
-5490.5 -8106.8 22.0
-5492.7 -8096.5 22.0
-5481.6 -8072.9 22.2
-5490.4 -8075.5 22.1
-5482.0 -8065.2 22.3
-5491.9 -8064.2 22.1
-5462.4 -8052.9 22.6
-5490.0 -8054.7 22.2
-5497.6 -8054.0 22.0
-5440.1 -8046.7 23.1
-5447.8 -8043.2 22.9
-5422.7 -8033.1 23.4
-5428.1 -8031.6 23.3
-5448.9 -8036.7 22.9
-5459.3 -8033.9 22.8
-5468.2 -8032.1 22.6
-5412.6 -8023.9 23.6
-5423.0 -8025.3 23.4
-5451.0 -8025.8 22.9
-5428.9 -8015.2 23.3
-5422.9 -8005.8 23.5
-5812.1 340.0 42.2
-5810.0 348.9 42.0
-5838.6 350.7 41.9
-5827.2 363.2 41.7
-5840.5 458.3 39.8
-5802.0 473.4 39.7
-5797.4 492.8 39.6
-5800.8 497.8 39.5
-5793.1 508.1 39.6
-5801.3 511.3 39.5
-5879.4 511.7 38.9
-5788.6 531.1 39.5
-6760.2 363.4 33.4
-6726.8 403.6 33.2
-6732.8 402.5 33.1
-4520.9 -4262.3 38.7
-4589.4 -4221.1 37.8
-4631.7 -4227.6 37.5
-4610.5 -4214.8 37.6
-4569.8 -4205.0 37.9
-4594.3 -4201.6 37.6
-4625.0 -4205.0 37.4
-4628.7 -4203.3 37.3
-4439.5 -4197.3 39.0
-4573.9 -4197.1 37.8
-4604.9 -4196.7 37.5
-4484.5 -4181.1 38.5
-4654.8 -4182.7 37.0
-4449.7 -4171.2 38.8
-4568.9 -4172.5 37.6
-4584.0 -4172.5 37.5
-4639.7 -4176.4 37.1
-4462.0 -4157.5 38.5
-4462.2 -4136.0 38.4
-4449.3 -4124.0 38.4
-4578.8 -4121.2 37.2
-4451.6 -4115.3 38.3
-4672.1 -4134.5 36.5
-4682.1 -4133.5 36.5
-4702.7 -4128.6 36.3
-4676.1 -4120.8 36.4
-4686.8 -4122.5 36.3
-6639.7 286.6 36.8
-6631.8 298.4 36.7
-6641.4 297.0 36.6
-6647.0 295.0 36.6
-6640.4 306.9 36.5
-6678.0 309.1 36.0
-6701.3 318.7 35.4
-6677.9 324.3 35.7
-6677.1 334.1 35.5
-6640.8 357.5 35.6
-6649.9 352.7 35.6
-6658.2 356.5 35.4
-6667.0 355.8 35.2
-6290.1 185.0 41.7
-6281.6 196.4 41.7
-6288.7 191.3 41.7
-6303.2 192.1 41.5
-6285.0 284.4 40.4
-4589.2 -4090.1 36.9
-4595.6 -4090.7 36.9
-4615.7 -4093.2 36.7
-4619.4 -4084.4 36.6
-4518.1 -4070.0 37.4
-4559.9 -4070.7 37.0
-4515.4 -4066.1 37.4
-4561.0 -4066.1 37.0
-4571.5 -4064.9 36.9
-4575.6 -4060.9 36.8
-4516.3 -4054.9 37.3
-4576.1 -4056.3 36.8
-4491.2 -4045.2 37.5
-4496.4 -4042.0 37.4
-4566.8 -4041.1 36.8
-4578.2 -4042.1 36.7
-4560.3 -4030.7 36.7
-4501.6 -4021.8 37.2
-4498.6 -4011.8 37.2
-4616.6 -4015.6 36.2
-4559.4 -4000.8 36.6
-4619.6 -4000.3 36.1
-4626.5 -4004.2 36.1
-4636.2 -4001.7 36.0
-4499.2 -3995.9 37.1
-6616.2 402.0 35.2
-6327.6 129.0 42.2
-6343.3 129.5 42.0
-6346.2 134.6 41.9
-6313.7 149.8 42.0
-6302.9 155.0 42.0
-6316.5 168.9 41.7
-6316.9 180.7 41.5
-6318.1 189.4 41.4
-6315.3 204.5 41.2
-6316.7 220.1 41.0
-6338.4 217.0 40.8
-6327.4 228.2 40.8
-6338.3 225.9 40.7
-4341.4 -4047.2 38.9
-4292.6 -4040.4 39.3
-4404.6 -4039.9 38.3
-4291.9 -4028.7 39.2
-4285.2 -4017.1 39.2
-4441.2 -4018.4 37.8
-4274.6 -4009.4 39.3
-4292.6 -4006.8 39.1
-4206.9 -3997.3 39.8
-4271.3 -3999.5 39.2
-4303.5 -3997.0 38.9
-4322.5 -3995.2 38.7
-4353.2 -3998.7 38.4
-4263.7 -3987.6 39.2
-4274.4 -3986.7 39.1
-4301.5 -3990.3 38.9
-4330.9 -3986.2 38.6
-4212.9 -3979.5 39.6
-4242.8 -3979.4 39.4
-4300.9 -3978.5 38.8
-4323.0 -3978.8 38.6
-4331.1 -3979.7 38.5
-4376.2 -3979.5 38.1
-4396.5 -3976.4 37.9
-4425.9 -3975.5 37.6
-4431.9 -3978.3 37.6
-4220.9 -3967.4 39.5
-4234.6 -3968.6 39.4
-4243.7 -3970.9 39.3
-4251.6 -3969.3 39.2
-4262.2 -3971.5 39.1
-4295.3 -3966.4 38.8
-4401.9 -3971.2 37.8
-4417.2 -3970.5 37.6
-4200.9 -3955.2 39.6
-4212.7 -3957.3 39.5
-4224.2 -3955.0 39.4
-4244.7 -3958.2 39.2
-4272.1 -3960.7 38.9
-4283.5 -3955.7 38.8
-4295.9 -3959.2 38.7
-4382.5 -3958.7 37.9
-4395.8 -3956.8 37.8
-4202.2 -3950.8 39.5
-4226.2 -3951.0 39.3
-4233.0 -3951.0 39.2
-4263.4 -3948.8 38.9
-4375.2 -3945.6 37.9
-4191.7 -3935.1 39.5
-4244.8 -3937.7 39.0
-4325.0 -3931.3 38.2
-4213.4 -3920.3 39.2
-4225.9 -3921.3 39.1
-4305.9 -3915.7 38.3
-4223.9 -3899.1 39.0
-6275.2 -31.0 35.4
-6288.6 -32.6 35.5
-6293.6 -31.7 35.6
-6308.9 -33.1 35.7
-6314.0 -31.4 35.8
-6365.8 -32.0 36.3
-6274.9 -19.5 35.5
-6297.6 -19.4 35.7
-6307.5 -22.8 35.8
-6314.7 -24.0 35.9
-6334.6 -19.7 36.1
-6343.9 -23.6 36.2
-6358.1 -22.4 36.3
-6383.8 -21.9 36.6
-6258.8 -12.1 35.7
-6329.4 -13.7 36.1
-6345.0 -14.6 36.3
-6358.3 -14.9 36.4
-6366.5 -9.7 36.5
-6386.7 -14.4 36.7
-6259.9 -5.0 36.1
-6359.9 -2.6 36.5
-6367.6 -3.1 36.6
-6377.1 -3.2 36.7
-6269.7 6.0 36.6
-6338.7 9.1 36.4
-6343.6 4.9 36.4
-6287.9 19.4 37.2
-6298.2 16.5 37.0
-6315.2 18.5 36.9
-6316.4 26.6 37.4
-6309.1 38.4 38.1
-6248.6 50.3 39.3
-6317.1 50.6 38.7
-4501.3 -3952.2 36.7
-4518.0 -3939.9 36.5
-4551.7 -3908.1 36.0
-4693.3 -3955.4 35.2
-4694.7 -3935.8 35.1
-4649.8 -3928.1 35.4
-4619.0 -3915.8 35.5
-4653.4 -3917.1 35.3
-4603.6 -3905.6 35.6
-4560.2 -3895.2 35.9
-4750.9 -3897.4 34.4
-4760.9 -3885.3 34.2
-4575.0 -3875.9 35.6
-4754.6 -3879.2 34.3
-4554.3 -3865.7 35.7
-4578.9 -3867.5 35.6
-4640.6 -3869.3 35.1
-4650.2 -3866.2 35.0
-4751.7 -3868.7 34.2
-4775.4 -3864.3 34.0
-4569.0 -3855.4 35.6
-4585.1 -3854.1 35.4
-4532.8 -3845.9 35.8
-4695.3 -3843.4 34.5
-4669.0 -3834.3 34.6
-4694.4 -3835.4 34.5
-4709.9 -3837.3 34.4
-4719.3 -3837.1 34.3
-4561.0 -3827.1 35.4
-4624.9 -3823.5 34.9
-4669.6 -3823.5 34.6
-4702.8 -3828.4 34.4
-4651.6 -3813.2 34.8
-4659.5 -3817.4 34.7
-4672.1 -3816.5 34.7
-6423.8 9.1 37.3
-6430.1 3.6 37.3
-6460.1 8.9 37.7
-6432.5 17.9 37.5
-6450.7 15.0 37.6
-6450.2 27.9 37.8
-6463.8 48.2 38.1
-6444.2 78.3 39.1
-6461.1 78.7 38.9
-6444.1 90.2 39.7
-6461.3 97.5 40.0
-6433.6 108.4 40.8
-6440.6 104.7 40.6
-6690.0 146.9 36.4
-6580.8 248.2 38.1
-6590.5 249.3 37.9
-6584.4 260.3 37.8
-6590.4 257.6 37.8
-6647.2 191.2 38.2
-6638.7 206.4 38.0
-6925.7 -130.7 33.7
-6884.4 -121.7 32.8
-6877.9 -110.3 32.6
-6842.9 -91.0 33.4
-6837.2 -80.2 33.8
-6842.5 -80.9 33.7
-6853.7 -81.1 33.7
-6846.0 -19.4 35.2
-6855.9 0.9 35.4
-6868.2 4.6 35.0
-6855.1 14.1 35.2
-6865.7 9.6 35.0
-6857.5 23.2 35.0
-6863.7 32.3 34.8
-6851.9 43.2 34.9
-6863.8 48.6 34.8
-6852.8 64.7 34.8
-6861.8 72.3 34.8
-6854.0 84.2 34.9
-6884.1 124.3 33.0
-6907.6 122.1 32.9
-6935.3 122.8 32.8
-6867.7 130.5 33.5
-6875.8 129.5 33.2
-6894.0 131.8 32.8
-6906.0 131.3 32.8
-6912.8 132.6 32.8
-6857.5 149.3 33.6
-6855.4 224.7 32.3
-6853.5 240.2 32.1
-6873.7 264.2 31.9
-6856.5 274.6 31.9
-6866.5 269.2 31.9
-6705.2 105.8 35.2
-6708.8 111.6 35.1
-6714.7 122.0 35.0
-6723.5 129.8 34.9
-6686.7 -248.8 34.8
-6697.7 -238.5 34.7
-6704.9 -237.9 34.6
-6724.4 -239.0 34.4
-6638.6 -231.6 35.2
-6649.2 -230.0 35.1
-6674.3 -228.5 34.8
-6685.0 -227.5 34.7
-6734.4 -228.4 34.2
-6745.7 -231.0 34.1
-6639.4 -217.2 35.0
-6648.1 -221.3 35.0
-6669.9 -220.2 34.7
-6677.6 -222.1 34.7
-6696.4 -220.6 34.5
-6718.1 -220.5 34.2
-6748.1 -221.9 33.9
-6647.0 -211.2 34.8
-6654.7 -212.4 34.8
-6708.2 -212.2 34.2
-6725.7 -206.6 34.0
-6736.0 -209.7 33.9
-6679.6 -199.5 34.5
-6688.3 -198.4 34.4
-6696.6 -202.3 34.3
-6498.9 -189.8 36.1
-6658.0 -191.6 34.8
-6706.0 -189.2 34.4
-6744.5 -188.1 34.1
-6679.6 -182.5 34.8
-6693.6 -181.7 34.7
-6497.0 -172.2 36.3
-6666.7 -170.1 35.1
-6487.8 -160.7 36.6
-6504.0 -159.6 36.5
-6514.1 -162.2 36.4
-6714.9 -158.8 34.6
-6504.4 -148.0 36.7
-6669.6 -152.3 35.2
-6704.3 -149.6 34.8
-6498.2 -142.3 36.8
-6645.2 -136.8 35.6
-6656.2 -137.8 35.4
-6669.7 -142.7 35.2
-6689.9 -143.1 35.0
-6709.7 -138.5 34.8
-6497.4 -129.4 37.0
-6505.3 -131.3 37.0
-6514.9 -128.9 36.9
-6654.5 -129.4 35.5
-6694.2 -130.8 35.0
-6704.7 -129.3 34.9
-6495.5 -121.6 36.9
-6506.7 -120.0 37.0
-6644.2 -117.3 35.7
-6658.7 -122.5 35.5
-6668.1 -122.4 35.4
-6699.7 -120.2 35.0
-6715.9 -118.0 34.8
-6485.8 -112.2 36.8
-6499.8 -111.2 36.9
-6503.5 -110.9 36.9
-6663.4 -111.0 35.5
-6675.9 -110.9 35.3
-6708.4 -109.1 34.9
-6505.0 -102.8 37.0
-6496.6 -88.3 37.1
-6508.2 -91.5 37.2
-6518.9 -79.5 37.4
-6539.4 -76.8 37.4
-6544.3 -79.1 37.1
-6555.2 -82.4 36.9
-6498.5 -71.6 37.3
-6517.9 -71.2 37.5
-6535.7 -69.2 37.7
-6556.7 -71.6 36.9
-6743.9 -70.5 34.9
-6538.7 -61.4 37.8
-6518.4 -51.0 37.7
-6524.5 -46.7 37.8
-6535.7 -52.9 37.8
-6546.0 -51.8 37.7
-6553.5 -51.2 37.3
-6563.4 -47.2 37.0
-6584.7 -48.1 36.7
-6735.7 -49.2 35.2
-6596.2 -38.7 36.6
-6745.0 -40.1 35.1
-6558.9 -31.4 37.6
-6568.9 -26.9 37.2
-6574.4 -29.3 36.9
-6590.0 -32.8 36.7
-6599.5 -30.3 36.6
-6565.9 -17.0 37.6
-6576.5 -21.2 37.0
-6599.2 -22.1 36.6
-6589.4 -7.9 36.8
-6594.6 -12.0 36.7
-6585.5 9.3 37.3
-6599.1 13.3 36.8
-6743.4 6.8 35.3
-6595.7 16.9 37.1
-6607.9 19.0 36.6
-6619.9 20.4 36.5
-6625.9 23.2 36.4
-6695.1 23.4 35.8
-6706.9 17.8 35.6
-6714.5 18.2 35.6
-6734.4 18.3 35.4
-6618.7 28.6 36.5
-6624.8 30.5 36.4
-6653.4 33.3 36.2
-6666.0 27.2 36.0
-6679.8 30.5 35.9
-6687.7 32.1 35.8
-6694.6 29.7 35.8
-6705.9 30.9 35.7
-6713.4 27.5 35.6
-6729.9 31.2 35.3
-6627.6 38.9 36.4
-6634.2 39.8 36.4
-6644.1 42.6 36.3
-6673.6 39.4 36.0
-6694.7 42.4 35.8
-6718.6 38.1 35.4
-6745.2 37.5 34.9
-6639.1 52.5 36.3
-6663.9 52.4 36.1
-6699.1 52.8 35.6
-6664.6 61.4 36.1
-6684.0 56.9 35.8
-6697.1 62.1 35.5
-6707.7 60.6 35.3
-6718.2 59.9 35.1
-6743.9 61.4 34.6
-6675.1 70.7 35.8
-6694.2 67.9 35.5
-6725.4 73.0 34.9
-6707.1 78.6 35.2
-6717.3 78.9 35.0
-6729.3 83.4 34.7
-6735.2 81.6 34.6
-6709.1 87.0 35.1
-6718.4 91.6 34.9
-6739.1 112.9 34.6
-6868.7 -79.0 33.7
-6343.4 -306.8 34.8
-6331.6 -302.5 34.8
-6352.8 -302.6 34.8
-6362.6 -302.1 34.8
-6382.9 -298.8 34.7
-6345.1 -293.0 34.8
-6355.2 -292.9 34.8
-6365.5 -292.8 34.7
-6401.4 -290.3 34.7
-6413.1 -292.9 34.7
-6422.6 -288.0 34.8
-6434.8 -288.1 34.8
-6359.9 -276.7 34.7
-6374.6 -278.3 34.7
-6402.9 -279.7 34.8
-6414.4 -278.9 34.9
-6433.8 -282.3 34.9
-6440.9 -276.7 35.1
-6461.1 -282.3 35.1
-6400.2 -267.3 35.0
-6414.4 -271.8 35.0
-6433.6 -271.3 35.1
-6443.6 -271.4 35.2
-6454.5 -270.5 35.2
-6485.5 -266.6 35.5
-6496.0 -267.4 35.5
-6361.2 -261.3 35.0
-6404.4 -259.3 35.2
-6475.6 -262.0 35.5
-6493.1 -259.5 35.6
-6366.0 -247.1 35.2
-6374.8 -252.5 35.2
-6380.4 -248.2 35.3
-6107.0 -468.4 34.7
-6130.9 -465.8 34.9
-6101.7 -454.3 34.9
-6110.3 -456.9 34.8
-6096.4 -448.7 35.0
-6150.9 -434.3 34.7
-6146.8 -427.3 34.7
-6078.9 -417.1 35.2
-6071.1 -406.1 35.3
-6076.3 -408.8 35.2
-6071.2 -397.4 35.4
-6156.1 -396.4 34.8
-6166.9 -396.8 34.7
-6058.0 -386.3 35.6
-6186.8 -386.3 34.7
-6196.1 -374.6 34.7
-6190.4 -363.8 34.9
-6200.5 -368.0 34.8
-6050.3 -355.4 35.9
-6189.4 -356.0 35.0
-6220.1 -347.2 34.8
-6196.7 -325.0 35.2
-6182.2 -304.5 35.1
-6210.9 -305.7 34.9
-6220.6 -308.0 34.9
-6206.9 -297.0 34.8
-6112.1 -288.4 35.1
-6120.7 -286.5 35.1
-6110.9 -266.4 34.7
-6127.2 -265.1 34.6
-6916.2 393.8 31.0
-6929.2 389.8 31.0
-6890.3 405.6 31.0
-6897.1 400.1 31.0
-6887.7 421.2 30.9
-6900.3 423.0 30.8
-6899.0 440.3 30.7
-6907.6 443.5 30.7
-6907.0 465.5 30.6
-6930.2 463.4 30.5
-6805.8 820.7 31.5
-6798.9 836.4 31.2
-6798.3 850.4 30.9
-6809.3 850.5 31.1
-6810.3 860.4 30.9
-6829.6 864.8 30.3
-6796.9 871.7 30.6
-6808.4 874.3 30.7
-6815.0 873.8 30.6
-6847.1 876.6 29.2
-6790.5 882.0 30.3
-6798.9 881.3 30.4
-6784.9 901.4 30.0
-6800.2 902.6 30.4
-6798.3 913.9 30.3
-6786.9 924.5 30.2
-6799.1 924.5 30.0
-6785.7 950.4 29.8
-6809.9 745.9 32.7
-6831.3 756.6 32.6
-6810.5 762.9 32.5
-6824.0 766.6 32.5
-6839.6 763.8 32.3
-6842.6 773.0 32.1
-6848.4 776.9 31.9
-6878.6 771.3 30.9
-6809.0 785.2 32.1
-6834.6 786.2 32.0
-6842.6 784.7 31.9
-6834.4 795.5 31.8
-6840.6 791.3 31.8
-6854.5 796.5 31.3
-6813.1 806.5 31.8
-6843.5 805.9 31.4
-6810.3 811.4 31.7
-6818.2 813.6 31.7
-6852.8 815.0 30.7
-6883.0 817.0 29.3
-6861.7 822.2 30.1
-6872.6 827.6 29.5
-6879.2 827.2 29.2
-6840.2 832.8 30.7
-6870.8 832.1 29.4
-6930.7 795.9 28.6
-6939.1 807.3 28.6
-6899.8 813.5 28.7
-6923.1 827.8 28.6
-6932.1 826.5 28.7
-6934.7 834.8 28.6
-6880.6 843.6 28.8
-6892.2 846.6 28.6
-6902.4 849.7 28.8
-6909.5 849.1 28.7
-6918.5 848.8 28.7
-6929.3 846.6 28.7
-6903.3 854.9 28.8
-6922.5 857.7 28.8
-6930.5 854.2 28.7
-6929.8 866.2 28.7
-6934.0 899.5 28.5
-6886.0 879.8 28.8
-6861.6 900.7 28.7
-6881.9 900.4 28.9
-6857.3 914.1 28.8
-6893.0 913.8 28.8
-6886.9 923.5 28.9
-6904.9 921.5 29.1
-6913.0 931.4 28.9
-6905.4 950.4 29.0
-6804.2 965.2 29.0
-6893.1 964.9 29.2
-6901.7 963.1 29.1
-6896.3 971.2 29.2
-6803.3 984.0 28.9
-6921.3 980.2 28.6
-6822.9 995.3 28.9
-6844.3 995.2 29.2
-6911.8 994.9 28.8
-6926.1 995.1 28.5
-6836.5 1004.5 29.2
-6904.0 1004.0 28.9
-6923.1 1000.3 28.5
-6836.6 1013.9 29.2
-6841.6 1011.9 29.2
-6812.1 1020.2 28.9
-6863.1 1023.2 29.1
-6933.4 1023.8 28.3
-6864.1 1029.4 29.2
-6915.3 1029.5 28.6
-6927.4 1031.7 28.4
-6905.4 1041.1 28.8
-6895.6 1052.5 29.0
-6862.7 1059.4 29.7
-6903.5 1062.7 28.8
-6937.5 1063.6 28.1
-6905.6 1075.7 28.7
-6903.0 1084.5 28.8
-5360.7 478.6 42.2
-5345.6 490.6 42.2
-5359.2 485.1 42.2
-5640.9 486.1 39.7
-5346.1 498.7 41.9
-5355.2 496.2 41.8
-5364.5 494.9 41.8
-5590.8 495.8 40.4
-5357.1 507.0 42.0
-5365.8 509.7 42.1
-5398.1 509.7 42.1
-5417.6 504.8 42.0
-5429.2 508.8 42.1
-5445.8 509.1 42.1
-5500.8 510.1 41.5
-5526.2 507.9 41.2
-5387.1 515.9 42.2
-5416.0 518.3 42.2
-5439.7 515.7 42.2
-5495.2 514.9 41.5
-5519.4 514.7 41.2
-5538.4 518.2 40.9
-5397.6 527.5 42.4
-5410.2 524.4 42.3
-5414.7 529.9 42.4
-5438.5 526.5 42.1
-5460.8 524.3 41.8
-5408.6 534.6 42.4
-5456.1 540.7 41.7
-5445.7 550.6 41.6
-5669.5 577.3 39.7
-5666.7 597.8 39.7
-5674.6 594.7 39.7
-5577.3 610.0 38.7
-5680.2 608.6 39.6
-5590.9 616.8 38.6
-5618.1 619.2 38.8
-5627.4 616.8 38.9
-5687.5 618.9 39.4
-5665.5 629.3 39.0
-5629.4 -8094.6 21.5
-5577.7 -8062.1 21.5
-5585.0 -8063.9 21.5
-5587.4 -8051.3 21.6
-5540.1 -8040.8 21.5
-5558.7 -8043.9 21.6
-5568.9 -8042.6 21.6
-5575.1 -8044.0 21.6
-5589.7 -8044.5 21.6
-5547.1 -8031.4 21.5
-5567.9 -8034.1 21.6
-5577.7 -8033.6 21.6
-5589.6 -8031.4 21.6
-5560.1 -8018.8 21.6
-5586.2 -8021.2 21.6
-5618.2 -8020.6 21.7
-5544.8 -8013.4 21.6
-5559.3 -8015.1 21.6
-5621.2 -8012.5 21.9
-5640.7 -8014.2 21.9
-5548.0 -8001.7 21.7
-5620.2 -7999.9 22.1
-5546.7 -7989.5 21.9
-5620.6 -7973.2 22.4
-5624.9 -7970.0 22.5
-5638.4 -7970.6 22.6
-5618.0 -7958.9 22.5
-5635.8 -7961.5 22.6
-5630.3 -7955.1 22.5
-5635.9 -7950.1 22.5
-5620.0 -7941.9 22.4
-5625.1 -7943.8 22.5
-5636.8 -7941.2 22.5
-5566.0 -7872.5 22.1
-5575.6 -7854.9 22.4
-5580.3 -7799.0 22.9
-5608.9 -7794.3 23.2
-5587.6 -7772.2 23.0
-5608.8 -7772.6 23.2
-5627.5 -7775.0 23.4
-5596.5 -7760.4 23.2
-5605.1 -7761.8 23.3
-5625.7 -7760.4 23.6
-5636.4 -7760.2 23.7
-5587.7 -7752.4 23.2
-5589.5 -7740.5 23.4
-5630.7 -7743.6 23.9
-5606.6 -7732.9 23.7
-5620.6 -7734.9 23.8
-5625.6 -7731.6 23.9
-5639.2 -7734.4 24.0
-5597.8 -7720.7 23.6
-5616.3 -7722.1 23.8
-5596.9 -7709.4 23.6
-5606.8 -7712.3 23.7
-5640.2 -7709.2 24.0
-5596.7 -7698.8 23.5
-5615.6 -7700.5 23.7
-5627.0 -7703.1 23.8
-5640.5 -7702.8 24.0
-5599.0 -7689.9 23.5
-5609.0 -7694.9 23.6
-5620.0 -7691.4 23.7
-5635.2 -7691.6 23.9
-5596.1 -7683.5 23.5
-5607.4 -7680.9 23.6
-5626.5 -7681.1 23.8
-5617.8 -7671.8 23.8
-5635.9 -7674.1 23.9
-5615.7 -7643.4 23.7
-5610.2 -7623.9 23.6
-5615.4 -7608.8 23.7
-5162.8 -8334.5 27.5
-5170.2 -8324.4 27.4
-5163.3 -8307.1 27.1
-5163.2 -8298.0 26.9
-5172.7 -8295.0 26.8
-5182.9 -8294.9 26.8
-5192.0 -8294.9 26.7
-5205.2 -8292.9 26.6
-5175.1 -8277.1 26.6
-5181.8 -8273.2 26.5
-5209.3 -8275.5 26.1
-5233.9 -8252.8 25.7
-5164.8 -8247.2 26.9
-5241.3 -8245.8 25.6
-5215.1 -8218.8 26.2
-5271.6 -8216.5 25.2
-5294.8 -8212.4 24.9
-5254.3 -8205.9 25.6
-5269.4 -8203.3 25.3
-5239.0 -8193.5 25.9
-5231.8 -8187.0 26.0
-5285.3 -8187.7 25.1
-5214.9 -8177.5 26.3
-5223.2 -8176.2 26.2
-5230.5 -8178.4 26.1
-5239.3 -8176.8 25.9
-5249.3 -8175.1 25.8
-5292.8 -8175.7 25.0
-5221.3 -8163.8 26.3
-5314.5 -8153.0 24.7
-5323.3 -8155.0 24.6
-5333.4 -8156.8 24.4
-5319.8 -8148.2 24.7
-5251.0 -8132.2 25.9
-5253.2 -8128.7 25.9
-5282.1 -8128.8 25.4
-5314.4 -8128.8 24.9
-5269.5 -8114.3 25.7
-5304.8 -8113.1 25.1
-5263.2 -8105.1 25.8
-5274.3 -8103.3 25.6
-5291.6 -8108.4 25.3
-5300.1 -8108.2 25.2
-5272.4 -8094.2 25.7
-5284.2 -8096.9 25.5
-5283.6 -8087.9 25.6
-5432.0 -8211.6 23.0
-5419.7 -8203.0 23.2
-5432.0 -8205.5 23.0
-5424.4 -8190.3 23.2
-5420.5 -8180.0 23.2
-5401.8 -8173.9 23.4
-5419.1 -8173.2 23.1
-5421.0 -8162.1 23.1
-5401.9 -8150.6 23.3
-5411.3 -8156.1 23.2
-5419.7 -8152.2 23.1
-5354.2 -8141.1 24.1
-5393.5 -8145.9 23.4
-5423.0 -8143.1 23.0
-5389.0 -8132.2 23.6
-5400.0 -8133.5 23.4
-5419.3 -8133.0 23.1
-5430.8 -8130.2 22.9
-5379.5 -8120.2 23.8
-5392.5 -8125.7 23.5
-5371.4 -8111.0 24.0
-5389.6 -8112.9 23.6
-5400.6 -8115.2 23.4
-5369.2 -8100.5 24.0
-5340.3 -8082.4 24.6
-5331.8 -8074.0 24.8
-5339.0 -8075.6 24.7
-5322.3 -8064.2 25.0
-5350.8 -8053.8 24.5
-5334.7 -8045.6 24.9
-5345.4 -8020.1 24.8
-5350.7 -8014.1 24.7
-5349.7 -8000.5 24.8
-5403.7 -7992.0 23.8
-5385.0 -7980.5 24.2
-5390.1 -7985.9 24.1
-5375.0 -7974.1 24.4
-5390.0 -7961.6 24.4
-5252.2 -8004.1 26.4
-5260.8 -8002.7 26.3
-5271.5 -7995.0 26.2
-5274.0 -7982.8 26.2
-5314.0 -7960.4 25.5
-5274.8 -7952.7 26.2
-5285.3 -7954.6 26.0
-5293.9 -7956.5 25.9
-5255.1 -7944.3 26.6
-5342.7 -7923.2 25.7
-5512.4 -8019.6 21.8
-5518.4 -8016.5 21.7
-5492.5 -8008.9 22.2
-5469.6 -7996.2 22.6
-5479.1 -8001.3 22.5
-5486.4 -7977.9 22.8
-5501.8 -7976.5 22.6
-5491.5 -7967.4 22.9
-5499.2 -7966.2 22.8
-5469.9 -7958.2 23.3
-5479.0 -7959.8 23.2
-5491.9 -7961.0 23.0
-5507.7 -7956.3 22.8
-5476.5 -7949.6 23.4
-5511.1 -7950.3 22.8
-5426.7 -7938.7 24.3
-5437.4 -7936.1 24.1
-5448.6 -7936.9 23.9
-5459.1 -7940.3 23.7
-5467.2 -7937.0 23.6
-5476.8 -7942.0 23.4
-5487.3 -7939.3 23.2
-5428.5 -7932.1 24.3
-5502.0 -7931.6 23.0
-5346.8 -7916.6 25.7
-5398.4 -7918.5 24.8
-5408.7 -7910.7 24.7
-5321.5 -7901.8 26.2
-5362.4 -7897.4 25.5
-5369.6 -7897.3 25.4
-5335.9 -7880.2 25.9
-5351.4 -7879.8 25.6
-5342.0 -7867.9 25.6
-5350.3 -7866.5 25.4
-5337.1 -7856.4 25.7
-5352.3 -7857.2 25.4
-5366.5 -7856.4 25.2
-5318.0 -7845.9 26.0
-5326.2 -7849.9 25.8
-5357.4 -7850.6 25.3
-5307.5 -7841.1 26.1
-5321.6 -7838.6 25.9
-5340.3 -7837.1 25.6
-5348.5 -7841.5 25.5
-5359.1 -7841.6 25.3
-5371.4 -7838.2 25.2
-5261.7 -7830.6 26.9
-5270.1 -7826.4 26.8
-5388.7 -7826.4 24.9
-5199.0 -7820.4 27.9
-5261.1 -7818.3 26.9
-5279.9 -7819.0 26.6
-5321.3 -7819.4 26.0
-5330.3 -7817.5 25.9
-5367.3 -7819.1 25.3
-5382.3 -7817.1 25.1
-5262.1 -7810.0 26.9
-5309.7 -7812.3 26.2
-5328.3 -7811.2 25.9
-5361.3 -7811.3 25.4
-5176.8 -7799.3 28.3
-5291.3 -7800.3 26.5
-5298.7 -7800.6 26.4
-5309.8 -7797.6 26.3
-5320.2 -7799.8 26.1
-5330.9 -7800.4 25.9
-5356.5 -7800.4 25.5
-5256.1 -7788.2 27.1
-5269.8 -7787.0 26.9
-5280.6 -7788.7 26.7
-5286.2 -7786.7 26.7
-5301.1 -7788.5 26.4
-5358.9 -7786.0 25.6
-5378.8 -7786.9 25.3
-5267.4 -7781.7 27.0
-5306.7 -7780.8 26.4
-5388.4 -7776.6 25.0
-5530.7 -7775.9 23.2
-5290.5 -7768.9 26.7
-5317.4 -7771.2 26.3
-5347.2 -7767.4 25.7
-5358.2 -7766.8 25.5
-5389.3 -7770.1 25.1
-5292.1 -7760.2 26.6
-5306.3 -7759.1 26.3
-5319.5 -7759.3 26.1
-5330.2 -7762.1 25.9
-5336.4 -7758.7 25.8
-5209.1 -7750.7 28.0
-5290.4 -7746.3 26.5
-5297.7 -7751.1 26.4
-5306.3 -7751.0 26.3
-5319.7 -7750.3 26.1
-5327.3 -7749.4 26.0
-5340.0 -7749.4 25.9
-5210.8 -7741.3 27.9
-5302.1 -7737.9 26.5
-5349.3 -7741.5 25.8
-5307.9 -7728.0 26.5
-5319.4 -7727.1 26.3
-5378.3 -7730.4 25.6
-5268.0 -7716.0 27.1
-5289.1 -7720.3 26.8
-5296.2 -7719.9 26.7
-5309.0 -7720.1 26.6
-5348.0 -7715.8 26.2
-5239.0 -7712.3 27.5
-5292.5 -7706.0 27.0
-5301.9 -7711.1 26.8
-5308.1 -7712.0 26.7
-5278.5 -7701.4 27.2
-5292.0 -7698.1 27.1
-5259.4 -7586.5 27.0
-5273.8 -7584.1 26.9
-5287.7 -7564.1 26.9
-5323.6 -7540.5 26.5
-5286.1 -7512.2 27.0
-5379.9 -7454.9 27.0
-5370.5 -7448.3 27.1
-5371.1 -7397.8 27.2
-5368.6 -7373.6 27.3
-5369.7 -7367.2 27.4
-5417.1 -7343.0 26.9
-5382.6 -7334.9 27.3
-5386.6 -7328.5 27.3
-5229.6 -7499.5 27.6
-5268.7 -7489.3 27.5
-5251.1 -7481.1 27.7
-5240.2 -7467.0 28.0
-5269.0 -7469.5 27.8
-5280.2 -7461.5 27.9
-5256.1 -7450.2 28.2
-5327.7 -7332.5 27.9
-5233.9 -7319.0 29.0
-5245.8 -7321.6 28.9
-5324.8 -7324.6 28.0
-5338.1 -7314.9 27.9
-5279.1 -7302.2 28.6
-5309.4 -7299.9 28.2
-5375.4 -7304.6 27.5
-5216.3 -7290.1 29.3
-5259.3 -7289.4 28.8
-5277.8 -7292.7 28.6
-5297.4 -7290.9 28.4
-5327.3 -7294.2 28.1
-5196.1 -7282.0 29.5
-5234.8 -7278.7 29.1
-5253.5 -7280.6 28.9
-5329.0 -7283.5 28.1
-5336.4 -7281.5 28.0
-5207.7 -7272.1 29.4
-5218.0 -7271.3 29.3
-5224.3 -7270.6 29.3
-5245.8 -7272.4 29.0
-5308.2 -7271.5 28.3
-5314.1 -7270.4 28.3
-5214.5 -7262.2 29.4
-5295.3 -7254.8 28.5
-5257.8 -7243.7 29.0
-5294.0 -7231.8 28.6
-5096.8 -8204.7 28.3
-5141.0 -8205.3 27.5
-4947.7 -8198.1 30.1
-4981.2 -8195.0 29.8
-5010.3 -8199.6 29.4
-5027.9 -8196.3 29.3
-5048.1 -8199.8 28.9
-5057.9 -8198.3 28.7
-5071.2 -8200.4 28.6
-5086.4 -8199.0 28.5
-5099.3 -8197.5 28.2
-5117.0 -8198.9 27.9
-5129.7 -8198.8 27.7
-5155.4 -8199.2 27.3
-5175.4 -8196.0 26.9
-5187.9 -8197.3 26.7
-5200.9 -8196.7 26.5
-4936.0 -8184.8 30.4
-4948.9 -8189.4 30.2
-4976.0 -8184.7 29.9
-4985.4 -8189.5 29.8
-5031.8 -8186.2 29.2
-5039.7 -8184.4 29.0
-5055.4 -8184.5 28.9
-5099.7 -8188.0 28.3
-5106.6 -8185.9 28.2
-5138.7 -8186.7 27.6
-5145.6 -8184.6 27.5
-5157.7 -8187.6 27.3
-5189.4 -8184.6 26.8
-5197.3 -8189.2 26.6
-5207.8 -8186.8 26.4
-4919.5 -8179.0 30.6
-5009.6 -8174.4 29.6
-5031.4 -8176.5 29.2
-5051.6 -8179.0 29.0
-5059.5 -8180.9 29.0
-5091.3 -8176.9 28.5
-5095.8 -8176.5 28.4
-5135.4 -8178.7 27.7
-4920.0 -8170.1 30.7
-5016.1 -8170.0 29.5
-5046.3 -8169.7 29.2
-5059.3 -8168.7 29.0
-5067.1 -8167.3 28.9
-5079.0 -8167.0 28.7
-5088.5 -8167.5 28.6
-5095.7 -8168.4 28.4
-5108.1 -8167.4 28.2
-5117.2 -8168.9 28.1
-5127.6 -8167.4 27.9
-5178.2 -8164.8 27.0
-4920.9 -8155.5 30.8
-4985.7 -8155.1 30.1
-5008.0 -8157.0 29.6
-5059.8 -8157.4 29.1
-5100.6 -8158.0 28.4
-5111.6 -8159.3 28.2
-5119.2 -8159.1 28.1
-5207.1 -8157.7 26.6
-4920.9 -8149.1 30.9
-4990.9 -8145.8 30.0
-5007.3 -8146.8 29.7
-5036.7 -8150.2 29.5
-5046.7 -8150.5 29.3
-5056.7 -8146.9 29.2
-5070.4 -8150.8 28.9
-5129.9 -8150.6 27.9
-4987.2 -8138.5 30.0
-5005.4 -8140.3 29.8
-5016.8 -8134.7 29.9
-5026.1 -8136.9 29.8
-5039.3 -8136.6 29.5
-5079.3 -8134.8 28.9
-5101.9 -8140.9 28.4
-5108.8 -8140.2 28.3
-5136.9 -8139.9 27.8
-5170.5 -8138.0 27.3
-5179.8 -8135.8 27.1
-5206.4 -8139.5 26.7
-4990.3 -8130.7 30.0
-5019.3 -8124.9 29.9
-5036.6 -8124.8 29.6
-5049.0 -8124.4 29.4
-5108.7 -8130.4 28.4
-5117.1 -8130.4 28.2
-5130.3 -8130.6 28.0
-5135.6 -8127.9 27.9
-5146.6 -8130.2 27.7
-5161.0 -8130.2 27.5
-5165.8 -8130.8 27.4
-5187.8 -8129.0 27.0
-5230.3 -8128.9 26.3
-4919.9 -8115.2 31.3
-5041.7 -8119.7 29.6
-5126.7 -8115.9 28.1
-5226.6 -8116.8 26.4
-5237.3 -8119.9 26.2
-5000.3 -8110.1 30.3
-5075.5 -8106.2 29.0
-5097.9 -8108.6 28.6
-5147.2 -8107.4 27.8
-5155.4 -8110.6 27.6
-5189.7 -8104.3 27.1
-5096.6 -8097.0 28.7
-5129.1 -8094.8 28.2
-5148.1 -8096.7 27.8
-5160.2 -8098.5 27.6
-5187.1 -8100.6 27.2
-5201.6 -8099.8 26.9
-5248.9 -8098.8 26.1
-4986.5 -8087.8 30.6
-4997.4 -8090.6 30.4
-5010.1 -8086.5 30.2
-5037.3 -8085.3 29.8
-5050.6 -8089.3 29.5
-5060.4 -8088.4 29.4
-5069.3 -8085.4 29.2
-5078.6 -8085.1 29.1
-5109.2 -8089.7 28.5
-5139.9 -8087.1 28.0
-5178.1 -8084.7 27.4
-5219.6 -8089.0 26.6
-5239.7 -8087.0 26.3
-5248.9 -8089.4 26.1
-5027.5 -8079.4 30.0
-5176.0 -8079.1 27.4
-5020.3 -8064.8 30.2
-5041.1 -8064.4 29.8
-5077.1 -8065.9 29.2
-5166.2 -8064.7 27.7
-5188.1 -8068.4 27.3
-5199.2 -8064.4 27.1
-5178.0 -8054.8 27.5
-5201.1 -8046.8 27.1
-5175.8 -8040.7 27.6
-5199.3 -8037.8 27.2
-4990.3 -8025.0 30.8
-4998.3 -8026.4 30.7
-4985.9 -8014.4 31.0
-5187.4 -8020.2 27.5
-5201.8 -8018.6 27.2
-4990.5 -8004.4 30.9
-4991.7 -8000.2 30.9
-5017.4 -8000.1 30.5
-4997.3 -7967.0 31.0
-5029.6 -7958.6 30.4
-4981.5 -7939.1 31.4
-5007.0 -7936.3 30.9
-4947.4 -7925.7 32.0
-4975.7 -7925.3 31.5
-4988.2 -7930.3 31.3
-4947.1 -7919.8 32.0
-4959.7 -7916.1 31.8
-4967.8 -7918.8 31.7
-4980.8 -7919.8 31.4
-5015.4 -7914.6 30.9
-4925.6 -7910.5 32.4
-4950.3 -7910.7 32.0
-4980.6 -7909.7 31.5
-4986.6 -7909.3 31.4
-4998.7 -7907.8 31.2
-4976.3 -7895.3 31.6
-4970.8 -7890.1 31.7
-4930.7 -7877.1 32.5
-4936.9 -7880.8 32.4
-5075.5 -8056.4 29.2
-5164.7 -8057.0 27.7
-5097.1 -8039.9 28.9
-5105.1 -8034.8 28.8
-5137.0 -8038.4 28.3
-5144.8 -8038.9 28.1
-5027.0 -8029.7 30.2
-5053.7 -8026.4 29.7
-5064.5 -8027.6 29.6
-5078.0 -8026.1 29.3
-5145.0 -8025.0 28.2
-5035.4 -8018.8 30.1
-5125.7 -8017.3 28.6
-5138.3 -8018.1 28.3
-5096.9 -8010.0 29.1
-5127.2 -8005.5 28.6
-5107.9 -7995.1 28.9
-5119.5 -8000.8 28.7
-5139.7 -7999.7 28.4
-5044.0 -7986.3 30.1
-5067.1 -7990.6 29.7
-5078.7 -7987.0 29.5
-5123.4 -7984.9 28.7
-5137.5 -7989.2 28.5
-5046.0 -7979.1 30.1
-5063.3 -7979.7 29.8
-5104.7 -7978.0 29.1
-5118.9 -7976.5 28.8
-5126.9 -7980.6 28.7
-5038.8 -7965.0 30.3
-5085.7 -7968.1 29.4
-5038.7 -7949.2 30.3
-5044.1 -7948.5 30.2
-5048.8 -7926.0 30.3
-5032.5 -7916.4 30.6
-5008.1 -7901.9 31.1
-5013.2 -7873.6 31.1
-5059.2 -7866.7 30.6
-5038.9 -7854.7 31.1
-5048.5 -7852.7 31.0
-5051.7 -7846.4 31.0
-5132.2 -7841.3 29.4
-5052.9 -7837.3 31.0
-5119.8 -7833.6 29.6
-5130.0 -7835.1 29.4
-5141.8 -7834.8 29.1
-5058.8 -7825.1 30.7
-5070.8 -7824.4 30.4
-5080.9 -7825.5 30.2
-5108.9 -7825.1 29.6
-5122.1 -7825.9 29.4
-5047.0 -7811.5 30.7
-5067.0 -7817.1 30.4
-5101.2 -7812.9 29.6
-5110.1 -7816.5 29.5
-5041.2 -7807.0 30.7
-5052.4 -7804.9 30.4
-5072.3 -7803.3 30.0
-5081.7 -7802.6 29.8
-5039.4 -7796.4 30.5
-5052.3 -7792.0 30.3
-5060.1 -7793.6 30.1
-5066.6 -7796.1 30.0
-5080.2 -7797.1 29.8
-5086.9 -7795.4 29.7
-5100.5 -7793.2 29.5
-5131.5 -7793.9 29.0
-5136.8 -7793.5 28.9
-5049.3 -7783.0 30.3
-5037.6 -7765.9 30.5
-5043.0 -7754.7 30.5
-5069.8 -7754.1 30.1
-5020.2 -7747.3 30.9
-5097.8 -7726.2 29.8
-5044.5 -7714.9 30.7
-5102.8 -7720.6 29.7
-5056.1 -7708.3 30.4
-5063.7 -7708.0 30.2
-5076.1 -7707.7 30.0
-5106.5 -7710.8 29.5
-5113.9 -7706.5 29.3
-5056.0 -7697.6 30.2
-5096.3 -7698.8 29.5
-5104.1 -7697.9 29.4
-5115.3 -7697.1 29.2
-5135.6 -7685.0 29.1
-5118.4 -7667.9 29.4
-5117.9 -7660.2 29.2
-5124.1 -7655.3 29.0
-5133.0 -7654.8 28.9
-5104.7 -7635.7 28.9
-5146.1 -7639.0 28.3
-5152.8 -7614.6 28.4
-5155.2 -7595.3 28.2
-5206.2 -7584.5 27.5
-5198.7 -7574.8 27.7
-5205.5 -7576.9 27.6
-5158.2 -7569.0 28.1
-5204.3 -7549.8 27.6
-5227.8 -7534.7 27.4
-4962.8 -7867.3 31.9
-4953.3 -7821.0 32.8
-4994.3 -7821.6 31.9
-5003.1 -7806.4 31.5
-4993.8 -7791.3 31.4
-5081.6 -7945.2 29.6
-5087.3 -7947.4 29.5
-5098.6 -7923.6 29.4
-5112.4 -7924.9 29.2
-5101.1 -7917.9 29.4
-5130.4 -7913.6 28.9
-5121.8 -7909.2 29.0
-5130.8 -7905.0 28.9
-5121.4 -7897.0 29.2
-5138.7 -7898.8 29.0
-5153.0 -7894.6 28.8
-5120.7 -7887.9 29.4
-5152.2 -7884.9 29.0
-5160.2 -7887.0 28.9
-5167.5 -7877.5 28.9
-5180.0 -7864.9 28.7
-5181.5 -7996.6 27.7
-5195.6 -7978.6 27.5
-5215.0 -7978.8 27.2
-5193.0 -7965.9 27.6
-5152.7 -7947.8 28.4
-5226.4 -7921.5 27.3
-5201.6 -7904.5 28.0
-5292.5 -7904.4 26.7
-5208.1 -7893.0 28.1
-5217.9 -7893.3 28.0
-5083.7 -7312.7 30.7
-5128.3 -7296.5 30.2
-5140.3 -7295.8 30.1
-5121.6 -7277.8 30.3
-5101.3 -7266.8 30.2
-5132.9 -7247.2 29.9
-5090.3 -7233.6 29.9
-5140.0 -7227.6 29.6
-5121.5 -7217.1 29.5
-5128.5 -7215.7 29.5
-5144.1 -7215.7 29.4
-5190.0 -7213.8 29.2
-5153.2 -7204.0 29.2
-5163.3 -7205.7 29.2
-5174.8 -7207.1 29.2
-5188.7 -7204.9 29.1
-5201.4 -7206.7 29.0
-5150.4 -7187.3 29.0
-5160.1 -7186.1 29.0
-5221.1 -7185.2 28.7
-5163.2 -7176.7 28.8
-5212.0 -7175.4 28.6
-5232.1 -7176.6 28.5
-5162.8 -7167.0 28.7
-5230.2 -7162.5 28.3
-5292.1 -7163.7 28.0
-5230.1 -7154.2 28.2
-5289.0 -7156.5 28.0
-5300.8 -7151.6 27.9
-5351.6 -7155.0 27.7
-5193.5 -7142.4 28.3
-5212.4 -7141.5 28.2
-5312.3 -7143.5 27.7
-5330.0 -7142.0 27.6
-5352.4 -7147.7 27.6
-5201.9 -7133.7 28.1
-5211.4 -7133.8 28.1
-5242.4 -7136.8 28.0
-5261.6 -7134.7 27.9
-5283.4 -7133.0 27.7
-5322.0 -7133.6 27.6
-5332.0 -7134.8 27.5
-5340.1 -7135.0 27.5
-5199.9 -7123.3 28.0
-5262.2 -7124.1 27.7
-5290.1 -7124.4 27.6
-5304.1 -7126.5 27.6
-5248.3 -7116.3 27.7
-5270.2 -7117.2 27.6
-5280.8 -7114.5 27.6
-5319.8 -7112.1 27.3
-5214.2 -7102.3 27.7
-5239.6 -7102.9 27.6
-5249.9 -7107.1 27.6
-5269.6 -7106.5 27.5
-5184.1 -7092.7 27.8
-5230.2 -7097.0 27.6
-5239.9 -7096.4 27.5
-5253.5 -7094.6 27.5
-5260.2 -7092.6 27.4
-5220.4 -7082.1 27.5
-5244.4 -7082.1 27.4
-5213.8 -7073.8 27.5
-5220.5 -7076.7 27.4
-5182.9 -7063.6 27.6
-5211.5 -7061.4 27.4
-5193.0 -7057.2 27.5
-5172.5 -7043.8 27.4
-5192.5 -7044.9 27.3
-5202.4 -7045.6 27.3
-5120.4 -7031.8 27.5
-5150.7 -7037.7 27.4
-5124.7 -7022.3 27.4
-5139.5 -7025.8 27.3
-5149.1 -7023.5 27.3
-5172.4 -7026.0 27.2
-5188.1 -7024.6 27.1
-5223.8 -7025.3 26.9
-5229.3 -7026.9 26.9
-5151.7 -7015.5 27.1
-5154.2 -7006.8 27.0
-5164.1 -7005.4 26.9
-5130.4 -6995.3 27.0
-5149.8 -6997.1 26.9
-5143.3 -6987.2 26.8
-5114.2 -6971.9 26.8
-5118.4 -6971.8 26.8
-5140.3 -6973.1 26.7
-5140.2 -6965.6 26.6
-5083.2 -6955.0 26.7
-5090.8 -6954.4 26.7
-5102.2 -6956.5 26.6
-5113.8 -6955.7 26.6
-5052.2 -6947.5 26.8
-5078.5 -6942.3 26.6
-5089.5 -6942.8 26.5
-5101.1 -6946.6 26.5
-5108.1 -6943.3 26.4
-5030.9 -6934.8 26.7
-5093.6 -6937.8 26.4
-5110.5 -6931.9 26.2
-5033.4 -6925.5 26.6
-5034.5 -6917.0 26.4
-5049.7 -6911.3 26.2
-5063.6 -6914.0 26.2
-5032.6 -6904.3 26.3
-5051.6 -6905.5 26.1
-5024.6 -6891.7 26.3
-5032.0 -6894.1 26.2
-5050.8 -6891.5 26.1
-5059.6 -6891.6 26.1
-5072.5 -6891.5 26.0
-5041.8 -6882.6 26.2
-5061.8 -6886.9 26.0
-5032.2 -6873.3 26.2
-5028.9 -6863.3 26.3
-5043.8 -6857.6 26.2
-5000.3 -6843.4 26.7
-5009.8 -6844.4 26.6
-5000.8 -6832.8 26.9
-5049.4 -6826.6 26.5
-5003.0 -6813.7 27.1
-5021.4 -6812.4 27.0
-4993.5 -6806.7 27.4
-5004.6 -6807.4 27.2
-5022.2 -6804.4 27.2
-5003.3 -6792.1 27.6
-5034.1 -6756.9 28.2
-5044.6 -6742.9 28.5
-5093.0 -6744.7 28.0
-5050.7 -6736.4 28.5
-5059.3 -6733.8 28.4
-5063.9 -6721.6 27.9
-5092.4 -7318.4 30.5
-5108.4 -7317.3 30.4
-5129.2 -7314.1 30.2
-5147.4 -7313.0 30.0
-5163.1 -7317.4 29.8
-5168.2 -7315.7 29.7
-5106.5 -7559.3 28.6
-5119.0 -7564.5 28.5
-5085.4 -7549.3 28.7
-5109.1 -7552.3 28.5
-5117.8 -7549.7 28.4
-5137.1 -7552.2 28.3
-5064.7 -7539.8 28.9
-5073.8 -7540.8 28.8
-5095.1 -7540.1 28.6
-5109.4 -7543.8 28.5
-5146.4 -7539.9 28.1
-5068.3 -7530.2 28.8
-5119.5 -7530.2 28.3
-5145.5 -7531.3 28.1
-5125.3 -7524.3 28.3
-5133.8 -7524.4 28.2
-5118.0 -7508.4 28.3
-5126.3 -7513.6 28.2
-5137.9 -7501.8 28.0
-5145.8 -7491.3 28.2
-5178.4 -7490.3 28.0
-5146.1 -7482.9 28.3
-5153.7 -7483.8 28.2
-5156.3 -7470.3 28.4
-5163.9 -7464.1 28.5
-5163.4 -7450.6 28.7
-5173.5 -7449.1 28.7
-5186.0 -7448.8 28.6
-5184.3 -7429.4 29.0
-5206.7 -7431.3 28.8
-5219.1 -7428.6 28.8
-5186.9 -7420.2 29.1
-5193.6 -7423.9 29.0
-5203.7 -7423.4 28.9
-5216.4 -7421.7 28.9
-5199.4 -7414.2 29.1
-5216.8 -7408.1 28.9
-5268.2 -7413.5 28.3
-5199.5 -7398.7 29.1
-5204.4 -7398.2 29.1
-5218.0 -7402.3 28.9
-5188.2 -7380.2 29.3
-5204.1 -7383.4 29.1
-5187.5 -7328.3 29.5
-5030.1 -7714.4 30.9
-4996.9 -7692.8 31.3
-5027.8 -7683.2 30.6
-5038.1 -7682.6 30.4
-5025.0 -7676.7 30.6
-4950.0 -7663.4 31.8
-5018.7 -7668.9 30.7
-5029.8 -7665.9 30.6
-5036.8 -7662.5 30.6
-5047.6 -7666.0 30.4
-4937.7 -7654.5 31.9
-4997.9 -7653.0 31.0
-5069.1 -7652.4 29.9
-5067.4 -7647.1 29.8
-5079.4 -7636.6 29.3
-5085.5 -7632.9 29.2
-5009.0 -7628.1 30.3
-5014.4 -7626.0 30.1
-4955.9 -7618.4 30.9
-4989.9 -7604.0 30.1
-4999.8 -7596.2 29.9
-4969.5 -7585.9 30.2
-4990.0 -7588.8 30.0
-5057.2 -7584.6 29.2
-5098.8 -7584.2 28.7
-4967.5 -7574.2 30.0
-5057.2 -7578.9 29.1
-5044.7 -7562.5 29.2
-5056.7 -7566.0 29.1
-5068.0 -7568.5 28.9
-5066.1 -7558.8 28.9
-5049.2 -7546.5 29.0
-5054.7 -7543.2 29.0
-5014.8 -7522.7 29.3
-5028.2 -7527.5 29.2
-5034.9 -7525.0 29.1
-5006.0 -7513.0 29.3
-5017.4 -7518.2 29.2
-5009.5 -7503.6 29.2
-5019.0 -7506.8 29.2
-5026.5 -7503.2 29.1
-5011.6 -7484.1 29.2
-4759.3 -7799.3 36.0
-4771.9 -7784.8 35.9
-4780.7 -7784.0 35.7
-4730.2 -7771.1 36.2
-4741.3 -7774.6 36.2
-4756.7 -7774.0 36.0
-4780.8 -7774.1 35.5
-4791.9 -7772.8 35.3
-4720.8 -7759.2 36.0
-4730.8 -7761.8 36.1
-4761.8 -7764.7 35.8
-4771.7 -7759.6 35.5
-4776.6 -7764.8 35.5
-4797.1 -7760.5 34.9
-4738.6 -7753.3 35.8
-4750.8 -7750.5 35.7
-4769.0 -7753.3 35.4
-4699.1 -7740.5 35.5
-4781.1 -7743.2 35.0
-4810.3 -7739.2 34.3
-4821.0 -7741.1 34.1
-4690.7 -7733.6 35.4
-4700.2 -7731.7 35.3
-4746.3 -7731.9 35.2
-4761.6 -7731.8 35.2
-4777.7 -7729.4 34.8
-4798.3 -7734.7 34.5
-4822.2 -7735.2 34.0
-4689.8 -7725.3 35.1
-4772.0 -7723.6 34.9
-4789.5 -7720.6 34.4
-4679.4 -7712.5 34.8
-4687.3 -7713.0 34.8
-4729.5 -7712.7 34.7
-4738.5 -7712.5 34.7
-4795.7 -7712.6 34.2
-4671.7 -7701.4 34.9
-4726.9 -7699.2 34.3
-4737.1 -7700.6 34.3
-4711.7 -7682.3 34.6
-4730.3 -7684.3 34.4
-4738.8 -7684.2 34.3
-4707.9 -7673.2 34.6
-4725.9 -7673.3 34.4
-4719.6 -7663.4 34.5
-4717.5 -7653.8 34.6
-4716.2 -7640.5 34.7
-4801.7 -7644.0 33.6
-4720.7 -7633.1 34.6
-4786.5 -7629.9 33.8
-4751.0 -7622.7 34.4
-4765.6 -7622.0 34.2
-4779.6 -7620.9 34.0
-4795.8 -7620.5 33.7
-4722.0 -7610.4 34.7
-4738.8 -7603.4 34.6
-4729.1 -7591.6 34.7
-4740.4 -7593.1 34.6
-4760.5 -7591.3 34.3
-4790.3 -7594.0 33.8
-4688.9 -7585.4 35.1
-4699.9 -7585.7 35.0
-4760.2 -7581.5 34.3
-4807.7 -7585.2 33.5
-4759.5 -7569.6 34.3
-4795.9 -7572.4 33.6
-4805.8 -7573.8 33.5
-4680.2 -7562.6 35.3
-4696.6 -7561.8 35.1
-4719.8 -7559.5 34.9
-4732.1 -7560.0 34.7
-4741.8 -7560.8 34.6
-4747.8 -7561.1 34.5
-4797.3 -7565.0 33.6
-4806.7 -7563.9 33.5
-4646.7 -7550.7 35.0
-4716.1 -7554.2 35.0
-4742.0 -7554.6 34.6
-4789.2 -7551.5 33.8
-4649.6 -7544.4 35.0
-4659.3 -7545.1 35.1
-4666.7 -7544.6 35.2
-4699.7 -7540.9 35.2
-4705.8 -7544.8 35.1
-4727.7 -7543.9 34.8
-4632.2 -7529.4 34.6
-4648.8 -7534.9 34.9
-4680.8 -7535.6 35.4
-4688.3 -7532.1 35.3
-4697.6 -7533.5 35.2
-4706.5 -7534.5 35.1
-4628.7 -7524.1 34.5
-4638.1 -7519.9 34.7
-4678.7 -7524.2 35.3
-4685.8 -7520.5 35.4
-4759.6 -7525.5 34.2
-4619.7 -7509.6 34.6
-4678.6 -7514.6 35.2
-4615.7 -7504.9 34.6
-4730.1 -7501.5 34.6
-4538.3 -7492.0 34.3
-4558.1 -7491.5 34.5
-4716.2 -7490.9 34.9
-4539.9 -7482.9 34.5
-4546.7 -7481.1 34.6
-4649.5 -7480.9 35.5
-4661.8 -7480.9 35.6
-4666.5 -7483.9 35.5
-4697.7 -7484.2 35.2
-4508.2 -7471.4 34.6
-4569.6 -7469.2 35.1
-4575.8 -7470.9 35.1
-4591.0 -7473.6 35.2
-4578.8 -7461.0 35.4
-4646.8 -7461.4 35.9
-4659.9 -7461.8 35.9
-4659.8 -7452.2 35.9
-4569.5 -7440.4 35.8
-4641.8 -7444.7 36.2
-4568.0 -7430.9 36.0
-4557.5 -7424.5 36.1
-4547.8 -7413.8 36.2
-4555.6 -7415.5 36.3
-4558.1 -7404.0 36.6
-4565.6 -7390.1 36.9
-4589.1 -7394.3 36.9
-5671.8 884.6 41.3
-5677.2 882.0 41.1
-5690.1 886.9 41.0
-5677.2 897.5 41.6
-5717.8 895.3 40.7
-5731.2 897.2 40.4
-5668.3 906.5 42.1
-5696.4 906.7 41.5
-5711.8 907.3 41.1
-5717.2 901.5 40.8
-5728.6 906.3 40.8
-5657.0 915.4 42.6
-5719.8 915.5 41.2
-5757.6 916.4 40.4
-5735.9 923.7 41.1
-5761.9 925.7 40.6
-5738.5 931.3 41.3
-5750.6 932.5 41.1
-6258.5 881.7 34.4
-6243.6 1058.7 34.0
-6266.6 1059.2 33.7
-6284.4 1078.4 33.4
-6285.4 1093.5 33.3
-6296.9 1092.7 33.3
-6315.9 1093.2 33.3
-6306.5 1101.1 33.3
-6318.4 1097.8 33.3
-6284.1 1110.6 33.4
-6313.6 1107.5 33.4
-6314.0 1131.6 33.7
-6228.9 1183.9 34.1
-6226.2 1191.9 34.2
-6443.2 379.6 37.6
-6477.5 390.5 37.1
-6431.4 397.7 37.4
-6453.5 399.7 37.2
-6472.9 395.8 37.1
-6453.3 409.3 37.0
-6452.7 418.0 36.9
-6446.4 431.3 36.8
-6454.1 428.5 36.8
-6466.6 427.2 36.7
-6484.3 425.3 36.5
-4482.4 -3770.2 36.0
-4515.0 -3762.4 36.0
-4520.7 -3759.4 36.0
-4542.4 -3761.1 35.9
-4449.9 -3752.6 36.3
-4529.4 -3748.4 36.2
-4563.5 -3744.7 36.1
-4470.8 -3732.6 37.1
-4504.1 -3731.3 36.9
-4544.2 -3732.5 36.5
-4620.5 -3729.8 36.0
-4491.1 -3718.8 37.3
-4601.0 -3718.7 36.3
-4625.6 -3723.8 36.1
-4630.1 -3719.6 36.2
-4442.6 -3714.3 36.9
-4461.5 -3710.6 37.0
-4475.1 -3712.5 37.5
-4604.2 -3708.4 36.6
-4459.5 -3704.5 37.0
-4474.9 -3699.3 37.7
-4484.7 -3704.8 37.8
-4505.1 -3704.3 37.6
-4594.1 -3701.5 36.9
-4613.8 -3701.4 36.7
-4641.9 -3702.0 36.5
-4483.3 -3694.6 38.0
-4512.4 -3688.9 38.0
-4480.2 -3683.7 38.0
-4494.5 -3678.8 38.5
-4511.9 -3684.0 38.1
-4632.7 -3678.6 37.2
-4480.3 -3672.8 38.1
-4545.4 -3669.7 38.3
-4549.3 -3673.4 38.1
-4621.4 -3674.4 37.4
-4490.7 -3662.1 38.6
-4629.4 -3664.3 37.6
-4485.8 -3651.1 38.5
-4491.4 -3651.8 38.7
-4500.8 -3652.7 39.0
-4523.9 -3649.4 39.0
-4549.2 -3648.2 38.8
-4562.0 -3650.3 38.7
-4629.2 -3653.7 38.0
-4491.1 -3643.2 38.8
-4504.8 -3640.5 39.2
-4519.2 -3640.1 39.3
-4533.4 -3638.6 39.3
-4541.7 -3640.4 39.1
-4554.7 -3642.9 38.9
-4613.6 -3639.7 38.5
-4651.8 -3640.4 38.1
-4659.9 -3641.4 38.0
-4522.5 -3630.3 39.6
-4535.1 -3632.7 39.4
-4541.2 -3632.6 39.4
-4553.5 -3633.8 39.2
-4604.3 -3631.0 38.8
-4609.9 -3633.9 38.7
-4621.5 -3634.5 38.6
-4634.3 -3633.2 38.5
-4644.3 -3634.5 38.4
-4665.1 -3628.9 38.3
-4501.7 -3623.1 39.3
-4619.8 -3624.8 38.9
-4635.8 -3624.4 38.7
-4702.1 -3621.6 38.2
-4512.0 -3608.7 39.8
-4543.9 -3610.2 40.0
-4603.6 -3612.5 39.4
-4611.9 -3614.8 39.2
-4629.2 -3611.2 39.2
-4680.4 -3614.8 38.6
-4543.7 -3602.6 40.2
-4571.3 -3600.1 40.0
-4600.9 -3599.4 39.8
-4610.4 -3598.4 39.7
-4635.5 -3600.0 39.4
-4641.4 -3600.8 39.4
-4545.4 -3593.2 40.4
-4554.6 -3588.4 40.5
-4570.0 -3591.3 40.3
-4584.1 -3591.9 40.1
-4590.5 -3593.0 40.0
-4601.9 -3588.6 40.1
-4620.7 -3592.2 39.8
-4644.2 -3594.7 39.5
-4692.1 -3592.5 39.1
-4564.4 -3584.2 40.5
-4599.4 -3579.7 40.3
-4621.3 -3580.1 40.1
-4670.8 -3579.0 39.7
-4679.9 -3581.0 39.6
-4689.4 -3580.3 39.5
-4703.7 -3582.2 39.3
-4523.0 -3570.1 40.6
-4542.9 -3573.5 41.0
-4610.3 -3571.8 40.5
-4669.5 -3570.6 40.0
-4701.3 -3571.9 39.6
-4530.2 -3563.2 40.8
-4545.6 -3559.3 41.3
-4555.2 -3560.6 41.3
-4579.9 -3561.8 41.0
-4621.9 -3563.8 40.6
-4672.5 -3563.9 40.1
-4679.4 -3559.0 40.2
-4689.6 -3561.3 40.0
-4582.1 -3550.0 41.3
-4604.8 -3552.0 41.1
-4611.7 -3552.6 41.0
-4625.3 -3549.0 41.0
-4680.5 -3551.0 40.4
-4459.7 -3561.3 37.5
-4486.4 -3558.9 39.0
-4459.8 -3550.4 37.6
-4471.0 -3553.1 38.1
-4495.0 -3552.9 39.4
-4514.6 -3551.2 40.4
-4527.1 -3549.8 40.9
-4545.5 -3541.4 41.4
-4464.9 -3529.6 38.0
-4537.7 -3530.3 40.7
-4548.5 -3534.2 41.1
-4459.1 -3519.8 37.9
-4538.9 -3510.0 39.9
-4547.7 -3511.8 40.2
-4531.0 -3489.9 39.7
-4536.4 -3490.1 39.8
-4384.3 -3900.9 37.5
-4402.2 -3900.6 37.3
-4395.2 -3893.0 37.3
-4416.1 -3892.4 37.1
-4404.3 -3880.4 37.1
-4413.3 -3883.5 37.1
-4487.5 -3879.2 36.3
-4508.4 -3884.6 36.2
-4404.4 -3874.0 37.1
-4416.8 -3874.7 37.0
-4476.1 -3871.6 36.4
-4415.6 -3864.3 36.9
-4475.6 -3863.0 36.3
-4483.4 -3863.8 36.3
-4496.3 -3851.4 36.1
-4414.7 -3844.1 36.8
-4422.7 -3838.8 36.7
-4496.0 -3839.9 36.0
-4443.7 -3831.1 36.4
-4466.0 -3830.4 36.2
-4505.2 -3830.8 35.9
-4426.4 -3822.3 36.5
-4434.4 -3821.3 36.4
-4512.7 -3818.3 35.8
-4436.9 -3809.5 36.3
-4442.8 -3810.3 36.3
-4455.9 -3812.4 36.2
-4517.8 -3812.6 35.7
-4486.9 -3804.5 35.9
-4497.4 -3800.1 35.8
-4523.7 -3800.7 35.6
-4456.4 -3783.9 36.0
-4467.3 -3781.1 35.9
-6353.2 234.1 40.5
-6366.0 237.0 40.3
-6371.3 252.9 40.0
-6383.1 255.5 39.9
-5783.9 -20.2 39.5
-5755.3 11.1 41.5
-4389.8 -3841.6 37.0
-4385.6 -3830.3 37.0
-4394.6 -3829.6 36.9
-4355.7 -3818.1 37.2
-4346.5 -3810.0 37.2
-4316.3 -3787.0 39.2
-4349.7 -3790.3 38.2
-4316.7 -3776.3 39.2
-4327.7 -3776.8 38.9
-4339.2 -3776.5 38.6
-4300.2 -3762.5 39.5
-4314.3 -3756.4 39.1
-4296.3 -3751.3 39.5
-4264.1 -3739.9 40.2
-4277.3 -3741.2 39.8
-4132.0 -4010.6 40.8
-4091.0 -4002.7 41.2
-4139.6 -4004.7 40.6
-3987.2 -3991.3 42.6
-4042.8 -3990.9 41.6
-4151.3 -3991.3 40.3
-3997.8 -3986.9 42.3
-4030.9 -3980.5 41.6
-4040.0 -3981.3 41.6
-4057.2 -3982.0 41.4
-4088.6 -3984.4 41.0
-4147.1 -3986.7 40.3
-4168.9 -3985.5 40.1
-4009.6 -3970.9 41.9
-4022.3 -3973.1 41.7
-4033.0 -3972.7 41.6
-4040.8 -3971.0 41.5
-4028.0 -3966.7 41.6
-4037.3 -3961.6 41.5
-4079.8 -3964.4 40.9
-4040.8 -3953.6 41.3
-4049.6 -3955.4 41.2
-4058.4 -3954.5 41.1
-4112.4 -3956.8 40.4
-4129.8 -3953.5 40.2
-4148.6 -3952.7 40.1
-4169.7 -3955.6 39.9
-4072.1 -3946.3 40.8
-4081.5 -3944.5 40.6
-4127.2 -3940.7 40.2
-4069.9 -3935.2 40.7
-4077.9 -3934.4 40.6
-4109.4 -3934.4 40.3
-4138.8 -3931.7 40.0
-4077.9 -3922.8 40.5
-4101.9 -3921.5 40.3
-4132.0 -3925.9 40.0
-4089.4 -3910.8 40.3
-4110.5 -3915.8 40.2
-4120.4 -3917.0 40.1
-4132.2 -3910.7 39.9
-4079.7 -3903.5 40.2
-4121.6 -3903.9 40.0
-4132.1 -3905.3 39.9
-4099.2 -3895.1 39.9
-4133.4 -3896.1 39.8
-4139.2 -3892.1 39.7
-4152.3 -3891.0 39.6
-4173.4 -3891.1 39.4
-4097.4 -3883.7 40.2
-4107.9 -3885.9 39.8
-4121.8 -3884.7 39.6
-4131.7 -3880.6 39.5
-4137.4 -3880.9 39.5
-4172.3 -3883.3 39.3
-4138.6 -3875.2 39.5
-4122.6 -3862.6 40.6
-4149.1 -3866.1 39.7
-4143.0 -3855.6 40.4
-4148.9 -3852.6 40.4
-4169.3 -3822.1 41.6
-4168.5 -3815.4 41.9
-4172.1 -3805.3 42.4
-4182.3 -3803.3 42.2
-4182.8 -3796.0 42.4
-5911.6 -83.2 34.9
-5852.4 184.4 45.0
-5808.9 224.9 44.5
-5823.9 150.6 43.7
-5822.3 157.1 43.7
-5652.0 169.6 40.3
-5820.2 168.1 43.7
-5653.0 180.6 40.2
-5820.9 176.5 43.8
-5821.4 188.8 44.0
-6697.4 168.5 36.4
-6703.2 168.3 36.1
-6716.4 181.0 35.8
-6717.3 187.8 35.9
-5746.7 290.3 43.7
-5670.1 317.6 42.2
-5681.2 358.6 42.7
-5698.4 357.5 42.5
-5706.0 370.2 42.2
-5716.7 369.2 42.1
-5686.4 376.4 42.2
-5701.2 373.8 42.1
-5712.5 375.3 42.0
-5716.0 376.4 41.9
-5725.9 375.8 41.9
-5739.6 374.8 41.8
-5748.1 377.7 41.7
-5757.4 374.8 41.7
-6775.6 301.0 34.6
-6649.8 281.5 36.8
-6161.8 1018.7 35.1
-6182.6 1014.5 34.9
-6166.0 1023.3 35.0
-6205.4 945.9 34.5
-6213.4 949.1 34.5
-6203.0 953.1 34.6
-6210.1 954.6 34.5
-6245.4 974.7 34.2
-6200.1 970.0 34.7
-6172.4 989.5 35.1
-6177.7 987.5 35.0
-6159.5 999.1 35.2
-6169.2 997.9 35.1
-6918.9 -3881.4 24.9
-6885.7 -3858.1 24.6
-6883.4 -3847.5 24.9
-6923.3 -3823.3 25.2
-6930.3 -3821.8 25.2
-6920.8 -3814.2 25.1
-6933.5 -3774.7 25.5
-6924.2 -3761.7 25.4
-6930.9 -3767.1 25.5
-6922.8 -3753.2 25.5
-6925.4 -3746.3 25.5
-6868.8 -3726.1 26.8
-6865.0 -3659.5 25.2
-6870.0 -3652.3 25.0
-6871.2 -3638.3 25.1
-6871.0 -3617.5 25.3
-6868.0 -3608.3 25.2
-6870.0 -3598.1 25.3
-6858.4 -3587.8 25.1
-6867.0 -3590.4 25.3
-6859.8 -3579.8 25.1
-6860.6 -3551.0 25.3
-6867.4 -3527.1 25.6
-6868.3 -3511.9 25.7
-6866.8 -3500.4 25.8
-6864.8 -3489.6 25.8
-6858.1 -3477.8 25.7
-6851.2 -3469.3 25.6
-6864.9 -3466.6 25.9
-6845.4 -3447.1 25.6
-6855.6 -3449.9 25.8
-6868.6 -3440.2 26.1
-6846.2 -3430.7 25.8
-6858.7 -3430.4 26.0
-6868.0 -3431.5 26.1
-6845.9 -3422.1 25.8
-6856.5 -3408.1 26.1
-6865.4 -3409.1 26.3
-6859.4 -3397.6 26.2
-6869.0 -3401.6 26.4
-6840.1 -3389.0 26.0
-6856.7 -3392.2 26.2
-6869.5 -3391.3 26.5
-6848.3 -3381.2 26.2
-6839.8 -3358.1 25.9
-6849.4 -3359.9 26.1
-6857.7 -3352.4 26.4
-6850.8 -3342.4 26.3
-6823.7 -32.8 34.8
-6817.7 -10.7 34.9
-6807.1 -1.5 34.6
-6827.3 -2.6 35.2
-6807.5 13.2 34.7
-6816.3 8.7 34.9
-6825.4 12.5 35.1
-6813.3 19.4 34.9
-6795.4 32.3 34.4
-6809.1 29.7 34.7
-6813.4 27.5 34.8
-6826.3 30.0 34.9
-6794.1 41.7 34.3
-6808.1 37.8 34.5
-6788.7 49.6 34.2
-6813.2 47.3 34.5
-6805.1 62.9 34.4
-6787.1 69.9 34.2
-6797.7 69.6 34.3
-6803.8 69.5 34.4
-6776.4 82.5 34.1
-6788.1 83.2 34.3
-6817.0 77.9 34.5
-6778.0 90.5 34.2
-6787.6 92.2 34.3
-6814.0 89.2 34.5
-6769.3 102.2 34.2
-6786.9 100.0 34.3
-6766.3 109.2 34.2
-6774.7 141.3 34.1
-6784.6 143.1 34.1
-6776.3 152.6 34.1
-6797.3 148.4 33.9
-6806.5 160.1 33.7
-6767.6 171.1 34.5
-6776.8 169.3 34.3
-6783.2 169.3 34.2
-6817.1 169.6 33.5
-6779.1 176.6 34.3
-6783.4 179.6 34.3
-6803.8 182.4 33.9
-6816.9 177.5 33.6
-6779.7 189.4 34.5
-6816.8 191.8 33.6
-6787.7 198.3 34.1
-6798.6 201.3 33.8
-6816.6 200.9 33.4
-6826.1 196.9 33.3
-6809.7 210.8 33.5
-6816.6 207.6 33.3
-6827.8 221.6 33.0
-6812.5 419.1 31.6
-6804.8 427.6 31.7
-6810.3 428.6 31.7
-6647.7 473.3 33.2
-6638.4 480.2 33.2
-6726.4 487.8 31.4
-6709.9 509.5 31.5
-6732.1 532.3 30.6
-6766.9 540.8 30.8
-6736.1 551.1 30.9
-6748.8 548.4 30.9
-6766.8 553.2 30.9
-6779.0 550.4 30.8
-6600.2 561.6 32.4
-6716.8 561.4 31.0
-6601.4 569.2 32.4
-6598.0 582.0 32.4
-6747.9 578.0 31.1
-6771.5 582.6 31.3
-6600.2 598.5 32.3
-6781.1 601.3 32.1
-6592.2 611.4 32.2
-6606.1 610.3 31.9
-6620.7 608.4 31.6
-6648.2 610.8 31.5
-6657.6 613.5 31.6
-6672.2 610.8 31.6
-6688.7 607.7 31.5
-6571.8 623.4 32.4
-6585.8 623.5 32.1
-6600.9 622.8 31.8
-6626.8 620.9 31.6
-6636.6 623.4 31.7
-6666.1 618.3 31.7
-6608.9 631.0 31.7
-6670.3 631.8 31.8
-6681.9 632.2 32.0
-6778.2 632.5 32.3
-6632.1 641.5 31.9
-6636.4 641.6 31.9
-6681.8 639.0 32.2
-6690.4 637.6 32.2
-6770.6 643.0 32.4
-6650.4 651.9 32.2
-6657.7 650.8 32.3
-6691.6 649.4 32.6
-6711.1 649.6 32.7
-6717.3 653.1 32.8
-6747.8 648.8 32.6
-6689.4 658.0 32.8
-6701.1 660.3 32.9
-6717.0 661.7 32.8
-6738.9 659.2 32.6
-6769.4 663.2 32.5
-6782.2 659.9 32.4
-6501.1 582.8 33.5
-6517.3 582.7 33.2
-6527.5 582.7 33.0
-6398.5 593.3 34.9
-6404.8 592.2 34.9
-6419.5 590.3 34.8
-6437.1 593.8 34.5
-6456.3 589.2 34.2
-6486.3 592.7 33.6
-6496.6 588.2 33.5
-6388.1 599.6 35.0
-6399.4 601.5 34.8
-6410.3 602.7 34.7
-6416.9 600.9 34.6
-6435.5 601.2 34.3
-6455.7 600.3 34.0
-6480.5 598.3 33.6
-6386.2 609.6 34.8
-6398.0 610.3 34.7
-6431.2 613.2 34.2
-6458.5 608.1 33.8
-6518.1 611.1 33.0
-6406.5 621.6 34.4
-6507.6 622.4 33.1
-6397.4 630.1 34.4
-6526.1 628.7 32.9
-6113.4 632.2 36.5
-6207.7 630.8 35.7
-6221.9 651.4 35.6
-6222.6 663.8 35.5
-6229.4 694.2 35.3
-6221.8 705.0 35.7
-6228.2 704.4 35.8
-6138.0 715.0 35.9
-6159.8 712.7 35.8
-6203.1 715.7 36.3
-6207.3 715.6 36.4
-6434.9 798.4 34.6
-6404.3 894.0 35.0
-6415.2 897.6 34.8
-6424.9 898.2 34.6
-6432.5 893.8 34.5
-6395.7 905.1 35.0
-6423.1 907.3 34.6
-6417.1 1064.1 33.0
-6397.5 1086.6 33.0
-6423.3 1082.7 32.9
-6426.2 1090.4 32.8
-6406.1 1106.8 32.8
-6458.6 1101.0 32.5
-6415.6 1114.3 32.7
-6496.3 1136.7 31.9
-6507.5 1136.2 31.8
-6463.8 1144.0 32.1
-6502.3 1140.8 31.8
-6528.0 1151.0 31.6
-6047.1 127.4 44.8
-6048.1 1.3 38.4
-6069.3 -0.4 38.1
-6045.0 9.5 38.9
-6104.2 -101.1 33.0
-6174.7 -21.8 36.0
-6161.5 30.2 39.0
-6174.2 27.1 38.7
-6813.3 -3556.3 25.4
-6843.9 -3547.7 25.4
-6814.9 -3499.7 25.8
-6827.7 -4580.6 28.4
-6812.9 -4568.0 28.5
-6834.3 -4572.5 28.4
-6754.6 -4539.2 29.1
-6739.3 -4487.0 29.3
-6796.5 -4467.3 29.0
-6777.3 -4451.3 29.2
-6869.8 -4017.9 25.6
-6838.1 -3954.0 24.8
-3959.9 -4001.9 43.3
-3967.6 -3982.7 42.8
-3962.2 -3974.0 42.8
-3970.5 -3978.0 42.7
-3920.7 -3962.4 43.5
-3952.1 -3963.6 42.9
-3959.8 -3965.5 42.8
-3881.7 -3956.5 44.2
-3896.6 -3957.1 44.0
-3909.7 -3955.0 43.7
-3948.2 -3954.6 42.9
-3956.0 -3951.7 42.8
-3970.0 -3953.9 42.5
-3997.5 -3952.4 42.0
-3887.0 -3946.5 44.0
-3901.8 -3945.4 43.8
-3987.6 -3943.2 42.1
-3848.9 -3932.1 44.7
-3871.6 -3933.7 44.2
-3818.0 -3924.4 45.2
-3827.0 -3926.6 45.1
-3836.0 -3926.1 44.9
-3862.4 -3925.5 44.4
-3866.5 -3926.0 44.3
-4002.3 -3924.2 41.6
-3857.4 -3914.7 44.4
-3890.8 -3915.0 43.7
-3896.1 -3912.5 43.6
-3909.4 -3912.1 43.4
-3836.3 -3907.5 44.8
-3857.6 -3903.8 44.4
-3871.5 -3903.2 44.1
-3880.6 -3903.3 43.9
-3898.5 -3907.5 43.6
-4049.0 -3907.8 40.7
-3829.5 -3892.5 45.3
-3852.1 -3896.7 44.6
-3881.5 -3893.8 44.1
-3891.9 -3894.7 43.9
-3860.7 -3885.7 44.9
-3860.9 -3876.5 45.4
-3877.0 -3874.6 45.1
-3888.5 -3877.5 44.7
-4038.8 -3863.0 42.2
-4052.1 -3855.5 42.3
-4099.5 -3858.2 41.2
-4056.2 -3847.0 42.7
-4070.8 -3837.3 42.7
-4132.2 -3827.3 41.8
-4136.7 -3822.8 41.8
-4089.6 -3815.9 42.4
-4097.7 -3813.5 42.3
-4112.1 -3813.2 42.1
-4080.9 -3806.4 42.5
-4090.9 -3795.4 42.4
-4159.6 -3795.2 42.3
-4088.3 -3786.6 42.4
-4177.5 -3764.6 42.3
-6890.4 -5162.3 26.3
-6884.2 -5368.4 25.8
-6893.8 -5370.3 25.8
-6890.3 -5355.6 25.8
-6834.3 -5336.7 26.2
-6841.6 -5334.8 26.2
-6854.4 -5335.4 26.1
-4050.4 -4334.3 41.2
-4087.8 -4334.3 42.2
-4056.3 -4313.1 41.9
-4090.8 -4312.9 42.8
-4080.0 -4293.0 43.0
-4108.0 -4285.0 42.2
-4108.6 -4260.7 42.1
-4139.6 -4263.2 41.9
-4075.9 -4253.0 42.8
-4125.2 -4230.5 41.9
-4155.9 -4234.4 41.6
-4084.5 -4221.2 42.2
-4106.8 -4225.0 42.0
-4116.2 -4219.8 41.9
-4167.6 -4222.1 41.5
-4118.6 -4211.9 41.8
-4127.6 -4209.7 41.8
-4116.7 -4200.3 41.8
-4129.1 -4204.4 41.7
-4115.2 -4191.3 41.8
-4128.8 -4194.0 41.7
-4134.5 -4194.2 41.6
-4189.3 -4193.7 41.2
-4118.8 -4180.3 41.7
-4138.1 -4181.7 41.6
-4158.0 -4178.9 41.4
-4188.7 -4179.8 41.2
-4216.6 -4181.9 41.0
-4129.3 -4162.5 41.6
-4156.5 -4164.4 41.4
-4168.9 -4165.1 41.3
-4189.0 -4160.8 41.1
-4135.1 -4154.4 41.5
-4170.1 -4152.4 41.2
-4207.8 -4150.8 40.9
-4229.4 -4155.2 40.8
-4134.9 -4139.3 41.4
-4175.0 -4142.5 41.1
-4195.0 -4138.9 41.0
-4214.9 -4144.1 40.8
-4136.5 -4131.3 41.4
-4150.3 -4135.3 41.3
-4118.9 -4120.8 41.5
-4147.3 -4119.1 41.3
-4120.6 -4109.9 41.4
-4126.5 -4102.2 41.4
-4301.3 -4149.8 40.2
-4309.4 -4151.1 40.1
-4302.6 -4126.8 39.9
-4229.6 -4120.1 40.6
-4299.7 -4117.2 39.8
-4309.5 -4116.8 39.7
-4313.2 -4112.3 39.6
-4200.3 -4102.2 40.8
-4212.1 -4102.4 40.7
-4232.8 -4087.1 40.3
-4250.8 -4088.6 40.1
-4259.1 -4087.9 40.0
-4311.9 -4091.2 39.5
-4195.1 -4082.5 40.8
-4200.9 -4078.0 40.7
-4214.0 -4078.4 40.5
-4232.5 -4076.6 40.2
-4245.5 -4078.0 40.0
-4311.3 -4082.6 39.4
-4250.0 -4072.1 39.9
-4174.6 -4062.5 40.8
-4309.3 -4060.3 39.3
-4150.6 -4047.1 41.0
-4180.3 -4050.0 40.6
-4191.6 -4043.2 40.3
-4214.6 -4038.8 40.0
-4229.1 -4037.8 39.9
-4247.6 -3896.7 38.7
-4251.0 -3888.6 38.6
-4197.6 -3874.9 39.0
-4201.3 -3868.0 38.9
-4212.2 -3841.1 39.3
-4361.2 -3908.6 37.7
-4324.8 -3865.8 37.8
-4304.3 -3846.6 37.8
-4303.6 -3841.8 37.8
-4314.6 -3839.3 37.7
-4345.9 -3829.2 37.3
-4306.0 -3816.4 38.0
-4260.3 -3805.8 39.9
-4272.8 -3806.9 39.5
-4282.6 -3805.9 39.2
-4290.4 -3806.2 39.0
-4254.7 -3799.8 40.3
-4276.0 -3796.6 39.9
-4281.7 -3796.5 39.8
-4264.3 -3778.3 40.4
-4263.6 -3770.2 40.4
-6427.3 952.7 34.9
-6487.8 972.9 35.8
-6486.5 980.7 35.6
-6404.8 993.3 33.8
-6488.2 993.9 35.0
-6566.1 993.3 35.0
-6402.9 1007.2 33.5
-6502.8 1002.5 34.7
-6564.4 1006.2 33.0
-6397.6 1013.1 33.3
-6488.6 1012.1 33.8
-6497.9 1011.9 33.6
-6396.2 1024.2 33.2
-6436.5 1026.6 33.1
-6463.8 1024.8 32.9
-6475.5 1023.5 32.8
-6555.3 1025.5 32.3
-6566.8 1021.4 32.2
-6413.4 1034.4 33.2
-6452.6 1034.8 32.9
-6496.6 1033.4 32.6
-6477.7 1043.3 32.7
-6498.6 1047.1 32.5
-6505.3 1045.3 32.5
-6558.0 1043.0 32.1
-6356.8 1106.0 33.2
-6386.5 1107.0 33.0
-6347.2 1130.0 33.1
-6366.8 1128.0 33.0
-6377.8 1128.3 32.9
-6388.6 1141.5 32.8
-6336.5 1146.5 33.3
-6375.2 1151.5 33.0
-6385.4 1151.0 32.8
-6398.8 1146.6 32.7
-6447.9 1147.0 32.3
-6370.6 1158.3 33.0
-6385.0 1159.8 32.9
-6408.9 1159.4 32.7
-6419.0 1159.7 32.6
-6369.5 1167.3 33.1
-6378.6 1167.4 33.0
-6385.8 1169.6 33.0
-6418.2 1165.7 32.6
-6477.6 1170.5 32.1
-6359.5 1180.9 33.3
-6366.0 1176.2 33.2
-6376.3 1181.3 33.1
-6397.0 1176.9 32.9
-6406.2 1181.5 32.8
-6416.6 1181.2 32.7
-6436.9 1180.9 32.5
-6448.9 1176.8 32.4
-6478.0 1175.6 32.1
-6349.8 1186.4 33.4
-6360.9 1186.3 33.3
-6366.4 1189.3 33.3
-6439.1 1186.3 32.5
-6445.5 1191.0 32.5
-6457.1 1186.6 32.4
-6465.1 1190.1 32.3
-6356.5 1197.1 33.5
-6379.7 1197.6 33.2
-6385.6 1198.6 33.2
-6437.0 1195.3 32.6
-6456.3 1198.8 32.5
-6466.6 1196.8 32.3
-6515.6 1198.9 31.9
-6335.4 1207.8 33.7
-6350.2 1208.1 33.6
-6364.3 1206.1 33.4
-6375.8 1211.7 33.4
-6405.6 1208.4 33.0
-6489.8 1208.3 32.2
-6524.8 1209.2 31.8
-6499.4 1217.7 32.2
-6510.6 1221.6 32.1
-6540.3 1220.8 31.8
-6367.6 1226.8 33.5
-6380.6 1225.5 33.4
-6388.4 1227.5 33.3
-6395.0 1228.9 33.3
-6456.1 1231.0 32.7
-6476.8 1229.2 32.5
-6504.5 1229.5 32.2
-6376.6 1239.4 33.5
-6387.2 1237.0 33.4
-6409.6 1241.0 33.2
-6460.2 1240.8 32.7
-6495.8 1235.8 32.3
-6510.2 1236.7 32.2
-6524.9 1236.1 32.0
-6385.9 1248.1 33.3
-6406.2 1246.9 33.2
-6418.4 1249.1 33.1
-6424.9 1251.0 33.0
-6435.1 1251.1 32.9
-6390.6 1256.8 33.1
-6410.2 1261.8 32.9
-6466.5 1256.7 32.7
-6507.4 1260.2 32.3
-6419.4 1268.7 32.8
-6467.8 1271.0 32.4
-6505.9 1266.8 32.2
-6425.2 1275.4 32.7
-6465.1 1278.1 32.4
-6466.8 1290.5 32.3
-6450.6 1300.8 32.3
-6456.5 1296.0 32.3
-6479.9 1298.3 32.1
-6488.6 1298.5 32.0
-6454.8 1305.9 32.3
-6446.5 1316.5 32.2
-6028.4 941.5 36.5
-6079.1 940.6 35.9
-6027.4 952.2 36.6
-6027.8 958.8 36.6
-6025.9 970.5 36.7
-6035.5 971.6 36.5
-6038.6 979.1 36.5
-6088.5 977.3 36.0
-6039.1 998.1 36.6
-5981.3 990.7 37.2
-5976.7 997.1 37.2
-5980.9 1008.5 37.1
-6042.3 1079.0 37.0
-6026.0 1085.7 37.6
-6060.2 1157.4 35.5
-6057.3 1162.9 35.5
-6068.6 1162.5 35.4
-6781.1 976.0 29.4
-6779.3 982.4 29.3
-6784.2 993.4 29.1
-6778.6 1000.1 29.2
-6774.2 1020.1 29.1
-6778.3 1040.6 29.0
-6780.6 1052.1 29.0
-6768.5 1096.7 29.0
-6772.5 1121.5 29.6
-6773.8 1136.3 29.7
-6760.0 1154.5 29.8
-6763.4 1160.2 29.8
-6763.1 1174.5 29.8
-6761.7 1190.3 29.7
-6764.1 1204.5 29.8
-6768.9 1221.3 29.8
-6764.6 1233.0 29.9
-6749.9 1244.4 29.9
-6758.3 1244.5 29.9
-6748.9 1263.1 30.0
-6762.8 1266.6 29.7
-6772.8 1273.3 29.6
-6759.6 1282.5 29.7
-6744.6 1292.0 30.0
-6750.5 1292.9 29.9
-6749.9 1312.8 29.7
-6742.8 1325.7 29.8
-6748.3 1330.6 29.7
-6742.4 1345.9 29.7
-6742.0 1355.7 29.8
-6743.3 1360.3 29.9
-6732.7 1411.5 30.1
-6731.5 1420.9 30.1
-6729.5 1430.1 30.1
-6821.7 943.7 28.9
-6798.4 1028.9 28.9
-6816.4 1069.1 29.4
-6824.0 1068.4 29.4
-6788.0 1077.3 29.2
-6813.9 1078.6 29.4
-6828.2 1081.8 29.3
-6834.1 1082.0 29.2
-6843.2 1080.3 29.3
-6853.2 1083.2 29.4
-6846.0 1091.8 29.4
-6842.3 1098.3 29.4
-6858.4 1097.3 29.7
-6868.5 1100.8 29.5
-6886.6 1112.0 29.1
-6877.7 1120.0 29.2
-6868.6 1127.6 29.4
-6865.4 1140.5 29.5
-6902.2 -5427.5 25.5
-6885.5 -5418.3 25.7
-6896.6 -5414.7 25.6
-6901.1 -5418.7 25.6
-6929.7 -5373.6 25.5
-6917.3 -5363.7 25.6
-6934.7 -5369.2 25.5
-6919.6 -5359.6 25.6
-6765.4 -5208.9 27.0
-5914.9 530.9 38.5
-5983.3 613.4 37.6
-5890.5 552.8 38.6
-5826.4 612.7 38.6
-5835.5 616.1 38.4
-5816.7 626.2 39.0
-5834.2 625.5 38.6
-5830.8 635.2 38.8
-5824.6 646.8 39.3
-5833.4 644.9 38.9
-5832.9 652.2 39.2
-5962.8 661.9 37.0
-5970.9 661.9 37.1
-5834.8 674.7 40.0
-5836.8 680.7 40.2
-5963.2 682.3 36.5
-5975.5 692.9 36.4
-5876.4 705.6 39.7
-5886.5 704.9 39.3
-5905.4 706.1 38.6
-5912.4 705.6 38.3
-5973.7 702.6 36.4
-5895.9 712.5 39.2
-5902.9 715.8 39.1
-5913.7 715.1 38.7
-5940.8 715.3 37.7
-5955.5 714.1 37.1
-6062.1 646.4 36.8
-6062.2 656.2 36.8
-6060.7 670.4 36.7
-6027.1 691.0 36.5
-6059.7 691.9 36.7
-6059.7 709.5 36.0
-5990.2 721.3 36.2
-6000.0 720.8 36.1
-6008.0 718.0 35.9
-6031.2 719.6 35.6
-6041.3 717.3 35.4
-6058.8 718.6 35.6
-6156.4 636.4 36.1
-6554.2 -252.6 35.8
-6543.3 -238.2 35.9
-6533.8 -228.8 36.0
-6604.0 285.1 37.2
-6560.7 303.7 37.5
-6339.2 393.8 38.3
-6549.2 359.8 36.7
-6558.9 417.8 35.8
-6575.2 420.8 35.5
-6596.6 421.0 35.1
-6540.5 434.4 35.7
-6550.5 431.2 35.7
-6570.6 432.8 35.4
-6574.9 431.3 35.3
-6597.7 432.8 34.9
-6457.1 525.2 35.3
-6229.2 498.1 37.7
-6207.3 508.3 37.6
-6217.3 511.4 37.5
-6196.9 519.0 37.4
-6210.6 525.3 37.3
-6215.9 531.8 37.1
-6412.2 225.9 40.0
-6221.9 560.0 36.6
-6216.1 571.7 36.4
-6224.0 575.0 36.3
-6282.4 558.4 36.4
-6279.0 567.3 36.2
-6270.5 572.5 36.2
-6279.6 572.3 36.1
-6286.8 582.4 35.9
-6297.5 588.1 35.8
-6319.2 583.9 35.8
-6267.5 595.0 35.7
-6287.0 595.8 35.6
-6242.4 602.3 35.7
-6249.4 602.7 35.6
-6277.6 604.4 35.5
-6297.5 608.5 35.4
-6322.2 608.4 35.3
-6246.7 613.1 35.5
-6261.6 617.6 35.4
-6276.7 617.6 35.3
-6288.6 616.4 35.3
-6299.3 612.2 35.3
-6306.6 613.0 35.3
-6321.2 617.7 35.1
-6278.4 623.4 35.2
-6302.0 628.0 35.0
-6251.7 646.7 35.3
-6267.4 644.2 35.2
-6299.6 648.6 35.0
-6258.3 652.2 35.3
-6286.8 664.8 35.0
-6342.4 571.0 35.8
-6359.0 568.7 35.7
-6365.4 601.6 35.1
-6341.3 642.4 34.7
-6311.7 651.3 34.8
-6341.5 649.7 34.6
-6349.4 649.9 34.6
-6365.2 652.9 34.4
-6324.1 661.6 34.7
-6341.6 658.9 34.6
-6362.5 662.4 34.9
-6322.3 671.9 35.0
-6341.8 671.5 35.3
-6349.5 668.7 35.2
-6339.0 680.8 35.7
-6354.9 679.6 35.2
-6361.7 678.6 35.0
-6350.3 687.5 35.3
-6264.3 698.8 36.2
-6280.3 699.3 36.6
-6294.5 697.7 36.6
-6299.9 700.5 36.7
-6319.5 699.3 36.3
-6196.7 1071.8 34.4
-6182.7 1075.7 34.6
-5539.2 271.5 49.6
-5558.5 276.8 48.3
-5577.1 274.4 47.1
-5589.0 272.0 46.4
-5603.0 275.0 45.5
-5348.9 322.8 43.4
-5332.3 333.4 42.0
-5338.2 333.4 42.1
-5351.8 335.5 42.1
-5339.6 345.7 40.9
-5363.6 343.0 41.4
-5357.1 354.3 40.2
-5360.7 363.7 40.4
-5360.9 372.7 40.6
-5368.9 374.4 40.8
-5621.8 383.8 42.9
-5631.7 384.4 42.7
-5350.8 396.7 40.9
-5359.1 393.0 41.0
-5369.9 393.5 41.1
-5631.1 392.7 42.3
-5369.2 412.3 41.4
-5358.1 424.3 41.5
-5629.4 422.0 41.1
-5642.9 421.1 40.9
-5631.5 431.9 40.9
-5641.3 433.5 40.7
-5359.0 445.5 41.9
-5637.2 443.3 40.6
-5628.0 451.3 40.6
-5639.3 455.1 40.4
-5628.7 463.4 40.4
-5639.0 466.8 40.1
-5622.0 473.5 40.3
-4209.0 -3747.4 41.3
-4206.1 -3736.6 41.2
-4187.7 -3720.9 41.7
-4220.4 -3725.5 40.5
-4187.7 -3717.0 41.6
-4200.5 -3716.7 41.2
-4210.9 -3713.9 40.8
-4216.0 -3713.3 40.5
-4186.4 -3706.2 41.6
-4249.7 -3706.8 39.3
-4192.0 -3694.7 41.2
-4196.2 -3693.5 41.1
-4206.8 -3691.7 40.6
-4216.0 -3693.9 40.3
-4230.9 -3691.2 39.8
-4238.4 -3696.1 39.6
-4247.1 -3695.7 39.3
-4259.7 -3690.8 38.9
-4186.5 -3685.5 41.3
-4195.9 -3686.4 41.0
-4206.4 -3687.2 40.6
-4226.5 -3685.0 39.9
-4238.9 -3687.1 39.5
-4262.2 -3683.8 38.8
-4187.7 -3672.4 41.1
-4197.6 -3672.6 40.7
-4206.9 -3671.5 40.4
-4226.9 -3674.5 39.8
-4260.2 -3675.5 38.9
-4276.1 -3674.1 38.6
-4198.0 -3664.7 40.6
-4206.1 -3665.7 40.3
-4220.8 -3667.1 39.9
-4231.4 -3661.7 39.5
-4267.5 -3664.7 38.8
-4181.9 -3657.2 41.1
-4196.1 -3655.7 40.6
-4211.2 -3650.9 40.0
-4241.3 -3654.7 39.3
-4278.7 -3650.8 38.6
-4286.8 -3655.6 38.4
-4196.2 -3643.1 40.4
-4237.5 -3642.2 39.4
-4220.4 -3625.0 39.7
-4209.6 -3612.6 40.0
-4231.2 -3615.7 39.6
-4230.6 -3602.8 39.8
-4236.0 -3606.6 39.6
-4352.2 -3601.6 38.1
-4357.4 -3601.6 38.0
-4236.1 -3594.5 39.8
-4240.5 -3581.7 39.8
-4361.4 -3585.8 38.0
-4366.0 -3582.5 38.0
-4379.6 -3581.5 37.8
-4242.3 -3571.3 39.8
-4371.6 -3571.7 37.9
-4380.1 -3574.5 37.8
-4240.5 -3566.8 39.9
-4349.4 -3560.9 38.2
-4360.0 -3561.9 38.1
-4366.4 -3566.4 38.0
-4381.5 -3563.6 37.8
-4356.1 -3552.5 38.2
-4370.0 -3553.0 38.0
-4279.7 -3542.2 39.8
-4352.0 -3547.2 38.2
-4319.0 -3536.6 39.2
-4329.1 -3535.6 39.0
-4338.1 -3531.8 39.0
-4245.9 -3524.5 40.8
-4261.1 -3522.0 40.6
-4268.5 -3524.3 40.6
-4276.0 -3523.4 40.5
-4310.4 -3526.0 39.9
-4326.9 -3521.4 39.8
-4337.0 -3526.2 39.3
-4261.8 -3512.5 40.7
-4267.0 -3516.0 40.6
-4290.0 -3511.7 40.5
-4300.9 -3515.8 40.3
-4306.2 -3514.9 40.3
-4326.8 -3511.0 40.2
-4260.5 -3503.6 40.8
-4278.0 -3506.7 40.6
-4299.5 -3505.4 40.5
-4309.7 -3501.5 40.5
-4250.9 -3492.6 41.1
-4260.6 -3492.9 41.0
-4266.7 -3491.7 41.1
-4277.1 -3496.0 40.9
-4286.8 -3494.9 40.9
-4310.8 -3491.1 40.9
-4249.9 -3486.9 41.3
-4256.8 -3485.0 41.4
-4279.8 -3487.0 41.2
-4278.0 -3472.8 41.7
-4291.9 -3473.9 41.6
-4297.1 -3476.6 41.5
-4258.6 -3461.0 42.2
-4271.8 -3463.3 42.1
-4280.3 -3460.9 42.1
-4251.6 -3455.2 42.4
-4271.4 -3454.1 42.4
-4281.3 -3452.1 42.4
-4290.8 -3455.5 42.3
-6129.0 538.6 37.3
-4075.7 -4218.1 42.4
-4016.4 -4191.4 43.8
-4033.2 -4177.6 43.2
-4054.8 -4177.3 42.6
-4086.3 -4183.6 42.0
-4048.9 -4167.6 42.6
-4085.0 -4170.7 41.9
-4049.1 -4160.2 42.6
-3963.9 -4149.1 43.4
-3983.2 -4153.7 43.8
-4047.5 -4147.8 42.5
-4056.7 -4153.6 42.3
-3967.2 -4140.0 43.7
-4008.4 -4140.3 43.5
-4053.1 -4141.2 42.3
-4063.9 -4142.9 42.1
-3994.7 -4127.7 43.7
-4026.1 -4122.9 42.8
-4026.0 -4111.8 42.7
-3995.5 -4103.0 43.5
-4005.2 -4090.5 43.1
-4093.1 -4079.9 41.5
-4105.6 -4083.1 41.4
-4064.2 -4067.4 41.7
-4074.9 -4071.1 41.6
-4108.3 -4069.4 41.4
-4056.1 -4060.9 41.7
-4103.0 -4057.8 41.4
-4028.8 -4048.2 42.1
-4045.5 -4048.6 41.8
-4063.1 -4050.4 41.6
-4076.3 -4040.9 41.5
-4114.9 -4328.4 42.5
-4154.7 -4317.1 42.0
-4160.2 -4316.7 41.9
-4212.9 -4309.2 41.5
-4220.4 -4305.6 41.4
-4221.0 -4301.2 41.4
-4250.3 -4291.6 41.1
-4182.0 -4281.0 41.6
-4191.6 -4278.1 41.5
-4201.1 -4277.1 41.5
-4210.6 -4281.6 41.4
-4250.4 -4277.9 41.1
-4286.3 -4280.7 40.8
-4302.8 -4278.5 40.7
-4180.1 -4268.3 41.6
-4210.9 -4270.3 41.4
-4223.8 -4267.0 41.2
-4232.8 -4269.8 41.2
-4296.2 -4272.1 40.7
-4326.0 -4270.0 40.5
-4333.6 -4266.2 40.4
-4344.0 -4267.5 40.3
-4372.5 -4266.5 40.1
-4273.1 -4259.6 40.8
-4296.7 -4258.5 40.7
-4306.1 -4261.8 40.6
-4361.0 -4259.1 40.2
-4371.7 -4259.1 40.1
-4394.0 -4260.4 39.9
-4452.0 -4256.9 39.5
-4263.1 -4249.7 40.9
-4291.3 -4250.5 40.7
-4363.6 -4249.6 40.1
-4374.9 -4252.0 40.0
-4384.2 -4251.5 40.0
-4434.3 -4247.1 39.6
-4451.9 -4249.4 39.4
-4461.3 -4247.2 39.2
-4402.3 -4238.2 39.8
-4422.2 -4240.2 39.6
-4430.2 -4239.8 39.5
-4393.5 -4206.2 39.6
-4401.4 -4210.1 39.6
-4322.4 -4180.5 40.2
-4332.1 -4176.3 40.1
-4254.1 -4237.6 40.9
-4259.3 -4230.7 40.8
-4238.6 -4223.9 41.0
-4264.0 -4180.1 40.6
-4248.7 -4170.2 40.7
-6002.5 909.6 36.7
-5976.2 920.3 37.0
-6005.6 924.3 36.7
-5967.5 930.2 37.2
-5972.0 942.9 37.2
-6006.7 942.0 36.8
-5941.1 926.9 37.5
-5949.7 927.7 37.4
-5844.3 966.8 38.6
-5839.4 974.5 38.7
-5842.0 987.9 38.8
-5840.6 995.0 38.9
-5844.1 1002.8 39.1
-5848.8 1003.5 39.0
-5848.6 1015.2 39.3
-5933.5 1013.3 37.6
-5850.0 1022.9 39.5
-5933.3 1022.5 37.8
-5954.5 1025.2 37.4
-5944.8 1032.0 37.8
-5858.5 1068.2 40.3
-5869.1 1066.5 40.2
-5868.3 1073.7 40.0
-5922.6 1093.3 38.6
-5934.3 1094.7 38.5
-5924.3 839.1 38.0
-5947.4 874.6 37.3
-6192.9 843.2 34.6
-6184.5 851.6 34.5
-6201.5 853.3 34.5
-6180.2 862.8 34.5
-6188.9 858.7 34.4
-6184.3 871.2 34.5
-6178.1 881.2 34.6
-6173.0 893.1 34.7
-6084.0 903.5 35.8
-6091.5 900.2 35.7
-6074.3 911.2 35.9
-6131.2 913.9 35.3
-6144.8 911.5 35.1
-6084.7 922.4 35.8
-6116.0 919.7 35.5
-6126.8 923.0 35.4
-6129.5 964.7 35.5
-6118.4 986.5 35.7
-6096.0 994.9 35.9
-6136.1 992.2 35.5
-6101.4 1001.6 35.8
-6117.7 1005.8 35.6
-6126.4 1006.4 35.5
-6138.5 1004.8 35.4
-6088.5 1016.1 35.9
-6119.5 1016.4 35.6
-6127.8 1012.1 35.5
-6111.1 1021.5 35.6
-6118.1 1024.4 35.5
-6115.6 1042.4 35.5
-6127.7 1062.5 35.2
-6131.0 1074.0 35.1
-6138.0 1072.4 35.1
-6155.3 1194.4 34.4
-6165.7 1194.4 34.4
-6188.6 1196.0 34.3
-6115.8 1205.9 34.6
-6128.1 1203.0 34.6
-6178.9 1203.0 34.4
-6195.8 1201.0 34.4
-6215.5 1212.4 34.4
-6230.3 1214.2 34.4
-6249.6 1211.7 34.4
-6267.5 1216.5 34.3
-6100.0 1225.7 34.8
-6108.1 1222.0 34.8
-6117.0 1220.3 34.8
-6124.5 1226.5 34.7
-6135.4 1220.9 34.7
-6154.7 1226.2 34.6
-6257.4 1226.2 34.2
-6110.6 1233.8 34.7
-6116.9 1235.9 34.7
-6137.4 1231.0 34.6
-6146.9 1231.4 34.6
-6170.9 1234.7 34.5
-6185.9 1234.8 34.4
-6117.6 1243.7 34.6
-6107.3 1254.8 34.6
-6115.5 1251.8 34.6
-6198.1 1255.4 34.3
-6194.4 1263.4 34.3
-6249.8 1261.0 34.1
-6214.6 1273.8 34.1
-6238.7 1282.7 34.0
-6092.2 849.1 35.5
-6140.6 1135.8 34.8
-4833.3 -8100.1 32.4
-4879.7 -8102.3 31.8
-4709.2 -8095.8 33.7
-4747.8 -8096.5 33.3
-4850.3 -8094.3 32.2
-4892.3 -8091.6 31.8
-4650.8 -8083.2 34.6
-4650.7 -8063.8 34.8
-4668.4 -8063.5 34.5
-4679.8 -8062.1 34.4
-4689.5 -8060.3 34.3
-4732.1 -8063.9 33.8
-4740.7 -8064.1 33.7
-4762.0 -8066.5 33.5
-4792.9 -8062.7 33.2
-4802.8 -8066.3 33.0
-4848.6 -8060.7 32.6
-4871.1 -8065.8 32.3
-4880.8 -8065.3 32.1
-4657.2 -8051.7 34.9
-4670.8 -8055.4 34.6
-4742.1 -8053.5 33.8
-4759.3 -8056.3 33.6
-4780.0 -8053.2 33.4
-4808.8 -8055.0 33.1
-4822.8 -8056.3 32.9
-4659.6 -8045.8 34.9
-4673.6 -8040.9 34.7
-4710.8 -8044.0 34.3
-4732.6 -8041.9 34.0
-4748.3 -8041.9 33.9
-4791.2 -8044.8 33.4
-4800.4 -8044.5 33.3
-4807.5 -8041.9 33.2
-4828.2 -8045.3 33.0
-4837.0 -8040.7 32.9
-4672.1 -8032.2 34.8
-4681.4 -8034.9 34.7
-4708.3 -8030.3 34.4
-4722.8 -8035.1 34.2
-4772.4 -8035.7 33.7
-4831.3 -8030.5 33.0
-4881.3 -8031.9 32.0
-4669.6 -8025.8 34.9
-4701.4 -8025.8 34.5
-4787.0 -8025.1 33.6
-4798.6 -8024.3 33.5
-4872.5 -8024.9 32.2
-4719.7 -8011.1 34.5
-4737.8 -8015.5 34.3
-4808.2 -8011.9 33.5
-4850.6 -8015.7 32.6
-4872.7 -8016.4 32.2
-4661.8 -8006.2 35.2
-4833.0 -8002.6 33.0
-4839.2 -8006.1 32.8
-4829.5 -7996.5 33.0
-4820.7 -7972.2 33.2
-4832.9 -7972.3 33.0
-4843.1 -7976.0 32.9
-4811.7 -7963.3 33.4
-4818.1 -7963.8 33.2
-4827.5 -7963.3 33.2
-4839.9 -7963.5 33.1
-4800.1 -7955.0 33.6
-4800.5 -7943.7 33.6
-4843.5 -7945.7 33.4
-4763.1 -7931.0 34.3
-4668.4 -7921.1 36.0
-4720.2 -7924.7 35.1
-4751.3 -7920.1 34.5
-4831.5 -7922.9 33.8
-4841.8 -7925.7 33.7
-4712.7 -7916.5 35.3
-4733.0 -7910.3 34.9
-4747.0 -7911.8 34.6
-4768.2 -7914.3 34.2
-4788.8 -7914.5 34.0
-4799.3 -7910.3 34.1
-4810.7 -7912.1 34.0
-4818.6 -7910.6 34.0
-4669.8 -7900.4 36.2
-4730.7 -7904.2 34.9
-4749.5 -7904.7 34.5
-4777.0 -7905.2 34.2
-4789.2 -7903.1 34.2
-4810.2 -7905.3 34.1
-4819.8 -7900.3 34.1
-4663.1 -7892.3 36.2
-4702.1 -7896.2 35.5
-4750.0 -7894.8 34.5
-4779.2 -7894.7 34.4
-4791.8 -7892.5 34.4
-4808.6 -7890.7 34.3
-4668.6 -7883.2 36.1
-4679.2 -7884.1 35.9
-4712.1 -7882.1 35.3
-4727.8 -7881.9 34.9
-4800.8 -7882.9 34.5
-4679.3 -7875.4 35.9
-4688.1 -7870.3 35.7
-4729.5 -7874.8 34.9
-4742.9 -7870.2 34.9
-4762.0 -7872.6 34.8
-4738.2 -7864.6 35.0
-4759.5 -7866.0 34.9
-4770.4 -7864.9 34.9
-4781.1 -7862.5 34.9
-4711.2 -7852.6 35.3
-4762.8 -7852.2 35.1
-4718.4 -7844.7 35.4
-4728.3 -7841.6 35.4
-4852.4 -7888.7 33.8
-4863.2 -7891.6 33.6
-4878.6 -7891.9 33.3
-4875.3 -7856.4 33.5
-4880.1 -7852.2 33.5
-4862.7 -7847.8 33.8
-4875.7 -7845.9 33.6
-4810.8 -7833.0 34.7
-4820.3 -7832.5 34.6
-4811.1 -7827.9 34.7
-4824.7 -7826.5 34.5
-4843.5 -7824.0 34.4
-4831.3 -7817.2 34.7
-4771.2 -7808.4 35.6
-4831.5 -7806.9 34.9
-4830.7 -7786.2 34.7
-4841.6 -7786.7 34.5
-4850.2 -7774.0 34.1
-4935.2 -7828.6 33.1
-4914.8 -7824.4 33.4
-4955.4 -7793.4 32.2
-4873.6 -7784.5 33.8
-4934.8 -7768.9 32.2
-4898.4 -7764.1 32.9
-4904.7 -7761.9 32.7
-4916.1 -7760.4 32.5
-4935.6 -7760.9 32.2
-4945.5 -7760.5 32.0
-4958.9 -7758.8 31.8
-4883.5 -7753.3 33.0
-4968.5 -7749.2 31.7
-4844.1 -7739.2 33.6
-4896.5 -7743.0 32.8
-4949.6 -7742.6 32.0
-4908.5 -7732.8 32.7
-4927.5 -7728.8 32.4
-4965.3 -7731.4 31.8
-4977.2 -7728.7 31.6
-4986.8 -7734.4 31.4
-4927.4 -7718.7 32.4
-4939.0 -7718.4 32.3
-4944.4 -7723.6 32.1
-4956.8 -7721.6 32.0
-4927.9 -7713.3 32.4
-4946.0 -7714.7 32.2
-4929.6 -7703.6 32.5
-4935.4 -7699.1 32.4
-4927.1 -7691.2 32.5
-4925.2 -7679.6 32.5
-4965.5 -7683.3 31.8
-4924.7 -7670.9 32.4
-4913.5 -7632.7 31.8
-4913.6 -7624.0 31.7
-4944.2 -7623.4 31.2
-4941.5 -7613.4 31.1
-4871.3 -7604.7 32.4
-4880.8 -7605.1 32.2
-4893.9 -7606.4 32.0
-4942.4 -7605.8 31.0
-4870.2 -7592.9 32.4
-4894.0 -7596.8 32.0
-4921.4 -7596.3 31.3
-4940.2 -7598.0 30.9
-4950.4 -7597.1 30.7
-4849.6 -7585.6 32.7
-4873.9 -7583.8 32.3
-4919.3 -7583.8 31.2
-4838.5 -7572.0 32.9
-4868.1 -7573.2 32.3
-4920.7 -7578.2 31.1
-4952.9 -7577.1 30.4
-4821.2 -7562.0 33.2
-4829.7 -7562.6 33.0
-4874.6 -7563.0 32.0
-4908.4 -7566.5 31.3
-4951.8 -7567.4 30.3
-4834.3 -7552.1 32.8
-4933.5 -7553.2 30.6
-4821.5 -7545.4 33.0
-4860.9 -7547.2 32.1
-4922.9 -7546.3 30.8
-4904.6 -7534.8 31.1
-4913.3 -7535.1 30.9
-4903.6 -7524.2 31.1
-4832.4 -7512.8 32.6
-4859.8 -7513.5 32.0
-4899.6 -7515.5 31.2
-4828.8 -7506.5 32.6
-4841.7 -7507.1 32.4
-4863.6 -7506.1 31.9
-4873.8 -7502.6 31.7
-4890.7 -7508.1 31.4
-4858.9 -7495.1 32.0
-4972.8 -7472.6 29.7
-4832.6 -7467.4 32.6
-4852.4 -7462.0 32.2
-4864.6 -7462.2 31.9
-4968.1 -7466.4 29.8
-4851.1 -7457.3 32.2
-4861.5 -7457.5 32.0
-4870.3 -7452.2 31.8
-4972.9 -7457.2 29.7
-4982.2 -7457.6 29.6
-4878.9 -7448.1 31.6
-4939.9 -7447.2 30.4
-4949.5 -7443.6 30.2
-4921.8 -7434.8 30.8
-4812.8 -7425.9 33.0
-4913.5 -7428.3 30.9
-4808.6 -7415.4 33.1
-4834.1 -7417.4 32.6
-4893.2 -7412.5 31.4
-4888.5 -7404.8 31.5
-4899.6 -7407.9 31.2
-4984.8 -7406.5 30.3
-4853.5 -7394.4 32.2
-4799.2 -7382.1 32.9
-4861.7 -7387.6 32.0
-4948.1 -7385.9 30.3
-4959.5 -7382.5 30.1
-4970.3 -7385.7 30.3
-4978.9 -7387.6 30.4
-4831.8 -7372.5 32.3
-4853.5 -7378.1 32.1
-4880.9 -7372.3 31.7
-4802.3 -7363.2 32.8
-4811.4 -7365.5 32.6
-4862.0 -7363.9 31.9
-4868.4 -7363.6 31.8
-4899.3 -7363.4 31.3
-4953.8 -7362.3 30.3
-4792.3 -7356.4 33.0
-4851.1 -7353.4 31.9
-4889.4 -7354.2 31.5
-4908.4 -7356.6 31.1
-4953.1 -7353.4 30.4
-4798.2 -7343.7 32.8
-4894.4 -7343.8 31.3
-4901.7 -7347.6 31.3
-4919.7 -7343.1 30.9
-4793.6 -7335.6 32.9
-4833.0 -7336.3 32.1
-4839.7 -7336.8 31.9
-6673.4 1040.2 31.0
-6678.2 1047.6 30.9
-6689.0 1064.7 30.8
-6655.8 1078.5 31.1
-6664.6 1097.6 30.8
-6657.3 1105.7 30.8
-6670.3 1107.7 30.7
-6664.5 -5224.0 27.7
-6565.2 -5183.8 27.8
-6581.8 -5184.4 27.9
-6610.7 -5185.4 28.1
-6714.7 -5183.1 27.4
-6723.0 -5186.0 27.4
-6564.7 -5175.4 27.8
-6572.5 -5174.8 27.8
-6583.5 -5174.1 27.9
-6592.3 -5173.2 28.0
-6601.8 -5179.5 28.1
-6613.5 -5176.6 28.2
-6620.7 -5173.6 28.2
-6613.3 -5168.3 28.2
-6619.2 -5169.2 28.2
-6632.2 -5165.9 28.1
-6640.6 -5166.3 28.0
-6654.2 -5163.7 27.9
-6660.9 -5166.8 27.9
-6515.1 -5157.7 27.9
-6630.0 -5159.3 28.2
-6653.9 -5153.8 28.0
-6643.9 -5147.2 28.0
-6659.8 -5128.6 28.0
-6653.2 -5115.3 28.1
-5508.7 713.7 40.0
-5498.2 722.8 40.3
-5518.4 727.9 39.7
-5529.9 728.5 39.4
-5448.2 752.7 42.2
-5454.0 749.2 41.9
-5649.6 751.7 36.3
-5449.3 759.7 42.2
-5456.2 759.7 42.0
-5469.0 758.3 41.6
-5494.4 758.7 40.8
-5628.6 757.4 36.7
-5638.1 762.5 36.5
-5464.6 768.6 41.8
-5486.3 769.4 41.2
-5494.8 770.0 40.9
-5638.9 769.0 36.5
-5646.3 771.9 36.4
-5466.7 779.9 41.9
-5477.6 783.7 41.6
-5485.3 782.2 41.3
-5498.0 777.8 40.9
-5625.7 782.3 37.4
-5467.3 788.9 42.0
-5475.2 793.2 41.8
-5484.2 787.3 41.4
-5597.3 790.1 38.5
-5604.5 791.4 38.4
-5623.8 789.9 37.9
-5634.6 793.5 37.8
-5477.1 802.7 42.1
-5484.2 800.1 41.8
-5507.7 801.5 41.3
-5587.7 800.8 39.3
-5593.4 801.4 39.2
-5608.9 803.1 38.9
-5614.9 800.5 38.6
-5466.3 813.6 42.9
-5474.0 811.4 42.6
-5485.7 810.1 42.2
-5514.8 813.4 41.7
-5574.5 811.1 40.1
-5599.2 808.5 39.4
-5417.0 817.4 44.3
-5427.0 820.1 44.2
-5503.4 818.1 42.2
-5519.2 821.5 42.0
-5529.5 818.2 41.6
-5559.4 822.1 41.0
-5573.7 817.9 40.5
-5589.2 820.8 40.3
-5427.0 831.6 44.8
-5495.0 829.5 43.0
-5509.0 832.3 42.8
-5527.9 829.8 42.2
-5535.1 831.4 42.1
-5554.0 833.1 41.7
-5568.9 831.7 41.3
-5575.6 831.3 41.1
-5615.7 829.4 40.0
-5438.1 838.2 44.8
-5445.6 840.1 44.7
-5527.6 841.0 42.8
-5558.1 843.0 42.1
-5565.2 837.9 41.7
-5579.8 839.5 41.4
-5607.5 842.9 40.9
-5544.4 852.1 42.9
-5558.1 847.8 42.4
-5567.1 853.0 42.4
-5579.8 851.4 42.0
-5587.6 849.2 41.7
-5605.3 849.2 41.3
-5624.2 853.2 41.0
-5645.4 850.2 40.4
-5456.3 857.6 45.2
-5494.4 863.4 44.5
-5526.5 859.9 43.7
-5548.8 862.2 43.3
-5555.5 857.3 42.9
-5580.0 861.0 42.5
-5589.6 862.4 42.3
-5624.7 859.1 41.3
-5499.2 867.6 44.6
-5513.9 871.4 44.4
-5467.4 878.8 45.6
-5490.0 877.1 45.0
-5496.6 880.7 45.0
-5519.8 882.6 44.6
-5536.6 879.9 44.1
-5496.5 892.5 45.4
-5506.2 892.0 45.1
-5517.3 889.2 44.8
-5493.5 957.1 46.3
-5515.6 983.1 45.9
-5524.6 988.4 45.8
-5537.9 993.3 45.7
-5576.3 992.5 45.8
-6722.0 -5021.5 27.9
-6707.2 -4990.9 28.1
-6586.8 -4957.9 29.2
-6690.1 -4962.2 28.3
-6697.8 -4960.7 28.2
-6722.0 -4958.7 28.0
-6591.0 -4951.9 29.2
-6680.3 -4949.3 28.4
-6692.7 -4952.5 28.3
-6701.2 -4946.6 28.2
-6562.3 -4942.4 29.3
-6570.6 -4939.3 29.3
-6580.1 -4939.3 29.3
-6719.1 -4939.0 28.1
-6580.3 -4930.3 29.4
-6628.0 -4930.2 28.8
-6643.4 -4931.5 28.7
-6647.6 -4926.5 28.7
-6660.5 -4928.4 28.6
-6677.0 -4929.4 28.5
-6690.8 -4929.7 28.4
-6588.6 -4919.4 29.3
-6602.0 -4916.5 29.0
-6630.7 -4916.5 28.8
-6649.4 -4919.2 28.7
-6660.4 -4916.4 28.6
-6587.8 -4910.6 29.3
-6639.5 -4906.4 28.8
-6609.8 -4896.2 29.0
-6637.3 -4896.7 28.8
-6648.0 -4896.6 28.8
-6580.8 -4898.7 29.4
-6584.0 -4886.8 29.4
-6585.6 -4878.5 29.4
-6581.2 -4867.4 29.5
-6460.7 -4857.3 29.0
-6576.7 -4854.7 29.6
-6586.1 -4859.4 29.4
-6591.7 -4858.7 29.3
-6584.7 -4847.9 29.4
-6596.3 -4834.4 29.3
-6595.8 -4829.8 29.3
-6591.7 -4817.5 29.3
-6592.8 -4804.9 29.4
-6592.2 -4800.5 29.4
-6571.4 -4760.6 29.8
-6574.9 -4748.1 29.7
-6523.1 -4738.5 30.3
-6530.5 -4728.6 30.3
-6594.1 -4716.2 29.6
-6619.1 -4683.7 29.6
-6587.7 -4671.8 29.8
-6625.4 -4659.6 29.6
-6636.3 -4662.6 29.6
-6589.2 -4654.4 29.9
-6599.9 -4652.2 29.8
-6618.4 -4654.2 29.7
-6635.7 -4651.8 29.6
-6586.7 -4632.3 29.9
-6588.5 -4620.0 30.0
-6685.1 -4591.8 29.4
-6611.2 -4578.0 30.0
-6684.2 -4580.1 29.5
-6696.1 -4581.9 29.4
-6613.1 -4569.1 30.0
-6695.5 -4569.2 29.4
-6684.2 -4556.9 29.5
-6691.1 -4561.6 29.5
-6520.0 -4577.7 30.5
-6514.7 -4572.8 30.5
-6521.6 -4567.1 30.5
-6525.9 -4556.7 30.5
-6526.2 -4552.6 30.5
-5825.1 794.7 39.4
-5853.1 790.9 39.4
-5870.5 795.1 39.1
-5882.5 795.3 38.8
-5895.2 790.0 38.7
-5905.4 794.3 38.4
-5941.7 791.3 38.0
-5952.1 793.6 38.0
-5832.1 806.0 39.3
-5843.9 802.9 39.3
-5925.0 801.8 38.1
-5934.7 800.1 38.1
-5945.3 800.2 38.1
-5953.3 806.1 38.1
-5816.1 814.8 39.3
-5820.6 812.9 39.3
-5836.2 810.6 39.3
-5914.1 812.7 38.2
-5952.8 810.9 38.1
-5840.9 822.6 38.9
-5821.3 831.0 39.0
-5830.9 832.3 38.9
-5825.4 843.7 38.8
-5904.3 844.0 38.3
-5911.6 845.9 38.1
-5825.4 853.3 38.8
-5835.7 860.8 38.6
-5842.7 863.8 38.6
-5876.4 861.6 38.4
-5890.8 863.1 38.1
-5905.0 862.6 38.0
-5841.6 874.4 38.5
-5851.4 871.3 38.5
-5876.3 872.3 38.2
-5883.0 875.5 38.1
-5913.0 875.3 37.9
-5882.3 882.3 38.2
-5920.6 883.9 37.9
-5874.0 902.6 38.3
-5904.1 900.3 38.0
-5930.6 904.8 37.5
-5846.4 915.4 38.5
-5861.7 913.2 38.4
-5874.5 911.9 38.3
-5904.9 910.9 37.9
-5932.9 914.2 37.5
-5833.3 920.1 38.6
-5841.6 921.0 38.5
-5860.7 924.4 38.4
-5874.0 920.7 38.3
-5884.9 924.1 38.1
-5901.0 920.2 37.9
-5841.9 931.8 38.5
-5853.7 934.3 38.5
-5834.0 943.1 38.6
-5850.4 945.5 38.5
-5865.1 940.3 38.3
-5840.2 955.1 38.6
-6604.7 -4513.2 30.1
-6618.0 -4514.1 30.1
-6629.3 -4502.6 30.0
-6635.8 -4487.1 30.0
-6615.5 -4453.1 30.0
-6619.9 -4417.4 29.9
-6678.9 -4403.0 29.3
-6608.1 -4387.7 29.1
-6636.5 -4392.3 29.1
-6627.3 -4381.9 28.8
-6598.6 -4368.0 28.5
-6611.2 -4369.0 28.5
-6620.7 -4372.2 28.5
-6601.5 -4363.1 28.3
-6611.0 -4359.7 28.2
-6602.0 -4350.4 28.1
-6611.8 -4352.1 28.1
-6609.7 -4339.9 28.0
-5987.5 795.4 37.7
-6045.4 799.8 36.3
-6059.2 802.7 35.8
-5987.0 809.2 37.5
-5975.6 825.5 37.4
-5989.6 824.5 37.3
-6014.9 824.6 36.6
-6035.3 829.0 36.1
-6027.7 842.8 36.2
-6034.5 839.4 36.1
-6019.3 850.8 36.3
-6007.0 861.3 36.5
-6017.4 864.1 36.4
-6045.9 879.4 36.1
-6007.1 894.8 36.6
-4819.4 -3822.2 33.9
-4838.5 -3813.1 33.9
-4851.7 -3810.9 33.9
-4860.4 -3799.8 34.0
-4880.6 -3797.8 34.0
-4722.5 -3789.5 34.7
-4729.9 -3794.3 34.6
-4858.3 -3793.4 34.1
-4869.2 -3789.7 34.1
-4879.1 -3792.0 34.1
-4702.5 -3781.1 34.9
-4709.2 -3783.0 34.9
-4716.9 -3782.5 34.9
-4729.7 -3778.9 34.9
-4736.5 -3778.4 34.8
-4757.4 -3783.2 34.7
-4837.4 -3781.1 34.4
-4868.0 -3781.0 34.3
-4719.9 -3773.5 35.0
-4738.3 -3771.7 34.9
-4828.6 -3772.1 34.6
-4850.4 -3771.3 34.5
-4856.7 -3774.3 34.4
-4716.6 -3764.3 35.1
-4827.5 -3764.1 34.7
-4849.5 -3761.1 34.6
-4887.6 -3761.2 34.5
-4640.8 -3749.4 35.7
-4648.6 -3749.7 35.6
-4680.4 -3752.2 35.5
-4688.0 -3752.2 35.4
-4721.3 -3752.0 35.3
-4869.8 -3749.6 34.7
-4679.0 -3739.0 35.7
-4701.8 -3740.5 35.6
-4716.9 -3743.4 35.5
-4710.7 -3732.2 35.6
-4812.4 -3721.2 35.4
-4691.9 -3714.3 36.0
-4696.7 -3711.9 36.0
-4799.7 -3710.8 35.6
-4807.2 -3711.3 35.6
-4816.9 -3688.3 35.9
-4682.1 -3672.8 36.9
-4800.8 -3671.5 36.2
-4777.4 -3658.3 36.5
-4778.6 -3648.5 36.7
-4756.9 -3628.6 37.5
-6593.0 -4294.1 27.1
-6603.0 -4294.7 27.1
-6226.2 772.6 37.1
-6238.6 776.0 37.1
-6158.4 785.5 35.6
-6175.4 784.8 35.9
-6186.3 784.5 36.1
-6228.2 781.4 36.9
-6140.4 795.8 35.2
-6147.8 795.3 35.3
-6159.7 790.7 35.5
-6219.1 793.9 36.3
-6137.6 804.2 35.0
-6096.2 826.6 35.4
-6110.9 822.0 35.2
-6117.9 824.2 35.1
-6151.1 825.1 34.7
-6078.1 837.3 35.6
-6101.0 833.4 35.3
-6110.1 835.8 35.2
-6116.4 836.8 35.2
-6121.3 846.6 35.2
-6130.4 851.3 35.1
-6583.1 -4208.6 27.5
-6599.3 -4206.4 27.4
-6673.8 -4101.3 27.0
-6720.6 -4117.8 27.0
-6829.1 -4119.2 26.5
-6842.2 -4096.7 26.3
-6860.5 -4057.9 26.1
-6852.4 -4049.4 26.0
-6842.1 -4025.8 25.8
-6740.9 -4001.9 26.1
-6792.3 -4008.5 25.9
-6287.4 769.8 37.4
-6284.9 790.7 37.1
-6314.3 806.8 36.8
-6278.7 816.3 36.4
-6651.6 -3955.7 25.9
-6670.9 -3931.4 25.2
-6704.0 -3931.6 25.1
-6742.6 -3934.8 24.9
-6784.0 -3935.5 24.7
-6670.3 -3926.2 25.1
-6680.8 -3923.4 25.0
-6770.9 -3922.1 24.4
-6593.3 -3915.6 25.6
-6662.8 -3917.3 25.1
-6699.8 -3917.5 24.8
-6763.4 -3914.8 24.3
-6689.2 -3906.3 25.0
-6682.1 -3875.1 24.9
-6674.8 -3835.7 25.0
-6694.9 -3825.7 25.0
-6343.9 754.3 36.4
-6340.4 760.9 36.7
-6393.3 758.8 34.9
-6339.2 779.2 36.9
-6337.9 790.7 36.9
-6379.1 803.7 36.0
-6819.6 -3888.4 24.0
-6851.8 -3888.3 23.8
-6839.1 -3869.4 23.9
-6790.2 -3842.1 24.3
-6800.5 -3837.4 24.3
-6750.1 -3830.4 24.6
-6752.3 -3818.7 24.6
-6779.5 -3819.7 24.5
-6662.9 -3776.3 25.3
-6708.9 -3781.0 25.0
-6662.2 -3770.0 25.4
-6702.0 -3770.2 25.1
-6426.0 746.4 33.7
-6435.8 755.2 33.7
-6493.3 804.2 33.5
-6506.0 804.9 33.3
-6493.3 810.0 33.6
-6505.5 809.9 33.4
-6514.7 815.2 33.4
-6507.0 821.5 33.6
-6515.1 821.0 33.4
-6528.1 832.7 33.5
-6546.1 829.4 33.1
-6535.4 841.9 33.6
-6553.4 845.3 33.4
-6563.1 839.1 33.1
-6578.1 842.5 32.9
-6576.9 851.8 33.2
-6587.3 854.3 33.1
-6597.1 854.0 32.9
-6602.0 865.2 33.1
-6613.2 872.2 33.1
-6648.1 883.2 32.8
-6636.0 889.7 33.1
-6662.7 890.3 32.7
-6625.3 904.0 33.6
-6662.6 899.7 32.9
-6677.2 901.1 32.7
-6693.8 902.6 32.1
-6665.1 914.4 32.8
-6673.4 914.4 32.6
-6682.6 913.9 32.3
-6702.7 910.1 31.7
-6714.1 910.3 31.4
-6627.1 923.8 33.8
-6644.8 923.2 33.3
-6655.5 921.0 33.0
-6746.2 925.2 30.2
-6624.7 932.3 33.8
-6646.0 931.3 33.2
-6656.4 933.1 33.0
-6626.6 939.7 33.8
-6655.3 942.5 33.3
-6732.8 942.1 30.5
-6657.8 954.7 32.9
-6648.1 960.6 33.1
-6656.2 959.8 32.7
-6735.5 961.6 29.5
-6625.2 973.3 33.7
-6643.4 973.8 32.6
-6676.8 971.2 31.7
-6697.8 975.5 30.1
-6703.6 971.1 30.3
-6714.2 973.9 29.3
-6728.2 975.1 29.0
-6735.9 1001.2 28.9
-6743.7 997.3 28.8
-6742.6 1011.3 28.9
-6753.6 1008.4 29.0
-6752.2 1028.2 29.0
-6752.0 1039.8 29.0
-6752.5 1049.1 29.0
-6750.6 1077.4 29.3
-6752.1 1085.1 29.3
-6745.5 1095.6 29.6
-6723.3 1110.2 30.1
-6740.6 1111.1 29.8
-6702.9 1118.0 30.4
-6710.5 1118.1 30.3
-6730.3 1117.3 30.0
-6740.3 1129.0 29.8
-6744.0 1160.2 29.7
-6742.8 1176.5 29.8
-6662.2 1195.2 30.5
-6684.0 1236.8 30.4
-6690.3 1236.7 30.4
-6705.6 1236.6 30.2
-6723.1 1235.6 30.1
-6734.5 1240.3 30.0
-6695.1 1249.4 30.4
-6714.3 1251.4 30.2
-6725.6 1258.1 30.2
-6703.4 1311.1 30.4
-6712.0 1307.6 30.4
-6702.0 1316.1 30.4
-6711.3 1319.1 30.3
-6720.7 1320.2 30.2
-6710.7 1325.9 30.2
-6721.1 1329.1 30.1
-6724.3 1350.6 29.9
-6721.9 1361.5 30.0
-6710.1 1368.4 30.1
-6721.6 1365.2 30.0
-6722.4 1380.4 30.1
-6709.6 1405.9 30.3
-6720.3 1411.1 30.3
-6691.8 1430.5 30.7
-6713.8 1428.5 30.5
-6692.8 1440.8 30.6
-6690.5 1448.9 30.6
-6704.0 1448.4 30.5
-6709.6 1449.2 30.5
-6691.4 1458.0 30.5
-6704.9 1457.7 30.4
-6715.2 1459.3 30.3
-6699.5 1470.4 30.4
-6681.9 1480.1 30.6
-6704.2 1475.5 30.4
-6705.3 1485.1 30.5
-6710.0 1485.2 30.4
-4748.1 -4076.1 35.6
-4716.3 -4058.8 35.7
-4752.8 -4055.5 35.4
-4717.5 -4046.6 35.6
-4757.2 -4048.8 35.3
-4732.5 -4035.8 35.4
-4662.0 -4043.6 36.0
-4944.4 -7532.4 30.3
-4934.5 -7523.8 30.5
-4935.5 -7514.4 30.5
-4876.0 -7485.7 31.7
-4968.6 -7482.9 29.8
-4869.8 -7475.3 31.8
-4889.7 -7475.2 31.4
-4905.9 -7453.9 31.1
-6156.6 1110.3 35.1
-6188.2 1111.0 34.7
-6144.9 1118.2 35.0
-6097.4 1162.2 35.0
-6103.1 1168.6 34.9
-6843.5 -5133.1 26.7
-6824.9 -5124.6 26.9
-6832.1 -5123.0 26.8
-6573.9 725.6 31.7
-6597.2 724.5 31.6
-6518.8 793.9 33.0
-6919.4 -4939.3 26.8
-6903.7 -4824.5 27.2
-6934.3 -4790.9 27.1
-6934.1 -4780.5 27.1
-6925.7 -4775.3 27.2
-6936.9 -4772.1 27.1
-6894.4 -4750.4 27.5
-6902.5 -4755.9 27.4
-6883.9 -4745.9 27.5
-6894.9 -4673.8 27.7
-6897.1 -4663.9 27.7
-6899.7 -4656.8 27.7
-6920.5 -4589.1 27.7
-6918.9 -4580.4 27.8
-6898.9 -4561.3 28.0
-6912.0 -4561.8 27.9
-6920.5 -4551.2 27.8
-6895.0 -4510.9 28.1
-6916.0 -4510.5 28.0
-6924.4 -4509.5 27.9
-6900.2 -4482.0 28.2
-6923.7 -4482.7 28.0
-6911.7 -4472.8 28.1
-6921.9 -4472.9 28.1
-6876.1 -4465.5 28.4
-6913.1 -4463.4 28.1
-6910.4 -4441.1 28.2
-6921.5 -4435.5 28.2
-6910.8 -4425.2 28.3
-6880.8 -4381.5 28.6
-6913.7 -4354.1 28.4
-6915.9 -4323.3 28.5
-6894.1 -4295.7 28.8
-6908.7 -4260.0 28.8
-6912.8 -4210.2 28.9
-6932.9 -4204.3 28.8
-6913.6 -4198.8 28.9
-6918.7 -4199.8 28.9
-6931.2 -4165.6 28.7
-6889.8 -4134.4 27.4
-6888.7 -4105.1 26.8
-6904.2 -4074.8 26.9
-4393.1 -4195.3 39.5
-4392.1 -4184.6 39.4
-4370.3 -4177.1 39.6
-4383.5 -4176.5 39.4
-4414.2 -4176.9 39.1
-4371.0 -4165.8 39.5
-4381.0 -4168.9 39.4
-4396.6 -4168.9 39.2
-4404.8 -4166.0 39.1
-4410.9 -4168.9 39.1
-4382.1 -4154.8 39.3
-4392.2 -4158.1 39.2
-4393.5 -4144.2 39.1
-4425.5 -4148.2 38.8
-4414.4 -4138.9 38.9
-4433.2 -4138.7 38.7
-4396.0 -4114.1 38.9
-4393.7 -4107.3 38.8
-4422.3 -4104.1 38.5
-4431.4 -4106.6 38.5
-4400.5 -4098.7 38.7
-4351.0 -4172.4 39.8
-4359.1 -4171.4 39.7
-4331.0 -4161.4 39.9
-4358.3 -4157.1 39.5
-4340.3 -4152.4 39.7
-4362.9 -4149.9 39.4
-4368.9 -4132.3 39.2
-4371.6 -4108.6 39.0
-4380.4 -4109.3 39.0
-4358.4 -4102.0 39.1
-4388.3 -4101.1 38.8
-4850.5 -7707.4 33.6
-4835.6 -7687.3 33.5
-4865.1 -7691.1 33.3
-4872.5 -7687.8 33.2
-4845.6 -7683.2 33.4
-4852.0 -7682.2 33.3
-4862.3 -7682.1 33.2
-4873.0 -7678.5 33.1
-4883.2 -7677.7 33.0
-4844.0 -7659.9 32.9
-4850.5 -7661.7 32.9
-4820.5 -7653.9 33.3
-4840.5 -7651.9 32.9
-4906.0 -7652.7 32.4
-4831.1 -7637.8 33.1
-4843.5 -7639.0 32.9
-4852.4 -7642.3 32.7
-4872.1 -7643.8 32.4
-4881.9 -7642.7 32.2
-4895.4 -7638.7 32.0
-4903.8 -7639.7 32.0
-4845.6 -7619.4 32.8
-4866.2 -7619.1 32.5
-4876.9 -7617.5 32.3
-4846.4 -7610.5 32.8
-4826.9 -7593.2 33.1
-5527.0 -8016.4 21.6
-5534.0 -7986.7 21.9
-5532.7 -7975.0 22.2
-5526.0 -7962.2 22.5
-5534.6 -7944.6 22.4
-5535.9 -7924.6 22.4
-5546.2 -7916.6 22.3
-5536.2 -7906.8 22.4
-5541.7 -7893.0 22.4
-5542.4 -7888.4 22.4
-5551.9 -7877.9 22.2
-5542.6 -7856.2 22.5
-5546.6 -7837.1 22.5
-5556.3 -7833.8 22.4
-5545.3 -7823.9 22.6
-5554.0 -7823.0 22.5
-5552.5 -7815.3 22.6
-5547.2 -7805.6 22.7
-5557.4 -7806.7 22.6
-5556.4 -7788.3 22.8
-5567.1 -7776.0 22.8
-5556.2 -7762.5 23.1
-5561.9 -7757.8 23.1
-5567.0 -7746.5 23.2
-5573.0 -7742.9 23.2
-5572.1 -7735.8 23.3
-5565.2 -7724.1 23.5
-5572.5 -7725.3 23.4
-5574.9 -7716.7 23.4
-5563.3 -7708.2 23.6
-5573.5 -7692.1 23.6
-5567.1 -7686.0 23.7
-5573.9 -7684.1 23.7
-5585.5 -7675.3 23.6
-5581.8 -7667.1 23.7
-5583.9 -7614.4 23.8
-5581.9 -7603.8 24.0
-5587.2 -7572.1 24.3
-6328.8 -422.5 35.0
-6333.7 -423.5 35.1
-6377.5 -419.8 35.0
-6393.8 -419.1 35.0
-6329.5 -412.8 35.0
-6357.3 -410.0 35.0
-6388.1 -410.5 35.0
-6415.2 -410.7 34.9
-6339.9 -397.9 35.0
-6355.8 -401.6 35.0
-6377.1 -404.2 35.0
-6406.1 -400.2 34.9
-6548.1 -399.1 34.7
-6338.4 -388.8 35.0
-6348.7 -391.1 35.0
-6359.6 -392.3 35.0
-6385.8 -391.7 34.9
-6408.2 -394.3 34.9
-6419.8 -393.4 34.9
-6529.1 -388.4 34.7
-6304.6 -384.2 35.0
-6339.1 -381.4 35.0
-6348.9 -378.3 35.0
-6425.4 -378.5 34.8
-6529.7 -381.2 34.7
-6537.2 -378.0 34.6
-6279.2 -372.2 34.9
-6288.4 -372.2 34.9
-6294.1 -372.5 35.0
-6419.7 -372.0 34.8
-6527.7 -368.2 34.6
-6543.8 -370.1 34.6
-6277.9 -362.1 34.9
-6309.1 -360.0 34.9
-6355.3 -364.0 34.9
-6415.7 -358.5 34.8
-6425.9 -361.0 34.8
-6514.4 -361.7 34.6
-6536.2 -359.1 34.6
-6383.7 -348.7 34.8
-6396.9 -351.9 34.8
-6417.4 -350.2 34.8
-6515.1 -349.3 34.6
-6538.2 -347.9 34.6
-6258.0 -343.9 34.9
-6379.8 -342.1 34.8
-6386.3 -344.3 34.8
-6399.8 -339.5 34.8
-6423.7 -343.6 34.7
-6433.9 -343.3 34.7
-6448.2 -341.0 34.7
-6520.0 -339.2 34.6
-6527.7 -343.2 34.6
-6285.8 -331.9 34.9
-6296.5 -329.5 34.9
-6425.7 -333.2 34.7
-6455.0 -331.3 34.7
-6514.2 -330.1 34.6
-6527.7 -330.1 34.5
-6306.4 -321.6 34.9
-6316.6 -323.2 34.9
-6346.5 -319.6 34.8
-6356.4 -318.5 34.8
-6378.2 -324.0 34.8
-6448.2 -318.8 34.7
-6516.9 -318.1 34.7
-6523.9 -322.8 34.6
-6365.9 -309.9 34.8
-6387.8 -311.6 34.7
-6408.4 -311.4 34.7
-6447.7 -311.9 34.6
-6463.6 -312.1 34.6
-6479.4 -309.4 34.7
-6496.0 -309.0 34.8
-6504.9 -308.6 34.8
-6508.9 -302.0 34.9
-6517.7 -301.6 35.0
-6525.4 -302.1 35.0
-6533.8 -300.8 35.1
-6466.3 -292.0 34.9
-6487.6 -290.0 35.1
-6761.0 -224.9 33.8
-6756.7 -213.7 33.7
-6798.9 -204.7 33.4
-6799.4 -199.1 33.4
-6754.6 -185.5 34.0
-6788.0 -186.8 33.6
-6758.6 -177.3 34.0
-6766.3 -178.5 33.9
-6795.5 -173.8 33.5
-6768.0 -165.7 33.9
-6774.7 -164.3 33.8
-6756.5 -157.2 34.1
-6770.4 -153.7 33.9
-6780.6 -153.3 33.8
-6749.7 -137.8 34.3
-6807.9 -135.5 33.6
-6806.8 -87.0 33.9
-6760.5 -74.8 34.7
-6806.4 -74.5 34.1
-6806.1 -68.9 34.2
-6758.5 -57.7 34.8
-6768.8 -59.1 34.7
-6797.0 -54.3 34.4
-6760.7 -48.5 34.9
-6768.6 -46.0 34.8
-6777.8 -46.3 34.7
-6800.7 -48.0 34.4
-6796.7 -32.6 34.6
-6788.9 -24.8 34.7
-6787.7 -13.8 34.8
-6757.1 4.4 35.1
-6756.3 13.8 35.1
-6756.7 25.1 34.9
-6769.2 26.2 34.6
-6220.5 44.6 39.2
-6198.2 40.2 39.2
-5861.9 303.3 42.7
-5805.6 309.8 42.8
-5827.1 308.3 42.7
-5838.6 309.1 42.7
-5810.8 314.1 42.7
-5974.5 -90.4 34.0
-5949.7 -84.7 34.5
-5958.5 -86.5 34.3
-5974.2 -80.2 34.6
-5941.5 -71.9 35.3
-6003.4 -72.6 34.7
-5924.0 -63.9 35.9
-5994.4 -65.5 35.2
-6008.0 -63.0 35.2
-5983.2 -54.1 35.9
-5993.7 -56.0 35.7
-6003.9 -51.8 35.9
-6009.1 -53.2 35.8
-5993.0 -44.8 36.4
-6000.0 -42.3 36.5
-6020.5 -43.5 36.2
-6001.2 -31.7 37.0
-6011.6 -34.9 36.8
-6031.2 -34.0 36.6
-6011.4 -25.5 37.3
-6023.2 -23.0 37.3
-6034.2 -24.8 37.1
-5970.2 -11.5 38.4
-5978.1 -13.0 38.3
-6023.6 -11.4 38.0
-5934.1 -4.4 39.1
-5940.5 -0.7 39.3
-5963.4 -1.4 39.1
-5982.2 -5.5 38.7
-5991.2 -1.3 38.8
-5923.8 4.2 39.7
-5933.6 3.6 39.6
-5983.6 3.7 39.2
-6011.0 8.1 39.2
-5979.6 17.2 40.0
-6008.5 14.8 39.5
-5940.3 24.0 40.7
-5948.0 25.6 40.7
-5961.1 28.4 40.7
-5989.2 29.7 40.6
-5973.3 48.5 41.8
-5962.4 59.1 42.4
-6000.6 40.1 41.0
-5991.2 50.5 41.7
-5966.0 72.3 43.1
-5967.9 76.7 43.4
-5996.8 111.5 45.0
-6068.0 108.2 44.2
-6000.9 116.0 45.3
-5952.0 -81.8 34.6
-5970.0 -85.2 34.3
-5979.3 -79.0 34.6
-5988.5 -79.5 34.5
-5879.8 -193.7 36.3
-4129.9 -3774.7 41.8
-4145.4 -3759.3 41.7
-4140.1 -3748.5 41.6
-4116.1 -3741.0 41.9
-4069.3 -3731.2 42.6
-4075.8 -3729.1 42.5
-4094.5 -3731.0 42.2
-6695.1 -3724.5 25.3
-6812.3 -3696.1 24.7
-6831.9 -3689.1 24.6
-6691.0 -3675.7 25.6
-6791.9 -3648.4 25.0
-6802.0 -3648.7 25.0
-6815.8 -3645.4 24.9
-6741.6 -3638.4 25.4
-6791.1 -3639.0 25.1
-6808.8 -3635.9 25.0
-6770.5 -3627.3 25.3
-6791.3 -3627.7 25.2
-6818.5 -3628.3 25.0
-6826.6 -3617.8 24.9
-5538.7 -7753.0 23.4
-5547.9 -7751.1 23.3
-5508.4 -7741.0 23.9
-5523.6 -7740.6 23.8
-5528.8 -7741.3 23.7
-5542.7 -7743.9 23.5
-5547.3 -7745.2 23.4
-5500.0 -7736.2 24.1
-5529.5 -7733.9 23.8
-5487.9 -7724.9 24.4
-5530.1 -7722.9 24.0
-5543.9 -7721.0 23.7
-5500.5 -7712.3 24.2
-5530.1 -7710.5 23.9
-5503.7 -7705.9 24.2
-5513.0 -7703.3 24.2
-5547.8 -7701.5 23.8
-5493.3 -7691.9 24.4
-5523.4 -7692.9 24.1
-5553.4 -7696.7 23.8
-5490.8 -7683.0 24.5
-5552.0 -7681.9 23.9
-5557.6 -7686.3 23.8
-5552.2 -7674.3 23.9
-5561.3 -7671.4 23.9
-5540.6 -7665.6 24.1
-5483.5 -7651.1 24.8
-5541.8 -7653.2 24.2
-5483.4 -7646.1 24.8
-5488.8 -7640.6 24.8
-5537.9 -7640.2 24.3
-5488.2 -7632.4 24.8
-5559.6 -7624.7 24.0
-5510.1 -7611.7 24.5
-5541.8 -7612.7 24.2
-5543.2 -7602.1 24.3
-5542.8 -7596.5 24.4
-5539.3 -7584.1 24.7
-5513.9 -7571.8 24.9
-5519.0 -7575.1 24.9
-5539.3 -7576.4 24.7
-5549.0 -7574.3 24.6
-5411.1 -7683.0 25.3
-5423.6 -7668.8 25.3
-5422.8 -7608.5 25.5
-5464.7 -7608.4 25.0
-5462.3 -7578.6 25.4
-5466.4 -7572.5 25.3
-5484.4 -7560.2 25.2
-5493.1 -7548.9 25.3
-5484.3 -7541.9 25.5
-5369.8 -7680.5 25.7
-5324.2 -7670.8 26.3
-5344.3 -7658.7 26.2
-5378.6 -7656.1 25.8
-5269.1 -7649.4 27.0
-5313.7 -7645.0 26.5
-5372.9 -7648.8 25.9
-5313.7 -7640.5 26.6
-5339.9 -7640.0 26.3
-5332.7 -7627.9 26.4
-5381.8 -7629.3 25.9
-5390.0 -7625.1 25.8
-5382.4 -7619.2 25.9
-5313.3 -7609.5 26.7
-5382.3 -7599.3 25.8
-5388.5 -7599.0 25.7
-5400.3 -7589.4 25.7
-5334.7 -7570.4 26.5
-5351.8 -7564.8 26.3
-5371.2 -7567.7 26.2
-5379.0 -7556.3 26.1
-5383.4 -7545.5 26.0
-5393.5 -7528.7 26.2
-5402.3 -7528.1 26.1
-5412.1 -7524.6 26.1
-5574.8 -7543.8 24.6
-5557.8 -7513.4 24.8
-5585.3 -7508.6 24.4
-5582.4 -7494.5 24.5
-5493.1 -7488.5 25.6
-5507.0 -7489.1 25.5
-5571.7 -7486.9 24.7
-5572.8 -7473.7 24.7
-5582.2 -7476.5 24.5
-5583.7 -7467.8 24.5
-5584.2 -7456.1 24.5
-5452.5 -7448.6 26.2
-5584.3 -7445.3 24.5
-5455.7 -7434.7 26.2
-5575.0 -7435.7 24.7
-5461.4 -7426.1 26.2
-5562.5 -7428.4 24.9
-5571.8 -7424.9 24.7
-5412.7 -7419.4 26.7
-5426.8 -7407.7 26.6
-5537.7 -7405.8 25.3
-5554.1 -7409.6 25.0
-5447.3 -7374.1 26.5
-5452.2 -7363.8 26.5
-6705.1 -4837.0 28.5
-6675.4 -4825.1 28.8
-6652.1 -4812.5 29.0
-6663.0 -4815.1 28.9
-6702.7 -4814.7 28.6
-6648.2 -4805.1 29.1
-6675.4 -4807.9 28.9
-6696.8 -4807.7 28.7
-6644.6 -4797.5 29.1
-6652.8 -4794.9 29.1
-6666.9 -4793.3 29.0
-6661.8 -4786.6 29.0
-6623.7 -4765.5 29.3
-6627.9 -4756.8 29.3
-6635.7 -4756.3 29.3
-6712.5 -4746.6 28.8
-6674.2 -4734.7 29.1
-6814.6 -4782.8 27.9
-6653.1 -4512.9 29.9
-6660.2 -4512.6 29.9
-6691.9 -4511.9 29.6
-6652.7 -4501.9 30.0
-6657.9 -4482.2 30.0
-6661.8 -4477.7 30.0
-6688.3 -4434.4 29.8
-6707.9 -4394.0 28.5
-6714.7 -4380.1 28.0
-6748.2 -4372.1 29.6
-6743.8 -4324.7 26.9
-6701.0 -4267.7 27.4
-6775.7 -4225.0 27.5
-6785.0 -4207.5 27.3
-6761.6 -4198.2 27.2
-6651.4 -4294.5 27.1
-6658.2 -4273.7 27.3
-6659.8 -4261.7 27.4
-6659.0 -4249.1 27.5
-6673.8 -4229.3 27.6
-6647.9 -4224.0 27.6
-6671.8 -4220.5 27.6
-5438.7 -8086.2 22.9
-5420.8 -8076.1 23.3
-5433.1 -8075.4 23.1
-5423.6 -8064.9 23.3
-5429.9 -8065.7 23.1
-5413.2 -8058.0 23.5
-6763.7 -4289.1 27.0
-6873.4 -4286.6 29.0
-6850.8 -4276.3 29.2
-6811.4 -4263.8 27.5
-6820.1 -4264.2 27.8
-6808.0 -4256.6 27.4
-6829.9 -4255.9 27.9
-6818.4 -4248.3 27.5
-6833.4 -4215.1 27.8
-6837.5 -4206.2 27.8
-6847.3 -4208.5 27.9
-6827.4 -4168.1 26.6
-6871.8 -4134.7 27.0
-6870.9 -4088.8 26.2
-6812.2 -4404.9 29.1
-6781.9 -4398.1 29.3
-6793.2 -4397.5 29.2
-6806.6 -4393.7 29.1
-6781.7 -4386.8 29.3
-6793.8 -4389.8 29.2
-6806.8 -4388.1 29.1
-6791.1 -4374.5 29.3
-6782.6 -4369.4 29.4
-6802.7 -4364.5 29.2
-6796.0 -4354.1 29.3
-6806.6 -4354.8 29.2
-6786.1 -4347.5 29.4
-6793.3 -4344.0 29.4
-6786.4 -4338.3 29.5
-6792.9 -4334.0 29.4
-6806.5 -4337.4 29.3
-6782.0 -4328.6 29.4
-6801.0 -4329.9 29.4
-6774.4 -4313.6 27.7
-6791.4 -4316.9 29.3
-6883.6 -5065.2 26.7
-6884.1 -5050.4 26.7
-6764.6 -5035.5 27.5
-6788.4 -4972.1 27.5
-6857.5 -4972.4 27.1
-6915.1 -4926.9 26.8
-6884.8 -4883.5 27.1
