-2319.0 -4668.5 15.4
-5083.2 -6880.9 6.4
-5081.6 -6808.3 5.8
6653.9 -3795.2 38.9
5385.7 -3884.1 39.9
3676.7 -7008.9 43.3
6097.4 -3047.9 27.6
6477.9 -3832.7 36.8
6432.3 -3805.3 35.5
5421.7 -3622.2 27.6
5490.1 -3578.4 26.9
5507.7 -3604.6 25.8
5522.2 -3587.3 26.0
3631.7 -6797.4 40.1
3719.5 -6719.4 39.7
556.6 6625.3 37.5
-665.1 7449.6 36.4
5522.5 -3552.0 27.1
-4796.0 -6555.4 9.3
-5098.0 -6674.5 5.9
-2680.8 -1739.1 9.0
-3580.1 -6897.3 8.9
-2560.2 -1893.0 10.2
-2559.7 -1888.6 10.1
-2680.0 -1724.3 9.0
-2712.2 -1705.3 8.8
5932.2 8674.5 45.8
5424.0 -3929.1 37.6
3701.7 -6958.9 41.6
6734.8 7570.1 18.6
6750.9 7565.2 18.3
-6072.0 8330.5 13.9
-1874.8 1162.0 9.9
-458.4 3328.3 34.8
827.0 2185.8 8.7
1981.7 1301.2 6.6
1994.5 1291.6 6.6
3753.0 2046.6 13.3
3718.4 2039.0 13.3
-179.2 3228.0 33.2
3846.5 -14.5 11.8
282.2 6375.8 42.1
-5958.2 2051.9 6.1
6735.2 7458.0 16.4
6735.4 7451.5 16.3
6442.2 -3866.5 35.8
5458.2 -3603.4 26.8
6431.3 -3800.6 35.4
6441.6 -3846.6 35.7
-2736.5 -1778.6 8.9
-6140.2 -5972.6 4.8
491.6 6574.5 38.3
553.5 6630.5 37.4
3665.5 -6788.2 39.6
3651.8 -6801.3 40.2
3641.7 -6808.5 40.2
3650.0 -6777.4 39.5
3645.5 -6773.2 39.4
3647.8 -6779.7 39.6
3643.5 -6775.3 39.5
3702.6 -6781.9 39.0
3669.7 -7002.5 43.2
3680.7 -6980.5 42.5
3780.4 -8119.2 55.3
-5106.9 -6710.2 5.3
-5106.6 -6697.4 5.6
-4022.1 -6206.4 9.9
-5107.1 -6742.0 5.3
-5088.5 -6882.3 6.3
-5078.7 -6828.9 5.9
3768.7 2068.4 13.2
-3623.4 -6954.7 8.7
-4827.5 -6497.6 9.4
-4838.9 -6586.7 9.4
-3609.9 -6929.2 8.8
-4821.0 -6611.4 8.5
-5107.4 -6725.4 5.3
3709.2 -6951.7 41.3
3683.3 -7015.3 43.5
3690.0 -7022.0 43.7
3693.4 -7025.6 43.7
3691.3 -6969.9 42.1
3694.9 -6966.0 42.0
-3690.1 -6884.1 8.1
4098.9 -2079.3 37.4
-4831.9 -6596.4 9.0
-4828.8 -6600.7 8.8
-5094.4 -6883.8 6.3
-5074.5 -6858.5 6.1
-2671.0 -1820.5 9.2
-2671.8 -1831.0 9.2
-2668.5 -1786.8 9.1
-2669.3 -1798.1 9.2
-2715.0 -1737.4 8.9
-2455.4 -1961.4 10.3
-2380.2 -2015.5 10.3
-2558.9 -1880.0 10.1
-4823.9 -6505.4 9.4
-4819.3 -6613.8 8.5
-4836.1 -6590.6 9.2
-4814.3 -6616.7 8.5
-4809.0 -6613.0 8.5
-4822.4 -6504.4 9.4
-4840.1 -6585.1 9.4
-4822.6 -6609.2 8.5
-4825.7 -6604.9 8.6
-4833.4 -6594.3 9.1
-4812.6 -6615.5 8.5
-5090.3 -6674.0 5.9
-5980.7 2059.2 6.0
-2443.9 -2032.9 10.5
-2559.4 -1884.1 10.1
-2362.9 -2025.2 10.3
-2683.7 -1748.8 9.0
-2696.0 -1730.7 9.0
-2712.5 -1723.0 8.9
-2714.0 -1729.9 8.9
-2717.4 -1752.5 8.9
3770.6 -8093.0 56.6
-428.1 3502.6 34.6
1990.4 1312.0 6.9
-3701.8 -6905.7 8.1
-5099.9 -6772.4 5.9
-3614.4 -6937.7 8.7
6757.4 7462.5 16.2
-2954.2 -7388.9 8.4
-4807.1 -6611.7 8.5
-4803.0 -6560.2 9.3
3755.3 -8093.0 56.8
1976.5 1306.6 6.6
3565.2 2086.8 12.7
-4828.9 -6498.7 9.4
-4827.7 -6500.3 9.4
-4823.7 -6502.6 9.4
-4825.2 -6503.7 9.4
-4879.9 -6485.3 10.0
-4892.8 -6504.1 10.1
-4898.5 -6503.2 10.2
-5104.6 -6677.4 5.9
-5105.8 -6755.0 5.5
-5077.3 -6839.0 5.9
-5075.9 -6848.3 6.0
-5080.1 -6819.1 5.8
-5061.4 -6865.0 6.1
-5043.6 -6856.0 5.6
-5052.3 -6860.6 5.9
-5087.5 -6792.1 5.9
-5099.5 -6884.9 6.3
-6560.0 -5130.3 1.7
-6575.5 -5107.0 0.4
-4827.4 -6602.6 8.7
-4824.2 -6607.1 8.6
-4822.4 -6552.5 9.5
811.6 2182.1 8.7
6744.1 7567.2 18.4
6724.3 7573.3 18.8
6676.3 7522.4 18.3
-4245.9 -7424.9 4.9
3658.5 -6781.6 39.5
560.4 6635.2 37.2
3767.8 2101.9 12.9
5426.7 -3942.2 37.4
-3694.0 -6891.3 8.1
-3499.3 -6941.0 9.1
-3538.3 -6990.3 8.9
-3542.6 -6998.2 8.9
3622.3 -6809.8 39.9
3698.1 -6962.5 41.8
3691.5 -6808.6 39.4
6741.8 7454.7 16.3
-2297.8 -4642.4 15.7
-2256.1 -4590.5 18.1
5497.6 -3560.8 27.3
-3661.0 -6854.3 8.3
-2703.8 -1693.8 8.8
-2699.4 -1863.2 9.2
-349.4 3207.8 33.0
3646.4 -6796.5 40.2
-4826.3 -6499.2 9.4
-4825.2 -6548.5 9.6
-4827.8 -6544.8 9.7
-4808.9 -6564.3 9.3
-4787.9 -6549.8 9.3
-5106.1 -6685.2 5.8
-2276.8 -4616.4 16.7
-2672.6 -1841.8 9.2
1985.8 1297.4 6.6
3672.5 -7005.5 43.2
3686.6 -7018.8 43.6
3705.2 -6955.5 41.5
3653.1 -6813.1 40.2
-4880.4 -6488.4 10.0
-3697.9 -6898.5 8.1
-3528.3 -6971.5 9.0
-3618.9 -6946.2 8.7
-4816.2 -6618.1 8.5
-4817.6 -6616.1 8.5
-4830.5 -6598.4 8.9
-4834.7 -6592.6 9.1
-4837.4 -6588.8 9.3
-4811.0 -6614.4 8.5
3684.1 -6976.6 42.4
3687.6 -6973.6 42.2
-5963.5 2033.2 6.1
-4254.5 -7426.7 5.0
6042.2 725.6 11.2
6056.0 731.4 11.2
6069.9 737.1 11.2
6083.7 742.8 11.1
6097.6 748.6 11.1
6111.5 754.3 11.1
6133.0 763.2 11.1
6135.6 502.0 11.3
6147.1 511.7 11.1
6158.5 521.3 10.9
6170.0 531.0 10.6
6181.5 540.6 10.4
6193.0 550.3 10.2
6204.5 559.9 10.0
6227.1 578.9 9.6
5548.4 2083.5 7.3
5562.6 2088.3 7.3
5576.8 2093.2 7.3
5591.0 2098.1 7.4
5605.2 2103.0 7.4
5619.6 2107.9 7.4
5842.1 1206.5 9.2
5835.2 1219.8 9.1
5828.3 1233.1 9.0
5821.4 1246.4 8.9
5814.8 1259.9 8.8
5808.6 1273.5 8.8
5802.3 1287.2 9.0
5796.1 1300.8 9.5
5790.3 1314.7 10.1
5784.4 1328.5 10.0
5778.5 1342.3 10.0
5772.6 1356.1 9.9
5767.5 1370.1 9.8
5762.3 1384.2 9.7
5757.2 1398.3 9.6
5752.2 1412.5 9.6
5747.4 1426.7 9.5
5742.8 1441.0 9.4
5738.8 1455.4 9.3
5734.8 1469.9 9.2
5731.0 1484.4 9.3
5727.3 1498.9 9.3
5723.7 1513.5 9.2
5720.0 1528.0 9.2
5716.3 1542.6 9.1
5712.7 1557.1 9.0
5709.4 1571.7 9.0
5706.1 1586.4 8.9
5702.8 1601.0 8.8
5699.5 1615.6 8.7
5696.1 1630.3 8.7
5692.8 1644.9 8.6
5689.5 1659.5 8.5
5686.2 1674.1 8.5
5682.9 1688.8 8.4
5679.6 1703.4 8.3
5676.2 1718.0 8.2
5672.9 1732.7 8.2
5669.6 1747.3 8.1
5666.3 1761.9 8.0
5663.3 1776.6 8.0
5660.3 1791.3 7.9
5657.2 1806.0 7.8
5654.2 1820.7 7.8
5651.2 1835.4 7.7
5648.6 1850.2 7.6
5646.1 1865.0 7.6
5643.7 1879.7 7.5
5641.2 1894.5 7.4
5638.7 1909.3 7.4
5636.8 1924.2 7.3
5635.0 1939.1 7.3
5633.3 1954.0 7.4
5632.0 1968.9 7.4
5631.0 1983.9 7.4
5630.0 1998.9 7.3
5629.8 2013.9 7.2
5629.9 2028.9 7.2
5629.9 2043.9 7.2
5630.0 2058.9 7.3
5630.3 2073.9 7.3
5630.6 2088.9 7.3
5631.0 2103.9 7.4
5631.4 2118.9 7.5
5631.7 2133.8 7.6
5632.1 2148.8 7.8
5632.5 2163.8 8.0
5632.9 2178.8 8.1
5633.2 2193.8 8.3
5633.4 2208.8 8.3
5633.4 2223.8 8.4
5633.4 2238.8 8.3
5633.4 2253.8 8.3
5633.5 2268.8 8.2
5633.5 2283.8 8.2
5633.5 2298.8 8.2
5633.2 2313.8 8.2
5632.7 2328.8 8.0
5632.2 2343.8 8.1
5631.7 2358.8 8.2
5630.5 2373.7 8.1
5629.2 2388.7 7.8
5627.2 2403.6 7.4
5625.3 2418.4 7.3
5623.0 2433.3 7.3
5620.7 2448.1 7.2
5618.0 2462.8 7.2
5615.2 2477.6 7.1
5611.8 2492.2 7.1
5607.7 2506.6 7.0
5601.6 2528.5 6.9
7238.9 108.0 7.1
7253.4 111.8 7.5
7267.9 115.5 8.0
7282.5 119.3 8.2
7297.0 123.1 8.3
7311.5 126.9 8.3
7317.3 135.2 8.3
7302.4 134.1 8.2
7287.4 132.9 8.2
7272.5 131.8 8.1
7257.5 130.6 7.9
7242.5 129.5 7.4
7227.6 128.9 7.0
7212.6 128.9 7.4
7197.6 128.9 7.9
7182.6 128.9 8.7
7167.6 129.6 9.5
7152.7 131.4 10.2
7137.8 133.2 11.0
7123.0 135.3 11.7
7108.1 137.4 12.5
7093.3 139.5 13.2
7078.5 142.0 13.8
7063.7 144.6 14.1
7048.9 147.2 14.4
7034.2 149.8 13.9
7019.4 152.3 13.2
7004.6 155.0 11.8
6990.3 159.4 10.3
6975.9 163.7 8.7
6961.6 168.1 7.2
6947.2 172.5 6.3
6932.9 176.9 6.5
6918.5 181.3 6.6
6904.2 185.7 6.8
6890.2 190.9 7.0
6876.4 196.8 7.3
6862.6 202.7 7.5
6848.8 208.6 7.8
6835.0 214.5 8.0
6821.2 220.3 8.3
6807.4 226.2 8.6
6793.6 232.0 9.0
6779.6 237.5 9.3
6765.7 243.0 9.6
6751.7 248.5 9.9
6737.7 254.1 10.1
6723.8 259.6 10.0
6709.8 265.1 9.9
6695.9 270.6 9.8
6682.1 276.5 9.7
6668.4 282.5 9.7
6654.6 288.5 9.4
6640.8 294.5 9.4
6627.1 300.4 9.4
6613.3 306.4 9.4
6599.7 312.7 9.4
6586.2 319.2 9.3
6572.6 325.6 9.3
6559.0 331.9 9.5
6545.4 338.2 9.5
6532.5 345.9 9.1
6519.9 354.0 8.7
6507.3 362.1 8.5
6494.6 370.1 8.3
6482.0 378.2 8.1
6469.5 386.5 8.0
6457.3 395.2 7.8
6445.1 404.0 7.7
6432.9 412.7 7.6
6420.7 421.5 7.5
6409.0 430.8 7.4
6397.3 440.2 7.4
6386.4 450.5 8.0
6375.4 460.7 8.3
6364.5 471.0 8.4
6353.6 481.2 8.5
6342.6 491.5 8.7
6331.7 501.7 8.8
6321.5 512.8 8.9
6311.7 524.2 9.0
6302.0 535.5 9.1
6292.2 546.9 9.1
6282.4 558.3 9.1
6273.0 569.9 9.1
6264.0 581.9 9.1
6255.0 593.9 9.1
6246.1 606.0 9.1
6237.9 618.6 8.9
6229.7 631.2 8.7
6221.6 643.7 8.6
6213.2 656.2 8.4
6204.7 668.6 8.2
6196.3 681.0 8.0
6187.8 693.4 7.9
6179.4 705.8 8.3
6171.0 718.2 8.9
6162.5 730.6 9.4
6154.1 743.0 10.0
6145.6 755.4 10.6
6137.2 767.8 11.2
6128.7 780.2 11.3
6120.3 792.6 11.6
6111.8 804.9 11.8
6103.4 817.3 12.0
6095.0 829.7 12.2
6086.5 842.1 12.4
6078.0 854.5 12.6
6069.6 866.9 12.8
6061.1 879.3 13.1
6052.7 891.7 12.5
6044.2 904.1 11.6
6035.7 916.5 10.7
6027.3 928.8 9.8
6018.8 941.2 8.9
6010.4 953.6 8.1
6001.9 966.0 7.5
5993.5 978.4 6.9
5985.0 990.8 6.3
5976.5 1003.2 6.0
5968.1 1015.6 5.6
5959.7 1028.0 5.5
5951.4 1040.5 5.8
5943.0 1052.9 6.1
5934.6 1065.4 6.4
5926.2 1077.8 6.7
5917.9 1090.2 6.9
5909.5 1102.7 7.0
5901.3 1115.3 7.2
5893.1 1127.8 7.3
5884.9 1140.4 7.6
5876.7 1153.0 8.0
5868.5 1165.5 8.3
5860.4 1178.1 8.7
5852.2 1190.7 9.0
5832.7 1193.6 9.2
5957.1 1007.1 5.4
5968.5 1001.4 5.8
5978.2 987.5 6.2
5976.8 972.8 6.7
-1815.3 4130.1 9.0
-1830.9 4113.4 8.5
-1855.5 4139.9 7.7
-5102.2 -732.7 4.7
-5111.0 -720.6 4.8
-5119.8 -708.4 4.9
-5128.6 -696.3 5.1
-5137.4 -684.2 5.2
-5146.2 -672.0 5.4
-5155.0 -659.9 5.5
-5163.9 -647.7 5.7
-5172.7 -635.6 5.8
-5181.5 -623.5 5.9
-5190.3 -611.3 5.9
-5199.1 -599.2 6.1
-5192.6 -591.1 6.2
-5176.8 -584.1 6.4
-5240.2 -676.9 5.0
-5245.9 -663.1 4.9
-5251.7 -649.2 5.1
-5257.5 -635.4 5.3
-5262.4 -621.2 5.4
-5266.4 -606.7 5.6
-5271.4 -592.6 5.6
-5276.5 -578.5 5.7
-5281.8 -564.5 5.9
-5273.1 -557.4 6.0
-5246.6 -549.9 6.2
-5539.7 -1065.9 7.9
-5544.6 -1051.7 7.5
-5549.5 -1037.6 7.2
-5554.5 -1023.4 7.0
-5560.5 -1006.2 6.7
-1123.1 8645.5 29.9
-1134.7 8655.2 30.4
-1146.2 8664.8 30.9
-1157.7 8674.4 31.4
-1169.2 8684.0 31.6
-1180.7 8693.6 31.6
-1199.1 8708.9 31.3
-1280.0 8786.3 27.8
-1291.4 8796.0 27.8
-1302.8 8805.8 27.7
-1314.3 8815.5 27.6
-1325.7 8825.2 27.4
-1347.2 8840.2 27.1
-1116.9 8648.7 30.4
-1128.6 8658.1 30.3
-1140.2 8667.6 30.8
-1151.8 8677.1 31.2
-1163.2 8686.8 31.5
-1174.7 8696.5 31.5
-1186.1 8706.3 31.3
-1197.5 8716.0 31.1
-1208.9 8725.8 30.3
-1220.3 8735.4 29.4
-1231.9 8745.0 29.1
-1254.9 8764.0 28.4
-6377.1 -5706.4 6.4
-6383.3 -5692.7 6.4
-6389.5 -5679.1 6.4
-6395.7 -5665.4 6.5
-6399.5 -5652.7 6.7
-6385.7 -5646.7 6.7
-6359.7 -5635.2 6.7
-6286.0 -5838.3 5.4
-6286.8 -5823.3 5.1
-6287.7 -5808.3 4.9
-6288.5 -5793.4 4.6
-6291.8 -5778.7 4.4
-6296.2 -5764.4 4.3
-6300.9 -5750.2 4.3
-6307.5 -5736.9 4.8
-6316.1 -5724.6 5.3
-6325.8 -5713.1 5.7
-6334.7 -5701.1 6.1
-6346.2 -5695.8 6.2
-6359.8 -5702.1 6.3
-6374.2 -5706.0 6.4
-6387.8 -5712.1 6.4
-6401.0 -5719.1 6.3
-6423.1 -5730.8 6.9
-6319.7 -5794.7 5.6
-6334.1 -5798.9 6.0
-6348.5 -5803.1 6.3
-6362.9 -5807.3 6.6
-6377.3 -5811.5 6.9
-6391.7 -5815.8 7.2
-6406.1 -5820.0 7.4
-6428.9 -5826.6 7.7
-6389.4 -5874.5 7.6
-6374.5 -5873.1 7.3
-6359.5 -5871.7 7.0
-6344.6 -5870.3 6.8
-6336.3 -5879.3 6.7
-6326.8 -5906.2 6.7
-3903.5 -7337.1 7.4
-3914.4 -7326.8 7.3
-3925.3 -7316.5 7.3
-3936.2 -7306.2 7.2
-3957.8 -7285.7 7.4
-3887.1 -7354.5 7.6
-3876.5 -7365.2 7.7
-3866.0 -7375.8 7.8
-3855.4 -7386.5 7.9
-3844.9 -7397.2 7.9
-3828.9 -7413.4 8.0
-3635.8 -6776.5 8.6
-3622.6 -6783.6 8.6
-3609.3 -6790.6 8.7
-3596.1 -6797.7 8.7
-3582.9 -6804.8 8.7
-3569.7 -6811.9 8.8
-3556.4 -6818.9 8.8
-3543.2 -6826.0 8.8
-3533.2 -6820.5 8.9
-3519.1 -6825.7 8.9
-3499.2 -6833.0 9.2
-3644.4 -6792.9 8.5
-3631.3 -6800.3 8.6
-3618.3 -6807.7 8.6
-3605.3 -6815.2 8.6
-3592.2 -6822.6 8.7
-3579.2 -6830.0 8.7
-3555.6 -6843.4 8.8
-3548.9 -6724.7 9.3
-3551.2 -6709.8 9.1
-3553.5 -6695.0 8.8
-3556.5 -6675.6 8.4
-3438.4 -6768.6 9.4
-3452.8 -6764.5 9.4
-3467.2 -6760.4 9.3
-3481.7 -6756.2 9.3
-3496.1 -6752.1 9.3
-3510.5 -6747.9 9.2
-3524.9 -6743.8 9.2
-3539.3 -6739.6 9.2
-3553.7 -6735.5 9.2
-3568.2 -6731.8 9.2
-3583.2 -6731.5 9.1
-3603.7 -6730.4 9.0
-3472.6 -6655.7 8.0
-3457.8 -6657.8 8.0
-3443.6 -6661.9 8.1
-3430.4 -6669.1 8.2
-3417.2 -6676.2 8.3
-3404.1 -6683.4 8.5
-3390.9 -6690.6 8.6
-3394.1 -6705.5 8.9
-3591.1 -6718.1 9.2
-3576.7 -6722.1 9.2
-3562.2 -6726.1 9.3
-3547.8 -6730.1 9.3
-3533.3 -6734.1 9.3
-3518.8 -6738.1 9.3
-3504.4 -6742.1 9.3
-3489.9 -6746.1 9.3
-3475.5 -6750.1 9.3
-3461.0 -6754.1 9.4
-3446.6 -6758.1 9.4
-3431.1 -6762.4 9.5
-3584.5 -6670.7 8.3
-3569.6 -6671.0 8.3
-3554.6 -6670.5 8.3
-3539.7 -6668.5 8.2
-3524.9 -6666.6 8.2
-3495.2 -6662.8 8.1
-3260.3 -6611.9 8.5
-3231.5 -6619.4 9.2
-3215.1 -6629.8 9.8
-3199.7 -6640.7 9.8
-3202.5 -6652.4 9.9
-2621.3 -6315.3 9.0
-2631.5 -6307.5 9.1
-2645.8 -6312.0 9.1
-2660.1 -6316.5 9.1
-2674.4 -6321.1 9.1
-2688.7 -6325.6 9.1
-2702.8 -6330.7 9.1
-2716.8 -6336.2 9.2
-2742.9 -6349.0 8.5
-2644.5 -6477.2 7.2
-2654.0 -6465.6 7.1
-2663.4 -6454.0 7.0
-2672.9 -6442.3 7.0
-2682.3 -6430.7 6.9
-2691.8 -6419.0 6.8
-2701.2 -6407.4 7.0
-2710.7 -6395.7 7.4
-2720.2 -6384.1 7.8
-2729.6 -6372.4 8.2
-2739.1 -6360.8 8.3
-2751.4 -6345.6 8.4
-2634.3 -6497.4 7.7
-2643.7 -6485.8 7.4
-2653.2 -6474.1 7.2
-2662.7 -6462.5 7.1
-2672.1 -6450.8 7.0
-2681.6 -6439.2 7.0
-2691.2 -6427.7 6.9
-2709.9 -6405.0 7.1
-2623.9 -6509.7 8.1
-2612.0 -6525.3 8.4
-3866.8 -5251.7 8.9
-3880.3 -5258.3 8.8
-3893.8 -5264.8 8.8
-3907.3 -5271.4 8.8
-3926.3 -5280.6 8.7
-3850.9 -5303.8 8.8
-3854.9 -5289.3 8.8
-3858.9 -5274.9 8.8
-3862.9 -5260.4 8.9
-3866.9 -5246.0 8.9
-3870.9 -5231.5 8.9
-3874.9 -5217.1 8.9
-3878.9 -5202.6 9.0
-3885.4 -5179.0 9.0
-3882.6 -5177.2 9.0
-3878.6 -5191.7 9.0
-3874.5 -5206.1 9.0
-3870.4 -5220.5 8.9
-3866.3 -5235.0 8.9
-3862.2 -5249.4 8.9
-3858.1 -5263.8 8.9
-3854.0 -5278.3 8.8
-3847.0 -5303.0 8.8
-5762.3 -2067.2 9.8
-5766.1 -2052.7 9.6
-5769.8 -2038.2 9.4
-5777.1 -2010.1 9.4
-5938.1 -2214.7 8.7
-5929.7 -2227.1 8.5
-5921.3 -2239.5 8.2
-5912.8 -2251.9 8.1
-5903.1 -2247.8 8.0
-5892.9 -2236.9 7.7
-5882.6 -2225.9 7.5
-5889.8 -2213.2 7.5
-5897.7 -2200.4 7.5
-5905.5 -2187.7 7.4
-5913.4 -2174.9 7.8
-5921.3 -2162.1 8.3
-5929.2 -2149.4 8.7
-5937.0 -2136.6 8.6
-5946.6 -2133.6 8.6
-5958.3 -2143.0 8.5
-5970.0 -2152.3 8.4
-5971.0 -2168.9 8.4
725.5 6565.8 37.3
711.4 6560.9 37.1
697.2 6556.0 36.9
683.0 6551.0 36.6
668.9 6546.1 36.4
654.2 6541.0 36.2
-3879.8 -3364.9 6.0
-3865.1 -3361.8 5.9
-3851.3 -3356.5 5.9
-3838.5 -3348.7 5.9
-3825.6 -3341.0 5.9
-3812.8 -3333.2 5.9
-3798.4 -3324.6 5.9
-5084.5 -2649.0 9.3
-5098.6 -2651.6 9.1
-5105.4 -2638.3 8.4
-5112.3 -2624.9 7.7
-5119.2 -2611.6 7.1
-5128.4 -2599.8 7.3
-5138.1 -2588.3 7.5
-5153.9 -2568.8 7.7
-4812.7 -2399.8 8.5
-4822.1 -2388.2 8.6
-4831.5 -2376.5 8.6
-4840.9 -2364.8 8.7
-4850.4 -2353.1 8.8
-4859.8 -2341.4 8.8
-4869.2 -2329.7 8.9
-4878.6 -2318.1 8.9
-4888.0 -2306.4 9.0
-4897.4 -2294.7 9.0
-4907.2 -2282.5 9.1
-4809.0 -2401.8 8.5
-4822.3 -2408.7 8.5
-4835.6 -2415.6 8.5
-4849.0 -2422.5 8.6
-4873.7 -2435.3 8.6
-4775.3 -2426.8 8.4
-4766.9 -2439.2 8.3
-4758.5 -2451.6 8.3
-4750.1 -2464.1 8.3
-4741.7 -2476.5 8.4
-4733.3 -2488.9 8.4
-4724.8 -2501.3 8.5
-4716.4 -2513.7 8.6
-4708.0 -2526.2 8.7
-3885.0 -2346.2 8.8
-3898.2 -2353.3 8.7
-3921.9 -2365.9 8.6
-3851.4 -2418.8 9.0
-3865.1 -2424.9 9.1
-3878.8 -2431.0 9.1
-3892.5 -2437.1 9.1
-3906.2 -2443.1 9.2
-3919.9 -2449.2 9.2
-3933.6 -2455.3 9.3
-3947.4 -2461.4 9.3
-3961.1 -2467.5 9.3
-3969.3 -2476.0 9.4
-3964.5 -2490.2 9.6
-3959.7 -2504.4 9.7
-3954.9 -2518.6 9.6
-3950.0 -2532.8 9.5
-3944.0 -2550.8 9.4
-3850.5 -2420.2 9.0
-3844.3 -2433.8 9.2
-3838.1 -2447.4 9.3
-3831.9 -2461.1 9.5
-3825.6 -2474.7 9.4
-3817.7 -2492.2 9.3
-4162.0 -2500.5 9.4
-4155.5 -2514.0 9.5
-4149.0 -2527.5 9.7
-4142.5 -2541.0 9.8
-4136.0 -2554.5 9.9
-4129.5 -2568.1 9.8
-4123.1 -2581.6 9.7
-4116.6 -2595.1 9.7
-4117.4 -2605.7 9.7
-4131.4 -2611.2 9.7
-4149.1 -2618.1 9.8
-4012.1 -2396.7 8.5
-4025.8 -2402.7 8.6
-4039.6 -2408.7 8.6
-4053.3 -2414.8 8.6
-4077.2 -2425.2 8.7
-4166.9 -2480.3 9.1
-4160.2 -2493.8 9.3
-4153.6 -2507.2 9.4
-4146.9 -2520.6 9.6
-4140.3 -2534.1 9.7
-4133.6 -2547.5 9.9
-4126.9 -2561.0 9.9
-4120.3 -2574.4 9.8
-4113.6 -2587.8 9.7
-4106.7 -2601.1 9.7
-4093.1 -2600.6 9.7
-4078.9 -2595.8 9.6
-4064.7 -2590.9 9.6
-4050.5 -2586.1 9.6
-4036.3 -2581.3 9.5
-4022.1 -2576.4 9.5
-4007.9 -2571.6 9.5
-3993.7 -2566.7 9.4
-3988.9 -2557.9 9.5
-3995.3 -2544.4 9.6
-4001.7 -2530.8 9.7
-4008.2 -2517.3 9.8
-4014.6 -2503.8 9.6
-4021.1 -2490.2 9.5
-4027.5 -2476.7 9.3
-4034.0 -2463.1 9.2
-4040.4 -2449.6 9.0
-4053.0 -2423.1 8.7
-3788.5 -3327.5 5.8
-3775.5 -3320.1 5.8
-3762.4 -3312.8 5.8
-3749.3 -3305.4 5.8
-3736.3 -3298.0 5.8
-3723.2 -3290.6 5.8
-3710.2 -3283.2 5.8
-3697.4 -3275.3 5.8
-3684.7 -3267.4 5.8
-3670.9 -3261.7 5.7
-3656.7 -3256.7 5.7
-3642.4 -3252.3 5.6
-3627.8 -3249.0 5.6
-3613.1 -3245.8 5.5
-3598.4 -3242.9 5.4
-3583.7 -3240.2 5.3
-3568.8 -3238.3 5.2
-3553.8 -3237.6 5.1
-3538.9 -3238.2 5.0
-3523.9 -3239.1 4.9
-3508.9 -3240.0 4.8
-3485.8 -3241.4 4.6
-4252.3 -3854.0 6.6
-4264.3 -3862.9 6.7
-4276.4 -3871.8 6.9
-4288.4 -3880.8 7.0
-4300.4 -3889.7 7.2
-4312.5 -3898.6 7.3
-4324.5 -3907.6 7.5
-4336.6 -3916.5 7.6
-4348.6 -3925.5 7.8
-4360.7 -3934.4 7.9
-4354.8 -3947.2 8.0
-4347.5 -3960.4 8.3
-4340.2 -3973.5 8.7
-4333.0 -3986.6 9.1
-4325.7 -3999.7 9.2
-4318.4 -4012.9 8.9
-4311.2 -4026.0 8.9
-4303.9 -4039.1 9.0
-4296.7 -4052.2 9.1
-4289.4 -4065.4 9.2
-4282.1 -4078.5 9.2
-4274.9 -4091.6 9.3
-4267.6 -4104.7 9.4
-4260.3 -4117.8 9.5
-4249.9 -4136.7 9.7
-3184.1 -4326.0 9.7
-3199.1 -4326.7 9.7
-3214.1 -4327.3 9.6
-3229.1 -4328.0 9.5
-3244.1 -4328.6 9.5
-3259.0 -4329.3 9.4
-3274.0 -4329.9 9.3
-3289.0 -4330.6 9.2
-3304.0 -4331.2 9.2
-3319.0 -4331.9 9.1
-3334.0 -4332.5 9.1
-3349.0 -4333.2 9.0
-3363.9 -4333.8 8.9
-3378.9 -4334.4 8.9
-3393.9 -4335.1 8.8
-3408.9 -4335.7 8.8
-3423.9 -4336.4 8.8
-3438.9 -4337.0 8.9
-3453.9 -4337.7 9.0
-3468.8 -4338.3 9.1
-3483.8 -4339.0 9.2
-3498.8 -4339.6 9.3
-3513.8 -4340.3 9.4
-3528.8 -4340.9 9.5
-3547.6 -4341.7 9.6
-3676.0 -2127.1 8.7
-3672.1 -2141.5 8.8
-3668.1 -2156.0 8.9
-3664.1 -2170.5 8.9
-3660.1 -2184.9 9.0
-3656.1 -2199.4 9.0
-3652.2 -2213.8 9.1
-3648.2 -2228.3 9.2
-3644.2 -2242.8 9.2
-3640.2 -2257.2 9.3
-3636.3 -2271.7 9.2
-3632.3 -2286.2 9.1
-3628.3 -2300.6 8.9
-3624.3 -2315.1 8.8
-3620.4 -2329.6 8.7
-3616.4 -2344.0 8.7
-3612.4 -2358.5 8.8
-3608.4 -2372.9 9.0
-3604.5 -2387.4 9.1
-3596.8 -2415.2 9.1
-3694.5 -2094.0 8.6
-3690.6 -2108.5 8.7
-3686.6 -2123.0 8.7
-3682.7 -2137.5 8.8
-3678.8 -2151.9 8.8
-3674.8 -2166.4 8.9
-3670.9 -2180.9 8.9
-3666.9 -2195.4 9.0
-3663.0 -2209.8 9.1
-3659.1 -2224.3 9.1
-3655.1 -2238.8 9.2
-3651.2 -2253.3 9.2
-3647.3 -2267.7 9.2
-3643.3 -2282.2 9.1
-3639.4 -2296.7 9.0
-3635.4 -2311.2 8.8
-3631.5 -2325.6 8.7
-3627.6 -2340.1 8.6
-3623.6 -2354.6 8.7
-3617.0 -2378.8 9.0
5024.8 2516.7 7.6
5015.0 2505.4 7.8
5005.2 2494.0 8.1
4995.4 2482.6 8.4
4985.6 2471.3 8.6
4975.8 2459.9 8.6
4966.0 2448.5 8.7
4956.2 2437.2 8.8
4946.5 2425.8 8.7
4936.7 2414.4 8.8
4930.5 2402.8 9.0
4942.7 2394.1 9.1
4955.0 2385.4 9.2
4966.5 2375.9 9.4
4977.7 2365.9 9.5
4988.5 2355.5 9.6
4999.4 2345.2 9.7
5010.5 2335.1 9.6
5021.6 2325.0 9.6
5033.1 2315.3 9.6
5044.6 2305.8 9.6
5052.7 2312.0 9.4
5059.1 2325.6 9.2
5065.6 2339.1 9.0
5072.5 2352.4 8.8
5079.5 2365.7 8.6
5086.7 2378.9 8.5
5095.5 2390.8 8.4
5107.7 2399.4 8.3
5119.8 2408.2 8.1
5130.8 2418.4 8.0
5141.7 2428.7 7.9
5155.3 2442.1 7.7
5006.5 2289.3 9.8
5016.6 2278.2 9.8
5035.5 2257.7 9.9
5221.3 2766.0 7.8
5196.2 2749.1 7.6
5185.0 2741.5 7.6
5030.5 3026.8 6.4
5023.6 3039.8 6.3
5016.5 3054.7 6.1
5009.4 3069.4 6.0
5000.0 3088.2 5.9
4990.8 3106.9 5.7
4977.5 3134.2 5.5
5204.0 2543.0 6.6
5197.8 2554.4 6.2
5191.4 2566.6 5.8
5188.1 2573.1 5.9
5182.4 2590.8 5.9
5177.3 2609.1 6.0
5171.6 2627.0 6.2
5165.0 2646.5 6.5
5159.3 2663.3 6.7
5157.2 2671.8 6.8
5161.4 2684.7 7.0
5166.4 2698.8 7.1
5172.1 2713.5 7.2
5176.9 2727.6 7.5
5181.3 2741.5 7.6
5181.5 2761.1 7.8
5178.6 2773.9 8.0
4969.8 3149.3 5.2
4959.9 3165.9 5.0
4949.1 3181.3 5.5
4942.0 3192.0 5.9
5231.5 2491.4 8.2
5223.7 2504.3 7.9
5208.2 2529.8 7.2
5148.7 2672.2 6.9
5150.0 2680.1 7.0
5154.6 2694.1 7.1
5161.9 2714.9 7.3
5169.8 2735.8 7.5
5172.3 2744.6 7.7
5172.8 2756.7 7.8
5171.6 2769.4 8.0
5170.4 2774.0 8.0
5167.8 2781.0 8.0
5164.8 2787.6 8.0
5153.9 2805.6 7.9
5173.6 2574.6 6.1
5165.0 2562.3 6.5
5150.5 2541.7 6.8
5191.2 2544.1 6.6
5180.7 2562.9 5.9
5172.2 2584.5 6.2
5166.0 2605.8 6.2
5158.8 2628.1 6.3
5151.7 2650.1 6.6
5148.1 2661.4 6.8
4860.2 3855.9 9.4
4848.0 3864.4 9.2
4835.5 3874.2 9.1
4826.8 3880.2 8.9
4816.1 3887.5 8.8
4805.3 3894.5 8.6
4791.1 3902.7 8.3
4776.1 3911.2 7.8
4761.3 3919.7 7.4
4746.2 3928.3 6.9
4732.2 3935.8 6.4
4717.6 3943.6 6.0
4703.1 3951.4 6.1
4688.9 3959.3 6.2
4675.1 3966.8 6.3
4659.9 3975.0 6.4
4644.8 3983.1 6.5
4629.5 3991.3 6.6
4614.6 3999.4 6.7
4599.4 4007.6 6.8
4584.2 4015.7 7.0
4569.0 4023.9 7.0
4554.0 4031.9 7.1
4538.9 4039.7 7.2
4523.7 4047.6 7.3
4508.6 4055.6 7.4
4493.5 4063.7 7.5
4478.5 4072.0 7.6
4463.7 4079.9 7.7
4448.5 4088.0 7.8
4433.2 4096.3 7.9
4418.2 4104.5 8.0
4403.1 4112.6 8.0
4388.0 4120.6 8.0
4373.2 4128.4 8.0
4358.3 4136.4 8.0
4344.3 4143.8 8.0
4331.3 4150.1 8.0
4316.8 4157.1 8.1
4302.5 4164.4 8.2
4289.0 4170.7 8.2
4274.0 4177.6 8.3
4259.7 4184.2 8.9
4245.5 4190.6 9.7
4231.0 4196.7 10.4
4216.8 4202.3 10.9
4202.5 4207.8 11.4
4187.7 4213.6 11.8
4173.2 4219.3 11.8
4158.1 4225.0 11.5
4144.2 4229.4 11.3
4130.4 4233.8 11.0
4116.5 4238.0 10.4
4101.8 4242.2 9.9
4088.3 4245.7 9.6
4074.4 4250.0 9.4
4060.4 4253.1 9.1
4048.9 4256.2 8.9
4034.3 4259.6 8.7
4020.7 4262.6 8.6
4006.1 4265.8 8.6
3991.4 4268.9 8.5
3979.4 4270.9 8.5
3965.7 4273.1 8.5
3953.0 4275.3 8.5
3940.3 4277.5 8.4
3927.0 4279.2 8.3
3912.9 4281.3 8.1
3898.8 4283.1 7.9
3884.6 4284.9 7.8
3870.2 4286.5 7.7
3855.8 4287.9 7.7
3841.3 4288.7 7.7
3819.0 4289.9 7.4
3805.2 4290.4 7.1
3790.8 4291.4 6.8
3776.9 4292.1 6.5
3762.3 4292.5 6.2
3748.0 4292.4 5.9
3733.8 4292.4 5.8
3719.5 4292.4 6.3
3705.2 4291.9 6.9
3691.0 4291.2 7.1
3676.8 4290.5 7.1
3662.6 4289.7 7.1
3648.4 4288.4 7.0
3634.7 4287.2 7.0
3619.9 4285.4 6.9
3606.1 4283.9 6.8
3592.2 4282.2 6.8
3578.1 4280.8 6.8
3563.9 4279.0 6.8
3549.8 4276.8 6.8
3535.4 4274.4 6.5
3521.7 4272.1 6.3
3507.5 4268.9 6.3
3494.8 4266.1 6.3
3480.6 4262.6 6.4
3465.5 4259.7 6.4
3451.3 4256.7 6.5
3439.3 4253.5 6.6
3426.2 4249.8 6.8
3415.9 4246.7 7.0
5062.3 3631.1 6.8
5069.4 3617.9 6.9
5076.5 3604.8 6.9
5083.7 3591.6 6.9
5090.8 3578.4 6.9
5097.3 3564.8 6.9
5103.5 3551.2 7.2
5109.7 3537.5 7.4
5115.9 3523.9 7.7
5122.1 3510.2 8.0
5127.6 3496.3 8.4
5132.8 3482.2 8.6
5138.0 3468.1 8.6
5142.9 3453.9 8.6
5147.8 3439.8 8.7
5152.7 3425.6 8.7
5157.2 3411.3 8.7
5161.3 3396.9 8.7
5165.5 3382.5 8.7
5169.7 3368.1 8.6
5173.7 3353.6 8.6
5177.3 3339.0 8.6
5180.8 3324.5 8.6
5184.4 3309.9 8.6
5187.9 3295.3 8.6
5191.5 3280.8 8.5
5195.1 3266.2 8.4
5198.7 3251.6 8.3
5202.6 3237.1 8.2
5206.5 3222.7 8.1
5210.4 3208.2 7.8
5214.7 3193.8 7.6
5219.1 3179.5 7.5
5223.5 3165.1 7.4
5228.8 3151.1 7.4
5234.5 3137.2 7.3
5240.1 3123.3 7.3
5245.6 3109.4 7.4
5251.5 3095.6 7.6
5257.8 3082.0 7.7
5264.6 3068.6 7.9
5271.8 3055.5 8.1
5279.1 3042.3 8.2
5286.5 3029.3 8.4
5300.7 3005.8 8.1
5053.0 3644.9 6.7
5044.6 3657.3 6.7
5036.2 3669.7 6.9
5021.2 3691.8 7.4
4928.8 3794.4 9.3
4939.4 3783.7 9.2
4949.9 3773.1 9.1
4960.4 3762.4 9.1
4970.8 3751.5 8.8
4980.7 3740.3 8.6
4990.7 3729.1 8.3
5006.0 3711.7 7.9
4898.2 3774.7 9.1
4911.3 3789.7 9.4
4746.8 3607.3 6.8
4757.0 3618.3 6.8
4767.2 3629.3 6.9
4777.2 3640.5 7.0
4787.1 3651.8 7.2
4797.0 3663.0 7.4
4806.9 3674.3 7.6
4816.7 3685.6 7.8
4826.6 3696.9 8.0
4836.5 3708.2 8.1
4846.4 3719.5 8.3
4856.4 3730.7 8.5
4866.3 3741.9 8.6
4886.8 3763.6 9.0
-6940.5 -5091.4 7.7
-6927.8 -5083.5 7.3
-6915.1 -5075.5 7.0
-6902.4 -5067.6 6.6
-6889.6 -5059.6 6.2
-6876.9 -5051.6 5.8
-6864.2 -5043.7 5.4
-6851.5 -5035.7 5.1
-6841.4 -5026.5 4.7
-6842.6 -5011.5 4.6
-6843.8 -4996.6 4.4
-6845.0 -4981.6 4.3
-6846.2 -4966.7 4.1
-6847.4 -4951.7 4.0
-6848.7 -4936.8 3.8
-6841.2 -4924.2 3.5
-6832.4 -4912.1 3.1
-6823.6 -4900.0 2.8
-6814.8 -4887.8 2.5
-6805.9 -4875.7 2.3
-6795.3 -4861.1 2.0
-6581.2 -4807.2 0.3
-6594.0 -4815.1 0.3
-6606.8 -4822.9 0.2
-6619.5 -4830.8 0.1
-6632.3 -4838.6 0.1
-6645.1 -4846.5 0.0
-6657.9 -4854.3 -0.0
-6670.7 -4862.2 -0.1
-6683.5 -4870.0 -0.2
-6690.6 -4857.4 0.0
-6697.5 -4844.1 0.2
-6704.4 -4830.8 0.4
-6711.3 -4817.5 0.6
-6718.2 -4804.2 0.8
-6726.6 -4787.8 1.1
5710.6 -3383.6 23.7
5740.0 -3387.9 23.7
5542.6 -3585.7 25.7
5557.3 -3582.9 25.5
5572.0 -3580.1 25.3
5586.8 -3577.3 25.1
5601.5 -3574.4 24.8
5623.4 -3570.2 24.5
-6281.3 -8148.6 8.0
-6281.2 -8163.6 7.6
-6281.1 -8178.6 7.1
-6281.0 -8193.6 6.7
-6255.1 -8194.6 6.8
-6400.4 -8155.7 7.1
-6385.5 -8157.4 7.2
-6370.6 -8159.0 7.4
-6355.7 -8160.7 7.4
-6340.8 -8162.4 7.4
-6325.9 -8164.1 7.4
-6311.0 -8165.8 7.4
-6294.7 -8167.6 7.4
-6403.9 -8162.8 7.0
-6389.0 -8164.5 7.1
-6374.1 -8166.2 7.1
-6359.2 -8167.8 7.1
-6344.3 -8169.5 7.1
-6329.4 -8171.2 7.2
-6314.5 -8172.8 7.2
-6291.5 -8175.4 7.2
3251.8 4411.7 9.4
3239.7 4420.6 9.3
3227.6 4429.5 9.1
3215.6 4438.4 8.9
3203.5 4447.3 9.3
3191.4 4456.2 10.4
3179.4 4465.2 11.5
3161.4 4478.4 13.0
-6194.6 -7195.0 5.3
-6189.5 -7209.1 5.2
-6184.3 -7223.2 5.2
-6179.2 -7237.3 5.5
-6174.1 -7251.4 5.4
-6169.0 -7265.5 5.3
-6163.8 -7279.6 5.3
-6158.7 -7293.7 5.3
-6153.6 -7307.8 5.3
-6149.1 -7322.1 5.3
-6144.7 -7336.5 5.3
-6140.4 -7350.8 5.3
-6136.1 -7365.2 5.3
-6131.8 -7379.6 5.3
-6127.5 -7393.9 5.3
-6119.1 -7422.0 5.3
-6735.6 -7845.9 6.0
-6730.3 -7831.8 6.2
-6725.0 -7817.8 6.0
-6719.7 -7803.7 5.6
-6714.4 -7789.7 5.1
-6705.6 -7785.5 5.1
-6687.2 -7807.2 6.3
-6683.2 -7930.4 6.3
-6719.8 -7916.6 5.8
-6659.4 -7803.7 6.7
-6650.2 -7791.8 6.4
-6641.0 -7779.9 6.1
-6631.8 -7768.1 5.5
-6622.6 -7756.2 4.7
-6613.4 -7744.4 4.2
-6604.2 -7732.5 4.1
-6593.4 -7732.9 4.1
-6581.3 -7741.9 4.2
-6569.3 -7750.8 4.6
-6557.3 -7759.7 5.3
-6534.0 -7777.0 6.4
-6520.8 -8510.2 9.1
-6490.8 -8514.0 9.2
-6653.7 -8701.8 10.8
-6668.1 -8705.9 10.8
-6682.6 -8710.1 10.9
-6697.7 -8714.4 11.0
-2056.2 -6761.3 9.5
-2041.5 -6758.3 9.5
-2026.8 -6755.2 9.4
-2012.1 -6752.2 9.4
-1997.4 -6749.1 9.3
-1982.7 -6746.1 9.3
-1968.0 -6743.0 9.4
-1953.4 -6740.0 9.4
-1938.7 -6736.9 9.4
-1924.0 -6733.9 9.4
-1911.9 -6736.6 9.5
-1904.5 -6749.7 9.7
-1897.0 -6762.7 9.8
-1889.6 -6775.7 10.0
-1881.0 -6788.0 10.2
-1876.4 -6802.3 10.2
-1871.3 -6818.9 10.0
-2339.2 -6905.5 10.0
-2324.4 -6903.0 10.1
-2309.6 -6900.5 10.2
-2294.8 -6898.0 10.2
-2280.0 -6895.5 10.3
-2265.3 -6893.0 10.0
-2250.5 -6890.5 10.1
-2235.7 -6888.0 10.0
-2220.9 -6885.5 9.8
-2206.1 -6883.0 9.6
-2191.3 -6880.4 9.6
-2176.6 -6877.7 9.7
-2161.8 -6875.0 9.8
-2147.1 -6872.3 9.8
-2132.3 -6869.6 9.9
-2117.6 -6866.9 10.0
-2102.8 -6864.1 10.1
-2088.1 -6861.3 10.1
-2073.3 -6858.6 10.0
-2058.6 -6855.8 10.0
-2043.8 -6853.1 10.0
-2029.1 -6850.3 10.0
-2014.3 -6847.5 10.0
-1999.6 -6844.8 10.0
-1984.8 -6842.1 10.0
-1970.1 -6839.4 10.0
-1955.3 -6836.7 10.0
-1940.6 -6834.0 10.0
-1925.8 -6831.3 10.0
-1911.1 -6828.7 10.0
-1881.7 -6823.1 10.0
-2390.0 -6910.5 9.7
-2375.1 -6908.9 9.8
-2360.1 -6907.3 9.9
-2343.1 -6905.6 10.0
-1845.5 -6907.6 9.7
-1841.9 -6922.2 9.7
-1838.3 -6936.7 9.7
-1833.3 -6956.8 9.7
-2930.3 -5703.7 8.0
-2917.1 -5696.7 8.4
-2903.8 -5689.7 8.8
-2890.6 -5682.7 9.2
-2877.3 -5675.6 9.6
-2864.1 -5668.6 10.0
-2850.8 -5661.6 10.4
-2825.3 -5648.1 11.2
-2984.2 -5488.8 15.5
-2977.2 -5502.1 16.4
-2970.3 -5515.4 16.5
-2963.4 -5528.7 16.0
-2954.5 -5535.8 15.7
-2936.2 -5525.7 16.3
-2999.1 -5484.7 14.8
-2991.8 -5497.8 15.6
-2984.4 -5510.8 16.5
-2977.0 -5523.9 16.1
-2963.2 -5548.4 15.0
-5515.8 -7763.5 3.2
-5509.9 -7777.3 3.2
-5498.5 -7804.0 3.3
-2734.3 8480.7 31.2
-2729.5 8494.9 31.1
-2724.6 8509.1 31.0
-2717.2 8530.3 31.0
-4879.3 -7586.9 5.6
-4887.7 -7593.9 5.6
-4895.6 -7602.6 5.6
-4903.0 -7612.4 5.7
-4911.5 -7628.1 5.7
-4919.7 -7640.8 5.7
-4927.3 -7649.3 5.8
-4752.2 -7596.5 5.9
-4763.3 -7600.2 5.9
-4776.6 -7601.7 5.9
-4783.3 -7601.6 5.9
-4790.4 -7600.6 5.9
-4804.3 -7595.7 5.8
-4812.6 -7591.6 5.8
-4817.8 -7589.4 5.8
-4824.3 -7587.5 5.7
-4844.4 -7583.8 5.7
-4863.8 -7581.9 5.6
-4870.8 -7582.2 5.6
-1998.9 3907.7 2.9
-2002.4 3919.6 2.9
-2008.7 3930.8 2.8
-2020.4 3951.8 2.9
-2037.5 3978.6 3.5
-2044.6 3991.2 3.7
-2050.4 4003.0 4.0
-1867.8 3524.5 6.0
-1870.7 3539.2 6.3
-1873.7 3553.9 6.5
-1877.0 3568.5 6.8
-1880.2 3583.2 7.0
-1883.8 3597.7 7.1
-1888.1 3612.1 6.8
-1892.2 3626.5 6.5
-1896.0 3641.0 6.2
-1900.4 3655.4 5.9
-1905.5 3669.5 5.6
-1910.7 3683.6 5.4
-1915.0 3697.9 5.5
-1919.6 3712.2 5.5
-1924.9 3726.2 4.8
-1930.1 3740.3 4.1
-1935.3 3754.4 3.4
-1940.6 3768.4 3.1
-1945.8 3782.5 2.8
-1951.5 3796.3 2.4
-1957.7 3810.0 2.0
-1963.8 3823.7 2.3
-1970.0 3837.4 2.6
-1975.8 3851.2 2.8
-1981.7 3865.0 3.1
-1988.0 3878.6 3.0
-1994.5 3892.1 3.0
-1998.9 3907.7 2.9
-1900.1 3654.5 5.9
-1912.9 3662.3 5.6
-1925.0 3670.9 5.3
-1934.7 3682.4 5.5
-1940.1 3696.2 5.5
-1946.8 3715.9 5.6
-2132.0 2666.1 5.5
-2127.7 2680.5 5.2
-2123.5 2694.9 4.9
-2119.6 2709.4 4.5
-2115.7 2723.8 4.2
-2111.8 2738.3 3.7
-2107.9 2752.8 3.2
-2103.2 2767.0 2.7
-2097.9 2781.1 2.5
-2092.3 2795.0 2.5
-2086.2 2808.7 2.5
-2080.3 2822.5 2.7
-2074.3 2836.2 2.9
-2067.7 2849.7 3.5
-2061.0 2863.1 4.3
-2054.3 2876.5 5.0
-2047.2 2889.8 5.7
-2039.4 2902.6 6.2
-2032.0 2915.6 6.4
-2024.6 2928.7 6.6
-2016.9 2941.5 6.9
-2009.2 2954.4 7.1
-2001.4 2967.2 7.0
-1993.6 2980.0 6.7
-1985.2 2992.5 6.4
-1977.2 3005.1 6.0
-1969.4 3018.0 5.7
-1961.9 3030.9 5.5
-1953.9 3043.6 5.3
-1946.0 3056.3 6.4
-1939.6 3069.8 7.3
-1933.3 3083.4 7.6
-1927.1 3097.1 7.9
-1921.4 3111.0 8.1
-1915.7 3124.9 8.5
-1910.1 3138.8 9.0
-1904.6 3152.7 9.5
-1899.2 3166.7 10.0
-1894.4 3181.0 10.6
-1887.2 3203.3 10.7
-1793.5 1850.6 4.1
-1804.2 1861.1 4.1
-1815.0 1871.5 4.1
-1824.9 1882.8 4.0
-1834.5 1894.3 4.3
-1844.1 1905.9 4.4
-1853.6 1917.4 4.5
-1866.4 1932.9 4.7
-1962.7 2087.0 7.8
-1970.5 2099.8 7.9
-1978.1 2112.7 8.0
-1983.8 2126.6 8.2
-1989.5 2140.5 8.4
-1995.2 2154.4 8.6
-1998.8 2168.9 8.8
-2002.0 2183.6 9.0
-2005.1 2198.2 9.1
-2008.3 2212.9 9.1
-2012.0 2227.4 9.1
-2016.1 2241.8 9.0
-2020.1 2256.3 8.8
-2024.2 2270.7 8.5
-2028.2 2285.2 8.2
-2031.6 2299.8 7.8
-2034.7 2314.5 7.5
-2037.8 2329.1 7.2
-2040.9 2343.8 6.9
-2043.6 2358.6 6.5
-2046.1 2373.4 6.0
-2047.8 2388.3 5.5
-2049.2 2403.2 5.0
-2050.1 2418.2 4.5
-2050.9 2433.1 4.0
-2051.7 2448.1 4.0
-2052.5 2463.1 4.2
-2053.3 2478.1 4.5
-2053.2 2493.1 4.8
-2053.1 2508.1 5.0
-2052.8 2523.1 5.3
-2052.3 2538.1 5.5
-2051.8 2553.1 5.5
-2050.3 2568.0 5.6
-2048.2 2589.0 5.8
3430.3 -6688.9 36.7
3423.6 -6675.5 36.4
3416.8 -6662.1 36.1
3410.1 -6648.7 35.8
3403.3 -6635.3 35.8
3396.6 -6622.0 35.6
3383.5 -6595.9 34.7
826.7 2430.2 14.0
826.3 2439.9 14.2
834.2 2430.5 14.0
833.8 2440.2 14.3
1009.9 2440.6 20.1
1008.6 2454.6 21.3
1003.5 2439.9 19.8
1002.1 2453.9 20.9
930.2 2448.6 16.9
931.0 2435.7 15.8
916.0 2434.8 15.0
915.2 2447.5 16.1
-2353.8 -1942.9 10.1
-2352.7 -1957.8 10.1
-2351.5 -1972.8 10.2
-2350.4 -1987.7 10.2
-2349.2 -2002.7 10.2
-2348.0 -2017.6 10.2
-2352.5 -2027.7 10.2
-2379.8 -2029.5 10.3
-2409.8 -2021.9 10.4
-2424.8 -2022.5 10.4
-2439.8 -2023.1 10.5
-2447.0 -2015.3 10.4
-2447.6 -2000.4 10.4
-2448.2 -1985.4 10.3
-2448.8 -1970.4 10.3
-2450.0 -1940.4 10.3
-2429.7 -1937.3 10.2
-2409.4 -2031.4 10.3
-2424.4 -2032.0 10.4
-2454.3 -2033.2 10.5
-2454.9 -2018.2 10.5
-2455.5 -2003.2 10.4
-2456.1 -1988.2 10.4
-2456.7 -1973.2 10.3
-2457.9 -1943.3 10.3
-2455.6 -1930.8 10.3
-2440.7 -1929.9 10.3
-2425.7 -1929.0 10.2
-2410.7 -1928.1 10.2
-2395.8 -1927.2 10.2
-2380.8 -1926.3 10.1
-2353.5 -1924.6 10.1
-2380.4 -1934.3 10.2
-2363.4 -1933.3 10.1
3639.7 -6760.3 39.5
3667.2 -6732.4 39.4
3683.5 -6715.9 39.3
3677.0 -6707.3 39.2
-5662.3 6649.2 3.2
-5671.6 6637.5 2.8
-5680.9 6625.8 2.9
-5690.3 6614.0 2.9
-5699.6 6602.3 3.0
-5709.0 6590.6 3.1
-5718.3 6578.8 3.1
-5727.6 6567.1 3.2
-5737.0 6555.3 3.2
-5748.3 6541.1 3.3
-5864.2 6173.2 6.9
-5875.2 6163.1 6.9
-5886.3 6152.9 6.9
-5897.4 6142.8 7.0
-5908.5 6132.7 7.0
-5922.8 6119.8 7.0
-5452.4 6206.0 4.4
-5457.0 6217.0 4.2
-5446.5 6227.7 4.1
-5436.0 6238.4 4.0
-5427.4 6249.1 3.9
-5437.5 6260.2 3.9
-5447.6 6271.2 4.1
-5457.8 6282.2 4.1
-5468.5 6284.9 4.1
-5479.8 6275.1 4.3
-5491.2 6265.2 4.5
-5508.3 6250.4 4.5
-5740.2 6269.8 6.8
-5729.2 6259.7 6.7
-5718.1 6249.6 6.6
-5707.0 6239.5 6.4
-5695.9 6229.4 6.2
-5684.8 6219.3 6.1
-5674.4 6229.6 6.0
-5663.9 6240.4 5.9
-5653.5 6251.2 5.8
-5643.1 6262.0 5.8
-5632.7 6272.8 5.7
-5622.3 6283.6 5.6
-5611.9 6294.4 5.5
-5601.4 6305.2 5.3
-5591.0 6316.0 5.0
-5580.6 6326.8 4.8
-5570.2 6337.5 4.6
-5559.8 6348.3 4.4
-5547.3 6361.2 4.2
-6040.6 6492.5 5.2
-6027.7 6484.8 4.8
-6014.8 6477.1 4.5
-6001.9 6469.4 4.1
-5989.1 6461.7 3.7
-5976.2 6454.0 3.8
-5961.4 6445.2 3.9
-5853.7 6430.3 4.3
-5843.7 6441.5 3.9
-5833.8 6452.7 3.7
-5823.8 6463.9 3.7
-5813.8 6475.1 3.6
-5826.4 6482.9 3.6
-5839.4 6490.3 3.6
-5853.2 6495.6 3.7
-5863.1 6484.4 3.7
-5873.0 6473.1 3.8
-5883.0 6461.9 3.8
-5892.9 6450.7 3.9
-5902.8 6439.4 3.9
-5912.8 6428.2 4.0
-5922.7 6416.9 4.1
-5933.1 6409.5 4.3
-5948.4 6420.2 4.1
-5585.2 6603.4 3.3
-5585.3 6602.2 3.2
-5586.5 6592.7 3.2
-5588.5 6589.1 3.2
-5591.5 6577.8 3.1
-5591.3 6576.9 3.0
-5588.5 6573.5 3.0
-5584.5 6566.4 2.9
-5579.5 6556.6 2.8
-5574.1 6549.9 2.8
-5553.3 6537.2 2.7
-5543.3 6532.3 2.5
-5531.3 6532.4 2.5
-5514.8 6537.2 2.5
-5495.6 6544.9 2.4
-4052.7 -5138.5 9.3
-4066.9 -5143.2 9.5
-4081.1 -5148.0 9.6
-4095.3 -5152.8 9.8
-4109.6 -5157.6 9.9
-4123.8 -5162.4 10.1
-4138.0 -5167.1 10.2
-4152.2 -5171.9 10.3
-4166.4 -5176.7 10.5
-4180.7 -5181.5 10.7
-4194.9 -5186.2 10.9
-4209.1 -5191.0 11.1
-4223.3 -5195.8 11.2
-4237.5 -5200.6 11.2
-4251.7 -5205.4 11.3
-4266.0 -5210.1 11.3
-4280.2 -5214.9 11.4
-4294.4 -5219.7 11.5
-4308.6 -5224.5 11.5
-4322.8 -5229.3 11.6
-4337.0 -5234.1 11.7
-4351.3 -5238.9 11.7
-4365.5 -5243.6 11.8
-4379.7 -5248.4 11.9
-4393.9 -5253.2 11.9
-4408.1 -5258.0 12.0
-4422.3 -5262.8 12.1
-4436.6 -5267.6 12.1
-4454.9 -5273.7 12.2
-4050.4 -5144.1 9.3
-4064.6 -5148.8 9.5
-4078.9 -5153.6 9.6
-4093.1 -5158.4 9.8
-4107.3 -5163.2 9.9
-4121.5 -5167.9 10.0
-4135.7 -5172.7 10.2
-4150.0 -5177.5 10.3
-4164.2 -5182.3 10.5
-4178.4 -5187.1 10.7
-4192.6 -5191.8 10.9
-4206.8 -5196.6 11.1
-4221.1 -5201.4 11.1
-4235.3 -5206.2 11.2
-4249.5 -5210.9 11.2
-4263.7 -5215.7 11.3
-4277.9 -5220.5 11.4
-4292.1 -5225.3 11.4
-4306.4 -5230.1 11.5
-4320.6 -5234.9 11.6
-4334.8 -5239.7 11.6
-4349.0 -5244.4 11.7
-4363.2 -5249.2 11.8
-4377.4 -5254.0 11.8
-4391.6 -5258.8 11.9
-4405.9 -5263.6 11.9
-4420.1 -5268.4 12.0
-4434.3 -5273.2 12.1
-4453.0 -5279.5 12.2
-4001.8 -4820.5 7.8
-4002.0 -4835.5 7.9
-4002.2 -4850.5 8.1
-4002.5 -4865.5 8.3
-4002.7 -4880.5 8.5
-4003.0 -4895.5 8.8
-4003.2 -4910.5 9.0
-4003.4 -4925.5 9.2
-4004.3 -4940.4 9.5
-4017.7 -4943.8 9.6
-4045.9 -4947.6 9.9
-4464.8 -5319.0 11.9
-4459.9 -5335.7 11.5
-4459.3 -5346.9 11.3
-4461.2 -5357.3 11.0
-4468.4 -5364.5 10.9
-4480.9 -5372.8 10.9
-4509.6 -5387.7 10.7
-4525.7 -5392.2 10.7
-4540.6 -5393.8 10.8
-4546.3 -5390.8 10.9
-4552.8 -5383.1 11.0
-4557.9 -5377.6 11.2
-4561.6 -5370.8 11.3
-4566.0 -5358.3 11.5
-4568.0 -5346.7 11.8
-4567.8 -5330.0 12.2
-4568.3 -5318.9 12.4
-4569.8 -5299.2 12.9
-4577.6 -5260.6 14.3
-4577.2 -5257.0 14.4
-4575.4 -5253.6 14.3
-4571.8 -5250.6 14.0
-4558.5 -5246.5 13.0
-4541.4 -5241.7 12.5
-4525.0 -5238.1 12.5
-4509.6 -5236.6 12.4
-4502.2 -5238.6 12.4
-4493.2 -5243.2 12.4
-4487.7 -5247.4 12.4
-4482.7 -5252.9 12.4
-4476.9 -5263.0 12.4
-4473.8 -5271.2 12.3
-4472.8 -5275.8 12.3
-4470.3 -5287.2 12.2
-4471.5 -5302.0 12.2
-5668.1 -2426.8 7.4
-5654.9 -2434.0 7.5
-5641.6 -2440.9 7.7
-5628.2 -2447.7 7.8
-5614.8 -2454.5 7.8
-5601.5 -2461.3 7.6
-5588.1 -2468.1 7.5
-5574.7 -2474.9 7.3
-5561.4 -2481.7 7.2
-5548.1 -2488.6 7.1
-5534.8 -2495.7 7.0
-5521.6 -2502.8 6.9
-5508.4 -2509.8 6.8
-5486.1 -2521.1 6.2
-3472.1 -5880.2 7.5
-3464.6 -5893.2 7.5
-3457.1 -5906.2 7.5
-3449.6 -5919.1 7.5
-3442.1 -5932.1 7.6
-3434.6 -5945.1 7.7
-3427.1 -5958.1 8.0
-3418.8 -5972.4 8.2
-2656.8 -5883.6 8.6
-2646.5 -5872.7 8.6
-2636.2 -5861.8 8.6
-2625.9 -5850.9 8.6
-2615.6 -5840.0 8.7
-2605.3 -5829.1 8.7
-2594.9 -5818.2 8.7
-2584.6 -5807.3 8.7
-2574.3 -5796.4 8.7
-2564.0 -5785.5 8.9
-2553.7 -5774.6 9.3
-2543.4 -5763.7 9.7
-2524.3 -5743.5 10.5
-3298.4 5031.6 9.4
-3305.8 5044.6 9.0
-3313.5 5057.5 8.5
-3321.3 5070.3 8.1
-3329.1 5083.1 7.6
-3337.0 5095.9 7.2
-3344.8 5108.7 6.7
-3353.9 5120.5 6.1
-3364.0 5131.6 5.7
-3374.0 5142.7 5.2
-3384.1 5153.8 4.7
-3394.2 5164.9 4.4
-3405.1 5175.2 4.3
-3416.2 5185.4 4.4
-3427.2 5195.5 4.5
-3438.3 5205.7 4.7
-3449.4 5215.7 4.9
-3461.3 5224.8 5.0
-3473.2 5233.9 5.0
-3485.1 5243.1 5.1
-3497.4 5251.7 5.1
-3509.8 5260.2 5.1
-3522.1 5268.7 5.1
-3534.6 5276.9 5.1
-3547.5 5284.7 5.2
-3560.4 5292.4 5.3
-3573.2 5300.1 5.4
-3586.1 5307.9 5.5
-3599.3 5315.0 5.6
-3612.7 5321.6 5.7
-3626.1 5328.3 5.8
-3639.6 5335.0 5.7
-3653.0 5341.6 5.5
-3666.8 5347.4 5.4
-3680.9 5352.5 5.3
-3695.0 5357.7 5.2
-3709.1 5362.9 5.1
-3723.2 5368.0 5.4
-3737.3 5373.2 6.3
-3751.3 5378.4 6.4
-3765.4 5383.5 6.3
-3779.5 5388.7 6.2
-3793.4 5394.2 6.1
-3807.4 5399.8 6.0
-3821.3 5405.4 5.9
-3835.2 5410.9 5.8
-3849.1 5416.6 5.8
-3862.7 5423.0 5.8
-3876.3 5429.3 5.9
-3889.9 5435.6 5.9
-3903.5 5441.9 6.0
-3917.0 5448.5 6.0
-3930.3 5455.4 6.1
-3943.7 5462.2 5.8
-3957.1 5469.0 5.6
-3970.3 5476.0 5.4
-3982.7 5484.4 5.2
-3995.2 5492.8 5.0
-4007.6 5501.2 4.7
-4020.0 5509.6 4.5
-4032.4 5518.0 4.2
-4044.8 5526.4 4.2
-4057.3 5534.8 4.2
-4069.2 5543.9 4.3
-4080.6 5553.6 4.4
-4092.1 5563.3 4.5
-4103.5 5573.0 4.6
-4115.0 5582.7 4.2
-4126.5 5592.3 3.8
-4137.9 5602.0 3.8
-4149.4 5611.7 3.9
-4160.4 5621.9 3.9
-4171.3 5632.2 3.9
-4182.3 5642.4 4.0
-4193.3 5652.6 3.9
-4204.3 5662.8 3.9
-4215.3 5672.9 3.8
-4226.3 5683.1 3.7
-4237.4 5693.3 3.6
-4248.4 5703.5 3.5
-4259.4 5713.7 3.4
-4270.4 5723.8 3.3
-4281.4 5734.0 3.3
-4292.4 5744.2 3.2
-4303.5 5754.4 3.1
-4314.4 5764.6 3.0
-4325.3 5774.9 2.8
-4336.3 5785.2 3.1
-4347.2 5795.5 3.3
-4358.1 5805.7 3.6
-4369.0 5816.0 3.9
-4380.0 5826.3 4.2
-4390.9 5836.6 4.5
-4401.8 5846.9 4.7
-4412.7 5857.1 4.6
-4423.7 5867.4 4.3
-4434.6 5877.7 3.9
-4445.5 5888.0 3.6
-4456.4 5898.3 3.3
-4467.4 5908.5 2.9
-4478.3 5918.8 2.6
-4489.2 5929.1 2.1
-4500.1 5939.4 1.4
-4511.3 5949.4 0.7
-4522.4 5959.4 0.1
-4533.6 5969.4 -0.6
-4544.8 5979.4 -0.5
-4556.0 5989.4 1.0
-4567.2 5999.4 2.5
-4578.4 6009.4 3.9
-4589.6 6019.4 5.4
-4604.8 6033.0 7.5
-4873.5 6259.8 4.1
-4885.2 6269.2 4.0
-4896.9 6278.6 4.0
-4908.6 6288.0 4.0
-4920.7 6296.8 4.0
-4932.8 6305.6 4.0
-4944.9 6314.5 3.9
-4957.1 6323.3 3.8
-4969.2 6332.2 3.7
-4981.3 6341.0 3.6
-4993.4 6349.9 3.5
-5005.5 6358.7 3.3
-5017.8 6367.3 3.2
-5030.3 6375.7 3.1
-5042.7 6384.1 3.2
-5055.1 6392.4 3.3
-5067.6 6400.8 3.5
-5080.0 6409.2 3.7
-5092.4 6417.6 3.9
-5104.9 6426.0 4.0
-5117.3 6434.4 4.2
-5129.8 6442.6 4.3
-5142.4 6450.9 4.3
-5158.8 6461.7 4.6
-4319.2 6448.4 3.1
-4306.2 6455.9 3.1
-4293.2 6463.4 3.0
-4280.2 6470.9 2.9
-4267.2 6478.4 2.9
-4249.3 6488.7 2.8
-4391.9 6002.7 -0.3
-4413.0 6026.3 1.3
-4425.1 6045.4 3.0
-4437.0 6056.3 4.0
-4389.7 6004.7 -0.3
-4410.6 6028.1 1.4
-4422.6 6047.0 3.1
-6487.8 -4581.3 9.1
-6479.2 -4593.6 7.8
-6470.6 -4605.9 6.4
-6455.8 -4626.9 4.0
-6533.6 -4583.5 10.7
-6525.1 -4595.9 9.3
-6516.7 -4608.3 7.9
-6508.3 -4620.7 6.6
-6499.8 -4633.1 5.2
-6488.9 -4649.2 3.4
-6746.9 -5113.6 3.5
-6759.6 -5105.6 3.8
-6772.3 -5097.7 4.0
-6784.9 -5089.6 4.2
-6796.4 -5080.0 4.4
-6807.9 -5070.3 4.5
-6819.4 -5060.7 4.6
-6830.9 -5051.1 4.8
-6843.3 -5040.8 4.9
-6417.2 -4271.3 2.2
-6423.9 -4257.4 2.5
-5828.1 -5714.6 6.9
-5813.9 -5709.6 6.6
-5799.8 -5704.7 6.4
-5785.6 -5699.7 6.1
-5771.5 -5694.7 5.9
-5757.5 -5689.3 5.7
-5744.0 -5682.7 5.5
-5730.5 -5676.2 5.3
-5717.0 -5669.7 5.1
-5701.2 -5662.1 4.8
-5843.7 -5662.1 5.9
-5829.9 -5656.2 5.7
-5816.2 -5650.2 5.5
-5802.4 -5644.3 5.3
-5788.6 -5638.3 5.1
-5774.9 -5632.3 4.9
-5761.1 -5626.4 4.7
-5747.3 -5620.4 4.4
-5728.7 -5612.4 4.1
-5856.1 -5597.0 5.0
-5842.2 -5591.3 4.8
-5828.3 -5585.7 4.7
-5814.3 -5580.1 4.5
-5800.4 -5574.5 4.4
-5786.5 -5568.9 4.2
-5772.6 -5563.3 4.0
-5758.7 -5557.7 3.9
-5743.8 -5551.7 3.7
-5887.8 -5538.5 4.9
-5873.7 -5533.3 4.7
-5859.7 -5528.0 4.6
-5845.6 -5522.8 4.4
-5831.6 -5517.6 4.3
-5811.5 -5510.1 4.0
-5886.3 -5452.4 4.3
-5872.5 -5446.6 4.1
-5847.4 -5436.0 3.8
-5889.5 -5419.8 4.3
-5863.5 -5406.1 3.8
-5787.6 -5280.1 3.3
-5777.8 -5291.5 3.0
-5768.0 -5302.9 2.8
-5758.3 -5314.2 2.6
-5748.5 -5325.6 2.6
-5738.7 -5337.0 2.6
-5728.9 -5348.4 2.6
-5719.6 -5354.0 2.6
-5711.5 -5341.4 2.5
-5703.5 -5328.7 2.4
-5695.5 -5316.0 2.3
-5687.5 -5303.3 2.2
-5679.5 -5290.6 2.1
-5668.5 -5273.3 2.0
-5783.1 -5256.7 3.8
-5795.7 -5264.9 3.9
-5808.2 -5273.1 4.0
-5820.8 -5281.3 3.9
-5840.5 -5294.1 3.8
-5839.8 -5209.2 5.5
-5825.6 -5214.1 5.3
-5811.4 -5218.9 5.1
-5789.1 -5226.6 4.7
-5828.5 -5160.2 6.3
-5814.6 -5165.8 6.2
-5800.7 -5171.5 6.0
-5786.8 -5177.1 5.8
-5764.3 -5186.2 5.2
-5880.0 -5249.6 4.9
-5874.0 -5235.8 5.1
-5867.9 -5222.1 5.4
-5861.9 -5208.4 5.6
-5855.9 -5194.6 5.9
-5849.8 -5180.9 6.3
-5843.8 -5167.2 6.3
-5837.8 -5153.4 6.4
-5831.2 -5138.3 6.5
-5752.6 -5134.6 5.8
-5767.6 -5133.3 6.2
-5782.5 -5132.1 6.2
-5797.5 -5130.8 6.3
-5812.4 -5129.6 6.4
-5827.4 -5128.3 6.5
-5842.2 -5126.3 6.6
-5857.1 -5124.5 6.7
-5872.1 -5125.6 6.7
-5887.0 -5126.7 6.8
-5902.0 -5127.8 6.7
-5916.9 -5128.9 6.5
-5931.2 -5133.4 6.5
-5945.5 -5138.0 6.4
-5959.8 -5142.6 6.3
-5974.1 -5147.1 6.3
-5988.4 -5151.7 6.2
-6002.7 -5156.3 6.1
-6015.2 -5164.2 6.2
-6027.1 -5173.3 6.3
-6039.0 -5182.4 6.3
-6051.0 -5191.5 6.4
-6062.9 -5200.6 6.5
-6077.6 -5211.9 6.6
-6051.7 -5164.7 5.7
-6056.7 -5150.6 5.3
-6061.7 -5136.5 4.9
-6066.8 -5122.3 4.5
-6071.8 -5108.2 4.1
-6076.8 -5094.1 3.6
-6072.4 -5082.9 3.4
-6060.3 -5074.0 3.4
-6048.2 -5065.1 3.3
-6042.8 -5074.8 3.6
-6039.2 -5089.4 4.0
-6035.6 -5104.0 4.4
-6032.0 -5118.5 4.8
-6028.4 -5133.1 5.2
-6023.9 -5151.5 5.8
-6016.0 -5135.3 5.4
-6018.8 -5120.6 5.0
-6021.7 -5105.9 4.6
-6024.6 -5091.1 4.2
-6027.4 -5076.4 3.8
-6030.3 -5061.7 3.4
-6033.1 -5047.0 3.0
-6036.0 -5032.2 2.4
-6038.9 -5017.5 0.7
-6034.5 -5005.9 -0.5
-6021.9 -4997.6 -0.4
-5999.1 -4982.6 -0.2
-6081.0 -4981.5 -0.6
-6092.0 -4971.4 -0.6
-6103.1 -4961.3 -0.6
-6114.2 -4951.2 -0.6
-6125.3 -4941.1 -0.6
-6136.4 -4931.0 -0.6
-6147.5 -4920.9 -0.6
-6158.6 -4910.8 -0.6
-6169.7 -4900.7 -0.5
-6180.8 -4890.6 -0.5
-6177.8 -4883.8 -0.5
-6163.4 -4879.6 -0.4
-6149.0 -4875.4 -0.3
-6134.6 -4871.2 -0.2
-6120.2 -4867.0 -0.1
-6105.8 -4862.8 0.0
-6091.4 -4858.7 0.1
-6077.0 -4854.5 0.2
-6062.6 -4850.3 0.3
-6048.1 -4846.1 0.4
-6033.7 -4841.9 0.5
-6019.3 -4837.7 0.6
-6003.9 -4833.3 0.7
-6338.9 -4459.8 8.4
-6345.2 -4446.2 6.8
-6351.4 -4432.6 4.7
-6357.7 -4418.9 2.7
-6362.7 -4405.0 2.0
-6364.5 -4387.8 1.9
-6769.9 -4750.4 5.5
-6769.4 -4735.4 6.8
-6768.9 -4720.4 8.0
-6768.4 -4705.5 9.3
-6768.1 -4690.5 10.6
-6769.6 -4675.6 11.9
-6772.0 -4660.8 13.1
-6774.4 -4646.0 14.3
-6776.8 -4631.2 15.5
-6779.6 -4614.3 16.9
-6762.5 -4745.7 5.7
-6761.1 -4730.7 6.9
-6759.8 -4715.8 8.2
-6759.3 -4700.8 9.4
-6759.2 -4685.8 10.7
-6761.3 -4671.0 12.1
-6763.8 -4656.2 13.4
-6766.4 -4641.4 14.8
-6770.3 -4618.4 16.7
-6622.6 -4670.7 6.7
-6630.1 -4657.7 8.1
-6637.7 -4644.8 9.5
-6645.3 -4631.8 10.9
-6657.0 -4611.7 13.1
3347.8 3480.0 7.0
3333.0 3482.0 6.7
3318.1 3483.9 6.7
3303.2 3485.9 6.7
3284.6 3488.3 6.6
3450.0 3438.7 7.6
3448.8 3479.0 8.4
3445.5 3483.3 8.4
6701.2 8160.9 17.3
6864.0 8168.4 18.8
6847.7 8172.9 18.6
6686.4 8175.0 17.5
6812.2 8188.1 18.2
6678.5 8185.8 17.7
6829.2 8199.0 18.3
6786.5 8206.3 18.1
6774.1 8197.9 18.0
6707.5 8198.0 17.6
6829.9 8213.4 18.5
6742.5 8212.1 17.9
6731.3 8221.3 17.9
6678.3 8220.2 18.2
6905.4 8229.4 19.0
6895.9 8227.7 19.0
6815.7 8228.4 18.5
6776.1 8234.8 18.3
6714.4 8232.8 17.9
6697.8 8231.9 18.1
6651.6 8235.4 18.6
6888.5 8249.3 19.2
6879.6 8243.5 19.1
6848.0 8250.2 19.0
6797.3 8250.0 18.5
6791.8 8250.2 18.4
6767.8 8244.7 18.1
6754.0 8250.0 17.7
6723.3 8242.5 17.8
6708.9 8243.6 17.9
6671.8 8243.7 18.4
6924.3 8266.1 19.4
6872.7 8261.7 19.2
6842.4 8258.2 19.0
6786.0 8259.5 18.0
6707.8 8256.4 17.9
6680.4 8263.8 18.2
6894.1 8278.6 19.3
6783.0 8278.2 17.4
6895.4 8294.3 19.3
6815.3 8293.9 17.9
6727.9 8287.1 17.6
6866.6 8306.6 19.2
6829.1 8305.9 18.7
6797.6 8307.3 17.6
6784.9 8307.5 17.1
6848.0 8317.0 19.0
-4961.4 1530.4 6.0
-4948.1 1547.0 6.4
-4912.4 1567.0 6.8
-4869.8 1576.4 7.2
-4895.1 1580.4 7.1
-4855.9 1591.8 7.5
-4870.2 1588.9 7.3
-4827.0 1608.4 7.8
-4871.4 1606.5 7.4
-4896.8 1608.2 7.2
-4783.2 1622.2 8.3
-4797.3 1619.9 8.1
-4827.6 1622.2 7.9
-4880.9 1622.0 7.3
-4736.8 1632.5 8.8
-4748.2 1640.2 8.7
-4779.3 1641.9 8.4
-5786.9 5595.6 7.2
-5787.8 5610.9 7.0
-5802.1 5612.2 7.0
-5824.2 5608.9 6.9
-5791.2 5632.0 6.9
-6003.2 5627.5 6.0
-5928.9 5643.9 6.6
-5944.2 5639.6 6.5
-5986.4 5647.5 6.0
-6011.8 5643.0 5.9
-6063.9 5645.0 5.3
-5854.2 5654.6 7.6
-5865.7 5660.0 7.2
-5910.1 5662.8 6.3
-5923.8 5660.4 6.3
-6002.8 5657.3 5.6
-5823.3 5669.9 7.7
-5831.0 5677.7 7.8
-5864.4 5670.2 7.2
-5898.7 5676.6 6.3
-6015.9 5673.4 5.3
-6049.0 5673.6 5.0
-6075.2 5678.7 4.8
-5846.7 5688.4 7.8
-5860.8 5689.8 7.3
-6015.9 5684.5 5.2
-6044.5 5689.4 4.9
-6085.8 5686.4 4.6
-6107.9 5687.3 4.7
-5930.6 5702.4 5.8
-5951.4 5708.3 5.5
-6005.1 5705.7 5.1
-6041.3 5699.2 4.9
-6059.4 5702.5 4.7
-6123.2 5702.6 4.8
-5851.7 5719.4 7.6
-5895.9 5721.1 5.9
-5906.3 5722.1 5.8
-5925.1 5720.3 5.6
-5972.0 5721.7 5.2
-6004.7 5718.2 5.0
-6095.0 5717.3 4.8
-6103.1 5722.3 4.9
-5998.9 5730.5 4.9
-6045.8 5733.8 4.8
-6110.3 5733.9 4.9
-6180.3 5735.4 5.1
-6214.4 5733.2 5.2
-6224.3 5736.5 5.2
-5878.6 5751.3 6.4
-5912.7 5749.2 5.5
-5942.3 5747.5 5.2
-5958.6 5749.7 5.1
-5965.9 5750.7 5.0
-6003.4 5751.7 4.8
-6027.3 5749.7 4.9
-6077.4 5745.3 4.9
-6100.8 5745.0 5.0
-6184.3 5753.1 5.2
-6192.0 5744.5 5.2
-5907.0 5765.8 5.4
-6048.3 5759.9 5.0
-6095.0 5762.9 5.1
-6102.6 5763.6 5.1
-6122.1 5762.1 5.1
-6136.3 5759.8 5.2
-6169.7 5768.2 5.3
-6199.8 5760.6 5.3
-6210.6 5762.8 5.3
-6229.9 5768.5 5.4
-6241.3 5759.0 5.4
-5983.7 5780.9 5.0
-6016.8 5776.8 5.0
-6074.8 5779.9 5.2
-6176.4 5782.6 5.4
-6211.2 5774.6 5.4
-5912.4 5792.6 5.1
-6025.6 5791.1 5.1
-6119.1 5791.3 5.3
-6146.7 5796.1 5.4
-6168.3 5793.1 5.4
-6177.7 5789.0 5.4
-6243.0 5789.4 5.6
-5936.9 5809.4 5.1
-5996.5 5812.3 5.3
-6013.3 5805.8 5.2
-6063.2 5805.7 5.3
-6075.4 5809.5 5.4
-6095.2 5807.2 5.4
-6116.8 5813.5 5.6
-6133.0 5808.7 5.5
-6183.4 5809.4 5.7
-5940.7 5819.0 5.2
-6123.7 5819.0 5.7
-6146.7 5828.0 5.8
-6224.6 5821.5 5.9
-6287.4 5821.1 6.0
-6304.2 5825.4 6.0
-6314.4 5819.8 5.9
-5975.5 5835.3 5.5
-5990.4 5838.9 5.6
-6033.3 5837.3 5.7
-6048.3 5837.8 5.7
-6089.2 5838.8 5.9
-6107.4 5838.2 5.9
-6161.4 5841.0 6.0
-6198.0 5840.2 6.0
-6076.8 5852.2 6.0
-6089.0 5852.2 6.0
-6110.3 5857.5 6.1
-6148.7 5850.9 6.0
-6163.5 5858.6 6.1
-6251.7 5852.8 6.2
-6347.7 5853.5 6.1
-6075.6 5869.8 6.1
-6155.0 5865.0 6.2
-6319.1 5865.0 5.8
-6001.8 5881.8 6.2
-6225.5 5884.4 6.2
-6345.7 5888.5 6.0
-6118.3 5896.8 6.4
-6137.4 5903.7 6.5
-6169.8 5901.7 6.4
-6176.9 5902.5 6.3
-6197.7 5896.4 6.2
-6212.4 5901.5 6.2
-6315.8 5894.8 5.7
-6350.1 5897.6 5.9
-6392.9 5901.2 6.1
-6059.6 5910.5 6.5
-6135.4 5908.9 6.5
-6224.8 5918.7 6.0
-6283.7 5909.9 5.8
-6303.3 5910.2 5.6
-6320.5 5910.2 5.5
-6446.6 5909.7 6.1
-6044.3 5929.5 6.6
-6078.3 5933.4 6.7
-6166.9 5928.9 6.2
-6211.0 5924.7 6.0
-6299.5 5929.2 5.1
-6326.3 5930.7 5.0
-6356.2 5932.3 5.5
-6446.8 5931.3 6.0
-6074.8 5946.3 6.6
-6116.4 5941.6 6.3
-6168.7 5940.7 6.0
-6176.3 5948.4 6.0
-6226.1 5942.1 5.6
-6364.6 5940.8 5.5
-6370.7 5941.3 5.6
-6440.1 5947.6 6.0
-6133.7 5955.9 6.2
-6206.0 5960.8 5.7
-6221.5 5957.1 5.6
-6314.7 5954.2 5.0
-6345.2 5956.4 5.2
-6355.7 5955.3 5.3
-6371.9 5963.7 5.4
-6391.9 5957.6 5.8
-6446.3 5954.1 6.0
-6461.9 5958.3 6.0
-6091.1 5972.5 6.6
-6119.5 5973.9 6.4
-6176.2 5976.7 5.9
-6198.3 5974.2 5.7
-6206.6 5978.6 5.6
-6251.2 5978.0 5.2
-6274.1 5971.1 5.0
-6289.0 5972.4 4.9
-6301.5 5970.6 4.9
-6319.7 5975.8 5.0
-6346.2 5978.3 5.2
-6390.5 5977.7 5.6
-6147.8 5993.5 6.0
-6183.1 5985.3 5.7
-6214.5 5985.5 5.4
-6244.5 5990.3 5.1
-6379.5 5993.6 5.5
-6467.5 5990.4 6.1
-6239.6 6001.9 5.1
-6330.1 6002.6 5.1
-6416.5 6005.5 6.2
-6466.1 6004.8 6.6
-6154.9 6023.3 7.2
-6388.0 6017.2 6.2
-6409.6 6023.1 6.5
-6433.4 6016.9 6.7
-6227.1 6037.4 6.5
-6295.7 6036.5 5.5
-6316.6 6035.3 5.7
-6365.3 6031.9 6.1
-6192.4 6051.5 7.7
-6273.5 6046.9 5.6
-6334.3 6048.6 6.2
-6364.5 6044.6 6.3
-6388.6 6047.7 6.6
-6417.6 6045.2 6.9
-6227.9 6060.2 7.2
-6316.0 6061.4 6.4
-6347.1 6065.5 6.8
-6243.0 6077.0 7.1
-6274.1 6074.3 6.4
-6363.8 6074.8 7.2
-6404.5 6076.6 7.6
-6422.1 6081.9 7.7
-6437.6 6075.0 7.8
-6464.8 6075.5 7.8
-6274.2 6093.3 6.9
-6285.1 6113.6 7.3
-6328.6 6111.3 7.2
-6347.7 6112.5 7.1
-6357.6 6110.2 7.1
-6440.2 6110.4 7.0
-6402.1 6120.4 6.6
-6452.2 6125.0 7.1
-6376.4 6139.4 6.1
-6405.1 6152.0 6.0
6303.4 -9018.6 28.4
6236.8 -9014.7 28.9
6315.9 -9004.4 30.2
6266.7 -9004.5 30.1
6374.4 -8987.5 30.0
6355.1 -8987.7 29.5
6345.2 -8987.2 30.6
6304.2 -8990.8 31.6
6430.0 -8970.6 29.2
6418.8 -8970.5 29.5
6386.9 -8973.0 30.2
6375.0 -8969.0 30.1
6272.3 -8971.9 33.3
6244.5 -8973.5 33.5
6228.6 -8976.1 33.5
6400.9 -8954.7 30.4
6376.8 -8954.5 30.2
6314.2 -8958.8 33.8
6240.0 -8956.7 34.7
6311.5 -8947.1 33.5
6269.4 -8940.1 35.6
6256.6 -8940.8 35.7
6450.8 -8924.7 30.4
6373.3 -8930.3 30.1
6347.9 -8932.9 29.3
6223.7 -8930.0 36.8
6212.7 -8929.5 37.0
6462.9 -8918.3 30.5
6449.8 -8915.4 30.8
6436.8 -8913.2 31.2
6407.8 -8911.7 31.1
6255.9 -8914.2 37.6
6465.8 -8899.7 31.3
6401.5 -8894.5 30.6
6360.4 -8895.5 29.8
6346.7 -8901.8 29.3
6476.3 -8880.5 31.3
6446.9 -8886.1 31.2
6420.0 -8888.3 30.8
6399.7 -8883.4 30.4
6302.0 -8883.4 30.8
6257.4 -8880.0 37.8
6523.3 -8863.7 30.3
6483.3 -8865.7 30.5
6447.0 -8865.7 30.6
6437.6 -8869.2 30.7
6375.2 -8868.8 29.6
6281.3 -8870.9 33.4
6273.9 -8868.1 34.4
6584.2 -8852.0 29.2
6415.8 -8857.3 30.1
6344.3 -8852.1 28.8
6330.9 -8856.1 28.7
6284.7 -8856.5 31.9
6266.6 -8857.8 34.9
6543.5 -8839.5 29.0
6467.8 -8842.0 29.4
6406.0 -8839.2 29.4
6375.9 -8840.4 29.2
6357.3 -8839.3 28.8
6302.0 -8834.4 28.1
6285.6 -8839.2 30.9
6268.6 -8833.8 33.5
6241.6 -8840.6 38.0
6619.2 -8827.1 28.3
6525.6 -8827.7 28.5
6507.3 -8821.3 28.2
6491.3 -8826.9 28.5
6451.6 -8822.7 28.4
6438.8 -8822.9 28.5
6401.4 -8825.2 28.7
6377.3 -8819.9 28.5
6316.5 -8824.8 27.9
6498.2 -8812.3 27.8
6408.9 -8811.2 28.0
6385.3 -8810.4 28.0
6249.7 -8807.5 37.5
6663.4 -8790.1 27.2
6625.9 -8789.4 27.2
6612.6 -8798.5 27.4
6462.6 -8797.2 27.4
6364.0 -8792.5 27.2
6280.9 -8792.0 31.8
6257.3 -8792.1 37.1
6647.1 -8783.4 27.2
6506.4 -8778.6 27.2
6476.4 -8774.7 27.2
6408.7 -8777.1 27.2
6373.3 -8777.5 27.2
6316.3 -8774.5 27.3
6241.5 -8775.0 41.1
6626.9 -8761.4 27.5
6615.5 -8764.5 27.5
6580.2 -8759.7 27.5
6557.7 -8767.6 27.4
6541.9 -8762.5 27.5
6386.0 -8764.9 27.6
6316.9 -8768.5 27.3
6282.0 -8758.8 31.8
6250.9 -8758.8 38.9
6599.3 -8747.7 27.7
6584.4 -8745.8 27.7
6549.6 -8753.2 27.6
6509.4 -8748.1 27.7
6342.3 -8749.1 28.0
6550.1 -8733.5 28.2
6508.9 -8729.5 28.7
6462.4 -8736.8 28.6
6418.3 -8734.2 29.0
6319.5 -8733.2 27.2
6298.7 -8736.3 27.9
6596.2 -8717.0 28.8
6570.4 -8723.1 28.6
6480.0 -8721.9 29.2
6451.6 -8722.7 29.4
6499.6 -8698.8 30.3
6314.5 -8705.6 26.9
6244.3 -8702.5 37.9
6582.1 -8689.5 30.3
6567.3 -8690.6 30.3
6496.0 -8684.8 31.0
6484.3 -8690.8 30.8
6461.1 -8687.4 30.9
6402.5 -8686.1 29.6
6301.5 -8691.5 27.0
6265.4 -8685.9 35.2
6553.6 -8671.8 31.3
6422.6 -8675.4 30.1
6478.4 -8656.6 31.8
6447.9 -8656.5 30.8
6419.9 -8656.1 29.9
6389.9 -8654.4 29.0
6347.3 -8659.0 27.7
6310.4 -8657.5 26.5
6255.0 -8654.8 32.5
6526.2 -8644.8 32.6
6506.7 -8642.7 32.5
6482.2 -8643.2 31.9
6434.7 -8642.9 30.3
6370.0 -8646.9 28.3
6330.8 -8640.9 27.0
6265.5 -8639.8 30.5
6543.7 -8630.2 33.1
6513.3 -8629.6 32.8
6436.0 -8625.4 30.3
6422.2 -8625.0 29.8
6406.4 -8629.7 29.4
6288.0 -8625.2 28.1
6273.2 -8626.9 28.9
6225.2 -8628.8 31.6
6509.6 -8616.3 32.8
6447.5 -8613.0 30.8
6369.7 -8608.8 28.2
6363.8 -8614.0 27.9
6344.8 -8617.7 27.3
6333.8 -8609.0 27.0
6304.0 -8615.5 26.0
6269.4 -8613.9 28.2
6235.0 -8614.4 30.3
6229.2 -8615.7 30.7
6513.5 -8603.5 33.1
6432.6 -8601.0 30.5
6406.1 -8595.0 29.8
6359.6 -8602.1 28.1
6347.2 -8595.9 27.8
6283.1 -8600.2 27.2
6272.9 -8602.5 27.7
6224.2 -8596.1 30.6
6492.2 -8581.1 33.0
6378.6 -8588.5 29.0
6251.2 -8582.1 29.1
6510.2 -8571.0 33.6
6433.1 -8571.4 31.3
6423.5 -8566.5 31.1
6343.2 -8572.1 28.4
6331.9 -8567.0 29.0
6313.8 -8564.6 29.5
6285.2 -8568.7 29.7
6384.6 -8554.1 30.2
6348.4 -8558.2 29.5
6330.0 -8552.0 30.3
6298.8 -8557.1 30.4
6288.2 -8558.3 30.4
6393.6 -8543.2 30.8
6371.8 -8537.5 30.7
6378.7 -8505.1 33.2
6430.6 -8497.9 33.3
3633.3 6048.2 41.8
3630.5 6065.3 42.5
3615.9 6060.3 42.2
3675.2 6079.6 43.5
3645.1 6074.2 43.0
3644.1 6093.9 44.0
3613.9 6089.7 43.5
3716.1 6105.7 44.3
3670.1 6106.0 44.9
3660.8 6107.4 44.9
3747.8 6124.4 44.3
3731.7 6118.9 44.4
3700.2 6117.7 45.0
3596.1 6116.3 44.8
3587.7 6115.9 44.7
3778.1 6132.9 40.3
3669.1 6135.9 46.3
3612.9 6134.2 45.9
3585.3 6132.3 45.6
3778.3 6150.0 38.5
3753.1 6147.4 41.5
3732.0 6150.3 43.5
3707.8 6150.4 46.0
3588.2 6155.3 46.7
3567.9 6148.9 45.4
3811.3 6161.6 33.8
3687.0 6164.3 46.9
3610.9 6168.2 47.8
3806.7 6178.5 33.1
3767.7 6180.4 36.7
3674.9 6180.6 46.5
3645.3 6181.7 48.4
3633.5 6178.7 48.5
3596.4 6179.0 47.9
3572.8 6178.9 46.7
3855.8 6191.2 29.6
3774.8 6196.2 35.4
3719.9 6194.3 40.7
3687.1 6191.5 44.1
3642.7 6193.9 48.6
3580.4 6198.4 47.2
3856.7 6210.3 30.3
3840.8 6212.0 31.2
3823.4 6209.8 31.9
3753.6 6207.3 37.0
3733.0 6214.1 38.6
3704.1 6212.9 41.4
3687.7 6210.8 43.1
3673.1 6209.9 44.5
3526.8 6206.2 43.7
3901.2 6227.0 26.8
3808.2 6225.2 33.3
3707.0 6227.1 40.6
3688.9 6230.2 42.2
3657.8 6221.4 45.5
3644.7 6229.5 46.4
3587.4 6227.8 46.3
3553.6 6229.8 43.6
3534.5 6230.0 42.2
3869.6 6237.9 29.9
3826.3 6239.9 33.1
3764.6 6238.7 36.0
3729.4 6244.3 38.0
3708.6 6243.7 39.8
3685.4 6241.6 42.0
3655.9 6242.4 44.8
3595.7 6239.1 46.5
3569.9 6244.1 44.2
3849.4 6258.7 32.2
3805.0 6257.7 34.9
3791.8 6258.8 35.6
3734.3 6257.9 38.3
3659.8 6251.9 44.1
3822.3 6274.7 34.8
3796.8 6275.3 36.0
3779.8 6267.2 36.5
3701.6 6266.7 40.3
3672.1 6270.1 42.1
3640.2 6267.4 43.9
3628.9 6268.4 43.8
3761.4 6287.6 38.3
3669.4 6290.5 42.1
3656.3 6286.5 42.3
3790.0 6298.3 37.3
3765.7 6298.2 38.5
3743.9 6298.7 39.6
3730.3 6297.0 40.2
3707.3 6296.0 41.1
3749.3 6317.1 39.4
3738.7 6316.5 39.7
3714.3 6317.1 40.1
3684.2 6317.9 40.7
3627.9 6343.5 39.3
3646.7 6364.1 39.7
3686.7 6375.4 37.7
3662.2 6389.1 37.7
3648.5 6394.5 37.8
3614.6 6404.9 37.9
3843.5 6323.6 34.0
3812.6 6323.8 36.9
3846.3 6335.9 33.1
3823.3 6341.3 34.8
3814.7 6341.5 35.5
3890.8 6356.9 27.4
3784.1 6354.5 36.9
3761.8 6357.6 36.8
3747.7 6355.0 37.4
3995.3 6371.8 23.7
3830.8 6363.6 32.3
3724.5 6365.5 37.3
4032.7 6382.9 26.7
4021.1 6382.2 25.9
4003.0 6380.5 24.7
3883.1 6380.0 26.2
3824.6 6384.6 31.2
3776.9 6383.1 35.7
3737.3 6380.9 35.8
4070.3 6399.4 30.0
3882.5 6400.3 26.2
3814.9 6396.0 31.2
3763.5 6400.6 35.0
4066.5 6408.6 30.2
4055.1 6416.1 29.8
4032.0 6413.6 28.1
3825.7 6409.9 29.2
3809.4 6410.7 30.6
3801.2 6413.8 31.1
4039.5 6431.9 29.5
4004.6 6425.7 26.9
3882.1 6423.4 26.4
3808.6 6430.2 29.6
3798.0 6422.8 30.7
3777.6 6430.2 32.0
3737.2 6425.2 34.0
4111.2 6441.5 33.9
4051.7 6444.8 30.9
3831.7 6446.0 28.9
3807.7 6444.1 29.9
3769.9 6442.8 31.7
4160.0 6454.6 34.9
4138.7 6457.1 35.0
4077.8 6455.2 33.7
4023.9 6454.3 29.5
3871.6 6453.6 27.1
3822.5 6460.2 29.4
4153.7 6477.2 36.1
4097.4 6470.9 35.1
4002.0 6476.9 29.6
3989.5 6476.7 29.2
3857.4 6469.3 27.9
3785.9 6474.2 31.1
4189.6 6490.7 37.0
4124.4 6492.0 36.8
4081.1 6492.2 36.0
4023.6 6492.4 31.3
3975.8 6487.8 29.4
3886.8 6491.0 26.8
4175.5 6501.6 37.4
4153.8 6503.4 37.5
4142.3 6504.7 37.5
4041.7 6505.0 33.3
4020.0 6503.4 31.6
4002.3 6499.1 30.8
3980.9 6506.9 30.6
3966.3 6499.4 29.7
3945.9 6504.1 29.4
3932.8 6503.9 29.0
3858.1 6504.1 28.1
4175.0 6520.6 38.5
4156.3 6512.8 38.0
4126.6 6517.5 38.1
4100.6 6520.5 38.2
4077.9 6522.3 37.6
4010.5 6513.8 31.9
3942.0 6513.0 29.7
3873.8 6512.6 27.6
3854.0 6517.8 28.3
4221.0 6531.6 39.3
4124.9 6537.6 39.2
4067.6 6533.7 37.8
4041.6 6532.0 35.0
3876.7 6529.9 28.6
3845.8 6531.4 28.6
3824.5 6529.4 29.6
4229.6 6543.1 39.9
4219.3 6549.7 39.9
4182.0 6544.4 39.8
4174.1 6547.6 39.5
4138.7 6551.4 39.0
4112.8 6552.1 38.6
4055.2 6552.1 37.1
4021.9 6548.2 33.5
4007.6 6552.2 31.6
3976.7 6547.4 28.9
3959.8 6551.5 28.6
3914.7 6550.1 27.9
3904.4 6550.1 27.7
3883.6 6552.1 27.4
3870.7 6547.9 27.3
3838.0 6549.4 28.1
4258.6 6564.0 40.4
4113.3 6559.5 38.3
3887.4 6558.7 27.2
3873.3 6559.2 27.0
3829.9 6559.6 28.2
4200.0 6575.0 38.6
4172.5 6580.0 38.0
4130.3 6575.1 37.8
4076.9 6581.3 37.4
4049.8 6574.6 35.9
4036.8 6579.6 34.1
4005.5 6578.5 30.3
3947.6 6581.9 27.1
4277.1 6589.7 40.7
4265.0 6588.6 40.7
4248.8 6591.3 40.3
4184.4 6590.9 37.7
4158.1 6592.9 37.3
4094.4 6588.9 37.9
4054.9 6594.2 34.2
4041.1 6596.9 32.9
3994.8 6597.5 28.2
3979.9 6588.1 26.8
3927.8 6596.2 26.3
3917.3 6596.6 26.3
3906.1 6596.7 26.3
3876.6 6592.7 26.2
4262.3 6610.5 40.6
4248.8 6607.9 40.1
4220.1 6608.1 38.9
4144.1 6611.9 36.3
4129.3 6609.0 36.2
4116.8 6608.0 36.4
4034.6 6608.1 31.1
3914.0 6610.4 25.5
4250.8 6627.3 39.9
4215.8 6625.7 38.4
4170.4 6625.3 36.5
4070.8 6627.2 31.5
4302.9 6641.8 41.9
4175.8 6636.1 36.6
4152.5 6639.2 35.6
4146.1 6639.7 35.3
4110.3 6634.1 33.8
4025.9 6635.4 27.1
4287.7 6657.3 42.7
4265.4 6648.2 41.8
4248.1 6654.7 41.7
4214.8 6651.3 39.7
4176.5 6656.3 38.1
4246.3 6665.7 42.8
4186.2 6668.3 38.8
4173.7 6663.1 37.8
4158.3 6662.7 36.6
4262.1 6680.2 44.6
4235.4 6684.1 42.7
4168.3 6681.6 37.4
4158.2 6678.9 36.6
4143.1 6687.1 35.0
4171.6 6701.3 37.6
4122.8 6693.5 32.7
4245.3 6714.6 39.6
4160.1 6708.8 36.5
4006.9 5789.3 26.0
4109.5 5796.9 25.3
4093.0 5803.3 25.8
4020.7 5802.1 26.6
4007.9 5796.5 26.4
3943.8 5795.5 27.4
4163.4 5815.6 26.2
4088.2 5815.3 26.6
4015.8 5814.2 27.4
4003.3 5812.2 27.4
3940.4 5818.6 28.6
3927.2 5818.7 28.8
4150.4 5831.3 27.0
4092.3 5826.6 27.2
4018.9 5831.0 28.4
4005.5 5825.6 28.2
4273.5 5848.4 28.7
4229.8 5846.2 28.0
4135.7 5846.4 27.9
4080.9 5844.6 28.4
4050.0 5842.7 28.7
4033.3 5839.7 28.7
3902.6 5844.1 30.6
4318.5 5864.3 27.4
4298.3 5857.4 28.3
4274.7 5859.7 29.2
4262.5 5858.6 29.0
4211.0 5858.1 28.3
4195.5 5857.5 28.3
4154.4 5861.1 28.5
4092.9 5862.4 29.4
4047.0 5858.1 29.7
4007.2 5856.3 30.0
3970.5 5859.4 30.7
3955.8 5862.8 31.0
3924.2 5856.4 31.1
3917.5 5858.9 31.2
4348.4 5875.4 26.1
4202.0 5872.7 29.0
4125.6 5878.9 29.9
4104.4 5870.3 29.7
4092.4 5870.4 29.8
4078.1 5879.0 30.5
3992.8 5872.3 31.2
3927.7 5871.1 31.4
3911.5 5878.9 31.3
3902.4 5872.0 31.2
3881.1 5878.7 31.0
4394.5 5894.5 25.9
4285.2 5893.6 30.2
4255.9 5884.8 30.0
4246.9 5885.4 29.9
4029.0 5888.2 31.7
4000.3 5894.1 31.9
3881.9 5891.7 30.9
4269.1 5908.9 31.2
4255.6 5905.6 30.9
4228.9 5904.0 30.5
4217.6 5907.0 30.7
4164.6 5906.4 31.1
4152.4 5904.3 31.1
4081.8 5908.9 32.3
4052.3 5909.2 32.3
3927.1 5907.8 31.3
4382.7 5920.5 27.7
4361.0 5915.3 28.0
4301.0 5918.2 30.1
4166.7 5918.8 31.8
4154.9 5916.1 31.8
4139.1 5918.0 32.1
4096.5 5920.9 32.7
4067.9 5923.8 32.5
4030.3 5919.8 32.2
3955.9 5915.0 31.5
3932.4 5915.5 31.2
3913.1 5916.9 31.1
3852.9 5923.1 30.5
3704.5 5923.5 36.1
4407.3 5933.7 27.8
4301.8 5935.4 30.8
4284.4 5938.7 31.7
4216.9 5937.1 32.3
4149.5 5931.0 32.8
4139.6 5938.7 33.0
4089.2 5930.9 32.6
4077.0 5935.6 32.5
4060.8 5930.1 32.4
3988.4 5932.6 31.7
3938.8 5938.8 31.1
3914.4 5935.6 30.9
3683.2 5937.0 37.1
4359.0 5947.6 29.9
4343.9 5952.2 30.5
4292.9 5952.2 31.9
4272.7 5954.3 32.9
4254.8 5944.7 32.6
4210.8 5950.4 33.2
4187.0 5947.6 33.3
4168.7 5953.1 33.2
4120.8 5954.6 32.8
4064.9 5951.9 32.2
3990.0 5951.7 31.5
3968.8 5949.0 31.3
3954.7 5947.8 31.2
3926.8 5945.0 31.0
3870.5 5951.4 30.4
3840.3 5952.0 32.1
4379.6 5963.6 30.2
4320.3 5967.2 32.0
4301.5 5962.9 32.3
4213.3 5967.4 33.6
4199.0 5964.6 33.4
4142.5 5967.5 32.9
4125.0 5962.3 32.8
4060.9 5962.4 32.1
4034.0 5962.8 31.9
3959.8 5965.8 31.1
3917.2 5967.7 30.7
3895.5 5968.8 30.5
3752.8 5969.1 37.1
3719.2 5960.7 37.2
4427.3 5977.4 29.6
4394.0 5982.3 30.6
4366.6 5980.7 31.3
4351.2 5982.6 31.8
4153.3 5980.3 32.9
4140.7 5980.0 32.8
4020.8 5978.6 31.6
3947.2 5984.4 30.9
3915.6 5979.6 30.6
3855.8 5980.3 31.6
3840.0 5977.2 32.7
3717.7 5982.6 38.2
3654.6 5979.8 39.2
4420.7 5991.3 30.2
4378.9 5990.1 31.4
4345.6 5994.5 32.7
4257.9 5996.4 34.1
4140.6 5994.9 32.6
4105.9 5998.9 32.3
4092.9 5991.0 32.2
4079.0 5989.8 32.1
4036.3 5992.8 31.7
3864.9 5992.4 31.2
3855.1 5995.5 32.0
3735.5 5992.5 38.5
3700.5 5995.5 39.1
3675.4 5995.6 39.5
3656.5 5998.4 40.0
4426.5 6006.1 30.9
4404.2 6007.9 31.7
4178.6 6013.1 31.6
4166.0 6013.0 31.4
4153.2 6010.3 31.6
4137.6 6011.5 31.5
4032.5 6006.8 31.5
4019.3 6014.1 31.3
3887.8 6010.7 30.1
3774.5 6012.9 38.5
3761.8 6014.6 39.1
3715.1 6012.2 39.7
3670.8 6006.2 40.1
3658.9 6006.0 40.3
4407.0 6021.6 32.5
4380.0 6028.2 33.7
4362.3 6028.7 34.1
4343.7 6024.8 34.2
4322.5 6026.4 34.4
4300.8 6024.7 34.5
4203.1 6028.0 32.7
4047.2 6021.5 30.8
4030.3 6027.3 30.4
3940.6 6021.6 30.5
3901.7 6021.4 30.2
3840.2 6021.4 33.7
3699.8 6020.0 40.3
4427.2 6042.6 33.1
4408.5 6037.3 33.4
4239.4 6041.0 34.2
4153.5 6037.7 31.1
4107.4 6039.2 29.6
4064.4 6037.2 29.7
3923.5 6043.5 29.3
3908.4 6036.7 29.8
3899.8 6036.0 29.8
3885.0 6044.4 31.5
3868.6 6042.7 32.5
3812.3 6037.7 36.2
3718.4 6038.4 40.9
4420.4 6051.0 33.9
4405.8 6057.9 34.2
4335.9 6055.5 34.8
4304.7 6053.4 35.0
4285.6 6055.8 35.2
4276.8 6056.1 35.3
4133.6 6050.0 30.6
4082.3 6054.3 28.8
3940.4 6053.7 28.6
3869.4 6054.2 33.5
3792.8 6059.5 38.9
3721.2 6055.6 42.3
3703.6 6056.9 42.6
4440.6 6071.5 34.1
4396.4 6070.1 34.5
4277.3 6067.2 35.5
4243.8 6071.0 34.9
4215.7 6071.6 33.9
4195.8 6073.0 33.2
4104.3 6071.0 29.9
4073.9 6065.5 28.7
3940.1 6067.1 28.3
3895.7 6069.0 32.3
3881.4 6067.4 33.4
3855.4 6071.5 35.9
3750.9 6067.8 42.1
4439.7 6079.8 34.5
4376.2 6081.8 34.9
4316.8 6089.3 35.7
4260.2 6083.4 35.7
4133.4 6079.9 31.1
3925.5 6089.3 31.1
3868.5 6084.6 35.7
3848.9 6084.2 37.3
3746.6 6083.5 42.9
3731.8 6083.8 43.2
4406.6 6103.5 36.0
4381.5 6103.2 36.0
4343.8 6096.4 36.0
4335.2 6097.9 36.0
4318.5 6096.7 36.0
4268.4 6102.6 36.0
4198.5 6096.3 33.6
4187.8 6094.7 33.2
4149.5 6104.6 31.7
3917.0 6102.2 30.6
3856.0 6102.6 35.8
3795.7 6099.6 41.8
4451.8 6111.3 32.7
4396.7 6116.6 36.0
4253.2 6117.1 35.3
4169.4 6112.8 32.4
4156.4 6114.5 31.9
3818.4 6118.4 37.4
4434.1 6125.3 33.5
4316.8 6127.9 36.0
4164.3 6125.8 32.0
4150.1 6126.6 31.5
3916.5 6129.4 26.9
3851.8 6129.1 32.7
3811.0 6132.3 36.8
4436.6 6149.5 31.5
4425.4 6147.5 32.8
4404.6 6144.4 36.0
4333.9 6144.2 36.0
4283.5 6143.7 36.0
4255.5 6149.4 35.1
4226.0 6141.8 34.1
4167.5 6142.9 32.0
3901.8 6140.8 26.6
3880.4 6142.9 28.2
4405.7 6157.2 34.1
4293.0 6159.8 36.0
4228.2 6162.6 34.0
4178.4 6160.3 32.2
4165.2 6160.0 31.7
4419.8 6174.1 31.5
4379.3 6177.1 36.0
4306.4 6170.6 36.0
4291.9 6176.9 36.0
4273.2 6170.9 35.5
4246.2 6172.8 34.5
4229.5 6177.7 33.9
3899.4 6176.3 26.0
4377.8 6193.2 34.4
4286.6 6185.9 35.8
4240.7 6189.4 34.1
4230.9 6186.6 33.8
4202.3 6186.9 32.8
4395.9 6200.9 32.0
4318.8 6202.7 36.0
4299.5 6200.5 36.0
4261.2 6209.7 34.7
4248.0 6201.9 34.3
4227.1 6203.2 33.5
4195.1 6204.9 32.4
4374.2 6218.5 32.9
4315.2 6221.6 36.0
4307.1 6216.9 36.0
4287.1 6220.7 35.5
4254.8 6221.3 34.3
4241.8 6218.9 33.9
4225.9 6217.5 33.3
4315.1 6233.2 35.9
4298.5 6237.2 35.7
4242.5 6236.7 33.9
4229.2 6235.1 33.6
4347.5 6246.4 33.7
4286.3 6246.1 35.2
4253.7 6250.4 34.4
4243.2 6251.8 34.2
4223.3 6254.1 33.8
4314.3 6266.7 36.0
4277.8 6260.0 35.1
4240.1 6269.1 34.4
4152.1 6264.6 32.4
4268.6 6275.7 35.1
4262.4 6281.8 35.1
4181.2 6276.7 33.2
4170.7 6274.7 32.9
4148.3 6283.0 32.5
4139.4 6282.9 32.3
4283.6 6293.1 38.1
4276.1 6293.2 37.3
4125.7 6290.4 32.2
4261.0 6306.7 38.1
4212.0 6311.3 34.8
4195.5 6310.1 34.0
4314.1 6326.6 38.7
4306.7 6326.3 39.2
4274.3 6321.0 41.1
4197.3 6329.0 35.7
4163.7 6329.4 33.8
4322.1 6342.7 39.5
4254.5 6342.5 40.2
4212.0 6343.4 37.3
4164.4 6339.3 34.3
4156.9 6335.7 33.8
4300.7 6354.2 40.4
4253.1 6352.8 39.3
4299.0 6367.8 39.5
4287.6 6372.5 39.1
4320.3 6380.0 38.8
4284.4 6402.1 37.0
4361.7 6425.7 43.1
4336.3 6433.6 42.9
4307.1 6429.7 40.1
4382.7 6446.2 43.9
4321.5 6442.6 41.9
4321.9 6456.1 42.1
4288.0 6455.3 38.8
4306.4 6475.5 40.0
4348.5 6486.9 42.0
4359.0 6502.5 41.4
4361.7 6552.7 40.0
4351.4 6544.7 40.1
4350.0 6563.9 40.3
4334.7 6596.9 40.5
-2528.3 781.4 7.4
-2590.5 796.5 7.4
-2524.7 809.5 7.4
-2542.3 808.6 7.4
-2544.8 819.1 7.3
-2589.4 827.4 7.3
-2617.1 827.3 7.2
-2635.4 818.1 7.3
-2633.9 835.6 7.2
-2604.4 851.3 7.3
-2574.5 865.4 7.4
-2617.6 863.8 7.3
-2628.2 887.5 7.3
2329.5 -4518.3 19.2
2332.6 -4502.4 19.9
2387.1 -4488.1 20.7
2375.0 -4485.7 20.5
2374.4 -4472.7 20.7
2451.6 -4461.5 21.8
2400.9 -4461.9 21.2
2533.4 -4447.3 23.0
2506.3 -4450.0 22.6
2444.0 -4448.2 21.9
2414.9 -4447.0 21.6
2375.9 -4446.6 21.1
2573.1 -4426.7 23.8
2542.9 -4425.6 23.5
2511.9 -4434.5 22.9
2479.4 -4433.1 22.5
2450.3 -4432.9 22.2
2430.9 -4434.4 21.9
2347.6 -4434.2 20.9
2609.6 -4413.6 24.1
2551.9 -4412.3 23.7
2538.2 -4417.2 23.5
2491.2 -4420.1 22.9
2452.7 -4420.4 22.4
2421.1 -4415.4 22.1
2384.5 -4419.7 21.6
2316.4 -4419.6 20.7
2280.0 -4417.0 20.3
2625.8 -4396.5 24.0
2458.2 -4400.5 22.9
2388.6 -4398.4 22.1
2357.2 -4401.6 21.6
2326.9 -4401.4 21.2
2311.6 -4396.9 21.1
2295.6 -4399.2 20.9
2280.6 -4398.8 20.7
2267.9 -4404.7 20.4
2236.8 -4399.8 20.1
2641.9 -4390.0 23.6
2541.4 -4384.2 24.0
2492.1 -4388.3 23.4
2444.2 -4384.1 22.9
2378.1 -4387.7 22.2
2312.5 -4381.6 21.5
2269.1 -4382.7 20.9
2256.7 -4385.1 20.7
2624.7 -4374.4 24.5
2616.7 -4371.6 24.9
2585.4 -4367.1 24.6
2564.8 -4367.0 24.4
2536.5 -4375.6 24.0
2488.2 -4371.7 23.5
2466.1 -4371.7 23.3
2407.9 -4367.3 22.7
2392.6 -4371.8 22.5
2314.1 -4375.0 21.6
2627.2 -4353.9 24.9
2564.9 -4353.3 24.6
2548.3 -4351.3 24.4
2520.4 -4359.9 24.0
2495.5 -4353.8 23.8
2478.6 -4358.6 23.6
2403.5 -4356.6 22.8
2391.1 -4355.9 22.7
2371.4 -4351.5 22.5
2285.0 -4350.8 21.6
2241.3 -4356.8 21.1
2210.1 -4355.1 20.7
2627.8 -4341.6 25.2
2610.8 -4336.5 25.3
2564.8 -4344.8 24.7
2537.3 -4336.6 24.5
2526.2 -4344.6 24.3
2492.7 -4343.9 23.9
2475.9 -4340.7 23.8
2417.8 -4336.8 23.2
2406.4 -4337.1 23.1
2332.9 -4336.0 22.3
2311.0 -4339.7 22.0
2266.2 -4341.0 21.6
2239.1 -4343.2 21.4
2220.2 -4344.1 21.2
2656.6 -4323.8 24.6
2611.3 -4321.2 25.5
2537.5 -4329.9 24.6
2433.9 -4327.9 23.5
2344.9 -4330.2 22.5
2297.7 -4324.0 22.5
2281.2 -4324.6 22.4
2220.8 -4327.2 21.7
2656.2 -4306.5 25.1
2599.3 -4311.6 25.5
2572.9 -4309.0 25.2
2527.5 -4305.9 24.8
2492.8 -4310.6 24.3
2431.0 -4310.5 23.7
2402.4 -4312.4 23.5
2372.8 -4307.7 23.5
2296.2 -4311.9 22.9
2279.5 -4308.9 22.9
2265.9 -4311.7 22.6
2646.3 -4294.5 25.7
2610.8 -4293.7 25.8
2594.9 -4292.7 25.6
2564.1 -4295.1 25.3
2475.5 -4298.7 24.4
2466.4 -4291.3 24.7
2443.5 -4296.7 24.3
2416.2 -4298.4 24.1
2347.1 -4291.2 24.1
2332.9 -4296.9 23.8
2282.6 -4291.1 23.4
2211.2 -4298.3 22.5
2673.4 -4284.4 26.2
2615.5 -4279.8 26.0
2585.1 -4283.5 25.6
2489.3 -4281.9 25.2
2474.7 -4280.8 25.2
2413.6 -4285.1 24.7
2386.7 -4278.6 24.8
2362.8 -4277.7 24.7
2297.2 -4284.4 23.8
2253.4 -4284.3 23.3
2204.6 -4280.3 22.9
2640.2 -4265.5 26.6
2522.7 -4263.9 26.1
2480.0 -4262.6 26.0
2466.4 -4264.4 25.8
2428.5 -4261.5 25.8
2419.8 -4266.3 25.5
2392.7 -4261.8 25.5
2375.9 -4266.9 25.1
2324.4 -4269.3 24.5
2310.2 -4262.3 24.6
2303.1 -4269.9 24.3
2616.7 -4249.1 27.6
2554.5 -4253.9 26.7
2520.1 -4250.3 26.7
2481.3 -4248.2 26.6
2420.1 -4255.5 25.9
2302.9 -4250.9 24.8
2176.9 -4251.9 23.1
2643.6 -4233.9 27.8
2625.9 -4235.0 28.2
2473.9 -4233.3 27.2
2443.9 -4231.0 26.9
2353.6 -4231.8 25.9
2341.6 -4232.6 25.8
2222.4 -4238.1 23.1
2207.6 -4238.5 22.8
2612.1 -4217.8 29.2
2598.7 -4223.8 29.3
2583.8 -4217.0 29.9
2492.9 -4220.9 27.7
2432.4 -4222.3 27.0
2406.7 -4223.2 26.7
2392.2 -4218.1 26.0
2370.3 -4221.6 25.7
2361.4 -4220.1 25.4
2342.6 -4222.9 25.1
2313.0 -4216.7 23.9
2239.4 -4218.5 22.4
2616.1 -4209.0 29.5
2594.5 -4201.6 29.7
2537.3 -4203.3 28.7
2447.0 -4208.7 26.8
2332.7 -4209.1 23.9
2238.5 -4206.0 21.8
2182.0 -4209.7 22.4
2582.4 -4195.2 29.6
2490.4 -4187.5 26.5
2467.2 -4192.8 26.2
2431.9 -4188.7 25.0
2360.3 -4194.1 23.5
2326.2 -4189.7 22.5
2294.8 -4188.4 21.9
2265.1 -4189.0 21.4
2602.9 -4178.5 29.3
2580.4 -4171.7 29.1
2553.9 -4171.3 28.0
2433.9 -4170.9 23.8
2420.9 -4180.4 24.2
2360.6 -4177.2 22.5
2341.3 -4172.3 21.9
2300.7 -4177.7 21.5
2253.2 -4176.5 20.9
2239.5 -4174.2 21.0
2227.5 -4177.5 21.2
2178.9 -4176.9 21.9
2567.6 -4157.7 28.6
2526.5 -4164.7 26.5
2463.7 -4158.9 23.8
2416.1 -4155.8 22.4
2267.9 -4162.0 20.4
2221.1 -4163.8 21.1
2477.3 -4149.8 23.6
2448.4 -4143.6 22.3
2418.9 -4146.6 22.0
2362.7 -4142.6 20.8
2221.0 -4149.9 20.9
2206.9 -4142.0 21.0
2145.3 -4149.9 22.0
2326.5 -4125.9 19.4
2283.7 -4125.6 19.6
2256.5 -4126.5 20.0
2227.9 -4129.0 20.5
2181.4 -4130.2 21.2
2429.4 -4116.1 20.9
2388.8 -4114.9 19.9
2317.7 -4118.0 19.0
2254.4 -4112.2 19.8
2356.1 -4096.3 18.5
2369.4 -4080.6 18.0
2361.0 -4089.5 18.2
2344.7 -4081.6 18.1
2330.6 -4090.1 18.4
2271.5 -4090.4 19.3
2255.1 -4087.8 19.5
2353.4 -4073.1 17.8
2228.0 -4035.8 17.8
3382.9 -6548.5 35.0
3387.1 -6533.7 35.2
3354.4 -6541.2 34.0
3397.3 -6522.3 35.4
3338.3 -6520.0 34.0
3383.4 -6506.8 35.4
3397.0 -6492.4 35.8
3340.5 -6490.7 35.1
3401.1 -6474.3 36.1
3310.2 -6478.7 34.8
3359.7 -6460.4 35.7
3312.9 -6460.1 35.1
3231.8 -6459.0 34.4
3397.8 -6450.7 36.3
3384.7 -6452.4 36.2
3371.5 -6447.7 36.0
3339.1 -6451.9 35.5
3231.8 -6443.7 34.1
3305.9 -6428.3 35.3
3294.3 -6433.2 35.2
3282.5 -6435.1 35.0
3263.5 -6430.3 34.6
3253.4 -6434.2 34.4
3389.2 -6416.5 36.7
3374.5 -6421.6 36.4
3216.0 -6417.6 34.1
3164.0 -6414.1 32.8
3404.7 -6407.6 36.8
3365.1 -6402.1 36.6
3249.3 -6407.6 34.9
3214.9 -6398.7 34.2
3176.2 -6398.7 33.5
3161.0 -6405.8 33.2
3383.1 -6383.7 37.2
3327.5 -6389.5 36.3
3266.5 -6391.7 35.4
3222.6 -6392.5 34.4
3178.7 -6391.4 33.9
3103.3 -6386.3 34.0
3081.2 -6390.2 33.8
3059.4 -6393.0 33.8
3383.0 -6375.5 37.3
3370.2 -6369.0 37.2
3354.2 -6368.3 37.0
3336.2 -6373.8 36.7
3323.8 -6377.4 36.5
3248.1 -6375.9 35.2
3230.9 -6370.3 34.8
3028.0 -6372.8 32.8
3402.6 -6358.2 37.4
3310.1 -6356.4 36.6
3294.2 -6362.3 36.3
3252.4 -6359.9 35.4
3222.6 -6357.2 35.4
3173.9 -6358.2 35.3
3162.0 -6355.2 35.2
3089.2 -6361.7 34.5
3388.7 -6343.0 37.7
3353.7 -6344.7 37.5
3222.6 -6341.3 36.1
3186.3 -6343.3 35.7
3157.6 -6345.8 35.4
3133.8 -6347.0 35.2
3036.8 -6344.8 33.9
3382.3 -6326.4 38.0
3322.3 -6331.7 37.3
3276.3 -6330.6 36.6
3269.1 -6325.1 36.9
3208.6 -6331.2 36.2
3110.7 -6324.9 35.6
3085.9 -6324.4 35.4
3073.9 -6324.0 35.3
3266.8 -6317.1 37.1
3188.2 -6314.8 36.5
3110.2 -6311.9 35.9
3068.6 -6308.8 35.7
3058.3 -6309.0 35.7
3008.8 -6317.4 32.3
3386.1 -6301.4 38.3
3297.4 -6295.2 37.9
3264.5 -6294.8 37.6
3220.1 -6299.6 37.1
3204.1 -6294.1 37.1
3132.1 -6295.3 36.5
3113.4 -6294.3 36.3
3102.4 -6299.7 36.1
3050.5 -6299.3 35.7
3012.7 -6302.6 32.9
3356.5 -6282.3 38.7
3340.8 -6282.5 38.5
3321.2 -6286.5 38.3
3281.1 -6286.9 37.9
3267.1 -6278.4 38.0
3229.8 -6285.4 37.5
3218.9 -6281.8 37.5
3186.6 -6278.9 37.3
3129.1 -6287.7 36.6
3095.2 -6286.0 36.4
3005.6 -6280.1 32.7
3380.8 -6270.5 38.5
3357.2 -6265.3 38.9
3338.0 -6266.8 38.8
3249.5 -6273.0 38.0
3231.6 -6264.5 38.1
3089.3 -6266.8 36.8
3066.6 -6266.3 36.7
3059.1 -6264.0 36.8
3038.3 -6269.6 35.4
2968.5 -6271.5 30.9
3373.5 -6251.4 38.5
3354.5 -6250.6 39.0
3312.8 -6249.2 38.8
3232.6 -6256.5 38.3
3186.9 -6249.7 38.1
3161.2 -6248.6 37.9
3147.6 -6251.7 37.7
3082.8 -6253.8 37.1
2961.9 -6250.0 31.2
3357.9 -6242.8 38.8
3324.7 -6242.1 38.9
3298.8 -6239.5 38.8
3222.5 -6233.5 38.5
3203.4 -6236.5 38.4
3156.3 -6236.6 38.1
3126.2 -6240.7 37.8
3116.5 -6238.5 37.8
3102.7 -6242.0 37.5
3082.9 -6241.1 37.4
3054.7 -6234.1 37.2
3019.8 -6240.4 34.8
2994.1 -6234.7 33.5
2977.9 -6236.6 32.5
2960.2 -6241.5 31.4
3365.8 -6225.9 38.5
3351.8 -6223.5 38.4
3187.0 -6218.8 38.4
3057.5 -6221.6 37.6
3041.1 -6223.5 36.5
3014.3 -6220.4 35.1
2963.2 -6218.9 32.3
3367.6 -6212.4 37.9
3116.7 -6212.4 38.1
3097.2 -6207.6 37.9
3069.4 -6209.2 38.0
3350.1 -6191.3 36.8
3275.4 -6188.9 36.7
3251.7 -6191.3 36.9
3207.9 -6195.0 37.1
3186.9 -6191.6 37.0
3084.9 -6190.5 37.2
3055.2 -6192.6 36.8
3037.7 -6193.5 35.7
3356.3 -6179.4 36.2
3310.7 -6182.9 36.4
3234.1 -6173.5 36.0
3208.7 -6178.9 36.3
3071.3 -6181.5 37.1
3337.3 -6159.0 35.1
3280.8 -6162.2 35.3
3262.2 -6162.4 35.4
3237.0 -6159.7 35.3
3192.1 -6159.5 35.4
3327.8 -6148.1 34.6
3295.0 -6149.6 34.7
3267.3 -6152.0 34.8
3188.7 -6151.8 35.2
3157.4 -6151.9 35.5
3096.2 -6148.7 36.5
3083.8 -6148.0 36.0
3342.9 -6135.3 33.9
3323.1 -6136.7 34.0
3295.2 -6136.3 33.9
3141.5 -6134.3 35.5
3126.8 -6137.9 36.0
3112.7 -6131.8 36.0
3102.0 -6132.6 36.1
3088.2 -6128.7 35.1
3068.1 -6137.4 34.4
3042.1 -6137.6 32.7
3306.0 -6121.1 33.3
3156.2 -6123.2 35.0
3095.8 -6120.1 35.1
3321.0 -6105.3 32.8
3290.6 -6101.1 32.9
3262.0 -6103.7 33.2
3232.9 -6101.9 33.3
3171.1 -6102.3 34.6
3161.2 -6107.8 34.9
3113.0 -6106.7 35.4
3073.2 -6107.6 32.9
3306.2 -6092.5 32.6
3292.8 -6088.4 32.6
3278.8 -6084.0 32.5
3178.7 -6084.3 34.4
3127.3 -6083.8 34.9
3173.4 -6074.3 34.3
3146.6 -6072.3 34.5
3096.8 -6073.5 32.4
3162.0 -6062.9 34.1
3133.2 -6056.2 33.8
3111.3 -6062.4 32.7
3086.0 -6055.5 30.8
3112.0 -6031.6 32.3
3100.3 -6032.7 31.8
1836.5 4559.0 38.2
1917.1 4587.5 35.7
1859.5 4588.4 37.7
1842.1 4585.7 38.2
1813.7 4586.8 38.8
1782.3 4583.2 38.7
1886.4 4602.4 36.9
1869.6 4599.5 37.5
1844.5 4603.0 38.3
1978.6 4617.5 34.0
1949.5 4619.6 35.0
1900.3 4616.0 36.6
1866.8 4616.9 37.7
1837.0 4617.7 38.1
1822.2 4616.8 38.0
1809.9 4615.6 37.9
1764.8 4620.4 37.5
1732.4 4612.0 37.6
1975.2 4632.4 34.3
1957.2 4635.9 34.9
1918.2 4630.6 36.2
1888.3 4634.3 37.2
1827.7 4627.1 37.7
2004.9 4650.4 33.5
1927.0 4650.3 36.1
1839.5 4643.9 37.3
1778.6 4642.2 37.0
1765.3 4648.8 36.7
1750.7 4642.5 36.8
1716.0 4641.3 36.6
1700.8 4650.7 36.2
1687.3 4648.7 36.3
2212.4 4660.6 19.8
2184.4 4662.2 22.2
2143.8 4665.8 25.3
2004.5 4665.1 33.7
1991.0 4659.7 34.1
1965.1 4656.8 34.9
1915.0 4658.8 36.6
1869.2 4664.5 36.9
1766.0 4661.6 36.3
1733.2 4660.9 36.1
1719.9 4664.8 35.9
2130.3 4672.6 26.3
2091.7 4673.5 29.0
2025.6 4677.0 33.1
1920.4 4680.8 36.6
1856.1 4671.5 36.6
1750.7 4677.7 35.8
1701.4 4674.3 35.5
1687.7 4678.6 35.3
1679.0 4672.2 35.5
1660.9 4680.8 35.1
2183.3 4687.5 22.9
2169.8 4693.4 23.9
2140.9 4694.1 25.8
2024.9 4690.8 33.3
1995.4 4693.3 34.3
1971.2 4687.5 35.0
1960.3 4689.7 35.4
1866.4 4691.5 36.1
1841.6 4691.5 35.9
1824.6 4689.0 35.9
1748.9 4695.9 35.2
1705.6 4695.2 35.0
2144.1 4701.5 25.7
2112.9 4705.2 27.8
2085.0 4701.2 29.7
2046.3 4706.0 32.5
2008.6 4701.1 33.9
1903.3 4705.2 36.0
1829.4 4711.1 35.3
1791.1 4701.4 35.3
1778.1 4705.0 35.1
1750.7 4702.5 35.0
1734.8 4708.5 34.8
1703.3 4708.4 34.6
2189.8 4725.7 23.1
2154.0 4719.3 25.3
2082.6 4725.7 30.2
2068.1 4718.0 31.1
2052.0 4716.2 32.2
1963.1 4722.2 35.7
1931.3 4724.8 35.6
1852.6 4723.3 35.1
1844.7 4721.5 35.1
1810.5 4722.6 34.8
1784.2 4725.8 34.6
1765.3 4717.5 34.7
1663.7 4722.5 33.9
2190.3 4732.3 23.2
2023.9 4738.6 33.8
2003.3 4732.4 34.4
1992.1 4735.4 34.8
1867.5 4733.4 34.9
1853.1 4740.3 34.6
1827.6 4740.8 34.4
1767.7 4739.6 34.1
1749.4 4731.4 34.2
1693.6 4737.4 33.7
1679.2 4736.0 33.6
2139.4 4755.7 26.8
2111.2 4754.6 28.6
2094.4 4748.8 29.6
2064.9 4752.7 31.7
2005.5 4747.2 34.5
1917.6 4754.2 34.6
1874.1 4749.9 34.5
1828.1 4750.4 34.1
1812.1 4749.7 34.1
1767.9 4752.7 33.7
1739.6 4753.8 33.5
1723.7 4751.1 33.5
2233.8 4771.0 21.5
2199.1 4764.2 23.1
2167.0 4763.0 25.1
2115.6 4766.4 28.5
2099.6 4766.1 29.5
2081.8 4769.8 30.8
2070.0 4763.1 31.4
2001.5 4767.3 34.8
1941.5 4763.2 34.5
1871.0 4767.0 33.9
1824.3 4762.2 33.8
1791.3 4768.7 33.4
1750.6 4761.6 33.3
1702.4 4767.5 32.8
2216.0 4783.3 23.1
2205.4 4777.2 23.4
2136.7 4777.7 27.3
2105.8 4782.0 29.4
1980.6 4785.1 34.1
1958.9 4781.6 34.1
1947.1 4779.8 34.1
1935.5 4781.1 34.0
1866.9 4777.5 33.6
1852.4 4777.7 33.5
1808.0 4782.1 33.1
1779.0 4778.7 33.0
1752.1 4782.9 32.8
1692.0 4785.3 32.5
1679.2 4784.9 32.5
1641.7 4784.5 32.3
1635.6 4780.0 32.3
1617.0 4778.3 32.2
1599.2 4785.7 32.1
1589.1 4785.0 32.1
2263.4 4796.2 21.3
2229.6 4798.5 23.3
2217.5 4799.3 24.0
2111.8 4796.6 29.6
2079.0 4793.6 31.3
2068.3 4799.7 32.2
2007.9 4799.9 33.9
1957.4 4796.0 33.7
1918.2 4794.3 33.5
1889.5 4800.3 33.4
1809.7 4792.5 33.0
1799.7 4796.1 33.0
1748.0 4797.5 32.7
1738.4 4795.7 32.7
1688.3 4795.5 32.5
1676.4 4798.8 32.4
2275.8 4813.6 21.2
2260.8 4808.3 21.8
2170.6 4814.5 27.1
2065.4 4810.1 32.3
2053.8 4815.1 32.4
1872.3 4808.2 33.3
1856.6 4815.8 33.2
1764.6 4814.5 32.8
1691.7 4811.4 32.5
1633.1 4813.9 32.2
2277.4 4830.7 21.0
2263.1 4825.4 22.1
2166.8 4826.1 26.3
2077.3 4821.4 30.8
1874.0 4822.2 33.2
1851.8 4822.7 33.1
1810.1 4825.2 33.0
1710.4 4822.9 32.6
1660.2 4826.8 32.3
1628.9 4823.8 32.2
1600.2 4821.7 32.1
2272.9 4840.6 20.3
2256.2 4843.0 20.9
2196.5 4838.0 24.0
2142.9 4837.7 26.4
2115.6 4845.3 27.0
2067.4 4843.7 29.3
2034.5 4842.3 30.6
2018.7 4839.4 31.5
1916.8 4837.3 32.8
1871.4 4841.8 32.6
1767.6 4841.6 32.4
1753.0 4842.0 32.4
1740.4 4842.0 32.4
1720.2 4841.2 32.4
1673.1 4846.1 32.1
1665.2 4836.3 32.4
1626.1 4837.2 32.2
1619.0 4842.1 32.1
2233.7 4854.6 20.9
2137.6 4860.2 24.8
2106.8 4852.3 26.9
2053.4 4860.1 28.3
1839.2 4856.5 32.2
1808.1 4859.0 32.0
1777.9 4851.7 32.2
1761.6 4855.0 32.1
1723.2 4852.3 32.1
2187.9 4874.7 21.3
2129.6 4868.6 24.5
2106.7 4873.1 25.1
2064.9 4866.4 27.3
2038.0 4871.5 27.9
2023.7 4868.8 28.6
2003.7 4866.7 29.5
1916.2 4871.3 31.9
1904.3 4870.7 31.9
1868.2 4869.9 31.8
1859.7 4867.7 31.9
1822.7 4868.7 31.8
1794.7 4874.0 31.6
1782.6 4875.8 31.5
1708.6 4868.1 31.6
2260.6 4884.5 21.6
2245.3 4888.5 21.4
2225.9 4886.5 20.9
2182.8 4882.5 20.9
2048.3 4889.9 25.8
1947.1 4886.5 29.8
1931.6 4890.5 30.0
1916.2 4891.0 30.5
1869.2 4889.9 31.3
1843.2 4889.0 31.3
1764.1 4887.2 31.2
1739.3 4885.6 31.2
1687.3 4884.5 31.1
2159.2 4905.4 20.0
2077.3 4903.6 23.5
2051.7 4904.8 24.3
2004.9 4896.2 26.8
1927.1 4902.7 29.0
1886.5 4898.1 30.9
1857.8 4902.3 30.9
1746.5 4899.0 30.8
2200.7 4919.5 21.6
2128.5 4914.0 20.7
2095.7 4911.9 22.1
2050.6 4919.1 23.1
1986.9 4912.8 25.9
1978.4 4914.8 26.1
1960.1 4912.5 26.9
1884.1 4913.8 29.6
1872.3 4911.2 30.2
1821.2 4915.9 30.5
1723.4 4916.9 30.3
2130.0 4935.8 20.2
2096.9 4927.0 20.7
2002.2 4927.8 24.0
1917.8 4930.0 26.9
1866.7 4926.5 29.0
2198.7 4948.1 22.5
2185.8 4946.2 22.1
2150.7 4944.3 21.0
2070.1 4948.1 21.0
2020.2 4948.8 21.7
1991.7 4941.4 23.2
1926.0 4946.9 25.0
1918.7 4941.3 25.8
1898.0 4946.9 26.0
1763.0 4950.8 29.4
1754.7 4943.5 29.6
1735.3 4950.3 29.4
1723.0 4944.2 29.5
2151.5 4958.4 21.3
2137.8 4958.9 20.9
2122.8 4963.1 20.6
2093.4 4956.9 20.8
2049.3 4956.2 21.4
2038.4 4958.8 21.5
2002.0 4961.4 22.0
1994.6 4965.3 22.2
1944.1 4965.3 22.9
1934.7 4962.7 23.3
1904.5 4963.9 24.3
1810.5 4958.2 28.2
1770.0 4965.7 29.0
2173.9 4979.7 22.4
2021.4 4981.1 21.9
1993.5 4973.9 22.2
1974.1 4974.9 22.5
1920.6 4976.0 23.3
1884.0 4974.1 24.1
1766.1 4980.7 27.7
2155.7 4990.6 22.1
2105.7 4990.2 20.8
2100.3 4988.4 20.9
2051.6 4995.8 21.6
1956.6 4995.0 22.9
1768.9 4992.0 26.6
1745.8 4989.9 27.6
2151.4 5008.1 22.3
2107.7 5001.8 20.9
2092.1 5007.7 21.1
2080.0 5008.4 21.3
2024.1 5006.1 22.0
1919.1 5005.0 23.5
1904.3 5010.5 23.7
1881.0 5004.4 24.0
2038.4 5019.6 21.9
1977.3 5017.6 22.7
1949.9 5022.1 23.1
1826.2 5018.9 24.8
2080.7 5031.6 21.4
2007.5 5031.2 22.4
1992.9 5032.3 22.6
1957.8 5037.2 23.1
1918.6 5031.4 23.6
1883.3 5038.8 24.2
1841.7 5036.6 24.7
1823.7 5037.4 25.0
1932.5 5047.6 23.5
1838.4 5049.1 24.9
1825.3 5046.7 25.0
1806.5 5053.8 25.4
1793.1 5046.9 25.5
2079.7 5067.0 21.6
2063.2 5061.7 21.8
1961.9 5065.7 23.3
1829.3 5065.4 25.2
1807.5 5064.6 25.2
2068.7 5076.3 21.8
2050.6 5076.7 22.1
2035.9 5095.9 22.6
2023.2 5096.5 22.9
1884.6 5098.0 23.2
1855.0 5092.5 23.4
1845.3 5094.0 23.3
1827.4 5100.3 22.8
1806.3 5099.3 22.8
1794.5 5095.7 23.0
2019.4 5110.4 22.8
2005.7 5115.3 22.9
1958.4 5110.3 22.6
1905.4 5113.4 22.5
1885.1 5106.2 22.6
1972.6 5127.1 23.0
1946.3 5128.9 22.9
1874.6 5122.1 22.6
1851.3 5127.0 22.6
1797.8 5124.4 22.1
1785.5 5123.4 21.9
1988.9 5138.0 23.2
1931.7 5137.7 23.0
1896.9 5136.7 22.9
1808.8 5143.4 20.9
1963.5 5158.6 23.4
1912.4 5157.5 22.3
1869.9 5159.3 21.3
1844.1 5154.5 20.9
1949.1 5171.3 23.1
1902.5 5174.5 22.4
1867.6 5173.1 21.8
1854.8 5191.0 22.1
1837.7 5181.8 21.5
1822.2 5202.7 21.8
1842.7 5216.9 22.6
1822.5 5221.0 22.1
-4544.6 -7006.4 2.6
-4544.9 -6989.8 2.2
-4561.6 -6995.7 2.9
-4507.8 -6982.6 2.4
-4563.0 -6973.8 2.7
-4561.9 -6968.1 2.2
-4577.2 -6946.3 4.3
-4613.3 -6951.7 5.1
-4475.8 -6937.9 3.3
-4499.8 -6937.3 2.7
-4589.0 -6938.7 5.3
-4532.2 -6904.4 6.1
-4559.1 -6899.6 7.0
-4596.3 -6907.1 7.4
-4623.0 -6908.5 7.5
-4679.1 -6903.1 5.7
-4702.8 -6904.7 5.1
-4607.0 -6891.2 7.5
-4710.5 -6885.8 4.6
-4732.2 -6891.2 4.5
-4594.7 -6871.4 7.2
-4685.5 -6876.3 4.9
-4549.0 -6855.0 7.6
-4621.4 -6860.1 6.1
-4635.5 -6856.8 5.6
-4658.4 -6856.0 5.3
-4671.1 -6859.8 5.1
-4581.3 -6839.2 6.6
-4639.4 -6845.9 5.5
-4592.7 -6829.0 6.1
-4634.8 -6833.7 5.6
-4725.1 -6828.0 5.7
-4592.8 -6818.6 6.2
-4655.3 -6817.6 6.0
-4701.2 -6801.1 6.3
-6029.4 4508.9 2.5
-6048.6 4522.3 -2.4
-6034.1 4535.6 3.0
-6045.3 4555.1 1.1
-6060.4 4640.5 10.1
-6379.6 4660.4 6.2
-6377.5 4672.6 6.2
-6066.2 4688.4 11.2
-6079.8 4708.6 10.5
-6321.3 4708.6 5.9
-6360.4 4708.8 5.7
-6088.6 4714.7 10.3
-6154.5 4720.0 9.2
-6171.3 4715.3 9.0
-6334.4 4718.1 5.7
-6348.9 4716.6 5.7
-6105.7 4734.8 9.7
-6150.2 4734.2 8.6
-6186.4 4730.0 7.8
-6196.6 4736.2 7.2
-6268.6 4734.0 5.8
-4659.2 -4462.2 8.5
-4650.0 -4450.6 8.8
-4677.6 -4454.2 8.4
-4717.8 -4451.6 7.3
-4723.9 -4436.1 7.9
-4765.6 -4430.3 7.1
-4620.4 -4420.8 8.6
-4763.8 -4417.6 7.7
-4633.4 -4385.6 8.6
-4762.1 -4388.5 9.0
-4631.2 -4344.3 8.5
-4646.7 -4348.2 8.5
-4665.7 -4347.2 8.6
-4763.0 -4341.6 8.9
-4778.0 -4347.7 9.0
-4661.9 -4332.7 8.5
-4701.4 -4324.7 8.7
-4747.5 -4328.8 8.8
-4644.6 -4314.1 8.4
-4665.8 -4310.2 8.5
-4695.9 -4318.3 8.6
-4771.0 -4318.0 8.9
-4779.9 -4310.7 8.9
-4646.0 -4300.9 8.4
-4752.8 -4302.9 8.8
-4794.2 -4304.0 8.9
-4665.9 -4289.3 8.4
-4768.4 -4288.0 8.8
-4831.4 -4283.1 8.8
-4605.9 -4271.4 7.9
-4615.5 -4270.7 7.9
-4626.9 -4269.4 7.9
-4660.0 -4266.5 7.8
-4689.7 -4272.2 8.0
-4785.2 -4270.9 8.1
-4808.4 -4271.7 8.2
-4736.1 -4251.3 7.8
-4829.1 -4252.9 7.6
-4659.6 -4236.5 8.2
-4688.2 -4244.1 8.0
-4736.0 -4244.3 7.9
-4769.0 -4236.8 7.9
-4822.8 -4239.5 7.8
-4842.8 -4241.3 7.7
-4861.1 -4237.7 7.7
-4656.8 -4228.3 8.3
-4718.3 -4229.2 8.1
-4781.1 -4228.0 8.0
-4688.3 -4210.4 8.4
-4748.2 -4210.6 8.2
-4690.0 -4196.0 8.5
-4706.0 -4197.2 8.5
-4733.3 -4198.1 8.3
-4748.4 -4195.3 8.1
-4792.3 -4198.0 7.8
-4630.3 -4177.9 8.9
-4724.3 -4182.0 8.1
-4650.9 -4159.9 8.5
-4722.9 -4162.8 7.9
-4718.4 -4120.7 7.8
-4677.5 -4106.7 7.8
-4690.5 -4107.4 7.8
-4751.9 7149.2 9.0
-4762.0 7144.5 9.1
-4779.7 7162.3 10.5
-4704.3 7176.3 11.1
-4809.6 7180.5 12.6
-4748.0 7191.0 13.0
-4761.5 7187.9 12.8
-4793.0 7193.9 13.7
-4821.9 7208.1 14.5
-4747.2 7223.6 16.2
-4760.4 7218.9 15.9
-4715.4 7233.6 16.9
-4825.9 7238.9 15.0
-4797.6 7246.8 16.4
-4820.7 7265.3 15.5
-4791.4 7277.3 16.7
-4779.2 7298.3 16.6
-4806.1 7293.3 15.6
-4783.7 7308.4 16.0
-4799.0 7312.7 15.4
4138.2 6337.0 32.4
4107.5 6343.5 30.2
4161.9 6354.8 34.8
4143.0 6353.4 33.4
4096.2 6349.2 29.6
4182.7 6368.4 35.6
4272.9 6382.8 38.3
4144.3 6387.5 33.9
4249.3 6397.9 35.9
4142.4 6402.7 33.8
4108.6 6395.1 32.1
4095.8 6400.6 31.7
4242.5 6409.1 35.7
4175.3 6413.0 34.7
4190.1 6426.4 34.7
4171.6 6430.5 34.4
4188.6 6444.5 35.5
4170.7 6447.3 35.0
4278.6 6461.7 39.0
4214.6 6463.6 37.0
4291.8 6470.9 39.7
4272.7 6478.2 39.3
4263.8 6493.0 39.5
4244.2 6490.2 38.7
4291.6 6507.3 40.3
4277.8 6508.7 40.1
4312.0 6520.2 40.7
4280.6 6522.3 40.4
4262.4 6520.8 40.1
4234.9 6514.2 39.2
4247.5 6537.8 40.2
4321.0 6552.9 40.2
4307.1 6546.4 40.1
4294.3 6547.5 40.1
4288.4 6582.9 40.6
4319.5 6593.8 40.8
4296.3 6592.7 40.8
3976.3 6381.6 23.7
3931.1 6381.4 23.9
3971.5 6390.3 24.0
3959.7 6389.5 23.6
3923.0 6389.4 24.3
3907.0 6395.8 25.1
3990.2 6413.3 25.8
3970.8 6404.5 24.8
3923.4 6413.3 24.5
3915.9 6410.9 24.8
3944.4 6419.4 24.7
3910.7 6442.4 25.2
3895.8 6437.6 25.9
3984.4 6452.8 27.8
3954.1 6451.5 26.8
3941.0 6450.3 26.3
3910.9 6457.1 25.8
3957.7 6464.5 27.6
3900.5 6482.5 26.8
3924.4 6110.7 28.8
3910.9 6148.3 25.8
3935.6 6174.0 24.9
3921.4 6172.1 25.2
-6948.2 8220.6 11.4
-6899.3 8261.4 10.3
-6923.3 8266.6 11.0
-6937.3 8265.0 11.4
-6993.4 8264.5 10.3
-6862.1 8281.1 9.4
-6889.5 8278.4 10.1
-6902.5 8292.6 10.6
-6961.9 8294.2 11.3
-6978.5 8292.1 10.8
-6899.9 8309.4 10.6
-6918.5 8309.2 11.1
-6935.0 8310.4 11.3
-6980.8 8309.4 10.7
-7023.8 8307.5 9.0
-6878.5 8323.1 10.1
-6921.7 8325.3 11.2
-6934.8 8322.6 11.3
-6948.9 8321.4 11.3
-7012.9 8323.1 9.3
-6873.3 8342.7 10.0
-6893.6 8335.3 10.5
-6931.3 8341.0 11.3
-6983.8 8338.5 10.4
-7026.5 8336.5 8.8
-7079.6 8333.8 6.6
-6873.4 8357.2 10.1
-6884.2 8350.5 10.4
-6919.1 8349.6 11.2
-6966.3 8349.3 11.1
-6994.3 8350.1 10.0
-7008.3 8353.6 9.4
-7085.6 8351.5 6.3
-6951.4 8371.0 11.1
-7023.8 8365.9 8.8
-7082.0 8372.0 6.4
-7098.0 8370.0 5.8
-6915.4 8383.4 11.1
-6938.6 8382.9 11.1
-6961.2 8384.5 11.1
-6983.3 8385.9 10.3
-6990.3 8385.8 10.0
-7028.2 8381.7 8.5
-7058.4 8384.5 7.3
-7066.5 8379.4 7.0
-6918.4 8400.4 11.1
-7028.1 8395.6 8.5
-7072.3 8398.1 6.7
-7081.0 8396.2 6.4
-7103.5 8394.7 5.5
-6901.8 8412.1 11.0
-6933.8 8410.6 11.1
-6901.7 8426.7 11.0
-6919.6 8423.2 11.1
-6933.7 8429.4 11.0
-6981.2 8426.5 10.2
-7079.3 8427.8 6.3
-7109.3 8426.7 5.1
-6903.1 8440.3 11.0
-6976.1 8444.6 10.3
-7024.5 8445.7 8.4
-7041.3 8445.0 7.8
-7100.9 8447.8 5.4
-7082.9 8462.3 6.0
-6916.2 8477.1 11.0
-6931.1 8471.5 10.9
-7049.7 8471.0 7.3
-7081.0 8471.5 6.1
-6974.0 8488.4 10.3
-7008.4 8491.4 8.9
-7050.8 8489.8 7.2
-7096.9 8491.7 5.7
-6997.2 8502.3 9.3
-7019.4 8502.1 8.4
-7088.1 8506.2 5.9
-7100.2 8502.3 5.7
-7115.2 8506.2 5.4
-6951.6 8516.2 10.7
-7041.9 8517.2 7.5
-7058.7 8518.2 6.8
-7080.5 8521.2 6.2
-4696.5 -7738.0 6.6
-4714.2 -7725.0 6.5
-4789.0 -7728.5 7.2
-4668.2 -7709.4 6.4
-4678.1 -7708.0 6.3
-4691.6 -7715.0 6.3
-4707.7 -7713.6 6.3
-4780.2 -7711.6 6.3
-4744.0 -7699.3 6.2
-4767.9 -7692.9 6.1
-4787.9 -7697.8 6.1
-4800.7 -7697.1 6.1
-4684.0 -7686.6 6.0
-4698.9 -7682.0 5.9
-4712.0 -7678.0 5.9
-4796.3 -7682.4 6.0
-4817.3 -7686.8 6.0
-4679.4 -7667.1 5.7
-4668.0 -7656.9 5.6
-4711.7 -7654.4 5.6
-4723.3 -7654.0 5.6
-4786.5 -7655.3 5.6
-4616.5 -7635.7 5.6
-4677.6 -7633.9 5.3
-4690.6 -7641.0 5.4
-4768.9 -7636.3 5.6
-4681.5 -7626.0 5.2
-4723.8 -7617.9 5.7
-4593.9 -7609.1 6.1
-4773.7 -7609.2 6.0
-4803.9 -7602.6 5.9
-4817.4 -7609.6 5.8
-4698.4 -7587.9 6.0
-4713.5 -7595.2 6.0
-4743.1 -7592.8 6.0
-4585.9 -7577.4 6.5
-4653.2 -7579.5 6.1
-4667.6 -7576.1 6.1
-4713.6 -7580.3 6.0
-4645.5 -7559.2 6.0
-4714.1 -7546.5 5.8
-6096.8 1635.8 6.9
-6186.3 1634.3 7.2
-6158.2 1644.1 7.1
-6129.4 1661.2 6.5
-6173.5 1667.1 6.6
-6187.3 1658.0 6.9
-6097.1 1681.1 6.4
-6130.7 1672.9 6.4
-6178.2 1680.7 6.4
-6189.3 1681.5 6.5
-6087.7 1688.6 6.4
-6100.8 1690.6 6.4
-6128.1 1691.8 6.4
-6142.1 1693.8 6.4
-6193.3 1691.8 6.4
-6059.6 1709.2 6.4
-6115.2 1702.5 6.4
-6055.0 1724.2 6.4
-6133.3 1722.6 6.5
-6055.7 1738.5 6.4
-6147.4 1741.5 6.5
-2559.5 -1976.2 10.5
-2558.2 -1957.0 10.5
3550.0 2768.6 6.9
3521.6 2761.3 6.5
3441.8 2761.8 6.5
3424.5 2764.7 6.4
3397.3 2767.4 6.4
3515.5 2776.8 6.4
3476.9 2778.8 6.3
3395.5 2782.6 6.4
3337.5 2779.4 6.3
3516.9 2793.2 6.6
3506.8 2791.0 6.4
3427.2 2800.3 6.1
3412.7 2793.2 6.4
3377.2 2794.5 6.3
3506.6 2811.7 6.7
3443.4 2808.3 6.6
3423.6 2809.9 6.3
3416.3 2807.3 6.1
3340.5 2813.9 6.3
3327.0 2814.2 6.3
3456.0 2825.3 6.1
3324.1 2829.0 6.2
3502.5 2837.9 7.0
3438.4 2843.8 6.0
3430.6 2835.7 6.2
3379.2 2844.6 6.6
3529.0 2858.7 6.8
3514.8 2856.6 6.9
3500.5 2854.2 7.0
3473.0 2857.7 6.6
3437.4 2853.3 5.8
3386.0 2855.6 6.3
3365.8 2859.0 6.5
3341.3 2853.8 6.2
3320.8 2852.0 5.7
3484.0 2873.3 7.1
3474.2 2869.9 6.9
3460.0 2870.0 6.5
3408.0 2868.9 5.8
3368.8 2866.9 6.3
3349.2 2871.4 6.5
3537.1 2885.7 6.7
3521.1 2882.9 6.8
3489.2 2890.4 7.0
3438.8 2881.1 6.3
3399.8 2884.9 5.6
3320.3 2882.8 6.6
3396.1 2899.4 5.5
3380.8 2899.2 5.6
3517.6 2919.6 6.7
3482.6 2914.9 6.9
3472.3 2912.6 7.0
3396.8 2910.8 5.7
3366.4 2914.8 5.5
3437.7 2928.8 7.2
3410.3 2930.2 6.4
3398.5 2932.7 6.2
3516.4 2942.6 6.6
3472.2 2943.1 6.9
3460.2 2949.7 7.0
3443.6 2946.0 7.1
3502.5 2963.7 6.6
3475.8 2956.6 6.8
3534.7 2976.4 6.4
3486.7 2971.4 6.7
-4805.6 -4023.2 7.7
-4819.2 -3992.8 7.5
-6481.3 -8535.1 9.5
-4741.5 -7852.2 5.3
-4724.3 -7831.4 6.0
-4757.8 -7833.0 6.6
-4709.8 -7817.7 6.3
-4741.5 -7820.6 6.8
-4770.1 -7821.8 7.6
-4785.4 -7822.3 8.1
-4684.7 -7805.2 5.8
-4667.7 -7793.5 5.6
-4761.6 -7792.0 7.8
-4774.9 -7787.3 8.1
-4806.4 -7790.0 7.9
-4813.7 -7793.6 7.6
-4831.6 -7791.5 7.4
-4650.1 -7772.5 5.6
-4683.7 -7777.7 6.1
-4723.2 -7774.1 7.1
-4743.3 -7772.8 7.5
-4812.9 -7761.5 8.9
-4665.9 -7746.4 6.1
-4712.6 -7745.5 7.0
-4760.5 -7746.7 7.9
-4818.6 -7744.1 8.7
-4847.8 -7749.5 8.5
-4876.4 -7745.8 7.6
-4638.7 -7727.0 6.2
-4667.4 -7732.6 6.5
-4693.2 -7734.4 6.6
-4729.1 -7729.7 6.5
-4866.5 -7726.9 7.9
-4874.5 -7734.2 7.8
-4679.2 -7714.4 6.4
-4715.6 -7718.5 6.4
-4760.2 -7712.7 6.3
-4861.5 -7719.5 7.8
-4872.7 -7714.4 7.6
-4776.9 -7703.9 6.2
-4888.1 -7704.7 7.1
-4611.1 -7681.9 6.3
-4637.2 -7687.9 6.2
-4649.9 -7683.7 6.1
-4700.3 -7682.4 5.9
-4760.3 -7680.8 5.9
-4817.2 -7681.7 5.9
-4664.8 -7671.6 5.8
-4712.6 -7670.7 5.8
-4744.6 -7670.3 5.8
-4790.2 -7674.7 5.9
-4806.2 -7673.3 5.8
-4924.8 -7666.2 5.8
-4758.4 -7652.6 5.6
-4804.5 -7650.6 5.6
-4819.6 -7655.5 5.6
-4963.8 -7656.3 5.7
-4576.7 -7644.1 6.5
-4641.2 -7640.6 5.5
-4653.9 -7643.8 5.4
-4712.5 -7639.2 5.4
-4726.6 -7644.3 5.5
-4881.9 -7644.0 5.8
-4904.4 -7638.0 5.8
-4937.8 -7635.7 5.7
-4625.1 -7620.5 5.3
-4670.4 -7622.8 5.2
-4788.2 -7625.0 6.0
-4798.4 -7625.4 6.0
-4819.3 -7625.8 5.9
-4897.2 -7622.3 5.7
-4906.0 -7625.0 5.7
-4967.1 -7621.3 5.5
-4995.9 -7629.3 5.5
-4612.2 -7609.4 5.6
-4669.1 -7610.8 5.4
-4744.3 -7612.0 6.0
-4756.9 -7607.4 6.0
-4774.7 -7612.7 6.0
-5010.4 -7608.0 5.4
-4597.6 -7594.3 6.1
-4634.8 -7596.2 5.5
-4666.6 -7597.8 5.7
-4740.8 -7599.1 6.0
-4847.6 -7596.3 5.7
-4924.1 -7596.6 5.5
-4549.7 -7579.9 6.6
-4607.3 -7578.2 6.0
-4702.1 -7583.4 6.0
-4725.0 -7578.0 5.9
-4739.3 -7583.9 5.9
-4755.5 -7576.0 5.8
-4769.6 -7583.1 5.8
-4789.1 -7582.5 5.8
-4800.1 -7584.6 5.8
-4836.6 -7576.6 5.7
-4862.4 -7583.2 5.6
-4910.8 -7582.0 5.5
-4964.1 -7582.5 5.4
-5039.7 -7577.0 5.2
-4713.1 -7569.3 5.9
-4783.8 -7568.2 5.8
-4829.2 -7569.5 5.6
-4907.0 -7567.7 5.5
-4938.9 -7561.0 5.3
-4969.7 -7560.1 5.3
-4550.9 -7551.4 5.5
-4596.2 -7551.2 5.9
-4634.7 -7547.3 5.9
-4672.2 -7548.2 5.9
-4775.2 -7545.3 5.7
-4816.6 -7554.2 5.6
-4897.3 -7546.2 5.4
-4940.3 -7553.4 5.3
-4637.5 -7531.4 5.6
-4775.3 -7537.7 5.6
-4790.4 -7530.3 5.6
-4802.8 -7530.6 5.5
-4833.0 -7535.5 5.5
-4847.5 -7534.3 5.4
-5045.0 -7534.6 5.0
-5056.5 -7537.2 5.0
-4588.4 -7522.3 5.4
-4701.4 -7516.2 5.3
-4755.9 -7524.6 5.5
-4845.1 -7519.8 5.4
-4896.1 -7517.0 5.3
-4934.6 -7516.7 5.2
-4953.9 -7518.1 5.1
-4981.2 -7516.3 5.1
-5038.5 -7516.3 4.9
-5054.0 -7518.4 4.9
-4548.4 -7509.3 4.6
-4557.8 -7503.5 4.7
-4572.9 -7507.9 5.0
-4608.0 -7506.2 5.1
-4677.8 -7502.1 5.1
-4851.4 -7504.1 5.2
-4876.2 -7503.9 5.2
-4905.9 -7505.5 5.2
-4609.8 -7488.8 4.8
-4714.7 -7493.6 4.9
-4770.0 -7487.4 4.8
-4790.4 -7486.1 4.8
-4800.4 -7491.8 4.9
-4834.7 -7493.1 5.0
-4864.7 -7492.4 5.0
-4881.5 -7486.9 4.9
-4889.7 -7492.8 5.0
-4994.7 -7493.6 4.9
-5010.9 -7490.7 4.9
-4530.6 -7478.6 5.2
-4573.6 -7479.0 5.1
-4686.8 -7476.8 4.9
-4712.8 -7472.1 5.0
-4777.6 -7477.4 4.7
-4806.0 -7474.2 4.7
-4813.2 -7475.2 4.7
-4846.0 -7473.5 4.6
-4880.1 -7478.2 4.7
-4887.9 -7474.3 4.6
-4906.7 -7472.3 4.6
-4564.7 -7460.6 5.6
-4582.0 -7457.3 5.6
-4624.7 -7456.9 5.5
-4650.3 -7459.7 5.4
-4731.3 -7459.4 5.2
-4741.7 -7463.1 5.1
-4801.6 -7456.7 5.1
-4937.4 -7462.1 4.7
-4964.5 -7456.8 4.7
-4505.2 -7447.2 6.2
-4513.5 -7447.5 6.1
-4588.9 -7446.1 5.8
-4610.2 -7447.8 5.8
-4640.6 -7449.2 5.7
-4651.6 -7441.0 5.8
-4671.9 -7445.7 5.7
-4727.9 -7448.5 5.5
-4769.9 -7442.1 5.5
-4799.8 -7441.3 5.5
-4843.0 -7447.7 5.2
-4865.9 -7442.6 5.3
-4873.1 -7442.7 5.3
-4955.0 -7449.5 4.9
-4516.5 -7429.1 6.5
-4545.6 -7428.5 6.4
-4560.6 -7431.3 6.3
-4576.3 -7433.4 6.2
-4697.1 -7428.5 6.0
-4727.8 -7428.8 5.9
-4777.5 -7433.5 5.7
-4803.6 -7434.4 5.6
-4847.8 -7428.0 5.7
-4517.9 -7419.8 6.7
-4624.4 -7417.4 6.4
-4668.6 -7417.5 6.3
-4694.6 -7416.9 6.3
-4742.0 -7415.7 6.2
-4859.1 -7419.7 5.8
-4874.7 -7415.1 5.9
-4537.5 -7403.9 6.9
-4548.8 -7396.9 7.1
-4624.2 -7397.1 6.9
-4650.5 -7403.7 6.7
-4669.8 -7396.7 6.8
-4695.2 -7396.5 6.7
-4742.0 -7402.5 6.5
-4789.7 -7395.9 6.5
-4815.9 -7404.5 6.3
-4877.0 -7397.4 6.0
-4905.0 -7399.4 5.9
-4531.5 -7383.0 7.4
-4543.2 -7384.8 7.3
-4681.6 -7387.7 7.0
-4729.2 -7384.0 6.8
-4739.5 -7385.6 6.8
-4788.4 -7387.4 6.5
-4831.7 -7384.3 6.3
-4907.8 -7388.6 5.9
-4566.4 -7371.1 7.6
-4625.9 -7368.9 7.4
-4769.7 -7368.8 6.7
-4803.2 -7365.2 6.5
-4822.0 -7367.0 6.4
-4861.8 -7373.8 6.2
-4503.5 -7349.9 8.0
-4516.9 -7350.4 8.0
-4633.9 -7353.1 7.4
-4709.6 -7350.6 7.0
-4757.6 -7354.7 6.8
-4771.9 -7358.5 6.7
-4895.8 -7349.9 6.0
-4909.6 -7351.0 6.0
-4498.0 -7340.7 8.0
-4565.7 -7342.3 7.8
-4651.7 -7344.5 7.4
-4685.9 -7337.4 7.2
-4700.9 -7344.5 7.1
-4819.1 -7341.3 6.5
-4859.0 -7344.0 6.3
-4475.4 -7328.5 8.0
-4513.5 -7320.2 8.1
-4535.3 -7325.9 8.5
-4577.8 -7326.7 7.8
-4608.6 -7321.1 7.7
-4639.1 -7325.7 7.5
-4784.7 -7320.3 6.7
-4799.1 -7328.3 6.6
-4857.9 -7325.9 6.3
-4893.8 -7324.6 6.1
-4918.7 -7325.3 6.0
-4475.5 -7307.6 7.8
-4512.9 -7312.0 8.1
-4532.5 -7305.6 8.5
-4581.0 -7312.8 7.8
-4608.1 -7308.9 7.7
-4648.8 -7313.9 7.5
-4663.5 -7313.3 7.4
-4701.6 -7306.2 7.2
-4758.3 -7306.8 6.9
-4802.2 -7311.4 6.6
-4817.0 -7307.3 6.6
-4903.9 -7311.3 6.1
-4507.2 -7298.0 8.1
-4532.3 -7295.4 8.6
-4771.5 -7292.7 6.9
-4828.9 -7298.5 6.5
-4882.0 -7292.7 6.3
-4909.0 -7297.6 6.1
-5071.2 -7293.0 6.9
-4483.5 -7280.1 7.7
-4505.5 -7277.4 8.2
-4576.2 -7279.4 9.5
-4666.6 -7280.1 7.5
-4685.7 -7274.9 7.4
-4783.9 -7282.6 6.8
-4798.1 -7279.0 6.8
-4814.2 -7282.7 6.7
-4848.2 -7281.6 6.5
-4860.5 -7280.4 6.4
-4926.6 -7277.4 6.1
-5056.6 -7277.2 7.1
-5113.8 -7276.3 7.7
-4487.6 -7261.2 7.9
-4502.4 -7264.4 8.2
-4513.9 -7262.2 8.5
-4544.6 -7263.8 9.0
-4597.6 -7263.4 10.0
-4636.6 -7260.8 8.7
-4650.3 -7269.5 7.6
-4726.0 -7267.8 7.2
-4746.4 -7267.0 7.1
-4813.6 -7265.5 6.7
-4827.9 -7268.0 6.6
-4908.2 -7269.6 6.2
-4921.4 -7267.6 6.1
-5043.9 -7264.3 7.3
-5073.8 -7268.1 7.5
-5099.7 -7260.6 7.9
-4559.7 -7250.6 9.4
-4575.2 -7253.9 9.6
-4642.2 -7249.3 9.4
-4670.5 -7253.0 7.5
-4683.7 -7252.9 7.4
-4708.8 -7246.3 7.3
-4723.4 -7254.5 7.2
-4784.4 -7251.7 6.9
-4814.2 -7249.8 6.7
-4843.5 -7248.8 6.6
-4861.5 -7249.6 6.5
-4880.8 -7251.0 6.4
-4894.7 -7246.6 6.3
-4924.2 -7245.0 6.2
-4967.9 -7250.0 6.5
-5056.6 -7249.0 7.7
-4536.7 -7230.9 9.1
-4596.8 -7236.2 10.1
-4632.7 -7234.9 10.8
-4709.7 -7233.1 7.4
-4731.1 -7232.5 7.2
-4756.0 -7235.6 7.1
-4801.8 -7233.0 6.9
-4834.3 -7234.6 6.7
-4867.5 -7234.8 6.5
-4893.5 -7230.6 6.4
-4911.8 -7230.3 6.3
-4920.3 -7235.7 6.2
-5001.5 -7233.2 7.5
-5011.5 -7236.3 7.5
-5026.0 -7237.2 7.7
-5055.2 -7236.0 8.0
-4562.6 -7222.4 9.6
-4610.1 -7218.0 10.5
-4731.3 -7222.0 7.3
-4756.4 -7219.6 7.1
-4814.5 -7219.0 6.8
-4896.8 -7224.4 6.4
-4904.8 -7224.5 6.3
-4933.5 -7216.1 6.8
-4970.7 -7222.6 7.4
-4980.8 -7216.4 7.7
-5011.2 -7223.4 7.8
-4547.5 -7208.5 9.3
-4562.4 -7204.1 9.6
-4610.2 -7202.7 10.6
-4633.5 -7209.3 10.9
-4701.3 -7208.7 8.9
-4746.4 -7207.2 7.2
-4830.2 -7205.5 6.8
-4879.7 -7206.1 6.5
-4925.7 -7209.6 6.8
-4949.4 -7203.4 7.6
-4981.6 -7209.5 7.8
-5023.5 -7209.2 8.2
-5044.4 -7202.8 8.6
-5098.6 -7205.8 9.0
-4575.1 -7185.7 9.3
-4642.4 -7189.8 11.2
-4699.0 -7190.8 10.8
-4859.6 -7189.7 6.7
-4904.7 -7191.3 6.9
-4920.5 -7191.5 7.3
-4953.8 -7186.0 8.1
-5030.8 -7189.3 8.7
-5092.1 -7192.4 9.3
-5118.9 -7191.6 9.5
-5137.5 -7185.3 9.7
-5149.2 -7189.3 9.6
-4561.8 -7176.4 8.4
-4610.9 -7178.2 10.2
-4638.6 -7173.7 11.0
-4694.3 -7171.6 12.2
-4725.3 -7175.8 10.3
-4835.7 -7171.4 6.8
-4906.2 -7173.5 7.5
-4932.8 -7176.6 8.0
-4978.0 -7178.4 8.4
-5001.9 -7171.3 8.8
-5031.4 -7176.8 9.0
-5040.0 -7179.5 9.0
-5056.1 -7170.7 9.8
-5087.8 -7177.6 9.7
-5121.5 -7173.8 9.7
-4562.8 -7162.9 8.2
-4593.5 -7156.3 9.0
-4606.0 -7163.8 9.5
-4622.3 -7161.2 9.9
-4681.0 -7161.5 12.0
-4758.8 -7156.3 9.7
-4772.6 -7162.2 8.0
-4832.7 -7157.2 6.9
-4866.1 -7156.0 7.1
-4874.0 -7159.7 7.2
-4981.2 -7158.9 8.9
-5000.6 -7158.8 9.3
-5010.9 -7161.1 9.4
-5044.7 -7159.7 9.9
-5090.3 -7161.8 9.9
-4665.7 -7144.3 11.1
-4716.1 -7140.6 12.6
-4850.4 -7140.5 7.3
-4890.6 -7149.6 7.9
-4912.5 -7140.7 8.6
-5083.2 -7141.6 9.6
-4572.7 -7131.3 7.8
-4588.5 -7127.4 8.5
-4619.6 -7134.3 9.6
-4608.8 -7114.2 9.0
-4655.1 -7114.6 10.5
-4596.1 -7097.2 7.8
-4605.3 -7096.8 8.4
-4621.8 -7100.9 9.4
-4642.2 -7099.6 10.0
-4596.4 -7086.3 7.5
-4603.2 -7088.0 8.1
-3070.8 -7077.3 8.2
-4162.4 -5777.3 9.8
-4161.4 -5748.1 9.6
3303.8 -7124.4 51.5
3320.5 -7109.8 51.1
3319.1 -7094.6 50.7
