3382.7 1962.6 9.0
3411.3 1965.1 9.9
3430.9 1987.3 10.3
3446.6 1995.6 10.8
3355.9 1948.5 8.2
3347.0 1944.3 7.9
3467.4 -504.4 12.7
3499.8 2017.9 12.0
3406.2 1974.7 9.6
3419.4 1969.4 10.1
3427.5 1973.5 10.3
3435.5 1977.6 10.6
3443.9 1981.7 10.8
3451.5 1986.7 11.0
3534.4 2050.9 11.7
3521.5 2025.8 12.1
3558.0 2040.2 11.8
3574.8 2045.7 11.7
3541.6 2034.5 11.9
3784.1 2009.2 12.2
3788.0 2005.8 12.2
3817.4 2004.2 12.1
4041.9 3059.0 9.5
4012.6 3062.9 9.5
4057.2 3042.4 9.8
4091.2 3046.3 9.6
4090.5 3078.3 9.0
4038.5 3016.2 9.4
4028.6 3014.0 9.2
4010.2 3009.8 9.0
4001.2 2999.0 8.8
4016.8 3028.1 9.3
4023.3 2974.6 8.7
4007.1 2962.8 8.3
4009.6 2991.5 8.7
5658.1 4005.8 15.8
5614.5 4023.1 16.0
5627.6 3978.6 15.8
5633.9 3977.7 15.8
5660.0 4015.8 15.9
6078.2 3676.7 12.0
6068.4 3683.2 12.4
6060.5 3688.5 12.4
5027.2 4702.1 11.8
4958.4 4694.0 9.9
4960.4 4700.9 10.5
6014.8 3994.0 10.9
5991.0 4254.7 12.8
5989.6 4214.8 12.0
5976.3 4225.7 11.8
5981.1 4231.7 11.9
5996.6 4250.1 12.6
6003.1 4244.7 12.4
5993.0 4232.0 11.9
5992.0 4243.5 12.3
5998.5 4237.9 12.0
5947.3 4184.3 12.1
5945.1 4181.7 12.1
5943.0 4179.1 12.1
5942.9 4187.9 11.9
5940.6 4185.3 12.0
5942.9 4183.5 12.0
5945.2 4186.0 12.0
5938.5 4182.8 12.0
5940.7 4189.8 11.9
5738.6 3411.4 15.1
5811.5 3426.3 15.5
5792.6 3424.8 15.4
5755.6 3426.6 15.1
5662.3 3385.0 15.3
5698.1 3407.6 15.5
5721.2 3415.7 15.3
5885.3 4108.8 13.3
5878.7 4114.3 13.3
5876.4 4111.6 13.4
5874.5 4109.2 13.4
5883.1 4110.6 13.3
5880.8 4107.9 13.4
5878.8 4105.6 13.4
5878.5 4109.8 13.4
5910.5 3965.1 13.6
5932.9 3993.5 13.1
5969.0 4003.0 12.2
5699.9 3105.8 13.7
5675.3 4106.2 16.1
5708.6 3138.5 13.6
5701.5 3122.2 13.6
5038.1 3554.4 15.0
5031.9 3554.2 14.7
5021.1 3567.4 14.4
5001.6 3583.3 14.1
4999.7 3588.0 14.2
4984.4 3602.5 14.1
5158.7 3440.3 15.3
5140.1 3456.0 15.1
5905.3 3905.6 14.3
5900.2 3917.3 13.8
5895.8 3927.8 13.8
5904.5 3934.0 13.6
5461.8 3319.2 14.0
5465.5 3330.5 14.0
5449.8 3336.5 14.4
5503.8 3343.5 14.3
5515.0 3336.2 13.9
5537.9 3353.9 14.7
5483.9 3326.4 13.9
5621.8 3371.9 14.8
5634.8 3376.1 14.8
5526.3 3361.7 14.8
5562.8 3373.7 15.0
5715.5 3144.3 13.6
5666.2 4054.7 16.2
5668.7 4065.8 16.3
5673.9 4084.2 16.4
5875.4 3814.4 14.8
6087.7 3670.6 11.7
4850.8 -2559.9 14.0
4828.6 -2545.2 14.1
4802.4 -2510.5 14.5
4755.8 -2449.2 14.7
5621.7 -1319.6 13.6
5594.9 -1328.1 13.5
5627.9 -1342.3 13.7
5600.8 -1325.6 13.6
5609.5 -1316.8 13.6
5592.6 -1358.9 13.6
5598.7 -1368.9 13.6
5580.5 -1338.8 13.5
5610.7 -1389.1 13.6
5616.7 -1399.1 13.7
6278.4 -913.8 16.1
6175.7 -1021.6 15.6
5078.6 -2749.3 12.7
5106.7 -2717.7 12.5
5105.2 -2719.6 12.5
5006.2 -2768.4 13.3
5354.1 2272.3 12.5
5344.7 2266.1 12.4
6097.4 -1402.1 15.4
-6484.6 -4211.4 43.9
5909.8 -5483.3 16.9
4778.6 -2478.7 14.6
4994.2 -2778.7 13.4
-1851.0 -6166.8 16.7
5365.4 -8322.2 34.2
5624.3 -1350.7 13.7
5604.7 -1379.0 13.6
5450.4 -3355.9 13.6
-6632.4 3377.2 33.5
156.0 780.2 7.6
155.3 770.8 7.3
-6105.2 -5728.2 37.9
-6139.8 -8243.6 23.7
5533.4 3342.7 14.2
5185.3 -3104.2 13.0
4819.6 -2514.6 14.4
5981.4 4242.0 12.4
-5247.1 3003.2 11.4
4787.2 -2472.0 14.6
5075.1 -2748.2 12.8
4040.3 2975.6 8.9
4063.5 3028.5 9.8
-6488.0 -4216.6 44.0
5031.9 3560.6 14.8
4977.7 3601.9 13.8
5594.4 3374.6 15.0
6048.2 3696.3 12.4
3509.6 2058.4 11.5
3387.9 1951.6 9.1
3405.5 1960.4 9.7
3422.9 1983.4 10.1
3438.8 1991.5 10.6
3458.4 1992.9 11.2
3454.6 1999.6 11.0
3352.5 1933.7 7.8
3360.6 1937.9 8.1
5139.7 -8350.2 33.2
-1869.6 -6144.5 16.4
-547.4 8677.2 10.7
4551.1 7043.4 17.7
4707.2 6955.0 15.1
5986.4 4248.1 12.6
6009.7 4239.3 12.1
5964.5 4224.6 11.8
5969.8 4231.3 11.9
5971.1 4218.9 11.8
5358.7 2275.2 12.6
5674.7 4117.4 15.8
5421.6 -3321.2 12.4
5638.5 3387.9 15.4
5441.3 -3344.0 13.2
5411.0 -3310.6 12.1
5880.8 4116.9 13.3
5887.4 4111.4 13.3
5606.0 -1323.5 13.6
5662.8 4034.0 16.0
3881.2 2199.2 10.0
4511.6 -2237.3 12.6
5911.8 -5466.4 16.8
4458.9 -3210.6 12.8
5491.4 -3418.7 14.1
5459.2 -3368.1 13.9
5216.1 -3136.9 13.6
4948.3 -2726.4 13.5
4937.5 4630.7 9.9
4937.4 4623.9 10.0
5964.4 3746.9 12.8
5955.3 3750.7 13.0
5951.8 3746.4 12.7
5960.5 3742.7 12.4
5945.4 3772.6 13.7
5937.1 3776.1 13.9
5928.9 3779.5 13.9
5952.0 3780.8 13.7
5935.8 3787.4 13.8
5899.6 3779.2 14.3
5930.7 3761.0 13.6
5913.9 3768.1 14.0
5906.7 3773.7 14.2
5912.1 3780.9 14.1
5934.4 3769.7 13.8
5942.6 3766.4 13.6
5914.1 3762.4 13.6
5923.2 3758.6 13.4
5942.6 3750.3 12.9
3786.3 1998.3 12.2
3803.6 2004.2 12.2
3809.8 2007.3 12.2
6284.3 -917.3 16.1
4996.1 4644.0 10.4
4994.2 4653.6 10.3
4996.0 4663.9 10.2
5007.2 4679.8 10.2
5013.3 4687.0 10.4
4943.0 4651.4 9.9
4945.9 4659.3 9.8
4948.2 4665.9 9.8
4950.7 4672.6 9.7
6917.8 3624.9 9.3
6918.8 3615.1 9.2
6921.1 3620.9 9.4
5982.8 4220.4 11.8
5977.5 4213.5 11.9
5993.6 4221.0 11.9
5987.8 4226.2 11.8
5974.4 4237.0 12.2
5987.0 4237.1 12.2
5983.8 4208.0 12.0
5936.4 4184.6 11.9
5611.5 3378.7 15.0
5595.8 3385.3 15.2
4013.8 3043.4 9.5
4072.0 3047.8 9.6
4091.4 3061.2 9.1
4002.9 3027.7 9.1
4047.7 3026.4 9.6
4031.9 3023.9 9.4
4022.0 2953.9 8.4
5675.5 3400.4 15.7
5666.7 3397.4 15.7
5716.5 3425.4 15.3
5818.1 3426.9 15.5
5787.5 3424.4 15.4
5000.9 4672.3 10.2
4953.1 4679.9 9.7
5664.2 4044.9 16.1
5661.5 4024.9 15.9
5880.8 4112.6 13.3
5481.8 3335.7 14.0
5444.6 3320.4 14.4
5604.9 3366.5 14.8
5576.8 3367.0 14.9
5561.9 3351.6 14.5
5668.0 4090.5 16.5
5675.2 4094.9 16.4
5881.1 4103.7 13.4
5666.6 3984.4 15.9
5647.5 3982.0 15.8
5641.5 3978.5 15.8
5144.1 3446.6 15.1
5614.0 3998.3 15.8
5613.3 4015.0 16.0
5615.7 4031.7 16.1
5854.3 3438.5 15.0
6036.5 3703.9 12.3
4985.7 3597.4 13.9
5631.3 3023.2 13.3
5633.8 3026.5 13.3
5940.7 4181.0 12.0
5944.0 3784.0 13.7
5918.4 3794.5 14.1
5947.1 3754.1 13.2
5922.5 3764.5 13.8
5926.2 3773.1 14.0
5932.8 3754.5 13.1
5718.9 3134.4 13.6
5698.3 3132.2 13.6
-6090.9 -8123.9 25.4
-6129.1 -8182.3 25.0
-6112.1 -8142.3 25.6
4042.1 3041.9 9.7
5025.9 3560.1 14.6
5017.0 3573.1 14.4
-6099.2 -8144.0 25.3
-6142.0 -8212.5 24.3
5938.9 3757.6 13.4
5643.5 3400.7 15.9
3779.9 2012.7 12.3
5612.9 4006.6 15.9
5349.1 2269.0 12.5
3399.7 1971.5 9.4
3183.3 1017.6 9.7
3182.3 1024.8 9.6
3175.4 1023.3 9.6
3177.0 1032.6 9.7
3167.8 1063.7 8.8
3166.1 1058.1 9.1
3147.9 1037.9 10.0
3147.2 1028.7 9.6
-1858.7 -6159.7 16.6
-5475.2 -5292.1 30.1
-6496.7 -4210.6 44.0
5927.6 3790.7 13.9
5890.6 3786.2 14.4
5885.3 4113.2 13.3
5882.9 4115.2 13.3
-5500.4 -5296.8 30.6
-5507.8 -5302.5 30.7
5205.5 -3126.3 13.7
5241.5 -3159.7 13.4
5400.3 -3300.2 11.9
5431.9 -3332.3 12.8
5913.5 -5445.1 16.6
5912.7 -5460.1 16.7
5909.1 -5491.1 16.9
4926.3 -2691.0 13.6
-6492.3 -4222.4 44.1
5467.6 -3380.6 14.3
5475.7 -3393.2 14.4
5499.0 -3431.7 13.7
5054.9 -8354.2 32.7
5142.5 -8307.4 33.9
4344.1 7287.3 17.6
4453.7 -3209.4 12.8
5041.7 -2777.2 13.0
5164.3 -3079.6 11.8
5174.0 -3091.0 12.2
6051.3 -8293.3 20.9
6069.0 -8285.3 20.8
5503.3 -8492.3 33.9
5034.7 -2788.7 13.1
5627.3 -1328.8 13.7
5606.1 -1351.1 13.6
3878.7 2205.4 9.9
5195.2 -3115.3 13.5
5000.2 -2773.6 13.4
5028.8 -2793.9 13.1
5022.5 -2799.0 13.2
5016.6 -2804.2 13.2
-6160.7 -8259.7 23.2
-6152.2 -8240.8 23.6
5483.6 -3405.8 14.5
5883.0 4106.0 13.4
4041.7 3064.3 9.3
4072.5 3065.4 9.0
4044.1 3000.8 9.2
4770.9 -2450.7 14.7
4803.4 -2493.2 14.5
5586.6 -1348.9 13.5
5710.6 3128.6 13.6
3157.3 1051.0 9.5
1860.9 -2907.1 10.8
5693.6 3138.8 13.5
5671.3 4075.0 16.3
5919.7 3780.3 14.0
6055.4 3691.9 12.4
5629.0 3026.7 13.3
5362.9 2277.7 12.6
4850.7 -2579.3 13.9
5938.4 4187.1 11.9
3525.5 2013.3 12.2
3390.6 1966.6 9.2
3395.8 1956.2 9.4
5903.7 3947.9 13.7
5782.4 3423.8 15.4
5020.5 4694.9 11.1
4938.7 4638.3 9.9
5876.6 4107.4 13.4
5944.1 3571.3 16.8
5709.7 3151.6 13.5
3187.7 1024.3 9.6
5705.2 3159.9 13.5
5697.9 3154.4 13.5
5655.7 3984.9 15.8
5999.3 3998.9 11.3
5897.0 3793.5 14.4
5904.7 3786.6 14.2
4010.4 2935.6 8.0
3414.6 1979.0 9.9
4041.8 3046.5 9.7
3532.6 2067.7 11.5
-5805.8 -6771.7 21.1
4756.2 -2434.9 14.4
-6500.6 -4216.4 44.1
-6493.3 -4205.5 43.8
5614.6 -1315.9 13.6
3149.2 1046.9 9.8
-6126.1 -8175.3 25.2
6168.7 -1022.5 15.6
4476.7 7199.4 16.1
5507.4 3355.4 14.7
5913.2 -5451.8 16.7
6378.5 -2624.5 13.9
1743.6 -2904.1 10.7
4501.1 5866.2 13.7
4515.3 5871.2 13.6
4529.4 5876.2 13.5
4543.6 5881.2 13.4
4557.7 5886.2 13.3
4571.8 5891.2 13.1
4586.0 5896.2 12.9
4595.6 5891.0 12.8
4601.3 5877.1 12.5
4606.9 5863.2 12.2
4618.4 5860.8 12.0
4633.0 5864.4 11.8
4647.6 5867.9 11.7
4662.2 5871.5 11.5
4676.8 5875.0 11.4
4687.2 5871.5 11.2
4676.6 5865.2 11.2
4662.1 5861.0 11.3
4647.7 5856.9 11.5
4633.3 5852.7 11.6
4618.9 5848.6 11.7
4604.5 5844.4 11.9
4590.6 5838.7 12.0
4576.7 5833.1 12.1
4562.8 5827.4 12.2
4549.0 5821.7 12.3
4535.1 5816.1 12.4
4521.2 5810.4 12.5
4507.3 5804.7 12.6
4493.4 5799.1 12.7
4479.5 5793.4 12.8
4465.6 5787.7 12.8
4451.7 5782.1 12.9
4437.8 5776.4 12.9
4424.6 5773.3 12.7
4427.1 5782.2 13.1
4440.7 5788.4 13.2
4454.3 5794.7 13.1
4467.9 5801.0 13.1
4481.5 5807.3 13.0
4495.2 5813.6 12.9
4508.8 5819.9 12.8
4522.8 5825.2 12.7
4536.8 5830.6 12.6
4550.8 5835.9 12.5
4564.8 5841.3 12.4
4578.8 5846.7 12.3
4592.8 5852.0 12.2
4603.6 5858.8 12.1
4598.0 5872.7 12.5
4592.3 5886.6 12.8
4581.5 5888.5 13.0
4567.4 5883.2 13.1
4553.4 5877.9 13.2
4539.4 5872.6 13.3
4525.3 5867.3 13.4
4511.3 5862.0 13.5
4497.3 5856.7 13.6
4501.1 5866.2 13.7
2135.4 -8627.2 14.6
2136.3 -8612.3 15.3
2133.3 -8600.4 15.8
2133.3 -8593.0 16.2
2136.3 -8586.5 16.4
-5683.9 -8508.4 20.6
-5669.1 -8506.2 20.4
-5654.2 -8503.9 20.1
-5639.4 -8501.7 19.9
-5637.5 -8515.9 20.3
-5638.4 -8530.8 20.7
-5640.6 -8545.7 21.2
-5644.6 -8560.0 21.7
-5653.0 -8570.8 22.1
-5666.7 -8576.4 22.3
-5676.8 -8586.6 22.4
-5679.8 -8601.3 22.4
-5680.9 -8616.2 22.5
-5681.3 -8631.2 22.8
-5681.7 -8646.2 23.0
-5682.2 -8666.2 23.1
-3072.7 -8428.8 21.4
-3057.8 -8426.9 21.4
-3042.9 -8425.0 21.4
-3028.0 -8423.1 21.4
-3013.1 -8421.2 21.5
-2998.3 -8419.3 21.5
-2983.4 -8417.4 21.5
-2971.3 -8413.4 21.5
-2973.4 -8398.5 21.5
-2975.4 -8383.7 21.2
-2979.4 -8355.3 21.7
-6896.0 -8773.4 24.1
-6885.7 -8762.5 24.4
-6875.3 -8751.6 24.4
-6857.6 -8733.0 24.0
-2529.4 -1634.1 14.5
-2540.4 -1644.3 14.4
-2551.4 -1654.4 14.3
-2569.0 -1670.6 14.1
-5528.9 -5024.5 26.6
-5517.2 -5033.9 26.8
-5505.5 -5043.3 26.9
-5493.8 -5052.7 27.1
-5482.2 -5062.1 27.3
-5470.5 -5071.5 27.5
-5458.8 -5080.9 27.5
-5442.9 -5093.7 27.3
-5866.0 -5308.2 36.7
-5854.5 -5315.3 36.7
-5859.1 -5329.5 36.9
-5863.8 -5343.8 37.1
-5868.5 -5358.0 37.3
-5873.2 -5372.3 37.2
-5877.9 -5386.5 37.0
-5883.0 -5402.2 36.9
-1157.2 163.7 11.5
-1144.4 171.6 11.3
-1131.6 179.4 11.1
-1118.8 187.2 10.9
-1111.7 197.7 10.7
-1122.4 208.2 10.8
-1133.2 218.5 11.0
-1144.1 228.9 11.2
-1154.9 239.3 11.3
-1168.7 252.5 11.7
-6612.3 -3144.0 47.6
-6602.2 -3132.9 47.4
-6592.1 -3121.8 47.2
-6583.6 -3110.8 47.0
-6593.7 -3099.6 47.0
-6603.8 -3088.5 47.0
-6613.9 -3077.4 47.0
-6623.9 -3066.3 46.9
-6634.0 -3055.2 46.9
-6644.1 -3044.1 46.7
-6654.2 -3033.0 46.5
-6664.2 -3021.8 46.4
-6674.3 -3010.7 46.2
-6685.1 -3018.2 46.4
-6696.1 -3028.4 46.6
-6707.1 -3038.6 46.7
-6717.4 -3048.9 46.9
-6706.3 -3058.9 47.4
-6695.2 -3069.0 47.5
-6684.0 -3079.1 47.7
-6672.9 -3089.1 47.8
-6661.8 -3099.2 47.9
-6650.7 -3109.3 47.9
-6639.6 -3119.3 47.8
-6628.4 -3129.4 47.8
-6612.3 -3144.0 47.6
-3252.1 -5187.6 21.6
-3264.4 -5178.9 22.0
-3276.6 -5170.3 22.4
-3288.9 -5161.7 22.8
-3303.4 -5151.5 23.2
-2983.5 -6106.8 12.7
-2982.5 -6091.9 12.4
-2982.8 -6076.9 12.0
-2983.0 -6061.9 12.1
-2983.3 -6046.9 14.2
-2983.5 -6031.4 16.3
-3244.5 -5192.6 21.4
-3232.0 -5201.0 21.0
-3219.6 -5209.4 20.6
-3207.2 -5217.8 20.3
-3194.8 -5226.2 20.0
-3182.3 -5234.6 19.8
-3169.9 -5242.9 19.5
-3157.5 -5251.3 19.2
-3145.0 -5259.7 19.2
-3132.6 -5268.1 19.3
-3120.2 -5276.5 19.4
-3107.7 -5284.9 19.5
-3095.3 -5293.3 19.5
-3082.9 -5301.7 19.5
-3070.5 -5310.1 19.6
-3058.0 -5318.5 19.7
-3045.6 -5326.9 19.7
-3033.2 -5335.3 19.6
-3020.7 -5343.7 19.3
-3008.3 -5352.1 19.0
-2995.9 -5360.5 18.8
-2983.5 -5368.9 18.6
-2971.1 -5377.4 18.5
-2958.7 -5385.8 18.2
-2946.3 -5394.3 18.0
-2933.9 -5402.7 17.8
-2921.5 -5411.2 17.6
-2909.1 -5419.7 17.5
-2896.7 -5428.1 17.3
-2884.3 -5436.6 17.2
-2872.0 -5445.0 17.2
-2859.6 -5453.5 17.1
-2847.2 -5461.9 17.0
-2834.8 -5470.4 17.0
-2822.4 -5478.8 17.0
-2810.0 -5487.3 17.0
-2797.6 -5495.7 17.0
-2785.2 -5504.2 16.9
-2772.8 -5512.7 16.8
-2760.4 -5521.1 16.7
-2748.1 -5529.6 16.6
-2735.7 -5538.0 16.5
-2711.7 -5554.4 16.2
-3520.4 -5957.3 14.5
-3505.5 -5955.9 14.4
-3490.5 -5954.8 14.2
-3475.5 -5954.7 14.0
-3460.7 -5957.2 13.9
-3446.0 -5959.9 13.7
-3439.1 -5972.6 13.6
-3433.1 -5986.3 13.4
-3423.6 -6008.1 13.2
2969.8 -1843.1 11.4
2957.0 -1835.7 11.2
2942.5 -1831.8 11.2
2928.0 -1828.0 11.1
2913.5 -1824.1 11.0
2899.0 -1820.3 10.9
2884.5 -1816.5 10.9
2870.0 -1812.6 10.8
2855.5 -1808.8 10.7
2841.0 -1804.9 10.6
2814.6 -1799.5 10.5
6437.3 1179.7 13.0
6436.6 1172.0 13.2
6436.1 1165.3 13.3
6436.0 1158.6 13.5
6436.6 1151.8 13.6
6437.7 1145.1 13.7
6439.6 1137.7 13.8
6441.6 1131.0 13.9
6443.9 1124.7 14.0
6445.7 1119.1 14.1
4710.4 2502.6 17.1
4721.8 2492.8 16.9
4733.1 2483.0 16.7
4744.5 2473.2 16.5
4755.9 2463.4 16.3
4767.2 2453.7 16.1
4778.6 2443.9 15.9
4790.9 2433.4 15.7
-240.4 -2375.5 15.1
-253.1 -2383.5 15.3
-265.8 -2391.6 15.2
-278.4 -2399.6 15.2
-291.1 -2407.7 15.1
-303.7 -2415.7 15.1
-317.7 -2424.6 15.0
4543.2 5703.2 9.7
4544.7 5695.5 9.9
4605.2 5711.0 10.1
4602.4 5727.9 9.9
4600.2 5743.8 10.1
4601.7 5755.9 10.5
4606.4 5765.4 10.8
4610.3 5771.1 10.9
4608.0 5772.9 11.0
4601.2 5760.9 10.7
4597.5 5748.4 10.3
4597.9 5732.6 9.8
4600.4 5717.6 9.9
4560.6 5710.5 9.8
4543.2 5703.2 9.7
-5106.9 7399.4 10.0
-5093.7 7406.5 10.2
-5080.5 7413.7 10.3
-5067.3 7420.8 10.4
-5054.1 7427.9 10.6
-5040.9 7435.0 10.8
-5027.7 7442.2 10.9
-5014.5 7449.3 10.7
-4990.7 7462.2 10.6
-5077.8 7183.1 9.4
-5070.4 7170.0 9.3
-5063.0 7157.0 9.3
-5055.6 7143.9 9.2
-5048.2 7130.9 9.0
-5040.8 7117.8 8.8
-5033.4 7104.8 8.5
-5026.0 7091.8 8.4
-5018.5 7078.7 8.3
-5011.1 7065.7 8.3
-5003.7 7052.6 8.2
-4996.3 7039.6 8.2
-4988.9 7026.5 8.1
-4981.5 7013.5 8.2
-4974.1 7000.5 8.2
-4966.7 6987.4 8.2
-4952.8 6963.0 8.2
-1716.6 3556.0 9.6
-1709.6 3542.7 9.4
-1702.6 3529.4 9.4
-1695.7 3516.2 9.5
-1688.7 3502.9 9.4
-1681.7 3489.6 9.3
-1674.7 3476.3 9.2
-1666.9 3461.5 9.3
-1473.3 2060.1 9.2
-1486.6 2068.8 9.1
-98.5 572.4 6.1
-96.5 587.3 5.9
-94.5 602.2 5.7
-92.5 617.0 5.5
-89.9 636.5 5.0
-3723.7 6925.6 7.1
-3736.7 6918.1 7.4
-3749.7 6910.6 7.7
-3762.7 6903.1 7.8
-3775.7 6895.7 7.8
-3788.7 6888.2 7.9
-3801.7 6880.7 7.9
-3814.7 6873.2 7.9
-3827.7 6865.8 8.0
-3840.7 6858.3 7.9
-3853.7 6850.8 7.8
-3866.7 6843.3 7.7
-3879.7 6835.9 7.6
-3892.7 6828.3 7.5
-3905.5 6820.4 7.4
-3918.2 6812.6 7.3
-3931.0 6804.7 7.2
-3942.3 6794.9 7.1
-3953.2 6784.6 7.1
-3964.2 6774.4 7.2
-3975.8 6763.5 7.5
-4830.0 6596.4 9.4
-4840.7 6607.0 9.5
-4851.4 6617.5 9.6
-4864.5 6621.7 9.6
-4877.6 6624.0 9.5
-4884.2 6637.5 9.3
-4890.8 6651.0 9.2
-4897.4 6664.5 9.0
-4904.0 6677.9 9.7
-4910.6 6691.4 10.3
-4917.2 6704.9 10.9
-4923.8 6718.3 11.5
-4930.4 6731.8 12.1
-4941.8 6755.0 13.0
-1673.4 5122.0 9.8
-1665.6 5134.8 9.8
-1657.7 5147.6 9.9
-1649.9 5160.4 10.0
-1642.1 5173.2 10.1
-1634.3 5186.1 10.2
-1626.5 5198.9 10.4
-1612.2 5222.3 10.6
-5013.3 -2029.3 27.9
-5025.9 -2037.5 26.6
-5038.5 -2045.6 25.4
-5051.1 -2053.8 24.1
-5063.7 -2061.9 22.9
-5076.3 -2070.1 21.6
-1585.3 -6510.1 15.2
-1594.9 -6498.5 15.4
-1604.4 -6487.0 15.5
-1613.9 -6475.4 15.6
-1623.5 -6463.8 15.8
-1633.0 -6452.2 15.9
-1642.5 -6440.6 16.0
-1652.0 -6429.1 16.0
-1661.6 -6417.5 16.0
-1671.1 -6405.9 16.0
-1680.6 -6394.3 16.0
-1690.2 -6382.7 16.2
-1699.7 -6371.1 16.4
-1709.2 -6359.6 16.5
-1718.8 -6348.0 16.4
-1728.3 -6336.4 16.3
-1737.8 -6324.8 16.2
-1747.4 -6313.2 16.3
-1756.9 -6301.6 16.4
-1772.9 -6282.1 16.7
4321.9 -3041.2 12.3
4314.0 -3056.1 12.4
5218.3 5640.7 10.6
5233.3 5640.4 10.7
5248.3 5640.2 10.6
5263.3 5639.9 10.8
5278.3 5639.6 11.0
5293.3 5639.3 11.2
5299.2 5637.0 11.2
5284.2 5637.2 11.0
5269.2 5637.4 10.8
5254.2 5637.6 10.6
5239.2 5637.8 10.7
5218.3 5640.7 10.6
-1452.2 3853.2 12.0
-1441.7 3842.5 11.8
-1431.1 3831.9 11.6
-1420.6 3821.2 11.4
-1404.3 3804.7 11.1
5807.2 -2335.2 9.9
5819.4 -2343.8 9.5
5831.7 -2352.5 9.5
5844.0 -2361.1 9.5
5856.3 -2369.7 9.6
5868.6 -2378.2 9.7
5881.0 -2386.7 9.9
5893.1 -2395.5 10.1
5905.1 -2404.5 10.3
5916.9 -2413.7 11.0
5928.6 -2423.1 11.6
5940.3 -2432.6 12.3
5951.9 -2442.0 13.0
5963.6 -2451.5 13.8
5975.2 -2460.9 14.2
5986.9 -2470.4 13.9
5998.1 -2480.3 13.5
6009.1 -2490.6 13.2
6020.0 -2500.8 12.8
6031.0 -2511.0 12.5
6041.6 -2521.6 12.1
6052.1 -2532.3 11.8
6062.7 -2543.0 11.5
6073.2 -2553.7 11.5
6083.6 -2564.5 11.5
6094.0 -2575.3 11.6
6104.4 -2586.1 11.6
6114.7 -2597.0 11.6
6124.4 -2608.4 11.6
6134.0 -2619.9 11.6
6143.7 -2631.4 11.7
6153.2 -2643.0 12.1
6162.5 -2654.8 12.4
6171.8 -2666.5 12.6
6181.1 -2678.3 12.9
6190.2 -2690.2 13.2
6198.9 -2702.5 13.6
6207.5 -2714.7 13.6
6216.2 -2727.0 13.1
6224.9 -2739.2 12.8
6233.5 -2751.5 12.5
6241.9 -2763.9 12.2
6250.0 -2776.5 11.8
6258.1 -2789.1 11.4
6266.0 -2801.9 11.0
6273.8 -2814.7 10.9
6281.6 -2827.5 10.8
6289.4 -2840.4 10.6
6297.1 -2853.2 10.5
6304.6 -2866.2 10.3
6312.1 -2879.2 10.1
6319.6 -2892.2 10.2
6327.1 -2905.1 10.3
6334.6 -2918.1 10.3
6342.1 -2931.1 10.3
6349.6 -2944.1 10.3
6357.1 -2957.1 10.3
6364.6 -2970.1 10.3
6372.1 -2983.1 10.4
6379.6 -2996.1 10.4
6387.1 -3009.1 10.4
6394.7 -3022.0 10.3
6402.2 -3035.0 10.2
6409.8 -3048.0 10.1
6417.3 -3060.9 10.0
6424.9 -3073.9 10.0
6432.5 -3086.8 9.9
6440.2 -3099.7 9.6
6448.0 -3112.5 9.6
6455.8 -3125.3 9.7
6463.6 -3138.1 9.7
6471.3 -3151.0 9.7
6479.5 -3163.5 9.8
6487.9 -3176.0 9.9
6496.3 -3188.4 10.0
6504.8 -3200.7 9.7
6514.1 -3212.6 9.4
6523.3 -3224.4 9.0
6532.5 -3236.2 8.8
6541.7 -3248.1 9.1
6551.2 -3259.7 9.5
6561.0 -3271.0 9.6
6570.8 -3282.4 9.7
6580.6 -3293.7 9.7
6590.4 -3305.1 9.7
6601.0 -3315.7 9.7
6611.9 -3326.0 9.7
6622.7 -3336.4 9.7
6633.5 -3346.8 9.8
6644.6 -3356.9 9.8
6655.6 -3367.1 9.9
6666.7 -3377.2 9.9
6677.8 -3387.3 9.9
6689.5 -3396.6 9.9
6701.4 -3405.8 10.1
6713.3 -3414.9 10.7
6725.2 -3424.0 10.7
6737.4 -3432.8 10.6
6749.6 -3441.5 10.6
6761.8 -3450.2 10.7
6774.1 -3458.8 11.0
6786.6 -3467.1 11.2
6799.2 -3475.3 11.5
6812.3 -3482.6 11.4
6825.4 -3489.9 11.3
6838.5 -3497.2 11.2
6851.6 -3504.4 11.1
6864.7 -3511.7 11.0
6877.8 -3519.0 10.9
6890.9 -3526.3 10.8
6904.4 -3532.8 10.6
6918.2 -3538.7 10.4
6932.0 -3544.5 10.1
6945.9 -3550.3 9.8
6959.7 -3556.2 9.7
6973.5 -3562.0 9.6
6987.3 -3567.8 9.6
7001.1 -3573.6 9.5
7015.0 -3579.5 9.4
7028.9 -3585.0 9.4
7042.9 -3590.5 9.4
7056.8 -3596.0 9.2
7070.8 -3601.6 8.9
7084.7 -3607.2 8.5
7098.4 -3613.1 8.1
7112.2 -3619.0 8.0
7126.0 -3625.0 8.6
7139.6 -3631.3 9.1
7153.1 -3637.8 9.7
7166.7 -3644.2 9.7
7180.1 -3650.8 9.8
7193.4 -3657.7 9.4
7206.7 -3664.7 8.9
7219.7 -3672.3 8.5
7232.6 -3679.8 8.1
7245.6 -3687.4 7.7
7258.4 -3695.3 7.2
7271.1 -3703.1 6.8
7283.8 -3711.2 6.4
7296.1 -3719.7 6.0
7308.5 -3728.3 5.7
7320.8 -3736.8 5.4
7333.1 -3745.3 5.3
7345.5 -3753.9 6.1
7357.5 -3762.8 6.8
7369.4 -3771.9 7.6
7381.3 -3781.0 8.4
7392.8 -3790.6 9.1
7404.0 -3800.6 9.5
7415.3 -3810.6 9.4
7426.5 -3820.5 9.2
7437.7 -3830.5 9.1
7448.9 -3840.4 9.1
7460.1 -3850.4 9.1
7471.3 -3860.4 9.1
7482.5 -3870.3 9.1
7493.8 -3880.3 9.1
7505.0 -3890.3 9.1
7516.2 -3900.3 9.1
7527.2 -3910.4 9.1
7538.3 -3920.5 9.1
7549.3 -3930.7 9.1
7560.3 -3940.8 9.1
7571.4 -3951.0 9.3
7582.5 -3961.1 9.6
7593.6 -3971.2 9.7
7604.6 -3981.3 9.5
7615.7 -3991.4 9.4
7627.4 -4000.9 9.3
7639.2 -4010.1 9.2
7651.0 -4019.4 9.1
7662.8 -4028.6 9.3
7674.7 -4037.7 9.6
7686.8 -4046.5 10.0
7699.0 -4055.4 10.3
7711.1 -4064.2 10.5
7723.3 -4073.0 10.6
7736.0 -4080.9 10.8
7748.8 -4088.8 11.0
7761.5 -4096.7 11.2
7774.3 -4104.6 11.4
7787.0 -4112.5 11.1
7799.7 -4120.4 10.9
7812.5 -4128.4 10.7
7833.5 -4141.2 10.6
2308.1 -7762.2 14.8
2307.6 -7747.2 14.5
2307.1 -7732.2 14.2
2307.1 -7717.2 13.8
2308.6 -7702.3 13.6
2310.2 -7687.4 13.5
2311.4 -7672.4 13.3
2312.5 -7657.5 13.2
2312.6 -7642.5 13.1
2310.9 -7627.6 13.0
2308.8 -7612.8 12.9
2306.8 -7597.9 12.8
2304.8 -7583.0 12.4
2302.8 -7568.2 11.9
2300.7 -7553.3 11.6
2298.7 -7538.4 11.4
2296.7 -7523.6 11.3
2294.7 -7508.7 11.5
2292.7 -7493.8 11.8
2290.6 -7478.7 12.1
2037.7 -8828.2 11.7
2060.0 -8769.4 12.4
2060.1 -8761.6 12.2
2056.8 -8752.0 12.0
2048.7 -8735.2 11.4
2039.0 -8721.7 10.9
2026.4 -8695.1 10.8
2024.0 -8687.4 10.7
2023.2 -8675.8 10.6
2032.6 -8664.4 13.0
2043.7 -8657.3 13.5
2115.0 -8638.9 14.5
2117.9 -8637.2 14.5
2120.9 -8634.1 14.6
2122.2 -8630.2 14.7
2123.3 -8613.5 15.4
2120.3 -8602.0 16.0
2120.3 -8590.0 16.5
2125.4 -8579.3 16.9
2326.6 -7761.6 14.6
2326.1 -7746.6 14.3
2325.6 -7731.6 14.0
2325.8 -7716.7 13.7
2327.3 -7701.7 13.5
2328.8 -7686.8 13.3
2330.0 -7671.9 13.2
2331.1 -7656.9 13.1
2331.1 -7641.9 13.0
2329.4 -7627.0 12.9
2327.4 -7612.2 12.8
2325.4 -7597.3 12.6
2323.4 -7582.4 12.2
2321.3 -7567.6 11.7
2319.3 -7552.7 11.5
2317.3 -7537.8 11.4
2315.3 -7523.0 11.5
2313.3 -7508.1 11.8
2311.2 -7493.2 12.1
2308.8 -7475.1 12.4
1740.1 -8624.1 14.5
1733.3 -8614.0 14.5
1733.0 -8607.1 14.5
1768.3 -8609.4 14.6
1787.6 -8611.2 14.6
1790.8 -8619.7 14.6
-42.8 -8503.3 19.0
-55.1 -8511.9 19.0
-67.4 -8520.5 18.9
-88.8 -8535.5 18.7
1315.9 -2752.4 7.3
1308.2 -2739.5 7.0
1300.5 -2726.6 6.8
1292.8 -2713.7 6.8
1285.2 -2700.9 7.1
1277.0 -2688.3 7.4
1268.5 -2675.9 7.6
1259.9 -2663.6 7.7
1251.4 -2651.3 7.7
1241.7 -2639.8 7.8
1232.0 -2628.4 7.8
1222.3 -2616.9 7.8
1212.6 -2605.5 7.8
1203.3 -2593.8 7.7
1194.0 -2582.0 7.7
1184.8 -2570.1 7.7
1177.1 -2557.3 7.8
1170.2 -2544.0 7.7
1164.5 -2530.1 7.7
1159.1 -2516.1 7.7
1154.2 -2502.0 7.8
1149.2 -2487.8 7.8
1144.2 -2473.7 7.8
1138.0 -2460.1 7.8
1130.1 -2447.4 7.7
1122.1 -2434.7 7.7
1112.9 -2422.9 7.7
1103.6 -2411.0 7.6
1094.4 -2399.2 7.6
1084.5 -2388.0 7.7
1074.2 -2377.0 7.8
1064.0 -2366.0 7.9
1046.2 -2346.9 8.1
894.6 -5834.7 21.4
886.8 -5821.9 21.4
879.0 -5809.0 21.5
871.2 -5796.2 21.5
863.3 -5783.4 21.6
855.1 -5770.9 21.9
846.2 -5758.9 22.1
835.6 -5748.3 22.4
824.6 -5738.0 22.6
813.6 -5727.8 22.8
802.9 -5717.4 23.0
792.5 -5706.6 23.3
782.1 -5695.8 23.5
771.6 -5685.0 23.8
761.4 -5674.0 24.1
751.3 -5663.0 24.4
741.1 -5651.9 24.7
731.0 -5640.8 25.0
721.2 -5629.5 25.3
711.4 -5618.1 25.6
701.6 -5606.7 25.9
691.9 -5595.4 26.2
681.9 -5583.8 26.5
923.3 -3419.4 13.4
926.7 -3434.0 13.4
930.1 -3448.6 13.4
933.5 -3463.2 13.4
934.7 -3478.1 13.4
934.8 -3493.1 13.5
933.2 -3508.0 13.5
931.5 -3522.9 13.6
928.3 -3552.1 13.8
-247.1 -2310.4 14.7
-232.2 -2311.1 14.6
-217.2 -2311.8 14.4
-202.2 -2312.5 14.3
-198.4 -2301.5 14.2
-198.5 -2286.5 14.1
-192.7 -2276.7 14.0
-177.8 -2274.9 13.9
-163.0 -2273.1 13.7
-148.1 -2271.3 13.6
-133.2 -2269.5 13.5
-118.5 -2268.0 13.6
-113.6 -2282.2 13.6
-108.7 -2296.4 13.7
-103.8 -2310.6 13.7
-98.9 -2324.7 13.7
-92.6 -2342.9 13.7
2976.1 -5511.7 13.4
2972.9 -5526.3 13.6
2969.6 -5541.0 13.8
2966.4 -5555.6 14.0
2963.1 -5570.3 14.1
2959.9 -5584.9 13.8
2956.6 -5599.6 13.7
2953.4 -5614.2 13.7
2950.2 -5628.8 13.8
2946.9 -5643.5 13.8
2943.7 -5658.1 13.9
2940.4 -5672.8 14.0
2937.2 -5687.4 14.0
2933.9 -5702.1 14.1
2930.7 -5716.7 14.2
2927.5 -5731.4 14.4
2924.2 -5746.0 14.5
2921.0 -5760.7 14.6
2917.7 -5775.3 14.8
2914.5 -5789.9 14.9
2911.2 -5804.6 15.1
2908.0 -5819.2 15.0
2904.8 -5833.9 14.9
2901.5 -5848.5 14.7
2898.3 -5863.2 14.6
2895.0 -5877.8 14.4
2891.8 -5892.5 14.2
2888.5 -5907.1 14.1
2885.3 -5921.7 13.9
2882.0 -5936.4 13.8
2878.8 -5951.0 13.8
2875.6 -5965.7 13.7
2872.3 -5980.3 13.7
2869.1 -5995.0 13.6
2865.8 -6009.6 13.5
2862.6 -6024.3 13.4
2859.3 -6038.9 13.2
2853.7 -6064.5 13.0
-6651.6 -6476.1 21.4
-6640.9 -6461.8 20.8
-6637.4 -6447.4 21.4
-6637.6 -6429.4 22.3
-6650.2 -6539.5 25.6
-6626.3 -6543.9 26.6
-6609.9 -6553.3 27.7
-6592.1 -6569.0 28.4
-6283.1 -8696.1 24.7
-6274.3 -8674.5 25.1
-6298.9 -8733.9 24.1
-6304.8 -8747.7 24.0
-6310.8 -8761.4 23.8
-6321.8 -8786.9 23.5
4350.8 -2981.4 12.1
4344.2 -2994.8 12.1
4337.7 -3008.3 12.1
4330.9 -3022.0 12.2
4305.0 -2396.3 14.9
4293.6 -2406.0 14.8
4282.1 -2415.6 14.6
4270.7 -2425.3 14.5
4259.2 -2435.0 14.4
4247.8 -2444.7 14.4
4236.3 -2454.4 14.4
4224.9 -2464.1 14.3
4213.4 -2473.8 14.3
4202.0 -2483.5 14.3
4190.5 -2493.2 14.1
4179.1 -2502.9 14.0
4167.6 -2512.6 13.8
4156.2 -2522.3 13.7
4144.7 -2531.9 13.6
4133.3 -2541.6 13.4
4121.8 -2551.3 13.2
4110.4 -2561.0 13.1
4098.9 -2570.7 12.9
4087.5 -2580.4 12.7
4076.0 -2590.1 12.6
4064.6 -2599.8 12.4
4053.1 -2609.5 12.2
4041.7 -2619.2 12.1
4023.0 -2634.9 11.8
-1296.6 2021.8 10.2
-1286.0 2032.4 10.2
-1275.4 2043.0 10.1
-1260.8 2057.5 9.8
50.0 606.5 4.6
46.5 621.1 4.4
42.9 635.6 4.1
39.4 650.2 3.8
35.0 668.5 3.7
-734.8 865.3 6.2
-754.6 876.7 6.1
3386.8 -3657.2 11.2
3383.5 -3671.9 11.2
3380.3 -3686.5 11.2
3377.0 -3701.2 11.2
3373.8 -3715.8 11.2
3370.5 -3730.5 11.2
3367.3 -3745.1 11.2
3364.0 -3759.7 11.2
3360.8 -3774.4 11.3
3357.5 -3789.0 11.6
3354.3 -3803.7 11.9
3351.0 -3818.3 12.2
3347.8 -3833.0 12.5
3344.5 -3847.6 12.8
3341.3 -3862.3 13.1
3338.0 -3876.9 13.1
3334.8 -3891.5 13.1
3331.5 -3906.2 13.2
3328.3 -3920.8 13.1
3325.0 -3935.5 12.8
3321.8 -3950.1 12.5
3318.5 -3964.8 12.0
3315.3 -3979.4 11.8
3312.0 -3994.0 11.8
3308.8 -4008.7 11.8
3305.5 -4023.3 11.8
3302.3 -4038.0 11.8
3299.0 -4052.6 11.8
3295.8 -4067.3 11.7
3292.5 -4081.9 11.7
3289.3 -4096.6 11.7
3286.0 -4111.2 11.5
3282.8 -4125.8 11.8
3279.5 -4140.5 12.2
3276.3 -4155.1 12.5
3273.0 -4169.8 12.9
3269.8 -4184.4 13.3
3266.5 -4199.1 13.6
3263.3 -4213.7 14.0
3260.0 -4228.3 14.2
3256.8 -4243.0 14.3
3253.5 -4257.6 14.3
3250.3 -4272.3 14.4
3247.0 -4286.9 14.6
3243.8 -4301.6 15.2
3240.5 -4316.2 15.5
3237.3 -4330.9 15.4
3234.0 -4345.5 14.7
3230.8 -4360.1 14.4
3227.5 -4374.8 14.2
3224.3 -4389.4 13.9
3221.0 -4404.1 13.7
3217.8 -4418.7 13.4
3214.5 -4433.4 13.1
3211.3 -4448.0 13.4
3208.0 -4462.6 13.3
3204.8 -4477.3 13.3
3201.5 -4491.9 13.2
3198.3 -4506.6 13.2
3195.0 -4521.2 13.1
3191.8 -4535.9 13.1
3188.5 -4550.5 13.0
3185.3 -4565.1 12.9
3182.0 -4579.8 12.8
3178.8 -4594.4 12.6
3175.5 -4609.1 12.5
3172.3 -4623.7 12.3
3169.0 -4638.4 12.1
3165.8 -4653.0 12.0
3162.5 -4667.7 11.8
3159.3 -4682.3 11.8
3156.0 -4696.9 12.0
3152.8 -4711.6 12.2
3149.5 -4726.2 12.4
3146.3 -4740.9 12.6
3143.0 -4755.5 12.8
3139.8 -4770.2 13.0
3136.5 -4784.8 13.2
3133.3 -4799.4 13.2
3130.0 -4814.1 13.2
3126.8 -4828.7 13.2
3123.5 -4843.4 13.2
3120.3 -4858.0 13.2
3117.0 -4872.7 13.2
3113.8 -4887.3 13.1
3110.5 -4902.0 13.2
3107.3 -4916.6 13.2
3104.0 -4931.2 13.3
3100.8 -4945.9 13.4
3097.5 -4960.5 13.4
3094.3 -4975.2 13.4
3091.0 -4989.8 13.5
3087.8 -5004.5 13.5
3084.6 -5019.1 13.6
3081.3 -5033.8 13.8
3078.1 -5048.4 14.1
3074.9 -5063.1 14.4
3071.7 -5077.7 14.6
3068.5 -5092.4 14.9
3065.2 -5107.0 15.2
3062.0 -5121.7 15.5
3058.8 -5136.3 15.8
3055.6 -5151.0 15.7
3052.3 -5165.6 15.4
3049.1 -5180.3 15.1
3045.9 -5194.9 14.8
3042.7 -5209.6 14.5
3039.4 -5224.2 14.3
3036.2 -5238.9 14.0
3033.0 -5253.5 13.9
3029.8 -5268.2 14.0
3026.5 -5282.8 13.6
3023.3 -5297.5 13.2
3020.1 -5312.1 12.8
3016.9 -5326.8 12.4
3013.7 -5341.4 12.0
3010.4 -5356.1 11.5
3007.2 -5370.7 10.6
3004.0 -5385.4 10.7
3000.8 -5400.0 10.8
2997.5 -5414.7 11.0
2994.3 -5429.3 11.1
2991.1 -5444.0 11.2
2987.7 -5459.3 11.9
5189.7 5792.9 10.4
5204.6 5794.3 10.5
5219.5 5795.6 10.7
5234.5 5797.0 10.9
5249.4 5798.4 11.1
5264.3 5799.7 11.2
5279.3 5801.1 11.4
5294.2 5802.5 11.5
5300.1 5791.3 11.5
5303.4 5776.7 11.5
5306.7 5762.0 11.5
5310.2 5747.4 11.5
5313.8 5732.9 11.5
5317.4 5718.3 11.5
5320.9 5703.7 11.6
5323.5 5689.5 12.1
5315.7 5697.4 11.7
5312.6 5712.1 11.4
5309.5 5726.8 11.4
5306.3 5741.4 11.4
5303.2 5756.1 11.5
5300.0 5770.8 11.5
5296.9 5785.4 11.5
5291.8 5797.5 11.5
5276.9 5796.2 11.4
5262.0 5794.8 11.3
5247.0 5793.4 11.1
5232.1 5792.0 10.9
5217.2 5790.7 10.7
5202.2 5789.3 10.5
5189.7 5792.9 10.4
5239.0 5747.9 11.1
5242.3 5733.2 11.1
5245.6 5718.6 11.0
5248.9 5704.0 11.0
5245.1 5693.7 10.9
5241.8 5707.7 11.0
5238.9 5722.4 11.0
5239.0 5747.9 11.1
4304.4 -3097.1 12.5
4287.5 -3116.3 12.7
4179.3 -3206.8 11.3
4168.4 -3217.1 11.5
4157.6 -3227.5 12.0
4144.4 -3240.1 12.3
4128.7 -3254.8 12.4
4117.9 -3265.1 12.5
4107.1 -3275.5 12.7
4095.7 -3285.2 12.8
4083.7 -3294.2 12.9
4071.7 -3303.2 13.0
4059.1 -3311.5 13.0
4046.4 -3319.4 13.0
4033.7 -3327.3 13.0
4020.6 -3334.7 13.0
4007.6 -3342.1 13.0
3994.2 -3348.7 13.0
3980.3 -3354.4 13.0
3966.3 -3360.0 13.0
3952.4 -3365.6 12.9
3938.2 -3370.3 12.9
3923.7 -3374.2 12.9
3909.2 -3378.1 12.9
3894.8 -3381.9 12.8
3880.0 -3384.5 12.8
3855.9 -3388.8 12.7
5081.5 -2733.6 12.7
3917.7 -3390.2 13.0
3932.0 -3385.8 13.0
3946.3 -3381.3 13.0
3960.4 -3376.1 13.1
3974.3 -3370.6 13.1
3988.3 -3365.0 13.1
4002.2 -3359.4 13.1
4015.5 -3352.6 13.1
4028.7 -3345.4 13.1
4041.9 -3338.3 13.1
4054.6 -3330.3 13.1
4067.3 -3322.3 13.1
4079.5 -3313.6 13.1
4091.5 -3304.6 13.0
4106.4 -3293.4 12.9
28.4 668.6 3.6
27.6 683.6 3.5
26.9 698.6 3.4
26.1 713.5 3.7
25.3 728.5 4.1
24.5 743.5 4.5
23.7 758.5 5.1
31.4 765.8 5.3
46.4 766.6 5.4
61.4 767.3 5.6
76.4 768.1 5.9
91.4 768.9 6.2
106.3 769.7 6.4
133.2 771.1 7.0
-3695.6 657.2 14.2
-3707.9 648.6 14.1
-3720.2 640.0 14.0
-3732.4 631.3 14.0
-3744.7 622.7 13.9
-3757.0 614.1 13.8
-3769.3 605.5 13.8
-3793.3 588.5 13.8
-853.4 742.7 6.5
-865.1 752.0 6.4
-876.6 761.6 6.2
-877.2 771.7 6.0
-866.5 782.2 5.7
-856.4 793.3 5.6
-846.9 804.9 5.6
-837.4 816.5 5.6
-827.9 828.1 5.7
-818.4 839.7 5.7
-808.4 850.9 5.7
-797.8 861.5 5.8
-786.9 872.3 5.9
-6379.2 -5870.3 28.4
-6348.7 -5864.3 28.4
-6345.2 -5866.8 28.3
-6339.2 -5877.2 27.9
-6337.8 -5881.9 27.8
-6343.5 -5888.2 27.8
-6352.7 -5892.5 27.7
-6388.9 -5899.2 27.7
-5528.5 -5018.1 26.4
-5516.9 -5027.5 26.5
-5505.2 -5037.0 26.7
-5493.5 -5046.4 26.9
-5481.9 -5055.8 27.1
-5470.2 -5065.2 27.2
-5458.6 -5074.7 27.4
-5439.2 -5090.3 27.3
3456.8 -3081.1 14.2
3464.1 -3068.0 14.3
3471.4 -3054.9 14.3
3478.7 -3041.7 14.6
3486.0 -3028.6 14.4
3493.2 -3015.5 14.3
3500.5 -3002.4 14.2
3508.9 -2990.0 14.1
3517.6 -2977.8 14.1
3526.3 -2965.6 14.2
3535.0 -2953.4 14.2
3544.7 -2939.8 14.3
3591.2 -2884.4 14.8
3602.0 -2873.9 15.0
3612.8 -2863.5 15.1
3623.6 -2853.1 15.3
3634.6 -2842.9 15.7
3645.9 -2833.1 16.0
3657.3 -2823.2 16.0
3668.6 -2813.4 16.0
3679.9 -2803.6 16.0
3691.2 -2793.7 16.0
3702.5 -2783.9 15.9
3713.9 -2774.0 15.8
3725.2 -2764.2 15.7
3736.5 -2754.4 15.6
3748.2 -2744.9 15.4
3759.8 -2735.5 14.8
3782.4 -2717.1 13.4
4215.3 -3171.0 12.1
4187.5 -3199.0 11.5
3426.6 -3477.6 13.0
3423.4 -3492.2 13.3
3420.1 -3506.8 13.5
3416.9 -3521.5 13.7
3413.6 -3536.1 13.9
3410.4 -3550.8 13.6
3407.1 -3565.4 13.2
3403.9 -3580.1 12.8
3400.6 -3594.7 12.4
3395.1 -3619.7 11.8
-1084.7 433.8 9.9
-1095.8 443.9 10.2
-1106.9 454.0 10.3
-1118.0 464.1 10.5
-1129.1 474.2 10.6
-1140.2 484.3 10.8
-1152.4 477.2 10.8
-1162.5 466.1 10.8
-1176.6 450.9 10.8
-3796.1 592.9 13.7
-3783.8 601.5 13.7
-3771.5 610.1 13.7
-3759.2 618.7 13.8
-3746.9 627.3 13.9
-3734.6 635.9 13.9
-3722.3 644.5 14.0
-3698.2 661.4 14.1
6122.6 -8258.8 19.9
6112.1 -8269.6 20.2
6101.7 -8280.4 20.4
6091.2 -8291.1 20.4
6080.8 -8301.9 20.4
6078.1 -8313.4 20.5
6088.4 -8303.0 20.4
6098.7 -8292.1 20.3
6108.9 -8281.2 20.3
6122.6 -8258.8 19.9
3461.7 -3320.6 14.2
3458.5 -3335.2 14.0
3455.2 -3349.9 13.7
3451.9 -3364.5 13.5
3448.7 -3379.2 13.2
3445.4 -3393.8 13.0
3442.2 -3408.5 12.7
3438.9 -3423.1 12.5
3435.7 -3437.7 12.4
3430.5 -3460.9 12.8
-1256.9 1618.2 8.3
-1246.1 1607.8 8.3
-1235.3 1597.4 8.3
-1224.5 1587.0 8.3
-1213.6 1576.7 8.2
-1202.8 1566.3 8.3
-1192.0 1555.9 9.7
-1181.2 1545.5 10.5
-1170.3 1535.1 10.7
-1159.5 1524.8 10.6
-1148.7 1514.4 10.6
-1135.0 1503.7 10.7
-3313.1 5540.8 5.2
-3305.2 5528.0 5.7
-3297.2 5515.3 6.2
-3289.3 5502.6 6.5
-3281.3 5489.9 6.9
-3273.4 5477.2 7.2
-3265.4 5464.5 7.5
-3257.5 5451.7 7.8
-3249.5 5439.0 8.1
-3241.6 5426.3 8.5
-3233.9 5413.4 8.6
-3226.3 5400.5 8.5
-3218.9 5387.4 8.5
-3212.5 5373.9 8.5
-3206.1 5360.3 8.5
-3195.0 5336.6 8.5
3555.1 -2926.5 14.3
3573.6 -2903.7 14.6
3811.8 -2690.6 12.6
3823.1 -2680.8 12.5
3834.5 -2671.0 12.4
3845.8 -2661.2 12.4
3857.2 -2651.4 12.6
3868.5 -2641.6 12.8
3879.9 -2631.8 13.0
3891.2 -2622.0 12.9
3902.6 -2612.1 12.7
3913.9 -2602.3 12.6
3925.2 -2592.5 12.4
3936.6 -2582.7 12.3
3953.3 -2568.2 12.2
-5334.7 5435.8 9.0
-5345.8 5425.8 9.3
-5357.0 5415.7 9.4
-5368.1 5405.7 9.3
-5379.3 5395.7 9.3
-5390.5 5385.7 9.4
-5401.6 5375.7 9.7
-5412.8 5365.6 9.9
-5423.9 5355.6 9.8
-5435.1 5345.6 9.6
-5446.2 5335.6 9.7
-5457.4 5325.5 9.8
-5467.1 5331.5 9.7
-5478.7 5322.0 9.7
-5490.3 5312.5 9.8
-5501.9 5302.9 9.9
-5513.4 5294.1 9.9
-5522.0 5306.4 9.7
-5530.6 5318.7 9.5
-5539.2 5331.0 9.4
-5547.6 5343.2 9.3
-5536.4 5353.2 9.2
-5525.2 5363.1 9.0
-5514.0 5373.1 8.9
-5502.8 5383.0 8.8
-5491.5 5393.0 8.7
-5480.3 5403.0 8.6
-5463.1 5418.2 8.8
-4747.6 4860.4 10.9
-4769.8 4845.2 10.9
-5365.1 5938.8 7.5
-5372.9 5926.0 7.4
-5380.7 5913.2 7.3
-5394.9 5889.9 7.1
-4906.3 5697.9 5.7
-4920.6 5702.3 5.7
-4935.0 5706.6 5.7
-4949.3 5711.0 5.6
-4963.7 5715.4 5.6
-4978.0 5719.7 5.4
-4992.4 5724.1 5.5
-5006.7 5728.5 5.7
-5021.1 5732.8 5.9
-5045.0 5740.1 6.3
-3135.2 5198.3 7.6
-3148.8 5192.0 7.5
-3162.4 5185.6 7.3
-3175.9 5179.2 7.2
-3189.5 5172.9 7.1
-3203.1 5166.5 7.0
-3216.7 5160.1 6.9
-3230.3 5153.8 6.8
-3243.8 5147.4 6.7
-3268.4 5135.9 6.6
-6149.7 7143.5 7.3
-6187.4 7136.7 7.3
2248.8 -3559.7 11.4
2242.5 -3546.1 11.3
2236.1 -3532.5 11.5
2221.5 -3533.2 11.6
2206.6 -3534.5 11.7
2192.3 -3533.8 11.8
2181.3 -3523.7 11.7
2170.2 -3513.5 11.6
2159.2 -3503.4 11.6
2147.9 -3493.0 11.6
-2532.2 5352.8 10.1
-2546.9 5355.7 10.2
-2561.4 5359.3 10.2
-2574.8 5366.0 10.2
-2586.9 5374.8 10.2
-2598.6 5384.2 10.2
-2610.2 5393.6 10.2
-2622.6 5403.7 10.2
-3128.8 5197.2 7.6
-3122.7 5183.5 7.7
-3125.5 5173.2 7.7
-3139.1 5166.9 7.6
-3152.8 5160.7 7.5
-3166.4 5154.5 7.4
-3180.0 5148.2 7.3
-3193.7 5142.0 7.1
-3207.3 5135.7 7.0
-3221.0 5129.5 6.9
-3244.3 5118.8 6.8
-1673.4 3606.3 9.7
-1667.7 3592.4 9.6
-1660.8 3579.2 9.5
-1652.6 3566.6 9.3
-1644.4 3554.0 9.2
-1635.9 3541.6 9.0
-1627.4 3529.3 8.9
-1620.8 3515.9 8.8
-1614.8 3502.1 8.8
-1608.2 3487.3 8.7
-1709.7 3653.6 10.1
-1690.1 3625.1 9.6
-1731.5 3684.5 10.7
-1714.8 3660.5 10.2
-1722.6 3698.5 10.8
-1708.0 3695.3 10.8
-1681.4 3689.4 10.8
-6492.3 7891.7 10.4
-6477.7 7895.0 10.4
-6463.0 7898.2 10.4
-6448.4 7901.4 10.3
-6433.8 7904.6 10.3
-6409.6 7910.0 10.3
-5893.5 7291.2 10.1
-5908.3 7288.8 9.7
-5923.1 7286.4 9.3
-5938.0 7284.1 8.9
-5957.4 7281.0 8.4
6504.0 6079.1 26.9
6500.1 6065.6 26.1
6498.6 6050.6 25.2
6497.1 6035.7 24.4
6495.7 6020.8 23.5
6494.2 6005.9 22.8
6497.0 5998.9 22.7
6498.3 6013.8 23.2
6499.6 6028.8 24.1
6500.9 6043.7 24.9
6502.2 6058.7 25.8
6504.0 6079.1 26.9
-5384.2 -975.2 16.9
-5398.5 -980.0 16.9
-5412.7 -984.7 16.8
-5426.9 -989.5 16.8
-5441.1 -994.3 16.8
-5461.0 -1000.9 16.9
-3913.3 6593.1 10.4
-3902.5 6582.8 10.6
-3891.7 6572.4 10.8
-3880.8 6562.0 10.8
-3870.0 6551.6 10.5
-3859.2 6541.3 10.0
-3848.4 6530.9 9.5
-3837.5 6520.5 9.1
-3826.7 6510.1 8.6
-3815.9 6499.7 8.1
-3805.0 6489.4 7.8
-3789.9 6474.8 8.1
1694.0 -4537.8 9.4
1700.5 -4551.3 9.4
1707.0 -4564.8 9.4
1713.9 -4578.1 9.4
1721.5 -4591.1 9.4
1729.0 -4604.0 9.4
1736.6 -4617.0 9.4
1744.1 -4630.0 9.4
1751.2 -4643.2 9.6
1758.3 -4656.4 9.9
1763.6 -4670.4 10.1
1768.4 -4684.6 10.1
1772.3 -4699.1 10.1
1775.9 -4713.6 10.0
1778.1 -4728.4 9.8
1779.4 -4744.1 9.5
-4298.6 4967.9 7.2
-4285.9 4955.4 6.9
2585.9 -7283.9 14.7
2589.2 -7269.3 14.4
2592.5 -7254.7 14.1
2595.9 -7240.0 14.0
2599.2 -7225.4 14.0
2602.5 -7210.8 13.9
2605.8 -7196.1 13.9
2609.1 -7181.5 13.8
2612.4 -7166.9 13.8
2615.7 -7152.2 13.2
2619.0 -7137.6 12.7
2622.1 -7122.9 12.2
2625.2 -7108.3 11.7
2628.3 -7093.6 11.2
2631.5 -7078.9 10.7
2634.6 -7064.2 10.4
2637.7 -7049.6 10.3
2640.8 -7034.9 10.3
2644.0 -7020.2 10.3
2647.1 -7005.6 10.4
2650.2 -6990.9 10.4
2653.3 -6976.2 10.4
2656.5 -6961.6 10.4
2659.8 -6946.9 10.7
2663.1 -6932.3 11.0
2666.4 -6917.7 11.2
2669.7 -6903.0 11.3
2673.0 -6888.4 11.5
2676.3 -6873.8 11.6
2679.6 -6859.1 11.8
2682.9 -6844.5 11.9
2686.2 -6829.9 12.0
2689.5 -6815.2 11.9
2692.8 -6800.6 11.6
2696.1 -6786.0 11.3
2699.4 -6771.3 11.0
2702.7 -6756.7 10.7
2706.0 -6742.1 10.4
2709.3 -6727.5 10.2
2712.7 -6712.8 10.1
2716.0 -6698.2 10.5
2719.3 -6683.6 10.9
2722.6 -6668.9 11.3
2725.9 -6654.3 11.7
2729.2 -6639.7 12.1
2732.5 -6625.0 12.5
2735.7 -6610.4 12.6
2739.0 -6595.8 12.6
2742.3 -6581.1 12.7
2745.6 -6566.5 12.9
2748.9 -6551.9 13.0
2752.2 -6537.2 13.1
2755.5 -6522.6 13.3
2758.8 -6508.0 13.3
2762.2 -6493.1 13.3
-6226.1 5059.5 9.0
-6213.3 5067.3 9.0
-6189.4 5082.0 9.0
-894.7 780.0 6.0
-903.6 787.4 5.9
92.7 769.0 6.2
92.3 796.9 6.9
-780.1 671.4 7.6
-791.6 681.0 7.4
-803.1 690.6 7.2
-814.7 700.2 7.0
-826.2 709.8 6.9
-837.7 719.4 7.0
-849.2 729.0 6.9
-860.7 738.6 6.8
-872.2 748.3 6.6
-887.3 760.9 6.5
-902.3 774.7 6.2
-909.9 781.3 6.2
4489.6 -2240.8 12.6
4478.1 -2250.4 12.8
4466.6 -2260.0 12.9
4455.1 -2269.6 13.1
4443.6 -2279.3 13.2
4432.1 -2288.9 13.4
4420.6 -2298.5 13.5
4409.1 -2308.1 13.6
4397.6 -2317.8 13.8
4386.0 -2327.4 14.0
4374.5 -2337.0 14.2
4363.0 -2346.6 14.5
4351.5 -2356.3 14.7
4340.0 -2365.9 15.0
4327.6 -2376.2 15.2
3987.7 -2538.7 12.3
3999.2 -2529.0 12.5
4010.6 -2519.3 12.7
4022.1 -2509.6 12.9
4033.5 -2499.9 13.1
4044.9 -2490.2 13.3
4058.9 -2478.3 13.5
6430.9 1180.1 13.1
6430.1 1171.8 13.3
6429.8 1165.0 13.5
6429.7 1158.1 13.6
6429.9 1150.5 13.8
6431.2 1143.6 13.9
6433.2 1136.4 14.0
6435.4 1129.6 14.1
6437.5 1122.7 14.2
-250.7 -2314.6 14.8
-246.3 -2328.9 14.8
-241.9 -2343.2 14.9
-237.4 -2357.6 14.9
-233.0 -2371.9 15.0
-224.7 -2384.1 15.1
-212.0 -2399.0 14.8
-1120.5 -2269.7 15.4
-1126.6 -2283.4 15.6
-1131.3 -2297.5 15.7
-1133.6 -2312.3 15.8
-1133.8 -2327.3 15.8
-1133.8 -2342.3 16.1
-1133.8 -2357.3 16.1
-1133.7 -2385.4 16.2
2938.7 -1258.8 13.3
2938.3 -1273.8 13.3
2937.9 -1288.8 13.4
2937.5 -1303.8 13.4
2939.9 -1318.3 13.5
2947.5 -1331.2 13.5
2955.3 -1344.1 13.6
2963.0 -1356.9 13.5
2970.8 -1369.7 13.4
2978.6 -1382.6 13.3
2986.3 -1395.4 13.2
2995.0 -1409.7 13.2
2623.8 -755.9 11.4
2637.8 -761.3 11.4
2651.7 -766.8 11.4
2665.7 -772.2 11.3
2679.7 -777.7 11.3
2693.5 -783.5 11.3
2708.2 -786.4 11.2
2723.2 -786.5 11.2
2738.2 -786.7 11.2
2753.1 -788.4 11.2
2768.0 -790.3 11.1
2782.7 -793.2 11.1
2797.3 -796.6 11.1
2811.0 -802.5 11.1
2824.6 -808.9 11.0
2837.5 -816.6 11.0
2850.3 -824.3 10.9
2863.0 -832.3 10.9
2875.6 -840.4 10.8
2888.2 -848.6 10.8
2900.9 -856.7 10.8
2915.7 -866.2 10.7
2478.7 -675.9 11.5
2467.2 -685.5 11.4
2455.7 -695.1 11.4
2444.2 -704.8 11.5
2432.7 -714.4 11.5
2421.2 -724.1 11.6
2409.7 -733.7 11.4
2398.2 -743.4 11.1
2386.7 -753.1 10.8
-1335.4 -7357.7 14.3
-1323.3 -7366.6 14.1
-1311.3 -7375.6 14.0
-1299.3 -7384.5 13.8
-1287.2 -7393.5 13.8
-1275.2 -7402.5 13.9
-1263.2 -7411.4 14.0
-1244.5 -7425.3 14.1
504.9 -5729.5 23.8
517.3 -5721.1 23.9
529.7 -5712.7 24.0
542.1 -5704.3 24.1
554.5 -5695.8 24.2
566.4 -5686.7 24.3
577.9 -5677.0 24.5
589.3 -5667.3 24.7
600.6 -5657.5 24.9
612.0 -5647.7 25.1
623.3 -5637.9 25.3
634.7 -5628.1 25.5
646.0 -5618.3 25.7
657.4 -5608.4 25.9
668.4 -5598.3 26.2
679.4 -5588.1 26.4
689.4 -5599.1 26.1
699.4 -5610.3 25.8
709.3 -5621.5 25.5
719.3 -5632.8 25.2
729.2 -5644.0 24.9
739.2 -5655.2 24.6
749.1 -5666.4 24.3
759.1 -5677.7 24.0
769.0 -5688.9 23.7
779.0 -5700.1 23.4
793.7 -5716.8 23.1
-6546.8 47.4 15.7
-6546.3 32.4 16.2
-6545.8 17.4 16.7
-6545.2 2.4 16.8
-6544.7 -12.6 17.3
-6544.1 -27.5 17.9
-6543.6 -42.5 18.4
-6543.1 -57.5 20.0
-6529.8 -57.0 19.6
-6512.9 -54.1 18.9
-2705.8 -5558.9 16.1
-2693.4 -5567.4 16.1
-2681.0 -5575.8 16.3
-2668.6 -5584.3 16.5
-2656.2 -5592.7 16.6
-2643.8 -5601.2 16.8
-2631.4 -5609.7 17.1
-2619.0 -5618.1 17.4
-2606.6 -5626.6 17.7
-2594.2 -5635.0 17.8
-2581.9 -5643.5 17.4
-2569.5 -5651.9 17.3
-2557.1 -5660.4 17.2
-2544.7 -5668.9 16.9
-2520.5 -5685.3 16.5
-2729.5 -5564.2 16.1
-2742.0 -5555.8 16.2
-2754.4 -5547.4 16.3
-2766.8 -5539.0 16.4
-2779.3 -5530.6 16.5
-2791.7 -5522.2 16.6
-2804.1 -5513.9 16.6
-2816.6 -5505.5 16.6
-2829.0 -5497.1 16.7
-2841.3 -5488.5 16.7
-2853.6 -5479.9 16.7
-2865.9 -5471.3 16.8
-2878.2 -5462.7 16.9
-2890.6 -5454.2 16.9
-2903.0 -5445.8 17.0
-2915.4 -5437.4 17.2
-2927.8 -5428.9 17.3
-2940.2 -5420.5 17.5
-2952.6 -5412.1 17.6
-2965.0 -5403.7 17.9
-2977.5 -5395.3 18.2
-2989.9 -5386.9 18.5
-3002.4 -5378.6 18.8
-3014.8 -5370.2 19.0
-3027.2 -5361.8 19.3
-3039.7 -5353.4 19.6
-3052.1 -5345.0 19.8
-3064.5 -5336.6 19.8
-3076.9 -5328.2 19.7
-3089.4 -5319.8 19.6
-3101.8 -5311.3 19.5
-3114.2 -5302.9 19.4
-3126.6 -5294.5 19.3
-3139.0 -5286.0 19.3
-3151.4 -5277.6 19.2
-3163.8 -5269.2 19.2
-3176.2 -5260.7 19.5
-3188.6 -5252.3 19.7
-3201.0 -5243.9 20.0
-3213.4 -5235.4 20.3
-3225.8 -5227.0 20.6
-3238.2 -5218.6 20.9
-3250.6 -5210.2 21.2
-3263.1 -5201.7 21.5
-3275.5 -5193.3 21.9
-3299.4 -5177.1 22.7
-1462.3 2051.7 9.3
-1449.9 2043.4 9.4
-1437.4 2035.0 9.5
-1425.0 2026.6 9.6
-1412.6 2018.2 9.8
-1400.1 2009.8 9.9
-1387.7 2001.5 10.0
-1375.2 1993.1 10.1
-1362.8 1984.7 10.3
-1350.4 1976.3 10.5
-1338.9 1977.7 10.5
-1328.3 1988.3 10.5
-1316.8 2000.0 10.4
-6232.5 -8499.4 23.6
-6236.6 -8513.8 23.4
-6240.7 -8528.2 23.3
-6244.8 -8542.7 23.1
-6248.9 -8557.1 23.0
-6253.0 -8571.5 23.3
-6257.1 -8585.9 23.5
-6264.2 -8611.2 24.0
4306.1 -3069.5 12.4
4299.0 -3080.5 12.5
4705.8 2497.0 17.1
4716.9 2486.9 16.9
4728.0 2476.8 16.7
4739.1 2466.7 16.5
4750.2 2456.6 16.3
4767.0 2441.4 16.0
1749.3 -8636.7 14.5
1776.6 -8640.4 14.6
-3303.1 -4581.9 22.2
-3297.3 -4595.7 22.3
-3291.5 -4609.6 22.4
-3285.6 -4623.4 22.5
-3279.8 -4637.2 22.3
-3271.2 -4657.5 22.0
-82.3 669.6 4.7
-67.3 669.5 4.4
-52.3 669.4 4.1
-37.3 669.2 4.0
-22.3 669.1 3.8
-7.3 668.9 3.7
7.7 668.8 3.6
22.7 668.7 3.6
37.7 668.5 3.7
52.7 668.4 3.9
76.9 668.1 4.3
229.5 667.8 6.3
220.5 679.8 6.4
211.4 691.7 6.5
202.4 703.7 6.6
189.3 706.9 6.4
174.4 705.9 6.1
159.4 704.9 5.9
144.4 703.9 5.6
129.5 702.9 5.3
114.5 701.9 5.0
99.7 704.0 4.8
86.3 709.7 4.7
82.2 737.8 5.3
-6422.1 6860.8 9.1
-6419.3 6875.5 9.1
-6416.5 6890.3 9.1
-6413.7 6905.0 9.2
-6407.2 6895.1 9.1
-6400.2 6881.8 9.1
-6393.1 6868.6 9.0
-6386.1 6855.3 9.0
-6379.0 6842.0 9.0
5801.4 -2343.4 9.8
5813.7 -2352.0 9.7
5826.0 -2360.6 9.7
5838.3 -2369.3 9.8
5850.5 -2377.9 9.8
5862.9 -2386.4 10.0
5875.2 -2394.9 10.2
5887.4 -2403.7 10.4
5899.4 -2412.7 11.0
5911.2 -2421.9 11.6
5922.9 -2431.4 12.3
5934.5 -2440.8 13.0
5946.2 -2450.2 13.7
5957.8 -2459.7 14.4
5969.5 -2469.2 14.1
5981.1 -2478.6 13.7
5992.3 -2488.6 13.4
6003.3 -2498.8 13.0
6014.2 -2509.1 12.7
6025.2 -2519.3 12.3
6035.8 -2529.9 12.0
6046.3 -2540.6 11.7
6056.8 -2551.3 11.7
6067.4 -2562.0 11.7
6077.8 -2572.8 11.8
6088.2 -2583.6 11.8
6098.6 -2594.4 11.8
6108.8 -2605.4 11.8
6118.4 -2616.9 11.8
6128.0 -2628.4 11.8
6137.7 -2639.9 12.0
6147.2 -2651.5 12.4
6156.5 -2663.3 12.6
6165.8 -2675.0 12.8
6175.1 -2686.8 13.1
6184.0 -2698.8 13.4
6192.7 -2711.1 13.7
6201.4 -2723.3 13.3
6210.0 -2735.6 13.0
6218.7 -2747.8 12.7
6227.4 -2760.0 12.4
6235.6 -2772.6 12.0
6243.7 -2785.2 11.6
6251.8 -2797.8 11.2
6259.6 -2810.6 10.8
6267.4 -2823.4 10.6
6275.2 -2836.3 10.5
6283.0 -2849.1 10.4
6290.7 -2862.0 10.3
6298.2 -2875.0 10.1
6305.7 -2888.0 10.0
6313.2 -2900.9 10.0
6320.7 -2913.9 10.1
6328.2 -2926.9 10.1
6335.7 -2939.9 10.1
6343.2 -2952.9 10.1
6350.7 -2965.9 10.1
6358.2 -2978.9 10.1
6365.7 -2991.9 10.2
6373.2 -3004.9 10.2
6380.7 -3017.8 10.2
6388.2 -3030.8 10.1
6395.8 -3043.8 10.0
6403.3 -3056.7 9.9
6410.9 -3069.7 9.8
6418.4 -3082.6 9.7
6426.0 -3095.6 9.7
6433.8 -3108.4 9.4
6441.6 -3121.2 9.5
6449.4 -3134.0 9.5
6457.2 -3146.9 9.6
6464.9 -3159.7 9.6
6473.3 -3172.2 9.7
6481.7 -3184.6 9.8
6490.0 -3197.1 9.9
6498.8 -3209.2 9.6
6508.0 -3221.1 9.2
6517.2 -3232.9 8.9
6526.4 -3244.7 9.3
6535.6 -3256.6 9.6
6545.3 -3268.1 9.9
6555.0 -3279.4 9.9
6564.8 -3290.8 9.9
6574.6 -3302.2 9.9
6584.4 -3313.5 9.9
6595.2 -3323.9 10.0
6606.1 -3334.3 10.0
6616.9 -3344.7 10.0
6627.7 -3355.1 10.1
6638.8 -3365.2 10.1
6649.9 -3375.3 10.1
6660.9 -3385.4 10.2
6672.0 -3395.6 10.2
6683.8 -3404.8 10.2
6695.7 -3414.0 10.3
6707.6 -3423.1 10.7
6719.5 -3432.3 10.7
6731.7 -3441.0 10.7
6743.9 -3449.7 10.6
6756.1 -3458.4 10.8
6768.3 -3467.0 11.1
6780.8 -3475.3 11.3
6793.4 -3483.5 11.5
6806.5 -3490.8 11.5
6819.6 -3498.1 11.4
6832.7 -3505.4 11.3
6845.8 -3512.7 11.2
6858.9 -3520.0 11.1
6872.0 -3527.3 10.9
6885.2 -3534.6 10.7
6898.6 -3541.2 10.4
6912.4 -3547.1 10.2
6926.2 -3552.9 9.9
6940.0 -3558.7 9.5
6953.8 -3564.6 9.3
6967.7 -3570.4 9.3
6981.5 -3576.2 9.2
6995.3 -3582.0 9.2
7009.1 -3587.9 9.1
7023.1 -3593.4 9.1
7037.0 -3598.9 8.9
7051.0 -3604.5 8.5
7064.9 -3610.0 8.2
7078.8 -3615.6 7.8
7092.6 -3621.5 7.4
7106.4 -3627.4 7.7
7120.2 -3633.4 8.3
7133.8 -3639.6 8.9
7147.3 -3646.1 9.4
7160.9 -3652.6 9.6
7174.4 -3659.1 9.6
7187.7 -3666.0 9.5
7201.0 -3673.0 9.1
7213.9 -3680.5 8.7
7226.9 -3688.0 8.2
7239.8 -3695.6 7.8
7252.6 -3703.5 7.4
7265.4 -3711.3 7.0
7278.0 -3719.4 6.5
7290.4 -3727.9 6.1
7302.7 -3736.5 5.7
7315.1 -3745.0 5.3
7327.4 -3753.5 5.3
7339.7 -3762.1 6.1
7351.8 -3771.0 6.8
7363.7 -3780.1 7.6
7375.6 -3789.2 8.4
7387.1 -3798.9 9.1
7398.3 -3808.9 9.2
7409.5 -3818.8 9.1
7420.7 -3828.8 9.1
7431.9 -3838.7 9.1
7443.1 -3848.7 9.1
7454.3 -3858.7 9.1
7465.6 -3868.6 9.1
7476.8 -3878.6 9.1
7488.0 -3888.5 9.1
7499.2 -3898.5 9.1
7510.4 -3908.5 9.1
7521.4 -3918.7 9.2
7532.5 -3928.8 9.2
7543.5 -3938.9 9.2
7554.6 -3949.1 9.3
7565.6 -3959.2 9.5
7576.7 -3969.3 9.7
7587.8 -3979.5 9.4
7598.9 -3989.6 9.3
7609.9 -3999.7 9.1
7621.6 -4009.1 9.0
7633.4 -4018.3 8.9
7645.2 -4027.6 8.9
7657.0 -4036.8 9.2
7669.0 -4045.9 9.6
7681.1 -4054.7 9.9
7693.2 -4063.6 10.3
7705.3 -4072.4 10.5
7717.5 -4081.2 10.6
7730.3 -4089.1 10.8
7743.0 -4097.0 11.0
7755.8 -4104.9 11.2
7768.5 -4112.8 11.2
7781.2 -4120.7 11.0
7794.0 -4128.7 10.8
7806.7 -4136.6 10.8
7828.1 -4149.7 10.5
6170.8 -2836.5 8.7
6162.5 -2824.0 9.2
6154.1 -2811.6 9.6
6145.8 -2799.1 9.8
6137.4 -2786.7 10.0
6129.0 -2774.2 10.3
6120.2 -2762.1 11.2
6111.0 -2750.3 12.0
6101.8 -2738.4 12.5
6092.5 -2726.6 12.4
6083.3 -2714.8 12.4
6074.1 -2702.9 12.3
6064.9 -2691.1 12.3
6055.6 -2679.3 12.1
6045.4 -2668.3 11.8
6035.2 -2657.3 11.6
6025.0 -2646.3 11.4
6014.8 -2635.3 11.3
6004.6 -2624.4 11.1
5994.4 -2613.4 11.0
5984.2 -2602.4 10.8
5973.2 -2592.1 10.9
5962.3 -2581.9 11.1
5951.3 -2571.6 11.2
5940.3 -2561.4 11.4
5929.4 -2551.2 11.6
5918.1 -2541.2 11.7
5906.7 -2531.5 11.9
5895.3 -2521.8 12.0
5883.9 -2512.0 12.2
5872.5 -2502.3 12.4
5861.1 -2492.6 12.2
5849.7 -2482.8 11.5
5837.4 -2474.2 10.9
5825.1 -2465.6 10.2
5812.8 -2457.0 9.7
5800.5 -2448.4 9.2
5788.2 -2439.8 8.7
5775.9 -2431.2 8.5
5763.5 -2422.8 8.3
5750.6 -2415.1 8.1
5737.8 -2407.5 9.0
5724.9 -2399.8 11.7
5712.0 -2392.1 14.3
5699.1 -2384.5 13.6
5685.7 -2377.6 13.2
5672.2 -2371.2 13.3
5658.6 -2364.7 13.4
5645.1 -2358.3 13.5
5631.5 -2351.9 13.4
5618.0 -2345.4 13.1
5604.4 -2339.1 12.8
5590.5 -2333.4 12.5
5576.7 -2327.6 12.1
5562.8 -2321.9 10.9
5549.0 -2316.1 9.8
5535.1 -2310.3 8.6
5521.3 -2304.4 7.4
5507.5 -2298.6 6.3
5493.5 -2293.4 5.9
5479.4 -2288.1 5.7
5465.4 -2282.8 5.4
5451.3 -2277.5 5.7
5424.8 -2267.6 6.3
7332.5 -3882.9 9.7
7321.1 -3873.3 9.4
7309.6 -3863.6 9.2
7298.1 -3853.9 9.0
7286.3 -3844.8 8.7
7273.9 -3836.3 8.3
7261.5 -3827.8 8.4
7249.2 -3819.3 8.6
7236.7 -3811.0 8.7
7224.0 -3803.1 8.9
7211.2 -3795.1 9.1
7198.5 -3787.1 9.0
7185.8 -3779.2 8.5
7173.1 -3771.2 8.0
7160.2 -3763.6 7.4
7146.8 -3756.8 6.9
7133.4 -3750.0 6.8
7120.0 -3743.3 6.8
7106.7 -3736.5 6.8
7093.3 -3729.8 6.7
7079.9 -3723.0 6.5
7066.4 -3716.5 5.9
7052.6 -3710.6 5.3
7038.8 -3704.7 5.4
7025.0 -3698.9 5.7
7011.2 -3693.0 5.9
6997.3 -3687.3 6.3
6983.4 -3681.7 6.9
6969.4 -3676.2 7.4
6955.5 -3670.6 7.9
6941.6 -3665.0 8.1
6927.7 -3659.4 7.9
6913.7 -3653.8 7.7
6899.9 -3648.0 7.5
6886.4 -3641.6 7.3
6872.8 -3635.3 7.1
6859.2 -3628.9 6.9
6845.6 -3622.5 7.0
6832.0 -3616.2 7.3
6818.5 -3609.8 7.7
6805.0 -3603.1 8.0
6792.0 -3595.6 8.3
6779.1 -3588.1 8.7
6766.1 -3580.5 9.1
6753.2 -3572.9 9.0
6740.5 -3564.9 9.0
6728.1 -3556.5 8.9
6715.6 -3548.1 8.8
6702.0 -3539.0 8.8
-5520.7 6180.6 7.7
-5534.5 6174.8 7.6
-5548.3 6168.9 7.4
-5562.1 6163.1 7.2
-5576.0 6157.3 7.0
-5592.6 6150.3 6.8
-4243.2 5043.9 7.3
-4257.7 5040.3 7.4
-4272.3 5036.8 7.4
-4286.9 5033.2 7.4
-4301.4 5029.4 7.5
-4327.8 5019.7 7.6
-5723.8 5179.8 10.0
-5732.7 5167.7 10.1
-5741.5 5155.6 10.2
-5750.4 5143.5 10.2
-5759.3 5131.4 10.3
-5768.1 5119.3 10.3
-5782.8 5099.3 10.3
-3316.3 1143.3 12.1
-3290.4 1130.4 12.6
-3263.3 1129.8 12.7
-3249.0 1126.2 12.6
-3224.5 1112.5 12.3
-4412.2 4648.2 10.3
-4423.2 4637.9 10.2
-4434.1 4627.6 10.1
-4445.0 4617.4 10.1
-4459.5 4603.7 10.0
-1523.6 -6550.0 14.7
-1515.3 -6562.5 14.6
-1507.0 -6575.0 14.5
-1498.8 -6587.5 14.3
-1490.5 -6600.0 14.2
-1482.2 -6612.5 14.3
-1473.9 -6625.0 14.3
-1464.7 -6638.9 14.4
153.1 -3530.9 23.2
146.7 -3517.3 23.0
140.2 -3503.8 22.9
133.8 -3490.2 23.1
127.3 -3476.7 23.3
119.1 -3459.5 23.5
128.9 -3457.2 23.3
134.1 -3471.3 23.4
140.1 -3485.0 23.2
146.7 -3498.4 23.0
153.3 -3511.9 22.9
162.1 -3529.9 23.1
-3676.0 6366.1 9.1
-3691.2 6375.5 9.0
-3718.9 6394.7 8.9
-3728.3 6402.3 9.0
3552.5 435.1 7.9
3566.7 439.9 7.8
3581.0 444.6 7.6
3594.6 450.8 7.4
3608.1 457.3 7.3
3621.7 463.7 7.1
3635.2 470.1 6.9
3649.1 475.8 6.8
3663.4 480.4 6.7
3677.7 484.8 6.7
3692.7 485.3 6.7
3707.7 485.9 6.8
3722.6 486.5 6.8
3737.6 486.6 6.8
3752.6 485.5 6.9
3767.6 484.5 7.0
3796.9 482.4 7.0
3623.3 1184.6 8.1
3608.9 1180.3 8.2
3594.5 1176.1 8.2
3580.1 1171.8 8.1
3565.8 1167.5 8.1
3551.4 1163.3 8.1
3537.0 1159.0 8.0
3522.6 1154.8 8.0
3508.2 1150.5 8.0
3485.6 1143.8 7.9
3628.9 1170.5 8.1
3614.5 1166.2 8.0
3600.1 1161.9 8.0
3585.7 1157.7 8.0
3571.3 1153.4 7.9
3557.0 1149.1 7.9
3542.6 1144.9 7.9
3528.2 1140.6 7.8
3513.8 1136.3 7.8
3491.2 1129.6 7.8
-2283.7 5979.7 5.8
-2287.8 5994.1 5.9
-2290.9 6008.7 5.6
-2291.7 6023.7 5.3
-2291.8 6038.7 5.1
-2291.3 6053.7 4.8
-2290.6 6068.6 4.6
-2289.9 6083.6 4.3
-2289.7 6098.6 4.1
-2289.4 6113.6 3.8
-2289.2 6128.6 3.5
-2288.9 6143.6 3.5
-2288.7 6158.6 3.6
-2288.5 6173.6 3.8
-2288.2 6188.6 3.8
-2288.0 6203.6 3.8
-2287.7 6218.6 3.7
-2287.4 6233.6 3.9
-2287.1 6248.6 4.1
-2286.8 6263.6 4.3
-2286.5 6278.6 4.5
-2286.2 6293.6 4.8
-2285.9 6308.6 5.0
-2285.7 6323.6 5.2
-2285.4 6338.6 5.5
-2285.1 6353.6 5.6
-2284.5 6381.0 5.5
-684.5 -8055.9 15.1
-677.9 -8069.4 14.9
-671.3 -8082.9 14.8
-664.4 -8093.8 14.6
-654.0 -8083.0 14.7
-638.7 -8066.8 14.7
6707.4 -3530.5 9.3
6694.8 -3522.4 9.0
6682.3 -3514.2 9.0
6670.4 -3505.0 9.2
6658.8 -3495.6 9.5
6647.1 -3486.2 9.7
6635.5 -3476.7 9.9
6623.9 -3467.2 10.2
6612.4 -3457.6 10.5
6600.9 -3447.9 11.0
6589.3 -3438.3 11.5
6577.8 -3428.7 12.0
6566.7 -3418.7 12.0
6556.0 -3408.2 11.7
6545.2 -3397.7 11.4
6534.5 -3387.2 11.2
6524.1 -3376.5 10.9
6513.8 -3365.5 11.0
6503.5 -3354.6 10.9
6493.3 -3343.7 10.9
6483.5 -3332.3 10.8
6474.1 -3320.6 10.8
6464.7 -3308.9 10.7
6455.3 -3297.3 10.5
6446.2 -3285.3 10.3
6437.0 -3273.4 10.0
6427.9 -3261.5 9.8
6418.8 -3249.6 9.6
6409.7 -3237.7 9.3
6400.7 -3225.7 9.2
6392.4 -3213.2 9.1
6384.2 -3200.6 9.1
6375.9 -3188.1 9.0
6367.7 -3175.6 8.9
6359.4 -3163.1 8.7
6351.9 -3150.1 8.2
6344.7 -3137.0 7.8
6337.4 -3123.8 7.8
6330.2 -3110.7 7.8
6323.0 -3097.5 7.8
6315.8 -3084.4 7.8
6308.5 -3071.3 7.9
6301.1 -3058.2 7.9
6293.5 -3045.3 8.0
6285.8 -3032.4 7.9
6278.4 -3019.3 7.9
6271.1 -3006.3 7.8
6263.8 -2993.2 7.8
6256.5 -2980.1 7.7
6249.0 -2967.1 7.7
6241.2 -2954.2 7.6
6233.5 -2941.3 7.6
6226.1 -2928.3 7.6
6218.6 -2915.3 7.7
6211.1 -2902.3 7.8
6203.6 -2889.3 7.9
6196.2 -2876.3 8.0
6188.7 -2863.3 8.1
6180.4 -2850.8 8.2
6170.8 -2836.5 8.7
6702.0 -3539.0 8.8
6689.4 -3530.8 8.6
6676.9 -3522.6 8.8
6664.9 -3513.5 9.1
6653.3 -3504.1 9.3
6641.6 -3494.7 9.5
6629.9 -3485.3 9.8
6618.2 -3475.9 10.0
6606.5 -3466.5 10.3
6594.8 -3457.1 10.7
6583.1 -3447.7 11.1
6571.4 -3438.3 11.6
6560.1 -3428.5 12.1
6549.5 -3417.9 11.8
6538.8 -3407.4 11.5
6528.2 -3396.8 11.2
6517.6 -3386.2 10.9
6507.4 -3375.2 11.0
6497.2 -3364.1 11.0
6487.1 -3353.1 10.9
6477.1 -3341.9 10.8
6467.5 -3330.3 10.8
6458.0 -3318.8 10.7
6448.4 -3307.2 10.6
6439.0 -3295.5 10.4
6430.2 -3283.4 10.2
6421.4 -3271.3 9.9
6412.5 -3259.2 9.7
6403.7 -3247.0 9.5
6394.9 -3234.9 9.2
6386.6 -3222.4 9.2
6378.3 -3209.9 9.1
6370.1 -3197.4 9.0
6361.8 -3184.8 9.0
6353.6 -3172.3 8.8
6345.7 -3159.6 8.5
6338.5 -3146.4 7.9
6331.2 -3133.3 7.5
6324.0 -3120.1 7.5
6316.8 -3107.0 7.5
6309.6 -3093.8 7.5
6302.3 -3080.7 7.6
6295.0 -3067.6 7.6
6287.4 -3054.7 7.7
6279.7 -3041.8 7.7
6272.2 -3028.8 7.6
6264.9 -3015.7 7.6
6257.6 -3002.6 7.5
6250.3 -2989.5 7.5
6242.9 -2976.4 7.4
6235.2 -2963.6 7.3
6227.5 -2950.7 7.3
6219.9 -2937.7 7.2
6212.5 -2924.7 7.3
6205.0 -2911.7 7.4
6197.5 -2898.7 7.5
6190.0 -2885.7 7.6
6182.6 -2872.7 7.7
6174.6 -2860.0 7.8
6162.5 -2842.1 8.0
4603.2 5706.6 10.1
4570.0 5699.1 10.0
4544.5 5692.2 9.9
4545.7 5687.0 10.0
4580.7 5696.3 10.1
4603.5 5702.5 10.2
4603.2 5706.6 10.1
-1475.3 -7780.8 15.5
-1461.5 -7775.0 15.3
-1452.2 -7765.6 15.2
-1450.0 -7750.8 15.0
-1447.7 -7735.9 14.9
-1445.4 -7721.1 14.7
-1443.1 -7706.3 14.5
-1440.9 -7691.5 14.3
-1438.6 -7676.6 14.4
-1454.8 -7672.7 14.6
-1895.6 -7796.5 16.8
-1908.0 -7788.0 16.8
-1920.3 -7779.5 16.5
-1932.7 -7771.0 16.5
-1945.0 -7762.5 16.5
-1957.4 -7754.0 16.4
-1969.7 -7745.5 16.3
-1993.5 -7729.1 16.1
-3724.9 -7108.6 17.0
-3731.2 -7095.0 17.1
-3737.5 -7081.4 17.2
-3742.7 -7067.4 17.3
-3746.6 -7052.9 17.4
-3748.4 -7031.1 17.3
-4334.7 -7473.2 17.4
-4325.9 -7485.3 17.4
-4317.0 -7497.4 17.4
-4307.6 -7509.0 17.5
-4292.0 -7526.4 17.6
-2362.9 477.8 9.2
-2350.1 469.9 9.5
-2337.3 462.1 9.9
-2324.5 454.3 10.3
-2311.7 446.5 10.3
-2298.9 438.7 10.4
-2286.1 430.8 10.4
-2273.3 423.0 10.9
-2260.5 415.2 11.4
-2247.7 407.4 11.9
-2234.9 399.6 12.4
-2222.1 391.8 12.9
-2209.3 383.9 13.4
-2196.5 376.1 13.9
-2183.7 368.3 14.2
-2170.9 360.5 14.3
-2153.7 350.0 14.4
-3531.9 -883.7 15.0
-3501.0 -888.3 15.1
-3488.6 -892.5 15.1
-3477.2 -902.7 14.8
-3452.0 -924.7 14.0
-3445.4 -928.1 13.8
-3439.3 -928.8 13.7
-3426.9 -925.4 13.5
-3409.5 -915.4 13.3
-3470.6 -3206.1 17.8
-3469.8 -3221.1 17.7
-3469.0 -3236.1 17.7
-3468.2 -3251.1 17.8
-3467.4 -3266.1 17.8
-3466.2 -3289.3 18.0
1435.7 -4284.9 11.8
1426.8 -4297.1 12.2
1416.6 -4307.9 12.3
1405.8 -4318.4 12.5
1397.3 -4330.4 12.6
1395.4 -4345.1 12.6
1394.0 -4374.4 12.6
6351.2 5823.4 14.7
6339.1 5814.5 14.8
6327.0 5805.7 14.9
6314.9 5796.8 14.9
6302.8 5788.0 15.0
6290.7 5779.1 15.1
6278.6 5770.3 15.1
6266.5 5761.4 15.0
6254.4 5752.5 14.9
6242.2 5743.7 14.8
6230.1 5734.8 14.7
6238.7 5735.5 14.8
6250.7 5744.5 14.9
6262.6 5753.6 15.0
6274.6 5762.6 15.1
6286.6 5771.7 15.2
6298.5 5780.7 15.1
6310.5 5789.7 15.1
6322.5 5798.8 15.0
6334.4 5807.8 14.9
6351.2 5823.4 14.7
-5121.9 -2012.1 19.9
-5113.2 -2024.4 20.2
-5104.6 -2036.6 20.5
-5095.9 -2048.9 20.8
-5084.6 -2064.8 21.1
-6603.9 7870.4 10.3
-6618.5 7867.0 10.2
-6633.1 7863.5 10.2
-6647.7 7860.0 10.2
-6662.4 7857.1 10.1
-6677.3 7858.4 10.1
-6692.3 7859.7 10.1
-6707.2 7860.9 10.1
-6717.7 7867.1 10.1
-6720.4 7881.9 10.1
-6725.4 7908.9 10.1
-3615.2 6352.4 9.5
-3641.8 6364.8 9.0
-4806.5 6551.3 9.1
-4800.0 6537.8 9.0
-4793.4 6524.3 8.9
-4786.9 6510.8 8.8
-4780.4 6497.3 8.8
-4773.8 6483.8 8.7
-4767.3 6470.3 8.7
-4760.7 6456.8 8.6
-4754.2 6443.3 8.6
-4747.7 6429.8 8.5
-4741.3 6416.2 8.4
-4737.0 6402.1 8.4
-4738.8 6387.3 8.4
-4752.0 6384.0 8.5
-4779.5 6381.5 8.9
-3444.0 7076.1 5.1
-3457.2 7069.1 5.1
-3470.5 7062.1 5.0
-3483.7 7055.0 5.0
-3497.0 7048.0 5.0
-3510.3 7041.0 5.0
-3523.5 7034.0 4.9
-3536.8 7027.0 4.9
-3550.0 7020.0 4.9
-3563.3 7013.0 4.8
-3576.6 7006.0 4.8
-3589.8 6998.9 5.0
-3603.1 6991.9 5.2
-3616.3 6984.9 5.5
-3629.6 6977.9 5.7
-3643.4 6972.1 5.9
-3657.3 6966.5 6.1
-3671.3 6960.9 6.3
-3694.5 6954.9 6.7
-2836.6 6407.5 6.4
-2847.4 6418.0 6.1
-2858.1 6428.5 5.9
-2868.8 6439.0 5.7
-2879.6 6449.4 5.5
-2890.3 6459.9 5.3
-2902.0 6463.5 5.3
-2915.2 6456.4 5.5
-2921.0 6447.9 5.7
-2911.4 6436.3 5.8
-2895.7 6417.3 6.0
-2698.9 6752.7 4.6
-2672.2 6727.9 5.4
-4214.5 8777.6 6.7
-4206.1 8765.1 6.6
-4197.7 8752.7 6.5
-4189.4 8740.2 6.4
-4181.0 8727.8 6.3
-4172.6 8715.3 6.3
-4164.3 8702.8 6.2
-4155.9 8690.4 6.2
-4147.5 8677.9 6.1
-4139.2 8665.5 6.0
-4129.8 8651.6 5.9
5986.7 -8243.9 22.0
5991.4 -8258.1 21.9
5996.1 -8272.4 21.7
6000.8 -8286.6 21.6
6005.5 -8300.8 21.5
6010.2 -8315.1 21.3
6014.9 -8329.3 21.1
6028.1 -8324.3 21.0
6028.8 -8327.0 21.0
6015.1 -8332.9 21.1
6009.5 -8320.7 21.2
6004.8 -8306.4 21.4
6000.0 -8292.2 21.6
5995.3 -8277.9 21.7
5990.6 -8263.7 21.9
5986.7 -8243.9 22.0
-1802.5 3874.8 10.2
-1813.2 3889.7 9.9
-1817.9 3899.9 9.7
-1820.3 3909.7 9.9
-1822.1 3931.9 10.5
-4180.3 7007.7 4.2
-4165.4 7005.5 4.2
-4150.6 7003.3 4.2
-4135.8 7001.1 4.3
-4120.9 6999.0 4.4
-4106.1 6996.8 4.4
-4091.2 6994.6 4.5
-4076.4 6992.4 4.5
-4061.6 6990.2 4.6
-4046.7 6988.1 4.6
-4031.9 6985.9 4.7
-4017.0 6983.7 4.6
-4002.2 6981.5 4.5
-3987.4 6979.4 4.4
-3972.5 6977.2 4.3
-3957.7 6975.0 4.2
-3928.1 6970.7 4.7
-4117.8 6604.7 10.0
-4107.4 6594.0 10.0
-4096.9 6583.2 10.0
-4086.4 6572.5 10.0
-4075.9 6561.8 10.0
-4065.4 6551.0 9.9
-4054.9 6540.3 9.9
-4044.5 6529.6 9.9
-4024.5 6509.1 9.8
-3653.9 6371.0 8.9
-3666.9 6378.5 8.9
-3679.9 6386.0 8.8
-3692.7 6393.7 8.8
-3705.2 6401.9 8.9
-3717.4 6410.7 8.9
-3729.1 6420.1 8.9
-3748.8 6436.4 8.8
-4726.5 4811.4 11.5
-4760.0 4790.6 11.5
-3928.9 4946.6 6.2
-3946.1 4928.7 6.4
-3950.9 4925.4 6.4
-3958.7 4924.8 6.4
-6553.9 45.2 15.8
-6553.2 30.2 16.3
-6552.5 15.2 16.7
-6551.8 0.2 16.9
-6551.1 -14.8 17.4
-6550.4 -29.8 17.9
-6549.1 -59.1 20.4
-2157.3 345.4 14.4
-2170.1 353.2 14.3
-2182.9 361.0 14.2
-2195.7 368.8 14.1
-2208.6 376.6 13.8
-2221.4 384.3 13.3
-2234.2 392.1 12.8
-2247.0 399.9 12.3
-2259.9 407.7 11.8
-2272.7 415.5 11.3
-2285.5 423.3 10.8
-2298.3 431.1 10.3
-2311.2 438.8 10.2
-2324.1 446.4 10.2
-2337.0 454.0 10.1
-2349.9 461.7 9.7
-2363.9 469.9 9.3
-2542.9 3607.5 6.3
-2557.9 3649.3 7.1
-2561.8 3654.9 7.1
-2566.9 3657.4 7.0
-2573.7 3656.8 6.9
-2585.1 3654.8 6.7
-2590.7 3656.0 6.6
-2602.6 3667.5 6.7
-2608.4 3675.4 6.9
-1734.0 3705.8 10.8
-1739.7 3719.7 10.9
-1745.4 3733.6 11.1
-1751.1 3747.4 11.3
-1758.9 3757.2 11.5
-1764.0 3771.3 11.7
-1769.1 3785.4 11.8
-1774.3 3799.5 11.6
-1777.7 3814.1 11.3
-1781.1 3828.7 11.1
-1784.4 3843.4 10.8
-1788.4 3857.8 10.6
-1798.3 3869.6 10.3
-1784.3 3702.7 10.7
-1776.7 3689.8 10.6
-1769.2 3676.8 10.4
-1761.9 3663.7 10.1
-1756.1 3649.8 9.8
-1750.3 3636.0 9.5
-1744.5 3622.2 9.4
-1738.7 3608.4 9.5
-1733.0 3594.5 9.6
-1725.5 3575.8 9.8
-1920.2 5119.9 9.5
-1910.4 5108.6 9.5
-1900.5 5097.2 9.5
-1890.7 5085.9 9.5
-1892.9 5064.2 9.5
-6954.8 -5638.7 31.1
-6944.0 -5630.6 31.3
-6937.6 -5628.3 31.4
-6930.3 -5627.3 31.4
-6924.8 -5628.4 31.4
-6934.8 8387.3 7.3
-6921.2 8383.8 7.3
-6912.2 8378.8 7.4
-6899.5 8359.7 7.8
-6888.4 8327.5 8.5
-6885.7 8307.9 9.0
-6881.9 8273.4 8.5
-6878.7 8257.8 8.4
-4288.4 3743.2 9.2
-4277.4 3753.3 9.2
-4266.3 3763.4 9.3
-4255.2 3773.5 9.4
-4239.1 3788.2 9.6
-4304.7 3730.4 9.1
-4325.9 3719.7 9.1
-4351.5 3714.5 9.0
2646.2 -7392.6 17.5
2660.7 -7396.7 17.4
2675.1 -7400.7 17.2
2689.5 -7405.0 16.9
2703.8 -7409.6 16.6
2717.8 -7414.8 16.2
2731.5 -7421.0 15.8
2745.0 -7427.4 15.4
2758.5 -7434.1 15.1
2771.9 -7440.8 14.9
2785.3 -7447.6 14.8
2798.7 -7454.3 14.8
2812.1 -7461.1 14.6
2825.4 -7467.8 14.4
2838.8 -7474.6 14.3
2861.9 -7486.2 14.2
2053.4 -8823.4 12.1
2058.7 -8809.4 12.3
2064.0 -8795.4 14.1
2069.4 -8781.4 15.2
2073.0 -8767.0 12.9
2070.7 -8752.4 12.4
2064.8 -8738.7 12.0
2057.7 -8725.5 11.6
2049.3 -8713.1 11.1
2042.9 -8699.6 10.6
2037.1 -8685.8 10.3
2042.8 -8673.4 10.2
2056.4 -8667.5 11.0
2070.9 -8663.7 13.2
2085.4 -8660.0 13.4
2099.9 -8656.2 13.6
2118.8 -8651.4 13.8
2534.8 -212.8 10.9
2522.1 -204.9 10.8
2509.3 -197.0 10.7
2496.5 -189.2 10.7
2483.8 -181.3 10.6
2471.0 -173.4 10.6
2458.2 -165.5 10.7
2445.5 -157.7 10.7
2432.7 -149.8 10.8
2419.9 -141.9 10.8
2407.2 -134.0 10.9
2390.4 -123.7 11.0
2580.9 -7387.5 18.0
2595.7 -7390.1 17.9
2610.4 -7393.0 17.7
2625.2 -7395.5 17.6
2640.0 -7397.8 17.4
2654.6 -7401.2 17.3
2669.0 -7405.2 17.1
2683.4 -7409.5 16.8
2697.8 -7413.9 16.5
2711.9 -7419.0 16.1
2725.6 -7424.9 15.7
2739.2 -7431.3 15.4
2752.7 -7437.9 15.1
2766.1 -7444.7 14.9
2779.5 -7451.4 14.8
2792.9 -7458.2 14.7
2806.3 -7464.9 14.7
2819.6 -7471.7 14.5
2833.0 -7478.4 14.3
2846.4 -7485.2 14.3
2860.4 -7492.2 14.2
4311.5 -3086.1 12.5
4324.1 -3066.0 12.4
4337.6 -3040.5 12.3
-6180.7 5088.0 9.0
-6167.9 5096.0 9.0
-3368.4 -3103.5 17.9
-3373.6 -3117.6 18.1
-3378.8 -3131.6 18.4
-3384.0 -3145.7 18.6
-3389.2 -3159.8 18.6
-3394.5 -3173.8 18.6
-3401.4 -3192.7 18.5
-3458.0 -3169.5 18.1
-3452.7 -3155.5 18.0
-3447.4 -3141.5 18.0
-3442.1 -3127.4 17.9
-3436.7 -3113.4 17.6
-3431.4 -3099.4 17.5
-3426.1 -3085.4 17.8
-3420.9 -3071.3 18.0
-3416.9 -3056.8 18.2
-3412.9 -3042.4 18.4
-3408.7 -3028.0 18.3
-3404.0 -3013.7 18.0
-3399.4 -2999.5 17.7
-3393.5 -2989.9 17.5
-3372.8 -3009.6 18.0
70.5 758.6 5.6
71.1 743.6 5.2
71.6 728.6 4.9
72.2 713.6 4.5
72.8 698.7 4.2
82.6 692.3 4.3
97.1 695.5 4.5
112.0 697.3 4.8
134.2 700.0 5.3
-5058.2 7362.3 9.3
-5044.9 7369.2 9.6
-5031.5 7376.1 9.9
-5018.2 7382.9 10.2
-5004.9 7389.8 10.5
-4991.5 7396.7 10.3
-4970.4 7407.5 9.5
7391.4 -3918.4 11.2
7379.9 -3908.8 10.7
7368.3 -3899.2 10.3
7356.8 -3889.6 10.0
7345.3 -3880.0 9.8
7333.7 -3870.4 9.5
7322.2 -3860.8 9.2
7310.7 -3851.3 9.0
7299.1 -3841.7 8.8
7286.9 -3833.1 8.5
7274.5 -3824.6 8.4
7262.1 -3816.1 8.5
7249.8 -3807.6 8.6
7237.1 -3799.5 8.8
7224.4 -3791.6 9.0
7211.7 -3783.6 9.1
7199.0 -3775.6 8.6
7186.3 -3767.6 8.0
7173.6 -3759.7 7.5
7160.4 -3752.5 7.3
7147.1 -3745.7 7.3
7133.7 -3739.0 7.3
7120.3 -3732.2 7.2
7106.9 -3725.5 7.2
7093.5 -3718.7 7.1
7080.1 -3712.0 6.5
7066.5 -3705.6 5.9
7052.7 -3699.8 5.3
7038.9 -3693.9 5.4
7025.1 -3688.1 5.7
7011.2 -3682.2 6.0
6997.3 -3676.6 6.3
6983.4 -3671.0 6.7
6969.5 -3665.4 7.3
6955.6 -3659.8 7.8
6941.6 -3654.2 8.0
6927.7 -3648.7 7.8
6913.8 -3643.1 7.6
6900.1 -3637.0 7.4
6886.5 -3630.7 7.2
6872.9 -3624.3 7.1
6859.3 -3617.9 7.3
6845.8 -3611.5 7.6
6832.2 -3605.2 8.0
6818.6 -3598.7 8.3
6805.4 -3591.8 8.6
6792.4 -3584.2 9.0
6779.4 -3576.7 9.4
6766.5 -3569.1 9.4
6753.5 -3561.6 9.3
6741.1 -3553.2 9.2
6728.6 -3544.8 9.2
6707.4 -3530.5 9.3
-3733.2 6406.5 9.0
-3745.0 6415.8 9.0
-3756.8 6425.0 8.9
-3768.2 6434.8 8.9
-3779.1 6445.1 8.9
-3790.1 6455.3 8.8
-3801.1 6465.5 8.6
-3812.0 6475.8 8.4
-3822.8 6486.2 8.4
-3833.7 6496.6 8.7
-3848.6 6510.9 9.1
-3918.0 6598.8 10.2
-3929.0 6608.9 10.2
-3940.1 6619.1 9.8
-3951.1 6629.2 9.3
-3962.1 6639.4 8.9
-3973.2 6649.5 8.7
-3984.2 6659.7 8.4
-3995.3 6669.8 8.4
-4011.0 6684.3 8.7
-4238.1 2982.1 10.1
-4251.0 2974.4 10.3
-4272.5 2961.5 10.1
-4876.2 6621.1 9.5
-4887.2 6611.0 9.6
-4898.3 6600.8 9.9
-4911.7 6588.4 10.0
-6150.2 7099.7 7.5
-6164.5 7095.2 7.5
-6178.8 7090.8 7.6
-6193.2 7086.4 7.7
-6216.8 7079.0 7.9
-6488.0 -6627.6 20.8
-6467.7 -6642.7 21.1
-6457.5 -6646.5 21.2
-6450.9 -6649.3 21.3
-6451.1 -6654.4 21.3
-6452.8 -6659.1 21.4
-6453.0 -6667.2 21.5
-6449.8 -6675.3 21.6
-6442.0 -6680.6 21.7
-6438.6 -6683.8 21.8
-6426.9 -6692.3 22.0
-6421.6 -6699.5 22.1
913.9 -3420.1 13.5
918.7 -3434.3 13.5
922.9 -3448.7 13.5
926.8 -3463.2 13.5
928.7 -3478.0 13.5
929.1 -3493.0 13.5
927.9 -3507.9 13.6
926.3 -3522.9 13.7
923.1 -3548.5 13.8
-6206.5 -8399.2 23.6
-6210.3 -8413.7 24.1
-6214.2 -8428.2 24.6
-6218.0 -8442.7 24.8
-6221.8 -8457.2 24.5
-6226.5 -8474.7 24.1
-6265.6 -8616.0 24.2
-6270.9 -8630.0 24.4
-6276.1 -8644.1 24.7
-6281.4 -8658.1 25.0
-6287.0 -8672.0 24.9
-6292.9 -8685.8 24.7
-6298.7 -8699.6 24.4
-6304.6 -8713.4 24.2
-6310.5 -8727.2 24.0
-6316.3 -8741.1 23.8
-6322.4 -8754.8 23.7
-6328.8 -8768.3 23.5
-6335.1 -8781.9 23.4
-6341.5 -8795.5 23.3
-6347.8 -8809.1 23.4
-6354.2 -8822.7 23.4
-6360.5 -8836.3 23.7
-6366.9 -8849.9 24.3
-6373.5 -8863.9 24.8
-6264.9 -8649.3 24.9
-6259.6 -8635.3 24.6
-6254.3 -8621.2 24.4
-6249.9 -8606.9 24.0
-6245.5 -8592.6 23.7
-6241.1 -8578.2 23.5
-6236.8 -8563.8 23.2
-6232.6 -8549.4 23.1
-6228.3 -8535.1 23.3
-6224.3 -8520.6 23.4
-6220.6 -8506.1 23.6
-6216.9 -8491.5 23.8
-6213.2 -8477.0 24.0
-6209.6 -8462.5 24.3
-6203.4 -8437.8 24.7
-5824.1 7365.0 7.7
-5858.7 7359.9 7.4
-4961.3 6777.4 13.2
-4966.7 6791.4 13.4
-4972.1 6805.4 13.0
-4977.5 6819.4 12.4
-4987.1 6844.4 11.4
-6242.3 5082.9 9.0
-6234.8 5069.9 9.0
-6227.3 5056.9 9.0
-6213.6 5033.1 9.0
-3944.6 4924.3 6.4
-3966.2 4899.4 6.7
-5109.2 5641.0 5.1
-5123.0 5647.0 5.2
-5136.7 5653.1 5.3
-5150.4 5659.2 5.4
-5164.1 5665.3 5.5
-5177.8 5671.4 5.6
-5191.5 5677.4 5.7
-5206.9 5684.2 5.9
-3039.9 5202.5 8.8
-3052.5 5194.5 8.3
-3065.1 5186.4 8.2
-3077.8 5178.3 8.1
-3090.4 5170.2 8.0
-3101.6 5161.8 7.9
-3094.5 5148.5 8.0
-3087.4 5135.3 8.1
-3080.4 5122.1 8.2
-3073.3 5108.9 8.2
-3066.2 5095.6 8.3
-3059.2 5082.4 8.4
-3052.1 5069.2 8.5
-3045.0 5055.9 8.6
-3038.0 5042.7 8.6
-3030.9 5029.5 8.8
-3023.8 5016.2 8.9
-3016.8 5003.0 9.0
-3005.0 4980.9 9.2
-5417.1 5933.0 7.1
-5411.5 5919.1 7.3
-5406.9 5905.0 7.2
-5408.3 5890.1 7.0
-5412.1 5875.6 6.9
-5416.0 5861.1 6.8
-5422.6 5847.7 6.6
-5429.6 5834.4 6.6
-5436.6 5821.1 6.5
-5449.9 5795.7 6.4
-4994.2 4194.7 9.6
-4996.9 4196.9 9.6
-5008.3 4217.5 10.0
-5016.8 4229.7 10.1
-5025.0 4247.0 10.2
-4944.7 4244.8 10.1
-4970.7 4205.4 9.8
-4975.0 4201.0 9.7
-2964.3 -6446.1 19.7
-2956.3 -6435.9 19.9
-2956.3 -6420.9 18.9
-2956.4 -6405.9 17.8
-2956.4 -6390.8 17.0
-1773.3 -6262.5 16.9
-1763.7 -6274.1 16.8
-1754.2 -6285.6 16.6
-1744.6 -6297.2 16.5
-1735.0 -6308.7 16.4
-1725.5 -6320.3 16.3
-1715.0 -6332.9 16.4
-6521.1 7897.0 10.4
-6524.9 7911.5 10.3
-6528.8 7926.0 10.2
-6532.6 7940.5 10.1
-6536.5 7955.0 10.1
-6540.3 7969.5 10.0
-6546.3 7992.4 9.9
-5769.1 7308.8 9.4
-5783.9 7306.8 9.3
-5798.8 7304.8 9.1
-5813.6 7302.7 8.9
-5828.5 7300.7 8.8
-5832.3 7315.1 8.5
-5836.1 7329.6 8.2
-5839.8 7344.2 7.9
-5840.9 7356.9 7.6
-5824.8 7359.4 7.8
-4988.9 7457.0 10.4
-5002.1 7449.7 10.3
-5015.2 7442.5 10.8
-5028.3 7435.2 10.9
-5041.5 7428.0 10.7
-5054.6 7420.8 10.6
-5067.7 7413.5 10.4
-5080.9 7406.3 10.3
-5104.2 7393.4 9.9
-4900.1 6892.4 9.7
-4911.8 6883.0 10.1
-4923.5 6873.6 10.7
-4935.2 6864.2 11.3
-4935.3 6852.5 11.7
-4928.2 6839.2 12.3
-4921.2 6826.0 12.8
-4914.1 6812.8 13.2
-4907.1 6799.5 13.7
-4897.1 6780.8 13.1
-5811.0 4936.3 9.6
-5766.8 4932.5 9.8
-5765.1 4946.5 9.7
-6166.2 5090.9 9.0
-6178.8 5082.9 9.0
-6191.5 5074.8 9.0
-6204.1 5066.7 9.0
-6223.1 5054.6 9.0
-5783.7 5092.0 10.3
-5770.5 5085.0 10.3
-5755.9 5081.5 10.2
-5741.4 5077.9 10.2
-5726.8 5074.4 10.2
-5704.6 5068.9 10.2
-5640.6 5997.1 5.1
-5633.9 5983.7 5.2
-5627.1 5970.3 5.5
-5620.3 5956.9 5.8
-5613.0 5943.9 5.9
-5604.5 5931.5 6.0
-5596.0 5919.1 6.1
-5587.5 5906.8 6.2
-5579.0 5894.4 6.3
-5570.5 5882.1 6.4
-5562.3 5869.5 6.6
-5554.1 5856.9 6.6
-5545.4 5844.7 6.4
-5536.7 5832.5 6.2
-5528.0 5820.3 6.1
-5519.3 5808.1 6.1
-5510.6 5795.9 6.1
-5501.9 5783.7 6.2
-5488.5 5764.9 6.3
-5681.5 5839.5 7.3
-5670.9 5828.9 7.2
-5660.2 5818.3 7.1
-5649.6 5807.7 7.1
-5639.0 5797.1 7.0
-5628.3 5786.6 6.8
-5617.7 5776.0 6.8
-5607.1 5765.4 6.8
-5596.4 5754.8 6.7
-5575.6 5734.1 6.7
-5074.5 5705.1 5.4
-5086.6 5714.1 5.7
-5098.6 5723.1 6.1
-5110.6 5732.0 6.4
-5122.7 5741.0 6.8
-5134.7 5749.9 7.1
-5146.7 5758.9 7.5
-5158.8 5767.9 7.8
-5170.8 5776.8 8.2
-5182.8 5785.8 8.5
-5194.8 5794.7 8.9
-5206.9 5803.7 9.0
-5218.9 5812.7 8.9
-5230.9 5821.6 8.9
-5243.0 5830.6 8.8
-5255.0 5839.5 8.7
-5267.0 5848.5 8.4
-5279.1 5857.5 8.0
-5291.1 5866.4 7.8
-5299.2 5854.7 7.7
-5309.0 5839.0 7.7
-6189.0 -8342.1 22.2
-6193.5 -8356.4 22.5
-6198.1 -8370.7 22.7
-6204.3 -8390.3 23.3
-6118.0 -8188.0 24.9
-6109.7 -8169.4 25.2
-2317.0 5029.5 8.9
-2286.7 5010.6 9.1
-2278.4 5008.5 9.3
-2260.2 5014.2 9.3
-2251.5 5017.1 9.3
-2245.1 5016.8 9.4
-2232.1 5009.1 9.9
-2208.8 4990.6 11.0
-2194.7 4976.0 11.8
-2186.8 4967.0 12.3
-2174.4 4942.9 13.5
-2163.9 4925.1 14.3
-2149.1 4906.2 14.3
-2564.6 3741.7 7.4
-2559.6 3727.6 7.4
-2554.5 3713.5 7.4
-2549.4 3699.3 7.3
-2544.3 3685.2 7.2
-2535.4 3660.5 7.5
6162.5 -2842.1 8.0
6154.2 -2829.6 8.6
6145.8 -2817.2 9.0
6137.5 -2804.7 9.2
6129.1 -2792.3 9.4
6120.7 -2779.8 10.1
6111.9 -2767.7 10.9
6102.7 -2755.9 11.7
6093.4 -2744.0 12.3
6084.2 -2732.2 12.3
6075.0 -2720.4 12.2
6065.8 -2708.5 12.2
6056.6 -2696.7 12.1
6047.2 -2685.0 11.9
6037.0 -2674.0 11.7
6026.8 -2663.0 11.5
6016.6 -2652.0 11.3
6006.4 -2641.0 11.0
5996.2 -2630.0 10.9
5986.0 -2619.0 10.8
5975.7 -2608.1 10.6
5964.7 -2597.9 10.4
5953.8 -2587.6 10.6
5942.8 -2577.4 10.8
5931.8 -2567.2 10.9
5920.9 -2556.9 11.1
5909.6 -2547.1 11.3
5898.2 -2537.3 11.4
5886.7 -2527.6 11.6
5875.3 -2517.9 11.7
5863.9 -2508.1 11.9
5852.5 -2498.4 11.7
5840.9 -2488.9 11.1
5828.6 -2480.3 10.4
5816.3 -2471.7 9.7
5804.0 -2463.1 9.1
5791.8 -2454.5 8.6
5779.5 -2445.9 8.1
5767.2 -2437.3 7.8
5754.6 -2429.1 7.7
5741.7 -2421.5 8.0
5728.8 -2413.8 10.6
5715.9 -2406.1 13.3
5703.0 -2398.5 15.4
5690.1 -2390.8 14.5
5676.6 -2384.4 14.0
5663.1 -2377.9 14.1
5649.5 -2371.5 14.2
5636.0 -2365.0 14.3
5622.4 -2358.6 14.1
5608.9 -2352.1 13.8
5595.1 -2346.1 13.5
5581.3 -2340.4 13.2
5567.4 -2334.6 12.0
5553.6 -2328.9 10.9
5539.7 -2323.1 9.7
5525.9 -2317.3 8.6
5512.1 -2311.4 7.4
5498.2 -2305.8 6.2
5484.1 -2300.6 5.6
5470.1 -2295.3 5.3
5456.1 -2290.0 5.0
5442.0 -2284.8 5.3
5422.2 -2277.3 5.7
-2526.3 -7459.1 17.9
-2529.6 -7444.4 17.9
-2532.9 -7429.8 17.9
-2536.2 -7415.1 18.0
-2542.3 -7388.0 18.0
4917.6 -3255.3 12.6
4931.5 -3260.9 12.6
4945.6 -3266.2 12.6
4959.7 -3271.2 12.6
4973.8 -3276.2 12.6
4988.3 -3280.3 12.7
5002.7 -3284.5 12.7
5017.1 -3288.6 12.7
5031.7 -3291.9 12.7
5046.4 -3294.7 12.7
5061.3 -3296.8 12.6
5076.2 -3298.3 12.5
5091.1 -3299.8 12.9
5106.1 -3301.3 12.9
5121.0 -3302.8 12.8
5136.0 -3303.5 12.8
5151.0 -3304.2 12.7
5165.9 -3304.9 12.7
5180.9 -3304.4 12.6
5207.9 -3307.1 12.8
5193.5 -3311.2 12.8
5178.6 -3312.6 12.7
5163.6 -3312.8 12.6
5148.6 -3312.1 12.7
5133.6 -3311.4 12.7
5118.6 -3310.6 12.8
5103.7 -3309.1 12.8
5088.8 -3307.6 12.9
5073.9 -3306.1 12.5
5059.0 -3304.6 12.6
5044.1 -3302.5 12.7
5029.4 -3299.6 12.7
5014.8 -3296.2 12.7
5000.4 -3292.1 12.7
4985.9 -3288.0 12.6
4971.5 -3283.8 12.6
4957.4 -3278.9 12.6
4943.2 -3273.8 12.6
4929.2 -3268.6 12.6
5199.5 -2817.7 11.7
5211.4 -2826.9 11.6
5223.3 -2836.0 11.5
5235.0 -2845.4 11.4
5246.7 -2854.8 11.3
5258.4 -2864.3 11.2
5270.0 -2873.7 11.8
5281.7 -2883.1 12.5
5293.4 -2892.5 13.3
5305.1 -2901.9 14.1
5316.8 -2911.3 14.4
5328.4 -2920.7 14.8
5340.1 -2930.1 14.7
5351.8 -2939.5 14.6
5363.5 -2948.9 14.5
5375.1 -2958.4 14.1
5386.7 -2968.0 13.7
5398.2 -2977.5 13.6
5409.8 -2987.1 13.4
5417.9 -2999.3 13.2
5414.3 -3013.4 13.0
5404.3 -3024.6 12.8
5394.3 -3035.8 13.3
5384.4 -3047.0 13.7
5374.4 -3058.2 13.7
5364.4 -3069.5 13.7
5354.5 -3080.7 13.6
5344.5 -3091.9 13.6
5334.5 -3103.1 13.5
5324.6 -3114.3 13.5
5314.6 -3125.5 13.4
5304.6 -3136.7 13.4
5294.6 -3147.9 13.3
5272.7 -3160.6 13.3
5282.7 -3149.3 13.4
5292.6 -3138.1 13.4
5302.6 -3126.9 13.5
5312.6 -3115.7 13.5
5322.5 -3104.5 13.6
5332.5 -3093.3 13.6
5342.5 -3082.1 13.6
5352.4 -3070.9 13.7
5362.4 -3059.7 13.7
5372.4 -3048.5 13.8
5382.4 -3037.3 13.8
5392.3 -3026.1 13.4
5402.3 -3014.8 13.0
5410.1 -3002.5 13.2
5401.7 -2990.8 13.4
5390.2 -2981.2 13.5
5378.6 -2971.7 13.9
5367.0 -2962.1 14.4
5355.4 -2952.7 14.5
5343.7 -2943.3 14.6
5332.0 -2933.9 14.7
5320.3 -2924.5 14.6
5308.7 -2915.0 14.3
5297.0 -2905.6 13.8
5285.3 -2896.2 13.0
5273.6 -2886.8 12.2
5261.9 -2877.4 11.5
5250.2 -2868.0 11.2
5238.6 -2858.6 11.3
5226.9 -2849.2 11.4
5215.2 -2839.8 11.6
5218.0 -3293.7 12.7
5230.5 -3285.4 12.7
5242.2 -3276.1 12.6
5252.1 -3264.9 12.7
5262.0 -3253.7 12.7
5272.0 -3242.4 12.8
5288.9 -3235.4 12.8
5279.0 -3246.6 12.7
5269.0 -3257.8 12.7
5259.1 -3269.1 12.6
5249.1 -3280.3 12.7
5237.9 -3290.1 12.8
4728.8 -3198.0 12.4
4743.6 -3200.7 12.4
4758.3 -3203.4 12.4
4773.1 -3206.1 12.4
4787.8 -3208.8 12.4
4802.6 -3211.5 12.4
4817.0 -3215.5 12.5
4831.4 -3219.6 12.5
4845.7 -3224.3 12.5
4859.6 -3229.8 12.5
4873.5 -3235.6 12.5
4887.1 -3241.8 12.5
4900.7 -3256.8 12.5
4887.0 -3250.5 12.5
4873.4 -3244.3 12.5
4859.6 -3238.4 12.5
4845.6 -3232.9 12.5
4831.5 -3228.0 12.5
4817.1 -3223.8 12.5
4802.6 -3219.7 12.4
4787.9 -3216.9 12.4
4773.2 -3214.2 12.4
4758.4 -3211.5 12.4
4743.7 -3208.8 12.4
4530.1 -3172.7 12.5
4544.9 -3170.2 12.5
4559.7 -3167.9 12.5
4574.6 -3165.7 12.4
4589.4 -3163.2 12.4
4604.2 -3160.7 12.4
4619.0 -3158.2 12.4
4633.9 -3157.3 12.3
4648.6 -3159.7 12.3
4661.9 -3166.5 12.3
4674.9 -3174.0 12.3
4688.2 -3180.9 12.4
4705.2 -3198.4 12.4
4691.8 -3191.7 12.4
4678.4 -3184.9 12.4
4665.3 -3177.7 12.4
4652.4 -3170.1 12.4
4638.2 -3165.7 12.4
4623.2 -3165.6 12.4
4608.5 -3168.1 12.4
4593.7 -3170.6 12.4
4578.9 -3173.1 12.5
4564.0 -3175.3 12.5
4549.2 -3177.6 12.5
4720.7 -3192.0 12.4
4727.6 -3178.8 12.4
4734.6 -3165.5 12.4
4741.6 -3152.2 12.4
4748.6 -3138.9 12.5
4755.5 -3125.7 12.5
4762.8 -3112.5 12.6
4770.3 -3099.5 12.6
4777.7 -3086.5 12.6
4793.7 -3078.0 12.7
4784.9 -3090.1 12.6
4777.4 -3103.1 12.6
4769.9 -3116.1 12.6
4762.7 -3129.3 12.5
4755.7 -3142.5 12.5
4748.7 -3155.8 12.5
4741.8 -3169.1 12.4
4734.8 -3182.4 12.4
-6043.9 -7769.1 29.6
-6007.6 -7737.7 28.6
-6029.1 -7737.0 29.1
-5986.2 -7722.3 28.0
-5992.5 -7724.4 28.2
-6023.4 -7724.4 28.9
-6023.9 -7706.4 29.0
6298.8 8543.2 27.0
6376.7 8557.2 28.8
6271.4 8550.0 27.8
6224.3 8572.4 30.5
6364.2 8589.1 29.8
6267.1 8589.1 32.5
6257.9 8581.7 31.8
6240.4 8581.1 31.7
6429.7 8598.7 29.1
6409.1 8596.3 29.5
6355.2 8601.2 29.5
6345.3 8596.3 29.9
6328.3 8603.6 32.2
6282.9 8599.4 33.1
6431.9 8615.5 29.6
6402.4 8615.1 30.3
6325.7 8618.0 31.7
6311.5 8611.5 33.6
6258.2 8610.6 34.1
6386.9 8628.2 30.6
6370.8 8624.5 30.0
6330.7 8627.3 30.3
6314.2 8632.7 32.6
6295.6 8632.4 35.3
6206.2 8631.6 36.2
6452.2 8645.6 30.2
6407.0 8644.0 31.1
6356.8 8646.5 29.6
6295.5 8645.1 34.8
6268.6 8641.3 36.2
6252.6 8641.8 36.4
6449.9 8662.1 31.1
6436.3 8660.3 31.2
6405.1 8657.1 31.2
6387.9 8660.1 30.6
6254.4 8659.9 37.7
6447.1 8672.5 31.5
6437.7 8676.3 31.2
6418.7 8672.1 31.0
6399.8 8675.3 30.7
6391.0 8672.3 30.6
6364.1 8670.6 29.9
6312.0 8675.7 30.1
6505.5 8688.2 30.8
6416.9 8685.3 30.7
6227.2 8685.1 39.8
6551.3 8705.3 29.7
6539.9 8703.7 30.1
6433.5 8706.7 30.5
6379.4 8705.2 29.7
6358.8 8707.6 29.3
6344.4 8701.1 29.2
6296.4 8703.7 30.8
6285.5 8704.1 32.6
6596.3 8723.0 28.8
6574.0 8719.0 29.5
6439.3 8719.2 30.0
6406.5 8721.5 29.8
6340.1 8715.5 28.8
6297.5 8717.3 29.7
6613.8 8737.7 28.6
6584.7 8733.8 28.9
6550.2 8733.1 29.0
6542.2 8739.2 28.8
6511.4 8733.5 29.1
6474.7 8733.2 29.2
6468.0 8735.9 29.1
6444.9 8730.6 29.4
6400.5 8730.4 29.6
6363.8 8739.1 28.8
6343.3 8732.0 28.6
6250.7 8735.6 36.5
6597.5 8752.0 28.1
6256.7 8749.0 35.3
6648.5 8767.9 27.6
6559.5 8763.3 27.8
6534.8 8767.1 27.6
6521.2 8766.8 27.6
6512.3 8767.1 27.6
6497.7 8761.5 27.8
6462.8 8767.0 27.6
6390.9 8759.7 28.1
6360.4 8762.6 28.1
6264.9 8768.8 34.3
6239.9 8767.4 39.9
6648.7 8779.9 27.3
6570.8 8777.0 27.4
6478.5 8777.6 27.3
6423.4 8780.8 27.2
6377.2 8775.5 27.4
6283.0 8783.2 31.5
6265.2 8780.5 35.3
6640.6 8793.0 27.2
6581.3 8798.8 27.3
6526.2 8789.9 27.1
6512.5 8797.2 27.2
6493.7 8794.9 27.2
6476.8 8791.7 27.1
6466.8 8795.3 27.2
6449.2 8799.2 27.2
6430.9 8790.5 27.1
6394.4 8795.2 27.2
6630.3 8812.8 27.5
6595.6 8808.8 27.5
6508.6 8808.2 27.4
6448.0 8805.5 27.3
6430.9 8809.9 27.4
6401.3 8808.5 27.5
6376.4 8807.5 27.6
6344.8 8811.2 28.0
6288.3 8808.1 30.4
6252.9 8810.0 38.4
6599.0 8822.9 27.7
6507.8 8825.6 27.8
6406.1 8828.6 28.5
6333.7 8829.1 27.7
6467.5 8834.9 28.5
6446.9 8842.0 29.0
6270.0 8838.7 34.4
6497.4 8856.8 29.4
6478.2 8850.1 29.2
6430.0 8852.9 29.6
6325.1 8850.1 27.3
6234.7 8855.8 39.8
6538.6 8865.3 29.6
6499.2 8871.7 30.2
6482.7 8870.1 30.2
6431.5 8868.9 30.2
6423.7 8874.2 30.3
6374.3 8874.3 28.7
6326.8 8868.2 27.3
6569.0 8880.2 30.2
6504.6 8888.8 31.0
6492.9 8880.3 30.6
6431.9 8882.8 30.5
6406.6 8880.9 29.7
6389.2 8884.4 29.2
6372.9 8884.6 28.6
6358.6 8885.5 28.2
6289.1 8886.6 29.8
6253.5 8889.0 35.6
6242.2 8887.2 36.2
6539.8 8894.9 31.1
6509.4 8901.5 31.6
6415.5 8895.3 29.9
6400.3 8903.2 29.4
6273.1 8897.7 33.4
6236.3 8899.1 35.2
6223.4 8899.0 35.7
6529.6 8912.3 32.1
6416.7 8914.8 29.9
6375.7 8909.8 28.6
6348.9 8912.9 27.7
6271.0 8910.7 32.7
6523.0 8924.8 32.5
6495.6 8928.7 32.3
6467.7 8927.7 31.4
6423.7 8927.0 30.0
6376.6 8926.2 28.5
6300.1 8926.0 27.1
6268.4 8933.5 30.4
6437.7 8939.6 30.4
6401.8 8940.5 29.2
6388.5 8941.5 28.8
6363.2 8941.4 28.0
6311.5 8949.3 26.3
6297.9 8949.2 27.5
6286.7 8944.9 28.5
6242.8 8946.4 30.4
6418.7 8959.9 29.8
6404.5 8955.6 29.2
6389.4 8962.7 28.9
6340.1 8956.6 27.2
6268.3 8957.1 28.4
6523.1 8974.8 33.3
6480.0 8973.4 32.1
6369.7 8972.5 28.4
6333.5 8974.5 27.3
6240.4 8978.0 29.6
6511.7 8991.1 33.4
6283.5 8990.6 28.6
6524.5 9005.3 33.3
6373.3 9008.1 29.5
6317.3 9005.1 29.2
6451.6 9017.1 32.3
6431.9 9024.2 31.9
6419.7 9021.3 31.4
6376.7 9021.6 30.0
6331.1 9018.3 30.0
6319.1 9015.8 30.0
6295.3 9015.1 30.4
6446.2 9029.7 32.5
6432.1 9031.2 32.1
6424.2 9032.2 31.9
6375.0 9032.7 30.5
6329.5 9030.7 31.0
6356.9 9053.2 32.4
6394.0 9064.8 32.7
6374.8 9069.2 33.4
6424.1 9076.8 33.2
2879.2 -1486.2 12.8
2879.2 -1480.3 12.8
2803.9 -1480.3 12.5
2909.5 -1457.9 12.9
2853.4 -1459.3 12.7
2821.9 -1458.2 12.7
2797.8 -1462.6 12.6
2911.2 -1446.6 12.8
2768.7 -1442.4 12.6
2733.2 -1443.8 12.4
2718.6 -1448.7 12.3
2910.2 -1432.3 12.9
2867.9 -1429.6 12.9
2744.1 -1429.8 12.4
2736.0 -1432.8 12.3
2714.5 -1432.4 12.2
2686.1 -1434.3 12.0
2661.7 -1426.7 11.9
2648.1 -1427.8 11.9
2627.1 -1428.1 11.9
2884.6 -1412.4 13.0
2850.7 -1414.1 13.0
2826.3 -1420.0 12.9
2715.8 -1417.8 12.2
2656.9 -1415.5 11.9
2975.8 -1401.3 13.2
2955.5 -1405.2 13.2
2945.4 -1402.6 13.2
2870.4 -1405.9 13.1
2836.4 -1396.8 12.9
2751.9 -1399.8 12.4
2704.3 -1397.3 12.0
2628.0 -1398.1 11.8
2615.1 -1400.7 11.8
2959.9 -1387.9 13.3
2852.9 -1381.9 13.0
2662.1 -1381.8 11.8
2888.5 -1373.9 13.2
2836.1 -1370.4 12.9
2746.2 -1370.7 12.3
2736.6 -1371.7 12.2
2706.3 -1369.5 12.0
2691.2 -1375.8 11.9
2670.1 -1375.2 11.8
2641.4 -1374.0 11.7
2928.1 -1358.2 13.4
2909.8 -1355.9 13.3
2896.3 -1359.7 13.3
2827.3 -1359.8 12.8
2782.4 -1357.2 12.5
2704.8 -1353.4 11.9
2632.9 -1352.6 11.7
2611.8 -1354.7 11.7
2924.9 -1338.2 13.4
2912.5 -1345.6 13.3
2894.5 -1345.9 13.2
2848.8 -1341.8 12.9
2840.8 -1337.3 12.8
2827.9 -1337.3 12.7
2719.5 -1338.5 12.0
2930.1 -1330.1 13.4
2882.4 -1322.3 13.1
2762.6 -1321.9 12.3
2722.6 -1329.7 12.0
2704.5 -1327.6 11.9
2639.4 -1328.2 11.6
2616.7 -1322.3 11.6
2885.2 -1316.0 13.1
2838.3 -1311.9 12.7
2792.9 -1315.4 12.4
2749.8 -1306.6 12.1
2719.6 -1308.4 11.9
2617.2 -1306.3 11.5
2927.7 -1299.9 13.3
2765.1 -1298.5 12.2
2746.5 -1292.3 12.1
2719.5 -1297.7 11.9
2673.8 -1294.8 11.6
2632.2 -1299.4 11.5
2612.1 -1292.1 11.5
2580.2 -1301.1 11.5
2912.2 -1278.9 13.2
2731.1 -1277.4 11.9
2646.4 -1278.7 11.5
2611.0 -1276.1 11.4
2595.8 -1280.6 11.5
2911.4 -1267.3 13.1
2864.2 -1266.9 12.8
2804.8 -1267.0 12.4
2778.7 -1265.3 12.2
2659.9 -1261.8 11.4
2644.3 -1267.8 11.4
2611.1 -1269.7 11.4
2929.2 -1251.6 13.2
2910.7 -1255.2 13.1
2866.7 -1254.6 12.8
2858.3 -1252.1 12.7
2819.3 -1254.3 12.5
2808.3 -1250.5 12.4
2768.2 -1254.9 12.1
2751.8 -1253.9 12.0
2702.9 -1255.2 11.7
2683.8 -1255.3 11.6
2640.3 -1255.2 11.4
2624.4 -1254.9 11.4
2596.6 -1251.8 11.4
2857.9 -1236.3 12.7
2788.9 -1238.6 12.2
2731.0 -1236.3 11.8
2610.7 -1238.3 11.3
2857.1 -1216.2 12.7
2807.9 -1222.5 12.3
2793.1 -1222.6 12.2
2760.7 -1217.7 12.0
2752.0 -1220.7 11.9
2632.0 -1222.7 11.3
2618.2 -1217.4 11.3
2587.7 -1224.7 11.3
2899.4 -1203.8 12.9
2834.9 -1205.5 12.5
2776.5 -1207.3 12.1
2715.3 -1205.4 11.7
2707.0 -1205.4 11.6
2672.4 -1205.0 11.4
2825.0 -1192.6 12.4
2808.0 -1188.2 12.2
2794.3 -1193.8 12.2
2783.6 -1195.7 12.1
2723.0 -1194.5 11.7
2705.4 -1186.3 11.5
2686.8 -1187.2 11.4
2583.3 -1192.0 11.2
2854.0 -1174.8 12.5
2797.6 -1176.3 12.2
2774.8 -1176.4 12.0
2632.3 -1175.4 11.1
2838.1 -1165.7 12.4
2789.3 -1164.6 12.1
2766.7 -1164.4 11.9
2672.8 -1164.6 11.3
2647.9 -1158.0 11.1
2594.6 -1160.9 11.1
2895.1 -1143.2 12.8
2886.2 -1142.3 12.7
2738.3 -1144.2 11.7
2655.4 -1148.0 11.1
2639.1 -1144.2 11.0
2883.1 -1130.8 12.9
2858.2 -1134.1 12.5
2736.4 -1129.3 11.6
2688.3 -1131.3 11.3
2655.5 -1133.5 11.1
2867.7 -1118.8 12.8
2851.7 -1114.0 12.6
2824.2 -1112.6 12.4
2715.4 -1111.4 11.4
2821.4 -1102.0 12.3
2795.4 -1097.9 12.1
2777.4 -1099.2 12.0
2658.2 -1098.8 11.0
2639.8 -1096.6 10.9
2773.9 -1089.6 11.9
2693.2 -1087.9 11.2
5456.0 3925.7 14.9
5477.1 3946.5 14.9
5456.4 3947.7 14.8
5487.1 3958.5 14.9
5513.7 4006.5 14.9
5471.2 3999.7 14.5
5532.2 4021.3 14.9
5501.1 4020.8 14.5
5484.0 4019.0 14.3
5366.0 4023.5 14.2
5530.9 4035.6 14.7
5468.2 4035.5 14.1
5439.1 4030.7 14.2
5430.6 4033.1 14.2
5396.9 4032.3 14.1
5380.6 4030.6 14.2
5333.2 4029.4 13.9
5327.4 4029.9 13.8
5263.1 4028.7 13.2
5528.2 4048.9 14.5
5502.4 4045.3 14.3
5459.5 4050.3 13.9
5428.1 4049.8 14.1
5401.7 4050.2 14.0
5342.4 4046.1 13.9
5319.8 4047.5 13.7
5277.6 4043.9 13.3
5262.7 4048.8 13.1
5517.5 4066.4 14.3
5424.5 4060.7 14.0
5413.5 4066.1 13.9
5395.9 4059.4 13.9
5372.1 4059.0 14.0
5308.7 4067.8 13.5
5532.8 4077.2 14.3
5454.6 4077.5 13.7
5394.3 4081.6 13.7
5334.1 4083.3 13.7
5304.1 4073.8 13.4
5550.7 4095.9 14.3
5536.4 4097.2 14.1
5412.3 4098.6 13.7
5306.1 4092.2 13.4
5506.1 4113.2 13.7
5471.4 4110.8 13.5
5371.7 4108.5 13.7
5310.8 4112.6 13.3
5290.5 4109.9 13.2
5276.5 4112.2 13.0
5514.2 4124.6 13.7
5411.0 4128.5 13.5
5401.2 4120.1 13.5
5350.5 4120.1 13.7
5335.2 4119.1 13.6
5490.3 4134.4 13.3
5473.8 4135.9 13.3
5454.9 4137.1 13.2
5439.0 4133.7 13.4
5323.7 4140.3 13.4
5491.1 4150.1 13.1
5473.8 4153.8 13.1
5454.0 4155.0 13.1
5438.3 4156.9 13.2
5499.0 4169.7 13.1
5471.2 4164.6 13.0
5462.8 4169.1 13.0
5443.5 4170.4 13.0
5413.5 4170.6 13.2
5395.1 4168.5 13.2
5364.4 4172.7 13.3
5430.8 4182.6 13.0
5335.1 4184.4 13.3
5443.8 4203.0 12.7
5395.1 4194.2 13.0
5453.2 4210.9 12.6
5459.9 4226.3 12.5
5427.3 4227.1 12.7
5459.3 4239.0 12.4
5443.2 4246.4 12.4
5457.5 4260.0 12.2
5401.8 4254.1 12.6
5456.4 4277.3 12.0
5441.7 4272.9 12.2
5414.4 4269.4 12.4
5428.1 4292.3 12.1
5412.3 4293.0 12.2
-141.4 6646.0 11.2
-160.3 6644.1 11.0
-159.4 6657.0 11.2
-190.4 6672.2 11.1
-178.0 6688.7 11.3
-117.0 6717.2 12.4
-144.7 6714.7 11.8
-161.7 6711.8 11.5
-202.6 6721.4 11.4
-82.9 6736.2 14.1
-101.2 6734.8 13.6
-111.7 6728.2 13.1
-160.9 6732.8 12.2
-253.3 6728.0 11.1
-53.7 6742.0 15.2
-66.7 6751.3 15.5
-97.7 6749.4 14.6
-148.9 6748.5 13.3
-248.8 6747.1 11.3
-39.8 6762.7 16.9
-146.1 6759.4 14.1
-156.7 6758.7 13.8
-54.8 6777.8 17.5
-72.9 6776.6 17.0
-82.7 6774.0 16.6
-141.9 6779.0 15.5
-221.2 6773.8 13.2
-23.6 6790.0 19.1
-118.4 6789.7 16.4
-125.7 6789.3 16.2
-148.1 6790.3 15.5
-276.4 6795.7 11.3
9.1 6807.2 18.8
-55.6 6809.7 17.8
-95.3 6807.0 16.7
-128.7 6802.1 15.8
-176.1 6810.5 14.1
-260.6 6809.7 11.4
-280.5 6809.3 10.8
-305.8 6808.6 10.1
-158.3 6822.3 14.3
-223.2 6823.8 12.2
32.2 6834.6 15.8
3.0 6841.0 17.9
-10.7 6841.5 17.5
-50.5 6840.2 16.7
-64.8 6841.3 16.3
-97.7 6832.7 15.9
-174.2 6835.7 13.4
-249.0 6835.2 11.1
-275.0 6832.9 10.3
-329.6 6838.2 8.9
-373.8 6840.2 9.0
17.9 6847.4 16.8
-7.6 6854.1 17.0
-184.9 6852.0 12.6
-218.2 6852.4 11.6
-246.5 6849.6 10.7
-311.1 6849.2 9.0
34.2 6871.3 14.8
17.6 6870.0 15.9
-40.6 6863.3 15.8
-52.5 6862.2 15.6
-69.5 6862.2 15.2
-112.2 6870.9 13.8
-218.0 6865.5 11.2
-250.1 6862.6 10.3
-281.4 6867.7 9.1
-325.7 6864.2 8.4
-401.6 6866.8 9.4
19.2 6878.8 15.4
-10.9 6877.5 15.8
-42.9 6883.1 14.8
-161.8 6884.3 12.0
-192.6 6879.2 11.5
-253.0 6879.2 9.7
-293.8 6878.6 8.6
-9.6 6899.3 14.8
-35.5 6899.8 14.2
-100.2 6892.8 13.0
-112.9 6895.0 12.6
-143.5 6898.1 11.8
-163.2 6895.0 11.5
-171.9 6894.5 11.3
-202.8 6898.2 10.4
-276.7 6896.0 8.5
-359.5 6899.8 9.2
-412.0 6895.7 10.0
39.2 6914.8 12.7
2.0 6907.3 14.7
-98.9 6914.0 12.1
-170.3 6908.8 10.7
-233.5 6908.3 9.2
-355.8 6913.7 9.4
-396.1 6911.4 10.1
19.0 6931.4 13.3
5.1 6931.5 13.6
-99.8 6930.7 11.4
-128.5 6922.2 11.0
-185.9 6926.2 10.1
-352.1 6930.6 9.1
-445.7 6922.4 11.1
-112.8 6938.8 11.8
-148.9 6946.2 11.8
-234.6 6938.8 10.5
-354.9 6944.0 8.9
-395.8 6943.6 9.7
-443.9 6943.6 10.7
1.4 6953.5 13.7
-26.1 6951.6 13.7
-101.0 6958.6 13.2
-193.9 6956.8 12.2
-388.5 6959.2 9.2
-402.4 6959.2 9.5
-429.1 6956.7 10.1
-21.5 6967.4 14.4
-99.0 6966.9 13.9
-129.0 6971.4 14.0
-141.7 6966.8 13.5
-175.0 6975.0 13.8
-236.5 6971.5 14.8
-312.7 6969.7 10.6
-367.7 6968.1 9.5
-381.4 6972.8 9.6
-447.8 6975.7 10.0
-489.2 6972.4 9.8
-29.5 6983.2 14.4
-102.4 6991.3 15.7
-117.8 6988.3 15.4
-128.2 6990.9 15.5
-336.8 6989.3 10.9
-374.4 6988.4 10.2
-384.7 6985.6 10.0
-473.7 6985.9 9.7
-51.3 7002.6 15.1
-83.2 7001.9 16.7
-98.6 7002.5 16.6
-208.2 6998.6 18.3
-250.7 6999.7 16.2
-282.7 6998.9 14.5
-410.1 7003.1 10.5
-434.5 7001.6 10.2
-82.8 7012.1 16.7
-156.5 7017.6 19.4
-202.5 7019.6 20.4
-329.0 7015.8 13.3
-385.4 7019.6 11.2
-417.0 7020.1 10.8
-429.0 7019.7 10.5
-441.1 7012.8 10.2
-202.9 7027.1 20.9
-355.6 7029.4 13.0
-386.0 7034.4 11.5
-133.2 7048.5 18.0
-178.4 7045.9 20.7
-194.2 7049.7 20.6
-358.8 7049.0 12.1
-230.0 7062.0 18.1
-253.6 7066.5 16.6
-290.2 7061.1 15.0
-171.5 7072.8 19.0
-205.0 7092.9 17.9
253.3 1183.9 12.5
255.1 1195.2 12.6
297.6 1213.0 12.7
289.0 1207.1 12.6
225.3 1221.4 12.9
267.6 1235.3 12.8
250.9 1235.5 12.7
270.6 1266.5 13.1
237.1 1271.4 13.0
-2592.3 7547.2 7.5
-2606.5 7586.2 7.5
-2654.1 7593.8 7.7
-2588.4 7607.7 7.7
-2605.1 7603.3 7.5
-2647.7 7606.8 7.7
5835.9 -1835.6 14.3
5786.3 -1833.2 13.9
5838.1 -1818.5 14.3
5822.6 -1824.8 14.2
5836.8 -1805.9 14.3
5799.7 -1805.3 14.0
5799.9 -1790.3 14.1
5775.0 -1788.9 14.0
601.4 1112.0 6.6
620.8 1128.4 6.8
680.0 1185.0 7.5
797.3 1294.9 9.4
840.0 1352.2 9.5
854.6 1444.7 10.7
841.3 1435.4 10.9
824.2 1444.8 12.1
800.5 1437.4 12.3
872.2 1460.2 10.7
857.1 1459.4 11.3
814.0 1450.9 12.5
884.7 1468.4 10.6
854.0 1481.8 12.6
475.5 1684.6 14.8
451.2 1691.7 14.7
436.4 1687.6 14.7
478.4 1701.2 14.7
445.8 1719.0 14.5
403.1 1717.2 14.5
464.7 1736.5 14.5
369.1 1730.5 14.3
361.0 1745.7 14.2
384.8 1768.4 14.1
345.8 1767.3 14.0
375.8 1789.3 13.9
355.6 1795.9 13.8
385.4 1812.9 13.7
355.1 1808.2 13.7
347.2 1804.5 13.7
375.0 1827.1 13.8
2010.2 -8563.6 18.9
2065.7 -8546.9 18.7
1976.9 -8551.7 19.3
2173.8 -8534.2 17.8
2127.0 -8539.3 18.1
2095.7 -8531.4 19.2
2067.3 -8530.7 19.4
2057.1 -8532.6 19.1
2043.5 -8530.8 19.2
2254.5 -8516.2 20.0
2233.5 -8521.9 19.3
2172.0 -8522.8 19.5
2112.2 -8523.9 19.9
2095.2 -8521.1 20.3
2009.9 -8523.7 19.5
2245.2 -8502.1 21.6
2188.8 -8506.1 21.0
2099.2 -8507.7 21.6
2083.1 -8505.1 21.7
2027.1 -8502.9 20.8
1979.7 -8501.3 19.3
2263.5 -8492.8 22.1
2240.0 -8488.0 23.2
2118.8 -8494.1 23.0
2080.3 -8493.2 22.7
2027.1 -8485.9 21.2
2223.7 -8477.8 24.1
2159.6 -8475.7 24.9
1978.6 -8474.3 20.0
2193.6 -8457.1 26.8
2179.1 -8462.2 26.3
2155.6 -8462.7 26.0
2144.8 -8463.7 25.7
2127.0 -8459.0 25.2
1992.0 -8463.1 20.7
2268.6 -8443.3 24.0
2221.4 -8443.5 28.0
2205.9 -8443.1 28.1
2112.9 -8444.7 24.9
2098.7 -8447.6 24.4
2175.8 -8434.8 27.1
2125.9 -8428.3 24.9
2113.2 -8425.5 24.3
2051.0 -8427.3 21.9
2185.5 -8410.6 26.0
2156.2 -8410.6 25.6
2150.0 -8419.3 25.6
2075.0 -8415.9 22.5
2005.9 -8415.8 19.8
2261.2 -8404.8 24.0
2252.2 -8403.8 24.0
2155.2 -8395.3 24.2
2071.1 -8397.1 21.8
2051.8 -8397.5 21.1
2028.8 -8397.0 20.2
2222.3 -8388.0 22.1
2175.8 -8383.2 22.1
2142.8 -8388.9 23.4
2103.6 -8383.6 22.7
2237.6 -8367.8 19.9
2225.1 -8373.1 19.9
2026.5 -8373.6 19.4
2009.2 -8367.5 18.5
2231.9 -8351.1 19.8
2177.1 -8353.7 18.9
2148.5 -8354.6 18.5
2097.5 -8351.0 18.5
2086.6 -8354.3 19.1
2070.0 -8339.8 17.3
2051.6 -8342.3 17.9
2283.9 -8327.8 20.5
2230.6 -8326.7 19.7
2223.7 -8327.3 19.6
2200.2 -8327.0 19.2
2147.5 -8327.1 18.4
2099.2 -8320.5 17.7
2080.6 -8323.0 17.4
2249.4 -8313.1 19.9
2237.3 -8313.1 19.8
2203.2 -8306.7 19.2
2097.6 -8313.5 17.6
2013.8 -8305.6 16.2
2276.9 -8291.0 20.3
2120.1 -8295.8 17.8
2023.2 -8293.1 16.1
2010.2 -8290.9 15.9
2203.8 -8278.0 18.9
2175.1 -8282.2 18.5
2127.2 -8276.9 17.6
2112.3 -8275.1 17.3
2051.9 -8275.1 16.3
2011.8 -8283.5 15.8
2296.2 -8260.7 20.4
2187.3 -8264.6 18.4
2179.2 -8267.7 18.3
2130.3 -8266.3 17.4
2081.6 -8266.3 16.6
2070.5 -8268.5 16.5
2050.8 -8264.4 16.1
2172.4 -8250.7 17.9
2112.8 -8250.2 16.9
2239.2 -8237.2 18.9
2206.1 -8232.5 18.1
2159.0 -8230.1 17.3
2268.1 -8223.0 19.2
2254.2 -8222.5 19.2
2209.6 -8220.1 18.3
2155.5 -8217.4 17.0
2040.1 -8219.9 15.1
2022.1 -8224.7 14.9
2312.9 -8207.6 18.6
2265.1 -8200.0 18.4
2249.8 -8203.8 18.6
2238.8 -8205.4 18.6
2187.9 -8209.5 17.7
2140.5 -8203.8 16.5
2119.9 -8208.9 16.3
2096.4 -8206.8 15.9
2085.1 -8201.0 15.6
2305.4 -8185.5 17.8
2082.2 -8194.3 15.4
2283.3 -8178.8 17.6
2250.7 -8175.9 17.6
2160.5 -8178.8 17.7
2132.9 -8178.4 16.5
2299.5 -8163.1 17.7
2275.4 -8160.6 17.5
2234.7 -8160.1 17.1
2220.7 -8155.2 17.0
2201.8 -8159.2 17.1
2172.8 -8162.9 17.3
2296.4 -8146.2 17.7
2250.1 -8148.7 17.7
2236.6 -8145.8 17.6
2215.3 -8145.6 17.3
2191.3 -8145.3 17.0
2306.6 -8128.2 16.9
2283.9 -8129.4 17.4
2266.6 -8125.4 17.7
2246.0 -8130.3 18.1
2215.7 -8130.9 18.0
2207.4 -8129.8 18.0
2158.3 -8125.8 17.5
2283.9 -8118.6 17.1
2231.7 -8110.7 17.9
2298.7 -8103.7 16.2
2238.0 -8095.8 17.3
2205.2 -8100.8 18.1
2205.4 -8083.4 17.6
2185.6 -8085.5 17.4
2178.1 -8087.4 17.3
3092.4 -7734.0 15.3
3077.0 -7726.4 15.2
3104.6 -7704.0 15.4
3022.2 -7711.5 14.6
3034.7 -7679.3 14.7
3027.8 -7667.1 14.6
1525.6 -2421.4 14.2
-6723.4 -3647.6 47.1
-6723.9 -3628.8 47.1
-6666.4 -3612.6 47.2
-6721.5 -3616.7 47.1
-6758.9 -3613.3 46.9
-6768.2 -3612.7 46.5
-6695.7 -3597.9 47.1
-6723.2 -3595.7 47.1
-6740.0 -3604.5 47.0
-6781.9 -3599.8 46.2
-6722.5 -3581.8 47.1
-6741.4 -3586.2 47.1
-6726.3 -3566.1 47.1
-6738.4 -3541.8 47.1
4812.3 2810.5 14.9
4853.7 2822.9 15.0
4880.8 2867.4 14.5
3568.6 1989.9 12.7
2064.1 -3077.7 13.2
2141.3 -3056.2 12.9
2060.5 -3064.1 13.5
2156.8 -3046.3 12.6
2137.3 -3042.8 12.5
2082.2 -3043.3 12.5
2088.5 -3026.8 12.2
2074.3 -3032.8 12.3
2052.3 -3034.0 12.2
2215.0 -3013.5 12.3
2192.6 -3016.5 12.3
2165.7 -3018.4 12.2
2139.6 -3013.5 12.1
2034.5 -3021.1 12.1
2273.1 -2997.7 12.2
2118.0 -3000.7 12.0
2077.6 -3003.6 11.9
2035.2 -2999.6 11.8
2177.8 -2981.3 11.8
2152.1 -2982.7 11.8
2198.8 -2967.2 11.7
2187.2 -2973.2 11.7
2059.7 -2968.8 11.5
2048.8 -2966.8 11.4
2253.0 -2954.7 11.6
2241.9 -2951.3 11.6
2225.2 -2954.9 11.6
2181.5 -2953.2 11.5
2089.6 -2957.9 11.4
2079.4 -2958.9 11.4
2063.1 -2954.3 11.3
2051.8 -2957.1 11.3
2224.3 -2943.9 11.5
2215.1 -2936.9 11.4
2195.9 -2939.4 11.4
2171.4 -2942.8 11.4
2095.8 -2944.2 11.3
2091.5 -2927.8 11.2
2149.8 -2913.4 11.2
2244.1 -2898.0 11.3
2151.5 -2898.6 11.2
1891.3 -2963.1 11.2
1886.5 -2945.2 11.0
6404.6 -3670.9 12.2
6389.9 -3667.8 12.4
6433.6 -3651.7 11.3
6588.3 -3637.0 3.4
6549.6 -3634.0 4.8
6511.7 -3635.5 6.8
6464.7 -3631.6 8.9
6360.2 -3636.4 12.2
6821.1 -3621.9 6.9
6792.8 -3616.8 7.2
6593.7 -3620.1 3.7
6579.3 -3620.0 3.8
6511.9 -3620.0 5.6
6445.3 -3624.8 9.3
6389.4 -3623.8 11.3
6374.8 -3619.1 11.4
6362.6 -3623.0 11.7
6796.5 -3602.0 8.0
6766.4 -3601.2 7.8
6688.4 -3602.0 7.2
6600.6 -3604.1 4.7
6537.3 -3606.5 5.3
6492.9 -3604.7 6.0
6436.6 -3604.1 8.2
6415.0 -3610.3 9.8
6369.8 -3608.0 11.2
6765.3 -3586.8 8.7
6699.1 -3595.3 7.6
6677.5 -3594.3 7.2
6555.3 -3586.7 6.4
6520.9 -3587.5 6.8
6509.6 -3593.1 6.5
6436.4 -3593.4 7.4
6419.0 -3593.6 8.3
6355.1 -3590.9 11.0
6737.3 -3577.9 8.6
6703.6 -3579.6 8.0
6674.8 -3579.3 7.4
6627.2 -3576.8 6.2
6585.9 -3576.4 6.7
6568.6 -3575.2 7.0
6519.0 -3578.8 7.4
6509.1 -3580.1 7.4
6362.0 -3575.5 9.8
6705.2 -3562.3 8.4
6690.1 -3562.2 8.1
6643.0 -3560.2 7.1
6594.5 -3565.9 7.3
6662.6 -3542.5 8.1
6630.8 -3544.1 8.4
6583.7 -3546.8 8.8
6557.9 -3546.6 9.1
6480.7 -3550.9 9.8
6374.4 -3545.8 10.3
6656.5 -3533.4 8.8
6525.6 -3529.6 9.3
6497.4 -3529.8 9.5
6462.3 -3534.0 9.7
6448.8 -3530.1 9.7
6608.5 -3513.5 9.3
6599.9 -3515.7 9.3
6565.7 -3518.4 9.4
6414.1 -3518.3 10.1
6393.3 -3517.2 10.2
6371.8 -3513.5 10.4
6519.7 -3497.8 10.0
6506.2 -3503.7 10.0
6479.3 -3499.3 10.2
6414.5 -3496.6 10.7
6383.5 -3500.1 10.8
6370.1 -3501.8 10.7
6341.1 -3497.9 10.5
6616.8 -3484.4 9.9
6597.3 -3489.9 9.8
6586.1 -3488.6 9.9
6571.9 -3485.3 10.0
6508.6 -3486.0 10.3
6491.9 -3481.4 10.6
6414.7 -3484.7 11.0
6610.5 -3475.7 10.1
6449.0 -3469.0 11.2
6390.9 -3466.2 10.6
6525.8 -3458.9 11.2
6509.7 -3452.8 11.6
6480.2 -3452.9 11.4
6429.0 -3461.1 10.8
6326.8 -3459.1 10.9
6299.1 -3460.9 10.9
6557.0 -3439.3 11.7
6536.4 -3437.5 11.9
6524.8 -3436.6 11.7
6511.2 -3438.7 11.6
6432.3 -3443.6 10.6
6417.0 -3444.8 10.7
6385.1 -3438.2 11.0
6357.7 -3442.4 10.9
6339.6 -3436.6 10.9
6534.4 -3421.9 11.6
6526.5 -3425.4 11.6
6452.1 -3430.8 10.7
6401.8 -3421.9 11.0
6354.2 -3428.8 10.9
6339.6 -3430.9 10.9
6323.9 -3429.9 10.9
6301.3 -3422.6 10.9
6522.2 -3413.2 11.4
6511.6 -3412.0 11.2
6464.7 -3409.5 10.9
6453.1 -3408.3 11.0
6393.1 -3409.9 10.9
6329.3 -3414.7 10.9
6301.7 -3408.9 10.8
6524.4 -3398.8 11.2
6474.7 -3399.3 11.0
6458.5 -3397.1 11.0
6403.2 -3394.6 10.9
6375.0 -3399.3 10.9
6358.8 -3393.4 10.9
6330.8 -3393.5 10.8
6318.1 -3396.9 10.8
6272.2 -3392.9 10.7
6254.9 -3399.9 10.7
6497.7 -3380.2 11.0
6478.6 -3384.8 11.0
6443.6 -3376.4 10.9
6329.4 -3384.8 10.8
6311.7 -3380.3 10.7
6448.5 -3362.9 10.9
6393.0 -3364.5 10.8
6362.4 -3364.7 10.8
6327.6 -3368.8 10.7
6310.2 -3365.1 10.6
6296.9 -3370.8 10.6
6254.4 -3370.8 10.5
6239.1 -3363.7 10.5
6226.6 -3369.0 10.5
6266.7 -3347.0 10.4
6255.0 -3354.7 10.4
6446.3 -3331.3 10.8
6404.9 -3338.9 10.7
6385.2 -3331.4 10.6
6344.0 -3336.6 10.6
6298.9 -3340.9 10.5
6266.3 -3336.4 10.3
6225.9 -3338.4 10.2
6342.8 -3325.6 10.4
6285.1 -3326.0 10.3
6254.6 -3320.5 10.1
6429.9 -3306.4 10.5
6399.9 -3305.2 10.4
6356.4 -3305.5 10.2
6330.6 -3304.7 10.1
6297.1 -3308.2 10.1
6421.8 -3292.1 10.3
6356.3 -3289.4 10.0
6339.0 -3293.1 10.0
6318.3 -3292.1 9.9
6295.0 -3292.4 9.8
6273.3 -3293.6 9.7
6221.5 -3294.9 9.4
6419.6 -3280.6 10.1
6406.1 -3276.1 10.0
6359.0 -3280.9 9.8
6345.5 -3275.1 9.7
6225.2 -3273.9 8.9
6198.3 -3274.3 8.8
6353.9 -3260.5 9.5
6344.7 -3258.3 9.3
6314.6 -3258.2 9.1
6219.7 -3256.6 8.8
6362.2 -3248.7 9.2
6347.4 -3242.1 9.1
6313.6 -3246.4 9.0
6293.5 -3245.3 9.0
6326.3 -3231.9 9.0
6189.8 -3227.0 8.3
6285.6 -3214.3 8.8
6220.8 -3220.6 8.4
6356.7 -3201.3 9.0
6312.3 -3199.1 8.8
6225.0 -3199.8 8.2
6313.5 -3181.6 8.6
6280.3 -3189.2 8.5
6255.4 -3185.1 8.3
6223.3 -3185.9 8.0
6180.4 -3182.6 7.6
6267.9 -3169.2 8.0
6211.1 -3167.5 7.3
6325.7 -3154.4 8.0
6250.8 -3159.1 7.4
6236.5 -3158.2 7.3
6311.1 -3141.4 7.4
6218.7 -3142.0 6.5
6311.4 -3129.1 7.1
6196.7 -3124.5 5.6
6293.8 -3112.4 6.9
6285.9 -3115.3 6.7
6242.4 -3109.8 5.7
6297.9 -3097.5 7.2
6242.5 -3100.5 5.8
6223.6 -3094.5 5.5
6183.1 -3099.8 5.4
6268.9 -3082.4 6.8
6249.3 -3083.9 6.3
6224.3 -3081.1 5.6
6211.0 -3079.8 5.3
6255.9 -3068.2 6.7
6194.6 -3063.1 5.3
6278.7 -3054.4 7.5
6182.1 -3048.1 5.5
6226.8 -3038.6 6.2
6225.5 -3024.8 6.3
6176.1 -3020.7 5.7
6161.9 -3021.5 5.9
6233.9 -2992.1 7.0
6211.9 -2995.1 6.3
6180.9 -2987.4 5.7
6161.4 -2986.9 6.0
6207.3 -2980.4 6.4
6160.6 -2979.6 6.0
6191.8 -2949.4 6.3
6166.5 -2935.8 6.1
6189.7 -2911.8 6.9
6167.4 -2914.6 6.2
6180.6 -2888.7 7.2
6161.7 -2883.6 6.8
6160.7 -2845.9 7.7
-68.0 6384.1 10.9
-111.3 6383.7 10.6
-62.2 6393.4 11.1
-83.4 6397.7 11.0
-111.9 6411.4 10.9
-47.0 6425.4 11.5
-115.4 6427.8 10.9
-105.9 6443.2 11.1
-114.1 6476.9 11.1
6744.7 -3263.9 6.6
6787.6 -3256.3 7.5
6779.0 -3249.5 7.4
6760.2 -3253.0 6.8
6749.4 -3256.3 6.7
6733.9 -3255.2 6.9
6758.9 -3234.3 7.4
6740.7 -3233.5 7.4
6730.9 -3235.8 7.4
6733.6 -3220.3 7.8
6701.2 -3227.1 7.8
6718.4 -3206.1 8.2
6657.4 -3212.2 8.5
6747.0 -3189.5 8.6
6699.0 -3187.6 8.8
6668.6 -3190.5 9.0
6641.1 -3191.8 9.1
6778.1 -3180.6 9.8
6731.9 -3174.4 9.0
6699.3 -3178.5 9.1
6682.9 -3178.5 9.2
6670.9 -3177.8 9.3
6644.6 -3172.8 9.6
6605.4 -3179.5 9.7
6860.0 -3159.2 11.9
6845.3 -3158.6 11.8
6838.4 -3166.4 11.6
6759.0 -3166.1 9.8
6686.1 -3163.7 9.6
6640.0 -3167.4 9.7
6882.3 -3145.1 12.4
6804.8 -3149.5 11.6
6747.6 -3147.8 10.1
6715.9 -3148.2 9.8
6704.3 -3151.9 9.7
6684.8 -3144.9 10.0
6635.2 -3149.2 10.3
6629.2 -3152.1 10.2
6879.6 -3128.9 12.7
6863.4 -3128.1 12.5
6773.9 -3133.2 11.4
6727.6 -3128.7 10.2
6718.6 -3133.4 10.1
6669.9 -3130.1 10.5
6806.7 -3113.0 12.3
6791.4 -3120.9 12.0
6774.4 -3121.5 11.8
6733.2 -3113.6 10.8
6654.7 -3120.2 10.9
6821.6 -3098.9 12.6
6762.1 -3106.6 12.0
6747.8 -3105.2 11.6
6643.2 -3100.9 11.5
6833.0 -3084.7 13.0
6807.5 -3083.9 12.8
6793.7 -3090.1 12.6
6746.5 -3088.5 12.1
6697.8 -3087.6 11.5
6640.1 -3091.4 11.7
6605.9 -3087.6 11.6
6712.2 -3072.3 11.8
6684.2 -3076.2 11.8
6665.3 -3070.0 12.1
6704.5 -3055.1 12.3
6654.4 -3060.2 12.3
-6456.8 3238.1 35.2
-6453.8 3252.9 35.3
1469.4 -3356.8 7.4
1542.7 -3333.1 7.7
1516.5 -3334.1 7.6
1485.1 -3328.9 7.4
1541.4 -3316.9 7.6
1526.2 -3315.3 7.6
1510.8 -3316.7 7.5
1501.2 -3315.1 7.5
1487.6 -3315.5 7.4
1468.3 -3319.5 7.3
1591.7 -3301.7 8.5
1571.9 -3298.0 8.2
1533.0 -3290.2 7.8
1504.2 -3281.0 7.6
1547.5 -3269.1 8.4
1556.9 -3259.6 8.6
1541.2 -3253.9 8.5
1518.2 -3260.2 8.1
1497.3 -3253.8 7.9
1575.2 -3237.0 9.0
1547.7 -3225.3 8.8
1525.7 -3208.7 8.7
1548.2 -3191.8 9.1
1534.1 -3183.2 9.0
1512.9 -3181.3 8.8
1556.4 -3169.7 9.3
1535.3 -3165.1 9.1
1501.7 -3154.6 8.8
1489.8 -3148.6 8.7
1543.5 -3136.5 9.4
1513.7 -3132.1 9.1
1545.7 -3122.7 9.5
1511.6 -3116.4 9.2
1549.8 -3105.8 9.7
1529.6 -3101.8 9.5
1513.5 -3110.1 9.3
1549.2 -3089.2 9.8
1499.2 -3095.5 9.2
1514.6 -3057.3 9.6
1544.7 -3043.7 10.1
1512.1 -3045.1 9.7
1500.8 -3048.6 9.6
1510.9 -3015.6 9.9
1466.6 -3019.3 9.5
1544.7 -2996.3 10.4
1531.1 -3001.4 10.2
1516.6 -2999.7 10.1
1487.5 -3002.4 9.8
1472.8 -2996.4 9.9
1452.3 -3004.5 9.8
1548.3 -2989.7 10.4
1531.2 -2983.5 10.3
1471.1 -2986.0 10.1
1561.9 -2974.8 10.5
1450.7 -2972.6 10.4
5242.6 2681.9 15.0
5283.0 2767.1 15.6
5211.0 2802.3 14.5
1969.7 -2735.7 10.6
2088.6 -2706.9 10.7
2078.5 -2703.0 10.6
2061.1 -2707.4 10.6
2092.4 -2687.4 10.6
2071.7 -2690.2 10.6
2040.9 -2685.4 10.6
1999.4 -2688.5 10.5
2014.3 -2672.4 10.5
2085.2 -2656.6 10.5
2064.7 -2655.5 10.5
2070.5 -2646.4 10.5
2028.3 -2639.4 10.8
2016.1 -2631.8 11.0
2040.9 -2600.8 11.3
2032.4 -2595.1 11.5
2151.7 -2580.6 10.6
2104.8 -2580.7 11.0
2055.3 -2587.7 11.4
2048.9 -2587.7 11.4
2193.6 -2571.9 10.5
2146.7 -2565.7 10.8
2092.3 -2564.6 11.4
2060.3 -2567.1 11.6
2040.3 -2567.1 11.8
2018.1 -2570.4 12.0
2117.3 -2558.7 11.2
2107.6 -2551.1 11.4
2091.3 -2557.5 11.5
2076.9 -2549.6 11.7
2041.2 -2556.7 12.0
5442.5 2622.2 15.2
5426.5 2667.9 15.6
5413.1 2668.7 15.7
5306.9 2680.7 15.9
5327.5 2701.1 16.1
5396.4 2776.9 16.3
5381.1 2770.6 16.6
5398.9 2782.4 15.5
