-970.3 3412.8 18.2
-6220.1 -246.0 18.9
-2450.1 -5571.6 20.0
-5693.7 8834.2 16.4
-6281.9 8820.3 16.4
-6064.0 8866.5 15.8
-6062.3 8836.3 15.7
-6484.0 8764.2 17.1
-6797.9 8651.0 15.5
-6050.2 8818.3 15.5
-934.1 -3088.2 18.8
-3490.6 -8813.1 31.0
-3388.5 -6005.7 26.1
-2365.0 -5564.8 20.5
-2425.9 -5556.1 19.9
-2503.5 -5562.6 20.1
-947.3 -3028.5 19.2
-6257.4 8733.1 15.9
-6283.5 8749.4 16.1
-6080.1 8730.8 15.0
-6066.8 8833.4 15.7
-6072.1 8838.4 15.8
-6004.1 8834.7 15.4
-5861.3 8818.8 18.1
-1256.5 3882.7 19.0
6517.4 86.4 21.4
6561.2 87.9 20.6
6430.8 -259.3 16.2
6268.6 1075.6 17.1
-5718.6 -1815.9 28.0
-3571.0 -8788.9 31.1
-6485.6 8813.5 16.6
-2301.3 -5577.6 21.0
6571.9 88.3 20.4
-3651.2 -8796.0 31.2
-3539.9 -8802.6 31.1
4618.2 5171.3 30.8
-6225.8 -264.0 18.8
-3476.5 -8778.0 31.1
-510.6 2882.3 17.5
-1629.5 -692.5 16.7
-2207.7 -6533.3 21.5
-3523.2 -8857.1 30.8
-3655.7 -8797.2 31.2
6711.1 6632.1 31.7
6248.9 7290.2 30.1
6205.6 7258.0 30.5
6207.5 7252.1 30.5
-6277.8 8745.4 16.0
-6288.5 8812.3 16.5
-6286.2 8823.4 16.4
-6278.3 8830.5 16.3
-6038.6 8823.1 15.5
-3385.8 -6017.4 26.0
-3397.9 -6010.5 26.3
-6243.5 -282.3 18.6
-1262.8 3881.0 19.0
-3382.8 -6010.8 26.0
6164.5 7315.7 30.9
-2315.8 -5575.1 20.9
-2457.3 -5554.7 20.0
-2486.2 -5552.1 20.1
-2482.6 -5569.7 20.0
-2471.6 -5570.2 20.0
-2440.1 -5572.1 19.9
-2420.1 -5574.1 19.9
-2410.0 -5575.5 19.9
-2379.0 -5579.7 20.2
-2368.5 -5581.3 20.4
-2357.8 -5582.8 20.5
229.8 3922.7 24.0
-6267.4 8747.1 16.0
-2336.6 -5571.3 20.8
-2345.8 -5568.9 20.7
-2375.9 -5563.3 20.3
-2395.8 -5559.9 20.0
-2416.5 -5557.3 19.9
-2446.6 -5554.4 20.0
-2465.8 -5553.9 20.0
-2475.9 -5553.7 20.1
-2493.6 -5566.4 20.1
-2461.6 -5570.6 20.0
-2388.4 -5578.1 20.1
-2217.8 -6543.0 21.6
-3533.9 -8806.1 31.0
-3442.1 -8747.6 31.2
-3460.6 -8756.7 31.2
-3517.8 -8832.7 30.9
-3433.2 -8719.9 31.2
-943.5 -3055.4 19.1
-942.2 -3063.6 19.1
-940.3 -3072.5 19.0
-938.6 -3082.4 18.9
-6267.5 8736.2 15.9
-6283.6 8739.8 16.0
-6253.0 8732.7 15.8
-6299.3 8737.5 16.1
-6281.5 8758.4 16.1
-6085.6 8740.9 15.1
-6077.4 8731.3 15.0
-6075.3 8727.2 14.9
-6046.0 8837.0 15.6
-5997.6 8793.0 15.2
-6015.8 8778.7 15.0
-5814.0 8879.6 15.9
-5889.2 8816.6 18.2
-5688.3 8835.6 16.3
-5691.3 8852.5 16.1
-5686.7 8875.7 16.1
-5689.6 8879.7 16.1
-6292.9 8855.7 16.0
-6283.3 8850.7 16.1
-6286.9 8780.2 16.3
-6592.9 8777.7 16.8
-6609.1 8788.6 16.8
-6606.3 8793.8 16.8
-6595.9 8791.6 16.9
-6597.9 8787.3 16.8
-6604.7 8790.4 16.8
-6727.4 8800.4 16.4
-6756.1 8666.2 15.7
-6824.8 8622.9 15.4
-6020.6 8838.9 15.5
-3391.4 -6014.9 26.2
-3387.0 -6010.6 26.1
-3396.6 -6006.5 26.3
-3402.0 -6007.5 26.4
-3333.0 -5858.8 24.6
-2261.7 -5579.9 21.4
-2247.7 -5580.2 21.5
-2285.0 -5579.8 21.1
-2326.2 -5572.8 20.9
-2355.6 -5566.8 20.6
-2385.5 -5561.5 20.2
-2405.7 -5558.1 19.9
-2436.4 -5555.9 20.0
-2494.4 -5549.4 20.1
-2398.9 -5576.9 19.9
2673.7 -5488.8 15.4
-3547.5 -8799.6 31.1
-3649.6 -8805.1 31.2
-6274.4 8737.1 16.0
-2429.9 -5573.8 19.9
-5718.6 -1825.1 28.1
4606.0 5207.1 31.0
-944.8 -3046.2 19.2
-3651.9 -8801.0 31.2
-3462.0 -8773.7 31.1
-3531.7 -8851.6 30.9
-2213.3 -6530.3 21.5
-4147.4 -5491.2 35.9
-4165.4 -5476.5 36.1
-4166.5 -5455.9 36.0
-946.5 -3037.1 19.2
6165.0 7311.4 30.9
-4174.7 -5470.7 36.2
-4169.2 -5460.8 36.1
-4162.6 -5471.5 36.1
-4162.2 -5481.7 36.1
-4161.0 -5446.0 35.9
-4157.2 -5461.6 36.0
-4152.3 -5488.0 36.0
-4151.7 -5451.7 35.8
-4132.1 -5498.6 35.8
-4127.4 -5489.9 35.8
-6225.2 -255.4 18.8
-6236.3 -299.5 18.9
-1269.9 3851.9 18.9
-1253.6 3930.2 19.9
6170.0 7301.0 30.9
6220.8 7256.7 30.5
6258.9 1074.3 17.1
6530.0 89.8 21.0
6549.8 90.2 20.6
6582.9 84.5 20.5
-4113.2 -5463.6 35.5
6161.4 7320.3 30.8
6262.1 1086.3 17.2
-5718.5 -1820.6 28.0
-5718.5 -1831.3 28.1
6216.8 7246.6 30.5
6221.2 7249.6 30.5
-4108.4 -5454.8 35.4
-4157.2 -5484.9 36.0
-4117.9 -5472.3 35.7
-4122.6 -5481.1 35.8
-4142.5 -5494.3 35.9
-4154.4 -5456.7 35.9
-4159.9 -5466.6 36.1
-4163.8 -5450.9 36.0
-4172.0 -5465.8 36.2
4597.3 5203.7 30.9
4608.7 5188.4 30.9
4929.1 3406.8 16.4
4931.0 3421.7 16.4
4932.8 3436.6 16.4
4935.6 3458.5 16.4
4491.3 3155.6 18.2
4503.9 3163.8 17.8
4516.4 3172.1 17.3
4528.9 3180.3 16.9
4542.2 3187.0 16.7
4556.2 3192.4 16.6
4570.3 3197.7 16.6
4583.5 3204.6 16.4
4607.9 3219.0 16.4
-2899.7 -7895.2 25.1
-2916.2 -7900.7 25.1
-2989.1 -7924.3 24.9
-2974.9 -7919.6 24.9
-2960.7 -7914.9 25.0
-2946.4 -7910.2 25.0
-2929.3 -7904.5 25.1
-5261.4 8787.1 16.2
-5250.7 8797.1 16.2
-5239.2 8805.9 16.3
-5229.1 8817.0 16.4
-5218.3 8827.3 16.4
-5206.9 8837.2 16.6
-5195.6 8847.0 16.9
-5182.4 8858.4 17.2
-5705.3 8678.1 16.3
-5709.7 8692.5 16.1
-5714.1 8706.8 16.3
-5722.0 8714.6 16.4
-5736.4 8710.5 16.6
-5749.6 8703.8 16.7
-5761.6 8694.8 16.8
-5770.7 8683.0 16.9
-5780.4 8669.3 16.8
5889.9 481.2 15.9
5880.1 492.6 15.7
5870.4 504.1 15.8
5859.4 517.0 15.8
71.7 -5635.5 27.7
86.7 -5634.6 27.8
101.7 -5633.6 27.9
116.7 -5632.7 28.0
131.6 -5631.8 28.1
146.6 -5630.8 28.4
169.8 -5629.4 28.7
-6006.1 8876.1 15.6
-6007.7 8882.5 15.6
-6000.9 8884.6 15.6
-6003.0 8891.4 15.6
-5975.3 8902.2 15.6
-5963.7 8906.7 15.3
-5953.1 8881.1 15.6
-5942.0 8886.8 15.6
-5934.8 8888.8 15.6
-5926.6 8890.0 15.6
-5915.2 8888.9 15.6
3171.2 -6675.9 18.8
3186.0 -6673.2 18.9
3200.7 -6670.5 18.9
3215.5 -6667.7 19.0
3230.2 -6665.0 19.1
3255.0 -6664.3 19.2
3255.7 -6683.6 19.4
3242.3 -6690.1 19.4
3227.6 -6692.8 19.3
3212.8 -6695.6 19.3
3198.1 -6698.4 19.2
3175.4 -6702.7 19.1
3956.4 4817.0 17.1
3965.4 4805.0 17.0
3974.4 4792.9 17.0
3983.4 4780.9 17.0
3992.4 4768.9 17.0
4001.4 4756.9 17.0
4010.4 4744.9 17.0
4019.4 4732.9 17.0
4028.3 4720.9 17.0
4037.3 4708.9 17.0
4046.3 4696.9 17.0
4055.7 4684.3 17.0
6215.0 947.5 16.9
6210.2 961.7 16.9
6205.4 975.9 16.9
6199.4 989.6 17.0
6192.5 1002.9 17.0
6184.8 1015.7 17.1
6175.7 1027.7 17.1
6166.5 1039.5 17.2
6156.9 1051.0 17.2
6147.2 1062.5 17.3
6137.6 1074.0 17.3
6124.9 1089.1 17.4
-1316.7 3841.0 18.8
-1314.4 3855.8 18.8
-1312.0 3870.6 19.0
-1309.6 3885.4 19.3
-1307.3 3900.3 19.5
-1304.9 3915.1 19.8
-1301.3 3937.8 19.8
-6316.9 8764.4 16.3
-6327.1 8775.4 16.5
-6337.2 8786.4 16.6
-6347.4 8797.4 16.7
-6357.6 8808.4 16.6
-6368.9 8820.6 16.5
-5912.1 8811.3 17.6
-1311.9 3839.9 18.8
-1309.6 3854.7 18.8
-1307.2 3869.5 19.0
-1304.8 3884.3 19.2
-1302.5 3899.2 19.5
-1300.1 3914.0 19.8
-1296.5 3936.7 19.8
5243.4 110.7 16.2
5246.0 125.5 16.3
5248.7 140.2 16.2
5251.3 155.0 16.2
5253.9 169.8 16.3
5256.6 184.5 16.5
5259.9 199.1 16.6
5263.7 213.6 16.6
5267.6 228.1 16.5
5272.0 242.5 16.3
5276.9 256.6 16.1
5284.0 269.8 16.0
5292.3 282.3 15.8
5301.5 294.1 15.8
5310.4 306.1 15.7
5319.1 318.4 15.7
5327.8 330.6 15.6
5336.6 342.8 15.6
5345.3 355.0 15.5
5352.0 368.4 15.5
5358.1 382.1 15.5
5363.0 396.2 15.4
5367.2 410.6 15.4
5370.0 425.3 15.3
5370.5 440.3 15.3
5369.3 460.2 15.2
-6108.7 8839.9 15.9
-6114.0 8825.9 15.9
-6124.2 8823.1 15.9
-6138.0 8829.0 16.0
-6151.8 8834.8 16.1
-6165.6 8840.7 16.1
-6179.4 8846.6 16.1
-6180.7 8857.9 15.9
-6175.6 8872.0 15.7
-6169.1 8882.9 15.6
-6155.2 8877.3 15.7
-6141.3 8871.7 15.7
-6127.6 8875.7 15.7
-6114.6 8885.3 15.6
-2735.4 -7839.6 27.6
-2721.0 -7835.3 27.8
-2706.6 -7831.1 27.9
-2692.2 -7826.8 28.1
-2677.8 -7822.6 28.4
-2663.4 -7818.3 28.6
-2649.0 -7814.1 28.9
-2634.7 -7809.8 29.1
-2620.3 -7805.6 29.4
-2605.9 -7801.3 29.6
-2591.5 -7797.1 29.9
-2576.8 -7792.7 30.1
-6459.6 -5531.7 40.5
-6450.9 -5519.5 40.6
-6442.2 -5507.3 40.8
-6426.6 -5485.3 41.1
-6187.5 8721.0 15.5
-6199.9 8729.5 15.6
-6212.3 8738.0 15.7
-6224.7 8746.4 15.8
-6237.0 8754.9 15.9
-6249.4 8763.3 16.0
-6265.1 8774.0 16.2
-5890.5 8804.9 18.5
-5871.9 8815.4 18.3
6293.9 451.5 16.9
6306.2 460.0 16.8
6318.6 468.5 16.8
6331.0 477.0 16.8
6343.3 485.5 16.8
6355.7 493.9 16.8
6368.0 502.4 16.8
6380.4 510.9 16.8
6399.3 523.9 16.8
5817.9 -0.1 15.4
5824.3 13.4 15.4
5830.8 26.9 15.4
5832.6 39.0 15.4
5819.5 46.3 15.5
5806.4 53.5 15.5
5792.6 59.4 15.5
5766.5 70.0 15.6
-5873.4 8832.0 17.6
-5859.3 8839.4 17.1
-6494.8 -5609.2 39.9
-6483.5 -5619.1 40.1
-6472.2 -5629.0 40.3
-6461.0 -5638.3 40.4
-6451.0 -5627.1 40.6
-6441.1 -5615.9 40.7
-6431.1 -5604.6 40.9
-6417.2 -5589.0 41.1
-6464.9 -5526.6 40.4
-6463.9 -5525.0 40.4
-6439.8 -5488.2 40.9
-6432.6 -5480.0 41.0
-5126.3 8827.7 17.0
-5115.9 8838.5 17.1
-5105.5 8849.3 17.1
-5095.1 8860.1 17.4
-5084.7 8870.9 17.5
-5074.3 8881.7 17.6
-5063.9 8892.4 17.6
-5053.4 8903.2 17.4
-5043.0 8914.0 17.2
-5032.6 8924.8 17.1
-5022.2 8935.6 16.9
-5011.8 8946.4 16.7
-5001.4 8957.2 16.5
-4990.9 8968.0 16.3
-4980.5 8978.8 16.2
-4970.1 8989.6 16.0
-4959.7 9000.4 15.8
-4949.3 9011.2 15.6
-4938.9 9022.0 15.5
-4928.5 9032.8 15.3
-4918.0 9043.6 15.3
-4907.6 9054.4 15.4
-4897.2 9065.2 15.5
-4886.8 9075.9 15.6
-4876.4 9086.7 15.7
-4866.0 9097.5 15.8
-4855.5 9108.3 15.9
-4845.1 9119.1 16.0
-4834.7 9129.9 16.1
-4824.3 9140.7 16.2
-4813.9 9151.5 16.3
-4803.5 9162.3 16.4
-4793.1 9173.1 16.5
-4782.6 9183.9 16.6
-4772.2 9194.7 16.7
-4761.8 9205.5 16.8
-4751.4 9216.3 16.9
-4741.0 9227.1 17.0
-4730.6 9237.9 17.1
-4720.1 9248.7 17.1
-4709.7 9259.5 17.2
-4699.3 9270.2 17.2
-4688.9 9281.0 17.2
-4678.5 9291.8 17.1
-4668.1 9302.6 17.0
-4657.6 9313.4 17.0
-4647.2 9324.2 16.9
-4636.8 9335.0 16.8
-4626.4 9345.8 16.7
-4616.0 9356.6 16.6
-4605.6 9367.4 16.6
-4595.2 9378.2 16.5
-4584.7 9389.0 16.5
-4574.3 9399.8 16.5
-4563.9 9410.6 16.5
-4553.5 9421.4 16.5
-4543.1 9432.2 16.5
-4532.7 9443.0 16.5
-4522.2 9453.8 16.5
-4511.8 9464.5 16.5
-4501.4 9475.3 16.5
-4491.0 9486.1 16.5
-4480.6 9496.9 16.5
-4470.2 9507.7 16.1
-4459.8 9518.5 15.9
-4449.3 9529.3 15.9
-4438.9 9540.1 15.9
-4428.5 9550.9 15.9
-4418.1 9561.7 15.9
-4407.7 9572.5 15.8
-4397.3 9583.3 15.8
-4386.8 9594.1 15.8
-4376.4 9604.9 15.8
-4366.0 9615.7 15.8
-4355.6 9626.5 15.7
-4345.2 9637.3 15.7
-4334.8 9648.0 15.6
-4318.0 9665.4 15.7
-5485.1 8777.5 14.7
-5475.9 8789.3 14.9
-5466.6 8801.1 15.3
-5457.6 8813.1 15.6
-5448.8 8825.2 16.0
-5439.9 8837.3 16.4
-5426.5 8855.6 16.7
5759.2 660.6 16.5
5776.3 709.6 16.8
5776.3 714.5 16.9
5759.9 729.1 16.9
5755.8 723.1 16.9
5748.2 707.1 16.8
5740.3 694.8 16.7
5735.2 690.4 16.7
-5791.1 8748.9 17.4
-5797.1 8760.9 17.5
-5804.4 8774.8 17.6
-5811.3 8785.1 17.8
-5815.5 8791.5 17.8
-5823.3 8801.6 18.0
5305.8 -12.4 15.8
5319.7 -17.9 15.8
5333.7 -23.5 15.7
5347.6 -29.0 15.6
5361.9 -33.2 15.5
5374.3 -28.6 15.5
5384.8 -17.9 15.5
5394.9 -6.8 15.4
5404.5 4.7 15.4
5414.1 16.2 15.4
5406.7 28.6 15.5
5398.2 40.9 15.6
5389.7 53.3 15.6
5381.2 65.7 15.7
5372.8 78.1 15.8
5364.3 90.4 15.8
5355.8 102.8 15.9
5342.1 122.8 16.0
4523.1 5398.0 31.2
4537.9 5395.5 31.3
4552.7 5393.0 31.5
4567.6 5391.5 31.6
4594.2 5390.9 31.8
-5987.4 8777.0 15.5
-5987.0 8787.1 15.5
-5957.0 8801.9 16.2
-5783.2 8735.9 17.2
-5739.9 8717.4 16.6
-5734.4 8717.4 16.6
-5719.2 8721.6 16.4
-5245.4 8758.8 16.3
-5252.8 8771.9 16.2
-5260.2 8784.9 16.2
-5268.0 8797.7 16.1
-5275.9 8810.5 16.0
-5283.8 8823.2 16.1
-5291.6 8836.0 16.5
-5299.5 8848.8 16.8
-5309.3 8864.7 17.0
6251.2 416.8 17.0
6279.4 438.1 16.9
5568.4 -172.4 15.5
5583.2 -174.7 15.5
5598.0 -177.0 15.5
5612.8 -179.3 15.5
5627.6 -181.7 15.5
5642.5 -184.0 15.4
5648.6 -179.9 15.4
5642.0 -166.5 15.5
5635.3 -153.1 15.5
5628.6 -139.6 15.5
5622.0 -126.2 15.5
5615.3 -112.7 15.5
5608.7 -99.3 15.5
5602.0 -85.8 15.5
5595.3 -72.4 15.5
5588.7 -59.0 15.4
5582.0 -45.5 15.4
5574.4 -30.3 15.4
-2880.5 -7900.1 25.3
-2866.2 -7895.5 25.4
-2851.9 -7890.9 25.6
-2837.7 -7886.3 25.8
-2823.4 -7881.7 26.1
-2809.1 -7877.1 26.3
-2794.9 -7872.5 26.5
-2780.6 -7867.9 26.7
-2766.3 -7863.2 26.9
-2752.0 -7858.6 27.2
-2726.3 -7850.3 27.6
-2751.5 -7844.7 27.4
-2765.8 -7849.4 27.2
-2780.0 -7854.2 26.9
-2794.2 -7858.9 26.7
-2808.5 -7863.6 26.5
-2822.7 -7868.4 26.2
-2836.9 -7873.1 26.0
-2851.1 -7877.9 25.8
-2865.4 -7882.6 25.6
-2883.7 -7888.7 25.3
6453.4 365.7 17.0
6470.9 378.3 16.8
2303.6 -1568.3 16.9
2318.2 -1564.7 16.8
2328.8 -1555.9 16.7
2336.5 -1543.0 16.5
2344.2 -1530.1 16.4
2351.9 -1517.3 16.3
2359.6 -1504.4 16.2
2367.3 -1491.5 16.2
2374.9 -1478.6 16.3
2382.6 -1465.7 16.4
2390.3 -1452.8 16.5
2398.0 -1440.0 16.6
2405.7 -1427.1 16.7
2417.3 -1407.6 16.8
-2989.5 -7937.5 25.0
-2975.3 -7932.8 25.1
-2961.0 -7928.1 25.1
-2946.8 -7923.4 25.2
-2924.9 -7916.1 25.2
-3192.4 -8865.7 30.5
-3186.2 -8848.7 30.6
3030.3 -6663.5 18.0
3002.6 -6668.3 17.9
3019.1 -6647.2 17.7
3003.3 -6631.2 17.5
-1225.8 4050.5 20.7
4850.8 7963.8 28.0
4838.7 7966.1 27.9
4861.9 7977.5 28.3
4815.9 7981.4 28.0
4808.9 7981.6 27.9
4910.0 7998.0 29.0
4897.6 7989.6 28.8
4880.1 7993.9 28.7
4864.7 7988.6 28.5
4831.0 7989.6 28.3
4893.4 8005.1 29.0
4939.4 8025.1 29.5
4930.5 8024.6 29.7
4908.9 8021.1 29.4
4899.4 8019.4 29.3
4819.2 8020.1 28.2
4957.9 8039.4 28.6
4941.3 8038.6 29.4
4895.1 8042.1 29.7
4884.1 8038.9 29.5
4832.0 8041.0 28.3
4823.1 8035.2 28.1
4791.5 8041.9 27.4
4951.2 8051.4 28.2
4937.5 8056.7 28.7
4906.8 8049.2 29.9
4892.4 8050.3 29.6
4855.3 8050.3 28.7
4807.8 8057.7 27.5
4909.5 8066.2 30.1
4831.3 8063.1 28.1
4803.9 8070.5 27.7
4846.5 8084.8 29.9
4898.9 8101.0 30.4
4818.8 8100.6 29.9
4854.5 8115.8 31.9
4810.1 8113.3 30.4
4772.5 8112.6 29.2
4741.1 8114.0 28.3
4936.6 8128.6 26.7
4928.0 8127.8 27.5
4879.3 8128.3 31.2
4893.6 8143.9 29.4
4881.8 8145.7 30.3
4831.0 8146.6 33.0
4804.5 8143.5 32.0
4879.1 8171.6 28.3
4863.0 8174.6 29.6
4855.4 8170.1 30.7
4908.4 8187.0 24.6
4834.6 8191.6 30.8
4807.1 8190.9 31.7
4862.0 8200.8 27.4
4846.7 8198.9 29.0
4763.4 8199.9 27.4
4741.8 8201.5 25.4
4788.5 8216.4 28.7
6470.0 -9944.8 20.1
6454.8 -9949.4 20.1
6398.8 -9949.2 19.7
6466.3 -9928.8 20.3
6451.1 -9934.1 20.2
6481.2 -9915.3 20.4
6455.0 -9910.1 20.4
6391.6 -9911.8 20.4
6338.5 -9914.4 20.3
6321.7 -9911.5 20.5
6300.5 -9917.2 20.3
6488.9 -9904.6 20.5
6470.7 -9901.3 20.6
6406.9 -9901.3 20.5
6305.7 -9900.0 21.5
6531.3 -9888.4 20.7
6484.4 -9885.0 20.7
6419.9 -9884.9 21.2
6349.9 -9883.4 22.2
6315.7 -9885.7 22.4
6305.9 -9882.3 22.7
6481.9 -9874.0 21.3
6435.2 -9870.9 22.1
6427.6 -9870.2 22.2
6408.1 -9871.8 22.3
6393.8 -9874.1 22.3
6360.4 -9865.6 23.3
6330.4 -9873.2 23.1
6319.6 -9871.0 23.4
6300.3 -9865.4 24.0
6288.9 -9874.9 23.2
6254.7 -9872.1 22.4
6504.5 -9857.7 22.2
6411.1 -9857.5 23.3
6383.4 -9852.7 24.0
6361.9 -9855.8 24.0
6352.5 -9859.8 23.8
6287.2 -9859.5 24.2
6229.5 -9859.4 22.5
6406.4 -9844.8 24.3
6383.5 -9835.9 25.2
6305.6 -9842.3 25.6
6242.7 -9842.7 24.0
6226.0 -9838.4 23.8
6215.8 -9844.0 23.1
6453.4 -9826.7 25.0
6441.2 -9826.7 25.2
6419.8 -9821.4 25.8
6381.4 -9828.0 25.8
6366.7 -9820.3 26.5
6278.4 -9826.0 26.3
6182.5 -9825.4 23.2
6541.4 -9808.8 23.0
6528.4 -9812.0 23.3
6304.7 -9809.4 28.0
6184.5 -9805.3 24.8
6608.3 -9795.4 24.0
6594.6 -9795.6 23.6
6572.7 -9798.0 22.4
6513.0 -9797.2 24.1
6470.6 -9798.3 25.3
6394.8 -9800.0 27.5
6305.3 -9790.1 29.4
6246.4 -9799.0 27.1
6226.8 -9798.6 26.6
6209.6 -9798.6 26.0
6544.5 -9782.7 23.7
6514.9 -9782.5 24.5
6469.0 -9776.4 26.0
6455.4 -9777.6 26.4
6413.8 -9782.3 27.4
6361.5 -9783.2 28.9
6353.9 -9775.4 29.3
6304.0 -9781.7 30.0
6165.6 -9783.0 25.7
6159.5 -9782.5 25.6
6603.4 -9769.6 23.5
6468.3 -9764.7 26.6
6449.7 -9762.0 27.4
6439.1 -9766.4 27.3
6410.7 -9765.0 28.3
6354.0 -9762.2 30.2
6331.9 -9764.7 30.5
6323.6 -9760.2 31.2
6279.0 -9760.8 30.7
6256.1 -9767.8 29.6
6241.2 -9766.4 29.2
6228.6 -9768.2 28.7
6210.4 -9763.0 28.5
6183.9 -9760.5 27.9
6139.6 -9761.2 26.4
6600.7 -9753.3 23.2
6516.9 -9747.7 26.9
6441.0 -9753.4 28.5
6290.6 -9751.9 31.3
6200.1 -9751.3 29.0
6113.7 -9748.3 26.5
6662.0 -9732.6 23.7
6649.4 -9731.8 23.3
6579.3 -9731.2 26.3
6547.1 -9731.6 27.6
6516.8 -9732.9 28.3
6498.2 -9734.9 28.7
6411.1 -9734.1 31.3
6377.7 -9732.5 32.4
6303.1 -9731.4 32.5
6234.5 -9732.3 30.6
6213.6 -9733.5 30.0
6164.9 -9736.9 28.6
6676.9 -9723.3 23.7
6648.4 -9724.1 23.1
6609.2 -9721.1 25.5
6527.8 -9723.1 29.0
6396.7 -9722.0 32.8
6381.2 -9719.0 33.6
6366.1 -9715.0 34.4
6352.7 -9721.4 34.2
6335.5 -9715.8 34.0
6302.2 -9723.7 32.8
6214.2 -9722.4 30.5
6183.0 -9718.4 29.6
6683.3 -9700.2 23.2
6665.5 -9708.8 23.5
6601.9 -9703.2 27.4
6561.2 -9703.3 29.6
6528.0 -9709.0 30.3
6449.7 -9704.4 33.0
6390.9 -9701.5 35.0
6337.3 -9709.5 34.3
6256.0 -9705.5 32.3
6024.0 -9706.3 28.2
6666.7 -9686.6 25.0
6649.3 -9686.9 26.0
6576.7 -9693.4 29.6
6546.6 -9688.1 31.7
6526.4 -9694.7 31.8
6495.9 -9687.6 33.4
6487.2 -9689.4 33.4
6471.7 -9687.0 34.1
6435.0 -9691.1 34.8
6424.0 -9691.8 35.0
6361.3 -9686.3 35.8
6348.1 -9687.9 35.4
6333.5 -9689.5 35.0
6321.6 -9685.3 34.8
6128.0 -9693.4 25.3
6078.0 -9688.8 25.4
6022.4 -9691.8 28.6
6707.6 -9674.1 24.0
6676.7 -9678.9 25.1
6635.6 -9675.6 27.6
6540.0 -9674.5 33.2
6497.3 -9672.0 34.8
6469.0 -9674.4 35.4
6392.1 -9676.9 37.0
6380.4 -9676.5 36.7
6307.8 -9678.0 34.7
6286.1 -9671.5 34.0
6275.0 -9670.0 33.3
6201.3 -9675.1 29.0
6125.1 -9676.8 24.3
5956.2 -9675.6 29.7
5929.9 -9671.2 28.9
6737.5 -9661.7 23.4
6711.9 -9656.6 25.0
6620.8 -9659.8 29.5
6606.0 -9659.8 30.7
6589.7 -9660.1 31.7
6442.3 -9663.8 37.2
6424.8 -9657.8 38.3
6369.1 -9664.7 36.9
6228.9 -9659.0 30.0
6201.7 -9658.4 28.3
6157.9 -9656.3 25.4
6136.6 -9659.0 24.2
6123.0 -9663.2 23.6
6095.0 -9661.5 24.2
6005.4 -9659.9 29.3
5918.4 -9659.9 30.2
6736.0 -9642.6 24.4
6707.6 -9645.5 26.0
6599.9 -9648.4 31.7
6548.9 -9645.6 35.1
6469.4 -9643.8 38.4
6450.1 -9644.0 38.9
6440.2 -9643.6 39.2
6399.2 -9647.1 38.4
6261.0 -9642.2 31.2
6203.7 -9649.3 28.0
6171.1 -9640.8 25.6
6153.5 -9647.2 24.8
6127.0 -9644.2 23.0
6045.0 -9641.9 26.9
6033.8 -9641.8 27.5
6001.9 -9644.3 29.3
5990.0 -9640.4 30.0
5887.3 -9643.2 31.3
5859.5 -9644.8 29.3
6586.0 -9631.3 33.6
6406.5 -9633.5 39.1
6364.4 -9626.5 36.9
6351.6 -9627.1 36.1
6258.3 -9630.2 30.5
6189.4 -9632.4 26.3
6157.6 -9625.3 24.0
6092.8 -9631.4 24.1
6065.8 -9626.1 25.6
5988.3 -9631.6 30.0
5963.0 -9634.3 31.4
5838.7 -9631.3 30.5
5827.7 -9630.8 29.8
6771.1 -9611.5 23.9
6724.8 -9610.5 26.6
6560.8 -9616.1 36.3
6496.5 -9610.9 40.8
6455.4 -9611.9 41.3
6441.7 -9618.2 40.7
6262.2 -9612.7 29.9
6184.9 -9610.0 25.0
6166.1 -9616.7 24.2
6151.8 -9619.4 23.4
6091.3 -9611.8 24.0
6061.9 -9617.5 25.7
6035.0 -9619.6 27.3
6014.7 -9614.8 28.3
5917.0 -9614.8 33.9
5872.4 -9611.3 36.2
6697.2 -9597.2 28.9
6679.2 -9598.4 29.9
6510.8 -9603.7 40.7
6439.3 -9598.4 40.3
6425.9 -9602.4 39.6
6379.7 -9602.9 36.8
6361.6 -9604.2 35.7
6320.9 -9600.8 33.0
6306.9 -9596.7 32.0
6248.6 -9595.4 28.3
6232.7 -9599.7 27.5
6158.5 -9600.8 23.0
6082.8 -9603.3 24.4
6021.0 -9600.5 27.9
5990.9 -9601.7 29.6
5972.3 -9600.7 30.6
5917.0 -9595.7 33.7
5900.6 -9600.5 34.7
5883.6 -9595.1 35.6
5856.6 -9602.0 37.0
5821.4 -9604.8 33.9
5754.2 -9603.4 28.7
6785.1 -9586.0 24.3
6593.2 -9588.7 35.4
6503.9 -9587.5 41.9
6480.3 -9586.7 42.3
6344.7 -9583.8 33.7
6290.8 -9588.0 30.6
6278.4 -9581.4 29.5
6240.9 -9580.7 27.2
6227.6 -9589.8 26.7
6077.6 -9588.6 24.6
5979.0 -9583.8 30.1
5895.9 -9583.4 34.8
5872.3 -9583.5 36.1
5841.4 -9589.0 37.8
5827.7 -9584.7 37.4
5782.1 -9589.8 33.1
6816.5 -9566.3 23.5
6803.2 -9569.7 24.1
6788.1 -9565.2 25.2
6771.4 -9565.8 26.1
6741.4 -9573.8 27.5
6721.9 -9567.7 28.9
6710.5 -9570.8 29.4
6675.2 -9566.0 31.5
6652.7 -9573.9 32.6
6636.9 -9568.9 33.1
6481.0 -9571.2 42.4
6411.9 -9574.8 37.5
6377.0 -9565.1 34.9
6345.9 -9565.1 33.0
6246.4 -9571.2 27.1
6214.3 -9569.0 25.0
6199.4 -9567.1 24.0
6164.6 -9574.6 22.1
6124.4 -9569.4 21.8
6035.3 -9570.4 26.8
5957.3 -9570.5 31.2
5927.6 -9565.6 32.8
5840.0 -9573.0 36.5
5792.4 -9567.0 35.8
5685.1 -9569.9 26.2
6743.1 -9559.5 28.1
6691.2 -9553.3 30.5
6665.4 -9559.5 31.7
6575.0 -9558.2 36.5
6546.6 -9559.0 38.6
6314.7 -9553.7 30.5
6276.7 -9550.1 28.0
6218.3 -9556.4 24.7
6114.6 -9550.2 22.2
6044.6 -9552.0 26.1
5929.5 -9556.9 32.6
5859.3 -9553.8 34.7
5778.1 -9552.0 35.9
5736.2 -9554.6 31.6
5717.1 -9555.8 29.9
5702.3 -9557.0 28.5
6840.4 -9537.2 23.5
6754.3 -9537.6 27.5
6735.9 -9543.5 28.4
6722.8 -9535.6 28.7
6692.4 -9540.4 30.1
6648.6 -9538.1 31.8
6517.6 -9541.8 39.7
6307.1 -9542.1 29.5
6093.4 -9538.0 23.2
6062.9 -9537.8 25.0
6034.9 -9537.4 26.5
6004.9 -9535.8 28.2
5962.3 -9540.3 30.7
5925.4 -9538.8 32.7
5870.0 -9536.2 33.2
5783.3 -9538.9 34.2
5751.3 -9537.0 34.8
5720.6 -9539.6 31.6
5661.2 -9541.1 26.1
6840.5 -9521.1 23.5
6660.1 -9526.9 31.1
6638.7 -9526.5 31.9
6608.3 -9525.9 34.0
6531.0 -9521.8 38.3
6517.2 -9521.3 38.8
6501.4 -9526.0 39.6
6383.0 -9521.6 33.3
6368.2 -9523.3 32.4
6320.2 -9525.1 29.6
6303.1 -9529.1 28.7
6260.3 -9523.9 25.8
6124.6 -9527.6 21.4
6062.5 -9524.3 24.9
5984.7 -9520.1 29.2
5978.8 -9525.3 29.6
5959.8 -9529.1 30.7
5948.8 -9520.4 31.2
5919.0 -9526.8 32.0
5884.4 -9525.3 32.1
5850.0 -9525.8 32.5
5844.2 -9527.1 32.7
5822.3 -9522.5 32.5
5733.3 -9521.9 34.4
5678.2 -9527.2 28.8
6858.1 -9511.5 22.5
6847.9 -9513.8 23.0
6799.2 -9507.5 24.8
6773.1 -9510.2 26.0
6750.3 -9514.9 27.0
6714.2 -9508.1 28.3
6690.0 -9508.6 29.3
6666.2 -9506.4 30.2
6587.2 -9507.5 35.6
6473.6 -9514.9 40.1
6346.2 -9508.4 30.4
6332.5 -9508.6 29.6
6303.0 -9513.7 28.0
6284.9 -9509.3 26.6
6277.0 -9508.0 26.1
6240.3 -9508.6 23.8
6201.3 -9507.3 21.4
6156.2 -9511.1 19.5
6125.2 -9512.3 21.2
6097.8 -9508.9 22.7
6048.1 -9512.8 25.6
6038.5 -9507.8 26.1
5958.2 -9513.5 30.5
5946.9 -9508.3 30.2
5928.8 -9505.9 30.1
5900.2 -9510.1 30.7
5881.7 -9507.2 30.7
5839.8 -9506.8 31.0
5807.8 -9511.4 31.7
5764.2 -9514.1 32.3
5750.0 -9514.2 32.7
5737.8 -9508.5 32.6
5661.0 -9508.7 28.9
6905.0 -9493.3 21.5
6873.8 -9498.5 21.5
6863.2 -9499.6 22.0
6812.6 -9499.5 24.1
6742.9 -9495.4 26.8
6709.6 -9498.9 28.3
6691.5 -9497.8 29.0
6662.8 -9490.2 29.9
6638.2 -9494.2 31.7
6616.9 -9492.0 33.3
6488.6 -9499.6 38.8
6466.8 -9493.8 39.4
6361.5 -9495.8 30.8
6352.5 -9493.1 30.1
6294.2 -9493.9 26.5
6241.7 -9493.7 23.3
6127.4 -9494.6 20.9
6111.8 -9493.4 21.8
6074.9 -9493.1 23.9
5949.1 -9492.4 28.8
5932.8 -9490.7 28.8
5918.4 -9495.1 29.3
5898.6 -9492.8 29.3
5828.6 -9496.7 30.3
5810.8 -9491.3 30.0
5745.3 -9498.5 31.1
5684.8 -9493.7 32.8
6902.3 -9482.2 21.6
6891.3 -9482.5 21.5
6863.1 -9479.1 21.5
6814.9 -9484.6 23.6
6799.3 -9484.6 24.2
6770.0 -9476.8 25.2
6713.2 -9475.5 27.5
6617.1 -9476.4 33.1
6575.5 -9476.2 34.6
6559.9 -9481.3 35.4
6525.6 -9484.3 36.8
6451.6 -9479.5 39.3
6435.8 -9484.2 40.1
6420.1 -9484.4 40.7
6395.9 -9483.9 38.8
6299.8 -9482.9 26.4
6240.0 -9479.2 22.5
6216.0 -9482.7 21.2
6079.2 -9478.2 23.5
6031.5 -9475.5 26.2
6015.7 -9484.3 27.1
5970.0 -9482.1 27.8
5898.3 -9479.8 28.2
5873.3 -9479.6 28.4
5775.1 -9482.7 29.6
5661.5 -9480.5 31.9
6709.6 -9465.9 27.4
6636.3 -9460.2 31.6
6621.7 -9465.2 32.4
6603.8 -9460.2 32.8
6557.7 -9465.6 34.8
6548.2 -9461.0 34.9
6488.6 -9465.5 37.3
6414.3 -9467.2 40.1
6276.0 -9460.9 23.9
6245.8 -9466.3 22.3
6203.7 -9461.2 19.4
6179.6 -9465.5 18.1
6166.5 -9467.1 18.5
6150.6 -9465.7 19.4
6068.9 -9460.1 23.9
6053.7 -9462.4 24.8
6019.0 -9465.8 26.0
6008.2 -9462.4 25.8
5931.5 -9461.6 26.4
5839.8 -9461.6 27.2
5809.7 -9465.8 27.8
5732.1 -9469.3 28.8
5689.8 -9463.7 29.2
6900.8 -9449.5 22.0
6891.6 -9448.1 22.0
6814.4 -9454.8 22.8
6758.0 -9454.0 25.1
6706.3 -9448.8 27.1
6650.0 -9453.8 30.8
6619.8 -9445.7 31.6
6573.6 -9446.1 33.3
6557.5 -9451.6 34.1
6526.0 -9452.8 35.3
6421.8 -9454.2 39.2
6413.5 -9454.5 39.5
6399.0 -9449.8 39.9
6315.4 -9447.2 25.7
6291.1 -9453.1 24.5
6255.1 -9445.6 21.9
6198.9 -9452.6 18.7
6089.8 -9449.6 22.7
6033.7 -9451.3 24.7
6006.0 -9453.2 25.1
5933.5 -9453.7 25.8
5899.0 -9447.9 25.6
5794.0 -9450.5 26.7
5768.9 -9453.1 27.1
5747.8 -9450.2 27.1
5723.5 -9450.1 27.3
6862.1 -9438.9 21.8
6737.8 -9436.1 25.4
6661.6 -9432.3 29.4
6570.0 -9434.5 32.9
6531.4 -9436.1 34.4
6452.5 -9436.9 37.3
6413.5 -9435.1 38.7
6320.7 -9434.9 28.4
6291.0 -9433.8 23.6
6279.3 -9436.8 23.0
6242.2 -9436.5 20.7
6218.6 -9436.6 19.2
6096.5 -9439.3 22.2
6015.6 -9434.3 23.4
5960.7 -9436.2 24.1
5927.8 -9439.0 24.6
5883.4 -9436.6 24.8
5821.2 -9432.1 24.9
5767.3 -9436.0 25.7
5746.1 -9439.1 26.2
5692.5 -9435.2 26.3
5676.6 -9433.5 26.3
5659.2 -9435.6 27.2
6948.9 -9420.6 22.9
6802.5 -9424.3 22.4
6772.0 -9418.5 23.5
6679.0 -9420.3 28.2
6577.8 -9418.4 31.9
6559.7 -9415.3 32.4
6528.6 -9424.1 33.9
6515.5 -9416.0 34.0
6458.2 -9417.7 36.2
6424.4 -9415.6 37.4
6405.3 -9415.5 38.1
6383.3 -9422.6 39.2
6363.7 -9421.7 39.9
6335.3 -9422.6 34.5
6292.0 -9420.6 23.7
6230.3 -9421.8 19.3
6195.2 -9416.2 16.9
6174.4 -9416.8 17.6
6151.2 -9418.9 18.9
6121.7 -9418.1 20.6
6061.4 -9421.3 21.9
6035.7 -9416.4 21.7
6014.8 -9421.0 22.3
5977.5 -9422.6 22.8
5958.3 -9415.8 22.4
5945.5 -9417.3 22.6
5910.2 -9416.7 22.9
5865.8 -9417.8 23.4
5852.6 -9416.7 23.4
5795.0 -9417.6 24.0
5720.6 -9423.6 25.1
6945.7 -9400.5 23.3
6918.1 -9400.7 24.0
6892.6 -9400.2 22.9
6875.6 -9408.3 22.2
6797.4 -9408.8 22.2
6767.8 -9405.4 23.4
6736.0 -9408.1 24.7
6724.6 -9407.1 25.2
6689.6 -9404.0 27.1
6557.7 -9406.3 32.1
6452.2 -9402.9 35.8
6360.2 -9400.0 39.0
6347.1 -9404.0 39.7
6243.8 -9404.4 19.3
6203.3 -9401.2 16.7
6092.1 -9401.6 20.0
6075.8 -9407.1 20.6
6051.4 -9407.3 20.8
6029.6 -9406.8 21.0
6016.0 -9408.5 21.2
5993.1 -9409.4 21.5
5924.6 -9405.6 21.8
5916.0 -9409.6 22.2
5899.6 -9405.1 22.0
5888.3 -9401.3 21.8
5857.9 -9408.2 22.6
5808.7 -9404.1 22.7
5793.9 -9404.7 22.9
5745.7 -9403.2 23.2
6890.6 -9391.2 23.7
6863.7 -9386.3 23.0
6841.8 -9393.3 22.1
6818.4 -9388.4 22.1
6767.7 -9391.9 23.0
6724.7 -9389.8 25.2
6708.9 -9390.2 25.8
6678.4 -9386.9 26.7
6473.1 -9390.2 34.4
6439.3 -9386.6 35.5
6138.7 -9392.0 18.8
6067.7 -9386.3 18.9
6030.9 -9388.9 19.5
5913.6 -9385.3 20.2
5867.8 -9391.4 21.1
5752.5 -9386.4 21.7
5676.6 -9393.1 22.9
6946.1 -9370.2 23.3
6934.0 -9374.0 25.2
6827.4 -9375.1 22.6
6754.8 -9375.8 23.1
6722.6 -9376.5 24.6
6618.5 -9376.6 28.5
6608.3 -9373.4 28.7
6571.2 -9370.4 29.9
6541.6 -9372.0 31.1
6531.7 -9373.8 31.5
6518.3 -9373.3 32.0
6442.5 -9376.9 34.9
6398.0 -9376.4 36.6
6384.3 -9371.0 36.8
6233.1 -9377.3 17.4
6170.2 -9370.7 16.7
6143.5 -9378.9 17.7
6106.3 -9370.5 17.3
6053.0 -9370.9 17.8
5988.1 -9379.0 19.0
5945.4 -9375.6 19.1
5926.5 -9377.5 19.4
5852.9 -9376.4 19.9
5827.3 -9375.8 20.1
5810.5 -9375.8 20.2
5781.0 -9372.0 20.2
5723.7 -9370.5 20.5
5694.0 -9378.3 21.4
5673.2 -9373.4 21.2
6950.1 -9358.0 22.6
6902.6 -9358.5 27.3
6890.5 -9357.2 26.9
6818.3 -9357.6 23.8
6803.6 -9362.1 22.8
6759.3 -9363.4 22.6
6742.2 -9359.0 23.1
6719.7 -9357.7 23.9
6569.7 -9360.4 29.5
6558.9 -9355.1 29.7
6544.2 -9358.7 30.4
6482.8 -9357.8 32.6
6472.1 -9359.8 33.1
6428.6 -9361.4 34.7
6413.8 -9356.7 35.1
6380.1 -9360.2 36.5
6224.8 -9360.1 17.5
6218.3 -9363.5 15.9
6197.5 -9363.7 15.8
6187.4 -9363.8 16.0
6155.9 -9355.5 15.6
6140.5 -9359.0 16.0
6049.7 -9361.9 17.0
6033.7 -9363.6 17.3
6007.4 -9356.1 16.9
5993.3 -9360.1 17.3
5958.8 -9360.8 17.7
5929.8 -9357.2 17.6
5912.0 -9358.9 17.9
5836.6 -9361.7 18.8
5747.2 -9356.1 19.3
5718.9 -9357.9 19.5
5704.0 -9357.9 19.6
6990.2 -9348.8 22.7
6947.5 -9347.5 23.0
6931.5 -9345.5 25.6
6875.2 -9349.7 26.9
6847.0 -9346.8 26.0
6562.5 -9348.8 29.0
6544.6 -9344.1 29.3
6533.4 -9346.1 29.9
6419.9 -9347.3 34.1
6365.5 -9346.9 36.1
6299.7 -9346.2 38.4
6290.3 -9344.6 36.0
6279.6 -9345.5 33.2
6239.8 -9347.1 22.8
6213.6 -9345.2 16.6
6201.1 -9346.2 15.2
6126.6 -9344.3 15.9
6002.7 -9346.8 17.1
5962.1 -9345.4 17.5
5945.0 -9346.6 17.6
5840.4 -9343.2 18.6
5821.9 -9342.9 18.8
5798.8 -9343.5 19.0
5762.8 -9343.3 19.3
5736.0 -9341.7 19.6
5709.5 -9343.0 20.4
6982.5 -9327.9 22.6
6945.9 -9331.0 23.3
6722.8 -9333.1 22.0
6709.2 -9328.0 22.0
6645.1 -9328.6 24.3
6614.6 -9330.6 25.6
6547.3 -9326.1 27.7
6410.3 -9325.2 32.6
6288.3 -9329.0 36.1
6166.8 -9325.5 15.9
6138.8 -9328.7 16.1
6068.3 -9334.3 16.7
6051.6 -9330.6 16.9
5928.6 -9332.6 18.0
5868.4 -9326.2 18.7
5840.0 -9327.1 18.9
5748.8 -9333.0 20.1
5692.1 -9330.5 23.4
6935.4 -9311.4 24.9
6891.2 -9312.1 31.1
6846.3 -9314.0 29.1
6815.4 -9313.8 27.8
6772.4 -9319.6 22.9
6681.3 -9310.4 22.0
6667.7 -9317.9 22.5
6653.8 -9316.3 22.9
6564.3 -9319.5 26.5
6516.2 -9312.8 27.6
6459.4 -9310.9 29.6
6405.2 -9318.9 32.2
6360.2 -9313.4 34.0
6345.8 -9310.0 35.8
6338.1 -9319.3 36.3
6322.7 -9312.0 38.5
6264.1 -9317.5 30.4
6204.0 -9316.7 19.1
6181.1 -9311.2 16.6
6172.5 -9311.1 16.1
6079.5 -9313.5 16.9
5991.9 -9315.0 17.7
5964.2 -9314.1 18.0
5916.5 -9316.0 18.4
5895.2 -9314.3 18.6
5705.7 -9316.8 25.1
6936.8 -9298.1 24.7
6914.6 -9295.0 28.2
6900.4 -9297.6 30.5
6860.5 -9297.1 31.3
6770.6 -9303.5 22.6
6739.4 -9300.2 22.0
6722.3 -9297.4 22.0
6697.7 -9301.8 22.0
6682.5 -9298.0 22.0
6586.5 -9304.9 24.4
6575.4 -9301.6 24.5
6531.3 -9299.6 26.0
6503.0 -9295.8 26.7
6483.3 -9301.7 27.9
6442.5 -9295.2 28.8
6338.5 -9304.0 36.9
6232.2 -9302.1 25.0
6143.0 -9300.9 16.6
6068.3 -9296.3 17.4
6018.5 -9300.2 17.7
6004.5 -9299.1 17.9
5895.5 -9299.7 18.9
5883.8 -9300.4 19.0
5865.8 -9302.1 19.4
5841.6 -9297.9 21.4
5812.1 -9303.2 22.0
5795.0 -9297.6 23.8
5778.9 -9303.1 23.7
5745.9 -9302.6 25.5
6947.1 -9286.2 23.0
6939.5 -9286.0 24.3
6902.1 -9286.7 30.2
6826.4 -9288.6 30.6
6819.4 -9288.3 30.4
6728.0 -9283.2 22.0
6618.2 -9281.9 22.0
6605.7 -9281.0 22.0
6540.3 -9282.3 24.1
6472.6 -9286.6 27.0
6421.3 -9282.0 28.5
6277.4 -9288.8 35.0
6155.9 -9283.5 16.8
6079.2 -9289.0 17.4
6067.9 -9281.5 17.6
6044.8 -9284.0 17.8
6006.3 -9283.0 18.2
5971.1 -9286.8 18.4
5838.4 -9287.6 23.3
5822.2 -9286.9 24.3
5814.0 -9283.8 25.3
5715.1 -9284.0 30.3
5706.8 -9286.7 28.4
7027.1 -9268.3 20.2
6995.8 -9268.9 21.6
6937.6 -9274.3 24.5
6847.2 -9265.7 33.7
6812.4 -9271.9 29.3
6689.8 -9274.2 22.0
6616.4 -9267.4 22.0
6605.8 -9274.8 22.0
6585.4 -9267.4 22.0
6544.9 -9272.4 23.1
6375.3 -9270.1 34.0
6365.8 -9265.3 35.3
6273.9 -9271.1 35.1
6214.5 -9267.8 27.2
6142.1 -9267.6 17.2
6107.8 -9268.7 17.5
5994.4 -9266.6 19.0
5970.4 -9268.5 19.9
5932.7 -9269.8 21.6
5901.5 -9272.4 22.7
5885.7 -9268.4 24.2
5843.7 -9267.7 26.5
5813.1 -9271.5 27.4
5795.6 -9265.7 29.3
5769.6 -9266.8 30.5
6981.6 -9258.3 22.5
6843.7 -9259.9 34.1
6829.3 -9259.0 32.1
6780.2 -9252.4 24.2
6706.4 -9250.0 22.0
6695.8 -9253.3 22.0
6593.2 -9251.1 22.0
6557.6 -9257.2 22.0
6543.4 -9256.3 22.0
6466.4 -9250.4 24.1
6410.1 -9256.7 30.4
6314.7 -9250.7 42.0
6302.2 -9250.9 43.0
6218.3 -9254.9 29.4
6197.8 -9257.0 26.3
6170.1 -9258.3 22.2
6098.7 -9253.4 17.9
6060.3 -9258.4 18.1
6052.4 -9252.3 18.5
6008.2 -9258.7 19.6
5972.7 -9259.1 21.4
5956.9 -9250.7 23.7
5900.8 -9252.6 26.2
5857.3 -9251.9 28.5
5792.1 -9250.6 32.1
5748.8 -9250.4 34.4
6994.6 -9236.6 21.3
6918.6 -9237.9 27.6
6884.6 -9243.7 33.0
6871.3 -9240.2 35.1
6839.8 -9241.2 33.8
6812.2 -9242.9 29.3
6804.0 -9238.0 28.0
6784.7 -9243.2 24.9
6751.1 -9238.4 22.0
6741.2 -9239.5 22.0
6710.7 -9237.4 22.0
6638.3 -9241.0 22.0
6616.5 -9239.2 22.0
6605.0 -9237.9 22.0
6504.5 -9237.6 22.0
6482.8 -9239.2 22.6
6465.1 -9243.5 24.5
6443.6 -9235.7 27.4
6429.0 -9243.2 28.8
6408.6 -9238.5 31.4
6395.5 -9238.7 32.9
6320.8 -9238.4 41.8
6286.8 -9238.4 41.3
6276.8 -9238.5 39.9
6097.8 -9237.0 18.8
5992.7 -9237.0 24.2
5974.0 -9244.8 23.8
5944.4 -9240.1 26.1
5918.3 -9237.1 28.0
5895.6 -9235.3 29.4
5828.3 -9243.7 31.4
5759.8 -9244.6 34.8
7024.2 -9226.5 20.3
6982.7 -9227.6 22.0
6948.5 -9220.4 22.7
6833.7 -9226.0 32.9
6737.6 -9220.0 21.7
6680.4 -9223.9 21.8
6654.3 -9225.6 21.8
6489.5 -9227.7 22.1
6458.5 -9226.2 24.0
6437.3 -9228.2 26.9
6409.3 -9225.1 29.7
6394.1 -9221.3 30.8
6360.1 -9228.3 36.0
6319.3 -9220.3 39.5
6293.3 -9225.2 40.8
6197.3 -9229.4 28.1
6187.1 -9222.9 25.5
6149.7 -9228.1 21.2
6141.8 -9225.0 20.0
6106.4 -9221.2 18.5
6080.5 -9220.5 20.2
6022.9 -9220.5 23.6
5989.6 -9224.4 25.1
5975.3 -9220.4 26.0
5944.4 -9225.2 27.4
5927.6 -9221.1 28.4
5882.4 -9222.5 30.7
5872.1 -9222.5 31.2
5851.3 -9220.5 32.4
5838.5 -9224.7 32.8
5805.8 -9223.2 34.6
5745.0 -9224.8 34.1
7021.3 -9208.5 20.3
6876.0 -9213.1 34.4
6650.2 -9213.9 21.6
6636.0 -9213.4 21.6
6592.7 -9213.0 21.6
6548.0 -9206.0 21.5
6441.3 -9207.8 25.2
6424.6 -9206.2 26.3
6410.7 -9206.5 27.1
6317.8 -9212.6 38.4
6290.2 -9207.6 37.4
6248.0 -9212.5 32.3
6194.6 -9206.3 24.5
6167.5 -9213.0 22.2
6154.5 -9208.0 20.9
6123.2 -9209.1 18.0
6065.3 -9205.7 20.9
5749.9 -9212.9 33.5
5737.7 -9214.0 29.3
7007.1 -9198.7 20.7
6967.7 -9193.4 22.3
6953.8 -9190.7 22.1
6907.6 -9190.1 29.3
6892.7 -9199.5 31.7
6840.5 -9191.4 32.5
6830.1 -9191.0 32.2
6818.9 -9190.9 30.9
6789.4 -9194.9 26.1
6692.2 -9193.0 21.3
6652.9 -9190.3 21.2
6631.8 -9196.1 21.3
6530.0 -9192.1 21.3
6516.5 -9194.7 21.3
6487.9 -9194.5 22.6
6411.9 -9190.7 27.2
6397.1 -9193.6 28.1
6384.6 -9194.6 28.8
6302.4 -9194.5 36.9
6232.4 -9191.7 27.7
6209.9 -9198.2 25.8
6181.8 -9192.2 23.1
6153.0 -9196.2 20.5
6139.1 -9193.6 19.2
6126.9 -9197.8 18.2
6098.0 -9192.4 18.6
6060.5 -9196.3 21.1
6004.7 -9198.1 24.7
5994.4 -9193.5 25.3
5873.6 -9190.3 32.6
5838.5 -9191.9 34.4
5793.1 -9192.3 33.7
6936.6 -9183.9 24.6
6900.4 -9183.6 30.4
6810.7 -9181.1 29.7
6802.9 -9183.9 28.4
6753.4 -9181.4 21.1
6720.6 -9175.8 21.0
6593.5 -9181.5 21.1
6570.2 -9178.4 21.0
6563.8 -9177.9 21.0
6528.0 -9183.5 21.1
6484.8 -9177.1 23.0
6443.7 -9182.2 25.4
6425.7 -9183.2 26.5
6346.5 -9181.6 31.3
6243.8 -9181.1 28.6
6187.2 -9177.9 23.4
6154.0 -9184.8 20.4
6144.0 -9175.8 19.4
6106.4 -9176.3 17.8
6060.4 -9175.3 20.7
6038.2 -9184.4 22.3
6020.8 -9177.9 23.3
5987.6 -9181.3 25.5
5949.3 -9176.3 27.9
5872.7 -9183.5 33.0
5852.6 -9177.5 34.2
5796.7 -9178.0 31.7
5762.1 -9184.7 29.9
7006.2 -9164.4 20.7
6996.4 -9165.3 20.9
6961.5 -9168.3 22.2
6876.7 -9169.7 31.1
6814.1 -9166.9 29.6
6753.9 -9164.3 20.8
6741.4 -9169.5 20.9
6726.0 -9169.9 20.9
6659.8 -9162.7 20.8
6650.5 -9169.0 20.9
6631.5 -9169.0 20.9
6563.1 -9167.1 20.8
6527.4 -9169.0 20.8
6513.0 -9161.9 21.5
6494.9 -9168.4 22.5
6465.3 -9163.5 24.4
6441.0 -9166.6 25.8
6420.7 -9165.7 27.0
6412.5 -9166.1 27.5
6315.9 -9168.5 33.2
6293.7 -9162.2 32.3
6246.8 -9168.4 28.8
6184.8 -9167.4 23.1
6158.2 -9163.5 20.7
6091.0 -9166.0 18.8
6080.9 -9168.7 19.4
6065.8 -9160.5 20.4
6003.4 -9163.1 24.4
5971.4 -9167.5 26.5
5948.0 -9167.1 28.0
5828.7 -9165.3 33.3
5805.3 -9160.8 30.4
5796.3 -9168.0 30.0
5762.5 -9165.1 26.7
7040.3 -9151.4 19.6
6992.7 -9145.4 21.0
6889.3 -9146.3 29.1
6840.6 -9154.0 28.9
6816.1 -9153.3 28.4
6668.8 -9149.0 20.6
6602.1 -9145.6 20.5
6593.1 -9151.8 20.6
6539.9 -9153.8 20.6
6470.1 -9153.7 24.2
6457.4 -9154.0 25.0
6439.1 -9150.8 26.1
6378.8 -9145.3 29.8
6345.6 -9154.8 31.7
6318.1 -9148.0 31.7
6232.8 -9153.8 27.5
6140.2 -9148.1 19.0
6089.6 -9146.4 18.8
6078.1 -9153.9 19.6
6023.6 -9145.7 23.1
5840.4 -9145.8 33.9
5822.2 -9147.9 32.0
7068.1 -9138.0 18.8
7053.8 -9132.0 19.0
7005.5 -9138.2 20.7
6948.3 -9134.9 22.7
6933.3 -9131.5 25.1
6893.6 -9137.9 28.4
6818.8 -9130.8 26.3
6785.0 -9138.7 26.1
6724.2 -9137.0 20.4
6691.9 -9132.1 20.3
6648.2 -9133.7 20.3
6544.6 -9139.0 20.3
6514.7 -9136.1 21.7
6467.7 -9139.2 24.5
6427.8 -9131.9 27.0
6334.7 -9130.0 30.1
6277.6 -9130.7 28.9
6202.4 -9138.8 24.3
6156.9 -9130.6 20.6
6124.1 -9136.5 17.5
6094.4 -9135.0 18.5
6020.6 -9137.2 23.3
5986.6 -9136.9 25.2
5970.7 -9135.1 26.1
5943.3 -9131.8 27.5
7024.0 -9116.0 19.8
6923.8 -9116.4 26.6
6902.0 -9120.8 27.0
6839.7 -9120.0 25.7
6705.5 -9115.1 20.0
6675.6 -9120.9 20.1
6663.1 -9124.6 20.2
6621.8 -9117.7 20.0
6604.0 -9121.0 20.1
6518.4 -9115.3 21.8
6330.5 -9121.3 29.5
6315.9 -9115.6 29.4
6285.1 -9123.9 28.9
6232.9 -9122.3 25.2
6165.7 -9117.4 20.3
6155.1 -9120.8 19.8
6077.3 -9121.8 19.5
5987.2 -9118.4 24.6
5949.4 -9124.4 26.9
5918.5 -9123.1 28.7
5856.5 -9117.4 32.1
5795.9 -9122.8 28.0
5779.4 -9116.3 25.8
6951.6 -9105.7 22.2
6834.0 -9107.8 24.4
6728.6 -9106.1 19.9
6711.9 -9101.2 19.8
6681.7 -9106.5 19.9
6649.5 -9109.0 19.9
6636.5 -9105.2 19.8
6621.4 -9107.6 19.8
6579.4 -9108.6 19.8
6464.9 -9104.0 25.1
6389.7 -9104.3 27.4
6382.9 -9104.7 27.5
6317.2 -9105.4 28.6
6304.7 -9107.4 28.9
6241.8 -9101.1 24.3
6228.6 -9101.0 23.4
6179.8 -9109.8 20.7
6173.2 -9103.4 19.8
6126.0 -9100.2 16.2
6105.0 -9108.0 17.1
6077.8 -9101.2 17.8
6060.0 -9105.5 19.2
6005.4 -9106.1 22.4
5994.2 -9106.9 23.1
5901.7 -9102.1 28.0
5882.7 -9105.0 29.4
5837.9 -9103.7 31.8
5799.2 -9109.8 27.9
7008.7 -9093.0 20.1
6935.3 -9088.6 24.6
6922.0 -9094.0 24.8
6668.2 -9090.6 19.6
6619.9 -9087.8 19.5
6527.0 -9090.8 21.5
6395.5 -9091.0 26.3
6365.0 -9086.2 26.4
6321.2 -9088.5 27.3
6227.2 -9088.2 22.3
6172.3 -9090.0 18.7
6141.5 -9092.0 16.6
6124.7 -9094.9 15.8
5994.0 -9090.5 21.6
5941.2 -9086.8 24.3
5911.0 -9088.2 26.1
5842.9 -9088.4 30.1
5824.8 -9089.5 30.1
5777.9 -9090.0 24.5
6981.1 -9074.9 21.0
6968.9 -9076.1 21.5
6917.4 -9076.6 23.1
6901.9 -9077.2 22.8
6860.8 -9073.5 21.7
6799.3 -9072.2 20.4
6753.4 -9076.5 19.9
6713.6 -9078.4 19.4
6677.0 -9075.2 19.3
6662.2 -9071.9 19.2
6630.6 -9078.2 19.3
6623.9 -9075.8 19.3
6571.9 -9079.2 19.3
6546.4 -9070.7 20.6
6502.6 -9074.2 23.2
6412.6 -9071.9 24.6
6336.0 -9071.0 25.8
6258.1 -9070.9 23.2
6229.8 -9074.3 21.5
6083.4 -9077.0 16.5
6007.1 -9070.8 19.0
5985.9 -9079.3 21.0
5973.8 -9079.2 21.7
5959.6 -9070.7 21.7
5874.3 -9077.3 27.2
5809.1 -9078.6 27.8
5792.9 -9070.7 25.6
5783.8 -9077.6 24.8
6890.9 -9055.1 21.1
6781.6 -9056.1 19.6
6752.4 -9064.8 19.3
6743.3 -9064.2 19.2
6525.4 -9061.4 22.0
6496.8 -9055.6 22.1
6378.4 -9057.9 24.1
6317.2 -9062.7 25.5
6269.8 -9063.6 23.4
6141.8 -9064.1 14.3
6099.1 -9061.1 15.3
5940.5 -9055.7 21.4
5927.0 -9059.1 22.4
5900.3 -9060.6 24.1
5889.0 -9057.6 24.5
5836.0 -9058.2 27.6
5823.8 -9060.3 28.5
6858.5 -9047.2 20.5
6795.9 -9047.2 19.6
6669.2 -9044.2 18.8
6647.4 -9049.4 18.8
6587.4 -9046.4 18.7
6453.2 -9045.8 22.1
6441.3 -9048.5 22.5
6425.5 -9046.6 22.6
6383.0 -9043.8 23.0
6354.3 -9040.9 23.3
6316.8 -9044.9 24.2
6242.3 -9049.6 20.5
6218.8 -9049.2 18.9
6199.5 -9047.7 17.3
6139.3 -9041.5 13.1
6052.1 -9047.0 16.3
6020.0 -9046.4 17.4
6007.2 -9048.8 17.9
5991.0 -9041.2 18.2
5943.5 -9043.4 20.0
5884.2 -9048.7 23.9
5868.7 -9045.9 24.5
6840.2 -9025.8 19.8
6815.9 -9029.0 19.5
6726.6 -9034.0 18.7
6676.1 -9029.2 18.5
6584.7 -9027.6 18.7
6435.4 -9032.1 21.3
6420.3 -9027.4 21.2
6369.3 -9027.4 22.1
6349.2 -9025.4 22.2
6331.2 -9034.9 23.2
6287.2 -9029.3 22.1
6263.5 -9032.0 20.7
6245.1 -9026.5 18.9
6197.3 -9025.0 15.2
6141.3 -9027.7 12.5
6066.4 -9027.9 15.0
6045.2 -9030.6 15.9
6031.2 -9031.8 16.4
6003.2 -9034.6 17.5
5946.9 -9028.2 19.1
5916.7 -9027.6 20.1
5881.0 -9025.5 21.9
5873.9 -9034.9 23.2
6816.4 -9017.4 19.3
6752.3 -9017.3 18.5
6725.5 -9016.9 18.4
6651.3 -9013.8 18.3
6608.7 -9012.0 18.1
6586.9 -9010.9 18.1
6466.6 -9017.7 19.8
6457.4 -9016.7 19.9
6444.2 -9010.6 19.7
6410.6 -9018.9 20.8
6336.8 -9017.5 21.8
6308.3 -9013.4 22.0
6293.7 -9017.3 21.7
6260.4 -9012.4 18.9
6233.1 -9013.9 17.0
6217.6 -9012.0 15.6
6019.7 -9014.4 16.1
6007.1 -9014.6 16.5
5887.2 -9016.0 20.7
5813.6 -9010.2 24.3
5782.1 -9015.1 21.0
6739.3 -8998.2 18.2
6622.1 -8999.8 17.9
6587.4 -8995.7 17.8
6574.3 -9003.6 18.1
6560.4 -9004.9 18.3
6517.7 -9001.9 18.7
6346.4 -9002.2 20.6
6336.5 -8999.1 20.6
6216.9 -9002.2 14.8
6181.9 -8999.1 11.8
6156.8 -8999.1 10.8
6137.9 -8996.3 11.3
6098.7 -8995.1 12.6
6082.9 -9003.5 13.5
6060.6 -9001.7 14.2
5835.0 -8996.6 21.8
5822.5 -8996.6 22.5
5809.7 -8999.4 23.5
5794.0 -8998.1 22.9
6755.4 -8988.7 18.1
6738.2 -8989.4 18.1
6678.4 -8988.0 17.9
6651.4 -8981.5 17.7
6633.7 -8980.9 17.6
6615.2 -8984.8 17.7
6593.9 -8983.3 17.6
6572.3 -8985.0 17.8
6474.5 -8981.6 18.8
6318.7 -8988.1 20.2
6301.7 -8982.3 19.0
6241.2 -8987.5 15.3
6212.0 -8988.1 13.2
6173.2 -8988.2 10.3
6111.6 -8988.2 11.9
5971.2 -8989.6 16.7
5911.5 -8986.5 18.6
5897.6 -8987.9 19.1
5873.7 -8982.0 19.7
5854.9 -8987.4 20.6
6698.8 -8972.0 17.6
6604.8 -8971.2 17.4
6526.3 -8968.3 18.0
6518.6 -8967.3 18.0
6481.8 -8973.6 18.5
6467.3 -8966.8 18.6
6397.4 -8969.1 19.4
6366.2 -8971.3 19.7
6347.1 -8968.9 18.9
6338.2 -8968.5 18.5
6195.0 -8974.6 10.8
6143.7 -8970.3 10.0
6099.4 -8966.9 11.4
6001.9 -8971.0 14.9
5930.8 -8970.5 17.3
5854.3 -8965.2 19.7
5782.6 -8969.1 21.5
6616.6 -8957.5 17.2
6572.1 -8955.6 17.2
6557.9 -8957.2 17.4
6531.8 -8953.2 17.6
6427.4 -8956.8 18.8
6348.7 -8951.7 16.9
6291.2 -8959.8 16.0
6227.6 -8957.9 11.8
6168.3 -8950.3 8.4
6111.7 -8956.3 10.5
5984.8 -8959.7 15.0
5928.5 -8958.7 16.9
5917.4 -8959.0 17.3
5902.8 -8954.3 17.6
5870.6 -8952.6 19.3
5838.6 -8955.8 21.0
5777.0 -8950.4 20.6
6664.9 -8943.4 17.0
6654.2 -8944.9 17.0
6615.9 -8935.0 16.7
6556.8 -8943.8 17.1
6485.6 -8942.0 17.9
6470.9 -8937.3 17.9
6453.1 -8939.9 18.2
6383.5 -8937.4 16.3
6322.5 -8937.0 14.3
6262.1 -8940.1 12.7
6198.9 -8938.0 8.0
6171.7 -8943.5 8.0
6093.2 -8943.4 10.6
6038.1 -8938.0 12.3
5894.6 -8937.5 18.9
5810.8 -8941.8 23.5
5797.9 -8940.1 22.2
6573.2 -8926.8 16.6
6420.7 -8928.9 16.5
6406.5 -8928.0 16.0
6349.6 -8924.0 13.6
6285.9 -8927.0 11.9
6199.7 -8920.5 6.6
6172.9 -8925.3 7.2
6108.2 -8925.5 9.4
6067.4 -8922.3 10.6
5911.0 -8922.1 19.0
5868.0 -8920.2 21.6
5856.9 -8922.2 22.2
5836.0 -8925.3 23.2
5765.3 -8925.5 19.4
6619.3 -8912.4 16.3
6571.7 -8914.3 16.4
6556.0 -8911.8 16.5
6540.7 -8910.5 16.6
6452.1 -8912.4 15.6
6339.4 -8909.9 11.6
6274.7 -8907.1 9.2
6224.8 -8909.3 7.5
6211.6 -8909.7 6.5
6195.3 -8914.1 5.9
6166.9 -8907.5 6.6
6108.1 -8907.6 8.6
6024.4 -8910.7 13.0
5977.3 -8914.8 15.5
5856.0 -8909.2 23.1
5843.0 -8906.3 24.1
5827.8 -8912.9 24.5
5779.2 -8907.2 20.2
5766.4 -8911.7 19.0
6571.5 -8899.4 16.1
6560.9 -8893.4 16.0
6497.2 -8890.3 14.4
6480.8 -8898.2 14.8
6396.4 -8897.3 12.0
6375.7 -8896.7 11.3
6354.1 -8890.8 9.9
6254.7 -8899.1 7.6
6214.2 -8891.4 5.2
6123.0 -8898.7 8.0
6077.1 -8895.2 10.9
6067.4 -8898.0 11.3
6038.7 -8897.7 13.0
5992.3 -8898.9 15.7
5929.4 -8893.3 19.8
5903.3 -8892.4 21.4
5835.5 -8899.6 25.0
6533.1 -8877.5 14.5
6511.0 -8878.9 13.7
6486.6 -8875.5 13.0
6465.6 -8875.3 12.4
6427.1 -8885.0 11.5
6375.0 -8878.8 9.3
6316.5 -8877.3 7.5
6301.7 -8882.5 7.2
6239.9 -8884.3 5.4
6212.2 -8883.7 4.4
6200.1 -8883.5 4.5
6173.4 -8884.9 5.9
6053.9 -8880.4 13.3
6036.2 -8875.9 14.4
6000.7 -8881.2 16.4
5941.6 -8878.1 20.0
5933.5 -8882.7 20.3
5913.6 -8878.9 21.6
5881.2 -8878.3 23.6
5868.2 -8880.8 24.3
5852.3 -8882.2 25.1
5783.7 -8875.1 20.4
6556.5 -8866.5 15.5
6540.0 -8862.4 15.0
6484.0 -8863.0 13.2
6470.6 -8864.6 12.7
6396.9 -8865.9 10.3
6380.6 -8864.6 9.8
6360.0 -8868.9 9.1
6351.6 -8861.1 9.0
6309.2 -8865.5 7.5
6232.1 -8860.1 5.3
6109.1 -8865.8 10.2
6063.3 -8864.2 13.0
6047.1 -8860.2 14.0
6031.5 -8860.2 14.9
5991.4 -8860.6 17.3
5956.0 -8868.6 19.3
5944.2 -8867.5 20.0
5914.5 -8862.1 21.8
5867.4 -8863.9 24.6
5854.0 -8863.5 25.4
5838.8 -8865.3 25.2
6564.4 -8849.7 15.6
6530.8 -8854.4 14.9
6504.5 -8849.7 14.2
6451.0 -8849.3 12.4
6438.4 -8853.1 11.9
6378.6 -8845.8 10.2
6345.8 -8847.9 9.1
6309.2 -8854.7 7.8
6271.5 -8845.6 7.0
6183.5 -8850.0 6.4
6165.2 -8845.8 7.5
6155.7 -8849.5 7.8
6050.5 -8853.1 13.9
6016.5 -8845.8 16.0
6001.2 -8847.9 16.8
5795.2 -8850.7 20.6
6472.7 -8835.1 13.4
6437.8 -8837.4 12.3
6424.2 -8836.0 11.9
6345.1 -8831.1 9.7
6293.5 -8835.3 8.0
6256.9 -8838.1 6.8
6243.4 -8837.6 6.4
6172.7 -8832.3 7.5
6105.1 -8836.6 10.8
6097.6 -8836.5 11.3
5947.1 -8839.3 20.2
5882.7 -8839.4 24.0
5813.1 -8836.3 21.8
6513.3 -8817.2 15.3
6323.0 -8819.3 9.4
6290.5 -8823.0 8.3
6255.3 -8823.7 7.3
6227.2 -8818.9 6.6
6211.7 -8818.2 6.2
6166.0 -8824.4 8.1
6143.1 -8822.9 9.3
6105.5 -8821.3 11.3
6077.5 -8820.2 12.7
6020.4 -8823.5 16.0
5925.5 -8818.1 21.7
5918.1 -8818.3 22.1
5885.8 -8823.6 24.0
6480.9 -8802.2 15.0
6438.4 -8801.3 13.8
6390.8 -8805.4 12.1
6383.4 -8808.9 11.7
6362.1 -8808.0 11.2
6316.7 -8809.9 9.7
6202.7 -8803.9 7.4
6157.7 -8809.4 9.1
6062.5 -8803.0 14.1
6003.2 -8808.4 17.2
5914.3 -8802.6 22.6
5882.0 -8807.5 23.2
6420.9 -8786.9 13.9
6395.1 -8794.3 12.8
6315.4 -8791.8 10.5
6304.0 -8787.1 10.4
6198.6 -8792.7 8.3
6169.9 -8790.1 9.6
6113.8 -8788.7 12.2
6066.9 -8785.4 14.6
6036.8 -8787.1 15.9
6007.1 -8794.4 17.2
5963.1 -8790.1 19.8
5914.2 -8788.9 22.8
5895.0 -8788.5 22.5
6410.9 -8774.2 14.2
6397.4 -8778.3 13.6
6366.8 -8772.5 13.0
6090.8 -8772.5 14.2
6047.8 -8771.6 16.2
6036.0 -8771.8 16.7
5974.5 -8777.5 19.4
5885.0 -8772.8 21.6
6455.8 -8759.5 16.2
6439.2 -8757.7 15.8
6353.1 -8757.3 13.3
6320.5 -8758.2 12.2
6307.0 -8764.1 11.6
6275.1 -8758.5 11.4
6225.4 -8761.5 10.9
6216.2 -8763.5 10.7
6183.8 -8756.5 11.1
6166.3 -8757.1 11.6
6134.7 -8756.2 13.1
6047.7 -8757.6 17.0
6036.3 -8760.1 17.4
6015.2 -8761.2 18.3
5991.1 -8762.8 19.3
5958.2 -8763.9 20.7
5932.7 -8756.0 21.7
6420.5 -8741.9 16.0
6412.7 -8749.5 15.4
6365.1 -8747.7 14.1
6353.6 -8740.9 14.1
6318.9 -8740.5 13.1
6095.6 -8746.4 15.4
6075.8 -8740.9 16.6
5991.9 -8746.2 20.1
5960.4 -8748.1 21.5
6383.2 -8726.1 15.6
6362.7 -8732.0 14.7
6307.8 -8729.2 14.0
6288.2 -8726.2 14.1
6262.7 -8726.7 13.9
6089.7 -8726.8 16.7
6050.0 -8725.7 18.6
6036.8 -8729.1 19.0
5959.8 -8729.0 20.9
6411.1 -8716.1 16.9
6368.7 -8710.9 15.9
6307.9 -8715.2 15.1
6288.6 -8713.5 15.1
6269.8 -8711.5 15.2
6240.4 -8719.1 14.5
6171.6 -8715.4 14.4
6150.4 -8717.2 14.5
6030.2 -8710.4 20.4
5992.2 -8711.0 20.7
5972.4 -8718.0 20.6
6334.8 -8696.3 16.8
6284.6 -8703.3 16.0
6264.3 -8702.3 15.9
6183.4 -8700.4 15.7
6076.8 -8704.6 18.5
6068.9 -8699.3 19.2
6050.8 -8695.6 20.2
6008.1 -8702.3 20.6
5990.7 -8704.0 20.3
6378.6 -8688.9 17.6
6338.9 -8687.1 17.5
6197.6 -8683.3 17.2
6184.5 -8686.4 16.8
6151.5 -8686.0 16.7
6126.3 -8686.9 17.2
6396.3 -8669.4 19.1
6308.3 -8674.8 18.4
6288.0 -8672.4 18.5
6247.9 -8672.9 18.2
6214.1 -8671.9 18.2
6166.0 -8666.2 18.4
6120.1 -8667.0 18.6
6110.1 -8673.8 18.7
6079.9 -8667.2 20.4
6005.7 -8671.4 18.9
6262.9 -8659.2 19.4
6219.4 -8653.7 19.7
6180.0 -8658.3 19.1
6164.7 -8654.9 19.3
6112.7 -8652.2 19.8
6348.3 -8635.8 19.4
6330.0 -8644.9 19.4
6196.5 -8642.5 19.8
6141.0 -8639.3 20.0
6091.0 -8641.7 19.5
6064.6 -8639.6 19.0
6309.0 -8621.8 19.5
6277.2 -8622.0 19.6
6248.8 -8624.5 19.7
6139.7 -8629.5 19.8
6121.7 -8628.6 19.6
6203.0 -8610.9 19.7
6152.3 -8611.3 19.3
6090.8 -8614.2 19.0
6074.7 -8612.1 18.8
6287.0 -8594.1 19.7
6243.5 -8590.6 19.4
6136.0 -8593.0 18.7
6300.6 -8578.5 19.5
6234.5 -8582.1 19.1
6168.9 -8576.0 18.4
6125.5 -8577.1 18.2
6259.2 -8566.0 18.8
6242.2 -8560.9 18.6
6196.2 -8569.2 18.4
6168.7 -8561.0 18.0
6157.6 -8569.0 18.2
6257.6 -8551.3 18.4
6240.9 -8548.3 18.2
6227.3 -8551.1 18.2
-689.4 4048.5 18.5
-700.8 4064.2 18.5
-688.4 4083.3 17.9
-654.1 4101.1 17.0
-702.8 4098.1 17.9
-653.0 4131.0 16.4
-666.6 4129.1 16.7
-635.3 4146.8 15.8
-652.1 4141.7 16.2
-653.7 4173.3 15.7
1285.4 577.3 16.6
1463.9 586.9 14.5
1422.0 592.7 15.8
1375.7 590.0 16.8
1357.9 588.8 16.8
1416.0 605.5 16.3
1386.0 607.8 16.8
1295.7 607.1 16.5
1283.6 606.3 16.4
1374.4 615.7 16.7
1359.7 615.3 16.6
1419.1 636.0 16.4
1405.7 630.1 16.5
1390.8 636.9 16.5
1299.9 632.9 16.4
1449.4 646.5 15.5
1423.7 645.7 16.3
1409.2 650.8 16.3
1387.3 647.2 16.4
1378.5 648.7 16.4
1359.7 645.9 16.5
1330.0 652.1 16.4
1370.2 665.8 16.2
1362.4 660.3 16.3
1327.1 664.7 16.3
1419.3 680.6 16.0
1424.7 689.7 15.9
1403.0 707.7 15.8
1370.9 710.9 15.8
1424.2 721.1 15.6
1389.0 725.1 15.6
-3077.6 -9016.3 30.1
-3096.6 -8993.8 30.0
-3039.1 -8980.1 30.6
-3079.8 -8985.5 30.2
-3051.6 -8969.7 30.5
-3022.4 -8950.4 30.9
-3067.8 -8950.5 30.4
-3021.8 -8936.7 30.7
-3069.3 -8933.7 30.5
-3067.6 -8924.8 30.5
-3036.3 -8896.4 30.2
-2992.0 -8876.4 29.9
-2995.1 -8852.7 29.6
4815.9 7666.8 27.0
4796.3 7666.0 26.7
4787.9 7666.5 26.5
4831.6 7678.2 27.6
4817.2 7695.9 27.6
4830.1 7709.3 27.9
4816.7 7708.5 27.7
4798.7 7704.0 27.4
4813.1 7720.1 27.7
4802.4 7721.7 27.5
4860.4 7739.4 28.4
4797.4 7738.3 27.6
4844.0 7756.8 27.9
4858.4 7781.1 26.7
4845.6 7781.6 26.7
4785.6 7779.7 26.8
4848.4 7793.9 26.5
-3379.4 -8820.6 30.9
-3390.3 -8802.5 30.9
-3403.5 -8796.3 31.0
4052.9 7311.2 28.0
4085.8 7333.0 28.5
4066.2 7324.8 28.1
4049.3 7327.6 28.4
4140.3 7347.9 26.9
4112.7 7339.0 28.0
4099.7 7345.8 27.1
4056.8 7343.0 28.0
4162.0 7358.6 25.6
4125.4 7361.1 25.9
4201.5 7377.6 23.6
4187.0 7373.3 24.1
4145.9 7369.8 25.1
4129.8 7368.3 25.5
4110.2 7368.3 26.0
4050.8 7373.2 27.1
4172.9 7389.8 23.9
4116.3 7386.1 25.3
4084.9 7393.0 25.8
4056.1 7388.5 26.5
4288.2 7403.8 19.0
4228.3 7399.4 21.6
4213.6 7401.7 22.2
4177.0 7400.0 23.5
4162.1 7403.6 23.7
4143.4 7407.1 24.0
4052.6 7402.7 26.2
4280.3 7417.8 17.9
4222.1 7421.0 20.2
4175.3 7421.3 22.7
4145.8 7415.5 23.7
4094.2 7422.4 24.6
4265.8 7432.2 17.2
4233.0 7435.8 18.5
4214.2 7437.7 19.4
4161.3 7436.2 22.3
4146.4 7435.4 23.0
4141.7 7449.1 22.3
4112.2 7444.2 23.5
4081.1 7449.8 24.1
4071.3 7444.1 24.4
4386.3 7467.3 19.4
4333.3 7459.9 17.7
4320.3 7464.7 16.9
4229.5 7463.0 16.6
4217.5 7466.6 16.9
4186.2 7465.2 18.7
4132.0 7458.8 22.1
4092.4 7464.3 23.3
4080.2 7458.2 23.8
4411.3 7478.8 19.8
4356.5 7481.4 17.5
4326.7 7477.9 16.7
4230.5 7482.7 16.7
4174.9 7476.9 18.4
4113.8 7474.7 21.8
4070.0 7473.8 23.5
4398.2 7489.0 18.7
4350.3 7490.9 17.4
4337.6 7497.4 17.2
4321.6 7498.1 16.9
4303.6 7492.6 16.4
4291.2 7489.0 16.1
4215.4 7490.5 17.4
4198.3 7496.1 18.0
4397.4 7510.0 18.8
4381.6 7504.1 18.3
4339.8 7506.5 17.4
4310.0 7509.2 16.8
4261.3 7508.2 16.6
4249.4 7511.2 17.0
4236.6 7506.2 17.3
4176.6 7504.7 18.9
4095.5 7505.4 21.3
4429.9 7525.1 19.7
4393.6 7523.1 18.9
4364.9 7520.6 18.2
4341.2 7519.4 17.7
4244.2 7521.6 17.5
4218.6 7522.7 18.3
4201.8 7519.1 18.7
4094.7 7525.0 21.9
4034.6 7519.7 23.2
3988.7 7520.8 23.2
3981.5 7526.3 23.2
4438.1 7541.5 20.2
4413.3 7542.0 19.6
4401.3 7542.4 19.4
4305.6 7535.7 17.2
4261.1 7540.0 17.6
4099.2 7534.3 22.1
4020.6 7536.6 23.2
3942.6 7539.5 23.2
3900.9 7542.6 23.5
4347.7 7558.0 18.5
4338.5 7550.0 18.1
4249.7 7556.2 18.4
4216.8 7556.6 19.4
4172.5 7551.8 20.5
4156.5 7557.3 21.2
4084.4 7556.1 22.9
4065.8 7557.1 23.0
4054.7 7551.7 23.0
4002.8 7552.0 23.2
3965.0 7548.8 23.2
4428.9 7569.1 20.4
4413.2 7568.9 20.1
4393.6 7564.9 19.6
4353.4 7564.5 18.7
4339.5 7573.0 18.5
4302.1 7566.0 17.6
4291.3 7569.6 17.7
4259.0 7572.5 18.7
4201.5 7563.7 20.1
4167.5 7565.4 21.1
4077.9 7571.3 22.9
3995.6 7565.9 23.1
3958.2 7565.9 23.2
3934.5 7571.1 23.2
3915.3 7569.6 23.2
4441.8 7578.4 20.9
4423.9 7586.9 20.6
4281.7 7584.6 18.4
4259.0 7585.1 19.1
4251.5 7587.4 19.4
4230.6 7581.8 19.8
4160.8 7579.9 21.7
4101.9 7579.3 22.8
4070.9 7585.0 22.9
4051.8 7585.7 22.9
4010.1 7587.2 23.1
3929.9 7579.9 23.2
4395.1 7597.5 20.1
4274.3 7601.4 19.1
4206.2 7597.8 21.0
4175.3 7593.6 21.8
4142.1 7594.3 22.6
4116.1 7596.9 22.7
4039.9 7602.9 22.9
4020.8 7599.9 23.0
3973.7 7599.8 23.1
3943.5 7595.7 23.1
3933.9 7597.9 23.2
3920.0 7594.4 23.2
4426.5 7616.7 21.1
4410.3 7614.8 20.8
4392.5 7609.9 20.3
4347.2 7614.3 19.4
4303.2 7610.5 18.6
4289.1 7612.9 19.1
4124.4 7617.6 22.6
3994.8 7614.8 23.1
3978.5 7612.9 23.1
3951.7 7616.0 23.1
4424.9 7624.0 21.2
4174.1 7624.0 22.5
4154.6 7628.8 22.5
4126.8 7627.2 22.6
3960.6 7624.4 23.1
3912.5 7630.1 23.1
4452.7 7647.5 22.0
4429.0 7645.1 21.6
4385.2 7641.4 20.6
4364.3 7644.8 20.2
4262.3 7645.9 20.9
4232.6 7643.7 21.7
4215.0 7642.9 22.2
4056.2 7647.0 22.8
4038.6 7642.0 22.9
3993.1 7638.4 23.0
3916.5 7647.9 23.1
4368.6 7654.9 20.5
4276.0 7661.6 21.0
4261.5 7659.3 21.3
4202.8 7657.3 22.3
4139.7 7662.3 22.5
4083.2 7659.2 22.7
4064.6 7659.0 22.7
4039.4 7661.7 22.8
3994.5 7661.9 22.9
4440.4 7678.0 22.1
4408.5 7673.3 21.7
4340.8 7673.8 20.2
4250.2 7673.3 22.1
4217.4 7671.8 22.2
4189.7 7669.4 22.3
4111.0 7669.6 22.6
4079.8 7669.5 22.7
4018.5 7672.7 22.8
4006.2 7673.4 22.9
3946.6 7677.8 23.1
3916.0 7677.3 23.1
4385.3 7686.1 21.4
4365.4 7684.7 20.9
4337.5 7685.1 20.3
4183.9 7687.1 22.3
4169.2 7683.4 22.3
4155.0 7689.6 22.4
4144.3 7688.8 22.4
4130.6 7692.7 22.4
4110.5 7684.0 22.5
4084.5 7683.8 22.6
4063.7 7686.1 22.7
4017.7 7691.5 22.8
3994.3 7689.2 22.9
3944.6 7690.4 23.0
3935.8 7685.1 23.1
3919.8 7689.4 23.1
4318.6 7698.2 20.9
4258.1 7701.3 22.0
4189.8 7699.8 22.2
4160.4 7706.3 22.3
4116.7 7706.0 22.5
4064.0 7706.1 22.6
4057.0 7707.3 22.6
3988.3 7701.0 22.9
3958.0 7705.3 23.0
3929.4 7702.7 23.0
4453.5 7719.1 22.7
4443.5 7713.6 22.5
4395.3 7714.7 21.9
4355.6 7713.8 21.2
4320.2 7719.0 21.5
4294.6 7715.9 21.9
4262.3 7722.6 22.0
4220.3 7713.9 22.1
4140.2 7713.5 22.4
4124.1 7718.6 22.4
4108.0 7713.6 22.5
4093.6 7713.9 22.5
4080.2 7718.0 22.5
4066.1 7722.4 22.6
3966.0 7722.1 22.9
3914.6 7722.6 23.0
4461.0 7729.6 22.8
4377.5 7731.9 21.8
4372.1 7735.5 21.8
4322.7 7731.1 21.8
4307.1 7728.3 21.8
4188.3 7734.3 22.2
4125.3 7730.0 22.4
4080.8 7732.1 22.5
4054.0 7734.1 22.6
4004.2 7732.9 22.7
3936.3 7731.6 23.0
3915.6 7729.5 23.0
4413.1 7750.1 22.1
4368.0 7744.7 21.8
4350.5 7750.3 21.6
4338.4 7743.5 21.7
4189.4 7743.5 22.1
4160.6 7750.2 22.2
4138.6 7744.0 22.3
4113.4 7750.9 22.4
4066.7 7750.2 22.5
4051.8 7748.5 22.6
4042.0 7746.1 22.6
4023.9 7744.2 22.6
3929.2 7743.1 22.9
4459.3 7764.5 22.4
4439.4 7765.6 22.3
4340.7 7762.5 21.6
4214.8 7759.2 22.0
4201.4 7767.3 22.0
4191.2 7766.8 22.0
4168.9 7762.6 22.1
4125.2 7760.9 22.3
4026.9 7762.3 22.6
3946.7 7765.6 22.8
4426.6 7782.5 22.2
4379.3 7774.8 21.9
4367.6 7773.7 21.8
4317.8 7780.7 21.5
4306.6 7774.9 21.6
4292.1 7781.9 21.6
4273.3 7779.8 21.7
4244.7 7777.2 21.8
4198.0 7782.8 21.9
4190.4 7780.8 22.0
4122.4 7774.2 22.2
4084.9 7775.1 22.3
4010.3 7776.6 22.6
3996.5 7780.4 22.6
3957.7 7780.8 22.7
3933.3 7777.9 22.8
4446.1 7793.5 22.4
4397.5 7794.3 22.0
4303.6 7792.3 21.5
4205.6 7796.3 21.8
4158.3 7792.1 22.0
4131.2 7793.9 22.1
4053.9 7789.7 22.4
3934.4 7788.3 22.6
4273.7 7811.1 21.5
4203.1 7806.5 21.8
4173.3 7804.2 21.9
4159.5 7808.5 21.8
4125.7 7804.8 21.9
4113.9 7811.9 21.7
4085.5 7813.0 21.7
3976.8 7804.9 22.1
3928.4 7803.1 22.7
4386.1 7825.6 22.0
4333.0 7826.0 21.7
4278.1 7825.7 21.2
4245.7 7824.1 21.3
4219.2 7821.7 21.3
4187.7 7820.0 21.4
4157.8 7828.0 21.3
4100.9 7818.3 21.6
4003.2 7822.4 21.6
3957.4 7821.1 22.3
4321.0 7834.9 21.6
4069.9 7835.4 21.2
4039.3 7842.8 21.0
4025.5 7835.3 21.2
4011.6 7842.1 21.5
3990.5 7837.1 21.9
3981.4 7842.4 22.1
3957.9 7837.8 22.5
4338.1 7851.2 21.8
4323.4 7851.4 21.7
4249.0 7848.6 20.6
4173.6 7854.5 20.5
4116.0 7855.4 20.6
4098.6 7852.7 20.7
4038.8 7850.1 21.0
3934.7 7855.0 23.3
3902.9 7857.9 24.0
4277.3 7870.4 20.0
4266.1 7868.2 20.1
4169.8 7868.1 20.2
4116.5 7869.0 20.2
4022.8 7869.4 21.6
4006.0 7866.5 21.9
3981.0 7870.0 22.5
4321.9 7881.6 21.1
4303.7 7885.5 20.4
4228.2 7884.2 19.7
4213.9 7886.5 19.6
4161.3 7882.6 19.8
4079.0 7887.4 20.7
4070.1 7886.1 20.9
4038.2 7883.3 21.5
3995.0 7884.5 22.4
3966.0 7886.6 23.1
3916.7 7883.0 24.0
3883.3 7883.9 24.7
4322.5 7900.7 20.7
4305.4 7900.8 20.1
4249.7 7894.3 19.4
4198.6 7898.4 19.3
4185.7 7896.2 19.4
4146.5 7893.5 19.5
4108.6 7901.1 20.3
4098.8 7893.5 20.4
4080.0 7896.1 20.8
4008.3 7898.1 22.4
3975.2 7893.9 23.0
3871.7 7899.4 25.2
4339.2 7909.1 21.1
4202.9 7913.6 19.0
4192.1 7911.9 19.0
4171.9 7911.1 19.2
4116.8 7912.2 20.3
4077.6 7912.7 21.1
4023.0 7917.3 22.3
3996.8 7917.7 22.9
3935.7 7908.2 24.0
3891.1 7913.2 25.0
4231.0 7925.9 19.3
4170.1 7924.2 19.5
4156.7 7930.8 19.7
4142.2 7924.5 19.9
4107.4 7923.3 20.7
4092.3 7932.7 21.1
4078.7 7930.7 21.4
4064.5 7930.9 21.7
3919.9 7932.7 24.7
3868.8 7927.6 25.7
4276.0 7947.1 19.3
4262.5 7941.7 19.4
4236.6 7938.8 19.6
4186.5 7940.8 19.9
4140.7 7946.5 20.3
4037.5 7943.6 22.4
4004.7 7942.9 23.1
3991.4 7946.8 23.4
4177.0 7958.9 20.5
4071.9 7962.8 21.8
4007.6 7953.5 23.1
4172.4 7976.1 20.9
4056.3 7972.8 22.2
4145.2 7984.4 21.4
4055.5 7983.5 22.3
