-3998.9 -543.7 47.1
-4009.5 -540.3 46.9
-4020.9 -540.6 46.8
-3992.9 -532.9 47.3
-4003.2 -530.2 47.1
-4023.6 -529.3 46.8
-3993.7 -520.0 47.4
-4023.5 -519.1 46.9
-4410.2 -145.0 43.8
-4368.4 -133.6 44.1
-4402.2 -130.0 43.7
-4429.6 -130.2 43.2
-4346.7 -123.1 44.2
-4376.2 -120.8 43.9
-4397.5 -122.1 43.7
-4427.6 -119.8 43.2
-4437.9 -121.7 43.0
-4367.3 -108.6 43.9
-4380.0 -115.2 43.8
-4389.3 -113.3 43.7
-4431.1 -108.7 43.0
-4439.8 -114.1 43.0
-4330.7 -105.0 44.2
-4397.2 -103.1 43.5
-4436.1 -101.5 42.9
-4439.9 -94.8 42.8
-4428.7 -83.7 42.9
-4451.9 -81.2 42.7
-4400.6 -71.8 43.2
-4411.7 -73.4 43.1
-4416.5 -74.7 43.1
-4429.2 -68.8 42.8
-4461.0 -73.2 42.7
-4409.1 -65.1 43.1
-4431.8 -61.9 42.7
-4442.7 -60.8 42.6
-4460.1 -60.8 42.7
-4390.3 -53.3 43.1
-4419.8 -52.9 42.8
-4437.0 -52.2 42.6
-4459.2 -49.8 42.6
-4390.1 -45.0 43.1
-4461.9 -41.5 42.6
-4466.8 -31.8 42.7
-4456.7 -23.0 42.7
-4462.3 -12.1 42.9
-4408.1 1.2 43.1
-4429.9 -1.8 43.0
-4438.6 -2.4 43.0
-4449.5 -0.5 43.1
-4416.4 8.1 43.2
-4429.6 11.4 43.3
-4440.2 11.0 43.4
-4449.0 11.2 43.4
-4461.8 7.3 43.4
-4411.0 15.2 43.4
-4410.4 24.8 43.6
-4422.5 29.8 43.8
-4411.5 39.8 44.0
-4420.4 37.0 43.9
-4419.4 47.5 44.2
-4431.2 45.2 44.2
-4440.1 50.7 44.3
-4412.5 58.9 44.4
-4440.0 57.4 44.5
-4450.8 59.8 44.6
-4416.8 68.4 44.7
-4429.7 66.2 44.7
-4441.1 70.9 44.8
-4457.9 65.7 44.8
-4409.1 84.8 45.0
-4457.3 100.5 45.6
-4469.4 95.3 45.5
-4467.5 109.1 45.9
-4431.4 119.7 46.0
-4448.3 119.8 46.0
-4470.7 115.2 46.0
-4400.2 125.9 46.0
-4436.3 130.6 46.3
-4446.9 127.3 46.2
-4462.3 127.8 46.4
-4467.2 124.8 46.3
-4430.3 135.0 46.4
-4436.4 136.6 46.5
-4192.8 -25.9 45.0
-4205.8 -26.4 44.9
-4235.4 -23.6 44.5
-4244.2 -24.5 44.5
-4264.3 -23.9 44.2
-4233.5 -14.2 44.5
-4245.5 -11.8 44.3
-4285.0 -12.0 43.9
-4242.8 -3.7 44.3
-4253.1 -1.7 44.2
-4285.6 -3.9 43.8
-4266.3 3.4 44.0
-4287.3 6.3 44.0
-4328.0 3.5 43.8
-4235.8 16.7 44.6
-4241.7 15.3 44.5
-4274.6 12.3 44.3
-4326.2 12.5 44.0
-4233.2 27.2 44.9
-4274.8 27.3 44.6
-4346.8 24.4 44.0
-4191.6 33.3 45.4
-4203.5 35.0 45.3
-4214.0 35.4 45.2
-4222.6 36.8 45.2
-4254.4 37.0 45.0
-4262.4 37.9 44.9
-4207.2 46.8 45.5
-4215.5 48.5 45.5
-4254.4 53.3 45.3
-4262.1 56.3 45.3
-4285.0 58.0 45.2
-4257.6 67.8 45.6
-4263.5 67.6 45.5
-4284.3 68.6 45.4
-4315.3 68.6 45.2
-4273.7 75.3 45.6
-4283.8 76.9 45.6
-4312.7 77.4 45.4
-4343.9 73.4 45.1
-4265.4 84.1 45.9
-4271.9 87.1 45.9
-4283.1 83.9 45.7
-4301.6 86.3 45.6
-4317.3 85.3 45.5
-4334.5 83.5 45.3
-4347.5 82.7 45.2
-4375.2 85.5 45.1
-4297.1 92.3 45.8
-4314.1 93.9 45.7
-4332.1 97.2 45.6
-4347.4 93.9 45.5
-4362.6 95.4 45.4
-4387.9 92.9 45.2
-4314.8 104.9 45.9
-4342.7 107.6 45.8
-4353.9 102.2 45.6
-4385.7 108.7 45.5
-4363.2 118.5 45.9
-4382.6 113.5 45.6
-4191.9 -173.3 45.4
-4201.5 -164.0 45.2
-4205.1 -144.0 45.2
-4212.2 -145.2 45.2
-4225.9 -141.6 45.2
-4203.7 -136.8 45.3
-4225.4 -135.7 45.2
-4229.8 -137.1 45.2
-4293.9 -132.7 44.9
-4302.3 -135.9 44.8
-4220.2 -127.6 45.4
-4252.8 -123.4 45.2
-4280.6 -122.9 44.9
-4304.7 -126.7 44.7
-4284.0 -111.8 44.8
-4295.8 -115.8 44.7
-4259.7 -108.0 45.0
-4270.8 -107.8 44.9
-4199.9 -75.8 45.4
-4194.2 -67.6 45.4
-4243.2 -67.4 44.8
-4184.8 -44.5 45.3
-4189.8 -46.3 45.2
-4231.4 -43.1 44.8
-4240.8 -42.5 44.7
-4249.6 -275.6 45.4
-4294.2 -269.9 45.3
-4299.8 -270.1 45.3
-4362.7 -267.7 45.2
-4362.5 -259.5 45.2
-4295.3 -251.1 45.4
-4359.0 -249.7 45.3
-4261.1 -218.8 45.8
-4273.4 -218.3 45.7
-4350.2 -217.5 45.1
-4344.4 -211.7 45.0
-4372.4 -198.6 44.5
-4299.0 -191.1 44.9
-4352.7 -191.6 44.5
-4368.9 -186.0 44.5
-4294.9 -177.5 44.8
-4342.5 -170.9 44.7
-4362.1 -167.1 44.5
-4372.0 -171.4 44.4
-4342.2 -160.4 44.6
-4332.7 -50.1 43.7
-4315.6 -41.2 43.8
-4324.5 -39.6 43.7
-4332.3 -40.2 43.6
-4294.6 -21.1 43.9
-4325.0 -86.7 44.1
-4327.7 -78.1 44.0
-4355.8 -98.2 43.9
5464.4 -2047.9 33.6
5453.9 -2050.6 33.7
5466.6 -2043.8 33.7
5472.3 -2019.5 33.7
5465.0 -2022.8 33.8
5471.6 -1997.8 33.7
6314.1 -1874.6 31.6
6282.6 -1873.9 31.7
6292.7 -1865.3 31.5
6255.0 -1865.7 31.7
6239.7 -1868.1 31.7
6244.7 -1855.5 31.5
6312.0 -1827.4 30.9
6290.7 -1828.6 31.0
6274.1 -1828.7 31.1
6243.0 -1829.7 31.2
6289.4 -1819.5 30.9
6130.9 -2292.2 32.3
6129.6 -2285.5 32.3
6108.8 -2285.7 32.7
6097.4 -2286.5 32.8
6088.7 -2287.4 33.0
6091.5 -2266.4 33.1
6076.0 -2261.9 33.3
6096.7 -2256.4 33.1
6081.0 -2253.1 33.3
5516.2 -2090.0 33.2
5525.6 -2073.4 33.1
5527.1 -2055.0 32.9
5534.0 -2043.7 33.0
5527.1 -2040.9 33.1
5543.8 -2031.9 33.0
5536.4 -2031.2 33.1
6084.0 -2701.3 31.6
6193.3 -2694.5 33.5
6178.6 -2694.8 33.3
6160.0 -2694.9 33.0
6153.4 -2695.1 32.9
6143.9 -2692.3 32.8
6134.0 -2695.3 32.5
6122.9 -2693.4 32.4
6109.3 -2693.9 32.1
6213.6 -2685.8 34.1
6199.7 -2684.0 33.9
6188.3 -2683.9 33.7
6170.1 -2683.4 33.4
6152.6 -2685.0 33.0
6110.7 -2684.5 32.3
6079.4 -2682.6 31.9
6213.5 -2675.1 34.3
6202.2 -2671.8 34.1
6189.5 -2673.5 33.9
6178.9 -2676.4 33.7
6162.1 -2671.9 33.5
6129.7 -2675.8 32.8
6099.3 -2670.9 32.4
6089.0 -2673.5 32.2
6079.8 -2674.3 32.0
6213.5 -2663.6 34.5
6193.1 -2664.0 34.1
6081.1 -2666.1 32.2
6211.1 -2651.2 34.7
6200.9 -2655.1 34.4
6213.3 -2644.5 34.9
6188.1 -2642.2 34.5
6119.9 -2640.9 33.4
6082.8 -2643.5 32.7
6210.8 -2635.6 35.0
6199.2 -2631.6 34.9
6170.0 -2634.3 34.3
6161.3 -2636.5 34.1
6153.3 -2630.7 34.1
6138.6 -2634.7 33.8
6103.8 -2636.3 33.2
6092.1 -2632.4 33.0
6188.9 -2622.3 34.9
6179.0 -2622.0 34.7
6162.1 -2621.7 34.4
6148.9 -2625.5 34.1
6134.1 -2620.9 34.0
6109.1 -2624.7 33.5
6090.4 -2620.5 33.2
6080.7 -2625.9 33.0
6158.9 -2614.9 34.5
6147.9 -2614.9 34.3
6143.8 -2610.9 34.3
6128.1 -2610.8 34.1
6121.3 -2611.0 34.0
6080.0 -2614.1 33.2
6158.6 -2600.9 34.8
6131.9 -2604.5 34.3
6118.7 -2604.6 34.0
6089.3 -2600.4 33.6
6160.2 -2591.1 35.0
6154.2 -2591.5 34.9
6091.9 -2593.8 33.8
6159.1 -2584.7 35.1
6150.2 -2585.5 34.9
6158.0 -2573.8 35.3
6148.5 -2576.6 35.1
6142.7 -2576.8 35.0
6099.1 -2574.0 33.5
6182.5 -2554.5 35.6
6163.0 -2556.6 35.0
6097.8 -2555.7 32.8
6093.7 -2554.3 32.6
6180.8 -2546.4 35.5
6169.3 -2546.0 35.0
6160.7 -2541.3 34.6
6169.0 -2530.5 35.1
6142.6 -2535.0 33.9
6140.9 -2514.4 34.0
6133.8 -2502.9 33.7
6123.3 -2503.6 33.3
5736.4 -2237.0 31.7
5723.5 -2240.5 31.7
5702.1 -2238.0 31.7
5772.6 -2220.5 31.7
5731.7 -2215.5 31.8
5712.6 -2219.5 31.8
5764.8 -2209.9 31.8
5730.5 -2208.9 31.8
5712.6 -2205.2 31.9
5743.5 -2199.2 31.9
5714.9 -2195.4 32.0
5701.4 -2199.6 32.0
5692.4 -2197.3 32.0
5795.0 -2190.4 31.9
5760.3 -2190.4 32.0
5754.6 -2186.8 32.0
5741.4 -2188.7 32.0
5736.7 -2187.8 32.1
5721.7 -2191.1 32.0
5693.7 -2191.6 32.1
5780.8 -2179.0 32.1
5756.5 -2176.5 32.1
5734.7 -2177.9 32.1
5714.6 -2179.3 32.1
5700.4 -2180.0 32.1
5765.6 -2169.6 32.1
5691.9 -2165.6 32.0
5706.2 -2158.5 32.0
5720.7 -2137.2 32.1
5723.7 -2129.3 32.1
5712.3 -2127.9 32.2
5724.8 -2115.3 32.1
5722.1 -2105.2 32.2
5712.2 -2105.7 32.2
5702.8 -2107.6 32.3
5725.6 -2100.4 32.1
5700.7 -2098.5 32.3
5694.9 -2099.6 32.3
5694.0 -2080.6 32.3
5706.1 -2068.4 32.1
5695.9 -2071.0 32.2
5710.5 -2061.1 32.0
5701.9 -2058.8 32.0
5691.9 -2046.9 31.9
5755.4 -2038.3 30.6
5744.7 -2034.6 30.8
5730.6 -2034.6 31.1
5800.0 -2179.6 31.8
5792.7 -2168.8 31.8
5782.0 -2128.6 31.5
5760.4 -2126.5 31.9
5790.0 -2119.9 31.2
5778.3 -2113.6 31.3
5770.7 -2120.0 31.6
5779.3 -2108.3 31.2
5770.3 -2108.8 31.4
5743.8 -2104.0 31.9
6093.6 -2419.5 32.1
6149.9 -2409.9 32.8
6110.8 -2413.3 32.2
6092.5 -2411.0 32.3
6140.6 -2402.3 32.4
6122.5 -2405.2 32.2
6103.9 -2401.8 32.3
6140.7 -2395.8 32.3
6115.2 -2393.4 32.3
6165.9 -2381.1 32.3
6135.1 -2382.3 32.2
6163.4 -2370.0 32.1
6143.7 -2372.1 32.1
6131.4 -2371.8 32.1
6123.2 -2369.9 32.0
6113.3 -2372.6 32.1
6094.2 -2371.1 32.0
5455.7 -2386.9 31.9
5463.6 -2327.4 32.0
5481.5 -2418.3 31.4
5490.4 -2404.0 31.7
5484.7 -2406.1 31.6
5523.6 -2391.9 31.9
5513.6 -2395.0 31.9
5502.3 -2394.6 31.9
5521.3 -2377.3 31.9
6840.9 2021.2 43.3
6831.8 2026.9 43.3
6833.8 2033.6 43.1
6841.2 2045.6 42.6
6803.7 2046.5 42.9
6861.1 2053.5 42.3
6863.8 2061.2 42.0
6862.6 2076.4 41.7
6770.6 2074.6 42.2
6761.1 2076.6 42.2
6872.4 2086.8 41.6
6862.1 2083.4 41.6
6763.6 2085.1 41.9
6874.3 2093.6 41.5
6863.2 2094.1 41.5
6760.6 2091.9 41.7
6811.0 2122.2 41.0
6799.4 2123.1 41.0
6791.7 2126.8 40.9
6781.3 2123.8 40.9
6866.2 2411.5 38.2
6872.7 2418.0 38.2
6852.8 2421.9 38.1
6873.6 2427.5 38.1
6852.4 2431.8 38.0
6878.4 2438.7 38.0
6866.0 2440.5 37.9
6823.0 2437.3 37.8
6882.1 2445.5 37.9
6877.0 2451.7 37.8
6865.0 2447.0 37.9
6825.1 2450.5 37.7
6873.4 2456.5 37.8
6883.8 2478.4 37.6
6868.3 2475.7 37.6
6896.1 2503.0 37.4
6881.8 2501.9 37.3
6902.0 2510.6 37.3
6878.0 2509.9 37.2
6884.3 2518.1 37.2
6846.8 2530.6 36.9
6894.3 2542.9 37.0
6877.0 2537.3 37.0
6872.8 2563.6 36.7
6887.5 2570.3 36.7
6867.5 2589.8 36.4
6855.1 2591.5 36.4
6863.6 2602.8 36.4
6842.1 2601.4 36.7
6875.1 2609.1 36.3
6864.3 2608.4 36.5
6856.7 2612.9 36.6
6868.1 2622.5 36.6
6329.8 2884.9 42.6
6319.5 2886.5 42.6
6338.9 2896.5 42.6
6317.3 2895.3 42.9
6319.8 2906.5 42.8
6389.6 2947.9 42.1
6381.1 2942.5 42.1
6379.8 2955.0 42.2
5662.7 -2479.4 30.9
5694.7 -2464.9 31.2
5675.7 -2465.8 31.1
5665.2 -2464.9 31.1
5653.4 -2466.6 31.1
5662.1 -2456.0 31.2
5655.1 -2458.6 31.2
5658.6 -2444.6 31.4
5614.3 -1947.7 33.3
5642.8 -1943.2 33.3
5627.9 -1943.6 33.3
5613.7 -1938.0 33.5
5643.1 -1932.6 33.5
5601.6 -1928.7 33.8
5604.7 -1919.3 33.9
5516.0 -2510.0 30.7
5489.3 -2511.1 30.8
5484.3 -2504.0 30.8
5488.3 -2492.4 30.9
5538.7 -2482.5 30.8
5478.6 -2482.3 30.9
6473.7 2872.1 41.4
6486.9 2886.9 41.0
6471.3 2884.0 41.3
6462.4 2882.3 41.4
6454.6 2885.0 41.4
6486.1 2890.5 41.0
6471.9 2894.3 41.1
6455.9 2890.5 41.3
6514.4 2903.6 40.6
6523.0 2911.8 40.5
6506.3 2913.8 40.7
6441.2 2911.4 41.4
6433.4 2911.5 41.5
6436.7 2921.6 41.5
6426.6 2925.3 41.6
6434.5 2930.9 41.5
6437.2 2944.0 41.5
6431.8 2951.1 41.6
6662.2 2517.9 38.2
6692.9 2525.6 37.9
6673.9 2528.1 38.2
6668.4 2527.6 38.2
6703.0 2538.8 37.9
6743.8 2550.5 37.5
6734.4 2549.0 37.6
6753.2 2567.1 37.5
6746.1 2564.4 37.6
6741.9 2577.3 37.8
5616.4 -2278.1 31.8
5629.3 -2252.4 31.8
5598.8 -2258.5 31.9
5589.1 -2255.1 31.9
5587.2 -2224.9 31.9
5570.0 -2222.7 31.9
5584.2 -2216.8 31.9
5580.8 -2215.5 31.9
5569.6 -2216.6 31.9
5584.7 -2204.2 32.1
5600.0 -2192.9 32.1
5584.3 -2197.8 32.1
6490.7 -2268.7 34.2
6498.4 -2262.8 34.2
6485.5 -2259.2 34.1
6486.1 -2239.8 34.0
6480.7 -2229.7 33.9
6484.8 -2223.0 33.8
6496.3 -2213.7 33.8
6494.9 -2189.1 33.1
6328.8 -2266.6 33.1
6337.2 -2258.7 33.1
6322.1 -2261.2 33.1
6348.8 -2249.3 33.2
6291.1 -2247.4 32.8
6357.7 -2241.0 33.2
6349.3 -2237.3 33.1
6310.0 -2235.1 32.9
6300.2 -2236.5 32.8
6361.8 -2225.1 33.1
6298.8 -2231.0 32.8
6356.7 -2216.1 33.1
6298.5 -2217.8 32.7
6326.4 -2207.5 32.8
6309.0 -2211.2 32.7
6341.7 -2197.5 32.9
6318.0 -2199.1 32.7
6340.6 -2185.4 32.8
6330.2 -2188.3 32.7
6348.0 -2176.7 32.7
6328.6 -2180.3 32.6
6349.2 -2170.6 32.7
6308.5 -2187.5 32.3
6315.2 -2177.3 32.3
6307.6 -2175.7 32.4
6293.8 -2167.6 32.6
6345.7 -2147.9 32.3
6306.2 -2134.7 32.6
6298.1 -2136.1 32.6
6323.7 -2127.1 32.5
6317.6 -2126.8 32.5
6304.6 -2128.2 32.6
6312.3 -2116.4 32.5
6307.2 -2119.5 32.6
5114.2 -2373.6 31.4
5104.7 -2371.2 31.5
5085.9 -2374.2 31.6
5069.1 -2369.7 31.8
5087.1 -2362.8 31.4
5064.8 -2362.3 31.9
5055.2 -2360.3 32.0
5047.5 -2360.5 32.1
5038.8 -2361.9 32.3
5025.2 -2361.2 32.5
5099.1 -2352.5 31.3
5057.0 -2348.0 31.8
5026.8 -2349.7 32.3
5044.2 -2342.8 32.0
5028.7 -2343.1 32.2
5014.6 -2342.8 32.4
5106.2 -2312.1 30.7
5093.4 -2310.8 30.8
5106.5 -2304.3 30.6
5106.4 -2279.6 30.3
5103.4 -2273.3 30.2
5103.3 -2249.0 30.2
5106.7 -2238.4 30.4
5379.0 -2229.0 31.8
5337.5 -2233.3 31.5
5307.2 -2232.2 31.4
5287.9 -2229.9 31.3
5276.0 -2229.0 31.2
5259.2 -2228.8 31.1
5227.6 -2232.3 30.9
5199.1 -2229.8 30.9
5189.7 -2228.1 30.9
5175.0 -2229.0 30.9
5129.5 -2230.6 30.7
5114.0 -2233.5 30.6
5379.6 -2218.1 31.8
5345.5 -2220.1 31.6
5309.9 -2220.0 31.5
5296.3 -2222.6 31.4
5284.6 -2222.1 31.4
5273.6 -2224.5 31.3
5263.8 -2223.8 31.3
5226.1 -2222.8 31.2
5215.0 -2219.5 31.2
5185.5 -2222.3 31.1
5169.0 -2222.5 31.0
5145.8 -2218.5 31.1
5136.8 -2222.4 30.9
5119.2 -2223.4 30.9
5364.8 -2209.1 31.9
5356.6 -2213.2 31.8
5343.5 -2213.6 31.8
5337.3 -2210.4 31.8
5328.6 -2209.0 31.8
5287.1 -2211.5 31.6
5268.9 -2211.2 31.6
5245.4 -2209.3 31.6
5226.8 -2211.8 31.5
5219.0 -2212.2 31.4
5207.2 -2211.3 31.4
5196.7 -2214.1 31.3
5163.6 -2213.7 31.2
5158.4 -2211.0 31.3
5147.2 -2210.3 31.3
5139.5 -2212.1 31.2
5124.2 -2211.3 31.2
5113.6 -2208.8 31.3
5109.2 -2208.4 31.3
5095.1 -2211.0 31.2
5366.3 -2199.9 32.3
5326.5 -2200.9 32.2
5254.7 -2198.1 32.1
5249.3 -2201.5 31.9
5238.8 -2203.8 31.8
5225.6 -2204.5 31.7
5213.8 -2201.2 31.8
5205.7 -2203.3 31.7
5195.9 -2203.1 31.7
5185.6 -2198.1 31.9
5179.5 -2198.5 31.9
5158.8 -2198.4 31.8
5116.8 -2202.0 31.6
5337.6 -2191.9 32.6
5313.6 -2194.4 32.4
5305.7 -2188.3 32.6
5296.8 -2192.8 32.4
5287.8 -2193.7 32.3
5257.5 -2193.6 32.3
5234.2 -2194.0 32.2
5214.4 -2190.6 32.3
5208.4 -2194.5 32.1
5198.9 -2191.9 32.2
5136.9 -2193.6 31.9
5366.2 -2180.0 32.8
5349.7 -2181.9 32.9
5334.9 -2179.8 33.0
5274.8 -2183.8 32.7
5267.2 -2182.5 32.8
5214.8 -2183.1 32.6
5204.3 -2181.0 32.6
5175.4 -2178.8 32.7
5325.8 -2174.5 33.1
5305.8 -2168.3 33.3
5298.6 -2168.6 33.3
5287.6 -2169.4 33.3
5278.8 -2171.5 33.4
5257.9 -2173.7 33.2
5218.5 -2168.6 33.3
5208.2 -2172.1 33.1
5188.3 -2172.1 33.0
5355.3 -2159.3 33.1
5347.3 -2162.5 33.1
5325.7 -2159.3 33.3
5304.8 -2158.0 33.4
5268.6 -2162.5 33.5
5244.3 -2158.4 33.7
5216.1 -2163.4 33.5
5345.2 -2149.3 33.3
5323.9 -2152.5 33.4
5303.8 -2153.0 33.4
5274.1 -2154.4 33.6
5258.4 -2149.4 33.7
5235.1 -2151.5 33.8
5214.1 -2150.6 33.9
5337.0 -2141.0 33.4
5305.9 -2141.9 33.6
5287.7 -2139.0 33.7
5277.8 -2144.5 33.7
5237.1 -2142.5 33.9
5338.2 -2130.2 33.5
5329.0 -2129.8 33.6
5318.4 -2129.7 33.6
5304.1 -2130.3 33.7
5286.2 -2131.5 33.8
5257.5 -2133.4 33.9
5248.8 -2133.0 34.0
5329.5 -2120.6 33.7
5295.9 -2118.4 33.9
-4451.5 -606.7 49.7
-4463.2 -605.7 50.2
-4441.5 -595.1 48.9
-4451.9 -586.4 49.1
-4463.7 -587.0 49.7
-4456.4 -573.9 49.0
-4463.5 -575.5 49.4
-4424.0 -638.7 49.7
-4422.3 -625.0 48.9
-4421.5 -616.7 48.5
-4425.9 -605.5 48.4
-4426.2 -594.9 48.1
-4598.8 -565.2 55.6
-4617.6 -567.9 56.6
-4625.0 -565.2 56.8
-4588.7 -561.4 54.9
-4600.6 -558.4 55.4
-4607.7 -555.8 55.7
-4629.9 -561.0 57.0
-4577.4 -545.6 53.9
-4713.9 -496.7 59.3
-4674.1 -455.5 57.1
-4687.9 -430.3 57.0
-4634.7 -417.7 55.0
-4678.3 -418.4 56.4
-4684.7 -420.0 56.6
-4645.6 -405.3 55.0
-4658.0 -405.7 55.4
-4664.0 -406.0 55.6
-4675.9 -407.2 56.0
-4684.1 -411.2 56.4
-4608.8 -397.4 53.7
-4615.2 -401.6 53.9
-4659.3 -397.4 55.3
-4599.2 -389.3 53.3
-4653.6 -388.2 55.1
-4668.2 -388.5 55.6
-4588.6 -379.4 52.9
-4640.1 -375.0 54.6
-4626.0 -365.3 54.0
-4639.4 -370.2 54.5
-4609.4 -361.1 53.5
-4618.0 -348.9 53.7
-4596.5 -335.7 53.1
-4568.8 -331.5 52.3
-4579.8 -328.9 52.7
-4578.9 -318.3 52.3
-4578.4 -309.8 51.9
-4515.7 -336.6 50.5
-4535.5 -330.9 51.1
-4548.8 -332.5 51.6
-4468.0 -310.6 48.2
-4478.6 -316.2 48.8
-4490.2 -316.3 49.2
-4528.6 -312.1 50.3
-4536.3 -313.2 50.6
-4546.2 -315.7 51.1
-4420.0 -302.5 46.1
-4429.6 -306.9 46.7
-4440.4 -301.4 46.8
-4460.8 -303.8 47.6
-4467.9 -304.1 47.8
-4488.0 -301.8 48.4
-4529.1 -303.7 49.9
-4550.4 -305.4 50.7
-4419.9 -292.2 45.6
-4431.0 -293.3 46.1
-4475.7 -294.7 47.6
-4518.9 -291.5 48.9
-4415.5 -283.5 45.1
-4467.8 -285.4 46.9
-4478.4 -281.9 47.1
-4488.6 -285.5 47.6
-4521.1 -281.0 48.5
-4539.4 -285.2 49.3
-4418.8 -276.5 45.2
-4429.6 -272.4 45.2
-4471.9 -274.6 46.5
-4519.7 -276.2 48.2
-4578.5 -270.7 50.3
-4528.3 -262.5 47.8
-4571.9 -266.5 49.9
-4577.6 -264.6 50.1
-4449.7 -255.2 45.4
-4550.7 -255.3 48.6
-4557.3 -254.3 48.9
-4566.0 -252.4 49.3
-4580.8 -255.4 50.1
-4492.5 -348.9 49.5
-4412.5 -327.5 46.8
-4420.0 -327.5 47.0
-4412.2 -317.0 46.6
-4435.5 -322.4 47.5
-4444.9 -320.3 47.8
-4452.2 -321.9 48.1
5776.8 -1788.6 31.3
5765.1 -1784.0 31.6
5754.9 -1782.7 32.0
5747.9 -1785.4 32.2
5732.9 -1783.3 32.5
5783.7 -1778.1 31.0
5764.1 -1777.6 31.7
5753.5 -1779.0 32.0
5748.8 -1773.6 32.2
5735.7 -1777.3 32.5
5708.6 -1778.0 33.0
5696.7 -1776.6 33.3
5683.0 -1773.3 33.6
5783.6 -1765.5 31.0
5775.7 -1765.0 31.2
5764.5 -1765.6 31.6
5756.5 -1768.9 31.9
5734.0 -1768.9 32.6
5724.9 -1766.4 32.8
5718.3 -1765.8 33.0
5702.6 -1762.9 33.2
5813.2 -1752.8 30.2
5807.3 -1756.5 30.3
5796.1 -1757.4 30.5
5756.7 -1754.0 31.9
5694.6 -1756.7 33.3
5686.7 -1756.4 33.5
5795.3 -1748.0 30.5
5736.4 -1749.0 32.1
5694.3 -1749.0 33.3
5679.0 -1743.3 33.5
5813.9 -1735.3 30.2
5804.3 -1737.8 30.2
5687.0 -1734.8 33.0
5673.5 -1737.4 33.5
5687.1 -1723.7 32.5
5677.2 -1724.0 32.8
5814.9 -1715.5 30.1
5683.2 -1718.6 32.5
5677.1 -1717.8 32.6
5693.7 -1703.3 31.6
5684.3 -1707.6 32.0
5675.8 -1708.8 32.3
5687.2 -1692.8 31.5
5807.4 -1683.7 30.5
5823.8 -1675.0 30.4
5816.8 -1679.0 30.4
5805.6 -1674.7 30.5
5817.4 -1663.5 30.6
5734.8 -1669.0 31.0
5725.4 -1666.8 31.1
5817.7 -1656.5 30.6
5806.6 -1656.1 30.7
5777.6 -1655.0 30.9
5766.8 -1654.5 31.0
5732.8 -1657.8 31.1
5785.4 -1646.3 30.9
5774.2 -1646.0 31.0
5762.4 -1643.5 31.1
5745.2 -1647.6 31.1
5733.8 -1644.5 31.2
5782.6 -1637.5 31.0
5757.3 -1636.4 31.2
5765.1 -1626.5 31.2
5756.3 -1617.1 31.3
5748.1 -1615.4 31.2
5757.4 -1603.7 31.0
5744.2 -1608.2 31.0
5743.7 -1598.8 31.3
5745.4 -1586.2 31.7
-4655.7 -526.9 57.1
-4631.9 -519.8 55.9
-4623.1 -505.1 55.3
-4573.5 -500.7 52.9
-4654.6 -500.5 56.8
-4666.7 -497.3 57.3
-4593.8 -488.3 53.6
-4626.0 -488.3 55.2
-4631.3 -487.6 55.4
-4645.6 -491.5 56.2
-4675.9 -489.9 57.6
-4582.3 -478.2 53.0
-4607.0 -479.3 54.0
-4612.3 -480.1 54.3
-4626.8 -479.1 55.0
-4633.0 -481.4 55.3
-4650.8 -476.8 56.1
-4664.3 -479.7 56.9
-4553.1 -468.9 52.1
-4572.5 -467.8 52.8
-4627.0 -466.3 55.0
-4653.3 -466.2 56.1
-4511.6 -461.2 50.6
-4526.7 -456.9 51.3
-4575.7 -455.4 53.2
-4592.9 -460.8 53.8
-4603.0 -458.6 54.2
-4636.6 -457.9 55.6
-4541.2 -448.7 52.0
-4551.4 -447.7 52.4
-4567.0 -446.2 53.1
-4575.7 -451.0 53.3
-4594.0 -448.6 54.1
-4602.4 -448.8 54.4
-4522.4 -438.8 51.5
-4535.1 -440.2 51.9
-4557.1 -437.3 52.9
-4563.7 -441.4 53.0
-4583.0 -437.5 53.8
-4593.0 -440.9 54.2
-4543.5 -431.1 52.4
-4553.0 -428.4 52.6
-4565.9 -427.6 53.0
-4573.1 -429.8 53.3
-4583.7 -425.4 53.5
-4597.3 -425.6 54.0
-4617.4 -428.8 54.7
-4545.1 -420.9 52.2
-4554.5 -417.8 52.4
-4564.3 -417.9 52.7
-4574.5 -411.0 52.9
-4553.5 -397.3 51.9
-4547.2 -380.4 51.6
-4564.9 -380.3 52.2
-4653.5 -623.7 58.1
-4634.6 -613.2 58.0
-4632.2 -608.7 58.1
-4733.6 -608.4 61.4
-4743.8 -607.5 61.6
-4643.3 -598.5 58.4
-4734.9 -594.1 61.9
-4644.6 -579.4 57.9
-4725.1 -578.1 61.5
-4645.1 -558.6 57.5
-4654.5 -556.1 57.9
-4376.2 225.7 48.5
-4392.5 227.6 48.4
-4398.9 238.0 48.6
-4406.7 237.4 48.5
-4422.1 237.4 48.4
-4428.0 236.1 48.3
-4437.8 239.7 48.4
-4392.1 254.5 48.8
-4428.1 255.9 48.5
-4446.1 260.2 48.4
-4467.0 259.6 48.2
-4482.4 256.7 48.1
-4522.5 259.8 48.0
-4356.4 266.2 49.2
-4391.7 266.8 48.8
-4398.2 266.8 48.8
-4420.4 267.4 48.7
-4460.7 266.8 48.3
-4479.6 263.8 48.2
-4506.4 265.0 48.0
-4348.6 276.1 49.3
-4401.5 274.0 48.8
-4416.4 278.6 48.8
-4439.0 275.4 48.6
-4471.1 278.0 48.3
-4491.8 274.8 48.1
-4498.0 276.4 48.1
-4509.3 279.4 48.0
-4519.2 276.8 48.0
-4379.2 287.2 49.0
-4409.2 285.3 48.8
-4420.9 289.4 48.8
-4430.5 284.3 48.9
-4469.1 290.0 48.5
-4478.8 288.9 48.4
-4487.1 285.3 48.3
-4502.4 287.5 48.1
-4338.1 296.8 49.5
-4346.0 299.3 49.5
-4361.4 295.3 49.3
-4377.0 296.6 49.1
-4390.6 296.5 48.9
-4398.9 296.7 48.9
-4418.2 298.7 48.7
-4449.4 293.7 48.8
-4456.8 294.2 48.7
-4466.1 293.9 48.6
-4476.2 294.0 48.5
-4501.1 298.6 48.2
-4509.0 293.8 48.1
-4522.4 297.0 48.2
-4350.2 309.0 49.5
-4368.0 304.4 49.2
-4398.6 307.9 48.9
-4421.5 303.9 48.7
-4425.9 309.3 48.7
-4466.9 309.1 48.8
-4480.3 305.1 48.6
-4499.3 307.2 48.4
-4328.1 318.2 49.8
-4451.2 318.7 48.8
-4456.7 317.6 48.8
-4479.8 320.0 48.8
-4490.4 316.1 48.6
-4499.1 319.6 48.6
-4506.9 315.8 48.4
-4340.0 328.8 49.7
-4371.5 328.3 49.3
-4421.5 324.1 48.7
-4477.9 325.3 48.9
-4500.4 323.7 48.6
-4329.7 333.8 49.8
-4336.3 339.9 49.8
-4431.3 337.3 48.7
-4449.0 340.2 48.7
-4476.7 339.8 48.8
-4496.1 337.0 48.9
-4328.3 348.4 49.9
-4342.2 347.1 49.8
-4356.3 345.0 49.6
-4451.7 346.3 48.7
-4461.7 345.6 48.7
-4469.8 343.8 48.8
-4486.8 346.9 48.9
-4499.3 349.5 48.9
-4509.9 348.1 48.9
-4318.2 356.4 50.1
-4336.6 358.3 49.9
-4360.5 358.0 49.6
-4446.0 360.2 48.7
-4470.0 354.0 48.7
-4480.1 359.0 48.8
-4487.4 354.7 48.8
-4498.0 357.4 48.9
-4507.4 357.2 48.9
-4317.9 368.9 50.2
-4482.0 367.1 48.7
-4502.0 367.9 48.8
-4316.3 379.5 50.2
-4340.6 375.7 49.9
-4359.5 376.3 49.7
-4440.8 374.7 48.8
-4459.8 377.0 48.6
-4501.0 375.0 48.8
-4299.6 389.2 50.5
-4307.3 388.4 50.4
-4336.0 384.8 50.0
-4347.2 384.5 49.9
-4452.1 385.3 48.7
-4470.5 384.2 48.6
-4299.7 397.5 50.5
-4310.2 398.3 50.4
-4318.0 396.6 50.3
-4351.3 396.8 49.9
-4357.9 395.6 49.8
-4440.8 394.4 48.9
-4471.0 397.8 48.6
-4487.6 397.0 48.6
-4291.0 405.0 50.6
-4299.7 407.6 50.6
-4310.7 403.6 50.4
-4356.1 406.9 49.9
-4436.9 409.4 49.0
-4457.4 410.0 48.8
-4468.8 404.1 48.6
-4287.4 416.4 50.8
-4310.3 417.8 50.5
-4347.8 415.0 50.1
-4359.7 418.9 50.0
-4439.1 418.5 49.1
-4456.5 419.5 48.9
-4466.2 414.0 48.7
-4477.9 415.8 48.6
-4361.4 425.1 50.0
-4431.8 424.3 49.2
-4450.8 426.4 49.0
-4458.7 424.8 48.9
-4471.6 427.6 48.7
-4486.8 425.6 48.6
-4289.9 434.2 50.8
-4300.8 440.2 50.7
-4349.6 439.5 50.2
-4401.5 435.3 49.6
-4411.8 436.3 49.5
-4458.9 438.6 48.9
-4471.1 436.7 48.8
-4279.8 448.0 51.0
-4299.0 444.8 50.8
-4310.4 450.2 50.7
-4329.0 444.3 50.4
-4350.0 450.1 50.2
-4361.8 444.6 50.1
-4368.7 445.8 50.0
-4389.9 449.5 49.8
-4421.5 449.2 49.3
-4480.9 445.4 48.5
-4276.5 455.8 51.1
-4289.4 453.9 50.9
-4299.7 459.8 50.8
-4351.1 454.9 50.2
-4358.5 459.4 50.1
-4366.1 458.3 50.0
-4380.3 460.2 49.7
-4390.7 454.1 49.7
-4418.8 454.1 49.3
-4461.5 460.0 48.5
-4472.2 454.7 48.5
-4296.5 468.4 50.8
-4310.0 469.3 50.6
-4317.0 470.0 50.5
-4330.0 463.8 50.4
-4359.4 467.1 49.9
-4366.6 466.4 49.8
-4376.8 465.3 49.7
-4392.5 466.7 49.4
-4419.7 469.5 49.0
-4427.5 467.7 48.9
-4440.1 465.4 48.7
-4460.1 464.6 48.5
-4480.9 463.9 48.2
-4299.4 474.5 50.6
-4327.3 475.7 50.2
-4337.7 478.8 50.0
-4377.7 479.5 49.4
-4416.8 474.3 48.9
-4427.6 474.8 48.7
-4437.2 475.8 48.6
-4461.0 475.8 48.2
-4328.6 484.8 50.0
-4340.6 487.4 49.8
-4349.8 488.9 49.6
-4368.8 487.3 49.4
-4389.0 484.5 49.1
-4428.1 486.6 48.5
-4436.0 484.1 48.4
-4447.8 489.4 48.2
-4469.9 490.0 47.8
-4347.8 496.7 49.5
-4366.0 494.9 49.3
-4378.4 499.7 49.0
-4422.5 496.0 48.4
-4437.0 495.5 48.2
-4332.4 504.6 49.6
-4391.1 506.4 48.7
-4408.9 504.1 48.5
-4417.9 508.8 48.2
-4429.7 505.2 48.1
-4442.5 507.4 47.9
-4450.5 504.4 47.8
-4461.5 510.0 47.6
-4336.2 517.0 49.3
-4362.4 519.1 48.9
-4379.3 520.2 48.6
-4409.1 520.2 48.2
-4420.9 519.7 48.0
-4436.4 513.8 47.9
-4450.0 516.5 47.6
-4467.7 515.7 47.4
-4316.8 528.9 49.3
-4327.1 527.6 49.2
-4342.2 529.4 49.0
-4350.2 525.1 48.9
-4381.9 530.0 48.4
-4399.8 526.5 48.2
-4410.5 527.9 48.0
-4418.4 526.9 47.9
-4426.4 525.0 47.8
-4448.8 529.3 47.4
-4322.4 539.4 49.1
-4327.0 538.7 49.0
-4346.8 538.5 48.7
-4451.7 538.2 47.2
-4302.0 548.8 49.2
-4322.1 548.4 48.9
-4326.6 547.2 48.8
-4339.1 547.3 48.7
-4369.3 545.7 48.2
-4402.2 545.4 47.8
-4407.9 544.8 47.7
-4421.0 549.4 47.4
-4302.6 555.4 49.0
-4369.4 555.9 48.0
-4377.9 558.0 47.9
-4420.0 556.6 47.3
-4278.1 567.1 49.2
-4291.5 569.8 48.9
-4301.9 569.4 48.8
-4309.6 565.7 48.7
-4316.9 567.7 48.6
-4330.3 569.6 48.3
-4340.1 564.1 48.3
-4356.3 568.1 48.0
-4369.2 570.2 47.8
-4378.3 565.0 47.7
-4388.6 564.6 47.6
-4407.9 568.9 47.2
-4429.5 565.7 46.9
-4311.7 577.7 48.5
-4320.9 579.4 48.3
-4332.5 573.8 48.2
-4357.1 579.2 47.8
-4431.6 578.4 46.7
-4439.5 576.0 46.6
-4281.9 585.7 48.6
-4297.1 586.0 48.4
-4310.3 586.8 48.2
-4319.5 588.8 48.0
-4358.3 584.8 47.6
-4368.3 584.2 47.5
-4382.5 585.6 47.2
-4389.0 585.8 47.1
-4421.0 584.0 46.7
-4441.7 587.2 46.3
-4280.6 599.9 48.2
-4298.8 597.9 48.0
-4311.3 596.0 47.9
-4318.5 595.6 47.8
-4350.4 594.0 47.4
-4389.3 597.6 46.8
-4409.5 596.2 46.6
-4436.5 593.6 46.3
-4290.1 608.7 47.8
-4296.8 605.7 47.8
-4317.6 607.1 47.5
-4326.0 609.8 47.3
-4352.4 609.3 46.9
-4390.8 605.8 46.5
-4420.2 607.4 46.2
-4438.4 607.7 46.1
-4301.5 615.4 47.4
-4308.7 617.2 47.2
-4340.5 619.3 46.7
-4350.4 618.9 46.6
-4358.7 617.1 46.6
-4379.4 619.9 46.5
-4391.8 615.7 46.4
-4408.2 618.8 46.3
-4429.4 613.6 46.2
-4440.1 619.3 46.1
-4271.6 627.7 47.4
-4279.4 627.4 47.3
-4288.3 626.6 47.2
-4309.9 626.8 46.9
-4336.7 628.3 46.8
-4346.7 629.1 46.7
-4270.5 636.4 47.2
-4277.2 634.1 47.1
-4292.2 640.3 47.1
-4308.1 640.1 47.0
-4318.3 636.1 46.9
-4326.6 636.4 46.9
-4347.4 638.1 46.8
-4361.6 637.1 46.7
-4267.5 645.0 47.2
-4282.5 648.9 47.2
-4290.8 647.7 47.1
-4299.3 650.1 47.1
-4327.5 643.7 46.9
-4432.1 648.4 46.3
-4259.5 656.2 47.3
-4272.2 657.6 47.3
-4282.6 657.7 47.2
-4291.0 655.0 47.2
-4307.3 658.2 47.1
-4317.8 657.8 47.0
-4329.6 658.8 47.0
-4342.5 655.8 46.9
-4349.7 658.7 46.9
-4356.6 658.1 46.8
-4427.7 659.1 46.4
-4276.4 669.8 47.1
-4290.8 669.8 47.1
-4300.2 666.7 47.1
-4341.8 667.5 46.9
-4346.1 666.4 46.9
-4307.9 678.8 46.8
-4322.3 676.8 46.8
-4329.8 674.2 46.9
-4336.3 675.5 46.8
-4428.2 676.5 46.5
-4256.3 684.6 46.7
-4317.0 685.8 46.5
-4336.7 689.4 46.4
-4346.4 684.8 46.5
-4426.8 689.2 46.4
-4269.0 693.6 46.4
-4300.8 696.7 46.2
-4338.1 695.3 46.3
-4347.3 696.4 46.3
-4357.3 700.2 46.2
-4289.6 707.2 46.1
-4326.3 706.3 46.1
-4357.2 706.7 46.1
-4407.1 703.8 46.2
-4420.4 705.2 46.2
-4326.0 719.9 46.0
-4358.6 714.3 46.1
-4341.2 749.0 46.3
-4346.3 747.3 46.2
-4346.1 754.1 46.4
-4366.1 758.7 46.4
-4389.3 757.6 46.1
-4399.8 758.3 45.9
-4359.5 770.2 46.4
-4371.2 767.2 46.3
-4379.5 765.7 46.2
-4337.3 778.7 46.7
-4350.2 776.9 46.5
-4380.4 777.0 46.1
-4397.6 775.6 45.8
-4408.3 778.2 45.6
-4346.9 786.4 46.5
-4358.6 784.0 46.4
-4397.1 784.5 45.8
-4406.5 793.9 45.5
-4350.5 813.6 46.3
-4347.3 825.2 46.4
-4400.6 828.4 45.4
-4397.1 859.9 45.3
-4340.5 863.7 46.4
-4357.1 868.5 46.0
-4380.4 883.8 45.6
-4389.7 885.7 45.5
-4321.0 900.0 47.1
-4378.3 898.7 45.9
-4386.0 898.3 45.6
-4319.7 905.7 47.3
-4370.6 935.3 46.0
-4235.8 -566.5 43.2
-4238.1 -560.6 43.3
5143.6 -2930.6 33.2
5122.7 -2931.7 33.3
5113.6 -2930.3 33.3
5155.4 -2918.5 33.1
5140.8 -2917.7 33.2
5132.7 -2916.4 33.3
5112.7 -2921.5 33.3
5151.9 -2909.4 33.2
5135.6 -2906.3 33.2
5124.7 -2911.8 33.3
5105.1 -2907.3 33.4
5060.5 -2910.7 33.6
5196.1 -2896.5 33.0
5172.4 -2898.1 33.1
5164.7 -2897.3 33.1
5135.0 -2901.3 33.3
5124.6 -2900.6 33.3
5114.7 -2900.4 33.3
5090.0 -2898.0 33.5
5081.7 -2898.0 33.5
5075.1 -2899.6 33.5
5060.4 -2900.4 33.6
5201.3 -2888.4 33.0
5170.1 -2889.7 33.1
5164.6 -2890.1 33.1
5140.2 -2891.7 33.2
5133.3 -2887.3 33.3
5110.7 -2891.0 33.4
5091.5 -2890.7 33.5
5080.3 -2888.5 33.5
5051.0 -2887.6 33.7
5039.8 -2892.5 33.7
5215.8 -2882.6 32.9
5139.9 -2876.9 33.2
5122.7 -2876.4 33.3
5095.3 -2881.2 33.5
5062.0 -2880.3 33.6
5052.7 -2878.4 33.7
5240.6 -2869.3 32.8
5224.5 -2871.4 32.9
5212.1 -2866.2 32.9
5169.9 -2866.4 33.1
5165.9 -2871.5 33.1
5150.6 -2867.6 33.2
5123.9 -2872.5 33.3
5091.4 -2866.8 33.5
5071.1 -2871.2 33.6
5060.2 -2866.4 33.6
5030.3 -2870.1 33.8
5253.1 -2857.2 32.7
5242.7 -2857.3 32.8
5232.4 -2860.7 32.8
5225.1 -2859.2 32.9
5212.9 -2861.6 32.9
5200.4 -2859.7 33.0
5153.8 -2862.3 33.2
5111.5 -2861.2 33.4
5105.8 -2860.6 33.4
5060.2 -2858.8 33.6
5055.8 -2861.0 33.7
5040.3 -2856.6 33.7
5030.8 -2858.4 33.8
5251.4 -2851.5 32.7
5245.5 -2847.8 32.8
5235.1 -2849.5 32.8
5211.2 -2848.1 32.9
5182.5 -2851.5 33.1
5163.5 -2846.1 33.2
5152.6 -2850.5 33.2
5141.6 -2852.4 33.3
5101.5 -2851.5 33.4
5079.8 -2849.1 33.5
5072.8 -2849.8 33.6
5052.8 -2850.4 33.7
5045.6 -2852.4 33.7
5024.8 -2849.7 33.8
5294.9 -2836.5 32.6
5283.5 -2839.2 32.6
5272.6 -2839.8 32.7
5260.8 -2839.0 32.7
5244.9 -2838.6 32.8
5224.1 -2840.1 32.9
5200.9 -2836.2 33.0
5194.0 -2839.1 33.0
5184.1 -2842.6 33.1
5173.0 -2842.4 33.1
5161.4 -2836.1 33.2
5120.7 -2839.4 33.4
5092.6 -2836.1 33.5
5084.6 -2841.5 33.5
5071.2 -2841.9 33.6
5055.6 -2841.4 33.7
5311.3 -2826.6 32.5
5289.6 -2827.7 32.6
5273.2 -2830.5 32.7
5252.6 -2827.5 32.8
5243.6 -2829.8 32.8
5204.9 -2826.5 33.0
5193.8 -2829.9 33.0
5176.1 -2828.5 33.1
5160.3 -2828.4 33.2
5155.1 -2830.7 33.2
5139.8 -2828.1 33.3
5125.8 -2830.4 33.3
5100.0 -2830.1 33.5
5035.1 -2831.6 33.8
5020.3 -2826.0 33.8
5319.9 -2819.5 32.5
5284.1 -2818.7 32.6
5262.8 -2819.2 32.7
5253.3 -2817.1 32.8
5241.7 -2822.5 32.8
5234.1 -2816.4 32.9
5219.8 -2821.8 32.9
5210.9 -2819.0 33.0
5205.6 -2816.0 33.0
5191.4 -2819.7 33.0
5182.5 -2818.7 33.1
5173.4 -2817.0 33.1
5135.2 -2822.3 33.3
5120.0 -2821.4 33.4
5115.5 -2816.3 33.4
5076.0 -2817.5 33.6
5050.7 -2817.1 33.7
5323.6 -2806.2 32.4
5301.9 -2807.9 32.6
5295.2 -2806.7 32.6
5282.4 -2807.7 32.7
5271.5 -2809.3 32.7
5253.8 -2807.5 32.8
5236.1 -2810.3 32.9
5225.8 -2812.0 32.9
5215.4 -2806.9 33.0
5190.0 -2812.4 33.1
5163.3 -2808.3 33.2
5154.5 -2807.8 33.2
5141.8 -2810.9 33.3
5130.2 -2809.8 33.3
5085.3 -2808.1 33.6
5055.0 -2810.5 33.7
5030.3 -2812.0 33.8
5024.8 -2808.9 33.8
5351.3 -2797.5 32.0
5340.6 -2802.6 32.2
5315.4 -2798.9 32.3
5295.4 -2800.2 32.5
5281.1 -2799.6 32.6
5261.0 -2799.2 32.7
5240.9 -2801.6 32.9
5210.9 -2799.6 33.0
5200.4 -2799.1 33.0
5193.3 -2802.5 33.1
5150.2 -2798.5 33.3
5142.0 -2801.9 33.3
5103.3 -2798.2 33.5
5093.9 -2797.5 33.5
5080.2 -2796.4 33.6
5069.8 -2797.7 33.6
5372.1 -2788.7 31.5
5353.0 -2790.3 31.8
5344.1 -2789.2 31.8
5323.7 -2789.7 32.1
5311.4 -2789.9 32.2
5299.7 -2789.7 32.2
5281.5 -2788.2 32.4
5274.8 -2792.5 32.5
5205.0 -2787.1 32.9
5192.5 -2791.6 33.1
5182.4 -2788.9 33.1
5174.7 -2791.8 33.2
5165.3 -2786.0 33.2
5140.9 -2789.6 33.3
5133.1 -2787.9 33.3
5092.2 -2789.6 33.5
5379.6 -2776.9 31.0
5301.9 -2778.2 31.9
5275.1 -2780.0 32.2
5263.7 -2779.5 32.3
5240.6 -2779.4 32.5
5231.2 -2779.8 32.6
5220.5 -2779.7 32.7
5210.3 -2778.3 32.8
5203.5 -2777.0 32.8
5191.6 -2777.9 32.9
5182.4 -2779.5 33.0
5165.1 -2779.3 33.1
5145.0 -2776.0 33.2
5131.2 -2777.8 33.4
5123.5 -2781.3 33.4
5110.1 -2777.9 33.5
5102.0 -2776.3 33.5
5093.1 -2779.1 33.5
5400.0 -2770.0 30.7
5364.2 -2769.0 30.9
5350.6 -2772.3 31.2
5331.6 -2770.8 31.3
5285.8 -2770.3 31.8
5271.8 -2771.4 31.9
5265.6 -2772.4 32.0
5249.8 -2770.9 32.2
5200.7 -2772.1 32.7
5192.4 -2772.2 32.8
5184.1 -2769.0 32.8
5170.5 -2767.2 32.8
5161.8 -2770.1 33.0
5155.0 -2766.8 33.0
5120.0 -2767.8 33.2
5115.6 -2769.5 33.3
5092.7 -2769.0 33.5
5414.5 -2758.7 30.5
5390.5 -2762.4 30.7
5383.1 -2756.3 30.7
5371.5 -2756.4 30.8
5334.2 -2760.2 31.1
5312.2 -2758.8 31.2
5305.8 -2761.3 31.3
5280.2 -2759.4 31.5
5232.0 -2762.2 32.0
5210.1 -2757.1 32.1
5189.7 -2762.0 32.4
5180.8 -2760.2 32.5
5166.0 -2758.5 32.6
5154.5 -2762.1 32.8
5143.8 -2758.1 32.8
5132.8 -2762.5 33.1
5109.7 -2760.9 33.2
5102.2 -2758.4 33.2
5409.9 -2752.5 30.4
5383.4 -2749.1 30.6
5362.4 -2749.1 30.8
5352.2 -2751.8 30.9
5340.6 -2750.6 30.9
5331.0 -2750.8 31.0
5323.0 -2751.6 31.1
5311.2 -2752.1 31.2
5303.8 -2749.1 31.2
5292.9 -2752.6 31.3
5243.7 -2746.3 31.6
5232.8 -2747.4 31.7
5202.3 -2751.6 32.0
5192.8 -2748.4 32.0
5183.1 -2748.8 32.1
5171.3 -2746.2 32.1
5164.6 -2748.0 32.2
5153.9 -2750.4 32.4
5144.5 -2750.1 32.5
5133.6 -2747.2 32.5
5396.1 -2736.6 30.4
5380.9 -2738.0 30.5
5359.8 -2736.5 30.6
5345.5 -2737.2 30.8
5309.9 -2738.7 31.0
5294.2 -2740.1 31.2
5274.1 -2742.6 31.3
5251.1 -2739.3 31.5
5243.6 -2741.3 31.6
5201.1 -2737.6 31.8
5173.7 -2742.2 32.1
5163.6 -2736.9 32.1
5144.4 -2741.3 32.3
5412.0 -2727.0 30.2
5379.7 -2729.3 30.4
5375.8 -2730.1 30.5
5350.8 -2727.0 30.6
5341.3 -2731.9 30.7
5315.9 -2730.8 30.9
5301.6 -2727.6 31.0
5290.5 -2727.8 31.1
5264.4 -2726.7 31.3
5246.2 -2729.2 31.4
5212.5 -2729.6 31.7
5201.5 -2732.2 31.8
5189.9 -2731.3 31.9
5180.1 -2727.8 31.9
5162.1 -2727.9 32.0
5141.4 -2726.2 32.2
5135.6 -2727.1 32.2
5121.6 -2729.1 32.3
5115.1 -2730.2 32.4
5411.3 -2718.5 30.0
5391.3 -2720.9 30.2
5359.8 -2721.3 30.5
5353.0 -2720.8 30.6
5329.6 -2719.4 30.7
5299.8 -2719.4 30.9
5292.0 -2722.5 31.0
5270.1 -2716.8 31.1
5256.2 -2720.3 31.3
5160.0 -2722.1 32.0
5129.8 -2716.8 32.2
5124.6 -2718.5 32.2
5416.0 -2711.8 29.9
5391.4 -2710.7 30.1
5332.0 -2707.7 30.6
5320.7 -2710.0 30.7
5311.1 -2707.4 30.8
5285.3 -2708.6 31.0
5270.5 -2707.5 31.1
5262.1 -2709.0 31.1
5253.9 -2712.0 31.2
5233.6 -2708.9 31.3
5220.8 -2707.0 31.4
5214.0 -2708.6 31.5
5204.8 -2706.2 31.5
5195.2 -2710.9 31.6
5162.6 -2709.8 31.9
5153.9 -2711.9 31.9
5130.5 -2710.8 32.1
5121.0 -2711.7 32.2
5410.5 -2697.3 29.8
5380.0 -2698.6 30.0
5373.4 -2700.2 30.1
5360.7 -2701.0 30.2
5356.0 -2698.2 30.2
5339.7 -2697.2 30.4
5333.7 -2699.8 30.4
5303.3 -2700.9 30.7
5273.9 -2699.3 31.0
5249.7 -2697.5 31.1
5232.2 -2697.1 31.2
5180.5 -2698.1 31.6
5160.7 -2698.4 31.8
5136.1 -2696.2 31.9
5416.2 -2691.9 29.8
5400.4 -2689.4 29.9
5369.9 -2687.0 30.1
5352.7 -2687.9 30.2
5303.3 -2689.2 30.6
5290.9 -2690.8 30.7
5253.9 -2686.1 31.0
5230.2 -2689.3 31.2
5214.6 -2691.2 31.3
5193.3 -2687.8 31.4
5164.1 -2692.5 31.7
5410.5 -2680.4 29.9
5405.4 -2676.1 30.0
5392.2 -2681.7 30.0
5372.5 -2680.9 30.1
5362.0 -2679.6 30.2
5342.6 -2682.3 30.3
5320.2 -2677.3 30.4
5291.0 -2680.5 30.5
5286.1 -2676.2 30.6
5269.8 -2676.8 30.7
5261.2 -2677.1 30.8
5245.9 -2681.8 31.0
5225.3 -2682.4 31.1
5193.0 -2682.2 31.4
5175.4 -2681.6 31.5
5149.6 -2680.6 31.7
5146.1 -2681.8 31.7
5133.8 -2681.5 31.8
5412.3 -2667.8 30.0
5390.5 -2669.6 30.1
5384.9 -2666.3 30.1
5333.2 -2671.6 30.4
5320.8 -2668.4 30.4
5313.8 -2667.4 30.5
5300.0 -2671.5 30.5
5281.8 -2669.3 30.6
5252.9 -2666.3 30.8
5243.2 -2667.6 30.8
5221.1 -2666.1 31.0
5201.5 -2670.8 31.2
5191.5 -2668.8 31.2
5181.1 -2670.6 31.4
5172.5 -2666.7 31.4
5162.6 -2668.8 31.5
5151.2 -2667.1 31.6
5409.6 -2661.8 30.1
5389.9 -2661.8 30.1
5371.3 -2657.1 30.3
5362.0 -2662.2 30.3
5350.9 -2659.0 30.3
5345.0 -2662.0 30.3
5321.0 -2658.0 30.5
5312.5 -2657.0 30.5
5281.9 -2661.0 30.7
5241.7 -2656.0 30.9
5231.0 -2661.8 30.9
5220.8 -2657.9 31.0
5215.3 -2658.7 31.0
5195.8 -2661.5 31.1
5170.7 -2657.5 31.3
5155.9 -2656.2 31.4
5339.6 -2648.8 30.5
5304.3 -2647.4 30.6
5294.2 -2648.3 30.7
5282.3 -2652.5 30.7
5274.8 -2650.3 30.7
5252.4 -2649.4 30.9
5219.8 -2646.2 31.0
5180.1 -2648.2 31.2
5171.9 -2651.0 31.2
5391.6 -2639.3 30.3
5360.1 -2637.3 30.5
5353.9 -2638.6 30.5
5315.5 -2638.9 30.6
5290.5 -2639.8 30.8
5281.7 -2639.7 30.8
5262.7 -2638.1 30.9
5221.6 -2641.9 31.0
5216.0 -2640.3 31.1
5183.3 -2642.5 31.2
5175.6 -2639.6 31.3
5414.9 -2631.8 30.3
5395.8 -2629.6 30.4
5381.9 -2630.4 30.4
5365.3 -2628.0 30.5
5353.4 -2632.2 30.5
5336.2 -2630.1 30.6
5280.2 -2631.8 30.9
5235.0 -2628.5 31.1
5200.5 -2631.1 31.2
5384.3 -2618.8 30.5
5373.2 -2617.9 30.6
5363.5 -2618.0 30.6
5352.4 -2620.7 30.6
5332.7 -2622.3 30.7
5325.4 -2618.5 30.8
5315.6 -2618.0 30.8
5290.7 -2616.5 30.9
5282.9 -2619.5 30.9
5251.0 -2619.4 31.1
5223.3 -2619.8 31.2
5212.8 -2618.0 31.3
5204.8 -2622.2 31.3
5369.8 -2607.6 30.6
5352.1 -2611.2 30.7
5342.1 -2612.4 30.7
5300.5 -2607.3 30.9
5225.7 -2608.8 31.3
5359.9 -2598.5 30.8
5330.2 -2600.9 30.9
5302.1 -2597.8 31.0
5292.7 -2599.1 31.0
5260.1 -2599.5 31.2
5232.1 -2601.9 31.3
5215.9 -2600.7 31.4
5340.3 -2591.8 30.9
5332.2 -2592.4 30.9
5292.1 -2589.5 31.1
5285.5 -2589.5 31.1
5272.1 -2588.7 31.2
5260.8 -2587.3 31.3
5252.2 -2591.7 31.3
5335.9 -2578.8 31.0
5312.4 -2578.0 31.1
5294.6 -2579.9 31.2
5274.3 -2581.4 31.3
-3761.0 -116.1 47.7
-3762.7 -111.2 47.6
-3770.8 -111.4 47.6
-3753.8 -99.8 47.4
-3760.1 -97.4 47.3
-3753.0 -89.3 47.2
-3780.4 -504.3 50.8
-3777.9 -494.3 50.9
-3787.8 -496.6 50.7
-3824.7 -498.9 50.1
-3769.2 -483.5 51.2
-3777.7 -487.1 51.0
-3786.6 -483.0 50.9
-3768.2 -474.3 51.4
-3789.0 -475.3 51.1
-3825.1 -476.1 50.6
-3769.4 -465.0 51.5
-3729.2 -453.0 52.2
-3789.0 -456.2 51.3
-3806.3 -455.9 51.1
-3689.8 -446.5 52.6
-3718.8 -448.9 52.3
-3726.1 -446.6 52.2
-3748.7 -445.1 51.9
-3759.9 -448.7 51.8
-3780.2 -443.3 51.5
-3817.6 -444.4 51.0
-3827.3 -447.3 50.9
-3685.6 -439.0 52.5
-3738.2 -434.0 51.8
-3750.3 -436.6 51.7
-3757.0 -437.5 51.7
-3765.3 -435.4 51.5
-3798.9 -437.3 51.2
-3808.5 -435.4 51.0
-3825.6 -439.5 50.9
-3685.0 -428.7 52.3
-3699.8 -424.1 52.1
-3705.8 -423.4 52.0
-3767.8 -426.3 51.3
-3685.9 -415.1 52.1
-3704.1 -415.6 51.9
-3768.3 -419.5 51.2
-3784.2 -414.8 50.9
-3758.2 -406.8 51.1
-3778.8 -407.1 50.9
-3758.6 -395.7 50.9
-3766.9 -393.6 50.8
-3778.0 -398.7 50.7
-3679.4 -389.4 51.7
-3697.5 -386.3 51.4
-3704.1 -383.2 51.3
-3724.5 -383.2 51.1
-3744.6 -383.3 50.8
-3754.6 -384.3 50.7
-3767.1 -388.5 50.7
-3777.1 -384.5 50.5
-3686.5 -375.0 51.4
-3709.2 -376.3 51.1
-3727.5 -376.1 50.9
-3738.5 -378.5 50.8
-3750.3 -376.5 50.6
-3774.3 -378.5 50.4
-3714.2 -369.4 50.9
-3760.4 -367.4 50.4
-3768.3 -365.7 50.2
-4014.9 -824.8 45.5
-3968.7 -818.8 46.4
-3994.3 -814.8 45.9
-4006.9 -819.1 45.7
-3956.5 -806.7 46.7
-3964.3 -808.5 46.5
-3972.9 -805.3 46.4
-3986.4 -808.9 46.1
-4004.5 -800.9 45.8
-4026.5 -796.8 45.4
-4025.3 -777.3 45.5
