5643.5 2448.3 40.3
-5770.1 -5965.9 37.7
-5750.2 -6147.8 34.2
-5798.9 -6283.4 31.7
-5320.7 -7499.2 20.7
-5328.7 -7503.2 20.7
-5339.7 -7476.8 21.1
-5372.9 -7377.8 22.7
-5439.0 -7354.4 23.2
-5456.2 -7353.7 23.4
-5467.2 -7358.8 23.5
-5531.1 -7363.2 24.3
-5599.9 -7357.7 25.1
-4821.0 -6133.6 57.8
-5407.0 -7722.9 24.6
-5340.1 -7763.1 25.7
-5377.3 -7728.2 25.3
4043.2 746.5 42.9
3954.3 865.4 51.3
3956.2 809.0 46.4
-5516.1 -72.8 64.7
-3879.5 -893.9 78.0
-4461.1 -85.1 78.0
5336.7 2340.6 37.0
5433.4 2271.5 38.8
5413.0 2291.3 38.3
5575.1 2338.8 39.9
5668.0 2406.8 40.6
4819.9 2905.3 42.8
5157.7 1973.9 44.7
4884.1 2643.2 46.7
4860.3 2668.2 47.1
5125.5 -535.3 23.9
4571.3 527.2 33.5
4698.5 -103.3 24.4
4766.0 1292.5 71.8
4636.3 1220.0 84.2
4677.0 1167.0 84.8
4767.0 1139.8 81.3
4868.2 1971.0 46.3
4663.2 2183.9 48.4
6108.6 4233.5 50.9
6302.7 4075.0 40.3
4648.0 6302.5 47.0
4631.0 6300.6 47.4
4552.1 6300.6 49.7
4711.4 6396.6 44.6
4738.6 6404.2 44.2
4667.2 6440.1 45.0
4756.6 6764.9 43.2
5292.4 7519.0 32.4
5405.9 7349.2 34.9
5413.1 7381.7 33.8
5420.2 7405.2 33.1
5040.1 7123.7 40.7
3691.5 5547.5 67.4
3713.1 5831.0 76.8
-2764.2 6380.9 33.1
521.8 4226.9 19.7
472.8 4497.9 17.9
463.0 4582.7 16.4
537.2 4885.2 15.3
532.2 4856.9 14.6
-4607.1 -4894.6 71.2
-4623.2 -4912.7 71.4
-4654.9 -4888.4 69.5
-4828.6 -4746.1 63.2
-6045.5 -3593.0 68.3
-6050.2 -3686.8 67.9
-6043.9 -3731.8 68.0
-6042.0 -3769.2 67.9
-6032.8 -3795.8 67.9
-1812.5 6806.3 28.6
-1661.2 6884.0 26.8
-4682.7 6168.2 61.6
-4016.7 6671.4 30.4
-4629.8 6714.2 42.0
-4582.3 6070.8 61.5
-4602.0 6154.1 60.7
-5036.1 -1219.5 67.6
-4943.6 -1061.4 71.2
-4801.8 -523.2 79.0
-4797.2 -569.8 77.6
-4803.7 -583.2 77.2
-3660.9 751.4 54.0
-3962.6 -439.7 79.7
-3878.8 -828.1 79.8
-5889.1 311.9 62.2
-5508.4 -75.3 64.8
-5449.8 -6.7 64.7
-5246.6 -1344.7 59.8
461.8 4530.2 17.1
4697.4 1214.4 81.1
3644.7 5501.2 64.3
4635.9 6301.4 47.3
-4310.3 6540.9 42.4
2633.7 8274.4 55.2
4989.2 7079.8 41.6
4985.4 7077.0 41.6
4969.7 7064.0 41.9
4786.8 6828.0 43.7
4790.6 6834.5 43.7
4507.2 6838.4 44.0
5393.6 2275.3 38.2
5190.1 2390.1 37.1
5185.2 2428.9 37.1
-6752.7 -8146.2 20.2
-6663.2 -5098.7 49.9
-6639.8 -5117.6 50.5
-6578.2 -5096.8 51.1
-6584.8 -5101.0 51.1
-6624.7 -5095.9 50.2
461.8 4547.0 16.6
480.9 4634.8 16.0
3659.0 5478.6 64.7
4286.0 3282.5 43.8
4125.8 3281.9 38.4
2874.7 3569.4 15.0
-3766.0 172.2 77.5
-791.3 -790.3 37.4
-6728.5 5193.9 65.2
-6396.9 5913.9 71.7
-6389.7 5125.6 70.9
-4277.7 6494.0 43.2
-4815.6 6059.1 63.3
-4812.0 6136.6 61.8
-4773.5 6086.5 63.7
-4778.3 6098.2 63.1
-4133.0 5987.3 39.1
-4548.8 6442.4 49.5
-1849.7 6868.3 27.9
-1746.4 6858.3 26.8
-2767.0 6374.5 33.2
-2674.8 6518.3 32.1
5951.0 4042.5 59.2
6066.2 4132.5 53.0
6105.2 4272.8 50.3
6164.9 3926.6 46.3
5292.7 4017.9 70.6
-3845.8 -8081.5 25.3
-4458.9 7007.9 37.3
3443.1 -1473.3 41.2
4094.8 -349.4 27.3
4102.5 -347.3 27.0
4093.4 -329.1 26.2
4084.5 -304.9 25.1
5202.9 7357.7 38.1
5288.5 7438.5 34.6
5288.1 7397.6 36.1
5409.7 7364.4 34.3
5455.7 7337.9 34.5
518.9 3989.0 22.8
519.5 4152.2 19.9
513.5 4212.4 19.6
522.0 4240.3 19.4
511.6 4270.8 18.6
502.6 4329.7 18.4
494.6 4359.9 18.1
502.7 4362.6 18.2
2132.9 -3908.0 33.6
1892.8 -4279.3 31.3
2001.0 -4468.0 31.0
1981.4 -4410.1 30.8
2509.2 -3937.5 44.4
-5675.5 -5866.7 36.7
-5736.7 -5858.9 38.6
-5740.7 -5908.8 37.6
-5696.3 -5943.4 36.4
-5760.2 -6135.1 34.2
-5784.3 -6295.1 31.7
-5274.5 -7509.1 20.5
-5369.1 -7734.0 25.6
-5344.8 -7441.4 21.8
-5514.7 -7357.2 24.1
3690.6 5849.9 75.7
2610.8 -1649.1 37.7
2607.2 -1647.1 37.5
2602.4 -1642.5 37.3
2601.2 -1639.6 37.2
2594.6 -1651.7 36.9
2599.7 -1667.1 36.2
2602.4 -1665.9 36.4
2605.5 -1664.9 36.6
2614.9 -1661.7 37.4
2614.9 -1652.0 37.9
2618.5 -1652.7 38.0
2133.8 1977.0 13.9
-4844.0 -4766.7 62.3
-4848.9 -4772.2 62.0
-6089.5 5786.8 69.7
-6033.4 -3816.5 67.8
-6027.0 -3828.0 67.8
-6030.7 -3832.6 67.7
-6026.6 -3856.0 67.6
-6007.4 -3916.2 67.5
-5992.6 -3983.7 66.8
-5976.5 -4013.2 67.1
-4842.7 -630.5 76.7
-4842.2 -542.6 77.2
-4487.2 1394.3 62.1
-5512.6 483.9 64.2
-4851.7 -634.0 76.4
-6050.2 -3661.6 68.0
-6045.9 -3698.2 68.0
-6044.7 -3723.5 68.0
-6028.2 -3848.2 67.6
-6015.4 -3885.5 67.5
-6018.2 -3890.4 67.4
-6005.5 -3936.9 67.2
-5982.7 -4011.1 67.1
-5224.8 -4570.9 58.6
-5233.8 -4551.8 58.6
2207.4 -3770.9 35.4
2208.4 -3785.2 35.5
2259.9 -3759.5 36.4
2273.9 -3825.5 36.9
2542.0 -3685.3 44.2
-6862.0 4161.0 58.8
-6839.1 4983.3 60.1
-5336.1 -7483.1 21.0
-5347.3 -7463.4 21.4
-5335.1 -7421.5 22.1
-5353.3 -7404.8 22.4
-5355.1 -7403.4 22.4
-5394.7 -7374.6 22.7
-5426.5 -7357.6 23.1
-5475.1 -7360.7 23.6
-5490.9 -7354.2 23.8
-5817.1 -5659.5 48.0
-5801.3 -5941.5 39.2
3104.0 -2172.2 44.6
-5757.5 -6139.3 34.2
-5784.8 -6287.0 31.9
-2505.4 -5614.6 89.7
-2305.4 -6362.4 96.6
-1175.5 -6399.3 62.1
-1170.8 -6410.1 61.6
2866.5 -2537.1 43.5
-6702.7 -8363.3 20.6
-6714.4 -8287.7 18.1
-6736.0 -8169.4 19.8
-6742.4 -8152.7 20.1
-6744.5 -8147.4 20.2
-6756.7 -8136.0 20.4
-6749.2 -8156.1 20.1
-6720.6 -8216.3 19.1
-4694.2 6157.6 62.1
-4022.5 6650.4 30.8
-4554.2 6097.4 60.1
-4714.2 6136.3 63.0
-4999.9 6314.0 55.4
5110.7 -533.1 24.0
-6790.8 -8038.5 21.9
-4839.9 -6171.2 57.9
-6674.8 -8002.3 20.6
-6700.0 -8375.0 21.5
-6716.0 -8277.2 18.2
-6747.0 -8141.3 20.3
-6768.3 -8085.2 21.1
-6760.3 -8126.1 20.5
-3183.8 7923.4 22.4
-3205.3 7772.2 23.9
-3441.4 7917.9 23.3
-4863.9 7412.6 37.7
-4886.9 7469.3 36.8
-4894.0 7504.8 36.2
-4821.0 6955.9 44.0
-4872.3 6899.9 46.0
-4861.6 6857.4 47.0
-4890.2 6936.4 45.3
4594.0 819.0 65.7
4756.0 1293.6 72.1
4783.7 1293.1 71.2
4713.2 1207.8 81.1
4480.8 1313.2 87.5
4524.6 1306.6 85.2
4517.7 1312.1 85.3
4567.0 1282.0 84.2
4661.2 1183.5 85.0
5001.1 1466.0 54.8
4025.8 751.6 42.8
4042.7 752.0 43.4
4102.2 747.9 44.9
-1632.0 7129.2 25.3
-1634.6 7133.0 25.3
-1667.1 7213.1 25.0
-1668.6 7216.7 25.0
-1675.2 7233.6 25.0
-1483.9 7136.0 23.5
-1470.4 7147.0 23.3
-1368.6 7239.2 22.0
-1362.2 7220.3 22.0
-1694.5 6881.4 26.9
-1719.4 6913.1 25.5
-1658.5 6886.9 26.7
-1667.6 6875.7 27.0
-1692.9 6841.9 27.5
-1696.2 6836.0 27.5
-1800.8 6817.1 28.2
-1837.4 6828.1 28.5
3929.8 619.4 29.1
3931.4 634.5 30.0
3936.5 693.9 34.2
4772.0 1307.9 70.4
4729.8 1213.0 80.1
4687.0 1157.0 84.5
5015.1 1491.3 53.8
2820.3 -2495.5 41.9
-3846.3 -8075.5 25.2
-6046.0 -3681.9 68.0
2207.7 -3778.2 35.3
2244.7 -3864.5 37.2
589.7 -1233.6 44.8
2602.9 -1625.6 37.5
522.9 3955.2 23.4
512.0 4156.8 19.8
-4879.1 7447.4 37.1
-4880.7 6454.9 53.1
-4741.1 6138.3 62.6
-4649.7 6050.1 62.8
-4393.3 6586.2 42.6
-4585.7 6049.5 61.5
-4614.8 6018.6 62.4
-4614.5 6031.0 62.3
-4623.5 5960.4 62.2
-4432.3 6569.1 43.9
-4427.8 6561.7 44.1
-4425.5 6992.6 36.8
-4039.7 6622.5 31.5
-4093.0 6628.4 32.8
-4173.6 6483.0 40.1
-4239.8 6416.2 43.7
-4435.0 6335.8 49.7
-4267.1 6554.2 40.7
-2308.4 -6362.6 96.6
-1167.7 -6430.2 60.7
-5663.7 -5931.7 35.7
-5779.0 -5708.6 45.9
-6842.8 5211.3 61.9
-6445.2 5684.9 70.5
-6826.6 4058.5 54.8
-6850.9 4200.3 60.7
-6733.5 4296.2 61.9
-6900.7 4258.0 61.2
-6524.6 5105.2 65.7
-6483.0 5105.0 67.0
-6161.7 5752.5 70.3
-5802.8 5932.4 63.4
-6182.4 6080.2 63.9
-6522.2 5876.7 73.7
-6536.2 5898.3 73.6
-6713.2 5241.4 65.7
-5860.2 -37.7 58.8
-5928.5 -5.7 57.8
-6062.2 92.8 56.2
-5979.4 461.6 61.0
-5808.5 845.0 55.7
-5718.6 996.3 54.6
-1177.7 -6403.7 61.8
-5278.4 -379.3 65.5
-5502.5 -79.1 65.0
-6132.7 1298.4 52.6
-5780.1 818.2 57.3
-5821.0 696.5 59.9
-5883.9 321.0 62.5
-5948.4 262.8 59.5
-5990.8 28.6 56.9
-3766.4 195.2 77.6
-4833.5 -626.0 76.9
-4824.6 -622.9 77.2
5542.3 2124.6 42.4
-5618.5 -5898.4 35.7
513.6 4225.3 19.6
-4406.7 6940.1 36.5
-4413.3 6950.4 36.7
-4422.3 6961.1 36.8
-4457.3 6992.5 37.3
-4465.6 6969.0 37.5
-4466.2 6947.6 37.6
-4795.4 6955.6 43.6
5554.2 7588.9 28.7
5563.3 7588.2 28.8
5599.5 7581.4 28.1
-4807.6 -4741.2 64.3
-4823.6 -4822.4 63.2
-6646.8 -5086.1 49.8
-6606.9 -5083.6 50.0
-5792.4 -5694.8 46.5
-5795.4 -5690.3 46.7
-5829.6 -5961.6 39.4
-5740.8 -6162.0 34.3
-5707.6 -6324.7 31.8
-5740.8 -6314.4 31.6
4118.8 772.3 47.8
4668.3 1154.1 86.6
4613.6 1213.7 86.9
-4662.6 -5045.7 64.7
-6753.3 -8124.7 20.5
-6755.2 -8119.0 20.6
-6784.2 -8057.7 21.6
-6768.6 -8105.7 20.9
1939.0 -4383.1 31.6
1995.8 -4452.1 30.8
-5277.5 -7527.8 20.4
-5348.1 -7756.9 25.6
-5414.5 -7720.0 24.2
-5431.6 -7719.9 23.8
-5327.0 -7506.1 20.7
-5339.1 -7428.3 22.0
-5349.5 -7406.6 22.3
-5359.1 -7399.7 22.4
-5363.9 -7394.3 22.5
-6725.7 -8224.0 19.0
-6713.7 -8241.1 18.7
510.5 4285.2 18.6
532.3 4825.1 14.2
465.6 4486.9 18.2
5682.5 -5794.3 43.2
-6902.0 -7758.9 22.2
-4044.3 6630.9 31.6
2599.0 -1646.8 37.0
2611.1 -1682.2 36.6
601.6 -1197.4 43.3
2208.8 -3791.2 35.6
516.7 4039.5 21.9
512.1 4142.6 20.0
513.1 4256.2 19.0
-6671.9 -4751.6 49.8
5105.7 2411.1 39.8
5129.4 1953.7 45.1
-1704.9 6893.5 26.5
573.3 -1257.0 45.8
4708.2 -62.5 24.9
2818.2 -2507.0 42.3
2596.3 -1638.3 37.0
3044.1 -2207.9 44.1
-5862.8 327.2 62.9
5047.1 7130.7 40.6
5015.2 7102.7 41.2
5329.6 7157.4 38.1
5347.4 7162.5 38.2
5450.8 7316.3 35.1
5452.3 7324.7 34.9
5454.6 7332.2 34.6
5461.0 7362.1 33.7
5467.0 7388.6 32.9
5469.3 7396.1 32.7
5473.1 7416.9 32.1
5474.6 7424.5 31.9
5477.2 7439.6 31.4
5479.1 7447.2 31.2
5480.2 7453.6 31.0
5482.1 7460.8 30.8
5489.3 7494.0 29.8
5491.6 7503.9 29.5
5495.3 7522.4 29.4
5428.5 7447.9 31.9
5427.8 7441.1 32.0
5426.6 7427.9 32.4
5409.7 7358.3 34.5
5400.6 7328.1 35.7
5396.1 7315.6 35.6
5286.6 7381.0 36.8
5287.7 7416.2 35.4
5289.6 7425.2 35.0
5289.6 7463.8 33.6
5290.0 7471.0 33.4
5290.0 7487.2 33.1
5290.4 7499.7 32.9
5291.6 7514.6 32.5
5208.6 7464.4 36.1
5215.7 7380.0 38.2
5219.1 7370.2 38.1
5204.8 7335.8 37.8
5497.2 7530.3 29.3
5501.4 7550.8 29.1
5485.9 7563.2 29.3
5475.0 7564.0 29.4
5528.2 7593.8 28.1
5483.6 7643.4 28.8
5291.6 7533.2 32.0
5291.4 7550.2 31.7
5291.6 7557.0 31.5
5291.8 7565.3 31.5
5293.1 7570.2 31.4
5258.8 7628.6 31.8
5177.2 7633.0 33.0
5162.9 7631.9 33.5
5148.9 7632.6 33.7
-5277.7 -374.4 65.5
-6197.1 -215.5 54.9
5428.3 2263.6 38.8
4946.8 2151.9 42.6
5295.2 2411.3 35.8
2610.3 -1666.4 36.8
2609.5 -1663.5 36.9
2844.3 -2547.7 43.5
5027.3 7112.9 41.0
4505.8 6719.3 45.6
4709.1 6470.4 44.4
-4822.1 6054.2 63.1
-4419.0 6684.4 39.8
-1725.8 6776.5 28.5
-5332.2 -7767.5 26.1
2888.6 -7029.2 61.0
3933.0 649.0 31.1
4859.5 1961.6 46.3
2142.6 1976.1 13.7
-4618.7 6027.4 62.4
-4575.4 6063.9 61.2
-4571.1 6059.1 61.0
-4573.5 6085.4 61.3
-4609.0 6150.2 61.0
-4595.5 6158.3 60.4
-4610.7 6209.2 58.4
-4657.5 6051.7 62.9
-4822.1 6025.4 63.4
-4795.2 6082.6 63.4
-4722.8 6124.7 63.1
-4944.5 6295.7 57.9
-5788.0 5955.1 62.5
-5766.9 5931.4 63.0
-6065.7 5857.7 68.1
-6047.5 5810.3 69.4
-4059.8 6142.9 37.3
3121.8 -2157.1 44.7
3132.1 -2147.8 44.8
3160.1 -2123.1 44.7
2819.2 -2520.3 42.6
2822.2 -2530.3 42.8
2826.3 -2539.7 42.9
-5438.0 -79.1 66.0
-5488.0 -96.5 65.4
-5975.6 277.3 59.1
-5969.9 274.2 59.2
-6029.8 46.0 56.2
-6029.8 38.5 56.2
-6008.1 34.0 56.6
-6004.8 33.0 56.6
-6000.2 31.7 56.7
-5964.3 14.9 57.3
-5946.2 3.2 57.7
-5941.2 0.8 57.7
-5936.7 -1.7 57.8
-5904.9 -14.0 58.2
-5822.5 872.8 54.7
-5812.5 854.9 55.3
-5803.7 835.6 56.1
-5851.2 684.7 59.6
-5970.4 454.3 61.2
-5946.9 488.0 60.6
-5518.8 489.4 64.1
-5510.4 481.2 64.2
2207.4 -3754.0 35.8
2207.3 -3767.6 35.5
2260.8 -3763.9 36.3
2207.5 -3773.3 35.4
2209.9 -3795.8 35.7
2262.9 -3772.1 36.2
2211.1 -3807.6 35.9
2211.3 -3813.1 36.0
2222.7 -3863.9 36.9
2225.8 -3863.2 36.9
2240.9 -3864.8 37.1
2283.4 -3863.9 38.1
2281.3 -3853.7 37.8
2279.9 -3849.7 37.7
2279.1 -3847.2 37.6
2278.7 -3842.7 37.5
2278.9 -3839.7 37.4
2276.1 -3828.6 37.0
2273.1 -3818.0 36.6
2554.4 -3855.1 45.0
2540.9 -3856.6 44.5
2522.0 -3849.8 43.9
2518.6 -3875.1 43.9
2500.9 -3878.5 43.6
2465.0 -3914.8 43.1
2212.7 -3840.9 36.5
2149.8 -3897.2 34.5
2831.1 -2489.4 41.7
2846.7 -2486.2 41.6
2856.5 -2478.7 41.4
2831.6 -2546.2 43.3
5353.6 7164.2 38.3
6214.5 4326.7 42.8
3198.9 -2081.8 43.6
3147.6 -2134.5 44.9
-794.0 -750.8 37.2
-790.9 -800.0 37.5
-5442.2 -144.5 66.8
-5466.1 -36.0 64.9
-5460.2 -29.0 64.9
-5474.5 -111.8 65.9
-6013.0 35.4 56.5
-5980.4 23.4 57.1
-5972.4 18.5 57.2
-5968.8 16.6 57.3
-3681.7 1011.0 55.7
-4040.1 -208.8 78.2
-3672.5 10.4 72.2
-3767.1 211.6 77.2
-5277.3 -7521.7 20.4
-5277.3 -7535.2 20.4
-5277.7 -7567.3 21.1
-5305.9 -7491.9 20.8
-5315.9 -7495.6 20.8
-5023.7 -480.4 75.0
-4982.9 -574.8 73.2
-4806.9 -572.9 77.1
-3765.0 317.4 70.7
-4434.9 533.7 78.7
-3861.4 -892.9 77.1
-4295.7 6516.4 42.8
-4286.4 6499.3 43.2
-4414.1 6469.6 46.8
-4238.6 6781.3 33.8
-4430.8 6663.4 40.8
-4222.1 6404.8 43.0
-4209.3 6493.0 41.4
-4020.3 6676.8 30.5
-4010.1 6652.2 30.4
-4867.5 6863.6 46.9
-4632.1 6723.7 41.6
-4453.2 6535.6 45.4
-4442.7 6606.1 42.9
-4390.1 6605.2 41.9
-4888.9 6460.7 52.3
462.5 4514.8 17.5
472.1 4590.6 16.4
470.9 4630.6 16.1
474.4 4644.4 16.1
478.8 4659.2 16.1
491.1 4671.8 16.0
474.7 4606.3 16.3
512.3 3973.4 23.0
509.8 4074.7 21.2
518.3 4074.1 21.3
509.6 4088.7 20.9
518.0 4101.9 20.8
520.0 4164.2 19.8
520.5 4182.1 19.7
504.8 4316.1 18.4
492.0 4371.7 17.9
486.0 4400.2 17.9
478.4 4431.1 18.1
475.3 4443.4 18.2
479.8 4462.6 18.5
3991.8 2317.4 49.4
3974.7 2753.2 33.6
3976.4 2742.6 33.9
-2738.2 6355.0 33.8
-2711.0 6544.0 30.8
-2718.9 6527.0 31.0
-1830.2 6822.2 28.5
-1826.7 6818.2 28.6
-1810.5 6809.0 28.5
-1783.7 6833.9 27.7
-1686.6 6850.0 27.4
-1683.2 6855.1 27.4
-1655.5 6891.8 26.6
-1681.0 6867.2 27.2
5545.9 7590.5 28.5
5536.5 7592.3 28.3
5507.0 7581.8 28.7
4604.2 6302.1 47.9
4754.1 6371.3 44.6
4634.2 6781.3 42.5
4701.5 6741.8 42.4
4772.8 6800.1 43.9
4743.8 6737.3 42.6
4999.6 7090.0 41.4
3725.5 5836.6 78.0
3730.6 5838.4 78.5
3694.7 5465.0 66.8
-6047.4 -3736.3 67.9
-6037.6 -3792.9 67.8
-6034.9 -3808.3 67.8
-6030.1 -3812.3 67.9
-6032.1 -3824.7 67.7
-6798.9 4234.0 60.3
-6907.2 -7756.3 22.0
-6898.3 -7766.9 22.1
-6896.9 -7774.6 21.8
-6737.3 -7550.0 36.9
5403.2 7335.6 35.5
5464.8 7374.9 33.3
5459.1 7353.8 34.0
-6644.3 -5062.8 49.3
-6622.5 -5127.8 51.3
-6593.7 -5075.1 50.0
-6586.9 -5086.1 50.5
-6586.3 -5094.4 50.8
-6638.1 -5102.7 50.2
-6226.9 -5324.4 57.0
-6894.7 4263.5 61.0
-6893.1 4232.2 61.7
-6376.2 5132.6 71.5
-6549.3 5908.2 73.4
-6445.6 5676.4 70.3
-6724.1 -8204.3 19.3
-6727.7 -8192.3 19.5
-6775.5 -8085.6 21.2
-6774.8 -8064.1 21.5
-6717.5 -8266.1 18.4
-6710.2 -8314.2 19.2
148.9 -2026.5 48.3
-6617.0 -5090.4 50.1
-6596.7 -5109.5 51.2
-6592.9 -5082.7 50.3
-6599.9 -5079.3 50.0
-6646.6 -5090.6 49.9
-6642.1 -5083.2 49.8
-6648.5 -5074.9 49.5
-1236.2 -2209.9 42.4
-1215.1 -2206.2 41.4
5330.1 2348.3 36.9
5369.3 2354.6 37.3
5416.0 2263.0 38.6
5636.6 2203.1 42.4
5628.5 2210.6 42.2
4668.4 2179.3 48.3
4665.6 2193.1 48.3
4659.4 2190.3 48.5
-1169.5 -6395.9 62.4
-5276.7 -7518.1 20.4
-5363.2 -7744.1 25.8
-5395.8 -7715.5 24.4
-5386.6 -7710.0 24.4
-5311.4 -7495.5 20.8
-5331.2 -7495.1 20.8
-5343.3 -7470.1 21.3
-5340.5 -7434.5 21.9
-3849.8 -8037.9 24.8
-3848.1 -8056.1 25.0
-3847.1 -8067.5 25.1
-4689.2 -4696.5 68.8
-4620.1 -4910.5 71.4
-4638.7 -4901.8 70.5
-4850.0 -4779.6 61.9
-4850.7 -4782.7 61.8
-5031.2 -1220.2 67.8
-5021.8 -1224.6 68.3
-5814.6 -5670.4 47.6
-5750.1 -5875.6 39.0
5284.8 4015.2 70.6
5303.7 4021.7 70.6
-3370.0 7909.5 23.0
-3266.0 7839.1 23.0
-3239.6 7815.6 23.5
-3195.2 7760.8 23.9
-3184.6 7766.9 24.0
-3171.4 7774.1 24.1
-3172.9 7907.5 22.6
-3160.1 7941.9 23.3
-3045.2 8061.4 26.3
-3041.8 8055.0 26.5
-3030.9 8035.7 26.1
3682.8 5879.3 75.8
6128.5 3983.0 47.6
6214.9 4333.1 42.7
-6723.1 -8235.0 18.8
-5413.6 -7359.0 22.9
-3084.7 8146.9 23.0
-6863.8 -7833.3 21.2
-6720.8 -8246.0 18.7
-1233.9 -2212.2 42.3
-3849.4 -8041.7 24.8
-6109.4 -3920.0 65.2
-6045.4 -3601.0 68.3
-6038.9 -3764.5 68.0
-6035.5 -3781.0 68.0
-6025.1 -3863.8 67.6
-6013.7 -3893.2 67.5
-5994.6 -3976.1 66.8
-5397.9 -7724.6 24.8
-5356.2 -7751.1 25.7
6107.7 4224.0 51.1
6105.2 4255.6 50.7
6116.0 4283.9 49.4
6124.1 4284.3 48.9
6164.1 4284.1 46.7
6204.3 4287.3 44.3
6211.7 4359.7 42.2
6213.2 4341.6 42.5
6325.7 4086.4 39.3
6294.4 4071.1 40.6
6176.6 3934.0 45.9
6159.2 3927.4 46.5
6153.0 3927.4 46.7
6138.8 3940.6 47.2
6137.5 3946.7 47.2
6049.9 4135.2 53.9
592.1 -1230.4 44.5
-3856.0 -898.1 76.7
4539.7 737.5 51.2
4584.9 554.4 35.7
4596.7 6301.0 48.1
4591.8 6301.7 48.1
4588.0 6377.4 46.9
4711.8 6386.4 44.8
4742.0 6397.8 44.2
4578.9 6809.9 43.0
4689.4 6762.3 42.1
5021.3 7110.1 41.0
5354.0 2301.8 37.5
5380.3 2334.0 37.6
5374.3 2349.3 37.4
5396.9 2247.1 38.5
5623.9 2380.7 40.1
5680.0 2416.7 40.7
5560.7 2133.4 42.3
5192.8 1832.5 47.8
5134.3 1946.2 45.2
4877.9 1904.3 46.9
4678.6 2169.3 48.3
4675.8 2172.9 48.3
5038.4 2707.5 41.2
5053.5 2704.5 40.9
5142.9 7634.9 33.8
5155.4 7633.7 33.7
5053.3 7135.4 40.5
-5747.4 -6151.2 34.2
-5744.0 -6160.3 34.3
-5270.9 -7504.2 20.5
-5277.7 -7524.8 20.4
-5266.7 -7568.6 21.3
-5380.9 -7373.3 22.8
-5405.2 -7361.5 22.9
4985.0 2789.6 41.2
4966.4 2820.1 41.2
4751.5 2935.5 43.1
4272.3 3051.3 27.4
4367.7 3046.9 33.1
4228.1 2826.4 30.9
4869.7 2659.2 46.9
4595.8 574.1 37.3
4625.6 1220.5 85.1
4773.9 1104.8 82.6
4780.9 1287.7 71.7
2100.9 1508.1 16.1
2072.4 1548.3 16.6
2506.9 -3917.9 44.2
-6043.3 -3761.6 67.9
-6040.7 -3776.9 67.9
-5981.0 -4004.6 67.1
2228.1 -3864.5 37.0
2206.7 -3744.9 36.0
2208.1 -3781.4 35.4
2210.7 -3801.9 35.8
2210.3 -3804.8 35.8
414.2 -297.6 36.2
-6645.1 -5080.2 49.7
-5654.8 1002.7 55.0
-5845.1 928.3 53.4
-5446.0 -172.7 66.2
-5457.8 -188.4 65.6
-5493.9 -204.8 64.8
-6050.5 -3670.4 68.0
-6050.4 -3678.5 68.0
-6049.7 -3589.1 68.2
-6049.6 -3596.5 68.2
-6049.8 -3604.8 68.2
-6049.7 -3612.4 68.2
-6045.5 -3616.0 68.3
-6045.7 -3624.2 68.3
-6050.0 -3627.9 68.2
-6049.9 -3645.2 68.1
-6045.9 -3649.1 68.1
-6050.3 -3653.1 68.0
-6046.1 -3657.3 68.1
-6046.0 -3690.2 68.0
-6050.3 -3695.2 67.9
-5267.9 -7499.1 20.6
-5277.1 -7531.2 20.4
-5277.1 -7557.1 20.6
-5254.3 -7569.6 21.4
-5324.0 -7770.6 26.4
-5334.0 -7489.4 20.9
-5345.3 -7466.6 21.3
5067.0 2700.8 40.7
5036.9 2668.7 41.9
5015.9 2789.0 40.5
4263.2 2815.2 32.1
4505.2 2978.8 39.3
4897.3 2626.8 46.6
4697.6 2469.7 47.7
4702.3 2478.4 47.8
-6045.6 -3706.4 68.0
-6050.1 -3712.0 67.9
-6045.6 -3715.6 68.0
-6049.5 -3720.2 67.9
-6048.6 -3728.4 67.9
-6042.6 -3739.8 68.0
-6046.2 -3745.0 67.9
-6041.4 -3747.7 68.0
-6037.3 -3772.8 68.0
-6034.5 -3788.7 67.9
-6039.2 -3785.1 67.9
-6036.2 -3800.7 67.8
-6031.8 -3803.9 67.9
-6028.5 -3820.2 67.8
-6026.1 -3835.4 67.8
-6029.6 -3840.1 67.7
-6024.7 -3843.8 67.7
-6023.1 -3851.6 67.7
-6021.8 -3859.1 67.7
-6020.3 -3866.7 67.6
-6020.9 -3882.9 67.4
-6016.4 -3898.4 67.4
-6011.1 -3901.2 67.5
-6014.1 -3906.1 67.4
-6012.1 -3913.6 67.4
-6009.9 -3921.7 67.4
-6002.6 -3932.6 67.4
-6000.3 -3940.2 67.3
-6003.5 -3944.7 67.1
-5998.2 -3947.7 67.2
-5999.1 -3960.4 67.0
-5996.9 -3968.3 66.9
-6667.5 -8352.9 20.6
-6703.8 -8352.5 20.3
-6705.9 -8342.9 20.0
-6707.6 -8330.4 19.6
-6708.6 -8323.6 19.4
-6711.9 -8302.3 18.7
-6713.2 -8292.7 18.2
4002.3 735.0 40.4
3991.7 761.9 42.8
4029.1 761.6 43.9
3956.5 783.6 43.8
3909.3 562.5 25.9
3943.1 536.5 25.2
2782.9 3557.8 14.3
3923.8 575.6 26.7
3934.6 664.1 32.1
4025.9 723.2 40.0
4018.6 726.7 40.1
3993.2 738.5 40.5
3982.4 765.0 42.8
3950.1 783.5 43.6
4096.2 774.7 47.3
4133.8 755.1 46.6
3956.1 835.8 49.0
3885.9 428.4 18.5
3881.2 415.2 17.4
5330.1 4034.1 71.0
5292.0 7541.9 31.9
5290.0 7504.6 32.8
5435.7 7533.7 30.0
-4647.9 -5081.2 64.4
-4813.4 -4743.4 64.0
-4792.5 -4758.0 64.9
-4773.3 -4778.0 65.7
-4778.2 -4786.7 65.3
-4611.9 -4886.6 70.9
-4602.8 -4901.2 71.6
-4617.5 -4916.8 71.7
-4630.7 -4906.4 70.9
-4883.9 -4817.4 61.0
-4828.5 -4824.3 63.1
-4838.7 -4776.2 62.4
-2309.5 -6360.0 96.7
-2303.3 -6361.3 96.6
-6719.1 -8257.0 18.5
-6729.3 -8213.8 19.2
-6732.4 -8204.0 19.3
-6736.2 -8195.1 19.5
-6722.4 -8209.7 19.2
-6739.1 -8162.3 19.9
-6749.0 -8135.0 20.4
-6751.2 -8129.7 20.4
-6757.7 -8113.7 20.7
-6759.4 -8107.7 20.8
-6761.5 -8102.6 20.9
-6763.7 -8096.6 21.0
-6766.2 -8091.2 21.0
-6770.5 -8078.9 21.2
-6772.5 -8071.6 21.4
-6781.8 -8067.8 21.4
-6778.5 -8077.6 21.3
-6772.4 -8096.5 21.0
-6742.0 -8176.9 19.7
-6745.1 -8167.7 19.9
-6733.6 -8175.6 19.7
-6731.5 -8181.4 19.6
-6729.2 -8187.6 19.5
-6725.7 -8197.6 19.4
-6718.4 -8223.1 19.0
-6651.3 -8222.9 18.7
-6668.2 -8252.7 18.3
-3674.5 737.5 54.2
-4175.8 848.7 68.0
-5236.1 -4546.3 58.6
-6768.1 4264.8 60.9
-6079.1 5823.4 68.8
4773.2 1082.7 83.0
4673.9 1145.7 86.6
4684.7 1139.0 85.9
4713.2 1136.7 83.2
4689.7 -62.5 24.9
4689.0 -82.8 24.6
4701.2 -91.5 24.4
4705.6 -70.9 24.8
-6647.7 -5082.5 49.7
-6642.8 -5087.0 49.8
-6667.7 -5133.3 50.3
-6620.0 -5081.3 49.9
-6611.9 -5086.8 50.1
-6632.5 -5100.1 50.2
-5729.3 997.8 54.6
-5778.5 802.8 57.7
-5773.1 799.0 58.0
-5846.5 934.4 53.2
-5818.0 863.2 55.0
-5874.7 677.7 59.3
-5865.4 683.3 59.3
2604.6 -1623.2 37.6
2609.8 -1636.5 37.7
2603.2 -1645.4 37.3
2598.6 -1631.1 37.2
2594.3 -1632.6 37.0
2595.3 -1635.5 37.0
2600.0 -1649.5 37.1
2595.5 -1654.4 36.8
2594.1 -1659.5 36.4
2615.5 -1653.9 37.8
2613.6 -1648.0 37.9
2618.0 -1651.0 38.1
-4783.4 -6304.5 58.3
-5778.1 -6157.4 34.3
-5772.1 -6149.5 34.2
-5762.6 -6138.9 34.2
-5704.3 -6211.7 33.5
-5713.3 -6418.1 31.9
-5731.9 -6400.9 32.0
-5751.0 -6309.9 31.6
-5760.9 -6305.9 31.6
-5770.2 -5719.0 45.2
-5781.1 -5705.8 46.0
-5799.9 -5685.4 46.9
-5813.7 -5657.2 48.0
-5760.9 -5957.0 37.7
-5765.4 -5920.7 38.3
-5756.7 -5945.1 37.4
-5754.4 -5903.7 38.5
-5721.5 -5942.5 36.8
-5708.9 -5946.8 36.7
-5700.6 -5944.6 36.5
-5680.6 -5940.2 36.1
-5676.1 -5939.3 36.0
-5643.3 -5918.1 35.4
-5628.6 -5907.1 35.6
-5613.0 -5894.5 35.8
-966.8 -1979.7 44.6
213.3 3189.5 27.3
250.2 3115.8 27.3
-1642.2 -1900.7 50.0
-5819.1 -4916.8 54.1
-3783.2 -7094.1 75.2
4710.5 -52.4 25.1
4714.8 -32.1 25.5
4694.1 -7.6 26.2
4691.6 -32.5 25.5
4690.3 -52.8 25.1
2591.8 -1673.3 35.9
2587.0 -1657.2 36.2
2612.3 -1653.1 37.7
2604.0 -1648.3 37.3
2600.1 -1636.9 37.2
2599.3 -1634.2 37.2
2597.2 -1641.1 37.0
2592.8 -1655.5 36.6
2594.7 -1661.2 36.3
2591.3 -1660.5 36.2
2591.7 -1662.3 36.1
2593.1 -1666.1 35.9
2595.8 -1665.2 36.1
2598.6 -1664.1 36.3
2606.3 -1667.8 36.5
2609.4 -1676.6 36.5
2613.1 -1674.9 36.6
2611.4 -1669.4 36.6
2616.8 -1657.8 37.7
2620.7 -1651.0 38.2
2616.7 -1646.9 38.0
-6138.7 -3898.8 64.9
-6155.9 -3923.6 64.4
-6082.7 -3938.8 65.5
-6555.8 5604.2 66.9
-4884.8 6452.9 53.0
-4891.1 7490.8 36.4
-2718.9 6519.5 31.1
-2711.9 6504.7 31.6
-2706.1 6529.5 31.2
-4446.4 6772.8 37.3
-4038.1 6619.6 31.5
-4263.5 6542.8 41.1
-4607.8 6034.5 62.2
-4677.2 6187.6 60.6
-2203.4 6983.2 32.2
-3189.5 7932.1 22.2
-4471.5 -53.8 76.9
-2074.0 7209.6 31.7
-1701.1 6888.6 26.8
-1662.5 6881.2 26.8
-1703.6 6827.1 27.6
-1706.0 6816.9 27.8
-1698.5 6805.4 27.8
-1703.8 6795.0 28.0
-1707.4 6791.8 28.1
-1749.4 6755.5 29.1
-1792.9 6826.2 27.9
-1617.7 7023.3 25.4
-1671.7 7224.7 25.0
-1672.8 7227.9 25.0
4420.2 2849.7 39.1
3881.1 2907.2 28.5
4537.1 2418.5 49.4
5352.9 2359.8 37.1
5634.4 2450.4 40.1
4741.9 2514.1 47.7
4893.6 2632.7 46.6
2778.7 3552.4 14.2
510.1 4046.5 21.7
5036.0 7119.9 40.8
5290.4 7493.3 33.0
5289.6 7480.4 33.3
5418.0 7399.9 33.3
3682.8 5539.8 66.9
3679.3 5536.1 66.6
3686.5 5867.2 76.1
3749.6 5820.1 79.2
-1516.7 7106.9 24.0
-1508.0 7112.2 23.9
-1511.8 7192.0 23.6
-4260.4 6557.3 40.5
-4312.8 6545.9 42.2
-4247.1 6417.1 44.0
-4018.3 6646.3 30.7
-4002.4 6640.5 30.3
-4433.3 6562.3 44.2
-4421.6 6561.9 43.9
-4448.6 6577.0 44.0
-4130.7 5974.5 38.8
-4143.9 5960.3 39.4
-4267.2 6073.6 45.0
-4177.9 6153.9 41.3
3752.1 5848.3 80.6
3695.3 5832.9 75.4
4736.6 6738.8 42.4
4717.4 6450.7 44.4
4695.9 6424.2 44.7
-6176.2 6102.6 62.9
-6466.0 5631.1 69.1
-6713.2 5247.6 65.8
-6734.8 5196.3 65.2
-6769.5 5209.7 65.0
-6409.2 5117.8 70.1
-6894.5 5209.0 57.8
-6846.6 5204.9 61.7
579.4 -1248.0 45.6
584.7 -1241.5 45.6
596.0 -1225.2 44.1
597.3 -1232.8 44.8
593.7 -1237.3 45.2
591.1 -1241.6 45.4
587.9 -1246.2 45.4
585.5 -1251.1 45.4
583.7 -1220.7 43.6
576.1 -1221.8 43.7
4727.6 6366.8 44.9
4714.0 6458.3 44.4
4603.1 6794.6 42.7
4636.5 6780.4 42.5
-4602.8 6041.9 62.0
-4652.4 6050.5 62.9
-4651.4 6054.9 62.8
-4796.4 6084.3 63.3
-4763.2 6119.9 62.7
-4957.5 6349.9 55.3
-4552.4 6427.5 49.8
4578.2 540.9 34.6
4588.6 560.8 36.2
-4704.7 6159.6 61.9
-4506.2 6589.1 44.7
-4447.9 6568.2 44.3
-4440.6 6625.8 42.2
-4610.5 6040.3 62.2
-4571.6 6045.4 61.0
-4806.3 6068.9 63.4
-4772.0 6095.4 63.3
-4932.4 6310.0 57.8
-4821.9 6927.2 44.5
-2727.0 6503.2 31.3
-4024.7 6616.3 31.2
-4023.7 6682.0 30.5
-1522.8 7185.5 23.7
-1478.3 7140.2 23.4
-1615.8 7102.7 25.2
-1605.2 7032.4 25.3
-1765.2 6966.3 25.1
-2174.8 6987.9 31.7
4895.1 2799.3 42.9
4885.0 2875.7 42.9
4722.0 2481.4 47.5
4231.3 2456.3 45.9
4841.0 2565.4 46.9
4567.2 6300.6 49.0
4703.5 6411.0 44.6
4708.0 6405.0 44.6
4729.9 6362.6 45.0
4697.3 6758.5 42.1
4692.8 6746.7 42.4
4768.7 6789.9 43.7
4508.4 6683.4 46.1
4507.9 6673.2 46.2
3741.4 5852.2 80.0
4709.8 -12.5 26.0
4688.6 -92.3 24.4
4703.2 -81.5 24.6
3673.6 5529.9 66.3
3655.8 5513.5 65.4
3648.2 5491.1 64.3
3676.7 5467.5 65.6
2800.0 3577.7 14.5
2851.8 3563.0 14.7
2848.1 3565.8 14.7
-3162.7 7930.6 23.2
-3229.1 7798.3 23.8
-3351.2 7948.0 22.7
2859.1 3733.6 16.6
4605.2 585.9 38.4
-6529.2 5873.7 73.6
2129.6 2030.6 13.8
2119.2 2051.3 14.4
2076.9 2023.5 14.4
-6870.6 4235.6 61.2
4690.8 -42.9 25.2
516.6 4025.4 22.1
511.2 4174.2 19.7
513.6 4239.3 19.4
521.5 4214.1 19.7
496.3 4391.4 18.0
492.8 4404.3 18.1
464.0 4500.5 17.9
469.0 4539.9 16.8
517.8 4801.5 14.4
522.5 4783.4 14.6
511.2 4774.1 14.7
517.2 4763.7 14.9
496.9 4726.3 15.6
-3036.9 8044.8 26.3
2848.4 -2535.6 43.1
-5839.8 -5974.0 39.2
-5776.5 -6002.4 36.8
-5773.9 -6153.1 34.2
-5768.3 -6145.5 34.2
-5766.0 -6142.3 34.2
-5754.9 -6141.9 34.2
-5753.0 -6144.6 34.2
-5745.3 -6153.8 34.2
-5775.6 -6290.1 31.9
-1183.3 -6404.0 61.6
-1064.3 -6134.4 69.9
-1018.7 -6162.9 67.7
4797.0 1409.3 64.2
4726.7 1255.7 76.6
4486.5 1304.4 87.2
4509.9 1309.8 85.9
4653.9 1190.3 85.1
4665.6 1189.0 84.4
4791.7 1178.0 79.1
4721.0 1133.8 82.9
-5344.9 -7410.3 22.3
-5368.3 -7389.1 22.6
-5372.4 -7379.5 22.7
-5385.7 -7373.4 22.8
-5392.6 -7373.8 22.7
-5402.4 -7370.6 22.8
-5402.8 -7368.4 22.8
-5403.9 -7363.3 22.9
-5410.6 -7359.7 22.9
-5415.7 -7358.5 23.0
-5560.6 -7357.7 24.6
-5598.7 -7351.5 25.1
-5592.1 -7354.7 25.0
-5594.2 -7360.6 25.0
-6074.6 -3936.5 65.7
-6090.8 -3940.6 65.4
-6009.1 -3908.9 67.5
-6004.8 -3924.8 67.4
-6007.6 -3929.6 67.3
-6001.3 -3953.0 67.1
-5996.2 -3955.4 67.2
-5994.0 -3963.2 67.1
-5991.7 -3971.1 67.0
-5989.5 -3978.9 66.9
-5986.8 -3986.5 66.9
-5986.9 -4001.8 67.0
-5977.1 -4019.2 67.1
3402.8 -1504.0 41.5
3417.3 -1492.1 41.9
3432.8 -1480.3 41.4
-6713.7 5187.4 65.1
-6504.4 5102.9 66.2
-6836.9 4949.6 61.0
2589.0 -1674.0 35.8
2612.9 -1654.8 37.7
2607.5 -1670.6 36.5
2608.3 -1673.6 36.5
2614.1 -1677.9 36.7
2612.3 -1672.1 36.6
2613.9 -1658.7 37.5
-5654.8 -5928.1 35.5
-5483.9 -7357.7 23.7
6210.9 4370.5 42.0
-667.6 -594.5 40.2
-797.9 -659.7 36.6
-788.1 -840.6 37.7
3262.0 -1529.7 44.6
3397.1 -1507.7 41.8
3449.8 -1468.6 41.4
5291.6 7526.2 32.2
5288.5 7410.1 35.6
5469.7 7404.1 32.5
5004.7 7093.6 41.3
4566.5 6377.0 47.2
4711.0 6464.7 44.4
4661.6 6440.9 45.1
4509.2 6696.7 45.9
3735.9 5865.7 79.8
-2740.2 6412.5 32.9
-6544.0 5895.7 73.6
-6513.8 5879.2 73.8
-6520.3 5579.3 68.8
-6578.9 5625.0 65.6
2857.9 3557.5 14.8
4009.4 730.2 40.2
3897.4 557.4 25.4
3890.4 442.7 19.9
4846.5 1297.7 68.8
4777.1 1283.2 72.2
4726.3 1189.2 81.9
4654.4 1171.4 86.8
4639.0 1205.6 85.1
4694.4 1149.8 84.3
4743.2 1129.9 82.6
4882.1 1898.7 46.9
4898.3 2005.0 45.9
-6937.5 4212.6 61.4
-6867.2 4225.6 61.7
-6906.1 4273.3 61.3
-6899.3 4268.3 61.1
-6751.4 4280.5 61.4
4094.0 -374.5 28.2
4095.4 -367.9 27.9
555.0 4918.9 15.7
509.9 4031.7 21.9
517.1 4009.6 22.4
509.5 4058.9 21.5
518.6 4116.0 20.5
510.6 4126.0 20.3
491.4 4413.2 18.1
522.9 4827.6 14.2
512.8 4748.4 15.2
488.4 4693.6 16.0
504.0 4717.8 15.8
499.5 4699.6 16.0
482.2 4672.5 16.1
5368.2 2340.6 37.4
5364.8 2348.3 37.3
5448.4 2273.2 38.9
5404.7 2250.2 38.6
5543.2 2285.5 40.0
5628.2 2453.5 40.1
5660.9 2402.0 40.5
5654.1 2397.8 40.5
5645.9 2195.5 42.6
5127.0 2492.7 39.7
5097.2 2633.1 40.7
4960.1 2602.2 45.2
5051.5 2370.5 40.1
5497.1 2091.7 42.1
5173.3 1860.1 47.3
5176.7 1842.7 47.6
5185.6 1935.8 45.1
5870.8 2283.3 43.7
519.0 4130.3 20.3
519.2 4281.4 18.7
487.6 4429.7 18.3
470.8 4516.8 17.4
547.4 4887.0 15.3
544.2 4872.6 14.9
539.8 4856.6 14.5
521.2 4816.5 14.2
501.8 4741.6 15.3
491.9 4708.7 16.0
469.8 4558.7 16.5
486.4 4654.9 16.0
477.8 4621.5 16.1
475.8 4479.5 18.4
536.0 4840.6 14.2
4869.1 1913.0 47.0
4880.7 1900.6 46.9
4883.3 1897.2 46.9
4884.5 1896.2 46.9
4852.5 1954.2 46.5
4884.3 1990.7 46.3
4889.0 1996.0 46.3
4893.0 1999.6 46.3
5266.6 1935.1 45.1
5186.3 1824.7 47.9
5166.6 1892.1 46.5
5202.8 1913.0 45.9
5195.0 1907.0 46.1
5184.6 1925.6 45.4
5113.5 1975.9 44.9
5164.3 1963.6 44.8
5090.1 1993.7 44.7
4980.4 1433.6 55.6
4995.9 1455.7 55.2
5011.8 1483.8 54.0
5023.2 1509.7 53.1
483.9 4444.0 18.4
6020.1 4135.3 55.5
4867.4 1402.4 61.8
520.8 4268.0 18.8
517.4 4296.2 18.7
527.8 4842.8 14.3
471.0 4576.0 16.4
3911.8 535.8 24.6
3889.9 548.6 24.9
3932.1 552.0 25.6
3940.8 548.0 25.8
3927.5 605.1 28.3
3935.7 678.4 33.1
3976.7 746.7 40.8
3985.8 743.2 40.7
3999.5 759.9 42.8
4033.8 749.6 42.9
4027.7 756.8 43.4
4044.1 757.2 44.0
3964.7 753.7 41.0
3963.2 856.3 51.2
4116.8 753.5 45.9
4140.7 770.0 48.3
4130.8 771.3 48.1
2127.8 2048.4 14.2
2082.3 1994.8 14.7
2081.2 2003.3 14.5
2087.5 1990.6 14.8
2088.6 1999.4 14.6
2089.0 2005.9 14.5
2083.5 2024.4 14.3
2134.0 1962.4 13.8
2142.9 1963.0 13.7
4517.8 1301.6 85.9
4510.8 1320.4 85.1
4504.0 1327.2 85.1
4514.4 1333.6 84.0
3948.8 835.7 48.8
3949.5 808.8 46.1
3948.0 865.4 51.0
4782.0 2920.2 43.0
4725.9 2936.0 43.1
4618.6 3048.9 42.0
3649.8 5507.1 64.8
3644.3 5494.4 64.1
3663.3 5474.9 64.9
3668.3 5470.6 65.1
3687.3 5466.3 66.3
3704.3 5465.0 67.5
3736.9 5841.5 79.2
3721.3 5834.7 77.6
3694.1 5839.0 75.5
3697.4 5827.5 75.5
3710.9 5796.5 75.5
3738.8 5859.4 80.1
-6631.8 5245.0 66.4
-6743.9 5198.6 65.2
-6774.5 5211.4 64.8
-6874.0 5206.8 59.5
-6803.9 5195.1 64.3
-6947.7 4230.2 62.8
-6905.6 4243.4 61.4
-6878.6 4185.5 60.0
-4665.3 6168.3 61.4
-4595.2 6027.9 61.7
-4615.0 6024.4 62.4
-4607.0 6011.5 62.0
-4571.5 6052.3 61.0
-4578.9 6093.7 61.5
-4567.4 6078.8 60.9
-4621.7 6202.1 59.0
-4822.8 6065.4 63.0
-4773.9 6092.8 63.4
-4740.6 6123.8 62.9
-4258.4 6076.2 44.4
-6109.8 1315.1 53.2
4600.1 579.6 37.8
4610.2 592.1 38.9
4559.3 771.7 57.6
4547.0 773.5 58.5
4562.4 741.5 51.5
-5802.2 5950.2 62.9
-5792.3 5996.2 61.8
-6383.3 5128.8 71.2
-6421.4 5115.1 69.6
-6158.8 5764.9 70.0
-6764.1 4270.2 61.1
-6786.3 4248.2 60.6
-6840.0 4190.0 60.2
-6854.0 4170.1 59.2
4024.0 2368.1 45.8
4574.2 534.0 34.0
4581.4 547.6 35.1
4562.0 723.9 48.0
6210.8 4376.6 41.8
6217.4 4308.1 43.1
5204.8 7326.4 37.7
5237.1 7630.1 32.1
5502.5 7559.1 29.0
5476.5 7431.3 31.6
5464.0 7368.9 33.5
-3233.6 7805.4 23.7
-2062.0 7184.7 31.2
-2756.3 6369.5 33.4
-1371.6 7245.7 22.0
-1652.9 6894.6 26.5
6109.0 4238.2 50.8
6126.6 4299.2 48.4
6175.3 4284.5 46.0
5214.0 7631.3 32.4
5252.7 7629.0 31.9
5289.6 7454.3 33.9
5289.3 7447.2 34.2
5289.3 7431.3 34.8
5286.2 7388.2 36.5
5423.2 7418.8 32.7
5434.9 7460.4 31.4
5572.7 7585.9 28.6
5508.9 7595.7 28.6
5505.9 7573.4 28.8
5498.4 7537.9 29.2
5485.9 7480.4 30.2
5471.9 7411.2 32.3
4995.8 7087.2 41.5
5013.2 7100.3 41.2
-4675.2 6174.1 61.3
-4182.1 6346.0 41.6
-4016.9 6619.8 30.9
-4579.4 6052.4 61.3
-976.5 -1971.5 45.3
-5770.7 811.6 57.8
-5790.7 823.7 56.8
-5840.6 917.4 53.5
-5836.9 904.5 53.7
-5832.8 894.9 54.0
-5827.6 883.4 54.4
3140.8 -5922.1 45.7
2207.1 -3748.9 35.9
2208.5 -3787.8 35.5
2210.4 -3798.7 35.7
2265.4 -3780.3 36.1
2211.2 -3810.3 35.9
2274.0 -3822.0 36.8
5880.5 4059.0 67.7
6131.5 3971.8 47.5
6129.0 3979.9 47.6
2146.6 -3900.3 34.3
2125.0 -3911.6 33.3
1926.0 -4417.5 30.7
1933.9 -4403.3 31.0
1899.2 -4181.4 30.3
1969.4 -4356.8 32.3
2282.1 -3861.0 38.0
1921.6 -4367.8 32.0
1951.2 -4218.4 31.3
1992.0 -4441.9 30.7
2238.3 -3864.4 37.1
2281.9 -3857.8 37.9
-4459.5 1374.8 62.4
2540.1 -3678.2 44.3
2262.3 -3768.6 36.2
2264.4 -3776.6 36.1
-6364.7 5914.2 70.9
-6175.4 6105.3 62.8
-5748.6 5930.4 62.8
-6002.9 5862.3 68.1
-6004.5 5884.2 67.6
-6085.6 5860.0 67.9
-6080.4 5864.3 67.9
-6113.9 5775.7 69.8
-6079.4 5793.7 69.6
-6112.9 5805.4 69.1
-6059.5 5835.5 68.6
4742.9 1276.1 74.3
4705.8 1210.8 81.1
4720.7 1201.3 81.4
4814.4 1160.4 78.9
4806.4 1163.5 78.9
4761.4 1105.5 82.7
4698.9 1124.6 85.7
4735.0 1130.7 82.6
4800.9 1127.7 81.5
3706.2 5829.2 76.2
2193.5 3177.1 10.0
6170.7 3924.7 46.1
6068.2 4101.3 51.7
5370.5 4053.0 72.1
4281.0 3298.4 44.9
4170.4 3352.7 39.3
4172.2 3340.5 39.8
5271.2 4010.7 70.6
4626.5 6301.7 47.5
4560.1 6300.6 49.3
4597.4 6376.6 46.7
4658.6 6377.4 45.8
4700.5 6417.1 44.7
4720.1 6376.6 44.8
4732.9 6357.7 45.0
4751.8 6377.4 44.5
4749.9 6381.5 44.4
4748.8 6385.7 44.3
4720.8 6444.7 44.3
4690.3 6468.9 44.7
4687.6 6456.4 44.7
4575.0 6811.6 43.0
4764.5 6782.3 43.6
4762.3 6774.7 43.4
4752.1 6752.4 43.0
4749.0 6746.0 42.9
4507.3 6658.3 46.5
5441.2 2273.8 38.8
4711.1 2489.9 47.8
4852.1 2601.0 47.1
4849.5 2552.0 46.6
4896.3 2501.3 45.0
5674.7 2411.5 40.7
5635.7 2268.6 41.3
4965.8 2786.6 41.7
4886.9 2816.6 42.9
4882.7 2869.8 43.2
4575.1 3045.4 40.3
4287.6 2797.0 32.7
2126.8 1505.1 15.7
2071.3 1550.9 16.7
2073.4 1546.0 16.6
2074.5 1543.8 16.6
2097.3 1514.0 16.2
6217.4 4315.5 42.9
3651.7 5488.0 64.4
3656.0 5482.7 64.6
547.4 4926.7 15.8
551.0 4903.5 15.5
529.0 4810.8 14.2
506.7 4758.2 15.0
4776.4 1426.5 64.3
4539.7 1288.9 85.2
4528.6 1320.1 84.0
4534.3 1312.8 84.1
-4456.1 6454.7 47.8
-4429.9 6386.9 48.6
-4685.3 6170.1 61.5
-4435.6 6653.7 41.2
-4408.5 6701.3 39.1
-4319.7 6706.2 36.4
-4879.8 6895.6 46.2
-4530.1 6100.3 58.9
-4616.6 6205.9 58.7
-4810.1 6028.8 63.7
-4810.7 6065.5 63.3
-4759.2 6093.2 63.7
-4722.1 6147.7 62.4
-4939.7 6299.3 58.0
-4935.8 6305.9 57.9
5043.2 2661.9 41.9
5025.1 2783.2 40.4
5021.7 2801.6 40.3
4976.8 2792.4 41.4
4975.6 2816.5 41.1
4261.0 2727.6 32.7
4729.5 2495.9 47.6
4736.0 2505.8 47.6
4857.2 2556.5 46.5
4883.5 2514.4 45.4
4937.1 2163.3 42.4
4942.9 2156.1 42.5
4616.9 2148.7 51.3
-6046.1 -3673.8 68.1
-6045.5 -3608.6 68.3
-6050.2 -3620.3 68.2
-6045.7 -3632.1 68.3
-6046.0 -3665.8 68.1
-6050.4 -3703.8 67.9
-6546.6 5901.6 73.5
4600.5 840.7 70.7
4565.0 511.0 32.3
3904.3 559.4 25.7
3921.8 559.9 25.9
3936.9 532.2 24.7
3942.9 543.0 25.6
3903.1 495.8 23.0
3900.3 477.0 22.3
3894.8 457.7 21.2
4824.0 -506.9 25.3
4875.4 -529.5 25.6
4890.0 -530.6 25.7
591.9 -1219.8 43.6
600.0 -1218.9 43.5
600.4 -1228.3 44.4
2788.0 3562.8 14.4
2828.3 3749.3 16.4
2879.2 3577.1 15.1
2855.4 3560.3 14.7
4630.8 1195.6 86.8
4591.0 1235.2 86.3
4580.5 1246.8 86.1
4573.1 1254.2 86.0
4556.4 1271.0 85.6
4550.8 1278.2 85.4
4581.6 1266.8 84.4
4632.1 1213.4 85.1
4547.9 749.8 53.7
4588.9 843.2 71.1
-6755.2 5204.8 65.2
-6400.9 5120.0 70.4
-6442.2 5112.0 68.7
-6496.0 5103.4 66.4
-6914.9 4235.4 61.8
-6860.9 5205.2 60.5
-4936.1 -1080.7 71.9
-5012.3 -1210.8 69.0
-5020.9 -1209.0 68.5
-5035.7 -1217.5 67.6
-5034.5 -1206.5 67.8
-5033.4 -1201.2 68.0
-5188.5 -1231.8 61.1
-5190.9 -1227.8 61.1
-5192.8 -1222.0 61.0
-3893.0 -909.2 78.2
-3776.5 -880.7 74.3
-3864.5 -881.9 77.6
6081.3 4135.7 52.2
6148.3 4284.5 47.6
6211.7 4364.7 42.1
6217.6 4311.3 43.0
-3991.4 -578.8 84.4
-3935.6 -736.8 83.8
-4198.1 1085.9 61.7
-3674.8 1006.5 55.6
-3770.5 384.9 66.4
-3769.8 336.2 69.2
-3803.7 265.5 75.5
-3802.6 282.2 73.4
-5044.8 -777.8 72.3
-4789.9 -516.4 79.6
-4836.3 -539.0 77.5
-4849.9 -546.0 77.0
-4789.8 -566.3 77.9
-4793.8 -579.5 77.4
-4786.0 -575.7 77.7
-4779.9 -573.8 77.9
-4792.0 -597.6 77.8
-4815.4 -587.9 76.9
-4830.5 -593.3 76.5
-4844.1 -599.0 76.2
-4837.8 -616.6 76.6
-4823.6 -610.2 77.0
-4816.8 -607.7 77.2
-4973.0 -585.9 73.1
-4979.9 -577.3 73.2
582.2 -1244.2 45.6
586.8 -1238.3 45.3
5412.7 7375.7 34.0
3669.1 5526.3 66.0
3658.2 5516.6 65.6
3652.9 5510.0 65.1
3745.8 5845.2 80.1
3715.6 5786.4 75.4
6140.7 3928.7 47.1
3661.1 5519.5 65.7
5163.9 1940.2 45.2
4879.1 1902.6 46.9
5650.1 2445.3 40.3
4874.5 1349.6 64.7
4472.7 1323.5 87.5
4519.4 1328.4 84.0
4019.7 2398.4 44.7
4003.3 2285.5 50.1
3978.0 2728.5 34.3
4579.3 715.3 46.4
4877.4 2826.4 43.4
4576.3 3037.2 40.5
4408.1 2896.2 37.7
4302.0 3112.7 32.7
4235.0 3231.3 39.1
4068.4 -303.0 25.3
4088.3 -322.1 25.8
4101.9 -326.6 25.9
4111.9 -314.0 25.1
2121.8 2042.0 14.1
2079.9 2032.5 14.5
5049.9 2655.5 41.9
4877.4 2528.7 45.8
4932.2 2168.4 42.3
4945.2 2153.6 42.6
4629.4 2219.4 49.2
4616.0 2234.5 49.3
4592.1 567.5 36.8
-3767.1 204.6 77.4
-3766.4 180.3 77.6
-3681.0 11.3 72.4
-4038.6 -211.9 78.1
2820.6 3754.4 16.4
2864.6 3731.6 16.7
2888.1 3593.5 15.4
4035.1 719.7 39.9
4008.8 756.8 42.8
4016.5 754.7 42.8
3965.2 770.5 42.8
3930.9 559.5 26.0
3938.5 526.6 24.6
3965.6 518.2 25.8
3925.0 589.9 27.5
-5167.4 -1293.9 61.3
-5187.8 -1233.9 61.2
-5201.1 -1478.4 59.6
-4832.7 929.1 79.9
4079.9 -324.1 26.0
4098.5 -309.4 25.0
4553.3 735.6 50.7
-4331.9 519.2 76.0
-5249.9 -1353.8 59.8
-5036.4 -1221.6 67.5
-5031.5 -1224.1 67.8
4907.0 -533.0 25.4
2619.8 -1656.8 37.9
3407.3 -1499.8 41.6
3412.6 -1495.5 41.8
3423.3 -1487.7 41.8
-5816.5 699.0 59.9
-6022.8 508.6 60.3
-5894.3 319.6 62.2
-5960.2 269.6 59.3
-5996.0 30.3 56.8
-5574.3 635.8 61.7
4712.3 -42.5 25.3
4717.0 -23.0 25.7
4689.4 -72.6 24.7
1934.2 2334.3 15.9
1947.8 2340.6 16.4
1961.5 2346.8 17.3
1975.1 2353.0 18.2
1988.8 2359.2 18.3
2002.5 2365.4 18.3
2016.1 2371.6 18.3
2029.8 2377.8 18.2
2043.4 2384.0 18.2
2057.1 2390.2 16.0
2070.7 2396.4 13.7
2084.4 2402.6 13.3
2098.0 2408.8 14.7
2111.7 2415.0 16.1
2125.4 2421.2 15.8
2139.0 2427.5 15.3
2158.3 2436.2 14.5
2154.5 2302.0 12.5
2148.9 2315.8 11.8
2143.2 2329.7 11.2
2137.5 2343.6 10.5
2148.0 2350.5 10.0
2162.0 2355.9 11.3
2176.0 2361.3 12.6
2195.7 2368.8 14.5
3904.2 3185.0 27.2
3902.0 3199.8 27.1
3899.8 3214.7 27.0
3897.6 3229.5 26.9
3895.4 3244.4 26.8
3893.2 3259.2 26.4
3891.0 3274.0 26.2
3888.7 3288.9 26.1
3886.5 3303.7 25.9
3884.3 3318.5 25.7
3882.1 3333.4 25.6
3879.9 3348.2 25.4
3877.7 3363.0 25.3
3875.5 3377.9 25.1
3871.4 3405.3 24.8
3897.1 3278.3 26.7
3894.9 3293.1 26.6
3892.7 3307.9 26.4
3890.4 3322.8 26.2
3888.2 3337.6 26.1
3886.0 3352.5 25.9
3883.8 3367.3 25.8
3881.6 3382.1 25.6
3878.5 3402.6 25.4
-4539.1 6717.2 40.9
-4553.7 6713.7 41.2
-4568.3 6710.3 41.5
-4595.6 6703.9 42.1
-4532.7 6716.9 40.8
-4536.6 6702.4 41.5
-4540.5 6687.9 42.2
-4544.4 6673.5 42.7
-4550.0 6652.6 43.5
-4476.5 6091.3 57.0
-4474.4 6093.4 56.9
-4472.0 6096.9 56.7
-4736.6 6107.1 63.5
-4758.8 6136.0 62.5
-4701.1 6134.7 63.2
-4721.6 6163.9 61.5
-4639.5 6169.6 60.9
-4641.9 6174.7 60.7
-4643.6 6178.2 60.6
-4649.2 6181.4 60.5
-4317.3 6723.8 35.6
-4316.3 6738.8 35.4
-4314.5 6765.1 34.9
-4327.0 6555.5 42.3
-4332.6 6564.2 42.1
-4334.7 6579.1 41.6
-4336.9 6593.9 41.2
-4339.0 6608.8 40.7
-4341.7 6627.3 40.1
-4048.1 6666.9 31.4
-4058.9 6658.8 31.8
-4542.2 6857.1 37.9
-4545.8 6871.7 37.8
-4549.4 6886.2 37.7
-4555.6 6911.5 38.3
-4591.8 6221.7 57.6
-4535.9 6259.9 54.9
-4542.1 6265.3 54.8
-4380.8 6656.0 40.0
-4384.1 6633.7 40.8
-4377.6 1311.8 61.9
-4374.9 1326.5 62.0
-4372.2 1341.3 61.9
-4369.6 1356.0 61.8
-4366.9 1370.8 62.4
-4364.2 1385.6 62.7
-4361.5 1400.3 63.0
-4357.8 1420.7 63.5
-4245.1 1333.7 56.1
-4259.0 1327.9 55.9
-4272.8 1322.2 56.0
-4286.7 1316.4 56.8
-4300.5 1310.7 57.7
-4314.4 1304.9 58.5
-4328.2 1299.2 59.4
-4342.1 1293.4 60.2
-4355.9 1287.7 61.0
-4375.9 1279.4 61.8
-4162.0 1146.1 60.3
-4169.2 1132.9 60.5
-4183.2 1107.5 60.8
-4757.0 6056.8 64.3
-4769.5 6047.6 64.3
-4768.7 6046.0 64.3
-4777.4 6039.2 64.2
-4791.3 6104.4 62.7
-4565.1 6345.9 52.1
-4567.2 6352.5 51.9
-4567.9 6358.9 51.6
-4565.8 6364.9 51.2
-4563.6 6371.3 51.1
-4581.2 6349.5 52.4
-4567.2 6352.5 51.9
-4724.0 7086.0 41.1
-4739.0 7084.9 41.3
-4766.7 7082.9 41.7
-4921.4 6318.4 57.4
-4930.0 6330.8 57.2
-4938.5 6343.1 56.4
-4947.1 6355.4 55.5
-4957.9 6371.1 54.0
-3895.7 6294.2 32.8
-3882.6 6287.0 32.5
-3857.9 6273.4 31.9
-4684.9 6340.1 55.0
-4686.2 6373.6 53.8
-4128.8 5996.5 39.1
-4132.0 6010.0 39.4
-4130.1 6000.8 39.2
-4025.9 -548.7 84.5
-4017.7 -536.2 83.9
-4009.4 -523.7 83.3
-4001.2 -511.2 82.7
-3992.9 -498.6 82.1
-3984.7 -486.1 81.5
-3976.4 -473.6 81.0
-3968.2 -461.0 80.4
-5212.4 -1213.5 60.4
-5215.2 -1213.3 60.3
-5220.6 -1214.2 60.1
-5226.3 -1215.1 59.9
-5259.8 -1221.0 58.8
-5336.6 -402.5 64.1
-5350.5 -389.6 64.0
-3913.1 -464.8 79.3
-3925.2 -473.8 80.0
-3937.2 -482.7 80.5
-3949.3 -491.7 81.0
-3961.3 -500.6 81.6
-3973.3 -509.5 82.1
-3985.4 -518.5 82.6
-3996.9 -528.1 83.2
-4008.4 -537.8 83.7
-4020.6 -548.0 84.3
-5270.6 -457.8 66.2
-5282.4 -448.6 65.9
-5294.2 -439.4 65.6
-5306.1 -430.1 65.2
-5420.6 -295.3 63.5
-5430.0 -288.6 63.3
-5439.2 -279.6 63.2
-6320.5 413.6 49.2
-6318.0 428.4 49.3
-6315.6 443.2 49.5
-6313.1 458.0 49.7
-6310.1 476.3 49.8
-6183.9 381.3 53.2
-6198.6 384.1 52.7
-6213.3 386.9 52.2
-6228.1 389.7 51.8
-6242.8 392.5 51.3
-6257.6 395.3 50.8
-6272.3 398.1 50.3
-6292.0 401.8 49.6
-6316.7 1150.6 46.7
-6323.7 1187.5 46.5
-6325.2 1195.4 46.4
-6327.1 1199.2 46.3
-5806.2 819.9 56.4
-5819.5 813.0 56.3
-5832.8 806.2 56.2
-5846.2 799.3 56.2
-5859.5 792.5 56.1
-5872.9 785.6 56.1
-5886.2 778.7 56.1
-5911.4 765.8 55.9
-5920.2 292.1 60.9
-5928.5 279.6 60.4
-5936.9 267.2 59.9
-5953.7 242.3 59.2
-5954.8 231.3 59.2
-5934.9 218.3 59.7
-5940.6 83.6 58.6
-5944.5 86.0 58.5
-5950.8 88.7 58.4
-5956.1 91.0 58.3
-5961.6 92.1 58.2
-5967.4 92.9 58.1
-5972.8 93.3 58.0
-6003.3 63.6 57.1
-6008.5 66.0 57.0
-6013.0 68.3 57.0
-6018.2 71.1 56.9
-6021.8 73.3 56.8
-4116.1 983.9 63.8
-4133.3 973.6 64.2
-4093.5 1000.4 63.2
-4109.5 989.5 63.6
-4130.5 1036.5 63.1
-4105.9 1015.9 63.1
-4192.4 1036.8 63.2
-4182.6 1025.4 63.3
-4172.8 1014.0 63.5
-4163.1 1002.7 63.7
-4143.7 980.1 64.1
-4354.6 415.9 78.3
-4357.9 454.0 77.4
-4354.5 466.3 77.2
-4344.2 481.0 76.8
-4339.9 391.5 78.6
-4347.9 395.2 78.7
-4355.1 404.7 78.6
-4296.5 550.2 74.6
-4296.9 535.2 74.8
-4297.2 520.2 75.0
-4297.2 505.2 75.2
-4297.2 490.2 75.4
-4297.2 475.2 75.6
-4299.1 460.4 75.8
-4302.4 445.8 76.1
-4306.8 431.5 76.6
-4312.7 417.7 77.1
-4318.5 403.9 77.6
-4331.4 391.5 78.3
-5036.7 -555.3 72.6
-5027.8 -547.1 73.0
-4964.6 -982.8 69.0
-4949.6 -983.9 69.4
-4922.3 -985.9 70.1
-5016.3 -1021.6 68.4
-4993.1 -1025.7 69.2
-3309.2 7812.5 23.2
-3316.2 7825.8 22.9
-3323.2 7839.0 22.7
-3330.2 7852.3 22.5
-3337.2 7865.6 22.6
-3344.2 7878.8 22.7
-3351.2 7892.1 22.8
-3358.2 7905.4 22.9
-3365.2 7918.6 23.0
-3372.2 7931.9 23.1
-3379.2 7945.2 22.9
-3386.3 7958.4 22.8
-3393.3 7971.7 22.8
-3402.8 7989.8 22.7
-6708.8 5153.7 64.8
-6791.6 5190.6 64.7
-6779.0 5182.5 64.9
-6766.3 5174.5 64.9
-6752.6 5168.4 64.8
-6738.8 5162.6 64.8
-6719.2 5154.2 64.8
-6822.8 5257.8 62.5
-6805.8 5255.6 63.5
-5792.7 6008.6 61.7
-5793.6 6021.1 61.5
-5789.7 6031.4 61.4
-5781.0 6036.6 61.1
-5772.6 6042.0 60.8
-6166.9 5732.3 70.8
-6169.1 5762.2 70.3
-6170.2 5777.1 70.1
-6172.1 5803.8 69.7
-6382.5 5628.1 72.6
-6393.7 5623.0 72.3
-6406.3 5618.4 72.0
-6329.3 5631.5 74.2
-6341.0 5633.3 73.8
-6350.0 5634.3 73.6
-6357.8 5634.4 73.3
-6366.9 5633.8 73.0
-6468.5 5108.0 67.6
-6459.4 5109.4 68.0
-6605.2 5095.9 64.5
-6604.3 5110.8 64.1
-6598.3 5118.7 64.0
-6583.7 5115.2 64.4
-6569.1 5112.2 64.7
-6544.2 5107.1 65.3
-6528.6 5506.7 70.3
-6514.8 5500.7 70.9
-6501.1 5494.6 71.4
-6474.7 5483.1 72.4
-6459.1 5612.2 69.5
-6453.5 5596.6 70.2
-911.5 -7042.1 41.5
-926.2 -7045.5 40.8
-940.8 -7048.8 40.2
-955.4 -7052.1 39.5
-970.0 -7055.4 38.8
-984.7 -7058.7 38.1
-999.2 -7062.6 37.4
-1013.6 -7066.5 36.7
-1028.1 -7070.5 36.0
-1042.6 -7074.4 35.3
-1057.1 -7078.3 34.6
-1071.8 -7081.3 34.4
-1086.5 -7084.2 34.2
-1101.2 -7087.2 34.0
-1126.0 -7092.1 33.8
-917.2 -6840.0 36.1
-931.5 -6844.7 36.1
-945.7 -6849.5 36.1
-959.9 -6854.2 36.0
-974.1 -6859.0 36.0
-988.4 -6863.7 35.9
-1002.6 -6868.5 35.9
-1016.8 -6873.2 36.0
-1031.1 -6878.0 36.1
-1045.3 -6882.7 36.1
-1059.5 -6887.5 36.1
-1073.7 -6892.2 36.2
-1088.0 -6897.0 36.2
-1102.2 -6901.7 36.2
-1116.4 -6906.5 36.2
-1130.7 -6911.2 36.3
-1144.9 -6916.0 36.1
-1159.1 -6920.7 35.8
-1174.1 -6925.7 35.5
-1162.4 -6978.8 35.5
-1176.6 -6983.5 35.1
-1190.8 -6988.3 34.9
-1205.1 -6993.0 34.7
-1219.3 -6997.8 34.3
-1233.5 -7002.5 33.9
-1261.6 -7011.9 33.0
-1176.4 -6993.5 34.9
-1190.7 -6998.2 34.8
-1204.9 -7003.0 34.6
-1219.1 -7007.7 34.3
-1233.3 -7012.5 33.9
-1258.6 -7020.9 33.1
-2169.1 6974.9 31.4
-2205.8 6959.5 31.9
-1590.1 7062.3 25.1
-1607.5 7088.4 25.2
-1583.0 7053.2 25.0
-1568.3 7064.9 24.8
-1690.8 7120.9 25.9
-1676.7 7126.1 25.8
-1662.6 7131.2 25.6
-1839.1 6880.6 27.3
-1831.9 6890.8 26.9
-1863.0 6916.5 26.7
-2244.7 6967.5 32.5
-2252.0 6980.5 32.6
-2259.4 6993.6 32.8
-2266.8 7006.7 32.7
-2274.1 7019.7 32.6
-2281.5 7032.8 32.7
-2288.9 7045.9 32.8
-2281.2 7054.7 32.9
-2268.2 7062.1 32.9
-2255.1 7069.5 33.0
-2238.1 7079.0 33.1
-2126.3 6915.3 30.0
-2130.1 6929.8 30.2
-2133.9 6944.3 30.5
-2137.7 6958.8 30.8
-2141.5 6973.4 31.0
-2145.3 6987.9 31.3
-2149.1 7002.4 31.6
-2152.9 7016.9 31.8
-2156.7 7031.4 32.1
-2167.0 7047.3 32.5
-2231.3 6953.9 32.3
-2237.1 6963.9 32.4
-2745.7 6215.2 35.3
-2759.7 6220.4 35.1
-2773.8 6225.7 34.9
-2787.8 6231.0 34.7
-2801.9 6236.2 34.5
-2815.9 6241.5 34.3
-2830.0 6246.7 34.1
-2826.7 6259.7 33.9
-2821.2 6273.6 33.7
-2815.7 6287.6 33.5
-2810.2 6301.5 33.4
-2804.7 6315.5 33.3
-2799.2 6329.4 33.3
-2793.7 6343.4 33.2
-2788.2 6357.4 33.1
-2782.7 6371.3 32.9
-2776.7 6385.0 32.7
-2770.5 6398.7 32.6
-2764.3 6412.4 32.4
-2755.5 6431.8 32.2
-6667.8 -8339.6 19.9
-6666.8 -8335.6 19.6
-6666.7 -8330.6 19.4
-6666.1 -8326.1 19.1
-6666.0 -8319.7 18.8
-6666.8 -8311.0 18.4
-6666.8 -8300.9 18.0
-6666.8 -8293.9 17.8
-6667.0 -8286.2 17.8
-6666.1 -8275.9 18.0
-6666.0 -8266.6 18.1
-4833.6 -6387.2 55.1
-4820.7 -6379.5 55.6
-4807.8 -6371.8 56.2
-4794.9 -6364.2 56.7
-4782.0 -6356.5 57.3
-4769.1 -6348.9 57.8
-4755.3 -6340.6 58.4
4517.2 6828.8 43.9
4541.6 6822.6 43.5
4617.7 6614.8 45.6
4632.6 6612.8 45.4
4647.4 6610.8 45.3
4664.5 6608.6 45.2
4588.8 6703.1 44.5
4610.5 6699.1 44.3
4528.1 6715.0 45.2
4542.8 6712.4 45.0
4557.6 6709.8 44.9
4577.5 6706.3 44.6
4506.6 6640.1 46.8
4566.0 6635.8 45.8
4568.5 6638.1 45.7
4587.1 6636.5 45.5
4587.1 6642.4 45.4
4586.2 6652.2 45.3
4587.1 6659.2 45.2
4589.2 6666.6 45.0
4591.7 6671.1 45.0
4595.6 6678.9 44.8
4601.9 6683.4 44.6
5139.8 7128.2 39.7
5125.1 7131.3 39.8
5110.4 7134.3 39.9
5095.7 7137.3 40.1
5081.0 7140.3 40.2
5062.4 7144.1 40.4
10.7 1214.9 30.3
-1.7 1232.3 29.8
-12.3 1250.5 30.1
-28.1 1280.3 32.2
45.4 1168.4 31.4
36.5 1180.5 31.1
27.6 1192.5 30.8
17.1 1206.6 30.5
-6780.6 -7572.2 35.8
-6760.6 -7560.0 36.3
-6808.8 -7587.9 34.8
-6790.4 -7577.5 35.4
-6767.5 -7514.8 37.1
-6759.1 -7527.3 36.9
-6829.7 -7552.4 35.2
-6808.1 -7585.0 34.9
1185.7 -8234.6 35.1
1169.5 -8208.8 35.4
2540.1 3244.5 14.3
2551.8 3253.9 14.4
2563.5 3263.3 14.6
2575.2 3272.7 14.7
2586.9 3282.1 14.8
2598.6 3291.5 14.9
2620.4 3309.0 15.1
2527.8 3262.5 14.3
2539.4 3272.1 14.4
2551.0 3281.6 14.5
2562.6 3291.1 14.6
2574.2 3300.6 14.6
2585.8 3310.1 14.7
2602.9 3324.2 14.8
2515.3 3277.2 14.2
2526.8 3286.9 14.2
2538.3 3296.5 14.3
2549.8 3306.2 14.3
2561.2 3315.9 14.4
2582.7 3333.9 14.6
2506.0 3298.7 14.0
2517.7 3308.0 14.0
2529.4 3317.4 14.1
2541.2 3326.7 14.2
2552.9 3336.1 14.2
2567.7 3347.9 14.3
4547.6 2996.6 40.1
4545.2 3011.4 39.8
4540.5 3039.4 39.3
4347.5 2955.1 33.9
4344.9 2969.9 33.3
4342.2 2984.7 32.8
4339.5 2999.4 32.2
4336.9 3014.2 31.6
4334.2 3028.9 30.8
4331.6 3043.7 30.6
4328.9 3058.5 31.3
4326.2 3073.2 31.9
4323.6 3088.0 32.5
4320.9 3102.8 33.2
4318.1 3118.1 34.0
4379.2 2964.4 35.1
4377.0 2979.2 34.5
4374.8 2994.1 34.0
4372.0 3013.3 33.1
4230.7 3263.2 41.3
4229.0 3278.1 42.3
4227.3 3293.0 43.4
4225.1 3312.1 43.4
5288.3 1952.5 44.5
5315.9 1971.9 44.1
5218.7 1917.1 45.7
5230.6 1926.2 45.4
5242.6 1935.2 45.1
5257.3 1946.5 44.7
4750.5 1453.8 64.1
4737.5 1464.7 64.2
4716.3 1439.6 66.2
4546.8 812.2 66.2
4556.0 783.2 60.0
4556.1 811.1 65.5
-6944.5 3968.0 50.3
-6937.3 3981.1 50.7
-6925.5 3990.2 51.1
-6913.3 3998.9 51.4
-6901.1 4007.7 51.8
-6885.1 4019.1 52.5
-6903.6 3956.5 51.5
-6932.8 3967.9 50.7
2813.2 3594.3 14.6
908.9 -3390.1 41.5
5537.7 -4924.1 36.4
5521.0 -4919.4 36.3
5494.2 -4918.0 36.3
5568.4 -4902.0 36.5
5523.9 -4906.2 36.5
5525.9 -4891.5 36.8
5486.8 -4890.5 36.9
5474.3 -4895.6 36.9
5508.9 -4872.0 37.4
5463.6 -4872.1 38.0
5548.7 -4860.4 37.5
5473.2 -4857.0 38.0
5540.3 -4843.1 37.9
5479.4 -4846.5 39.0
5448.4 -4848.7 39.1
5570.8 -4812.2 37.6
5491.8 -4815.0 40.0
1003.0 -8410.3 38.3
1096.6 -8372.6 36.7
1152.1 -8357.0 35.8
1141.1 -8360.2 36.2
1088.9 -8358.1 36.2
1080.0 -8363.9 36.4
1148.2 -8347.7 35.4
1134.4 -8342.4 35.4
1103.8 -8349.9 35.8
1089.4 -8348.8 35.8
1052.3 -8348.7 35.9
1133.1 -8330.7 34.8
1102.9 -8334.2 35.2
1120.8 -8313.6 34.2
1103.5 -8299.2 33.7
1095.8 -8283.1 33.1
1108.4 -8275.3 32.8
1094.4 -8215.9 33.2
943.1 -8169.6 33.8
935.5 -8174.1 33.5
943.5 -8157.1 34.5
1037.2 -8138.2 35.8
942.4 -8139.7 35.4
1031.9 -8130.2 36.2
1109.7 -8190.1 34.3
1137.9 -8175.8 35.5
1108.4 -8160.9 35.1
942.6 -8195.6 32.8
1026.6 -8148.8 35.2
981.8 -8154.1 34.7
1196.5 -8313.1 34.3
1164.5 -8267.2 33.9
1147.9 -8252.1 33.7
1133.8 -8254.4 33.3
893.8 -8317.3 34.9
935.2 -8273.6 33.8
-6388.0 -3456.8 63.3
-6417.6 -3458.4 63.7
-6339.2 -3439.7 64.1
-6375.9 -3444.4 64.2
-6387.7 -3439.6 64.9
-6402.9 -3444.2 64.8
-6326.6 -3423.8 65.2
-6420.7 -3426.1 66.8
-6452.8 -3421.4 67.8
-6464.5 -3423.7 67.8
-6490.8 -3421.5 68.5
-6416.9 -3413.0 67.9
-6436.4 -3409.8 68.6
-6451.7 -3414.1 68.4
-6493.9 -3406.2 70.0
-6519.2 -3410.6 70.0
-6451.7 -3399.0 69.8
-6463.2 -3393.7 70.5
-6507.6 -3390.8 71.2
-6521.3 -3393.3 71.2
-6311.9 -3381.7 68.8
-6329.8 -3376.7 69.6
-6344.9 -3377.4 69.8
-6460.4 -3379.9 71.1
-6510.8 -3383.8 71.5
-6518.5 -3376.0 71.8
-6551.9 -3383.5 71.9
-6586.2 -3377.1 72.4
-6287.1 -3367.1 69.7
-6327.6 -3367.6 70.3
-6413.4 -3366.1 71.2
-6434.6 -3361.4 71.5
-6446.0 -3368.4 71.4
-6459.5 -3362.8 71.7
-6473.1 -3365.3 71.8
-6525.4 -3364.3 72.3
-6330.9 -3353.1 70.9
-6390.9 -3354.2 71.4
-6483.0 -3349.7 72.4
-6521.7 -3352.9 72.6
-6536.4 -3346.1 72.9
-6587.0 -3347.4 73.3
-6296.9 -3336.1 71.0
-6360.7 -3336.1 71.6
-6462.0 -3334.8 72.5
-6542.3 -3336.9 73.2
-6587.1 -3335.3 73.6
-6332.2 -3320.5 71.7
-6422.5 -3321.3 72.5
-6430.6 -3316.3 72.7
-6554.7 -3323.3 73.6
-6571.5 -3318.8 73.9
-6416.4 -3308.2 72.8
-6463.2 -3304.8 73.3
-6527.8 -3304.8 73.8
-6386.1 -3287.4 73.0
-6420.2 -3289.5 73.3
-6449.8 -3291.1 73.5
-6466.1 -3289.0 73.7
-6473.4 -3287.9 73.8
-6510.9 -3287.0 74.1
-6534.8 -3289.0 74.3
-6584.9 -3293.3 74.7
-6326.6 -3276.6 72.7
-6340.8 -3271.9 73.0
-6407.6 -3271.6 73.6
-6416.0 -3276.9 73.5
-6432.5 -3276.3 73.7
-6504.5 -3272.8 74.4
-6388.8 -3256.9 73.8
-6406.7 -3263.0 73.8
-6418.2 -3256.5 74.0
-6551.1 -3255.3 75.4
-6569.6 -3264.7 75.3
-6463.2 -3245.3 74.7
-6522.1 -3242.6 75.4
-6538.9 -3242.3 75.6
-6593.8 -3240.5 76.2
-6294.2 -3227.6 73.6
-6315.8 -3230.6 73.8
-6325.2 -3234.6 73.7
-6390.5 -3234.3 74.3
-6448.1 -3234.2 74.9
-6476.3 -3227.5 75.4
-6300.7 -3217.9 73.9
-6312.9 -3214.2 74.1
-6332.7 -3216.5 74.2
-6354.3 -3210.2 74.6
-6370.5 -3215.0 74.6
-6420.8 -3214.3 75.2
-6541.5 -3215.1 76.2
-6552.2 -3216.1 76.3
-6268.2 -3204.7 74.0
-6451.2 -3204.6 75.6
-6474.2 -3195.7 75.9
-6552.1 -3202.1 76.4
-6614.9 -3202.5 76.9
-6238.7 -3180.8 74.8
-6272.7 -3186.7 74.4
-6297.1 -3182.7 74.7
-6362.1 -3185.9 75.2
-6393.0 -3188.4 75.4
-6407.8 -3184.8 75.5
-6450.8 -3186.4 75.8
-6465.8 -3185.8 76.0
-6506.7 -3184.9 76.3
-6524.9 -3185.5 76.4
-6578.9 -3182.7 76.9
-6615.5 -3183.5 77.1
-6302.9 -3165.8 75.9
-6584.3 -3171.5 77.7
-6596.4 -3171.5 77.8
-6617.8 -3166.2 78.4
-6225.2 -3155.2 76.4
-6282.2 -3151.8 76.8
-6353.8 -3151.9 77.4
-6372.1 -3155.0 77.3
-6403.5 -3152.9 77.7
-6422.0 -3156.2 77.6
-6476.6 -3153.2 78.3
-6522.1 -3153.0 78.7
-6537.4 -3150.1 79.0
-6286.6 -3143.7 77.4
-6339.8 -3142.4 78.0
-6387.1 -3142.5 78.4
-6525.6 -3142.7 79.5
-6534.1 -3144.2 79.5
-6551.4 -3142.9 79.7
-6599.5 -3139.5 80.3
-6283.0 -3124.3 78.8
-6403.1 -3120.2 80.2
-6458.9 -3124.9 80.3
-6490.8 -3126.9 80.4
-6553.6 -3122.1 81.3
-6646.4 -3128.8 81.6
-6265.8 -3111.9 79.5
-6284.9 -3105.0 80.1
-6317.3 -3106.9 80.1
-6324.4 -3106.1 80.2
-6345.2 -3112.3 80.1
-6359.9 -3107.2 80.5
-6463.2 -3113.9 81.0
-6497.6 -3111.1 81.4
-6540.4 -3107.5 82.0
-6159.3 -3095.2 78.3
-6173.1 -3095.4 78.5
-6195.0 -3097.8 79.2
-6254.6 -3097.1 80.3
-6297.1 -3098.1 80.6
-6372.9 -3099.8 80.9
-6462.3 -3089.9 82.2
-6521.2 -3098.8 82.2
-6540.8 -3098.4 82.4
-6558.0 -3098.5 82.6
-6639.6 -3093.5 83.5
-6181.6 -3077.9 79.2
-6248.6 -3081.8 81.2
-6268.0 -3075.3 81.7
-6347.4 -3074.9 82.4
-6371.7 -3079.1 82.1
-6405.8 -3075.3 82.5
-6494.4 -3079.7 82.9
-6538.5 -3084.0 83.1
-6627.0 -3079.4 84.1
-6144.3 -3062.4 79.3
-6159.7 -3062.8 79.5
-6180.9 -3064.6 79.7
-6189.4 -3068.1 79.6
-6212.0 -3067.1 80.0
-6226.2 -3069.5 80.5
-6263.9 -3064.0 81.9
-6403.2 -3067.5 83.0
-6432.8 -3067.4 83.1
-6478.6 -3061.2 83.7
-6492.3 -3062.4 83.7
-6533.9 -3067.1 83.9
-6586.1 -3068.0 84.3
-6593.8 -3060.3 84.7
-6643.6 -3066.5 84.5
-6152.1 -3052.9 79.8
-6158.2 -3052.4 79.9
-6227.6 -3046.0 80.8
-6264.1 -3047.5 82.1
-6339.0 -3047.7 84.3
-6358.3 -3045.8 84.6
-6377.8 -3051.1 84.3
-6433.8 -3054.1 84.1
-6460.7 -3052.4 84.3
-6495.4 -3047.8 84.6
-6564.6 -3049.0 85.0
-6641.2 -3052.7 85.0
-6192.1 -3039.5 80.7
-6222.7 -3037.3 81.1
-6233.2 -3038.4 81.2
-6249.4 -3030.0 81.7
-6269.4 -3036.1 82.5
-6323.7 -3039.6 84.6
-6339.4 -3035.4 85.1
-6356.4 -3031.5 85.5
-6428.4 -3035.9 85.5
-6524.3 -3039.5 85.3
-6087.0 -3019.8 80.5
-6143.7 -3017.0 81.3
-6165.8 -3019.5 81.4
-6174.1 -3015.1 81.7
-6218.7 -3015.6 82.2
-6241.6 -3022.6 82.0
-6256.5 -3021.3 82.4
-6269.0 -3023.0 82.6
-6287.2 -3017.8 83.5
-6313.7 -3015.3 84.6
-6358.0 -3016.0 86.5
-6474.4 -3022.8 86.5
-6496.5 -3015.6 87.1
-6556.6 -3017.1 87.0
-6566.8 -3015.2 87.2
-6579.1 -3020.8 86.8
-6074.0 -3007.6 81.1
-6152.6 -3000.3 82.4
-6173.4 -3000.2 82.6
-6205.3 -3000.1 83.0
-6240.5 -3008.4 82.9
-6271.9 -3008.1 83.6
-6302.0 -3003.4 84.5
-6436.9 -3000.1 88.2
-6525.0 -3003.3 88.0
-6566.3 -3006.9 87.8
-6579.8 -3009.1 87.7
-6617.1 -3004.3 87.4
-6077.0 -2993.2 82.0
-6160.7 -2987.5 83.3
-6236.7 -2993.3 83.8
-6387.1 -2991.7 88.0
-6477.6 -2991.1 88.9
-6564.0 -2988.1 89.2
-6613.6 -2988.9 88.0
-6627.3 -2986.6 87.9
-6073.1 -2972.7 83.2
-6089.9 -2971.8 83.5
-6137.9 -2978.1 83.6
-6144.4 -2971.7 84.1
-6183.1 -2975.5 84.3
-6212.2 -2977.2 84.5
-6222.0 -2979.1 84.5
-6299.3 -2971.9 86.6
-6392.3 -2970.4 88.7
-6625.5 -2976.5 88.3
-6040.9 -2961.8 83.5
-6107.8 -2963.5 84.2
-6132.3 -2962.1 84.5
-6195.7 -2957.4 85.5
-6208.2 -2956.6 85.7
-6278.4 -2956.0 87.1
-6310.6 -2956.4 87.8
-6340.8 -2957.8 88.4
-6359.4 -2959.8 88.7
-6446.6 -2958.9 90.9
-6480.0 -2957.3 91.4
-6554.6 -2956.2 90.4
-6062.8 -2946.8 84.0
-6174.1 -2945.8 86.0
-6224.6 -2946.1 86.5
-6301.7 -2943.4 88.2
-6326.1 -2940.9 88.8
-6361.1 -2940.8 89.7
-6374.7 -2943.8 90.0
-6408.1 -2943.3 90.8
-6475.0 -2944.1 92.3
-6493.4 -2947.6 92.2
-6509.8 -2940.7 92.2
-6541.9 -2941.4 91.2
-6061.0 -2931.7 83.9
-6121.8 -2930.1 85.5
-6152.0 -2934.1 86.3
-6176.1 -2931.0 86.9
-6205.1 -2933.4 87.1
-6251.3 -2930.2 87.5
-6268.0 -2927.0 87.4
-6360.7 -2933.1 89.5
-6389.2 -2933.9 90.3
-6428.5 -2931.0 91.3
-6509.9 -2932.9 92.4
-6055.0 -2916.2 83.6
-6072.1 -2910.6 84.0
-6105.4 -2918.5 85.0
-6193.4 -2917.2 87.3
-6224.6 -2913.2 88.1
-6465.3 -2918.8 91.9
-6100.7 -2903.8 84.8
-6132.7 -2901.8 85.7
-6210.5 -2901.7 87.8
-6241.6 -2904.3 88.3
-6331.2 -2903.9 88.0
-6372.0 -2902.1 89.1
-6389.6 -2896.8 89.4
-6405.1 -2903.7 90.0
-6432.3 -2903.2 90.7
-6459.9 -2898.0 91.3
-6534.4 -2895.1 90.4
-6138.0 -2884.2 85.9
-6196.8 -2881.3 87.5
-6250.3 -2889.3 88.5
-6331.7 -2885.3 88.0
-6114.7 -2874.3 85.2
-6144.2 -2867.6 86.1
-6192.7 -2870.9 87.4
-6204.2 -2867.6 87.7
-6239.0 -2866.4 88.7
-6254.7 -2870.3 88.7
-6268.1 -2873.5 88.6
-6312.9 -2866.4 88.6
-6343.9 -2873.0 88.3
-6357.0 -2873.5 88.1
-6386.9 -2869.8 88.7
-6405.7 -2865.6 89.1
-6432.6 -2865.1 89.8
-6118.3 -2851.7 85.4
-6191.0 -2858.2 87.4
-6221.0 -2852.9 88.3
-6241.2 -2859.5 88.8
-6271.7 -2852.4 88.8
-6280.5 -2854.2 88.8
-6296.0 -2851.8 88.8
-6332.7 -2855.9 88.7
-6343.6 -2856.7 88.6
-6406.4 -2851.1 88.8
-6419.6 -2852.8 89.2
-6434.1 -2854.3 89.6
-6446.0 -2850.2 89.6
-6303.1 -2839.5 88.9
-6308.2 -2835.0 89.0
-6359.3 -2838.7 88.8
-6371.3 -2838.0 88.8
-6387.0 -2835.4 88.8
-6431.8 -2836.6 89.1
-6443.5 -2840.3 89.2
-6240.1 -2823.9 88.9
-6271.0 -2828.7 89.3
-6312.0 -2825.4 89.2
-6407.7 -2824.3 88.9
-6192.6 -2811.6 87.7
-6361.5 -2810.4 89.6
-6387.7 -2806.0 89.7
-6227.8 -2793.2 88.7
-6236.7 -2795.0 89.0
-6342.8 -2796.2 89.6
-6268.7 -2778.8 89.4
-6226.9 -2767.0 88.8
-6268.9 -2761.9 89.4
-6227.6 -2748.8 88.8
-6237.5 -2748.4 89.1
-6981.0 -5034.5 40.6
-6940.6 -5017.7 40.1
-6964.4 -5019.0 40.5
-6969.4 -5004.7 41.0
-6972.5 -4975.7 41.7
-6919.2 -4931.9 41.4
-6951.0 -4924.8 42.2
-6919.3 -4884.0 42.3
-6910.6 -4874.2 42.5
-6923.8 -4871.2 42.9
-6936.7 -4869.1 43.4
-6923.8 -4835.0 43.7
4097.1 564.4 35.7
4076.6 569.1 34.6
4230.6 583.7 40.1
4074.2 582.1 35.1
4066.8 584.8 34.6
4058.8 595.6 33.8
3987.3 600.9 29.4
3973.9 596.9 28.9
4126.5 618.9 37.4
4110.6 614.6 36.6
4036.5 613.5 32.1
4229.0 628.7 40.0
4125.0 633.6 36.3
4108.5 628.8 36.1
4091.6 634.1 35.0
4064.5 627.3 33.5
4029.3 624.5 31.7
4198.5 640.2 38.3
4180.3 646.6 37.2
4164.3 641.0 37.1
4124.5 645.3 35.5
4111.7 645.1 35.1
4074.3 642.8 33.8
4050.2 648.0 33.5
3989.5 643.1 31.9
4213.1 658.2 37.5
4021.2 655.6 33.4
4261.8 671.8 38.6
4238.3 672.5 38.5
4102.6 675.5 37.7
3998.8 678.6 34.5
4165.5 685.7 39.5
4067.0 690.5 38.0
4200.0 699.5 41.5
4059.4 704.3 39.2
4029.4 708.2 38.6
4199.2 723.4 44.4
4124.4 722.9 43.1
4111.2 719.5 42.3
4096.1 724.1 42.3
4079.3 723.5 41.7
4049.3 715.5 40.0
4018.4 718.4 39.3
3983.2 723.2 38.4
4119.0 733.0 43.9
4049.8 729.4 41.4
4182.3 750.2 47.5
4167.3 752.2 47.3
4132.6 744.7 45.5
4092.4 749.9 44.8
4225.6 768.7 50.1
4138.0 761.3 47.3
4090.3 767.3 46.4
4225.4 776.1 51.0
4181.3 778.8 50.4
4082.5 779.7 47.4
4061.6 776.7 46.5
4209.1 796.0 53.0
4183.3 789.8 51.6
4093.0 791.1 48.9
4064.5 790.2 47.9
4162.6 810.6 53.0
4124.6 814.2 52.2
4066.2 807.8 49.7
4222.5 827.3 56.6
4107.4 822.4 52.4
4225.1 838.4 57.8
4210.3 837.3 57.2
4139.0 843.2 55.5
4127.2 837.1 54.5
4104.1 840.6 54.1
4045.5 841.8 52.4
4152.3 856.6 57.3
4133.8 850.7 56.1
4120.7 858.7 56.5
4090.4 853.9 55.0
4120.8 886.4 59.3
4092.9 886.9 58.2
4108.5 899.6 59.5
2149.2 1895.7 13.6
2167.9 1913.6 13.4
2196.4 1928.2 13.0
2164.4 1923.6 13.4
2120.9 1920.9 14.1
2133.1 1939.1 13.9
2124.2 1941.9 14.0
2229.5 1954.6 12.6
2193.3 1956.0 13.2
2140.4 1958.5 13.8
2120.9 1971.8 14.1
2073.1 1974.4 15.2
2166.2 1984.0 13.4
2092.9 1989.7 14.7
2078.3 1984.7 14.9
2060.5 1989.8 14.9
2243.2 2003.3 12.5
2151.5 2003.3 13.5
2121.3 1999.1 14.2
2043.8 1995.6 14.8
2284.1 2013.4 12.1
2252.7 2012.2 12.4
2148.5 2010.8 13.6
2140.1 2010.4 13.8
2125.6 2015.1 14.0
2042.0 2017.8 14.8
2185.6 2034.8 13.4
2165.3 2028.4 13.4
2147.8 2026.2 13.6
2134.1 2027.8 13.7
2092.2 2031.4 14.3
2003.7 2026.1 15.0
2287.7 2046.1 12.1
2275.9 2043.2 12.4
2238.8 2043.5 12.9
2215.2 2043.4 13.2
2093.2 2040.6 14.5
2012.2 2045.7 15.0
2375.1 2060.3 12.3
2360.6 2059.3 12.3
2214.2 2055.6 13.4
2183.7 2061.4 13.9
2090.6 2059.6 14.9
1989.5 2061.6 14.7
1940.2 2055.8 14.1
1927.2 2064.0 14.2
2388.3 2076.9 13.5
2328.1 2073.6 12.6
2302.3 2078.6 11.3
2281.4 2073.9 10.1
2244.1 2072.3 11.2
2224.9 2079.1 11.3
2212.2 2077.6 12.0
2176.8 2078.2 13.4
2132.5 2077.1 14.8
2119.2 2078.2 15.0
2061.7 2077.4 15.3
1987.2 2071.3 14.7
2406.3 2087.9 14.6
2371.3 2091.0 13.5
2239.4 2088.7 9.8
2133.9 2092.1 13.8
2041.8 2094.9 15.1
2028.7 2091.0 15.0
1925.4 2090.6 14.2
2425.0 2108.6 17.1
2394.5 2101.8 15.1
2345.4 2105.8 12.9
2330.5 2105.2 11.9
2282.3 2106.7 8.7
2199.7 2108.3 9.5
2166.7 2106.6 11.0
2156.2 2105.9 11.5
2131.7 2106.5 12.4
2101.6 2107.3 14.0
1987.2 2103.8 14.6
1960.3 2108.6 14.4
1938.4 2101.6 14.2
2424.7 2119.7 16.8
2391.0 2123.4 15.0
2090.3 2118.0 14.1
2019.3 2123.7 13.9
1982.5 2121.0 14.2
2483.2 2131.9 19.2
2391.5 2139.6 14.6
2379.2 2135.8 14.1
2351.1 2130.5 12.4
2312.7 2139.8 9.4
2300.7 2135.9 8.7
2194.1 2134.9 7.1
2121.5 2134.1 11.2
2089.2 2133.4 13.7
1985.2 2133.4 13.7
1974.9 2136.5 13.7
2454.7 2147.6 17.6
2391.8 2154.2 14.3
2365.2 2146.1 12.8
2328.0 2154.4 9.9
2274.7 2154.1 6.2
2209.8 2146.0 5.3
2167.1 2149.4 7.3
2148.1 2147.4 8.7
2074.6 2148.6 14.5
2048.9 2149.2 14.0
2032.1 2149.1 13.6
2002.6 2152.9 13.4
2586.8 2167.0 15.0
2539.2 2166.5 15.3
2527.2 2167.8 15.2
2455.0 2167.4 15.5
2440.3 2162.8 16.1
2395.9 2161.6 14.4
2378.8 2165.9 13.1
2356.4 2167.2 11.4
2206.4 2164.5 3.7
2195.6 2169.9 5.4
2180.9 2166.3 6.8
2119.5 2167.1 14.9
2108.7 2165.2 16.0
2065.2 2163.6 15.4
2050.4 2168.3 15.5
2016.8 2164.7 14.4
2541.4 2178.0 14.6
2525.3 2176.4 14.6
2499.1 2183.9 14.6
2485.0 2179.9 14.6
2450.5 2179.1 14.6
2421.5 2182.8 14.5
2403.6 2181.0 14.2
2328.2 2178.2 8.8
2238.9 2183.9 1.4
2210.5 2182.0 5.0
2195.6 2182.0 7.0
2041.9 2176.2 15.9
1999.2 2177.4 15.0
2469.2 2191.2 14.6
2451.3 2195.8 14.5
2440.1 2193.8 14.5
2326.6 2192.7 6.5
2272.2 2193.0 2.4
2206.4 2193.7 4.4
2197.0 2195.3 7.0
2186.2 2194.5 10.0
2146.5 2192.9 14.9
2120.2 2194.8 18.6
2107.7 2193.8 18.6
2033.2 2195.6 17.1
2524.5 2211.7 14.6
2497.6 2213.2 14.6
2471.1 2211.9 14.5
2439.0 2209.4 14.5
2395.3 2208.6 13.2
2346.3 2207.3 7.4
2304.1 2212.0 2.4
2267.5 2208.9 -0.4
2044.4 2206.9 18.2
2465.0 2225.9 14.5
2343.5 2229.4 7.1
2315.4 2226.2 3.7
2244.9 2220.6 -3.8
2228.2 2224.4 -5.6
2105.2 2222.3 20.7
2437.9 2241.0 14.5
2407.0 2241.1 14.5
2364.0 2235.4 9.5
2272.9 2244.5 -1.3
2259.4 2237.0 -2.9
2245.5 2238.6 -4.4
2155.9 2235.4 17.2
2107.8 2242.2 21.3
2438.5 2254.9 14.5
2410.9 2255.8 14.5
2363.2 2253.9 9.4
2341.9 2255.7 6.9
2152.4 2253.1 17.4
2437.0 2268.4 14.5
2393.0 2270.3 12.9
2364.7 2274.2 10.1
2344.9 2268.3 7.7
2304.2 2274.8 6.8
2200.2 2265.9 9.1
2093.9 2267.8 21.0
2404.0 2287.0 14.5
2356.3 2285.5 12.1
2316.7 2283.2 9.3
2223.8 2283.8 5.0
2216.1 2283.9 6.6
2178.7 2283.2 11.3
2409.1 2296.2 15.0
2287.5 2301.5 11.6
2210.9 2296.0 6.3
2199.5 2303.5 6.8
2176.4 2301.0 9.9
2359.0 2313.1 14.5
2236.5 2310.8 9.3
2372.1 2331.4 15.7
2334.3 2330.2 15.6
2303.2 2327.5 14.4
2287.4 2331.6 14.4
2245.3 2332.3 12.4
2360.0 2343.7 15.5
2283.1 2349.5 16.1
2315.2 2360.2 15.6
2301.1 2404.8 14.4
2284.2 2408.9 14.3
2283.8 2433.3 13.6
2257.5 2435.3 13.6
2274.0 2453.2 14.1
2251.5 2446.7 13.9
2223.4 2452.8 13.8
2267.4 2463.8 14.4
2259.5 2461.1 14.3
2260.9 2483.7 14.8
2254.0 2490.9 14.7
2239.7 2498.0 14.6
2221.6 2491.6 14.2
2191.9 2496.5 13.8
2229.5 2521.1 15.0
2230.4 2544.2 15.8
2196.7 2536.3 15.1
2210.0 2558.1 16.2
2200.0 2574.6 15.9
2166.9 2580.8 15.3
2193.5 2603.9 15.2
2180.3 2604.0 15.4
2162.8 2633.2 16.2
2208.6 2640.7 15.5
2183.0 2649.2 16.1
2139.2 2645.7 16.8
2254.2 2664.0 16.0
2236.4 2655.3 15.8
2225.1 2661.0 15.5
2185.8 2657.7 16.2
2223.8 2672.3 15.7
2176.4 2671.4 16.2
2222.8 2689.8 15.3
2180.1 2687.7 15.3
2315.9 2708.4 14.5
2228.8 2702.9 14.7
2196.7 2703.6 14.7
2183.8 2701.1 14.9
2318.2 2715.9 14.3
2267.8 2720.8 14.5
2176.3 2722.3 14.2
2327.6 2739.5 13.1
2320.5 2730.0 13.7
2328.2 2747.3 12.7
2319.1 2748.3 12.7
2305.9 2754.4 12.9
2272.2 2746.0 14.1
2198.5 2747.4 13.8
2169.9 2751.5 13.6
2300.8 2767.9 12.9
2237.6 2765.1 13.7
2230.2 2760.8 13.8
2178.7 2761.6 13.4
2348.6 2777.8 12.1
2313.6 2780.8 12.0
2288.4 2780.9 13.4
2269.5 2783.7 13.6
2230.3 2784.9 13.4
2214.6 2776.4 13.4
2192.3 2778.2 13.3
2313.9 2791.5 11.9
2302.0 2791.3 12.4
2284.8 2790.5 13.4
2225.1 2791.9 13.2
2198.1 2798.5 13.0
2180.4 2799.0 12.8
2161.8 2795.1 12.8
2313.1 2808.4 11.7
2299.2 2807.0 12.4
2275.3 2812.9 13.2
2256.5 2807.6 13.2
2298.5 2821.3 12.1
2283.9 2828.2 12.8
2214.0 2825.8 12.6
2182.8 2823.7 12.5
2163.7 2826.1 12.3
2154.8 2826.4 12.3
2304.4 2840.4 11.8
2185.4 2837.5 12.3
2151.9 2841.3 12.0
2314.2 2852.1 12.0
2254.9 2859.7 11.7
2198.3 2853.7 11.5
2374.7 2873.8 12.5
2349.6 2873.5 12.2
2311.9 2866.7 11.8
2303.3 2868.2 11.7
2286.6 2867.0 11.6
2236.5 2872.9 11.4
2166.6 2866.6 11.4
2155.9 2865.0 11.3
2117.6 2874.9 11.2
2251.3 2887.4 11.3
2167.5 2883.1 11.2
2154.5 2884.8 11.1
2344.9 2898.2 12.3
2192.4 2896.1 10.8
2178.2 2896.9 10.8
2121.3 2901.0 10.6
2392.0 2914.5 13.2
2313.6 2919.7 11.2
2284.1 2912.1 10.6
2225.6 2913.2 10.7
2168.8 2911.0 10.9
2116.5 2914.7 10.9
2381.1 2930.1 12.8
2316.3 2932.9 10.9
2266.5 2930.6 9.9
2253.2 2930.3 10.0
2237.0 2925.9 10.3
2208.6 2932.5 10.5
2149.7 2932.4 11.1
2424.5 2940.9 14.6
2410.0 2947.2 13.8
2391.3 2941.2 13.0
2364.3 2943.1 12.2
2347.6 2948.0 11.7
2267.6 2944.0 9.7
2241.9 2948.3 9.9
2221.2 2943.0 10.1
2149.7 2942.7 10.9
2028.2 2940.6 11.5
2017.5 2946.6 11.6
2434.7 2956.3 14.9
2388.7 2959.8 12.9
2379.0 2956.9 12.6
2304.0 2956.0 10.5
2241.0 2961.7 10.0
2214.9 2962.6 10.2
2147.2 2955.3 10.7
2048.0 2956.6 11.7
1971.7 2960.7 12.0
2477.6 2970.8 16.8
2405.2 2973.5 13.3
2373.2 2975.2 12.4
2259.7 2977.5 10.0
2237.6 2976.1 10.2
2213.3 2979.5 10.4
2192.3 2979.7 10.6
2153.7 2970.0 10.8
2101.6 2976.1 11.3
2043.2 2977.6 11.8
2028.4 2972.4 11.8
2462.9 2991.6 15.7
2365.4 2994.8 12.2
2331.3 2987.4 11.3
2270.6 2992.1 9.9
2256.0 2988.7 10.1
2240.2 2988.8 10.2
2210.5 2994.5 10.5
2179.5 2988.6 10.9
2167.3 2989.2 11.0
2148.3 2988.4 11.2
2136.0 2990.7 11.4
2119.9 2993.1 11.5
2111.0 2991.7 11.6
2057.0 2986.0 11.9
2042.7 2992.3 12.2
2011.5 2988.4 12.3
2480.6 3007.0 17.0
2467.2 3005.4 16.2
2393.6 3004.0 12.9
2377.3 3005.3 12.4
2228.8 3009.8 10.3
2105.7 3004.1 11.7
2059.9 3005.8 12.1
2043.8 3009.8 12.3
2028.2 3009.8 12.5
1988.0 3009.3 12.9
2511.3 3022.1 18.7
2491.4 3024.4 17.9
2394.8 3024.4 12.7
2285.9 3021.1 9.6
2273.7 3022.3 9.8
2244.4 3016.8 10.1
2161.7 3020.7 11.0
2046.2 3023.8 12.2
1987.8 3021.3 12.9
2538.1 3039.4 19.2
2450.2 3035.0 15.7
2431.8 3039.2 14.8
2422.3 3035.5 14.1
2283.1 3039.2 9.6
2267.8 3037.0 9.8
2061.9 3034.2 12.0
2590.5 3052.1 17.3
2509.3 3047.0 18.2
2498.8 3045.0 17.9
2476.4 3053.3 16.8
2467.5 3053.2 16.5
2454.8 3045.4 16.1
2405.5 3049.2 13.4
2394.2 3051.2 12.8
2378.5 3052.3 11.9
2154.4 3049.9 11.0
2119.4 3047.5 11.4
2105.9 3049.0 11.5
2026.7 3053.8 12.3
2483.8 3060.7 17.0
2419.4 3060.5 14.4
2275.0 3067.7 9.6
2179.8 3069.3 10.7
2120.1 3066.8 11.3
2087.0 3064.5 11.6
2600.0 3081.6 15.8
2583.6 3080.5 16.1
2465.0 3082.7 15.6
2274.7 3080.6 9.6
2242.1 3077.0 10.0
2206.9 3076.3 10.3
2178.9 3081.1 10.6
2163.4 3081.7 10.8
2117.7 3075.5 11.3
2094.7 3077.0 11.5
2057.1 3078.6 11.9
2029.2 3079.7 12.2
2615.4 3099.3 15.4
2581.8 3099.7 15.5
2552.4 3099.9 15.7
2464.5 3097.9 14.0
2449.1 3093.2 14.0
2435.2 3090.8 13.9
2417.3 3090.1 13.4
2342.2 3094.9 10.6
2241.6 3097.6 9.9
2178.9 3096.2 10.5
2140.9 3093.8 11.0
2073.4 3098.5 11.6
2030.7 3097.2 12.1
1990.4 3099.2 12.5
2612.5 3109.6 15.0
2605.0 3106.0 15.2
2583.8 3107.0 15.2
2538.3 3105.0 15.6
2424.4 3111.0 12.3
2284.2 3112.0 9.2
2224.9 3106.6 10.0
2135.9 3112.3 10.9
2103.7 3107.5 11.3
2043.0 3111.2 11.9
2021.1 3112.1 12.1
2000.3 3105.9 12.4
2604.8 3124.5 14.5
2591.0 3124.2 14.5
2542.2 3126.3 14.7
2514.5 3126.6 14.5
2363.9 3125.5 10.6
2326.7 3124.3 9.8
2296.6 3120.6 9.4
2212.1 3128.0 9.7
2057.6 3128.0 11.4
2031.8 3120.6 11.9
2558.6 3144.6 14.4
2528.5 3142.9 14.3
2498.8 3135.6 13.8
2454.8 3139.8 12.9
2405.9 3141.0 11.8
2386.6 3141.4 11.4
2349.3 3142.3 10.6
2328.3 3137.8 10.0
2303.6 3135.1 9.7
2241.6 3135.8 9.4
2225.0 3136.4 9.3
2183.5 3136.1 9.8
2154.6 3139.5 10.1
2117.5 3136.2 10.6
2059.9 3140.5 11.1
2003.4 3135.3 11.9
2588.8 3152.6 14.4
2530.8 3152.2 14.0
2468.0 3155.0 12.8
2456.0 3156.7 12.5
2434.5 3154.9 12.2
2317.5 3155.8 10.0
2304.1 3151.6 10.0
2273.4 3157.4 10.1
1997.5 3157.4 11.7
2440.2 3174.6 12.1
2392.5 3172.4 11.4
2267.1 3174.8 10.4
2222.4 3172.9 10.1
2215.1 3166.7 9.9
2192.4 3169.5 9.8
2529.7 3187.6 13.4
2497.1 3186.7 13.2
2483.7 3180.8 12.9
2451.7 3186.4 12.5
2402.0 3183.4 11.7
2392.8 3181.4 11.5
2360.5 3188.5 11.6
2343.0 3187.9 11.4
2311.3 3188.8 11.2
2224.4 3187.4 10.5
2213.0 3184.9 10.3
2191.9 3183.7 10.1
2167.7 3182.2 9.9
2134.8 3181.0 9.7
2109.3 3188.9 9.7
2080.1 3185.0 9.8
2032.2 3182.4 10.7
2020.3 3185.4 10.9
2005.9 3180.2 11.2
2572.4 3203.6 13.7
2485.9 3199.9 13.2
2435.8 3199.7 12.6
2402.0 3202.1 12.4
2371.4 3197.4 12.0
2334.1 3203.5 11.9
2266.9 3202.8 11.3
2185.7 3201.5 10.7
2124.6 3197.9 10.1
2046.4 3197.0 10.4
2012.2 3203.0 11.2
2004.4 3195.4 11.2
2542.2 3213.6 13.8
2522.5 3219.0 13.8
2438.6 3213.7 13.1
2407.1 3211.8 12.8
2335.6 3210.1 12.1
2314.6 3211.1 11.9
2267.0 3211.3 11.4
2259.3 3218.0 11.4
2155.0 3211.4 10.8
2121.1 3210.7 10.2
2108.8 3215.6 10.0
2092.6 3218.4 9.8
2020.9 3217.8 10.9
2755.9 3229.3 14.8
2587.4 3230.1 14.1
2569.3 3231.9 14.1
2554.6 3231.0 14.1
2345.6 3234.0 12.3
2302.1 3230.2 11.8
2244.8 3233.9 11.6
2224.4 3227.9 11.6
2169.5 3230.8 11.0
2149.8 3233.7 10.7
2124.4 3233.3 10.3
2597.7 3240.5 14.3
2539.4 3249.2 14.4
2516.1 3245.6 14.2
2360.7 3241.5 12.4
2319.2 3248.2 11.9
2283.8 3240.9 11.6
2271.4 3242.7 11.6
2241.6 3242.2 11.7
2043.8 3244.4 9.9
1953.3 3244.9 12.9
2569.2 3257.4 14.5
2542.8 3258.9 14.5
2500.3 3264.1 14.0
2439.5 3259.8 13.3
2420.2 3261.4 13.1
2401.4 3263.4 12.9
2372.1 3255.9 12.5
2303.3 3259.5 11.7
2282.1 3257.8 11.7
2161.8 3264.5 11.5
2123.9 3263.9 11.0
2104.1 3256.9 10.1
2065.0 3256.8 9.3
2001.1 3262.6 11.2
2632.4 3270.6 14.9
2587.3 3276.7 14.8
2527.7 3279.4 14.2
2493.7 3277.5 13.9
2420.2 3272.0 13.0
2223.7 3277.9 12.0
2077.1 3274.6 10.1
2042.0 3278.9 9.6
2686.3 3286.6 15.2
2585.0 3289.6 14.8
2478.4 3285.3 13.7
2470.5 3290.6 13.6
2452.4 3294.3 13.4
2409.8 3287.6 12.9
2392.4 3285.9 12.7
2330.5 3286.9 11.9
2300.8 3286.5 11.9
2275.6 3285.0 12.0
2256.4 3287.6 12.0
2211.3 3294.2 12.1
2161.4 3291.1 11.8
2153.6 3294.5 11.7
2122.9 3293.1 11.4
2059.4 3290.9 10.3
2048.8 3292.8 10.0
2033.5 3289.3 9.9
2011.5 3288.0 10.9
2000.3 3285.5 11.5
1983.0 3287.6 12.3
2588.9 3301.2 14.8
2566.6 3304.9 14.5
2525.1 3302.8 14.1
2420.8 3300.1 13.0
2374.7 3308.1 12.4
2364.4 3300.0 12.3
2290.8 3303.3 12.1
2253.0 3306.1 12.2
2195.3 3301.0 12.2
2155.6 3302.8 11.9
2014.3 3306.6 10.6
2001.1 3303.6 11.2
1968.2 3304.0 12.8
2630.4 3321.9 15.1
2620.0 3319.3 15.0
2585.3 3320.5 14.7
2571.5 3317.1 14.5
2484.4 3317.5 13.7
2424.9 3318.2 13.0
2393.1 3319.2 12.6
2374.2 3320.6 12.3
2347.1 3324.5 12.1
2312.4 3316.5 12.2
2269.0 3324.0 12.3
2239.1 3321.3 12.3
2231.2 3318.7 12.3
2199.1 3320.0 12.4
2150.9 3320.0 12.0
2135.1 3324.9 11.9
2091.7 3323.0 11.3
2075.8 3320.4 11.1
2062.9 3315.4 10.9
2000.1 3324.1 11.1
2632.1 3335.4 15.1
2599.8 3337.9 14.7
2539.6 3332.1 14.1
2482.9 3335.6 13.6
2394.9 3330.2 12.6
2374.6 3332.6 12.3
2334.6 3332.0 12.2
2300.8 3333.1 12.3
2252.7 3338.7 12.4
2206.8 3337.9 12.5
2196.7 3331.1 12.4
2166.6 3337.8 12.4
2092.3 3333.5 11.4
2057.1 3337.2 11.0
2026.3 3337.6 10.7
2554.7 3354.3 14.2
2495.6 3350.9 13.7
2437.8 3352.2 13.0
2393.1 3348.1 12.5
2372.6 3347.9 12.3
2333.6 3346.3 12.4
2164.1 3348.3 12.5
2150.2 3354.3 12.4
2140.3 3348.6 12.2
2094.1 3346.8 11.6
2078.5 3347.3 11.4
2060.8 3350.5 11.2
2045.7 3353.1 11.1
2576.1 3366.3 14.3
2318.7 3362.9 12.5
2302.0 3361.2 12.5
2259.3 3364.0 12.6
2118.9 3367.4 12.1
2059.7 3365.7 11.4
2051.1 3368.3 11.3
1982.5 3367.8 11.9
2347.4 3381.4 12.6
2329.8 3380.5 12.6
2243.1 3380.1 12.8
2192.2 3376.0 12.8
2147.7 3384.3 12.7
2119.9 3384.2 12.3
2101.6 3375.0 12.0
1968.2 3377.5 12.3
2485.3 3398.9 13.4
2470.3 3396.1 13.2
2423.8 3399.4 12.7
2357.0 3397.3 12.7
2327.3 3397.9 12.8
2225.7 3397.5 12.9
2195.5 3399.8 13.0
2155.8 3392.3 12.9
2123.3 3392.0 12.5
2047.6 3397.2 12.0
2027.9 3397.6 12.0
1987.4 3391.6 12.3
2492.9 3413.0 13.4
2455.3 3409.6 13.0
2425.7 3406.2 12.7
2350.7 3413.1 12.9
2318.8 3413.0 12.9
2290.5 3410.4 12.9
2181.3 3405.4 13.1
2163.3 3406.4 13.1
2044.4 3409.6 12.2
2035.9 3408.4 12.2
2137.5 3427.8 13.0
2110.7 3426.2 12.7
2060.0 3425.6 12.6
2045.0 3420.1 12.5
2019.4 3429.2 12.7
2464.0 3438.7 13.0
2402.5 3435.8 13.0
2386.4 3437.9 13.0
2342.6 3442.6 13.1
2231.0 3444.1 13.3
2117.0 3440.0 12.9
2107.5 3442.3 12.8
2041.5 3438.3 12.8
2014.3 3435.6 12.8
2452.3 3453.2 13.0
2381.1 3458.9 13.2
2319.9 3451.1 13.2
2287.4 3452.4 13.3
2258.4 3452.6 13.3
2239.0 3451.2 13.3
2155.6 3451.3 13.5
2075.8 3452.8 13.1
2013.7 3455.8 13.2
2424.5 3466.0 13.2
2388.0 3468.5 13.2
2315.6 3469.2 13.4
2296.4 3471.2 13.4
2281.6 3467.9 13.4
2223.4 3474.8 13.5
2178.9 3474.1 13.6
2394.5 3486.4 13.4
2345.2 3482.3 13.4
2297.2 3486.5 13.5
2165.6 3489.0 13.7
2122.2 3487.8 13.8
2109.8 3485.4 13.7
2348.4 3497.2 13.5
2259.8 3499.5 13.7
2225.3 3501.7 13.8
2163.0 3502.2 13.9
2146.4 3504.2 13.7
2118.4 3495.6 14.0
2435.3 3518.9 13.6
2424.3 3511.0 13.5
2390.8 3511.7 13.6
2373.9 3514.9 13.6
2231.0 3519.6 14.0
2209.0 3515.9 14.0
2164.2 3514.5 13.7
2137.2 3512.3 14.3
2118.3 3511.4 14.4
2418.9 3528.4 13.7
2299.3 3534.1 14.0
2242.3 3529.0 14.0
2216.0 3531.5 14.0
2170.6 3534.6 13.6
2135.9 3529.9 14.4
2418.6 3541.8 13.8
2409.4 3549.3 14.0
2386.5 3543.9 13.9
2359.3 3542.2 14.0
2290.2 3549.4 14.2
2276.0 3543.7 14.1
2225.6 3549.5 13.8
2154.3 3542.2 13.3
2376.9 3563.1 14.2
2328.3 3560.0 14.2
2210.8 3561.7 13.6
2168.0 3562.9 13.2
2291.0 3574.6 14.1
2196.4 3579.0 13.3
2345.1 3592.7 14.3
2331.8 3586.8 14.3
2316.8 3593.6 14.1
2226.0 3589.7 13.4
2365.7 3601.4 14.5
2215.1 3600.9 13.4
2332.0 3624.3 14.4
5204.3 -334.6 21.4
5158.9 -334.7 21.6
5262.4 -317.9 20.3
5114.1 -324.0 21.7
5067.4 -325.9 22.3
5100.4 -310.6 21.8
5085.0 -303.4 22.0
5249.6 -290.6 19.7
5220.1 -293.6 20.2
5163.9 -289.7 20.7
5263.1 -274.0 19.2
5201.6 -282.0 20.1
5141.1 -279.6 21.0
5239.1 -246.0 19.4
-6906.1 -4918.3 41.7
-6874.8 -4889.2 42.3
-6860.2 -4876.6 42.6
-6878.2 -4881.1 42.5
-6909.4 -4875.9 42.4
-6848.9 -4865.0 42.9
-6859.5 -4863.4 42.9
-6887.7 -4861.2 42.8
-6921.6 -4860.7 43.0
-6849.6 -4846.8 43.2
-6923.0 -4843.3 43.5
-6878.6 -4819.0 43.6
-6891.4 -4818.5 43.5
-6873.6 -4806.2 43.8
-6878.5 -4786.7 44.2
-6924.7 -4782.6 45.0
-6887.6 -4777.4 44.3
-6904.0 -4774.8 44.3
-6876.4 -4741.3 45.0
-6894.6 -4740.3 44.9
-6864.4 -4724.7 45.3
-6874.1 -4713.8 45.5
-6841.6 -4695.8 46.0
-6756.3 -4822.7 44.9
-6791.0 -4822.4 43.7
-6771.0 -4810.2 44.6
-6771.3 -4787.8 45.1
-6786.8 -4788.8 44.5
-6782.2 -4771.0 45.1
-6804.4 -4765.0 44.6
-6755.7 -4744.4 46.7
-6707.5 -4726.3 49.0
-6714.8 -4716.3 48.9
-6743.9 -4711.0 47.9
-6771.4 -4719.9 46.6
-6784.5 -4713.1 46.3
-6737.7 -4699.2 48.4
-6755.9 -4699.7 47.7
-6767.2 -4682.0 47.7
-6789.9 -4682.1 46.8
-6804.2 -4685.6 46.1
-6695.5 -4667.3 50.7
-6739.7 -4666.2 49.1
-6772.4 -4673.7 47.6
-6677.2 -4655.2 51.5
-6713.7 -4652.8 50.3
-6655.1 -4638.4 53.5
-6737.7 -4638.9 49.8
-6757.8 -4642.6 48.9
-6729.5 -4624.8 50.0
4166.9 -6961.0 94.2
4186.3 -6953.8 94.7
4170.2 -6955.3 94.2
4150.6 -6955.3 93.7
4166.2 -6935.4 94.0
4151.1 -6904.0 93.4
4560.0 933.6 88.0
4585.5 942.4 87.4
4570.8 944.6 89.1
4534.2 942.9 90.4
4519.2 946.6 89.6
4500.6 950.0 88.3
4600.2 964.8 90.1
4578.0 958.7 91.0
4561.4 959.5 92.6
4526.5 959.2 92.6
4495.9 957.4 89.2
4474.1 963.1 88.0
4586.4 980.3 94.2
4483.6 971.9 90.6
4397.0 978.5 83.5
4632.3 988.6 91.6
4619.3 986.9 92.5
4606.0 991.6 94.5
4573.6 987.4 96.6
4518.0 990.1 97.4
4485.2 993.7 94.7
4466.4 995.6 93.2
4413.5 994.1 88.1
4398.6 993.3 86.8
4617.0 1008.9 96.7
4570.6 1003.4 99.8
4420.4 1011.0 92.3
4408.8 1006.1 90.3
4397.0 1004.2 89.0
4378.0 1009.0 88.4
4367.9 1005.1 86.8
4528.9 1022.0 104.2
4499.4 1017.1 100.4
4468.3 1022.7 98.7
4458.5 1017.0 96.7
4428.4 1025.4 96.0
4411.0 1016.2 92.6
4383.8 1022.8 91.8
4369.1 1017.7 89.6
4352.0 1019.7 88.6
4585.6 1036.7 104.5
4533.5 1040.2 108.0
4480.5 1032.9 101.8
4467.4 1037.6 101.7
4376.7 1035.9 94.1
4364.7 1039.5 93.8
4333.4 1038.1 91.0
4654.2 1046.7 95.1
4614.6 1052.2 101.0
4602.4 1046.1 103.1
4545.0 1054.8 111.3
4498.9 1046.7 106.2
4464.4 1055.6 105.3
4425.7 1055.6 102.2
4410.6 1048.5 99.5
4638.7 1069.3 96.9
4608.9 1065.8 101.6
4512.7 1070.6 107.1
4396.0 1062.6 99.1
4352.2 1061.8 96.7
4683.2 1077.9 89.9
4607.8 1083.0 101.3
4585.7 1079.1 104.4
4563.9 1076.3 107.4
4542.5 1080.2 107.7
4495.2 1081.4 103.7
4440.4 1076.9 100.1
4392.5 1078.8 95.8
4379.7 1085.3 95.6
4363.7 1086.0 95.8
4345.7 1080.5 96.0
4333.4 1076.9 95.5
4632.6 1093.4 97.2
4615.5 1099.0 98.6
4412.5 1096.5 94.6
4376.4 1092.0 95.4
4365.8 1092.7 95.5
4349.1 1098.9 95.5
4332.4 1098.3 95.2
4574.6 1112.9 102.3
4558.7 1107.0 104.0
4516.9 1109.4 100.2
4487.1 1112.1 97.3
4438.5 1111.1 93.6
4426.5 1114.1 93.7
4413.8 1109.1 94.1
4353.8 1107.6 95.1
4533.2 1126.3 98.4
4498.3 1124.6 95.8
4367.1 1128.0 94.1
4330.8 1126.0 94.5
4556.4 1139.5 97.8
4530.7 1140.6 95.5
4513.9 1137.0 94.8
4346.8 1137.6 94.1
4608.1 1153.1 94.1
4510.2 1159.4 90.5
4485.5 1159.9 90.9
4473.5 1160.3 91.2
4377.7 1153.6 93.0
4546.3 1167.2 91.8
4389.8 1172.4 92.1
4554.8 1190.9 88.5
4545.6 1182.9 89.0
4456.9 1189.1 90.4
4547.2 1196.7 88.5
4450.1 1201.8 90.0
4441.2 1205.2 90.0
4509.7 1213.3 88.6
4420.1 1219.2 89.8
4487.3 1250.1 87.5
4484.2 1280.2 86.4
1182.0 -8261.2 34.4
-5854.0 -8557.1 36.8
-5874.9 -8553.7 37.1
-5868.0 -8536.5 37.8
-5885.6 -8541.5 37.7
-5931.1 -8545.1 37.8
-6007.7 -8535.6 38.8
-5855.6 -8528.6 38.1
-5948.2 -8521.9 39.0
-5962.7 -8524.2 39.0
-5826.0 -8509.3 38.8
-5844.6 -8509.5 38.9
-5869.8 -8506.8 39.1
-5914.7 -8506.6 39.5
-5800.7 -8495.2 39.2
-5868.4 -8494.7 39.7
-5959.0 -8495.2 40.3
-5991.8 -8496.7 40.4
-6019.5 -8499.1 40.5
-5783.2 -8483.9 38.3
-5814.5 -8484.0 38.8
-5875.7 -8480.8 39.8
-5888.0 -8480.1 40.0
-5947.6 -8475.8 40.9
-5978.2 -8476.2 41.2
-5990.7 -8482.8 41.0
-5808.9 -8467.4 38.2
-5828.8 -8468.8 38.6
-5856.7 -8468.4 39.0
-6010.3 -8466.4 41.5
-6025.0 -8470.1 41.8
-5794.7 -8454.7 37.5
-5815.5 -8452.4 37.8
-5861.6 -8447.0 38.4
-5884.9 -8449.3 38.8
-5934.6 -8448.1 39.6
-5943.4 -8453.4 39.9
-5959.4 -8449.2 40.1
-6025.9 -8453.2 41.3
-5860.6 -8440.3 38.1
-5921.1 -8437.2 39.0
-5989.4 -8438.7 40.2
-6018.8 -8432.2 40.5
-5800.2 -8417.4 36.3
-5807.2 -8416.2 36.4
-5875.9 -8422.5 37.7
-5906.2 -8418.2 38.1
-5934.8 -8420.8 38.7
-5964.0 -8419.0 39.1
-6025.7 -8419.4 40.2
-6035.7 -8424.9 40.5
-5808.6 -8409.8 36.2
-5844.0 -8404.5 36.6
-5869.6 -8407.6 37.1
-5901.9 -8400.9 37.4
-5943.9 -8409.6 38.4
-6024.0 -8410.0 39.9
-6040.2 -8404.9 40.2
-6056.2 -8409.9 40.6
-6070.6 -8409.7 40.5
-5883.2 -8386.4 36.6
-5934.6 -8385.9 37.5
-6003.2 -8393.9 39.1
-5842.1 -8380.2 35.7
-5960.9 -8374.3 37.8
-6023.9 -8378.5 39.3
-5897.9 -8361.9 36.2
-5918.6 -8364.1 36.7
-5944.9 -8363.9 37.3
-5979.8 -8355.8 37.8
-5944.8 -8350.0 36.9
-5973.7 -8343.3 37.1
-5995.6 -8349.6 38.0
-5890.0 -8335.4 34.7
-5917.1 -8326.2 34.7
-5964.8 -8330.2 36.1
-5974.9 -8329.0 36.4
-5904.4 -8319.3 33.9
-5917.8 -8311.2 33.7
-5928.0 -8311.7 34.0
-5950.3 -8315.9 34.9
-5903.4 -8305.4 33.0
-5906.2 -8280.8 32.3
-5913.9 -8282.7 32.5
-6893.1 -4825.2 43.4
-6897.0 -4812.2 43.6
-6862.3 -4782.4 44.3
-6876.7 -4769.8 44.5
-6862.8 -4740.8 45.1
