-2237.2 -7822.9 28.3
-2253.1 -7804.1 28.3
-2262.3 -7806.0 28.2
-2194.2 -7792.3 28.5
-2227.1 -7795.7 28.4
-2233.7 -7795.3 28.3
-2241.9 -7791.7 28.3
-2266.2 -7762.6 27.6
-2163.7 -7752.1 28.9
-2182.6 -7752.2 28.6
-2276.5 -7745.4 27.1
-2266.3 -7731.3 27.3
-2274.7 -7737.6 27.1
-2286.4 -7736.1 26.9
-2134.2 -7726.5 28.3
-2176.2 -7725.4 28.2
-2191.8 -7727.0 28.2
-2275.5 -7727.7 27.1
-2293.1 -7727.3 26.8
-2154.2 -7715.3 28.3
-2163.4 -7716.7 28.3
-2173.4 -7712.1 28.3
-2253.9 -7713.7 27.7
-2275.1 -7717.1 27.2
-2283.5 -7716.6 27.1
-2296.4 -7716.8 26.9
-2126.6 -7705.6 28.0
-2183.4 -7703.4 28.4
-2198.1 -7701.3 28.4
-2201.8 -7704.9 28.4
-2193.6 -7696.3 28.5
-2196.8 -7683.9 28.6
-2285.1 -7684.2 27.6
-2175.3 -7671.4 28.1
-2206.2 -7671.8 28.6
-2226.6 -7677.6 28.6
-2273.4 -7671.4 28.0
-2285.4 -7674.4 27.8
-2232.8 -7665.4 28.7
-2257.0 -7664.5 28.3
-2274.3 -7666.8 28.0
-2196.7 -7652.7 28.2
-2203.0 -7656.3 28.3
-2266.8 -7657.2 28.2
-2277.6 -7657.4 28.0
-2203.5 -7644.4 28.1
-2211.9 -7641.5 28.2
-2247.6 -7646.8 28.4
-2208.1 -7632.6 28.1
-2247.5 -7637.3 28.3
-2254.6 -7635.2 28.1
-2262.8 -7634.0 28.0
-2271.8 -7637.4 27.9
-2214.2 -7624.0 28.0
-2234.8 -7627.3 28.4
-2243.0 -7622.0 28.2
-2225.3 -7613.8 28.0
-2242.3 -7616.2 28.1
-2265.3 -7604.5 27.4
-2254.0 -7593.3 27.5
-2268.2 -7594.0 27.2
-2288.0 -7595.6 26.8
-2297.5 -7591.3 26.6
-2256.2 -7582.3 27.3
-2247.3 -7574.3 27.5
-2282.9 -7572.8 26.7
-2296.4 -7571.6 26.4
-2324.4 -7575.7 25.8
-2241.9 -7564.1 27.5
-2322.8 -7567.4 25.8
-2338.1 -7565.7 25.4
-2347.7 -7562.2 25.2
-2203.1 -7551.4 26.8
-2212.8 -7553.2 26.9
-2248.0 -7553.9 27.3
-2304.0 -7556.7 26.1
-2323.0 -7552.6 25.6
-2347.7 -7551.5 25.0
-2365.6 -7552.2 24.6
-2228.2 -7542.6 27.0
-2325.3 -7545.0 25.5
-2332.8 -7546.2 25.3
-2363.9 -7542.9 24.5
-2187.5 -7536.9 26.6
-2196.1 -7534.0 26.6
-2268.3 -7535.2 26.7
-2285.1 -7532.4 26.2
-2366.6 -7535.3 24.3
-2374.3 -7537.8 24.3
-2195.8 -7521.7 26.6
-2297.2 -7526.0 25.9
-2366.7 -7522.5 24.1
-2184.7 -7512.7 26.5
-2197.4 -7516.4 26.6
-2202.9 -7512.6 26.5
-2223.3 -7512.4 26.5
-2244.0 -7517.8 26.7
-2253.2 -7516.4 26.7
-2327.5 -7517.6 24.9
-2334.9 -7515.9 24.7
-2362.2 -7514.1 24.0
-2376.5 -7515.9 23.7
-2204.9 -7506.6 26.2
-2324.5 -7503.6 24.6
-2356.3 -7505.0 23.8
-2362.2 -7505.9 23.7
-2371.9 -7506.9 23.5
-2226.1 -7492.5 25.6
-2292.2 -7497.1 25.2
-2304.8 -7497.0 24.9
-2318.3 -7497.1 24.5
-2373.7 -7492.4 23.2
-2217.0 -7486.1 25.4
-2235.1 -7484.3 25.3
-2242.6 -7483.4 25.3
-2255.3 -7483.7 25.3
-2282.3 -7487.5 25.1
-2293.1 -7484.1 24.8
-2304.1 -7482.5 24.5
-2317.5 -7481.9 24.1
-2336.3 -7485.9 23.8
-2366.3 -7486.2 23.3
-2216.1 -7476.9 25.0
-2278.3 -7475.7 24.9
-2298.1 -7476.3 24.5
-2323.3 -7473.4 24.0
-2335.5 -7477.7 23.8
-2367.3 -7472.2 23.5
-2031.3 -7746.5 27.8
-2038.0 -7742.8 27.8
-2107.3 -7746.3 28.6
-2040.4 -7733.7 27.7
-2038.6 -7724.1 27.6
-2046.3 -7724.0 27.6
-2056.9 -7722.5 27.7
-2070.4 -7723.2 27.8
-2102.1 -7724.7 28.1
-1997.7 -7714.1 27.2
-2049.7 -7714.1 27.5
-2059.6 -7715.0 27.6
-2081.1 -7715.9 27.8
-2087.0 -7715.9 27.9
-2096.5 -7712.8 27.9
-2109.1 -7712.8 28.0
-2013.7 -7686.7 26.9
-2019.1 -7678.7 26.9
-2002.2 -7670.7 26.6
-2013.2 -7669.5 26.7
-2010.1 -7660.4 26.6
-2032.4 -7659.4 26.7
-2011.0 -7646.1 26.4
-2013.6 -7636.0 26.3
-2018.3 -7637.5 26.3
-2011.3 -7629.5 26.2
-2018.0 -7627.9 26.2
-2022.6 -7617.1 26.1
-2042.3 -7616.4 26.2
-2052.0 -7619.0 26.3
-2061.8 -7615.4 26.3
-2031.2 -7610.0 26.1
-2060.8 -7604.7 26.1
-2072.0 -7605.8 26.2
-2090.7 -7604.8 26.1
-2008.6 -7595.0 25.7
-2020.8 -7596.5 25.8
-2093.8 -7600.6 26.1
-1960.2 -7585.2 25.8
-1969.3 -7590.3 25.9
-1979.6 -7585.2 25.8
-2010.5 -7587.6 25.8
-2019.3 -7590.7 25.7
-2092.8 -7586.1 26.0
-1981.4 -7578.7 25.8
-2090.7 -7574.5 26.0
-1943.3 -7566.0 25.7
-1991.1 -7568.8 25.7
-2011.8 -7570.7 25.7
-2091.1 -7568.6 26.0
-1937.5 -7556.9 25.6
-1949.4 -7557.6 25.6
-1961.5 -7560.3 25.6
-1971.3 -7555.5 25.6
-1989.2 -7554.5 25.6
-1998.5 -7556.3 25.6
-2009.7 -7555.3 25.6
-2053.6 -7556.3 25.7
-2057.3 -7557.7 25.8
-2072.1 -7558.1 25.8
-2080.3 -7556.3 25.9
-2090.7 -7560.8 26.0
-1960.6 -7545.9 25.5
-1973.2 -7546.1 25.5
-1979.6 -7550.0 25.6
-1993.1 -7548.6 25.5
-2001.9 -7546.4 25.5
-2028.6 -7548.3 25.6
-2050.3 -7550.3 25.7
-1928.8 -7540.8 25.5
-1939.0 -7534.9 25.5
-1917.4 -7518.9 25.3
-1907.4 -7506.0 25.3
-1932.6 -7506.4 25.2
-1937.9 -7497.0 25.2
-1902.8 -7488.8 24.7
-1922.7 -7489.2 25.0
-1927.7 -7490.5 25.1
-1937.9 -7489.8 25.1
-1897.5 -7479.1 24.4
-1918.2 -7465.6 24.4
-1928.4 -7460.4 24.5
-1918.4 -7444.7 24.2
-1909.3 -7439.4 24.0
-1918.1 -7438.1 24.1
-1911.1 -7427.6 23.9
-1918.9 -7429.2 23.9
-1883.6 -7414.3 23.4
-1902.8 -7406.9 23.6
-1880.9 -7397.8 23.3
-1887.2 -7395.9 23.4
-1900.7 -7398.6 23.6
-1889.3 -7390.8 23.6
-1838.1 -7374.2 22.9
-1857.8 -7360.1 23.5
-1869.2 -7354.4 23.7
-1807.6 -7539.9 25.4
-1834.1 -7541.3 25.6
-1832.3 -7534.5 25.5
-1840.0 -7533.9 25.5
-1851.3 -7533.6 25.5
-1860.2 -7533.5 25.5
-1869.8 -7533.8 25.5
-1831.6 -7523.7 25.1
-1842.1 -7522.8 25.2
-1872.8 -7524.1 25.4
-1879.8 -7525.6 25.4
-1849.5 -7511.1 24.9
-1860.2 -7510.9 25.0
-1871.8 -7514.8 25.3
-1878.8 -7515.2 25.3
-1903.8 -7514.8 25.3
-1849.3 -7500.9 24.5
-1802.0 -7492.5 23.5
-1831.2 -7492.6 23.9
-1857.7 -7492.5 24.3
-1813.6 -7482.1 23.4
-1798.3 -7472.5 23.0
-1821.5 -7472.3 23.3
-1838.2 -7474.8 23.6
-1818.0 -7464.3 23.2
-1831.6 -7464.3 23.3
-1792.1 -7454.0 22.7
-1803.3 -7455.2 22.9
-1789.2 -7445.1 22.6
-1791.4 -7431.1 22.5
-1828.9 -7425.9 22.9
-1852.7 -7421.3 23.1
-1810.8 -7415.8 22.7
-1831.1 -7415.5 22.9
-1810.9 -7403.1 22.7
-1833.1 -7401.4 22.9
-1813.1 -7395.1 22.7
-1832.7 -7390.4 22.9
-1818.5 -7380.9 22.7
-1818.1 -7372.6 22.7
-1823.3 -7364.9 22.8
-1780.3 -7602.4 26.1
-1781.6 -7584.3 25.9
-1784.4 -7572.7 25.8
-1781.2 -7564.3 25.8
-1764.5 -7557.3 25.5
-1759.1 -7548.8 25.1
-1768.2 -7536.0 24.8
-1773.3 -7474.5 22.8
-1743.5 -7464.0 22.3
-1774.6 -7465.0 22.7
-1784.1 -7465.4 22.8
-1734.0 -7456.7 22.1
-1752.1 -7454.0 22.2
-1744.3 -7422.6 22.1
-1748.4 -7426.1 22.1
-1749.4 -7418.2 22.1
-1881.2 -7808.8 27.5
-1898.7 -7810.8 27.7
-1904.7 -7808.9 27.7
-1880.3 -7797.5 27.4
-1919.5 -7797.1 27.6
-1877.0 -7790.1 27.2
-1925.4 -7788.9 27.6
-1956.7 -7790.8 27.8
-1967.7 -7787.9 27.9
-1876.0 -7782.4 27.1
-1898.7 -7780.5 27.3
-1907.0 -7781.8 27.4
-1969.8 -7778.4 27.8
-1868.7 -7770.6 26.9
-1888.8 -7771.8 27.1
-1895.4 -7770.8 27.1
-1929.8 -7770.4 27.4
-1948.2 -7772.1 27.5
-1987.4 -7758.1 27.7
-1979.0 -7750.9 27.5
-1966.8 -7742.2 27.3
-1946.4 -7728.5 27.0
-1990.6 -7726.5 27.3
-1970.1 -7721.4 27.0
-1987.7 -7721.4 27.2
-1940.7 -7712.6 26.7
-1951.2 -7706.6 26.7
-1967.1 -7709.1 26.9
-1954.8 -7700.8 26.7
-1979.1 -7696.0 26.8
-1949.5 -7686.7 26.4
-1940.4 -7679.7 26.3
-1951.3 -7680.1 26.4
-1961.0 -7675.9 26.4
-1968.9 -7680.1 26.5
-1940.2 -7666.9 26.1
-1947.9 -7667.7 26.2
-1971.0 -7669.1 26.4
-1840.9 -7658.3 25.3
-1955.1 -7660.2 26.2
-1841.2 -7648.3 25.2
-1858.1 -7648.3 25.3
-1937.4 -7647.0 25.9
-1861.1 -7642.5 25.3
-1865.3 -7638.1 25.3
-1940.3 -7631.5 25.7
-1857.9 -7619.5 25.7
-1951.3 -7622.3 25.6
-1945.7 -7606.8 25.6
-1819.5 -7602.4 26.0
-1859.3 -7598.7 26.0
-1938.3 -7598.5 25.9
-1847.3 -7588.3 25.9
-1869.0 -7588.7 25.9
-1877.7 -7588.2 25.9
-1885.1 -7588.9 25.9
-1936.7 -7590.7 25.9
-1928.4 -7579.4 25.8
-1876.9 -7569.1 25.8
-1885.5 -7566.9 25.7
-1921.2 -7569.3 25.7
-1806.3 -7822.0 27.2
-1812.9 -7825.1 27.3
-1828.5 -7822.6 27.3
-1646.9 -7811.9 24.8
-1833.2 -7813.6 27.2
-1647.2 -7806.2 24.9
-1828.1 -7805.4 27.1
-1838.5 -7802.1 27.1
-1854.4 -7805.0 27.3
-1543.7 -7792.6 23.2
-1648.5 -7791.5 24.9
-1823.9 -7794.7 26.9
-1838.8 -7795.8 27.1
-1627.7 -7782.4 24.6
-1635.6 -7782.6 24.7
-1663.3 -7783.7 25.2
-1746.2 -7782.9 26.2
-1478.9 -7772.6 23.7
-1483.4 -7775.9 23.6
-1544.5 -7770.3 23.8
-1626.6 -7772.8 24.6
-1654.6 -7772.8 25.0
-1665.5 -7774.2 25.2
-1748.4 -7773.0 26.1
-1768.9 -7772.6 26.3
-1778.6 -7774.0 26.4
-1488.5 -7762.1 23.7
-1536.8 -7761.6 23.9
-1598.5 -7760.1 24.1
-1607.8 -7761.3 24.3
-1613.8 -7761.3 24.4
-1632.7 -7761.8 24.7
-1664.1 -7761.8 25.3
-1678.1 -7760.4 25.5
-1682.5 -7765.7 25.6
-1704.2 -7764.5 25.7
-1745.1 -7764.1 26.0
-1764.5 -7766.0 26.2
-1537.1 -7750.9 23.8
-1543.8 -7752.8 23.8
-1573.8 -7751.9 23.9
-1584.9 -7750.2 23.9
-1594.2 -7750.2 24.1
-1694.3 -7752.9 25.5
-1702.6 -7749.8 25.5
-1762.9 -7752.8 26.0
-1507.0 -7744.6 23.6
-1566.1 -7745.1 23.8
-1586.3 -7745.8 24.0
-1708.0 -7744.6 25.5
-1738.7 -7741.5 25.7
-1742.7 -7741.7 25.7
-1516.2 -7733.5 23.6
-1533.8 -7733.6 23.6
-1554.7 -7731.4 23.7
-2207.0 -8261.7 29.9
-2198.3 -8249.0 29.7
-2207.4 -8252.3 29.8
-2232.4 -8251.5 30.0
-2155.8 -8242.7 29.3
-2225.0 -8243.8 29.8
-2253.6 -8242.3 30.0
-2152.9 -8228.3 29.2
-2184.7 -8228.4 29.4
-2192.7 -8228.8 29.4
-2205.9 -8228.9 29.5
-2264.6 -8228.5 29.9
-2195.8 -8218.1 29.4
-2206.3 -8220.0 29.5
-2256.1 -8217.4 29.8
-2147.2 -8210.6 29.0
-2232.7 -8209.5 29.6
-2242.1 -8211.8 29.7
-2335.0 -8210.4 30.2
-2175.7 -8198.2 28.9
-2237.1 -8200.3 29.4
-2245.9 -8203.1 29.6
-2274.5 -8198.5 29.7
-2298.2 -8200.4 29.9
-2363.4 -8203.5 30.4
-2375.7 -8199.5 30.4
-2382.9 -8200.8 30.5
-2272.9 -8193.5 29.5
-2284.8 -8188.2 29.5
-2295.8 -8189.0 29.6
-2307.6 -8192.1 29.8
-2314.1 -8188.9 29.7
-2356.8 -8188.1 30.1
-2364.5 -8193.7 30.3
-2272.9 -8177.5 29.1
-2312.5 -8182.0 29.5
-2355.5 -8179.6 29.8
-2366.0 -8178.7 29.9
-2133.9 -8167.3 28.1
-2282.2 -8168.2 29.3
-2362.2 -8170.8 29.9
-2134.1 -8159.1 28.2
-2277.9 -8162.5 29.3
-2293.3 -8163.1 29.4
-2357.4 -8162.7 29.9
-2362.1 -8163.0 30.0
-2146.8 -8153.4 28.4
-2194.3 -8153.1 28.8
-2217.8 -8147.6 29.1
-2247.6 -8147.9 29.3
-2257.7 -8150.7 29.3
-2275.3 -8148.7 29.5
-2374.3 -8148.2 30.3
-2132.1 -8137.3 28.5
-2155.1 -8143.5 28.6
-2194.5 -8138.4 29.0
-2217.5 -8138.9 29.2
-2222.6 -8138.5 29.2
-2236.1 -8139.2 29.3
-2246.6 -8141.1 29.4
-2257.1 -8140.0 29.5
-2276.5 -8140.2 29.6
-2333.0 -8139.8 30.1
-2147.1 -8129.8 28.8
-2177.9 -8129.5 29.0
-2187.7 -8133.8 29.0
-2207.8 -8132.9 29.2
-2215.9 -8132.5 29.3
-2236.5 -8127.2 29.5
-2266.6 -8132.2 29.7
-2288.1 -8127.7 29.9
-2335.6 -8127.3 30.3
-2133.5 -8118.9 28.8
-2157.2 -8123.4 28.9
-2177.0 -8121.4 29.1
-2185.7 -8121.1 29.2
-2198.0 -8117.3 29.4
-2212.5 -8123.1 29.4
-2237.0 -8120.0 29.6
-2315.7 -8119.9 30.3
-2214.1 -8113.4 29.5
-2223.0 -8109.8 29.7
-2255.6 -8112.8 29.9
-2272.6 -8107.6 30.1
-2285.9 -8109.6 30.2
-2296.2 -8111.3 30.2
-2312.2 -8113.5 30.3
-2347.1 -8108.6 30.6
-2185.0 -8097.8 29.5
-2206.4 -8102.1 29.7
-2223.0 -8100.8 29.8
-2231.7 -8100.3 29.9
-2281.8 -8097.9 30.3
-2344.4 -8098.1 30.5
-2202.0 -8092.3 29.8
-2221.9 -8087.6 30.0
-2263.6 -8087.8 30.3
-2293.5 -8090.9 30.4
-2207.7 -8078.6 30.0
-2225.3 -8077.8 30.2
-2294.6 -8082.8 30.4
-2182.1 -8073.0 29.9
-2197.6 -8069.2 30.1
-2204.5 -8073.3 30.1
-2217.7 -8068.4 30.3
-2233.5 -8070.7 30.3
-2244.4 -8068.8 30.3
-2253.8 -8068.1 30.3
-2276.0 -8070.9 30.3
-2292.4 -8069.7 30.2
-2205.1 -8061.3 30.2
-2247.9 -8059.7 30.2
-2256.9 -8061.5 30.2
-2273.6 -8063.8 30.2
-2283.0 -8059.8 30.1
-2182.8 -8050.0 30.2
-2192.0 -8051.0 30.2
-2207.8 -8053.1 30.2
-2212.5 -8052.5 30.2
-2168.2 -8041.7 30.1
-2175.2 -8042.4 30.1
-2182.2 -8042.6 30.1
-2197.0 -8040.4 30.1
-2224.0 -8041.5 30.1
-2237.7 -8039.3 30.0
-2253.8 -8041.2 30.0
-2163.6 -8028.4 30.0
-2177.5 -8033.6 30.1
-2185.6 -8029.9 30.0
-2192.7 -8028.4 30.0
-2242.2 -8029.2 29.9
-2256.5 -8032.9 29.9
-2268.3 -8032.3 29.9
-2267.9 -8019.1 29.7
-2176.5 -8013.4 29.8
-2186.5 -8007.8 29.7
-2252.6 -8011.5 29.6
-2263.3 -8013.2 29.6
-2206.5 -7999.1 29.6
-2241.7 -7998.1 29.5
-2264.5 -7997.2 29.5
-2234.9 -7990.8 29.4
-2244.9 -7991.4 29.4
-2255.6 -7992.5 29.4
-2266.2 -7992.6 29.4
-2152.4 -8014.1 29.9
-2157.0 -8008.4 29.8
-2187.5 -7990.0 29.5
-2203.3 -7988.9 29.5
-2173.1 -7979.9 29.5
-2193.0 -7976.5 29.4
-2203.5 -7979.2 29.4
-2153.5 -7967.6 29.4
-2162.7 -7967.8 29.3
-2185.8 -7969.9 29.3
-2215.3 -7964.8 29.2
-2224.9 -7964.4 29.2
-2231.9 -7966.7 29.2
-2187.3 -7959.6 29.2
-2212.6 -7957.9 29.1
-2156.6 -7946.2 29.1
-2162.5 -7948.6 29.1
-2227.8 -7949.2 29.0
-2155.9 -7936.6 28.9
-2176.2 -7936.1 28.9
-2205.4 -7939.8 28.9
-2221.8 -7937.3 28.8
-2144.8 -7924.7 28.8
-2182.7 -7926.4 28.7
-2247.9 -7927.0 28.6
-2143.5 -7913.4 28.8
-2167.4 -7913.4 28.7
-2171.8 -7917.0 28.7
-2197.4 -7916.1 28.5
-2185.9 -7903.7 28.6
-2196.2 -7909.7 28.6
-2207.1 -7904.7 28.5
-2204.7 -7899.0 28.5
-2186.5 -7884.3 28.6
-2198.1 -7889.7 28.5
-2144.3 -7878.9 28.8
-2157.6 -7877.2 28.7
-2196.3 -7875.3 28.5
-2205.2 -7875.8 28.5
-2143.0 -7866.6 28.8
-2151.7 -7866.2 28.7
-2162.9 -7869.6 28.7
-2174.0 -7869.0 28.6
-2183.6 -7865.2 28.6
-2186.8 -7859.4 28.6
-2072.9 -8028.9 29.7
-2087.9 -8028.4 29.8
-2072.6 -8013.0 29.9
-2072.7 -7981.3 29.7
-2083.3 -7971.6 29.6
-2007.6 -7961.8 29.6
-2073.6 -7962.6 29.5
-2083.7 -7959.0 29.4
-2049.5 -7948.5 29.3
-2072.4 -7950.5 29.3
-2077.4 -7950.3 29.3
-1999.3 -7943.6 29.5
-2017.6 -7943.5 29.4
-2028.3 -7940.1 29.4
-2039.1 -7939.0 29.3
-2071.4 -7943.1 29.2
-2112.2 -7940.4 29.1
-2027.5 -7932.6 29.4
-2073.5 -7929.3 29.1
-2093.3 -7929.7 29.0
-2019.4 -7920.4 29.6
-2028.8 -7920.1 29.4
-2048.7 -7923.7 29.3
-2062.0 -7921.4 29.2
-2068.1 -7917.9 29.2
-2088.4 -7923.2 29.1
-2011.1 -7911.6 30.0
-2040.8 -7907.8 29.4
-2048.9 -7910.4 29.2
-2060.7 -7908.4 29.2
-2070.2 -7909.0 29.1
-2082.2 -7913.7 29.1
-2098.0 -7911.7 29.0
-2109.3 -7910.3 29.0
-2028.8 -7901.4 29.9
-2048.0 -7903.2 29.3
-2071.7 -7901.4 29.1
-2081.9 -7901.3 29.1
-2091.5 -7892.1 29.0
-2140.4 -7802.6 29.3
-2184.3 -7802.5 28.6
-2191.0 -7803.0 28.5
-2136.3 -7797.6 29.3
-2180.6 -7796.1 28.7
-1969.0 -7904.7 30.0
-1969.0 -7895.3 29.9
-1963.5 -7884.2 29.7
-2013.0 -7884.2 29.9
-2017.6 -7886.6 30.0
-1957.5 -7871.1 29.3
-1992.3 -7876.9 29.7
-2000.3 -7875.4 29.7
-2007.5 -7875.8 29.8
-2043.5 -7876.9 29.9
-1948.2 -7865.1 29.0
-1992.8 -7861.3 29.6
-2010.4 -7860.7 29.6
-2017.8 -7864.9 29.7
-2032.5 -7860.7 29.7
-2041.7 -7851.6 29.6
-1952.3 -7841.7 28.7
-1957.3 -7843.8 28.8
-2031.8 -7842.7 29.5
-1997.3 -7831.6 29.0
-2008.9 -7836.8 29.3
-2031.2 -7837.0 29.5
-2043.3 -7835.6 29.5
-2048.2 -7835.3 29.5
-1892.7 -7826.6 27.8
-1899.0 -7822.0 27.8
-2018.9 -7824.2 29.1
-2007.4 -7813.4 28.8
-2020.4 -7816.6 29.0
-2093.4 -8074.2 29.2
-2094.2 -8064.8 29.3
-2285.9 -8356.3 32.3
-2293.2 -8341.3 31.9
-2333.9 -8322.5 31.5
-2231.9 -8316.5 31.0
-2268.3 -8310.9 31.1
-2275.4 -8311.0 31.2
-2297.6 -8315.1 31.3
-2324.6 -8315.5 31.3
-2331.7 -8313.3 31.2
-2355.7 -8312.1 31.3
-2261.8 -8303.4 30.9
-2274.3 -8303.7 30.9
-2283.4 -8300.0 30.8
-2297.3 -8304.6 30.9
-2306.7 -8304.3 30.9
-2315.0 -8304.8 31.0
-2323.0 -8302.8 31.0
-2236.8 -8294.3 30.6
-2255.4 -8292.3 30.5
-2262.9 -8295.6 30.6
-2286.0 -8291.6 30.7
-2302.5 -8294.7 30.8
-2334.4 -8293.3 31.0
-2374.1 -8293.6 31.3
-2212.0 -8283.3 30.2
-2277.6 -8282.9 30.5
-2304.5 -8286.6 30.8
-2342.5 -8283.3 31.0
-2254.4 -8274.3 30.3
-2264.0 -8272.0 30.4
-2272.3 -8275.0 30.5
-2306.4 -8273.4 30.7
-2322.4 -8271.0 30.7
-2334.3 -8274.2 30.9
-2353.4 -8271.5 31.0
-2236.0 -8263.0 30.1
-2334.7 -8261.3 30.8
-2342.4 -8263.9 30.8
-2384.9 -8265.4 31.1
-2256.9 -8252.9 30.2
-2261.6 -8255.1 30.2
-2276.8 -8250.9 30.3
-2336.4 -8254.9 30.7
-2344.1 -8253.2 30.8
-2357.2 -8253.4 30.8
-2283.7 -8242.6 30.3
-2323.7 -8245.8 30.6
-2376.6 -8243.2 30.9
-2311.8 -8225.7 30.2
-2322.5 -8226.5 30.3
-2408.9 -8166.5 30.3
-2418.2 -8166.8 30.4
-2428.0 -8169.0 30.4
-2511.1 -8167.2 30.9
-2399.8 -8157.2 30.4
-2408.7 -8160.4 30.4
-2417.3 -8157.9 30.5
-2521.3 -8162.3 30.9
-2537.1 -8161.5 30.9
-2550.0 -8156.4 30.7
-2390.4 -8151.3 30.4
-2569.7 -8151.5 30.5
-2580.7 -8147.1 30.3
-2421.4 -8137.4 30.7
-2429.0 -8141.9 30.8
-2477.4 -8137.5 30.6
-2490.0 -8138.8 30.6
-2496.1 -8141.6 30.6
-2378.3 -8129.9 30.6
-2430.4 -8129.9 30.6
-2456.4 -8127.8 30.6
-2470.8 -8130.2 30.6
-2476.0 -8129.3 30.5
-2489.2 -8131.0 30.5
-2501.1 -8126.4 30.5
-2507.4 -8130.9 30.5
-2550.7 -8131.1 30.6
-2556.1 -8131.5 30.7
-2426.5 -8118.8 30.5
-2469.4 -8120.2 30.5
-2491.0 -8118.1 30.4
-2509.1 -8116.9 30.3
-2515.8 -8120.5 30.4
-2530.5 -8117.4 30.3
-2539.5 -8121.4 30.4
-2548.6 -8117.6 30.4
-2420.0 -8111.5 30.5
-2428.1 -8106.6 30.4
-2437.1 -8110.2 30.4
-2448.6 -8110.9 30.4
-2479.9 -8110.6 30.3
-2495.5 -8112.6 30.3
-2517.6 -8106.8 30.2
-2525.8 -8108.0 30.2
-2537.3 -8109.6 30.2
-2546.7 -8111.3 30.3
-2577.6 -8111.4 30.5
-2408.4 -8102.5 30.4
-2429.9 -8101.2 30.3
-2468.8 -8096.2 30.2
-2479.0 -8096.6 30.2
-2486.6 -8099.7 30.2
-2495.3 -8100.7 30.2
-2520.4 -8098.2 30.1
-2580.8 -8099.8 30.4
-2420.5 -8089.9 30.2
-2438.4 -8086.3 30.1
-2469.0 -8087.6 30.1
-2506.0 -8091.1 30.0
-2521.0 -8087.0 30.0
-2530.2 -8092.4 30.0
-2536.5 -8086.4 29.9
-2548.6 -8091.9 30.1
-2388.7 -8080.4 30.2
-2405.6 -8081.7 30.1
-2415.4 -8080.9 30.1
-2458.0 -8082.0 30.0
-2471.5 -8079.9 30.0
-2478.1 -8079.7 30.0
-2484.9 -8080.4 30.0
-2496.9 -8079.9 29.9
-2510.5 -8080.2 29.9
-2514.8 -8079.1 29.9
-2526.3 -8082.5 29.9
-2347.3 -8072.3 30.2
-2416.9 -8066.6 29.9
-2430.0 -8068.8 29.9
-2438.4 -8071.4 29.9
-2451.0 -8067.2 29.9
-2460.5 -8071.1 29.9
-2480.8 -8068.7 29.8
-2485.3 -8070.8 29.8
-2495.8 -8067.5 29.8
-2506.2 -8069.7 29.8
-2525.0 -8072.1 29.8
-2538.7 -8069.7 29.7
-2547.2 -8068.4 29.7
-2569.2 -8070.9 29.9
-2330.9 -8058.6 30.0
-2379.4 -8056.1 29.9
-2388.4 -8057.4 29.9
-2408.1 -8058.7 29.9
-2419.2 -8059.5 29.9
-2427.1 -8059.5 29.8
-2439.2 -8057.3 29.8
-2446.2 -8059.8 29.8
-2478.2 -8058.2 29.7
-2507.5 -8059.2 29.7
-2518.9 -8057.4 29.6
-2525.7 -8060.5 29.6
-2536.0 -8062.6 29.6
-2550.5 -8062.5 29.7
-2326.7 -8049.2 29.9
-2390.6 -8049.0 29.8
-2406.9 -8047.9 29.7
-2439.7 -8051.9 29.7
-2445.5 -8051.2 29.7
-2470.4 -8048.9 29.6
-2480.2 -8047.8 29.6
-2507.4 -8052.4 29.6
-2520.4 -8046.1 29.5
-2318.8 -8040.5 29.8
-2387.6 -8036.1 29.6
-2429.9 -8038.4 29.6
-2485.0 -8037.1 29.5
-2500.5 -8036.3 29.4
-2566.5 -8041.6 29.5
-2350.5 -8029.0 29.6
-2358.0 -8029.1 29.6
-2396.7 -8026.2 29.5
-2415.3 -8030.5 29.5
-2439.3 -8028.4 29.4
-2444.9 -8027.4 29.4
-2467.9 -8029.2 29.4
-2486.9 -8029.2 29.4
-2527.9 -8026.6 29.2
-2347.7 -8021.7 29.6
-2355.6 -8020.6 29.5
-2390.4 -8018.9 29.4
-2395.9 -8020.3 29.4
-2408.6 -8019.2 29.4
-2415.7 -8021.2 29.4
-2439.5 -8022.3 29.4
-2450.4 -8019.5 29.3
-2455.8 -8017.8 29.3
-2479.3 -8021.9 29.3
-2486.6 -8016.4 29.2
-2509.8 -8022.1 29.2
-2337.7 -8011.5 29.5
-2395.8 -8011.5 29.3
-2417.8 -8009.5 29.3
-2449.9 -8010.0 29.2
-2457.1 -8011.7 29.2
-2467.3 -8008.5 29.2
-2488.7 -8009.5 29.1
-2499.4 -8006.3 29.1
-2338.0 -8002.1 29.4
-2390.1 -7996.4 29.2
-2400.7 -7997.7 29.2
-2406.9 -7998.8 29.2
-2417.7 -7998.3 29.1
-2445.2 -7998.5 29.1
-2466.9 -7999.7 29.1
-2487.5 -8001.1 29.0
-2517.9 -7996.1 28.9
-2537.3 -7999.9 28.9
-2366.8 -7988.4 29.1
-2380.5 -7992.6 29.2
-2395.7 -7987.2 29.1
-2419.7 -7990.0 29.0
-2436.9 -7987.9 29.0
-2447.7 -7987.6 29.0
-2458.5 -7987.3 28.9
-2468.7 -7989.2 28.9
-2475.4 -7987.3 28.9
-2490.4 -7988.9 28.9
-2506.3 -7988.6 28.8
-2320.7 -7976.9 29.1
-2370.7 -7977.5 29.0
-2398.3 -7981.9 29.0
-2410.2 -7980.2 28.9
-2425.6 -7976.1 28.9
-2435.7 -7977.7 28.9
-2446.5 -7978.7 28.9
-2466.6 -7976.7 28.8
-2480.7 -7976.6 28.8
-2496.8 -7976.7 28.7
-2506.7 -7978.3 28.7
-2516.6 -7978.5 28.7
-2545.9 -7979.5 28.7
-2285.0 -7969.1 29.1
-2326.0 -7966.1 29.0
-2335.5 -7970.0 29.0
-2356.4 -7967.3 28.9
-2365.7 -7967.8 28.9
-2377.0 -7966.6 28.9
-2385.0 -7967.5 28.9
-2418.3 -7969.0 28.8
-2435.7 -7972.1 28.8
-2450.7 -7966.9 28.7
-2479.3 -7967.9 28.7
-2486.3 -7968.9 28.7
-2510.3 -7969.8 28.6
-2515.9 -7971.5 28.6
-2549.1 -7970.1 28.5
-2309.2 -7959.4 28.9
-2316.0 -7958.1 28.9
-2328.4 -7958.5 28.9
-2349.0 -7962.4 28.9
-2359.2 -7962.3 28.8
-2370.6 -7958.0 28.8
-2377.9 -7958.0 28.8
-2411.4 -7957.5 28.7
-2467.8 -7960.7 28.6
-2486.5 -7957.6 28.5
-2495.8 -7960.9 28.5
-2268.8 -7946.3 28.9
-2316.7 -7951.9 28.8
-2349.5 -7950.5 28.7
-2381.0 -7947.8 28.6
-2385.0 -7947.7 28.6
-2430.6 -7947.1 28.5
-2446.3 -7947.0 28.5
-2459.3 -7951.7 28.5
-2510.4 -7947.0 28.4
-2514.9 -7951.8 28.4
-2327.5 -7940.1 28.7
-2347.4 -7940.2 28.6
-2361.0 -7936.4 28.5
-2389.1 -7941.6 28.5
-2419.2 -7940.4 28.5
-2427.8 -7941.0 28.5
-2439.4 -7942.1 28.4
-2525.5 -7942.1 28.3
-2310.6 -7932.1 28.6
-2315.0 -7928.7 28.5
-2348.8 -7927.2 28.4
-2476.7 -7926.7 28.2
-2308.2 -7916.7 28.3
-2315.1 -7919.3 28.3
-2346.4 -7921.8 28.3
-2309.6 -7908.8 28.1
-2319.1 -7911.6 28.2
-2387.8 -7911.0 28.0
-2306.3 -7901.5 28.0
-2359.3 -7898.1 27.8
-2310.9 -7888.8 28.0
-2337.7 -7889.6 27.9
-2281.1 -7880.5 28.1
-2330.0 -7882.4 27.9
-1889.6 -8420.7 28.1
-1883.0 -8406.0 27.8
-1911.1 -8408.1 28.3
-1880.1 -8399.1 27.7
-1921.3 -8398.4 28.3
-1939.9 -8386.2 28.4
-1874.6 -8377.1 27.2
-1991.7 -8355.7 28.7
-1861.0 -8344.8 26.6
-1993.1 -8349.7 28.6
-2004.0 -8350.4 28.8
-2013.3 -8339.9 28.7
-2021.4 -8337.9 28.8
-1852.2 -8329.8 26.7
-2010.3 -8325.0 28.3
-1842.4 -8316.8 26.9
-1851.8 -8320.2 26.8
-2001.3 -8317.8 28.0
-2010.3 -8314.8 28.1
-2009.6 -8309.3 28.0
-1830.0 -8300.3 26.8
-1839.8 -8299.8 27.0
-1994.2 -8295.1 27.4
-2061.3 -8295.1 28.5
-1839.4 -8290.5 26.9
-2020.8 -8285.9 27.6
-2032.6 -8286.5 27.8
-2038.1 -8285.1 27.9
-2052.7 -8291.2 28.3
-1830.6 -8280.4 26.7
-1813.1 -8246.0 26.2
-1818.6 -8246.9 26.3
-1801.9 -8238.8 26.1
-1808.9 -8237.7 26.1
-1801.5 -8228.7 26.1
-1798.7 -8207.7 26.2
-1794.6 -8199.3 26.2
-1801.4 -8198.3 26.2
-1842.8 -7781.6 26.9
-1838.3 -7770.4 26.7
-1645.5 -7765.8 24.9
-1842.3 -7763.1 26.7
-1677.1 -7752.9 25.4
-1682.6 -7746.4 25.3
-1845.1 -7744.9 26.5
-1625.9 -7734.2 24.7
-1633.1 -7734.5 24.8
-1656.9 -7732.9 25.0
-1662.4 -7731.1 25.0
-1625.0 -7724.3 24.7
-1674.5 -7722.0 25.0
-1618.3 -7701.8 24.8
-1623.4 -7700.7 24.8
-1593.7 -7691.6 24.8
-1622.7 -7696.5 24.8
-1583.9 -7681.0 24.9
-1593.1 -7686.1 25.0
-1604.0 -7683.5 25.2
-1667.0 -7685.2 24.9
-1574.4 -7672.4 24.9
-1617.6 -7674.9 25.4
-1657.9 -7671.9 25.3
-1666.0 -7671.7 25.2
-1676.4 -7666.5 25.3
-1683.6 -7663.8 25.4
-1805.5 -7645.8 25.3
-1812.7 -7642.5 25.3
-1795.9 -7634.0 25.6
-1808.3 -7630.7 25.7
-1812.1 -7635.5 25.5
-1783.9 -7625.2 26.0
-1793.3 -7625.6 25.9
-1505.5 -7613.0 22.9
-1518.1 -7612.0 23.4
-1792.2 -7610.1 26.1
-1507.2 -7601.8 22.7
-1516.5 -7605.6 23.1
-1806.7 -7602.1 26.0
-1502.7 -7591.6 22.2
-1513.0 -7590.3 22.5
-1512.7 -7580.0 22.1
-1513.0 -7571.6 21.8
-1522.5 -7575.1 22.2
-1493.4 -7563.3 20.9
-1513.5 -7552.8 21.1
-1526.6 -7552.4 21.5
-1523.8 -7539.9 21.0
-1787.4 -7483.9 23.1
-1596.3 -7465.6 20.8
-1602.8 -7465.0 20.8
-1616.9 -7465.2 21.0
-1622.5 -7462.5 21.0
-1664.6 -7463.9 21.4
-1624.3 -7451.2 21.0
-1635.7 -7452.1 21.1
-1656.2 -7455.2 21.3
-1636.3 -7443.0 21.1
-1641.9 -7443.1 21.2
-1647.0 -7435.8 21.2
-1464.5 -8063.2 23.4
-1494.0 -8059.7 23.1
-1499.6 -8052.5 23.2
-1436.3 -8042.2 22.9
-1463.4 -8039.2 23.3
-1535.4 -8041.4 23.4
-1425.0 -8029.1 22.1
-1438.4 -8030.8 22.6
-1445.1 -8029.8 22.7
-1516.4 -8034.9 23.2
-1535.7 -8030.8 23.3
-1418.5 -8021.3 22.0
-1436.3 -8024.5 22.3
-1465.2 -8021.3 23.1
-1489.8 -8023.5 23.1
-1495.4 -8020.7 23.1
-1507.7 -8019.1 23.2
-1533.7 -8025.1 23.3
-1439.6 -8014.8 22.3
-1466.9 -8013.1 22.8
-1514.2 -8014.2 23.2
-1536.9 -8012.6 23.3
-1548.2 -8009.9 23.4
-1456.1 -8004.0 22.5
-1496.6 -8002.9 23.1
-1536.9 -8003.0 23.3
-1543.8 -8005.0 23.3
-1476.3 -7991.9 22.8
-1489.2 -7993.0 23.0
-1497.5 -7991.1 23.0
-1508.5 -7989.6 23.1
-1513.5 -7994.5 23.1
-1557.7 -7993.2 23.4
-1489.6 -7982.0 23.0
-1494.8 -7984.6 23.0
-1517.9 -7982.6 23.2
-1546.5 -7984.3 23.4
-1553.4 -7983.1 23.4
-1577.6 -7979.8 23.6
-1515.8 -7972.9 23.1
-1523.6 -7969.4 23.2
-1539.3 -7969.7 23.3
-1547.6 -7975.2 23.4
-1569.4 -7973.4 23.6
-1573.4 -7970.4 23.6
-1539.4 -7964.8 23.3
-1556.4 -7963.8 23.4
-1575.4 -7960.7 23.6
-1586.8 -7961.5 23.7
-1593.2 -7961.9 23.8
-1548.1 -7951.6 23.3
-1556.5 -7949.0 23.4
-1566.9 -7949.6 23.5
-1579.5 -7953.2 23.6
-1566.1 -7940.5 23.5
-1583.9 -7945.0 23.6
-1576.4 -7934.8 23.8
-1837.2 -8151.4 26.2
-1832.5 -8143.3 26.0
-1617.0 -7864.2 24.2
-1631.1 -7867.4 24.4
-1590.2 -7852.9 23.8
-1597.8 -7855.6 23.9
-1608.5 -7854.0 24.1
-1620.0 -7852.9 24.3
-1629.9 -7853.4 24.5
-1645.2 -7855.3 24.7
-1667.1 -7852.7 25.1
-1678.9 -7854.4 25.3
-1610.8 -7842.0 24.2
-1666.1 -7848.1 25.1
-1678.8 -7842.9 25.3
-1688.4 -7846.6 25.5
-1700.0 -7842.2 25.7
-1568.8 -7834.3 23.5
-1588.3 -7832.7 23.8
-1606.9 -7837.6 24.1
-1625.2 -7835.7 24.4
-1666.5 -7833.4 25.1
-1695.8 -7837.7 25.7
-1711.2 -7833.9 26.0
-1551.2 -7825.5 23.3
-1556.7 -7824.3 23.3
-1569.3 -7824.7 23.5
-1578.6 -7828.1 23.7
-1666.3 -7825.0 25.2
-1675.7 -7827.3 25.3
-1700.7 -7828.2 25.8
-1695.5 -7817.6 25.7
-1716.3 -7813.7 26.0
-1518.1 -7804.6 22.9
-1499.3 -7796.4 23.1
-1510.1 -7793.6 23.1
-1804.0 -8059.4 25.5
-1813.5 -8062.8 25.6
-1785.4 -8050.1 25.3
-1807.4 -8049.5 25.8
-1812.8 -8047.7 26.0
-1805.5 -8041.8 26.0
-1824.4 -8041.4 26.4
-1776.5 -8033.0 25.5
-1795.2 -8027.7 26.0
-1773.6 -8023.7 25.6
-1798.9 -8023.2 26.1
-1828.4 -8022.6 26.8
-1766.0 -8009.9 25.6
-1775.6 -8008.5 25.8
-1785.5 -8012.0 26.0
-1824.5 -8013.8 26.8
-1837.9 -8010.1 27.1
-1754.6 -8002.9 25.4
-1768.7 -8000.4 25.7
-1798.5 -8000.4 26.4
-1804.5 -8002.0 26.5
-1826.2 -8000.8 27.0
-1838.6 -7998.8 27.3
-1736.5 -7988.8 25.2
-1745.8 -7989.6 25.4
-1763.4 -7989.5 25.7
-1786.4 -7991.4 26.2
-1807.6 -7991.1 26.7
-1814.1 -7992.4 26.8
-1738.7 -7983.2 25.3
-1743.6 -7979.9 25.4
-1777.6 -7982.1 26.1
-1784.7 -7983.8 26.3
-1814.5 -7980.2 27.0
-1838.8 -7983.6 27.4
-1715.9 -7972.1 25.0
-1724.1 -7970.8 25.1
-1853.0 -7971.5 27.9
-1705.2 -7959.8 24.9
-1712.8 -7961.2 25.0
-1723.9 -7963.9 25.2
-1867.8 -7957.6 28.0
-1696.1 -7951.1 24.9
-1707.3 -7951.7 25.0
-1723.8 -7948.4 25.4
-1857.1 -7952.3 27.8
-1698.5 -7940.4 25.0
-1716.6 -7941.7 25.3
-1888.1 -7939.7 28.5
-1979.3 -7939.9 30.0
-1704.0 -7933.8 25.2
-1715.6 -7933.0 25.4
-1859.3 -7929.0 28.1
-1863.6 -7931.6 28.2
-1945.5 -7928.4 29.7
-1966.2 -7930.7 30.0
-1924.4 -7921.1 29.4
-1943.9 -7918.4 29.8
-1953.3 -7921.5 30.0
-1723.1 -7907.6 25.8
-1853.6 -7908.8 28.1
-1864.4 -7913.2 28.3
-1915.1 -7912.2 29.3
-1874.3 -7897.6 28.3
-1887.9 -7899.5 28.6
-1897.6 -7901.7 28.8
-1714.5 -7889.1 25.8
-1866.9 -7893.8 28.1
-1889.0 -7887.6 28.5
-1914.2 -7893.2 29.0
-1725.4 -7880.6 26.0
-1858.6 -7883.0 28.1
-1946.2 -7881.6 29.4
-1853.5 -7859.1 28.0
-1907.8 -7858.8 28.5
-1917.1 -7853.3 28.5
-1717.1 -7839.0 26.0
-1725.9 -7837.5 26.2
-1727.0 -7830.6 26.3
-1744.7 -7830.1 26.5
-1777.0 -7830.8 27.0
-1857.3 -7833.2 27.7
-1867.6 -7828.5 27.7
-1876.0 -7828.0 27.7
-1922.4 -8142.1 27.5
-1917.3 -8135.5 27.4
-1956.8 -8133.7 27.9
-1898.3 -8127.6 27.0
-1907.4 -8127.9 27.2
-1921.7 -8126.1 27.5
-1947.2 -8127.1 28.0
-1954.9 -8124.3 28.0
-1965.6 -8122.6 28.0
-1985.7 -8126.8 28.0
-1876.3 -8118.4 26.6
-1928.2 -8113.5 27.8
-1952.7 -8113.3 28.1
-1976.8 -8117.5 28.1
-1853.1 -8102.9 26.0
-1943.5 -8108.3 28.2
-1977.1 -8105.5 28.3
-2011.8 -8108.4 28.1
-2022.1 -8106.9 28.1
-2036.7 -8108.2 28.2
-1846.4 -8094.9 25.8
-1872.8 -8095.3 26.6
-1881.8 -8095.5 26.9
-1898.0 -8097.0 27.4
-2016.7 -8097.3 28.2
-1845.8 -8086.8 25.8
-1857.1 -8084.3 26.1
-1876.3 -8088.6 26.7
-1952.2 -8083.4 28.6
-1976.9 -8085.6 28.6
-1885.8 -8072.5 27.0
-1897.7 -8066.4 27.4
-1906.3 -8063.2 27.7
-1937.3 -8067.0 28.5
-1955.2 -8063.9 28.9
-1885.2 -8057.4 27.3
-1894.5 -8052.0 27.7
-2018.4 -8057.3 28.8
-2023.8 -8057.1 28.9
-2065.9 -8056.2 29.2
-1896.7 -8046.8 27.8
-1924.6 -8043.6 28.5
-1958.3 -8043.9 29.2
-1968.0 -8045.0 29.2
-2007.9 -8047.2 28.9
-2013.1 -8045.7 29.0
-1924.9 -8032.9 28.7
-1955.9 -8036.4 29.3
-1961.9 -8036.5 29.3
-1974.4 -8037.0 29.2
-2002.4 -8036.1 29.0
-2013.6 -8037.1 29.1
-1927.6 -8025.3 28.9
-1947.3 -8027.2 29.2
-1958.3 -8027.8 29.4
-1978.0 -8026.2 29.2
-1982.2 -8025.1 29.2
-1995.8 -8016.4 29.3
-2031.8 -8014.1 29.6
-2251.7 -8383.1 31.8
-2243.3 -8378.6 31.8
-2254.7 -8377.9 31.9
-2232.7 -8368.3 31.6
-2222.5 -8354.3 31.5
-2192.5 -8343.2 31.2
-2193.4 -8332.4 31.1
-2172.4 -8327.2 30.8
-2183.2 -8327.5 30.9
-2161.3 -8308.7 30.4
-2173.4 -8308.6 30.5
-2135.6 -8298.3 29.9
-2146.3 -8292.8 30.0
-2153.5 -8293.9 30.1
-2166.3 -8295.2 30.2
-2115.6 -8286.8 29.3
-2122.5 -8284.5 29.4
-2133.4 -8283.3 29.6
-2142.1 -8286.0 29.8
-2115.6 -8276.1 29.1
-2123.3 -8276.4 29.2
-2094.9 -8262.9 28.6
-2095.3 -8258.2 28.6
-2102.9 -8255.7 28.8
-2110.8 -8256.2 28.9
-2091.3 -8248.3 28.4
-2105.7 -8242.6 28.7
-2113.1 -8243.3 29.0
-2114.1 -8222.9 29.0
-2132.7 -8193.3 28.4
-2125.7 -8177.5 27.9
-2086.9 -8166.4 27.7
-2117.4 -8167.6 28.0
-2125.3 -8162.8 28.1
-2097.1 -8154.1 28.0
-2100.9 -8156.4 28.0
-2066.5 -8143.0 27.9
-2071.6 -8145.9 27.9
-2093.9 -8147.5 28.1
-2101.3 -8147.1 28.1
-2111.0 -8147.0 28.2
-2082.3 -8137.6 28.1
-2595.0 -7990.1 29.0
-2594.6 -7979.5 28.8
-2563.0 -7970.9 28.5
-2567.9 -7964.6 28.4
-2564.5 -7951.7 28.3
-2582.6 -7952.9 28.4
-2594.2 -7954.4 28.5
-2587.1 -7940.0 28.2
-2535.8 -7923.6 28.0
-2482.6 -7913.8 27.9
-2505.9 -7915.9 28.0
-2517.3 -7910.7 27.8
-2526.0 -7915.9 27.9
-2413.0 -7900.9 27.8
-2423.8 -7903.6 27.8
-2432.9 -7900.0 27.7
-2447.6 -7903.6 27.8
-2455.8 -7903.6 27.8
-2466.3 -7903.0 27.8
-2476.5 -7902.3 27.7
-2488.9 -7898.2 27.6
-2415.9 -7890.9 27.6
-2429.0 -7891.6 27.6
-2439.1 -7889.9 27.5
-2459.0 -7893.0 27.6
-2465.3 -7892.2 27.5
-2354.8 -7881.5 27.8
-2367.7 -7882.9 27.7
-2376.6 -7882.8 27.7
-2324.0 -7869.3 27.9
-2337.9 -7869.9 27.9
-2345.6 -7868.5 27.8
-2355.4 -7870.4 27.8
-2234.8 -7858.0 28.4
-2248.8 -7857.5 28.3
-2317.1 -7861.4 28.0
-2306.4 -7848.4 28.0
-2326.1 -7847.5 27.9
-2307.7 -7839.5 28.0
-2317.7 -7838.9 28.0
-2329.3 -7842.7 27.9
-2268.1 -7832.2 28.2
-2275.2 -7832.5 28.2
-2295.6 -7829.6 28.1
-2314.7 -7831.0 28.0
-2274.5 -7821.3 28.2
-2298.9 -7818.4 28.0
