6018.0 -7048.0 35.1
6026.8 -7036.0 34.8
6015.7 -7039.6 34.8
5997.9 -7042.2 34.7
5995.9 -7032.2 34.5
6059.8 -7005.7 34.0
6046.9 -7006.7 33.9
6055.6 -6998.5 33.7
6039.9 -7002.0 33.8
6028.1 -6996.4 33.5
6054.9 -6990.2 33.5
6046.6 -6987.3 33.5
6480.0 -6554.4 35.4
6469.8 -6555.9 35.4
6487.3 -6545.4 35.3
6477.6 -6545.0 35.4
6468.5 -6538.6 35.4
6449.8 -6539.7 35.5
6484.9 -6526.9 35.4
6476.7 -6527.4 35.4
6469.9 -6515.7 35.4
6440.0 -6517.5 35.5
6484.1 -6504.7 35.5
6458.8 -6506.1 35.5
6446.6 -6510.3 35.5
6494.0 -6498.0 35.5
6493.9 -6488.9 35.5
6445.9 -6487.8 35.6
6499.6 -6474.3 35.5
6488.6 -6476.1 35.6
6467.7 -6476.7 35.6
6599.8 -6664.2 33.8
6588.1 -6665.7 34.0
6573.6 -6663.5 34.2
6629.6 -6651.0 33.6
6645.4 -6645.7 33.6
6638.7 -6645.7 33.6
6617.7 -6640.2 33.9
6646.3 -6633.7 33.8
6553.7 -6604.7 34.9
6546.4 -6604.9 35.0
6537.4 -6604.5 35.1
6576.1 -6593.3 34.8
6567.8 -6594.0 34.9
6556.7 -6592.6 35.0
6538.1 -6592.8 35.2
6597.1 -6584.2 34.8
6523.9 -6563.5 35.2
6539.6 -6553.7 35.2
6648.7 -6915.1 34.4
6628.2 -6909.3 34.4
6619.3 -6910.8 34.3
6669.2 -6898.0 34.5
6625.7 -6898.1 34.4
6616.4 -6897.3 34.4
6609.7 -6899.4 34.4
6663.6 -6887.7 34.5
6596.7 -6886.3 34.4
6663.9 -6879.6 34.5
6647.1 -6865.5 34.6
6657.1 -6845.3 35.0
6613.5 -6846.1 34.9
6653.8 -6839.8 35.0
6648.6 -6835.7 35.1
6644.0 -6814.6 35.2
6645.6 -6809.7 35.1
6634.8 -6809.2 35.1
6618.1 -6799.0 35.0
6614.5 -6779.4 34.8
6623.2 -6755.0 34.4
6615.4 -6746.6 34.3
6608.1 -6746.3 34.4
6655.7 -6739.5 33.9
6649.6 -6735.6 33.9
6633.6 -6736.9 34.1
6558.7 -6738.5 34.6
6557.4 -6731.6 34.5
6559.0 -6718.7 34.3
6580.2 -6711.1 34.3
6569.8 -6708.9 34.4
6719.8 -6871.2 34.7
6553.0 -6884.6 34.3
6560.0 -6874.5 34.3
6536.9 -6873.7 34.3
6530.7 -6863.2 34.4
6561.4 -6855.7 34.6
6563.3 -6847.1 34.7
6568.2 -6812.1 35.4
6548.5 -6822.9 35.1
6525.4 -6820.2 35.1
6516.7 -6825.5 35.0
6507.4 -6826.3 34.9
6539.0 -6814.3 35.3
6528.0 -6812.8 35.3
6536.0 -6804.9 35.5
6524.7 -6804.6 35.5
6515.1 -6792.5 35.6
6521.5 -6983.5 33.4
6522.3 -6972.0 33.5
6332.0 -6986.2 32.0
6323.3 -6987.4 32.0
6323.5 -6977.0 32.0
6678.4 -7011.3 34.2
6287.8 -6874.0 33.4
6327.5 -6914.7 32.9
6357.4 -6888.6 33.5
6361.0 -6813.7 34.7
6178.3 -6790.9 33.7
5935.5 -6881.6 34.0
5836.8 -6880.4 32.2
5947.1 -6873.0 34.2
5829.8 -6869.7 31.9
5966.6 -6859.9 34.5
5844.7 -6863.4 32.2
5834.8 -6859.7 32.0
5968.2 -6854.5 34.5
5959.9 -6855.0 34.3
5840.5 -6852.7 32.1
5827.7 -6854.4 31.9
5827.3 -6842.7 32.0
5968.1 -6832.7 34.2
5961.0 -6833.6 34.1
5895.5 -6834.9 33.1
5885.4 -6831.3 32.9
5880.1 -6835.0 32.8
5870.2 -6835.3 32.7
5829.3 -6833.7 32.0
5915.0 -6823.4 33.4
5910.7 -6823.1 33.4
5898.3 -6823.8 33.2
5875.1 -6824.2 32.8
5845.0 -6823.4 32.3
5957.6 -6808.9 34.2
5949.4 -6813.1 34.0
5940.2 -6811.2 33.9
5905.9 -6812.5 33.3
5896.4 -6815.1 33.2
5868.5 -6812.9 32.8
5886.9 -6991.6 32.3
5870.4 -6991.3 32.1
5945.0 -6981.2 33.4
5898.3 -6985.2 32.5
5875.9 -6979.2 32.1
5857.8 -6983.1 31.9
5844.1 -6982.7 31.7
5840.3 -6982.6 31.6
5950.0 -6968.9 33.7
5828.6 -6974.1 31.5
5946.3 -6963.4 33.7
5925.7 -6960.5 33.4
5866.6 -6962.8 32.2
5855.4 -6965.4 32.0
5939.5 -6939.5 34.0
5829.7 -6943.4 31.8
5959.8 -6933.1 34.5
5950.6 -6933.0 34.3
5905.8 -6931.5 33.5
5887.1 -6930.2 33.1
5959.9 -6920.5 34.6
5935.2 -6924.0 34.2
5916.2 -6923.9 33.8
5897.7 -6923.9 33.4
5966.2 -6905.4 34.7
5864.4 -6901.6 32.8
5858.6 -6901.5 32.7
6321.4 -6753.5 35.5
6307.2 -6750.1 35.5
6319.1 -6740.2 35.5
6312.2 -6733.2 35.5
6302.5 -6712.4 35.5
6302.7 -6700.3 35.1
5885.0 -7048.3 32.4
5836.9 -7044.6 31.9
5805.3 -7042.9 31.1
5795.7 -7045.5 30.7
5787.1 -7043.1 30.4
5760.6 -7045.0 29.2
5755.2 -7043.3 29.1
5746.6 -7046.0 28.6
5734.4 -7048.7 28.1
5862.3 -7033.8 32.2
5851.2 -7035.9 32.0
5844.3 -7037.5 31.9
5796.8 -7034.9 31.0
5771.8 -7038.3 29.9
6661.5 -7085.7 33.7
6649.2 -7089.3 33.6
5782.9 -6955.8 30.8
5711.5 -6927.6 29.8
5702.4 -6928.8 29.7
5799.0 -6904.8 31.6
5718.6 -6909.8 30.1
5712.0 -6905.4 30.0
5768.8 -6896.5 31.0
5719.9 -6900.5 30.1
5711.4 -6897.4 29.9
5702.9 -6895.7 29.8
5787.7 -6888.7 31.3
5769.6 -6886.2 30.9
5758.0 -6885.7 30.7
5748.6 -6887.9 30.6
5729.7 -6891.3 30.2
6347.5 -6523.7 36.3
6297.1 -6441.9 35.8
6300.4 -6433.9 35.5
6289.9 -6437.7 35.7
6316.9 -6415.9 35.1
6287.7 -6412.7 35.0
6035.7 -7354.6 37.7
6437.6 -6995.1 32.7
6426.1 -6970.3 33.0
6420.7 -6960.4 33.0
6419.9 -6928.2 33.1
6407.9 -6927.9 33.1
6455.9 -6906.2 33.6
6431.4 -6899.6 33.6
6253.2 -6896.7 32.9
6241.6 -6895.6 32.9
6231.2 -6891.4 32.9
6238.7 -6867.0 33.4
5857.1 -6820.7 32.5
5830.3 -6820.3 32.1
5809.7 -6820.9 31.8
5826.3 -6805.7 32.1
5920.2 -6776.1 33.7
5928.4 -6769.6 33.9
5885.0 -6764.7 33.2
5838.4 -6769.0 32.4
5814.8 -6765.2 32.0
5807.5 -6770.5 31.9
5926.7 -6755.6 33.9
5907.3 -6754.5 33.6
5885.1 -6759.3 33.2
5857.4 -6755.8 32.8
5836.5 -6760.9 32.4
5818.8 -6754.6 32.1
5927.8 -6746.9 33.9
5897.3 -6749.8 33.4
5858.8 -6749.9 32.8
5808.0 -6747.3 32.0
5924.6 -6738.8 33.9
5905.5 -6740.4 33.6
5898.9 -6738.8 33.5
5890.5 -6738.2 33.4
5876.6 -6740.1 33.1
5839.6 -6739.9 32.5
5819.2 -6738.0 32.2
5805.3 -6736.8 31.9
5873.0 -6706.6 33.2
5847.0 -6706.3 32.7
5792.8 -6706.0 31.8
5781.6 -6706.3 31.6
5917.0 -6700.6 34.2
5926.7 -6685.4 34.3
5916.0 -6687.2 34.2
5857.0 -6688.8 33.1
5846.6 -6685.7 32.9
5834.8 -6686.9 32.7
5921.6 -6675.9 34.2
5912.4 -6680.4 34.1
5886.2 -6674.1 33.6
5871.1 -6675.0 33.4
5847.0 -6674.3 33.0
5837.5 -6677.3 32.8
5815.3 -6678.3 32.4
5796.9 -6677.9 32.0
5917.2 -6667.4 34.1
5896.9 -6664.9 33.8
5881.7 -6669.7 33.5
5862.5 -6664.8 33.2
5832.6 -6665.3 32.7
5826.4 -6665.1 32.6
5814.4 -6664.9 32.4
5807.5 -6669.0 32.3
5906.2 -6655.2 33.9
5885.0 -6656.0 33.6
5876.3 -6655.1 33.4
5854.4 -6659.0 33.1
5835.6 -6657.2 32.7
5825.1 -6657.8 32.6
5815.0 -6656.3 32.4
5806.7 -6657.2 32.2
5922.0 -6647.4 34.2
5911.8 -6648.6 34.0
5865.1 -6648.8 33.2
5853.3 -6650.7 33.0
5846.5 -6647.8 32.9
5916.9 -6636.0 34.1
5904.3 -6638.4 33.9
5862.2 -6640.2 33.1
5846.7 -6635.5 32.9
5835.1 -6637.2 32.7
5823.8 -6635.6 32.5
5933.2 -6630.7 34.3
5892.2 -6630.0 33.6
5834.5 -6625.2 32.6
5824.2 -6625.4 32.4
5814.5 -6626.0 32.2
5803.5 -6629.3 32.1
5911.1 -6619.1 33.9
5907.2 -6617.2 33.8
5882.8 -6618.8 33.4
5843.0 -6620.1 32.7
5831.7 -6619.6 32.5
5814.0 -6619.8 32.2
5807.3 -6614.7 32.0
5924.9 -6606.9 34.1
5892.5 -6607.6 33.5
5805.6 -6604.4 32.0
5915.1 -6598.9 33.8
5892.5 -6597.2 33.4
5873.9 -6596.5 33.1
5846.4 -6600.8 32.6
5836.1 -6596.5 32.4
5823.4 -6596.0 32.3
5937.2 -6586.8 34.1
5844.7 -6587.6 32.6
5823.0 -6588.0 32.3
5815.6 -6587.8 32.2
5934.8 -6580.0 34.0
5902.9 -6576.3 33.4
5871.4 -6578.6 32.9
5856.9 -6576.2 32.8
5785.7 -6577.3 31.9
5907.7 -6570.6 33.5
5896.1 -6570.2 33.3
5884.3 -6565.3 33.2
5874.5 -6567.5 33.0
5864.3 -6565.6 32.9
5852.9 -6567.6 32.8
5844.3 -6565.2 32.7
5786.6 -6567.9 32.0
5914.5 -6560.6 33.5
5872.8 -6559.1 33.1
5843.8 -6559.8 32.7
5835.3 -6558.2 32.6
5824.6 -6557.9 32.5
5812.4 -6559.2 32.3
5783.4 -6559.8 32.0
5937.5 -6546.1 33.9
5886.2 -6550.0 33.3
5783.6 -6548.0 32.1
5913.0 -6538.1 33.6
5883.6 -6536.8 33.3
5812.4 -6536.0 32.5
5786.4 -6537.6 32.1
5941.9 -6528.7 34.0
5925.1 -6530.7 33.8
5901.6 -6526.7 33.6
5886.7 -6525.4 33.4
5862.2 -6530.2 33.1
5836.8 -6524.3 32.8
5824.1 -6530.5 32.6
5924.4 -6516.4 33.9
5914.8 -6514.4 33.8
5904.0 -6518.8 33.6
5886.1 -6519.7 33.4
5872.1 -6519.4 33.3
5866.6 -6515.6 33.2
5855.4 -6516.3 33.1
5836.1 -6516.7 32.8
5944.8 -6510.5 34.2
5925.3 -6505.8 34.0
5913.3 -6509.3 33.8
5894.4 -6504.6 33.6
5886.4 -6509.2 33.5
5873.4 -6507.6 33.3
5861.5 -6507.5 33.2
5834.6 -6507.4 32.9
5946.1 -6495.4 34.3
5916.5 -6494.7 33.9
5904.0 -6494.8 33.8
5841.6 -6497.9 33.0
5826.9 -6496.8 32.8
5933.9 -6484.6 34.3
5903.4 -6487.2 33.8
5894.0 -6484.6 33.7
5843.2 -6485.2 33.1
5833.8 -6488.2 33.0
5951.5 -6474.9 34.6
5931.2 -6480.1 34.3
5906.3 -6476.0 33.9
5857.4 -6478.0 33.3
5885.8 -6466.7 33.7
5846.3 -6467.7 33.2
5832.0 -6468.5 33.1
6002.7 -6457.8 35.6
5994.3 -6458.8 35.6
5864.3 -6456.9 33.5
5853.9 -6456.9 33.4
5846.7 -6458.2 33.3
5835.8 -6459.8 33.2
5826.5 -6454.2 33.1
5812.8 -6457.1 32.9
5856.1 -6449.3 33.5
5792.0 -6444.2 32.7
5906.8 -6436.5 34.4
5793.9 -6438.3 32.8
6085.0 -6851.7 31.9
6117.1 -6821.5 32.8
6109.1 -6823.7 32.8
6116.8 -6816.3 33.1
6151.1 -6932.4 31.9
6139.4 -6916.7 31.8
6368.5 -7438.8 35.8
6403.8 -7425.0 35.5
6372.6 -7423.0 35.5
6540.3 -7414.3 34.3
6520.4 -7419.0 34.3
6433.9 -7415.6 35.3
6422.9 -7415.8 35.3
6388.7 -7419.1 35.4
6368.6 -7417.9 35.4
6358.9 -7413.6 35.3
6433.2 -7407.5 35.1
6423.9 -7402.8 35.0
6410.3 -7406.5 35.1
6402.7 -7403.3 35.1
6392.7 -7402.9 35.1
6381.9 -7404.2 35.1
6362.2 -7403.0 35.1
6348.6 -7408.2 35.2
6543.4 -7398.3 33.9
6532.6 -7393.0 34.0
6519.5 -7392.5 34.2
6442.0 -7398.7 34.9
6428.1 -7396.4 34.9
6418.4 -7394.3 34.9
6409.3 -7395.0 35.0
6388.1 -7396.1 35.0
6371.7 -7395.7 35.0
6340.6 -7394.2 35.2
6550.5 -7388.2 33.8
6540.5 -7387.9 33.9
6529.4 -7385.3 34.0
6438.3 -7389.0 34.7
6419.3 -7382.8 34.8
6398.5 -7386.1 34.8
6393.0 -7387.8 34.8
6378.1 -7383.2 34.8
6353.3 -7383.4 35.0
6552.6 -7379.1 33.7
6539.4 -7373.4 33.8
6520.7 -7379.1 34.1
6440.1 -7376.0 34.6
6422.6 -7376.5 34.6
6409.0 -7374.0 34.6
6401.7 -7378.7 34.7
6390.4 -7375.9 34.7
6381.0 -7375.2 34.8
6362.2 -7372.7 34.9
6332.1 -7378.7 35.2
6548.2 -7364.6 33.6
6543.8 -7365.7 33.7
6531.4 -7368.1 33.9
6523.7 -7367.6 34.0
6410.8 -7368.8 34.5
6398.7 -7367.2 34.6
6360.8 -7367.0 34.9
6341.6 -7364.7 35.2
6330.5 -7364.8 35.2
6312.9 -7365.9 35.3
6284.4 -7363.8 35.6
6554.4 -7355.2 33.5
6538.9 -7358.1 33.7
6529.1 -7357.3 33.9
6368.6 -7354.6 34.9
6353.4 -7354.2 35.1
6343.4 -7353.8 35.1
6331.6 -7354.1 35.2
6319.9 -7359.0 35.3
6308.6 -7354.1 35.3
6298.0 -7355.9 35.5
6278.4 -7358.1 35.7
6550.4 -7346.5 33.5
6520.6 -7343.1 33.7
6509.9 -7346.4 33.8
6478.6 -7343.6 34.0
6348.1 -7347.4 35.1
6298.4 -7346.7 35.5
6279.9 -7345.3 35.7
6270.0 -7346.4 35.8
6259.3 -7346.3 35.9
6251.1 -7343.2 35.6
6520.7 -7334.3 33.6
6510.7 -7334.8 33.7
6492.0 -7338.4 33.9
6288.1 -7332.9 35.6
6278.7 -7334.1 35.7
6263.8 -7335.6 35.5
6229.6 -7334.8 35.5
6518.6 -7328.7 33.6
6508.1 -7324.9 33.6
6243.1 -7325.1 35.2
6220.0 -7326.6 35.4
6209.5 -7329.1 35.5
6518.3 -7318.5 33.5
6204.0 -7317.8 35.3
6192.7 -7317.7 35.3
6180.0 -7316.5 35.3
6171.9 -7313.0 35.2
6219.0 -7308.1 35.0
6201.1 -7303.7 35.0
6182.4 -7306.2 35.0
6472.7 -7297.4 33.9
6202.3 -7297.8 34.8
6191.6 -7295.6 34.8
6180.4 -7297.3 34.8
6160.3 -7299.0 34.8
6473.3 -7284.9 34.0
6221.8 -7288.7 34.6
6208.8 -7285.3 34.5
6189.2 -7287.9 34.6
6174.2 -7286.0 34.5
6468.6 -7277.8 34.1
6202.1 -7275.0 34.2
6193.3 -7273.6 34.2
6178.9 -7277.2 34.3
6170.7 -7276.3 34.3
6193.0 -7262.8 34.0
6440.5 -7256.8 34.1
6213.2 -7256.9 33.8
6198.1 -7257.1 33.9
6190.5 -7259.1 33.9
6303.3 -7234.3 33.3
6099.5 -7030.0 33.1
6082.5 -7030.9 33.6
6091.1 -7023.8 33.2
6079.3 -7022.7 33.7
6072.9 -7020.5 34.0
6072.9 -7047.9 34.2
6072.7 -7043.8 34.1
6062.6 -7043.8 34.4
6148.7 -7282.6 34.4
6132.9 -7278.9 34.7
6150.6 -7272.3 34.4
6117.2 -7273.2 34.9
6109.8 -7272.8 35.0
6116.6 -7258.5 34.9
6057.3 -7260.9 34.8
6129.0 -7251.3 34.7
6122.8 -7250.1 34.7
6101.5 -7248.4 35.1
6087.1 -7249.1 35.0
6057.2 -7248.8 34.8
6050.1 -7248.2 34.8
6036.9 -7253.7 34.9
6018.4 -7250.0 35.0
6122.6 -7238.4 34.7
6112.5 -7240.3 34.9
6092.7 -7243.0 35.0
6078.3 -7238.9 34.9
6058.1 -7240.8 34.8
6042.1 -7242.0 34.9
6021.8 -7238.9 34.9
6007.5 -7238.3 34.9
5968.6 -7238.5 34.8
6116.9 -7228.2 34.8
6100.2 -7227.9 35.0
6078.4 -7229.0 34.9
6067.6 -7233.9 34.9
6047.5 -7228.8 34.9
6037.3 -7233.9 34.9
6016.4 -7233.7 34.9
5961.6 -7228.1 34.7
6067.1 -7221.6 34.9
6197.7 -7209.5 33.5
6121.7 -7212.2 34.7
6100.9 -7213.6 35.0
6167.2 -7190.1 33.9
6152.9 -7179.2 34.2
6139.5 -7174.2 34.3
6112.3 -6978.9 32.6
6105.3 -6965.0 32.9
6055.9 -6927.1 33.6
6280.7 -6774.9 35.1
6310.9 -6669.9 35.9
6477.7 -7131.9 32.3
6466.8 -7134.0 32.2
6439.3 -7134.5 32.1
6400.1 -7128.6 31.8
6417.8 -7119.3 32.0
6407.2 -7119.1 31.9
6397.8 -7122.7 31.8
6421.5 -7115.1 32.0
6409.6 -7110.7 32.0
6397.8 -7111.4 31.9
6451.6 -7070.1 32.4
6450.1 -7063.1 32.5
6432.2 -7059.0 32.4
5981.7 -7174.1 34.2
5952.9 -7174.2 33.8
6004.7 -7164.1 34.6
5993.0 -7164.2 34.3
5983.1 -7166.6 34.2
5974.6 -7162.8 34.0
6021.4 -7155.4 35.0
6017.1 -7157.0 34.9
5995.4 -7157.7 34.3
5981.5 -7157.7 34.0
5954.2 -7154.8 33.6
5947.6 -7154.1 33.5
6085.5 -7148.4 34.9
6073.5 -7148.4 35.1
6061.5 -7148.0 35.1
6056.8 -7143.4 35.1
6037.6 -7147.6 35.0
6034.3 -7133.0 35.1
6027.1 -7138.0 35.0
6011.6 -7134.8 34.6
5966.9 -7124.3 33.4
5946.1 -7128.9 33.1
6056.7 -7117.8 35.2
5961.0 -7114.6 33.2
5973.9 -7106.5 33.4
6396.3 -6688.6 36.5
6435.3 -6678.8 35.5
6382.2 -6682.9 36.5
6395.4 -6670.5 36.4
6469.2 -6662.0 35.1
6464.2 -6664.8 35.2
6451.0 -6664.9 35.3
6404.8 -6661.4 36.2
6394.5 -6665.6 36.4
6471.6 -6652.8 35.2
6421.5 -6653.3 35.8
6459.5 -6644.3 35.4
6441.7 -6639.8 35.5
6414.0 -6642.9 35.8
6381.4 -6644.5 36.5
6421.1 -6630.6 35.5
6409.0 -6632.8 35.7
6384.3 -6630.2 36.2
6371.8 -6633.2 36.7
6423.0 -6621.8 35.4
6433.7 -6614.4 35.4
6420.2 -6615.0 35.4
6429.6 -6605.8 35.4
6213.5 -6975.1 31.7
6206.6 -6967.3 31.8
6224.8 -6955.3 32.0
6062.0 -6852.2 32.6
6052.6 -6842.7 32.8
6042.3 -6844.3 33.2
6024.7 -6846.0 34.0
6065.1 -6833.8 33.0
6021.4 -6812.0 34.3
6051.4 -6805.3 34.2
6035.0 -6800.7 34.3
6054.0 -6792.5 34.2
6042.1 -6791.5 34.3
6049.3 -6781.7 34.3
6031.2 -6783.9 34.3
6054.0 -6772.3 34.3
6039.3 -6771.9 34.3
6035.8 -6773.5 34.4
6025.1 -6751.8 34.5
6003.2 -6753.5 34.5
6031.1 -6713.8 34.9
6021.3 -6700.1 35.0
6021.6 -6690.3 35.0
6090.6 -6671.2 35.0
6075.1 -6672.2 35.0
6060.1 -6671.7 35.0
6023.4 -6673.3 35.0
6044.2 -6663.9 35.0
6094.6 -6654.3 35.2
6044.2 -6620.2 35.1
6020.1 -6620.8 35.1
6033.3 -6599.9 35.0
6032.4 -6595.7 35.0
6025.0 -6572.6 34.9
6031.2 -6562.9 34.9
6015.5 -6550.1 34.8
6030.7 -6540.7 34.8
6020.9 -6530.2 34.8
6014.8 -6519.5 34.8
6686.0 -6888.1 34.5
6686.9 -6841.2 35.1
6659.1 -6817.3 35.1
6665.6 -6811.2 34.9
6691.0 -6800.6 34.6
6647.3 -6798.1 34.8
6647.1 -6791.7 34.7
6676.5 -6771.9 34.3
6646.9 -6748.7 34.2
6696.9 -6741.9 33.3
6168.0 -7096.0 32.4
6192.2 -7075.8 31.8
6226.8 -7052.2 31.2
6456.4 -6845.0 34.6
6270.0 -7054.3 31.3
6282.2 -7045.5 31.5
6271.7 -7049.0 31.4
6263.1 -7037.5 31.4
6253.4 -7033.2 31.3
6282.3 -7026.2 31.6
6257.7 -7024.2 31.4
6270.1 -6992.7 31.6
6446.8 -6776.5 35.7
6502.8 -6765.9 35.4
6457.2 -6771.1 35.7
6497.3 -6751.3 35.3
6424.4 -6739.1 35.6
6533.1 -7238.0 33.8
6548.2 -7228.1 33.8
6609.9 -7202.7 33.9
6588.7 -7188.7 34.1
6552.8 -7192.1 34.1
6583.2 -7183.2 34.1
6605.6 -6714.2 34.0
6537.7 -6720.2 34.5
6171.8 -6613.3 35.3
6152.4 -6614.0 35.3
6181.9 -6600.8 35.4
6169.3 -6599.4 35.4
6158.2 -6605.7 35.3
6199.7 -6592.0 35.6
6178.0 -6593.2 35.4
6172.4 -6593.2 35.4
6153.7 -6590.6 35.3
6203.2 -6581.4 35.6
6180.6 -6585.6 35.5
6159.3 -6583.1 35.4
6188.8 -6573.5 35.6
6123.3 -6553.3 35.3
6123.1 -6544.6 35.4
6170.9 -6533.4 35.7
6151.2 -6532.8 35.6
6119.7 -6530.0 35.4
6202.3 -6521.6 36.6
6191.5 -6520.1 36.5
6157.8 -6523.6 35.7
6148.9 -6521.1 35.6
6137.6 -6524.3 35.5
6130.5 -6520.0 35.5
6119.5 -6522.4 35.4
6113.6 -6525.3 35.4
6141.8 -6514.9 35.6
6120.5 -6515.1 35.5
6129.5 -6494.3 35.6
6122.0 -6492.4 35.6
6128.3 -6483.9 35.8
6117.8 -6474.4 35.7
6087.8 -6474.4 35.5
6081.6 -6474.5 35.5
6131.3 -6460.1 36.1
6504.6 -6466.8 35.6
6489.5 -6470.5 35.6
6484.2 -6467.9 35.6
6460.2 -6468.2 35.7
6449.6 -6466.5 35.7
6551.5 -6456.5 35.5
6542.6 -6457.6 35.5
6525.3 -6461.2 35.6
6511.8 -6461.1 35.6
6474.0 -6461.4 35.7
6455.0 -6458.9 35.8
6479.0 -6448.5 35.8
6494.3 -6439.8 35.8
6481.5 -6441.9 35.8
6450.6 -6441.8 35.9
6544.6 -6426.4 35.7
6490.8 -6428.5 35.9
6483.3 -6428.2 35.9
6450.0 -6428.3 36.1
6444.0 -6429.6 36.1
6539.4 -6417.4 35.8
6528.7 -6421.4 35.8
6521.1 -6420.3 35.8
6514.9 -6416.6 35.9
6481.1 -6417.9 36.0
6474.1 -6418.7 36.0
6462.1 -6420.7 36.1
6539.7 -6409.4 35.9
6521.7 -6411.0 35.9
6512.4 -6408.8 36.0
6469.4 -6406.6 36.2
6459.3 -6409.5 36.2
6453.2 -6407.6 36.2
6441.6 -6411.3 36.2
6414.6 -6407.4 36.0
6400.6 -6411.0 35.9
6380.4 -6409.1 35.8
6370.8 -6409.2 35.7
6349.5 -6408.1 35.5
6341.5 -6405.9 35.4
6582.3 -6400.0 35.8
6563.0 -6399.5 35.9
6552.4 -6401.0 35.9
6544.2 -6401.2 35.9
6534.9 -6400.6 36.0
6521.6 -6401.6 36.0
6381.4 -6401.0 35.8
6352.9 -6395.4 35.5
6412.4 -6388.4 36.1
6391.0 -6390.4 35.9
6383.2 -6387.3 35.9
6349.8 -6391.2 35.5
