-930.9 -2088.8 67.4
-953.5 -2141.5 67.1
-946.1 -2125.6 67.2
-4187.7 -5657.8 40.0
-924.4 -2071.5 67.5
-919.2 -2056.2 67.5
-939.4 -2108.5 67.3
-5441.0 -4078.8 41.9
1007.2 5523.7 93.4
1021.2 5529.1 93.5
1035.2 5534.6 93.6
1049.2 5540.0 93.8
1063.2 5545.4 93.9
1077.2 5550.8 94.0
1091.1 5556.2 94.1
1105.1 5561.7 94.2
1119.1 5567.1 94.4
1133.1 5572.5 94.5
1147.1 5577.9 94.6
1161.1 5583.3 94.7
1175.1 5588.8 94.8
1189.0 5594.2 95.0
1203.0 5599.6 95.1
1217.0 5605.0 95.2
1231.0 5610.4 95.3
1245.0 5615.9 95.4
1259.0 5621.3 95.6
1273.0 5626.7 95.7
1287.0 5632.1 95.8
1300.9 5637.5 95.9
1314.9 5643.0 96.1
1328.9 5648.4 96.2
1342.9 5653.8 96.3
1356.9 5659.2 96.4
1370.9 5664.6 97.0
1384.9 5670.1 97.7
1398.8 5675.5 98.4
1412.8 5680.9 99.1
1426.8 5686.3 99.8
1440.8 5691.7 100.5
1454.8 5697.2 101.2
1468.8 5702.6 101.9
1482.8 5708.0 102.6
1496.7 5713.4 103.3
1510.7 5718.8 104.0
1511.9 5731.1 104.4
1508.6 5745.7 104.5
1523.1 5759.3 105.4
-1775.6 -1636.3 51.5
-1767.2 -1648.7 51.5
-1758.8 -1661.1 51.5
-1750.4 -1673.6 51.6
-1739.5 -1689.8 51.6
2149.7 -5497.7 75.1
2153.1 -5483.1 74.8
2156.4 -5468.5 74.1
2159.8 -5453.8 73.4
2163.2 -5439.2 72.7
2166.5 -5424.6 72.0
2169.9 -5410.0 71.3
2173.3 -5395.4 70.6
2179.6 -5368.0 69.3
-3260.6 -3796.9 49.6
-3251.8 -3784.8 48.4
-3243.0 -3772.7 47.2
-3234.1 -3760.6 46.0
-3225.3 -3748.4 44.8
-3216.5 -3736.3 43.5
-3207.6 -3724.2 42.3
-3198.8 -3712.1 41.1
-3190.0 -3699.9 39.8
-3181.1 -3687.8 38.8
-3172.3 -3675.7 38.9
-3163.5 -3663.6 39.0
-3154.6 -3651.5 39.1
-3142.3 -3634.5 39.2
2530.8 -7432.0 78.5
2504.1 -7418.6 78.4
-1731.9 -1685.4 51.8
-1740.6 -1673.1 51.7
-1749.3 -1660.9 51.7
-1758.0 -1648.7 51.6
-1768.1 -1634.4 51.6
2254.4 -3917.7 79.6
2251.6 -3903.0 79.7
2248.8 -3888.3 79.2
2246.0 -3873.5 78.7
2243.2 -3858.8 78.2
2240.4 -3844.0 77.8
2237.6 -3829.3 77.3
2234.9 -3814.6 76.8
2232.1 -3799.8 76.4
2229.5 -3785.0 75.9
2227.0 -3770.3 75.4
2224.4 -3755.5 74.7
2222.2 -3740.7 73.9
2220.8 -3725.7 73.2
2219.4 -3710.8 72.4
2218.0 -3695.9 71.7
2216.6 -3680.9 70.9
2215.3 -3666.0 70.2
2213.9 -3651.0 69.4
2212.5 -3636.1 68.7
2211.1 -3621.2 67.9
2209.7 -3606.2 67.2
2208.3 -3591.3 66.4
2206.9 -3576.4 65.7
2205.5 -3561.4 64.9
2204.2 -3546.5 64.2
2202.8 -3531.6 64.0
2201.4 -3516.6 64.3
2199.2 -3493.5 64.8
2305.9 -4856.6 69.3
2309.8 -4842.1 68.9
2313.7 -4827.6 68.4
2317.6 -4813.1 67.7
2322.5 -4795.3 66.6
2317.9 -4777.4 65.3
2314.0 -4791.9 66.2
2310.1 -4806.4 67.2
2306.3 -4820.9 68.1
2302.4 -4835.4 68.8
2297.4 -4853.9 69.3
-890.7 -2050.8 68.3
-877.9 -2058.6 68.7
-865.2 -2066.5 69.2
-852.4 -2074.4 69.6
-856.7 -2098.3 69.6
3018.5 -6482.0 88.2
3006.2 -6490.6 88.4
2993.9 -6499.1 88.7
2979.3 -6509.2 89.0
2145.0 -5544.1 75.8
2149.4 -5529.8 75.6
2153.7 -5515.4 75.5
2158.0 -5501.1 75.3
2162.4 -5486.7 75.0
2166.6 -5472.3 74.3
2169.9 -5457.7 73.6
2173.2 -5443.1 72.9
2176.5 -5428.4 72.2
2179.8 -5413.8 71.5
2183.1 -5399.2 70.8
2188.1 -5376.8 69.7
2207.0 -3493.1 64.8
2208.5 -3508.1 64.5
2210.0 -3523.0 64.2
2211.4 -3537.9 64.0
2212.9 -3552.9 64.7
2214.4 -3567.8 65.5
2215.9 -3582.7 66.2
2217.4 -3597.6 67.0
2218.8 -3612.6 67.7
2220.3 -3627.5 68.5
2221.8 -3642.4 69.2
2223.3 -3657.3 70.0
2224.7 -3672.3 70.7
2226.2 -3687.2 71.5
2227.7 -3702.1 72.2
2229.2 -3717.1 73.0
2230.7 -3732.0 73.7
2232.4 -3746.9 74.5
2235.0 -3761.6 75.2
2237.5 -3776.4 75.9
2240.1 -3791.2 76.4
2242.7 -3806.0 76.8
2245.3 -3820.8 77.3
2247.9 -3835.5 77.8
2250.5 -3850.3 78.2
2253.0 -3865.1 78.7
2255.6 -3879.9 79.2
2258.2 -3894.6 79.6
2261.8 -3915.4 79.7
-841.7 -2082.4 69.9
-828.7 -2089.9 70.4
-815.7 -2097.4 70.8
-802.7 -2104.9 71.2
-798.9 -2115.5 71.4
-804.6 -2129.3 71.3
-810.4 -2143.2 71.2
-816.1 -2157.1 71.2
-821.9 -2170.9 71.1
-827.6 -2184.8 71.0
-833.7 -2199.6 70.9
-1732.2 -1397.0 50.4
-1720.0 -1388.2 50.5
-1707.9 -1379.4 50.6
-1695.1 -1371.6 50.9
-1684.3 -1370.4 51.0
-1678.9 -1384.4 50.9
-1673.6 -1398.4 51.1
-1668.2 -1412.5 51.5
-1662.9 -1426.5 51.9
-1675.8 -1434.0 51.8
-1688.8 -1441.4 51.8
-1701.9 -1448.9 51.7
-1711.8 -1447.4 51.5
-1717.4 -1433.5 51.1
-1723.0 -1419.6 50.8
-1732.2 -1397.0 50.4
3433.9 -8853.6 72.3
3447.2 -8846.7 72.5
3460.6 -8839.8 72.8
3473.9 -8832.9 73.1
3487.2 -8826.0 73.2
3513.1 -8812.6 73.4
-1117.5 -1892.0 62.4
-1122.0 -1906.3 62.6
-1126.6 -1920.6 62.8
-1131.1 -1934.9 63.0
-1135.6 -1949.2 63.2
-1140.1 -1963.5 63.4
-1144.7 -1977.8 63.2
-1149.2 -1992.1 62.7
-1153.7 -2006.4 62.2
-1158.2 -2020.7 61.7
-1162.8 -2035.0 61.2
-1167.3 -2049.3 60.7
-1171.8 -2063.6 60.2
-1176.3 -2077.9 60.2
-1180.9 -2092.2 60.1
-1185.4 -2106.6 60.1
-1189.9 -2120.9 60.0
-1194.4 -2135.2 60.0
-1198.9 -2149.5 60.0
-1203.3 -2163.8 59.9
-1207.8 -2178.1 59.9
-1212.2 -2192.5 59.9
-1216.7 -2206.8 59.8
-1221.1 -2221.1 59.8
-1225.6 -2235.4 59.8
-1230.0 -2249.8 59.7
-1234.5 -2264.1 59.7
-1238.9 -2278.4 59.7
-1243.4 -2292.7 59.8
-1247.8 -2307.1 59.9
-1252.3 -2321.4 60.0
-1256.7 -2335.7 60.2
-1261.2 -2350.0 60.3
-1265.6 -2364.3 60.4
-1270.1 -2378.7 60.6
-1274.5 -2393.0 60.7
-1279.0 -2407.3 60.8
-1283.5 -2421.6 61.0
-1287.9 -2436.0 61.1
-1292.4 -2450.3 61.2
-1296.8 -2464.6 61.4
-1301.3 -2478.9 61.5
-1305.7 -2493.3 61.6
-1310.2 -2507.6 61.8
-1314.6 -2521.9 61.9
-1319.0 -2536.2 62.0
-1323.3 -2550.6 62.2
-1327.5 -2565.0 62.3
-1331.7 -2579.4 62.4
-1336.0 -2593.8 62.6
-1340.2 -2608.2 62.7
-1344.4 -2622.6 62.9
-1348.6 -2637.0 63.0
-1352.9 -2651.4 63.1
-1357.1 -2665.8 63.3
-1361.3 -2680.2 63.4
-1365.6 -2694.6 63.5
-1369.8 -2708.9 63.7
-1374.0 -2723.3 63.8
-1378.2 -2737.7 64.0
-1382.5 -2752.1 64.1
-1386.7 -2766.5 64.2
-1391.0 -2780.9 64.4
-1395.6 -2795.2 64.5
-1400.1 -2809.5 64.6
-1404.6 -2823.8 64.8
-1409.1 -2838.1 64.9
-1413.7 -2852.4 65.0
-1418.2 -2866.7 65.2
-1422.7 -2881.0 65.3
-1426.5 -2895.5 65.4
-1429.6 -2910.2 65.5
-1432.6 -2924.8 65.2
-1435.7 -2939.5 64.8
-1438.8 -2954.2 64.5
-1441.9 -2968.9 64.2
-1444.9 -2983.6 63.8
-1448.0 -2998.2 63.5
-1449.2 -3013.2 63.1
-1450.2 -3028.2 62.7
-1451.3 -3043.1 62.3
-1452.4 -3058.1 61.9
-1453.5 -3073.0 61.5
-1454.6 -3088.0 61.0
-1455.6 -3103.0 60.6
-1456.7 -3117.9 60.2
-1456.5 -3132.9 59.8
-1455.7 -3147.9 59.4
-1454.9 -3162.9 59.0
-1454.1 -3177.8 58.6
-1453.3 -3192.8 58.2
-1452.5 -3207.8 57.8
-1451.7 -3222.8 57.5
-1450.9 -3237.8 57.2
-1450.2 -3252.7 56.8
-1449.0 -3267.7 56.5
-1447.6 -3282.6 56.2
-1446.2 -3297.6 55.9
-1444.8 -3312.5 55.6
-1443.4 -3327.4 55.5
-1442.0 -3342.4 55.6
-1440.6 -3357.3 55.5
-1439.2 -3372.2 55.4
-1437.8 -3387.2 55.3
-1436.4 -3402.1 55.0
-1435.0 -3417.0 54.8
-1433.6 -3432.0 54.6
-1432.2 -3446.9 54.4
-1430.8 -3461.8 54.2
-1429.4 -3476.8 53.9
-1428.0 -3491.7 53.7
-1426.6 -3506.6 53.5
-1425.2 -3521.6 53.3
-1423.8 -3536.5 53.1
-1422.4 -3551.4 52.8
-1421.0 -3566.4 52.6
-1419.6 -3581.3 52.5
-1418.2 -3596.2 52.3
-1416.8 -3611.2 52.2
-1415.4 -3626.1 52.1
-1414.0 -3641.0 52.0
-1412.6 -3656.0 51.8
-1411.2 -3670.9 51.7
-1409.8 -3685.9 51.3
-1408.4 -3700.8 51.1
-1407.0 -3715.7 50.8
-1405.6 -3730.7 50.5
-1404.2 -3745.6 50.3
-1402.8 -3760.5 50.0
-1401.4 -3775.5 49.8
-1400.0 -3790.4 49.5
-1398.6 -3805.3 49.3
-1397.2 -3820.3 49.5
-1395.8 -3835.2 49.4
-1394.4 -3850.1 49.4
-1393.0 -3865.1 49.3
-1391.6 -3880.0 49.3
-1390.2 -3894.9 49.2
-1388.8 -3909.9 49.1
-1387.4 -3924.8 49.1
-1386.0 -3939.7 49.0
-1384.6 -3954.7 49.0
-1383.2 -3969.6 48.9
-1381.8 -3984.5 48.9
-1380.4 -3999.5 48.8
-1379.0 -4014.4 48.7
-1377.6 -4029.3 48.7
-1376.2 -4044.3 48.6
-1374.9 -4059.2 48.3
-1373.9 -4074.2 47.9
-1372.9 -4089.2 47.7
-1371.8 -4104.1 47.6
-1370.8 -4119.1 47.5
-1369.8 -4134.0 47.4
-1368.8 -4149.0 47.3
-1367.7 -4164.0 47.2
-1366.7 -4178.9 47.2
-1365.7 -4193.9 47.2
-1364.7 -4208.9 47.1
-1363.6 -4223.8 47.0
-1362.6 -4238.8 47.0
-1361.6 -4253.8 47.1
-1360.6 -4268.7 47.1
-1360.6 -4283.7 47.2
-1360.6 -4298.7 47.2
-1360.6 -4313.7 47.3
-1360.6 -4328.7 47.3
-1360.6 -4343.7 47.4
-1362.3 -4358.6 47.4
-1364.1 -4373.5 47.5
-1366.0 -4388.4 47.7
-1367.9 -4403.3 48.4
-1370.2 -4418.1 48.4
-1373.1 -4432.8 48.3
-1375.9 -4447.5 47.5
-1378.8 -4462.3 46.9
-1381.7 -4477.0 46.7
-1384.6 -4491.7 47.0
-1387.4 -4506.4 47.2
-1390.3 -4521.1 47.1
-1393.2 -4535.9 46.9
-1395.6 -4550.7 46.8
-1398.0 -4565.5 46.7
-1400.5 -4580.3 46.6
-1402.9 -4595.1 46.6
-1405.3 -4609.9 46.6
-1407.7 -4624.7 46.6
-1410.1 -4639.5 46.6
-1412.6 -4654.3 46.6
-1415.0 -4669.1 46.5
-1417.4 -4683.9 46.4
-1419.8 -4698.7 46.2
-1422.2 -4713.5 46.1
-1424.6 -4728.3 45.9
-1427.1 -4743.1 45.8
-1429.5 -4757.9 45.7
-1431.9 -4772.7 45.7
-1434.3 -4787.5 45.7
-1436.7 -4802.3 45.7
-1439.8 -4817.0 45.7
-1442.9 -4831.7 45.8
-1446.1 -4846.4 45.9
-1449.2 -4861.0 46.0
-1452.4 -4875.7 46.3
-1455.5 -4890.3 46.7
-1458.7 -4905.0 47.0
-1461.8 -4919.7 47.2
-1465.0 -4934.3 47.4
-1468.1 -4949.0 47.6
-1471.3 -4963.7 47.8
-1474.4 -4978.3 48.0
-1477.6 -4993.0 48.2
-1480.7 -5007.7 48.4
-1483.9 -5022.3 48.6
-1487.0 -5037.0 48.8
-1490.2 -5051.7 49.0
-1493.3 -5066.3 49.1
-1496.5 -5081.0 49.3
-1499.6 -5095.7 49.5
-1502.8 -5110.3 49.7
-1505.9 -5125.0 49.9
-1509.1 -5139.7 50.1
-1512.2 -5154.3 50.3
-1515.4 -5169.0 50.5
-1518.5 -5183.7 50.7
-1521.7 -5198.3 50.9
-1524.9 -5213.0 51.1
-1528.0 -5227.6 51.3
-1531.2 -5242.3 51.3
-1534.3 -5257.0 51.5
-1537.5 -5271.6 51.9
-1540.6 -5286.3 52.2
-1543.8 -5301.0 52.6
-1546.8 -5315.7 53.1
-1549.8 -5330.4 53.4
-1552.7 -5345.1 53.7
-1555.6 -5359.8 54.0
-1558.6 -5374.5 54.3
-1561.5 -5389.2 54.6
-1564.4 -5403.9 55.0
-1567.4 -5418.6 55.3
-1570.3 -5433.3 55.6
-1573.2 -5448.0 55.9
-1576.2 -5462.8 56.2
-1579.1 -5477.5 56.6
-1582.0 -5492.2 57.1
-1584.6 -5507.0 57.6
-1587.3 -5521.7 58.0
-1590.0 -5536.5 58.5
-1592.7 -5551.2 59.0
-1595.3 -5566.0 59.5
-1598.0 -5580.7 60.0
-1600.7 -5595.5 60.5
-1602.6 -5610.4 60.9
-1604.4 -5625.3 61.4
-1606.1 -5640.2 61.9
-1607.9 -5655.1 62.3
-1609.7 -5670.0 62.4
-1611.4 -5684.9 62.2
-1613.2 -5699.8 62.0
-1614.0 -5714.7 61.9
-1614.0 -5729.7 61.8
-1614.0 -5744.7 61.5
-1614.0 -5759.7 61.2
-1614.0 -5774.7 61.1
-1614.0 -5789.7 61.1
-1613.0 -5804.6 61.3
-1610.0 -5819.3 61.7
-1607.0 -5834.0 61.9
-1604.0 -5848.7 61.9
-1600.3 -5863.2 61.8
-1596.1 -5877.6 61.7
-1591.8 -5892.0 61.3
-1587.5 -5906.4 60.9
-1583.1 -5920.7 60.5
-1578.5 -5935.0 60.2
-1574.0 -5949.3 59.8
-1569.5 -5963.6 59.5
-1563.1 -5977.1 59.2
-1556.0 -5990.3 59.3
-1549.0 -6003.6 59.4
-1542.2 -6016.9 59.5
-1535.6 -6030.4 59.5
-1529.0 -6043.9 59.4
-1522.5 -6057.4 59.6
-1512.7 -6077.5 59.5
-3861.9 1612.0 79.3
-3849.0 1619.6 78.9
-3836.1 1627.3 78.6
-3823.2 1635.0 78.2
-3810.3 1642.6 77.8
-3797.4 1650.3 77.5
-3784.5 1657.9 77.1
-3769.5 1635.2 77.1
6936.6 -6869.4 112.3
6941.2 -6883.7 111.7
6945.9 -6897.9 111.1
6950.6 -6912.2 110.4
6955.3 -6926.4 109.5
6959.9 -6940.7 108.5
6964.6 -6954.9 107.5
6969.3 -6969.2 106.4
6974.0 -6983.4 105.4
6978.7 -6997.7 104.6
6983.3 -7012.0 104.3
6988.0 -7026.2 104.4
6992.7 -7040.5 104.6
6997.4 -7054.7 104.8
6993.7 -7068.1 105.0
6986.2 -7081.1 105.1
6978.7 -7094.0 105.2
6971.1 -7107.0 105.3
6963.6 -7120.0 105.5
6956.7 -7121.4 105.5
6950.6 -7107.7 105.2
6944.5 -7094.0 104.9
6938.4 -7080.3 104.5
6932.3 -7066.6 104.0
6926.2 -7052.9 103.5
6920.2 -7039.1 102.9
6914.1 -7025.4 102.4
6908.0 -7011.7 102.7
6901.9 -6998.0 103.3
6895.8 -6984.3 103.8
6889.7 -6970.6 104.4
6883.6 -6956.9 104.9
6877.5 -6943.2 105.3
6871.4 -6929.5 105.8
6865.3 -6915.8 106.2
6859.2 -6902.1 106.7
6853.1 -6888.4 107.1
6847.1 -6874.7 107.6
6841.0 -6861.0 108.0
6834.9 -6847.2 108.5
6828.8 -6833.5 108.7
6822.7 -6819.8 108.5
6816.6 -6806.1 108.2
6813.9 -6793.2 108.2
6825.4 -6783.6 109.1
6836.9 -6773.9 110.0
6848.4 -6764.3 111.0
6862.5 -6760.7 112.0
6877.4 -6758.9 113.1
6892.3 -6757.1 114.1
6901.8 -6763.7 114.7
6906.5 -6777.9 114.9
6911.2 -6792.2 115.0
6915.9 -6806.4 114.9
6920.6 -6820.7 114.4
6925.2 -6834.9 113.8
6929.9 -6849.2 113.2
6936.6 -6869.4 112.3
3016.6 -6481.3 88.1
3004.3 -6489.8 88.4
2991.9 -6498.3 88.7
2977.3 -6508.4 89.0
3260.4 -8481.0 74.2
6738.8 1548.3 115.2
6727.2 1555.5 114.9
6723.4 1563.6 114.8
6690.6 1577.7 113.9
6786.2 1612.0 116.1
6767.4 1607.4 115.6
6755.4 1607.3 115.3
6724.3 1608.5 114.7
6712.6 1612.5 114.5
6697.2 1613.8 114.2
6783.6 1625.4 116.0
6758.4 1625.2 115.3
6737.9 1624.5 114.9
6722.8 1622.3 114.6
6688.9 1626.3 114.0
6668.3 1623.8 113.4
6614.3 1628.8 111.8
6755.6 1639.3 115.2
6743.3 1638.4 115.0
6721.0 1643.0 114.6
6691.5 1642.7 114.0
6614.9 1645.5 111.9
6600.7 1639.1 111.5
6832.2 1652.7 116.9
6689.9 1652.1 113.9
6649.8 1654.9 113.0
6633.3 1660.3 112.5
6614.7 1659.9 112.0
6801.3 1673.1 116.2
6756.2 1671.6 115.2
6705.9 1674.1 114.2
6644.6 1672.7 112.9
6617.8 1668.9 112.1
6601.8 1669.3 111.6
6558.1 1674.9 110.3
6784.2 1684.7 115.9
6767.0 1687.6 115.5
6633.6 1687.5 112.6
6533.6 1686.4 109.7
6773.3 1698.2 115.7
6721.2 1703.3 114.6
6630.1 1699.4 112.6
6532.9 1706.4 109.7
6666.4 1712.6 113.4
6630.7 1717.8 112.7
6510.5 1717.9 109.1
6499.0 1716.3 108.8
6765.6 1731.3 115.7
6754.6 1731.6 115.4
6637.8 1727.3 112.8
6585.5 1735.6 111.4
6563.2 1731.5 110.7
6796.7 1744.8 116.1
6683.0 1743.3 113.7
6665.3 1750.4 113.3
6653.7 1744.6 113.1
6632.9 1750.3 112.5
6603.9 1746.4 111.9
6569.4 1745.7 111.1
6561.3 1751.7 110.9
6530.5 1746.0 109.9
6493.8 1745.7 108.7
6487.2 1748.4 108.5
6464.1 1743.2 107.8
6419.6 1742.9 106.6
6779.8 1763.2 115.5
6646.7 1764.5 112.8
6815.8 1776.6 116.5
6770.7 1781.8 115.1
6754.2 1778.8 114.9
6727.7 1780.4 114.4
6638.6 1775.9 112.5
6614.0 1779.7 111.9
6600.4 1779.4 111.6
6591.4 1779.7 111.4
6576.8 1774.1 111.1
6541.9 1779.6 110.3
6470.1 1772.2 108.2
6439.6 1775.2 107.2
6410.1 1780.7 106.3
6797.0 1789.2 115.7
6757.8 1792.5 114.7
6679.9 1789.5 113.3
6587.6 1790.2 111.2
6532.6 1793.4 110.0
6486.4 1788.1 108.7
6423.3 1793.9 106.6
6392.2 1795.8 106.1
6374.3 1793.1 106.0
6720.5 1811.4 113.8
6616.0 1804.2 111.8
6606.0 1807.9 111.5
6588.3 1811.8 111.1
6570.1 1803.0 110.8
6533.6 1807.8 109.9
6617.2 1818.0 111.7
6600.1 1822.4 111.3
6570.4 1821.0 110.6
6545.6 1820.0 110.1
6514.0 1823.8 109.4
6457.4 1820.6 107.7
6422.0 1822.5 106.5
6394.5 1826.3 106.3
6380.8 1817.4 106.2
6605.2 1841.1 111.3
6532.8 1841.6 109.6
6419.9 1837.9 106.4
6397.9 1832.4 106.3
6676.1 1854.6 112.4
6499.1 1851.3 108.8
6374.2 1848.6 106.3
6584.2 1862.7 110.6
6493.9 1868.3 108.6
6469.3 1865.1 107.9
6425.2 1867.8 106.6
6616.0 1880.8 110.9
6482.7 1886.5 108.2
6422.2 1880.0 106.6
6378.1 1877.8 106.6
6608.3 1899.1 110.5
6572.6 1901.6 109.8
6561.4 1899.7 109.6
6524.7 1899.7 109.0
6453.7 1899.7 107.4
6348.6 1899.0 107.2
6622.3 1910.3 110.6
6585.4 1911.6 109.9
6572.6 1911.6 109.7
6561.6 1907.1 109.5
6529.5 1913.0 108.9
6517.5 1909.3 108.7
6438.4 1911.9 106.8
6398.7 1909.8 106.9
6598.9 1928.8 109.9
6548.4 1931.3 108.9
6515.6 1930.8 108.4
6473.4 1926.6 107.6
6422.2 1922.4 106.9
6394.7 1926.3 107.4
6593.4 1938.5 109.7
6574.3 1943.7 109.2
6502.2 1937.2 108.0
6554.9 1953.2 108.7
6514.6 1956.7 108.0
6584.2 1967.7 109.1
6576.6 1969.6 108.9
6512.3 1972.4 107.7
6469.2 1971.0 107.6
