-5743.8 -4841.7 54.3
-5762.9 -4828.8 54.9
-5773.4 -4827.8 55.0
-5790.5 -4812.9 55.5
-5677.6 -4769.1 54.8
-5780.0 -4760.3 56.4
-5751.7 -4748.4 56.2
-5687.4 -4730.9 54.9
-5712.8 -4730.1 55.7
-5722.1 -4728.3 56.0
-5752.2 -4730.8 56.5
-5761.3 -4731.0 56.6
-5689.6 -4721.9 54.8
-5700.4 -4719.8 55.1
-5720.4 -4718.5 55.7
-5749.8 -4719.1 56.6
-5770.9 -4722.0 56.9
-5800.9 -4716.8 57.4
-5690.0 -4711.5 55.3
-5788.1 -4712.2 57.3
-5702.4 -4698.3 55.8
-5707.5 -4701.9 55.7
-5741.5 -4699.7 55.8
-5777.4 -4702.3 57.0
-5788.3 -4700.8 57.3
-5812.7 -4703.0 57.8
-5820.3 -4702.3 58.0
-5697.3 -4693.1 56.1
-5711.9 -4693.0 56.0
-5790.9 -4688.7 57.1
-5821.5 -4687.1 58.0
-5697.4 -4682.8 56.6
-5741.3 -4681.4 56.5
-5789.8 -4678.9 56.8
-5803.6 -4681.6 57.3
-5809.6 -4680.8 57.5
-5820.6 -4678.8 57.8
-5837.9 -4680.1 58.4
-5687.8 -4668.9 57.2
-5703.3 -4668.4 57.2
-5787.5 -4669.9 56.8
-5690.1 -4658.1 57.6
-5761.1 -4661.9 57.3
-5811.2 -4661.6 57.1
-5749.5 -4650.9 57.8
-5758.6 -4652.8 57.7
-5771.7 -4649.6 57.8
-5693.5 -4639.8 58.1
-5702.5 -4631.5 58.6
-5709.6 -4632.1 58.4
-5723.1 -4627.4 58.6
-5730.5 -4630.0 58.5
-5722.6 -4619.6 59.2
-5727.7 -4619.5 59.2
-5762.1 -4622.4 58.8
-5731.2 -4602.9 60.3
-5771.4 -4581.1 61.3
-5773.6 -4572.1 61.8
-5862.0 -4559.1 62.0
-5868.2 -4558.2 62.0
-6120.1 -3989.8 64.8
-6128.1 -3991.6 64.7
-2274.9 8653.9 26.5
-2305.0 8653.2 26.7
-2323.4 8653.4 26.8
-2672.9 8652.9 24.0
-2266.9 8659.5 26.5
-2278.4 8663.4 26.6
-2281.9 8657.9 26.6
-2303.4 8660.5 26.7
-2315.3 8663.9 26.9
-2323.2 8662.2 26.9
-2457.4 8662.1 27.6
-2476.7 8662.8 27.3
-2715.9 8662.2 23.6
-2267.2 8670.9 26.6
-2276.2 8669.4 26.6
-2285.1 8672.2 26.7
-2292.5 8674.0 26.8
-2326.6 8667.4 27.0
-2343.5 8670.2 27.2
-2455.0 8671.4 27.9
-2477.1 8669.6 27.5
-2482.7 8669.5 27.4
-2685.5 8670.0 24.3
-2727.5 8671.2 23.6
-2295.4 8677.6 26.8
-2333.4 8683.0 27.3
-2344.3 8678.0 27.4
-2455.1 8681.4 28.2
-2464.0 8680.7 28.0
-2476.3 8681.3 27.9
-2487.4 8683.6 27.8
-2668.0 8682.1 24.6
-2673.9 8682.0 24.5
-2687.3 8677.8 24.3
-2724.1 8683.5 23.6
-2734.4 8679.9 23.4
-2745.4 8681.5 23.2
-2295.6 8687.9 26.8
-2311.8 8693.6 27.0
-2334.5 8692.3 27.3
-2341.9 8690.4 27.4
-2357.1 8692.8 27.6
-2468.2 8688.1 28.2
-2492.9 8693.9 27.8
-2705.2 8689.2 23.9
-2726.1 8689.2 23.5
-2733.3 8693.8 23.4
-2283.6 8699.9 26.9
-2297.1 8697.7 26.9
-2303.5 8699.3 26.9
-2312.5 8701.2 27.0
-2332.7 8697.8 27.3
-2345.5 8698.7 27.5
-2367.4 8697.8 27.8
-2373.8 8697.5 27.9
-2474.7 8699.5 28.1
-2482.8 8699.9 27.9
-2627.7 8703.2 25.3
-2642.2 8701.6 25.0
-2704.9 8699.9 23.9
-2746.7 8700.4 23.1
-2777.1 8700.0 22.5
-2784.7 8699.6 22.4
-2793.2 8699.4 22.2
-2817.8 8702.3 21.7
-2863.5 8703.7 20.9
-2296.5 8712.9 27.0
-2318.2 8710.5 27.0
-2324.4 8711.8 27.1
-2344.2 8708.4 27.4
-2355.3 8710.3 27.6
-2464.4 8707.9 28.0
-2473.0 8713.3 27.7
-2483.7 8708.0 27.7
-2493.8 8707.8 27.6
-2618.4 8713.4 25.4
-2627.7 8708.8 25.3
-2638.3 8710.2 25.1
-2664.2 8710.2 24.6
-2674.4 8711.5 24.4
-2688.4 8711.5 24.1
-2705.1 8711.0 23.8
-2716.6 8711.6 23.6
-2743.9 8713.2 23.1
-2755.3 8713.6 22.9
-2764.9 8710.1 22.7
-2827.0 8709.6 21.5
-2875.6 8711.0 20.6
-2302.2 8719.1 27.0
-2327.0 8723.8 27.1
-2345.9 8720.5 27.4
-2377.7 8723.0 27.8
-2387.0 8722.2 28.0
-2396.6 8723.2 28.1
-2488.1 8718.3 27.4
-2584.5 8722.9 25.7
-2592.3 8717.8 25.7
-2606.7 8722.4 25.4
-2615.6 8721.7 25.3
-2632.0 8718.7 25.1
-2653.1 8719.7 24.7
-2662.5 8718.8 24.6
-2688.0 8717.4 24.1
-2697.3 8718.6 23.9
-2718.0 8722.7 23.5
-2746.8 8720.1 23.0
-2764.4 8722.9 22.6
-2785.5 8718.6 22.3
-2818.1 8723.4 21.6
-2826.2 8719.2 21.5
-2837.0 8722.9 21.3
-2845.4 8720.3 21.1
-2865.3 8721.8 20.8
-2298.1 8729.7 27.1
-2304.5 8731.3 27.1
-2327.4 8727.8 27.2
-2333.1 8733.8 27.2
-2357.4 8729.3 27.5
-2384.0 8729.0 27.9
-2398.5 8734.0 27.7
-2462.9 8728.6 27.5
-2484.1 8732.5 27.1
-2504.8 8730.3 26.8
-2607.8 8733.0 25.1
-2617.9 8733.9 24.9
-2648.3 8728.8 24.6
-2663.3 8727.6 24.3
-2673.2 8730.5 24.1
-2694.2 8733.0 23.7
-2735.5 8730.1 23.1
-2774.1 8730.0 22.4
-2792.3 8729.4 22.1
-2807.7 8730.9 21.8
-2813.3 8728.1 21.7
-2827.2 8729.4 21.4
-2832.9 8729.0 21.3
-2892.4 8730.9 20.2
-2303.0 8739.9 27.2
-2311.9 8740.4 27.2
-2332.6 8741.8 27.3
-2343.6 8743.5 27.3
-2363.6 8739.8 27.6
-2394.7 8743.5 27.5
-2406.6 8742.7 27.5
-2414.9 8743.3 27.4
-2474.0 8740.1 27.0
-2498.2 8738.4 26.7
-2593.4 8741.9 25.1
-2603.9 8739.1 25.0
-2626.7 8739.9 24.6
-2632.8 8740.7 24.5
-2642.5 8743.0 24.3
-2668.2 8743.5 23.8
-2683.3 8740.8 23.7
-2694.4 8737.9 23.6
-2706.4 8740.1 23.3
-2717.3 8739.1 23.2
-2725.3 8740.2 23.0
-2764.5 8743.8 22.3
-2826.6 8739.6 21.4
-2838.2 8740.4 21.2
-2852.3 8737.8 20.9
-2865.7 8742.4 20.7
-2875.4 8742.0 20.5
-2315.6 8752.7 27.3
-2324.9 8748.8 27.3
-2333.4 8747.7 27.3
-2368.4 8751.0 27.3
-2393.5 8753.5 27.2
-2418.3 8753.3 27.2
-2426.3 8749.7 27.2
-2466.2 8748.9 26.9
-2497.4 8750.3 26.4
-2515.7 8748.2 26.1
-2585.4 8749.2 25.0
-2596.0 8750.0 24.8
-2618.3 8750.1 24.5
-2623.7 8752.0 24.3
-2633.4 8747.9 24.3
-2645.8 8747.6 24.1
-2652.1 8752.4 23.9
-2712.4 8748.7 23.0
-2737.7 8750.8 22.6
-2757.8 8750.5 22.2
-2823.5 8751.1 21.2
-2858.4 8750.8 20.7
-2866.0 8753.1 20.5
-2388.4 8764.0 27.1
-2396.8 8762.9 27.1
-2404.8 8760.9 27.1
-2414.8 8761.8 27.1
-2437.7 8759.5 27.1
-2568.3 8759.9 25.1
-2573.2 8762.4 25.0
-2587.2 8762.6 24.8
-2592.2 8758.7 24.7
-2613.4 8758.0 24.4
-2625.6 8763.8 24.2
-2633.8 8763.4 24.0
-2646.6 8761.1 23.8
-2662.4 8763.4 23.6
-2706.8 8762.7 22.9
-2716.6 8761.5 22.7
-2823.8 8760.5 21.0
-2832.4 8763.5 20.8
-2874.6 8760.1 20.2
-2346.3 8769.2 27.1
-2386.3 8767.9 27.1
-2476.0 8767.8 26.6
-2487.9 8771.2 26.4
-2503.2 8773.9 26.1
-2517.9 8767.6 25.9
-2587.7 8771.7 24.8
-2593.8 8772.8 24.6
-2607.2 8770.8 24.4
-2622.7 8769.4 24.2
-2633.9 8770.9 24.0
-2716.1 8770.7 22.7
-2737.9 8769.8 22.3
-2743.8 8768.0 22.2
-2832.5 8769.9 20.8
-2844.7 8772.4 20.6
-2852.3 8769.2 20.5
-2865.0 8772.6 20.2
-2884.6 8770.9 19.9
-2364.0 8783.3 27.1
-2382.0 8780.7 27.2
-2402.0 8780.1 27.1
-2472.7 8783.4 26.6
-2525.5 8780.3 25.7
-2593.0 8777.7 24.6
-2605.0 8777.7 24.4
-2657.2 8778.7 23.6
-2665.0 8780.2 23.5
-2677.4 8782.3 23.3
-2698.1 8783.3 22.9
-2702.9 8780.9 22.8
-2713.6 8783.0 22.7
-2826.0 8781.7 20.8
-2833.4 8778.6 20.7
-2866.3 8777.6 20.2
-2877.0 8779.6 19.9
-2885.3 8779.7 19.8
-2365.5 8789.8 27.2
-2476.7 8787.6 26.5
-2503.7 8793.5 26.0
-2527.2 8792.6 25.6
-2532.5 8791.5 25.6
-2638.4 8788.2 23.9
-2647.1 8789.8 23.7
-2658.5 8788.4 23.5
-2662.1 8791.6 23.4
-2847.6 8791.2 20.3
-2854.4 8789.3 20.2
-2873.7 8789.2 19.9
-2362.0 8798.8 27.3
-2488.1 8802.3 26.2
-2526.1 8803.5 25.6
-2588.0 8801.1 24.5
-2622.0 8803.0 23.9
-2645.1 8798.3 23.6
-2846.6 8798.4 20.2
-2363.0 8810.5 27.5
-2486.1 8812.0 26.2
-2516.9 8813.5 25.6
-2614.6 8812.7 24.0
-2626.9 8808.7 23.8
-2852.9 8809.3 19.9
-2867.2 8811.3 19.7
-2876.9 8811.5 19.5
-2887.9 8808.7 19.3
-2364.8 8820.1 27.4
-2454.4 8822.2 26.5
-2504.6 8819.0 25.9
-2513.3 8822.4 25.7
-2543.2 8823.7 25.2
-2565.7 8822.2 24.8
-2586.3 8822.4 24.5
-2615.2 8817.8 24.0
-2634.4 8818.0 23.7
-2655.0 8821.2 23.3
-2672.2 8818.1 23.0
-2815.1 8822.2 20.6
-2824.3 8818.9 20.4
-2881.9 8819.7 19.5
-2363.8 8828.5 27.2
-2466.9 8828.7 26.4
-2485.3 8831.8 26.2
-2507.0 8828.1 25.8
-2514.5 8827.9 25.7
-2538.3 8830.3 25.3
-2568.2 8831.1 24.8
-2576.4 8831.9 24.7
-2587.2 8827.5 24.5
-2627.5 8830.2 23.8
-2665.8 8830.4 23.1
-2824.1 8828.2 20.6
-2343.9 8838.8 27.0
-2357.4 8839.5 26.9
-2362.8 8838.5 26.9
-2465.4 8839.8 26.4
-2475.8 8840.4 26.3
-2484.6 8844.0 26.2
-2492.6 8842.3 26.1
-2507.5 8838.8 25.9
-2578.2 8837.7 24.7
-2584.9 8843.3 24.6
-2602.5 8838.6 24.3
-2617.5 8840.4 24.1
-2623.1 8837.6 23.9
-2634.1 8842.3 23.8
-2647.4 8840.7 23.6
-2663.0 8839.0 23.3
-2678.2 8840.3 23.1
-2836.4 8842.0 20.7
-2844.3 8839.8 20.5
-2858.1 8842.0 20.3
-2336.5 8852.7 26.6
-2342.2 8850.4 26.7
-2362.1 8852.1 26.6
-2453.1 8848.5 26.3
-2467.6 8853.4 26.1
-2477.4 8852.7 26.1
-2485.5 8853.4 26.1
-2492.7 8851.2 26.1
-2502.8 8847.6 26.0
-2536.3 8847.5 25.4
-2546.2 8847.6 25.3
-2555.1 8853.8 25.2
-2564.6 8848.6 25.0
-2573.7 8848.6 24.9
-2595.9 8852.8 24.5
-2605.4 8854.0 24.4
-2626.6 8850.7 24.0
-2648.1 8847.6 23.7
-2675.4 8852.1 23.2
-2825.9 8851.9 20.9
-2832.3 8848.7 20.8
-2845.9 8852.9 20.5
-2855.3 8851.9 20.4
-2315.4 8860.5 26.3
-2323.8 8861.2 26.4
-2337.8 8861.0 26.4
-2344.5 8863.0 26.3
-2447.7 8863.3 26.0
-2473.2 8858.8 26.1
-2494.1 8860.3 26.1
-2504.2 8861.2 26.0
-2517.0 8858.0 25.8
-2525.8 8862.0 25.6
-2564.2 8858.3 25.0
-2573.6 8860.7 24.9
-2581.9 8863.9 24.8
-2595.1 8860.2 24.5
-2626.8 8858.1 24.0
-2633.8 8863.5 23.9
-2654.2 8860.8 23.6
-2823.7 8859.3 20.9
-2832.3 8858.0 20.7
-2848.3 8863.7 20.5
-2853.2 8863.2 20.4
-2864.5 8859.4 20.2
-2313.7 8867.6 26.1
-2327.4 8870.0 26.2
-2367.3 8873.6 26.0
-2402.2 8873.2 25.9
-2416.5 8868.4 26.0
-2434.4 8869.1 26.0
-2443.9 8868.9 26.0
-2452.9 8869.9 26.0
-2465.3 8870.7 26.0
-2526.6 8873.0 25.6
-2536.4 8871.8 25.5
-2552.9 8869.0 25.2
-2566.6 8871.3 25.0
-2573.5 8871.7 24.9
-2592.3 8873.5 24.6
-2612.0 8869.3 24.3
-2634.8 8868.3 23.9
-2644.3 8867.5 23.8
-2656.3 8871.5 23.6
-2685.7 8870.2 23.1
-2824.5 8867.7 20.9
-2842.9 8867.5 20.6
-2326.9 8878.0 26.0
-2357.4 8881.4 25.9
-2373.7 8881.3 25.9
-2382.3 8882.9 25.9
-2405.5 8880.0 25.9
-2465.0 8881.1 25.9
-2477.1 8878.3 25.9
-2483.6 8880.7 26.0
-2537.9 8879.9 25.5
-2546.9 8881.5 25.3
-2554.6 8880.9 25.2
-2573.6 8877.5 24.9
-2635.1 8880.4 23.9
-2652.8 8879.8 23.6
-2673.1 8881.8 23.3
-2827.5 8877.7 20.8
-2846.8 8882.6 20.5
-2856.1 8882.2 20.3
-2865.5 8877.4 20.2
-2374.3 8893.4 25.8
-2436.1 8889.9 25.8
-2443.1 8889.2 25.8
-2506.8 8890.4 25.9
-2542.6 8893.1 25.4
-2574.6 8887.8 24.9
-2592.2 8889.4 24.6
-2645.0 8893.8 23.7
-2656.0 8891.8 23.6
-2837.7 8891.8 20.6
-2857.8 8889.8 20.3
-2435.9 8903.4 25.8
-2442.6 8902.9 25.8
-2458.2 8899.4 25.8
-2463.7 8899.2 25.8
-2525.9 8898.6 25.6
-2535.0 8900.1 25.5
-2548.4 8900.4 25.3
-2553.4 8902.9 25.2
-2573.2 8899.9 24.9
-2614.6 8899.4 24.2
-2622.7 8897.8 24.1
-2675.7 8903.8 23.2
-2824.5 8900.7 20.8
-2833.0 8899.6 20.7
-2867.0 8897.7 20.1
-2876.4 8899.6 19.9
-2436.8 8907.3 25.8
-2446.3 8908.0 25.8
-2463.3 8908.0 25.8
-2472.9 8912.0 25.7
-2487.6 8913.7 25.7
-2544.3 8912.1 25.3
-2557.4 8913.5 25.1
-2565.5 8909.1 25.0
-2572.3 8910.9 24.9
-2602.8 8912.4 24.4
-2618.4 8909.3 24.1
-2633.2 8909.4 23.9
-2654.9 8911.8 23.6
-2826.7 8911.7 20.7
-2835.4 8913.0 20.6
-2842.0 8907.7 20.5
-2867.8 8910.0 20.1
-2872.4 8911.3 20.0
-2447.2 8918.5 25.7
-2463.0 8919.3 25.7
-2546.1 8917.7 25.3
-2558.2 8918.1 25.1
-2565.1 8917.3 25.0
-2594.8 8922.1 24.5
-2612.2 8918.4 24.2
-2624.9 8923.9 24.0
-2635.6 8920.2 23.9
-2504.3 8930.9 25.5
-2526.0 8932.5 25.5
-2543.9 8929.5 25.3
-2573.6 8931.5 24.9
-2587.2 8931.6 24.6
-2608.1 8929.0 24.3
-2613.5 8928.7 24.2
-2638.2 8931.7 23.8
-2641.9 8933.4 23.7
-2876.6 8932.7 19.9
-2445.8 8940.4 25.5
-2467.2 8943.8 25.5
-2473.2 8940.6 25.5
-2485.0 8942.5 25.5
-2503.2 8941.1 25.5
-2514.0 8943.8 25.4
-2527.3 8943.3 25.4
-2543.4 8943.8 25.3
-2566.8 8943.6 24.9
-2826.7 8941.3 20.7
-2853.4 8940.0 20.2
-2862.0 8943.7 20.1
-2395.4 8950.8 25.6
-2402.3 8952.9 25.5
-2437.5 8949.7 25.5
-2443.4 8952.8 25.4
-2468.2 8951.8 25.4
-2472.8 8948.8 25.4
-2485.2 8952.6 25.3
-2497.8 8948.2 25.4
-2515.7 8953.7 25.2
-2532.0 8949.5 25.3
-2556.1 8949.7 25.0
-2586.3 8951.2 24.5
-2593.5 8949.8 24.4
-2603.5 8947.6 24.3
-2618.3 8953.4 24.0
-2633.6 8949.6 23.8
-2825.1 8948.2 20.7
-2835.1 8948.0 20.5
-2844.4 8948.0 20.3
-2393.8 8959.8 25.5
-2406.0 8963.1 25.4
-2413.9 8957.7 25.4
-2424.5 8961.4 25.3
-2444.3 8959.9 25.2
-2453.9 8961.3 25.2
-2474.9 8961.1 25.1
-2502.9 8962.4 25.0
-2545.9 8958.2 25.1
-2552.4 8957.5 25.0
-2583.0 8962.7 24.4
-2607.0 8960.4 24.1
-2807.2 8963.1 20.9
-2822.6 8961.1 20.7
-2848.0 8959.0 20.3
-2863.7 8958.2 20.0
-2413.9 8968.9 25.3
-2452.7 8971.8 24.9
-2472.0 8971.3 24.9
-2483.5 8970.2 24.9
-2492.9 8969.3 24.9
-2536.0 8970.8 24.9
-2543.8 8972.5 24.8
-2573.3 8971.6 24.5
-2584.7 8970.1 24.3
-2592.7 8969.4 24.2
-2797.3 8971.3 21.0
-2817.0 8970.0 20.7
-2848.1 8973.1 20.2
-2858.0 8970.7 20.0
-2864.7 8973.6 19.9
-2415.2 8980.6 25.1
-2466.5 8977.9 24.7
-2478.0 8983.0 24.5
-2482.9 8977.9 24.7
-2493.9 8978.3 24.6
-2526.0 8982.8 24.6
-2535.2 8977.9 24.7
-2554.5 8981.6 24.6
-2585.0 8981.7 24.2
-2595.8 8984.0 24.0
-2604.3 8979.1 23.9
-2805.0 8980.5 20.7
-2833.7 8979.4 20.3
-2857.1 8978.5 20.0
-2435.0 8989.9 24.8
-2445.6 8993.0 24.6
-2482.9 8988.2 24.4
-2504.2 8990.9 24.4
-2515.4 8989.7 24.4
-2545.3 8992.2 24.4
-2563.0 8991.0 24.4
-2583.5 8988.0 24.1
-2593.0 8992.1 23.9
-2607.1 8991.2 23.7
-2838.0 8990.1 20.1
-2844.1 8992.5 20.1
-2854.8 8988.0 19.9
-2862.9 8989.9 19.8
-2438.3 9000.7 24.6
-2445.3 9000.8 24.5
-2484.6 9001.9 24.1
-2534.7 9000.8 24.2
-2552.6 9000.9 24.3
-2594.3 9003.5 23.8
-2605.9 8999.8 23.6
-2617.6 8997.8 23.5
-2626.5 8999.3 23.3
-2458.1 9007.4 24.1
-2474.0 9008.9 24.1
-2497.1 9009.8 24.0
-2505.2 9007.7 24.1
-2516.6 9008.7 24.1
-2523.6 9008.3 24.1
-2555.7 9009.2 24.1
-2605.7 9007.9 23.5
-2623.2 9013.1 23.3
-2638.1 9010.8 23.1
-2482.9 9022.7 24.1
-2498.4 9022.0 24.1
-2506.4 9018.0 24.1
-2538.1 9017.5 24.0
-2554.6 9022.1 23.9
-2632.1 9017.8 23.1
-2643.3 9019.2 23.0
-2486.1 9030.6 24.0
-2493.7 9030.5 24.0
-2514.6 9030.4 23.9
-2558.3 9032.7 23.8
-2566.5 9028.8 23.8
-2587.1 9032.4 23.8
-2593.2 9033.4 23.7
-2634.2 9029.0 23.1
-2643.7 9033.1 22.9
-2467.8 9043.1 24.0
-2553.5 9042.4 23.7
-2594.9 9040.0 23.6
-2613.2 9038.3 23.4
-2628.3 9042.5 23.2
-2633.2 9038.6 23.1
-2646.5 9039.9 22.9
-2833.2 9039.8 19.8
-2847.9 9043.7 19.7
-2462.9 9051.1 24.0
-2497.9 9052.5 23.9
-2507.0 9050.7 23.8
-2516.0 9049.8 23.8
-2522.2 9047.4 23.8
-2533.9 9050.4 23.7
-2607.5 9048.4 23.5
-2616.8 9049.1 23.3
-2624.0 9048.9 23.1
-2646.9 9049.4 22.7
-2813.0 9052.8 20.0
-2828.3 9049.3 19.9
-2844.9 9053.3 19.8
-2456.8 9063.7 24.0
-2462.7 9059.9 24.0
-2475.0 9062.6 23.9
-2516.2 9062.4 23.6
-2546.7 9058.6 23.6
-2567.5 9058.8 23.5
-2606.2 9061.4 23.2
-2614.0 9061.5 23.0
-2627.8 9063.1 22.7
-2636.5 9061.6 22.5
-2673.4 9060.4 21.8
-2834.8 9062.2 19.9
-2476.7 9070.5 23.6
-2503.5 9067.7 23.5
-2543.0 9072.6 23.1
-2553.4 9067.5 23.2
-2586.4 9071.8 23.0
-2615.9 9073.9 22.6
-2647.2 9069.1 22.1
-2652.3 9071.7 21.9
-2682.5 9073.8 21.3
-2703.0 9071.5 21.0
-2717.1 9071.5 20.9
-2726.4 9071.1 20.8
-2827.1 9069.1 20.0
-2842.0 9071.1 19.9
-2874.9 9069.9 19.6
-2882.2 9071.1 19.5
-2898.0 9070.2 19.4
-2476.7 9083.0 23.0
-2485.2 9080.1 23.1
-2518.5 9083.8 22.8
-2537.5 9080.7 22.8
-2557.7 9083.0 22.7
-2566.3 9080.6 22.8
-2586.0 9078.5 22.8
-2593.5 9079.0 22.7
-2608.3 9081.7 22.6
-2644.9 9079.4 21.9
-2655.8 9079.1 21.7
-2663.0 9082.2 21.4
-2677.3 9077.7 21.3
-2696.2 9082.6 21.1
-2702.0 9083.5 21.1
-2715.5 9083.5 21.0
-2796.9 9082.0 20.3
-2856.5 9079.1 19.8
-2887.5 9082.5 19.6
-2464.9 9088.7 22.9
-2477.5 9093.6 22.6
-2486.6 9093.9 22.6
-2502.4 9090.3 22.6
-2533.1 9091.9 22.5
-2555.7 9093.1 22.4
-2576.5 9089.4 22.5
-2628.0 9090.6 21.9
-2645.7 9088.2 21.6
-2658.1 9092.8 21.5
-2662.5 9093.8 21.4
-2676.9 9088.3 21.3
-2684.4 9087.6 21.2
-2694.0 9091.9 21.2
-2704.3 9091.2 21.1
-2811.9 9090.6 20.2
-2828.2 9090.5 20.1
-2833.2 9092.9 20.1
-2867.5 9088.1 19.8
-2877.3 9092.8 19.7
-2907.0 9090.8 19.4
-2467.8 9099.3 22.5
-2504.4 9102.1 22.3
-2515.1 9103.0 22.2
-2563.6 9103.2 22.0
-2597.7 9100.2 22.0
-2626.5 9100.7 21.8
-2635.8 9099.5 21.7
-2666.0 9101.2 21.5
-2684.8 9100.7 21.3
-2827.1 9102.0 20.1
-2834.0 9097.9 20.1
-2854.0 9102.6 19.9
-2476.3 9111.1 21.9
-2497.6 9112.2 21.7
-2525.4 9107.9 21.9
-2533.7 9108.4 21.8
-2578.3 9107.6 21.7
-2585.7 9112.0 21.6
-2597.1 9113.0 21.7
-2615.7 9112.1 21.6
-2628.5 9109.5 21.7
-2633.8 9112.5 21.6
-2785.9 9110.8 20.5
-2822.4 9107.8 20.2
-2833.4 9111.5 20.1
-2877.3 9111.7 19.8
-2885.8 9111.3 19.7
-2894.9 9109.7 19.6
-2918.2 9109.8 19.5
-2927.9 9113.5 19.5
-2483.4 9123.0 21.2
-2493.3 9123.5 21.1
-2522.6 9123.3 21.0
-2542.8 9119.0 21.2
-2565.0 9122.9 21.3
-2573.0 9117.7 21.4
-2586.8 9123.6 21.4
-2602.8 9122.3 21.5
-2615.3 9117.8 21.5
-2636.7 9118.8 21.4
-2643.3 9121.2 21.4
-2675.3 9117.8 21.5
-2686.1 9117.9 21.4
-2694.7 9123.9 21.3
-2707.6 9118.4 21.2
-2715.6 9120.7 21.2
-2788.1 9119.0 20.6
-2794.2 9121.1 20.5
-2804.8 9123.9 20.4
-2814.7 9122.8 20.4
-2898.1 9121.7 19.7
-2906.6 9123.9 19.6
-2518.0 9127.8 20.9
-2534.6 9131.3 20.9
-2554.7 9129.4 21.0
-2572.2 9133.6 21.1
-2586.6 9132.7 21.2
-2664.1 9132.8 21.1
-2671.9 9131.3 21.1
-2687.5 9130.8 21.2
-2707.2 9131.2 21.1
-2764.5 9132.1 20.8
-2775.1 9130.9 20.7
-2795.3 9130.3 20.6
-2815.8 9132.6 20.4
-2827.9 9131.6 20.3
-2838.1 9130.5 20.2
-2854.2 9128.8 20.1
-2862.1 9133.1 20.0
-2893.1 9129.0 19.8
-2906.4 9131.1 19.7
-2494.6 9137.9 20.5
-2502.9 9138.5 20.5
-2545.6 9137.9 20.7
-2553.5 9140.3 20.6
-2565.2 9137.8 20.8
-2576.1 9140.4 20.7
-2587.7 9142.6 20.6
-2595.8 9142.3 20.7
-2605.6 9142.3 20.9
-2654.3 9140.2 20.9
-2666.4 9140.9 20.9
-2676.9 9141.6 20.9
-2703.7 9142.9 20.9
-2733.1 9142.6 20.9
-2758.0 9140.4 20.9
-2775.4 9142.8 20.8
-2867.4 9142.4 20.0
-2884.8 9141.3 19.9
-2896.4 9137.5 19.8
-2915.4 9143.4 19.8
-2924.5 9137.9 19.7
-2512.3 9149.0 19.8
-2537.7 9148.6 20.0
-2555.9 9148.6 20.1
-2568.3 9148.3 20.1
-2587.7 9150.5 20.2
-2597.7 9150.1 20.4
-2602.8 9152.9 20.5
-2612.0 9152.2 20.7
-2647.4 9153.1 20.6
-2667.3 9153.0 20.6
-2675.7 9153.3 20.6
-2723.3 9152.2 20.6
-2734.9 9148.8 20.7
-2747.6 9153.8 20.6
-2756.3 9149.2 20.7
-2762.7 9147.7 20.8
-2778.0 9150.4 20.7
-2785.4 9151.4 20.7
-2797.0 9152.8 20.7
-2807.0 9150.0 20.6
-2836.0 9149.6 20.3
-2852.8 9148.5 20.2
-2886.4 9152.6 19.9
-2894.4 9147.7 19.8
-2546.8 9163.1 19.0
-2552.0 9157.7 19.4
-2586.9 9162.1 19.8
-2602.7 9161.6 20.3
-2617.7 9159.4 20.7
-2628.4 9158.1 20.7
-2684.4 9161.5 20.4
-2707.3 9157.9 20.5
-2712.8 9158.8 20.5
-2757.1 9164.0 20.4
-2766.2 9163.0 20.4
-2794.0 9159.0 20.5
-2816.4 9161.7 20.4
-2844.5 9157.9 20.3
-2877.4 9162.3 20.0
-2902.6 9158.7 19.9
-2545.5 9167.4 18.8
-2558.3 9170.7 18.9
-2565.7 9172.9 19.0
-2576.6 9172.8 19.3
-2586.5 9168.2 19.7
-2592.1 9169.6 19.8
-2635.3 9172.6 20.4
-2657.1 9168.0 20.2
-2664.1 9168.2 20.2
-2676.0 9170.8 20.1
-2713.1 9171.4 20.1
-2744.1 9173.8 20.1
-2757.0 9169.3 20.2
-2762.8 9173.0 20.1
-2793.5 9169.4 20.2
-2815.5 9168.8 20.3
-2826.1 9167.5 20.3
-2852.6 9168.6 20.3
-2867.0 9168.5 20.2
-2904.1 9170.0 20.0
-2913.6 9173.9 20.0
-2528.3 9177.5 18.0
-2535.4 9183.8 17.9
-2542.3 9182.1 18.2
-2565.2 9182.9 18.7
-2576.6 9177.4 19.2
-2594.2 9182.4 19.4
-2627.7 9181.3 20.3
-2677.4 9179.8 19.9
-2687.8 9179.9 19.9
-2727.2 9182.8 19.8
-2742.4 9183.1 19.8
-2788.4 9179.8 19.9
-2837.9 9183.8 19.8
-2848.2 9179.6 20.0
-2867.4 9182.1 19.9
-2893.6 9183.1 19.7
-2538.1 9193.7 17.3
-2553.3 9187.6 18.2
-2563.2 9189.6 18.3
-2577.0 9192.9 18.4
-2596.3 9192.7 18.8
-2607.7 9191.4 19.2
-2616.0 9191.6 19.4
-2633.8 9189.4 20.0
-2641.9 9190.6 20.0
-2657.5 9193.7 19.5
-2667.2 9189.4 19.5
-2683.2 9193.2 19.4
-2713.0 9190.2 19.5
-2732.8 9193.8 19.3
-2764.7 9189.6 19.5
-2787.9 9187.7 19.6
-2795.1 9187.6 19.6
-2818.0 9192.4 19.4
-2844.7 9190.4 19.5
-2865.0 9193.9 19.4
-2892.6 9188.4 19.5
-2902.7 9192.3 19.2
-2524.8 9203.4 16.2
-2602.5 9203.9 18.2
-2614.0 9200.0 18.7
-2628.1 9198.6 19.2
-2648.1 9202.5 19.0
-2665.6 9197.5 19.2
-2683.6 9200.5 19.1
-2696.6 9201.2 19.1
-2717.0 9204.0 18.9
-2726.9 9198.5 19.1
-2755.8 9200.9 19.0
-2776.3 9198.9 19.1
-2786.4 9202.9 18.9
-2807.7 9203.4 18.9
-2816.7 9199.6 19.1
-2844.5 9199.5 19.1
-2857.1 9202.0 19.0
-2874.3 9202.9 19.0
-2884.7 9200.2 19.0
-2536.9 9209.5 16.0
-2542.2 9211.8 16.0
-2605.7 9213.9 17.6
-2632.3 9210.6 18.5
-2647.6 9208.1 18.8
-2654.7 9211.6 18.7
-2686.8 9207.9 18.8
-2696.4 9213.0 18.6
-2734.7 9210.6 18.7
-2764.6 9211.0 18.6
-2772.0 9208.7 18.7
-2782.7 9209.1 18.7
-2806.7 9211.4 18.6
-2813.8 9209.2 18.7
-2828.3 9209.5 18.7
-2865.7 9212.2 18.6
-2606.7 9219.6 17.3
-2615.7 9223.2 17.5
-2626.4 9221.5 17.9
-2641.9 9221.6 18.3
-2657.8 9218.8 18.5
-2688.5 9217.9 18.5
-2707.3 9219.1 18.4
-2716.3 9220.3 18.3
-2726.0 9217.7 18.4
-2734.2 9219.4 18.3
-2765.7 9223.6 18.1
-2822.5 9221.2 18.2
-2837.8 9219.6 18.2
-2856.7 9222.7 18.1
-2868.1 9217.8 18.3
-2876.7 9219.9 18.2
-2647.5 9232.9 17.9
-2694.8 9233.9 17.8
-2702.6 9229.9 18.0
-2725.8 9230.8 17.9
-2745.2 9233.4 17.8
-2766.8 9228.0 18.0
-2808.1 9232.5 17.7
-2826.3 9232.8 17.7
-2836.2 9228.8 17.8
-2845.6 9230.9 17.8
-2863.9 9229.8 17.8
-2875.2 9233.5 17.7
-2897.5 9229.3 17.6
-2638.4 9238.4 17.9
-2697.0 9241.6 17.8
-2722.3 9240.3 17.7
-2748.0 9243.8 17.6
-2755.1 9243.2 17.6
-2765.2 9238.9 17.6
-2778.4 9242.2 17.6
-2783.5 9240.4 17.5
-2826.3 9237.8 17.5
-2837.5 9241.0 17.4
-2842.5 9240.0 17.4
-2865.5 9242.9 17.3
-2874.0 9240.6 17.4
-2884.2 9242.4 17.2
-2896.0 9238.1 17.3
-2603.4 9253.9 15.8
-2634.7 9252.8 17.3
-2658.5 9250.7 17.6
-2665.5 9248.1 17.7
-2685.5 9251.9 17.4
-2704.2 9248.6 17.5
-2713.5 9251.8 17.3
-2724.8 9252.2 17.2
-2735.4 9253.1 17.1
-2765.3 9248.2 17.3
-2773.3 9252.2 17.1
-2823.3 9251.6 17.2
-2888.0 9247.5 17.1
-2894.2 9250.6 17.0
-2602.7 9261.0 15.3
-2614.4 9263.4 15.7
-2655.8 9261.1 16.9
-2676.3 9257.5 17.1
-2688.4 9261.4 17.0
-2704.0 9263.9 17.0
-2724.6 9261.4 17.0
-2747.1 9260.1 17.1
-2762.3 9263.3 17.1
-2778.4 9257.6 17.1
-2782.5 9260.6 17.1
-2793.5 9261.5 17.1
-2818.5 9260.4 17.2
-2895.8 9261.9 16.8
-2586.8 9268.4 14.2
-2607.1 9267.9 15.0
-2623.1 9271.6 15.4
-2712.2 9268.3 17.0
-2748.0 9273.3 17.1
-2785.6 9272.8 17.1
-2802.9 9271.5 17.2
-2826.9 9272.3 17.2
-2902.3 9271.2 16.6
-2914.0 9270.4 16.5
-2585.0 9282.1 13.3
-2607.5 9282.8 14.1
-2614.2 9281.0 14.5
-2637.4 9279.8 15.7
-2648.1 9283.9 16.0
-2654.0 9280.9 16.5
-2664.3 9278.0 16.9
-2694.8 9280.3 17.0
-2712.7 9280.2 17.0
-2727.5 9277.8 17.1
-2732.1 9278.0 17.1
-2755.0 9279.0 17.1
-2763.4 9282.2 17.1
-2797.4 9279.5 17.2
-2915.8 9278.9 16.3
-2546.1 9293.6 12.0
-2566.5 9289.1 12.6
-2577.7 9287.4 13.0
-2585.6 9290.1 13.2
-2597.3 9293.3 13.5
-2607.6 9292.2 13.8
-2614.9 9292.3 14.0
-2636.2 9287.5 15.2
-2674.6 9292.8 16.8
-2685.1 9293.7 17.0
-2695.2 9288.6 17.0
-2702.0 9292.4 17.0
-2713.3 9289.5 17.0
-2722.6 9292.4 17.1
-2737.5 9289.5 17.1
-2744.8 9290.2 17.1
-2773.2 9287.6 17.1
-2803.8 9292.5 17.2
-2922.5 9292.6 16.0
-2568.2 9297.8 12.5
-2605.9 9301.2 13.6
-2615.4 9300.5 13.9
-2623.6 9303.3 14.1
-2648.0 9298.6 15.1
-2686.4 9300.8 16.9
-2698.2 9301.3 17.0
-2755.1 9299.0 17.1
-2784.7 9297.8 17.2
-2791.9 9298.4 17.2
-2806.7 9298.7 17.1
-2821.9 9298.9 17.0
-2535.7 9310.7 11.4
-2551.9 9308.5 11.9
-2568.0 9307.9 12.4
-2586.1 9307.5 12.9
-2613.7 9313.1 13.6
-2625.1 9311.4 14.0
-2704.0 9311.1 17.0
-2716.9 9309.1 17.1
-2785.5 9308.5 17.2
-2827.4 9311.3 16.7
-2525.2 9320.0 11.2
-2545.6 9318.5 11.8
-2628.4 9323.8 14.0
-2635.0 9322.4 14.2
-2642.2 9322.8 14.4
-2654.3 9317.8 14.9
-2674.8 9318.9 15.5
-2702.0 9323.6 16.3
-2713.4 9322.2 16.9
-2725.8 9320.8 17.1
-2743.0 9322.9 17.1
-2782.4 9322.2 17.0
-2797.8 9320.6 16.9
-2805.1 9317.7 16.8
-2534.9 9333.4 11.6
-2563.4 9328.4 12.4
-2573.3 9329.0 12.6
-2606.0 9330.3 13.4
-2615.4 9328.8 13.6
-2637.8 9328.6 14.3
-2653.3 9329.9 14.7
-2678.1 9329.0 15.4
-2684.8 9331.4 15.6
-2736.0 9328.0 17.1
-2757.1 9333.4 17.1
-2794.1 9332.6 16.7
-2827.0 9328.1 16.4
-2833.6 9329.0 16.3
-2522.5 9337.8 11.5
-2537.7 9339.9 11.7
-2544.1 9343.9 11.9
-2557.4 9339.9 12.2
-2568.0 9342.8 12.4
-2572.8 9341.4 12.5
-2588.0 9342.5 12.8
-2594.7 9341.1 13.0
-2614.9 9337.4 13.6
-2665.4 9342.5 14.9
-2677.9 9341.7 15.3
-2694.9 9339.1 15.7
-2714.3 9337.5 16.4
-2726.2 9340.9 16.7
-2741.9 9341.5 17.1
-2752.9 9342.2 17.0
-2763.4 9342.8 16.8
-2798.3 9337.5 16.6
-2808.4 9338.3 16.4
-2813.2 9341.5 16.3
-2544.3 9349.4 11.9
-2593.2 9348.0 12.8
-2602.5 9351.0 13.0
-2646.3 9348.5 14.2
-2658.4 9348.9 14.5
-2664.1 9353.5 14.6
-2692.7 9348.3 15.6
-2702.7 9353.4 15.7
-2742.8 9353.7 16.7
-2757.3 9349.8 16.8
-2764.8 9352.4 16.7
-2786.1 9348.1 16.5
-2543.8 9357.6 11.9
-2557.7 9358.8 12.2
-2578.4 9361.6 12.6
-2582.7 9362.8 12.7
-2595.5 9360.4 12.9
-2602.1 9362.7 13.1
-2612.1 9357.7 13.2
-2647.4 9360.4 13.9
-2652.7 9361.6 14.0
-2705.6 9357.7 15.7
-2732.9 9360.2 16.2
-2786.8 9359.2 16.3
-2544.4 9369.1 12.0
-2585.7 9372.3 12.8
-2603.6 9373.9 13.1
-2616.2 9367.8 13.2
-2635.6 9368.6 13.5
-2642.8 9371.1 13.6
-2654.0 9368.3 13.9
-2663.9 9370.3 14.1
-2673.6 9371.5 14.4
-2695.3 9373.0 14.9
-2704.4 9367.6 15.3
-2744.4 9372.1 16.1
-2755.6 9373.4 16.3
-2773.5 9373.1 16.2
-2557.9 9378.5 12.3
-2578.0 9382.8 12.7
-2584.4 9380.7 12.8
-2637.8 9381.4 13.5
-2643.6 9381.6 13.6
-2668.2 9381.9 13.9
-2676.2 9382.3 14.1
-2687.3 9380.3 14.5
-2693.6 9380.3 14.7
-2748.1 9380.8 15.8
-2758.5 9377.8 16.2
-2766.6 9381.6 16.1
-2783.2 9382.5 16.1
-2793.8 9383.9 16.2
-2584.9 9392.8 12.9
-2604.9 9392.1 13.1
-2626.0 9392.9 13.3
-2656.3 9391.6 13.7
-2678.3 9388.9 14.0
-2682.8 9387.7 14.2
-2694.6 9390.6 14.4
-2713.4 9390.3 14.8
-2724.0 9391.1 15.0
-2736.5 9391.9 15.3
-2747.4 9390.2 15.5
-2752.6 9391.3 15.6
-2777.6 9388.5 16.1
-2785.6 9391.2 16.1
-2806.3 9393.2 16.1
-2604.4 9401.5 13.2
-2616.6 9403.3 13.4
-2674.1 9403.8 14.0
-2685.3 9402.8 14.1
-2706.6 9402.9 14.5
-2715.1 9402.6 14.7
-2727.0 9398.8 15.0
-2733.8 9400.1 15.1
-2743.6 9399.4 15.3
-2754.3 9399.7 15.5
-2573.8 9408.5 12.8
-2595.9 9411.2 13.0
-2606.1 9412.1 13.2
-2612.8 9410.4 13.4
-2627.9 9409.2 13.6
-2668.1 9408.3 14.0
-2675.5 9410.6 14.1
-2692.7 9411.9 14.2
-2707.2 9407.5 14.4
-2727.5 9409.0 14.7
-2743.8 9413.7 15.0
-2753.1 9413.6 15.2
-2766.7 9410.8 15.5
-2796.7 9409.8 15.8
-2814.0 9410.5 15.9
-2568.3 9420.2 12.7
-2646.4 9420.0 13.9
-2654.8 9417.6 14.0
-2667.9 9423.9 14.2
-2672.3 9418.3 14.2
-2687.2 9418.3 14.3
-2706.2 9420.3 14.4
-2724.9 9422.4 14.5
-2777.4 9418.3 15.6
-2566.5 9430.4 12.7
-2576.9 9430.0 12.8
-2615.3 9432.0 13.3
-2693.9 9428.3 14.4
-2714.6 9429.7 14.6
-2726.2 9427.7 14.5
-2735.5 9427.4 14.6
-2776.4 9432.3 15.3
-2787.4 9431.6 15.4
-2793.0 9428.3 15.5
-2587.8 9442.3 13.1
-2782.1 9437.7 15.3
-2806.7 9438.3 15.4
-2756.7 9449.0 14.9
-2766.1 9453.2 14.9
-2777.9 9461.7 15.0
-2792.3 9457.9 15.0
-2777.4 9470.6 15.0
-2787.7 9471.6 15.0
-2806.9 9472.4 15.1
-2795.3 9479.7 15.0
-2817.2 9483.2 15.1
-2795.1 9490.5 15.0
-2805.6 9489.3 15.0
-2815.4 9488.1 15.0
-2815.0 9519.2 15.0
-2826.3 9527.7 15.0
-2828.2 9548.7 15.0
-2836.0 9549.6 15.0
-2845.4 9563.7 15.0
-2846.8 9570.3 15.1
-2853.2 9568.6 15.1
-2848.5 9583.0 15.2
-2847.4 9588.5 15.3
-2865.1 9587.5 15.4
-6341.6 -4282.6 61.2
-5711.7 -4209.3 69.7
-5696.5 -4200.9 69.8
-5682.4 -4187.3 70.0
-5657.0 -4167.2 70.3
-5666.3 -4167.4 70.5
-5666.8 -4160.9 70.7
-5667.5 -4149.6 71.1
-5677.9 -4140.4 71.6
-5682.7 -4089.6 72.0
-5842.1 -4062.5 69.9
-5845.0 -4040.8 69.3
-5847.1 -4030.0 69.3
-5853.8 -4027.5 69.1
-5842.3 -4019.3 69.6
-5806.5 -3997.9 70.8
-5814.9 -3990.5 70.7
4802.3 -210.6 22.9
4842.4 -206.3 22.9
4831.4 -201.8 23.0
4784.2 -205.1 23.3
4358.7 -460.2 25.7
4368.6 -449.7 25.3
4360.8 -449.6 25.3
4351.3 -453.0 25.5
4330.1 -448.6 25.4
4321.5 -449.0 25.5
4321.5 -439.9 25.2
4308.9 -438.0 25.3
4358.8 -429.6 24.7
4309.2 -429.6 25.0
4370.9 -408.8 24.0
4345.3 -401.1 23.9
4707.4 -60.2 25.0
4708.8 -51.2 25.1
4707.4 -41.0 25.3
4377.8 -381.9 23.3
4359.0 -379.6 23.4
4352.0 -368.5 23.0
4428.7 -362.4 23.1
4424.2 -360.6 23.0
4348.3 -364.6 22.9
4332.1 -361.6 22.9
4278.9 -342.8 22.7
4260.5 -339.1 22.9
4340.0 -332.2 21.8
4329.9 -328.5 21.7
4350.0 -324.4 21.4
4343.8 -324.3 21.5
4322.6 -321.5 21.5
4302.2 -321.7 21.7
4290.8 -318.3 21.8
4230.3 -323.6 22.8
4311.6 -314.6 21.4
4198.9 -312.9 23.1
4283.6 -301.5 21.3
4271.7 -303.6 21.6
4237.9 -300.6 22.0
4168.1 -298.9 23.3
4269.6 -291.7 21.2
4259.1 -289.6 21.3
4249.4 -293.0 21.6
4240.2 -289.3 21.7
4231.4 -288.8 21.8
4308.1 -280.8 20.3
4241.2 -283.0 21.5
4230.4 -284.4 21.7
4168.3 -253.8 22.6
4174.3 -244.9 22.5
4528.4 -128.7 22.8
4526.4 -123.0 23.0
4547.9 -109.5 23.8
4537.6 -104.5 23.8
4541.7 -93.7 24.3
4542.0 -83.8 24.7
4988.7 -246.1 22.3
4983.7 -248.7 22.4
5009.2 -241.9 22.1
4971.5 -216.7 22.3
4998.4 -211.9 22.0
4981.2 -205.8 22.2
4971.5 -206.4 22.4
5064.5 -200.8 21.2
5001.1 -195.5 22.0
4992.1 -196.6 22.1
4964.2 -200.6 22.5
5059.8 -188.7 21.2
4961.1 -188.6 22.6
5102.4 -179.2 20.7
5052.3 -179.2 21.4
4992.4 -179.5 22.2
4962.6 -180.6 22.5
5121.2 -166.1 20.4
5108.9 -166.6 20.6
5062.7 -170.3 21.2
5043.3 -169.6 21.5
5020.7 -171.3 21.8
5113.1 -158.4 20.6
5070.9 -158.4 21.1
5049.2 -157.3 21.3
5040.8 -160.0 21.5
5078.5 -147.4 20.8
5068.4 -149.6 21.0
5061.4 -150.1 21.1
5051.9 -150.9 21.2
4635.8 1499.7 67.5
4622.9 1502.7 67.8
4632.5 1507.8 67.2
4665.7 1521.2 65.3
4653.9 1519.5 65.8
4613.0 1531.7 66.5
4622.9 1540.1 65.8
4692.8 1550.3 62.7
4623.9 1547.3 65.4
4706.7 1562.1 61.5
4644.7 1561.2 64.0
4682.0 1567.5 62.2
4656.4 1569.6 63.1
4642.0 1572.9 63.4
4622.9 1571.8 64.2
4684.1 1582.1 61.3
4665.6 1582.6 62.0
4651.7 1580.7 62.6
4630.7 1578.3 63.6
4764.7 1588.6 58.3
4695.3 1591.0 60.5
4685.1 1592.4 60.7
4651.9 1593.5 61.9
4643.3 1590.2 62.5
4761.5 1598.0 58.0
4746.4 1603.6 58.3
4693.9 1600.3 60.1
4670.4 1601.4 60.8
4661.8 1598.0 61.3
4750.7 1612.4 58.0
4733.9 1612.4 58.5
4701.0 1611.2 59.6
4686.0 1612.9 60.1
4801.3 1618.9 56.7
4744.2 1623.6 58.0
4723.5 1619.4 58.7
4713.4 1617.7 59.1
4720.9 1627.8 58.6
4733.6 1641.9 57.9
4761.2 1653.0 56.7
4746.5 1647.8 57.4
4781.9 1657.9 56.0
4776.2 1660.9 56.0
5151.2 -252.7 20.7
5252.7 -230.2 19.1
5242.6 -222.6 19.2
5235.6 -220.8 19.3
5255.1 -206.7 19.0
5240.1 -208.5 19.2
5235.8 -211.0 19.2
5220.5 -210.2 19.5
5242.4 -188.4 19.2
5219.6 -191.7 19.4
5225.1 -166.7 19.6
5233.5 -160.3 19.5
5225.6 -156.6 19.6
5219.9 -148.7 19.7
5220.7 -139.8 19.8
5225.2 -130.5 19.8
5202.7 -128.2 19.8
5174.5 -126.6 19.7
4458.2 1370.6 85.0
4445.5 1365.1 86.3
4413.4 1367.4 88.8
4468.4 1379.8 83.7
4417.0 1374.2 88.3
4406.1 1375.0 89.2
4395.8 1377.3 89.9
4409.3 1385.4 88.5
4489.0 1399.5 81.4
4433.5 1398.8 85.9
4414.2 1396.0 87.7
4494.9 1407.0 80.8
4433.1 1404.3 85.8
4423.8 1408.8 86.4
4414.7 1407.3 87.2
4525.1 1415.7 78.7
4517.7 1418.3 79.0
4434.7 1417.1 85.0
4476.8 1425.4 81.2
4475.7 1434.9 80.9
4466.3 1435.2 81.4
4455.2 1439.7 81.9
4445.5 1435.0 82.9
4439.3 1435.5 83.5
4477.3 1449.1 79.9
4467.7 1446.6 80.8
4606.5 1475.6 70.0
4598.8 1478.5 70.4
4545.3 1476.0 73.6
4524.7 1474.8 75.1
4506.0 1480.3 76.3
4497.5 1476.0 77.1
4594.7 1488.3 70.5
4589.2 1485.8 70.8
4555.0 1488.8 72.8
4547.6 1485.6 73.3
4533.6 1485.2 74.1
4526.4 1486.0 74.6
4515.0 1489.1 75.3
4592.9 1498.8 69.6
4585.2 1496.0 70.5
4579.3 1494.2 71.2
4564.3 1496.3 72.1
4557.7 1499.0 72.3
4543.6 1498.2 73.3
4566.5 1506.6 70.7
4552.8 1507.7 71.6
4537.9 1504.6 73.2
4582.9 1514.4 68.5
4573.4 1516.0 69.1
4566.1 1519.6 69.2
4578.8 1524.5 68.0
4565.1 1530.4 68.2
4583.1 1465.7 71.5
4559.4 1320.5 81.8
4582.6 1346.3 78.4
4554.8 1349.0 80.3
4514.3 1349.9 82.9
4569.5 1360.2 78.6
4559.5 1357.1 79.4
4520.3 1360.9 81.7
4581.1 1370.5 77.2
4572.8 1370.7 77.8
4520.7 1366.3 81.2
4585.8 1379.0 76.4
4520.9 1377.5 80.6
4510.9 1385.1 80.8
4600.7 1408.3 73.8
4571.3 1419.3 74.8
4559.9 1415.9 75.9
4595.0 1426.3 72.8
4579.9 1430.6 73.3
4570.8 1428.1 74.2
4631.8 1437.0 70.2
4609.5 1440.8 71.0
4604.3 1441.2 71.2
4592.5 1438.5 72.0
4632.4 1447.7 69.8
4625.2 1451.3 70.0
4604.7 1455.4 70.7
4742.8 1072.3 83.5
4728.0 1072.0 83.8
4718.2 1074.5 84.6
4744.6 1083.9 83.3
4714.5 1081.5 85.0
4708.1 1087.3 85.8
4695.3 1085.3 87.8
4705.1 1093.2 86.1
4766.0 1100.9 82.7
4694.2 1105.3 87.5
4676.5 1101.0 90.3
4717.3 1114.5 83.7
4703.5 1122.8 85.4
4687.3 1134.7 86.0
4656.0 1162.0 87.4
4596.5 1194.7 90.7
4612.6 1205.9 87.8
4612.3 1216.1 86.8
4571.6 1221.0 87.2
4589.5 1235.5 86.3
4550.2 1250.9 86.5
4568.2 1260.4 85.8
4530.6 1261.6 86.4
4506.8 1281.1 86.0
4502.1 1282.5 86.1
4479.7 1283.9 86.4
4481.0 1293.5 86.1
4481.8 1303.7 87.2
4519.1 1309.8 85.3
4512.6 1315.1 85.4
4489.2 1315.2 86.9
4481.0 1311.2 87.6
4483.0 1321.1 86.9
4489.0 1331.0 85.8
4469.6 1335.3 86.8
4456.8 1295.2 86.9
4427.4 1313.9 89.7
4431.2 1325.2 89.7
4415.8 1320.5 90.7
4437.6 1345.6 88.2
4425.3 1343.6 89.2
4803.8 1128.3 81.4
4772.1 1127.6 81.9
4765.1 1138.2 81.4
4754.0 1137.9 81.9
4745.3 1133.8 82.5
4732.7 1139.9 82.8
4805.0 1149.1 79.9
4833.8 1155.5 79.2
4800.8 1160.0 79.2
4791.2 1159.3 79.6
4766.4 1154.7 80.9
4825.1 1164.0 78.6
4815.2 1166.8 78.4
4793.9 1169.3 79.2
4780.7 1163.8 80.0
4776.2 1167.6 80.1
4754.3 1166.3 81.1
4681.3 1169.0 84.5
4800.1 1176.4 78.7
4780.2 1177.3 79.6
4762.8 1178.8 80.4
4766.2 1187.8 80.0
4746.0 1185.7 81.1
4734.9 1187.6 81.6
4721.1 1187.2 82.2
4661.3 1183.9 85.0
4740.1 1198.7 80.9
4705.3 1198.4 82.2
4695.0 1196.6 82.7
4722.5 1208.8 80.7
4714.1 1207.0 81.1
4704.4 1208.1 81.4
4695.7 1204.4 82.0
4816.2 1219.6 76.5
4754.2 1214.6 79.1
4672.4 1218.6 81.6
4772.7 1227.8 77.3
4752.4 1226.6 78.1
4695.3 1228.5 80.0
4671.7 1224.8 81.1
4661.1 1228.1 81.6
4700.8 1238.8 78.9
4686.0 1236.9 79.6
4652.2 1236.8 81.7
4806.0 1247.9 74.4
4752.6 1249.0 76.2
4685.3 1248.6 78.6
4640.7 1247.8 81.8
4761.9 1258.7 75.1
4710.3 1254.5 77.2
4700.5 1258.3 77.3
4833.4 1264.3 72.0
4814.7 1266.2 72.4
4705.4 1269.0 76.2
4771.9 1277.2 73.0
4732.6 1276.2 74.6
4722.5 1277.7 74.8
4715.0 1274.1 75.4
4843.8 1285.1 69.9
4832.8 1286.5 70.2
4811.5 1289.1 70.6
4782.7 1290.0 71.5
4850.2 1293.8 69.0
4844.5 1296.8 69.0
4833.1 1295.0 69.5
4804.2 1293.9 70.5
4786.0 1294.6 71.0
4770.7 1293.4 71.6
4754.4 1295.2 72.0
4696.4 1295.2 74.2
4803.8 1305.8 69.5
4794.7 1305.8 69.8
4783.4 1307.0 70.1
4765.0 1305.1 70.8
4751.1 1309.0 71.0
4786.0 1318.3 69.3
4721.8 1318.3 71.3
4710.6 1315.0 71.8
4782.2 1325.8 68.9
4775.7 1329.4 68.9
4722.4 1328.1 70.7
4783.5 1339.9 68.1
4763.3 1333.7 69.1
4795.5 1344.7 67.4
4783.5 1348.7 67.5
4782.1 1358.8 67.0
4812.0 -411.2 23.5
4726.2 -413.1 22.0
4805.2 -401.3 23.3
4792.1 -405.2 23.0
4773.5 -406.8 22.6
4750.7 -404.3 22.2
4735.9 -403.9 22.1
4721.0 -403.1 21.9
4715.2 -401.6 21.9
4695.0 -404.0 21.9
4801.7 -390.6 23.1
4756.1 -394.4 22.3
4696.0 -390.3 22.1
4774.3 -381.5 22.5
4742.6 -385.1 22.1
4735.6 -383.0 22.1
4723.6 -383.0 22.0
4729.6 -372.6 22.1
4764.5 -361.7 22.3
4751.8 -365.6 22.2
4745.4 -363.7 22.2
4730.4 -366.6 22.1
4765.2 -341.3 22.3
4753.0 -343.4 22.3
4285.4 -791.3 37.5
4278.8 -789.0 37.3
4269.4 -790.9 37.2
4289.8 -783.7 37.5
4298.1 -768.8 37.2
4287.2 -769.8 37.0
4273.9 -768.2 37.4
4263.9 -770.1 37.3
4259.8 -771.2 37.2
4269.6 -763.4 37.4
4303.4 -752.8 36.8
4283.6 -752.4 37.1
4269.8 -749.5 37.6
4257.5 -749.8 37.4
4314.4 -739.4 36.6
4303.4 -739.2 36.1
4277.6 -739.5 37.4
4266.1 -742.7 37.6
4234.1 -738.7 37.3
4315.3 -727.9 35.6
4304.8 -730.7 36.0
4278.9 -732.0 37.3
4257.3 -733.5 37.6
4244.6 -729.6 37.5
4237.9 -733.0 37.4
4327.0 -718.9 36.0
4303.3 -721.7 36.1
4296.0 -720.1 36.4
4263.5 -719.1 37.8
4249.0 -724.4 37.6
4237.3 -723.7 37.5
4323.5 -713.6 35.1
4308.4 -712.8 35.8
4294.2 -710.4 36.5
4267.1 -711.3 37.9
4239.3 -712.8 37.5
4313.8 -702.2 35.5
4297.5 -701.6 36.3
4277.7 -703.9 37.3
4238.9 -701.7 37.1
4226.8 -704.3 36.8
4346.0 -688.5 34.9
4338.2 -690.6 34.5
4316.8 -688.9 35.3
4307.1 -690.0 35.8
4297.6 -687.9 36.1
4284.0 -694.3 36.8
4294.8 -681.2 35.6
4284.8 -683.7 36.0
4274.9 -683.7 36.2
4353.3 -668.1 33.6
4329.4 -670.2 34.1
4316.7 -669.2 34.3
4308.4 -660.6 33.8
4327.3 -650.0 32.7
4374.9 -638.4 31.8
4366.3 -639.8 31.8
4356.7 -638.4 31.8
4346.0 -641.2 32.1
4328.7 -638.2 32.0
4315.4 -639.3 32.2
4303.4 -640.6 32.4
4367.5 -632.4 31.4
4355.7 -632.6 31.5
4349.0 -628.3 31.3
4313.3 -629.1 31.7
4305.2 -629.3 31.8
4313.4 -621.1 31.2
4307.4 -622.3 31.3
4387.0 -609.2 30.5
4394.7 -598.8 30.1
4347.0 -598.6 30.0
4334.7 -599.6 30.0
4327.8 -603.5 30.2
4393.6 -593.0 29.8
4378.0 -593.9 29.8
4366.7 -592.7 29.8
4356.5 -591.8 29.7
4349.6 -593.5 29.8
4404.6 -581.4 29.4
4395.7 -579.9 29.3
4383.6 -582.5 29.4
4365.3 -573.2 29.0
4409.2 -563.8 28.8
4394.7 -563.7 28.6
4387.3 -563.6 28.6
4414.7 -548.7 28.3
4406.4 -549.0 28.2
4373.3 -550.9 28.1
4358.5 -552.7 28.1
4418.6 -542.8 28.1
4393.5 -538.1 27.8
4385.4 -541.6 27.8
4374.3 -542.5 27.8
4363.6 -542.6 27.8
4359.2 -540.4 27.8
4397.1 -528.8 27.6
4363.6 -531.2 27.5
4428.4 -523.3 27.7
4368.2 -523.9 27.3
4426.5 -513.5 27.4
4417.7 -513.8 27.3
4397.6 -513.8 27.1
4423.4 -501.9 26.9
4414.5 -498.3 26.7
4397.5 -504.1 26.8
4363.9 -501.4 26.6
4403.9 -490.3 26.5
4356.6 -488.3 26.3
4396.6 -482.2 26.2
4379.7 -478.2 26.0
4363.4 -484.1 26.1
4414.1 -474.3 26.0
4404.6 -471.6 25.9
4397.2 -473.5 25.9
4416.4 -459.2 25.6
4384.9 -460.4 25.5
4433.9 -447.9 25.3
4425.3 -449.5 25.3
4417.5 -448.8 25.2
4409.2 -450.3 25.2
4388.0 -439.8 24.9
4463.0 -314.3 22.7
4454.2 -311.0 22.4
4447.7 -298.1 21.9
4423.9 -297.8 21.3
4408.5 -300.3 21.0
4445.5 -288.6 21.6
4436.0 -291.2 21.4
4414.6 -290.5 20.9
4405.2 -292.9 20.7
4392.7 -287.8 20.3
4408.6 -280.4 20.5
4398.3 -281.3 20.2
4385.4 -280.8 19.9
4372.9 -279.2 19.6
4363.1 -283.9 19.8
4356.6 -279.5 19.7
4446.2 -269.2 21.0
4417.5 -269.3 20.4
4406.4 -272.6 20.2
4382.6 -272.0 19.6
4373.1 -268.1 19.3
4345.5 -268.5 19.3
4428.8 -259.1 20.4
4398.5 -258.4 19.6
4367.8 -263.5 19.0
4335.1 -259.9 19.2
4307.4 -262.0 19.7
4296.6 -259.5 19.8
4278.1 -258.3 20.1
4433.6 -249.8 20.2
4424.4 -249.8 20.0
4388.2 -252.7 19.2
4335.4 -252.6 18.9
4324.9 -252.6 19.1
4296.7 -251.1 19.6
4312.8 -243.7 19.1
4303.0 -240.6 19.3
4294.1 -238.4 19.5
4275.4 -241.8 20.0
4267.5 -241.8 20.2
4293.7 -232.5 19.5
4287.6 -232.5 19.7
4267.7 -229.2 20.2
4237.6 -230.9 20.9
4253.9 -222.9 20.5
4245.5 -223.5 20.7
4234.7 -218.3 21.0
4235.3 -211.2 21.0
4226.5 -209.3 21.2
4204.5 -211.3 21.7
4197.6 -203.4 21.9
4187.5 -201.6 22.1
4700.0 -470.6 21.8
4691.3 -473.8 21.7
4712.0 -444.7 21.9
4711.4 -435.8 21.8
4707.7 -424.6 21.8
4712.1 -415.6 21.9
4646.2 -410.6 23.4
4661.4 -402.0 23.1
4656.6 -396.0 23.5
4843.8 1193.6 76.3
4855.0 1201.4 75.6
4861.0 1223.4 74.6
4854.0 1218.8 75.2
4852.4 1234.1 74.0
4872.5 1238.7 72.8
4839.3 1242.6 73.7
4880.7 1251.7 71.5
4889.9 1264.5 70.1
4893.6 1269.0 69.7
4894.6 1293.9 67.6
4881.4 1292.2 68.2
4902.5 1301.3 66.7
4884.0 1302.2 67.3
4920.4 1313.5 65.4
4910.6 1311.5 65.8
4915.0 1329.8 64.4
4883.1 1331.8 65.5
4941.8 1359.0 61.2
4941.6 1382.9 59.5
4925.7 1393.7 59.4
4925.7 1398.5 59.1
4910.2 1399.7 59.8
4903.9 1420.2 59.3
4890.4 1420.3 60.0
4642.5 1266.8 80.1
4570.7 1277.6 84.3
4607.6 1287.5 80.8
4600.2 1287.6 81.3
4597.1 1298.4 80.7
4651.8 1308.7 75.9
4638.8 1310.8 76.7
4617.1 1307.9 78.5
4606.7 1307.0 79.3
4648.2 1316.0 75.6
4637.3 1318.0 76.2
4618.9 1314.7 77.8
4572.9 1316.4 81.1
4672.1 1330.8 73.4
4641.3 1325.9 75.4
4588.0 1324.5 79.4
4582.7 1325.2 79.7
4871.5 1338.3 65.4
4842.4 1337.4 66.4
4831.8 1335.1 66.8
4709.3 1340.2 70.8
4678.8 1340.2 72.6
4662.1 1340.0 73.5
4647.1 1336.3 74.5
4639.7 1339.3 74.8
4872.1 1345.8 65.0
4856.7 1350.1 65.2
4687.0 1347.0 71.8
4680.0 1349.3 72.1
4661.3 1347.4 73.2
4650.8 1347.8 73.7
4617.4 1349.8 75.7
4867.8 1355.7 64.5
4682.1 1358.5 71.5
4650.8 1359.9 73.1
4896.9 1370.0 62.3
4713.0 1365.5 69.4
4687.6 1365.9 70.8
4678.4 1367.6 71.2
4673.1 1364.6 71.6
4638.8 1364.4 73.5
4860.8 1375.2 63.4
4826.9 1376.1 64.6
4818.5 1380.0 64.7
4717.2 1375.1 68.7
4708.0 1377.2 69.1
4672.0 1378.2 71.0
4643.0 1380.0 72.5
4630.2 1378.7 73.3
4612.8 1374.9 74.7
4859.9 1387.9 62.6
4771.6 1390.2 66.1
4722.2 1390.0 68.1
4649.7 1385.0 71.8
4637.0 1386.3 72.5
4609.2 1390.6 74.2
4603.1 1385.6 74.9
4869.4 1399.7 61.8
4777.7 1397.5 65.5
4767.1 1399.5 65.8
4761.6 1399.7 66.1
4730.4 1397.5 67.5
4678.6 1399.7 69.5
4662.4 1397.0 70.5
4617.7 1400.9 73.0
4878.4 1404.5 61.1
4807.2 1408.0 63.9
4740.9 1408.8 66.5
4731.5 1405.7 67.1
4721.8 1406.6 67.5
4689.1 1405.0 69.0
4620.1 1407.1 72.5
4798.2 1415.9 63.9
4711.0 1415.4 67.6
4688.2 1414.9 68.6
4778.9 1426.0 64.2
4711.7 1425.1 67.1
4771.3 1436.2 64.1
4718.8 1436.0 66.3
4706.8 1439.2 66.6
4740.6 1448.5 64.7
4707.4 1446.0 66.3
4697.0 1448.7 66.6
4696.6 1457.6 66.2
4689.8 1459.0 66.5
4657.5 1459.2 68.1
4677.4 1469.8 66.6
4669.9 1464.8 67.2
4658.4 1469.3 67.7
4648.7 1465.8 68.3
4669.7 1480.7 66.7
4879.3 -418.5 24.7
4869.7 -424.1 24.7
4886.4 -410.1 24.6
4864.7 -413.8 24.7
4858.0 -359.5 23.7
4905.3 -349.0 24.2
4866.1 -349.8 23.8
4890.0 -343.0 24.3
4865.2 -339.3 23.7
4858.7 -340.4 23.6
4865.0 -332.2 23.6
4147.0 -30.4 18.8
4142.7 -31.8 18.8
4133.1 -31.2 18.8
4149.2 -19.8 18.8
4139.0 -3.4 18.7
4129.6 -5.0 18.7
4078.2 -1.6 18.5
4072.0 -0.1 18.5
4032.7 -0.3 18.4
4001.7 0.8 18.4
4062.3 5.9 18.4
4050.7 9.8 18.4
4041.7 5.8 18.4
4103.5 17.0 18.5
4083.1 14.4 18.5
4071.5 17.9 18.4
4048.7 16.8 18.3
4039.5 15.4 18.3
4033.1 20.8 18.3
4078.9 26.2 18.4
4069.0 27.5 18.4
4043.0 28.5 18.3
4029.1 24.4 18.2
4011.2 30.7 18.2
4088.4 40.4 18.4
4082.1 34.2 18.4
4037.2 40.2 18.2
4031.9 36.3 18.2
4021.7 39.0 18.2
4011.1 36.1 18.1
3990.0 38.7 18.1
4067.2 47.3 18.3
4049.7 50.5 18.2
4038.7 50.2 18.2
4029.0 46.9 18.2
4012.2 50.7 18.1
3987.1 48.6 18.0
3981.1 45.7 18.0
3947.5 48.1 18.0
4067.6 60.6 18.2
4057.1 56.9 18.2
4038.2 55.6 18.2
4030.3 59.2 18.1
3981.5 59.0 18.0
3948.4 57.8 17.9
3932.8 58.1 18.0
3917.7 58.8 18.1
3897.4 54.9 18.3
3888.9 56.0 18.3
3870.5 56.7 18.4
4042.5 68.2 18.1
4001.6 64.6 18.0
3988.0 65.9 18.0
3938.4 69.6 17.8
3929.1 65.7 17.9
3918.7 67.9 17.9
3880.5 65.9 18.2
3873.3 66.4 18.3
3859.1 70.4 18.3
4027.0 76.6 18.0
4021.9 75.0 18.0
3997.1 74.3 18.0
3942.5 80.1 17.8
3920.0 74.4 17.8
3909.8 80.0 17.8
3903.1 77.1 17.9
3879.2 77.1 18.1
3861.0 79.8 18.2
4028.5 86.8 18.0
4021.5 89.5 18.0
3961.6 87.7 17.8
3932.9 85.5 17.7
3909.0 89.9 17.6
3897.1 87.7 17.8
3893.0 86.4 17.8
4031.1 100.4 18.0
3977.5 97.1 17.8
3971.0 96.6 17.8
3936.9 98.6 17.7
3897.2 99.0 17.6
3892.9 99.5 17.6
4020.9 104.7 17.9
3979.6 105.4 17.8
3967.4 105.5 17.7
3958.1 108.7 17.7
3932.3 105.4 17.6
3881.4 106.6 17.6
4002.2 120.7 17.8
3958.2 114.9 17.7
3929.8 116.1 17.6
3917.8 120.5 17.5
3889.6 119.5 17.4
3881.4 119.8 17.4
3868.0 118.7 17.8
3982.2 127.6 17.7
3933.2 128.6 17.5
3917.9 124.8 17.5
3900.1 126.7 17.4
3881.7 126.9 17.6
3857.9 127.3 18.1
3967.8 136.8 17.6
3939.3 140.6 17.5
3923.5 138.5 17.5
3911.1 136.1 17.4
3891.6 140.7 17.6
3883.1 137.1 17.8
3867.9 139.5 18.2
3860.4 139.9 18.3
3941.7 146.3 17.5
3902.9 147.6 17.5
3932.4 155.4 17.3
3911.0 154.8 17.5
3890.1 159.2 18.1
3863.2 158.9 18.6
3913.3 167.1 17.7
3897.1 168.0 18.1
4881.0 -487.6 25.2
4850.5 -480.2 25.1
4906.3 -466.5 24.8
4894.7 -468.0 24.8
4880.1 -468.0 24.8
4855.7 -468.8 25.0
4881.4 -459.3 24.8
4862.6 -461.7 24.9
4851.9 -462.8 25.0
4884.7 -451.8 24.8
4835.9 -452.9 24.7
4825.1 -447.4 24.3
4935.5 -428.3 24.4
3532.1 478.4 15.6
3887.7 577.1 25.9
3893.2 587.3 26.5
3884.4 581.8 26.0
3884.8 591.9 26.3
3862.9 596.8 25.5
3853.1 595.0 25.1
3843.5 595.2 24.7
3835.6 592.5 24.2
3882.3 602.0 26.6
3832.5 607.1 24.9
3816.9 604.4 24.1
3904.3 613.4 28.0
3872.3 618.2 27.0
3854.9 614.1 26.1
3835.8 618.2 25.6
3821.6 617.7 25.1
3781.6 613.6 22.6
3882.4 622.3 27.6
3876.3 625.3 27.6
3866.3 621.9 27.0
3837.5 626.0 26.1
3814.3 626.3 25.3
3802.7 626.6 24.8
3784.8 624.0 23.3
3773.3 624.7 22.4
3763.1 622.3 21.5
3904.7 633.1 29.1
3882.6 636.4 28.4
3877.1 633.1 28.0
3854.7 638.2 27.5
3821.9 636.9 26.2
3802.6 636.9 25.2
3794.8 634.4 24.5
3763.0 632.9 22.0
3753.3 633.5 21.5
3746.1 637.9 21.6
3723.6 638.2 20.9
3853.8 643.0 27.7
3834.8 646.2 27.2
3811.8 641.8 26.1
3792.9 644.1 24.8
3771.6 641.8 23.1
3764.5 643.0 22.8
3726.8 643.9 21.5
3715.1 646.5 21.3
3705.6 644.0 20.7
3897.4 656.2 30.5
3872.3 655.3 29.1
3846.4 657.9 28.3
3822.3 652.8 27.1
3814.6 652.8 26.8
3791.8 654.9 25.2
3781.5 652.3 24.4
3755.1 657.7 23.7
3712.9 652.4 21.7
3707.3 655.6 21.8
3693.8 654.7 21.3
3901.9 662.1 31.2
3894.1 662.8 30.9
3882.1 666.9 30.6
3866.8 663.0 29.5
3841.5 667.8 28.7
3835.2 667.5 28.4
3816.7 665.3 27.6
3785.9 667.9 25.8
3774.2 666.9 25.2
3747.8 668.1 24.4
3732.5 663.2 23.4
3725.3 664.6 23.3
3682.8 665.0 21.8
3875.4 674.5 30.9
3837.1 675.5 29.1
3786.0 675.9 26.4
3743.6 677.4 25.0
3722.1 676.7 24.1
3686.0 675.0 22.4
3671.7 674.6 21.8
3915.9 682.8 33.0
3876.9 685.6 32.0
3864.0 681.9 30.9
3854.6 681.9 30.3
3842.5 684.5 29.9
3837.9 681.9 29.5
3782.9 686.0 27.2
3763.8 687.4 26.5
3757.0 685.9 26.1
3742.2 683.6 25.3
3696.1 687.1 23.5
3675.0 686.2 22.7
3663.9 682.0 22.0
3854.2 696.4 31.1
3836.7 693.8 30.0
3784.0 692.8 27.6
3776.0 693.2 27.3
3764.7 694.2 26.8
3754.2 697.0 26.4
3747.9 692.8 26.0
3735.8 692.1 25.4
3873.8 703.0 33.4
3867.9 707.0 33.1
3766.9 702.4 27.2
3753.7 704.1 26.8
3733.3 705.4 25.9
3726.0 701.8 25.4
3711.6 702.7 24.8
3677.0 704.6 23.3
3893.0 716.9 35.7
3873.3 714.1 34.1
3866.9 713.0 33.5
3763.7 715.2 27.6
3746.7 716.3 26.8
3727.4 713.9 25.9
3704.5 713.2 24.8
3694.5 711.9 24.3
3915.9 721.8 36.7
3726.9 723.6 26.1
3716.5 721.8 25.6
3891.9 734.4 37.2
3887.0 737.4 37.0
3877.4 735.8 36.1
3723.3 734.7 26.3
3714.7 736.2 25.9
3704.3 732.3 25.3
3694.8 738.1 25.1
3912.3 743.9 39.0
3902.1 744.1 38.7
3883.1 742.2 37.0
3771.6 748.0 29.0
3752.1 744.8 27.9
3736.9 745.6 27.2
3721.9 745.3 26.5
3703.1 744.2 25.6
3916.0 755.5 40.2
3893.4 755.0 38.9
3867.0 755.1 36.5
3704.7 757.4 26.1
3925.4 766.8 41.4
3912.1 762.6 40.9
3884.2 767.0 38.9
3834.9 766.9 34.4
3824.7 762.7 33.2
3766.6 766.5 29.4
3743.6 762.4 28.1
3734.9 767.9 27.9
3926.5 774.3 42.2
3883.4 777.7 39.6
3753.5 774.6 29.0
3714.2 772.3 27.0
3912.5 783.4 42.7
3887.0 784.3 40.4
3832.8 782.8 34.9
3822.5 784.5 33.9
3806.1 785.1 32.3
3766.9 785.3 30.1
3753.6 785.1 29.4
3745.7 782.8 28.9
3902.2 795.5 42.4
3793.2 792.9 31.6
3783.6 798.0 31.3
3771.9 794.9 30.7
3757.2 798.0 30.0
3844.4 806.0 37.0
3807.4 807.2 33.3
3775.9 806.8 31.3
3753.0 803.0 30.0
3807.1 813.0 33.5
3798.0 818.0 33.1
3774.4 815.2 31.7
3764.3 814.6 31.1
3837.1 826.9 37.5
3797.3 827.4 33.4
3757.3 824.1 31.2
3866.1 835.4 41.5
3852.4 835.6 40.0
3847.3 837.6 39.5
3834.7 832.4 37.7
3823.1 836.0 36.6
3814.2 834.2 35.3
3804.2 833.5 34.0
3782.3 837.7 32.8
3862.1 842.5 41.6
3856.2 845.5 41.2
3843.2 845.1 39.7
3822.1 847.8 36.9
3818.0 845.9 36.3
3783.4 844.3 33.0
3845.2 858.3 40.5
3833.9 856.8 38.9
3824.1 854.5 37.5
3814.1 857.5 36.3
3803.4 857.9 35.1
3842.3 864.4 40.4
3813.6 866.5 37.1
3843.1 873.4 41.2
3823.8 872.0 38.8
4189.6 1472.2 86.8
4185.1 1481.1 87.1
4185.3 1490.4 87.4
4170.1 1494.4 87.1
4189.8 1503.5 88.1
4179.2 1503.7 87.8
4160.6 1502.6 87.2
4186.0 1512.0 88.3
4180.6 1512.9 88.2
4170.2 1513.6 87.9
4150.0 1515.4 87.3
4166.7 1524.4 88.2
4158.4 1522.9 87.9
4145.5 1526.1 87.6
4140.0 1520.8 87.3
4135.1 1533.1 87.6
4129.9 1536.0 87.6
4174.9 1543.8 89.2
4168.3 1546.0 89.1
4148.8 1543.1 88.4
4148.1 1551.2 88.7
4135.0 1550.7 88.3
4105.3 1556.4 87.8
4158.7 1564.0 89.4
4137.9 1563.8 88.9
4126.3 1565.4 88.6
4117.0 1563.4 88.3
4105.0 1566.3 88.2
4096.9 1561.3 87.9
4126.2 1571.2 88.8
4109.7 1572.5 88.5
4165.4 1581.0 88.8
4155.9 1584.0 88.8
4150.8 1585.2 88.7
4104.9 1583.1 88.8
4097.0 1585.3 88.7
4085.3 1584.8 88.5
4078.0 1582.7 88.3
4157.3 1590.2 88.5
4145.4 1595.0 88.3
4140.3 1590.4 88.6
4129.4 1593.9 88.5
4114.7 1591.4 88.9
4090.1 1592.7 88.9
4124.6 1600.8 88.6
4107.6 1604.0 88.9
4097.2 1606.4 89.1
4065.5 1603.7 88.9
4150.8 1610.3 87.8
4129.2 1611.8 88.3
4067.0 1612.3 89.1
4160.0 1620.6 87.5
4138.9 1626.1 87.9
4130.2 1625.2 88.1
4080.5 1621.5 89.3
4070.5 1622.3 89.4
4148.1 1632.7 87.6
4136.4 1632.9 87.9
4125.3 1634.1 88.1
4120.7 1636.2 88.2
4104.6 1635.1 88.6
4070.4 1632.3 89.4
4061.0 1632.4 89.6
4046.1 1634.8 89.5
4150.9 1644.9 87.4
4140.2 1642.2 87.7
4118.0 1645.5 88.2
4096.3 1645.5 88.7
4064.9 1645.2 89.4
4048.2 1640.7 89.6
4034.8 1644.7 89.6
4146.2 1650.9 87.4
4139.2 1651.9 87.6
4117.9 1650.0 88.1
4087.4 1650.4 88.8
4077.1 1655.9 89.0
4067.8 1655.0 89.2
4038.6 1656.3 89.7
4148.3 1665.9 87.3
4125.7 1665.9 87.9
4077.9 1660.8 89.0
4059.2 1660.3 89.5
4041.0 1660.4 89.6
4114.7 1671.8 88.2
4094.6 1674.6 88.7
4060.6 1670.7 89.5
4029.7 1673.0 88.8
4014.4 1670.6 88.6
4140.5 1682.9 87.7
4125.1 1681.1 88.0
4115.7 1683.3 88.3
4099.2 1684.8 88.7
4089.0 1682.9 89.0
4069.8 1683.3 89.1
4061.0 1686.0 88.9
4120.6 1693.1 88.3
4107.8 1693.8 88.6
4077.0 1695.3 88.7
4066.3 1696.4 88.5
4045.9 1696.0 88.2
4028.1 1693.6 88.0
4015.1 1696.2 87.6
3998.6 1694.5 87.4
4117.7 1704.8 88.5
4105.6 1703.2 88.7
4069.7 1705.7 88.2
4006.1 1704.7 87.2
4097.0 1714.3 88.3
4085.9 1715.1 88.1
4075.3 1715.4 87.9
4034.6 1712.1 87.3
4017.6 1711.5 87.1
4010.8 1715.3 86.9
4069.4 1726.1 87.3
4020.8 1721.2 86.8
3996.3 1723.5 86.4
4070.9 1734.9 86.9
3994.6 1732.8 85.9
3976.9 1734.0 85.2
4070.0 1740.8 86.6
4059.9 1744.5 86.4
4010.1 1741.0 86.0
3988.5 1740.1 85.4
3965.9 1743.3 84.3
4049.1 1750.7 86.1
4037.1 1752.4 85.9
3996.1 1754.9 85.1
3984.6 1754.1 84.7
3977.6 1755.2 84.4
3966.7 1756.5 83.9
4047.3 1762.5 85.6
4030.2 1761.0 85.5
3980.2 1762.3 84.2
3956.2 1760.2 83.3
4039.1 1771.3 85.1
4030.5 1774.5 84.7
3968.1 1773.4 83.6
3957.8 1770.3 83.2
3948.9 1770.9 82.8
4015.0 1783.7 83.6
3940.8 1781.0 82.5
4014.6 1792.8 83.0
3948.4 1794.7 82.7
3938.2 1803.1 82.3
3935.7 1811.5 82.1
3927.7 1813.8 81.8
3948.9 1826.1 82.6
3928.1 1824.6 81.7
3915.0 1831.8 81.2
3928.7 1855.8 81.6
3910.2 1851.3 80.9
3940.8 1891.8 79.5
3931.0 1900.0 79.2
3890.9 1941.5 77.5
3888.3 1956.4 77.0
3878.4 1966.2 77.2
3847.3 2002.7 74.6
-5814.5 -4650.7 57.6
-5824.2 -4639.8 58.1
-5853.5 -4638.6 58.0
-5849.0 -4599.2 59.6
-5864.0 -4601.3 59.5
-6101.2 -4518.2 64.6
-6113.3 -4515.3 64.6
-6120.3 -4519.2 64.6
-6133.3 -4516.7 64.5
-6143.0 -4515.4 64.2
-6130.2 -4507.0 64.5
-6143.3 -4507.8 64.2
-6084.5 -4571.6 63.8
-6105.2 -4562.1 64.1
-6054.9 -4553.6 63.7
-6063.2 -4550.1 63.8
-6085.2 -4551.7 64.0
-6103.7 -4550.9 64.2
-6117.0 -4550.2 64.3
-6074.8 -4545.2 64.0
-6112.3 -4543.4 64.4
-6076.3 -4533.8 64.2
-6087.5 -4535.2 64.3
-6096.0 -4529.1 64.5
-6076.6 -4521.8 64.5
-6054.8 -4509.2 64.5
-6034.4 -4503.5 64.2
-6053.5 -4502.9 64.5
-5374.9 -4737.1 54.4
-5352.7 -4726.7 54.4
-5373.2 -4728.6 54.6
-5381.8 -4729.8 54.7
-5392.8 -4729.9 54.8
-5355.2 -4721.3 54.6
-5360.1 -4721.4 54.7
-5374.0 -4717.7 55.0
-5395.5 -4722.2 55.0
-5404.4 -4720.9 55.1
-5350.8 -4710.6 54.9
-5371.1 -4707.5 55.2
-5412.6 -4710.4 55.5
-5361.5 -4697.6 55.4
-5390.3 -4702.7 55.5
-5404.8 -4698.5 55.7
-5453.5 -4698.5 56.1
-5369.4 -4687.9 55.8
-5383.0 -4690.1 55.8
-5411.4 -4691.3 56.0
-5423.7 -4693.3 56.0
-5434.3 -4690.4 56.2
-5442.3 -4689.0 56.3
-5474.0 -4690.4 56.5
-5374.7 -4682.9 55.9
-5391.4 -4676.9 56.2
-5473.4 -4676.9 56.9
-5385.3 -4669.9 56.4
-5444.1 -4669.5 56.9
-5405.1 -4662.1 56.8
-5429.5 -4658.3 57.1
-5454.1 -4657.6 57.3
-5470.3 -4658.2 57.4
-5480.7 -4661.5 57.4
-5494.9 -4657.7 57.6
-5414.9 -4647.5 57.2
-5425.4 -4650.4 57.3
-5441.7 -4648.0 57.4
-5463.7 -4649.3 57.6
-5474.4 -4653.3 57.6
-5495.5 -4649.6 57.8
-5401.4 -4638.8 57.4
-5432.9 -4641.4 57.6
-5464.5 -4637.4 57.9
-5410.8 -4627.5 57.8
-5421.5 -4629.0 57.8
-5445.2 -4629.5 58.0
-5451.7 -4632.0 58.0
-5459.8 -4632.9 58.0
-5489.0 -4629.7 58.3
-5509.4 -4626.8 58.6
-5519.4 -4628.7 58.6
-5434.0 -4618.3 58.2
-5473.4 -4619.4 58.5
-5491.9 -4620.0 58.6
-5503.3 -4619.2 58.8
-5419.5 -4611.4 58.3
-5431.7 -4611.7 58.4
-5440.8 -4610.9 58.5
-5449.2 -4610.6 58.6
-5465.1 -4608.3 58.7
-5509.9 -4606.9 59.1
-5431.7 -4600.5 58.7
-5485.1 -4597.6 59.2
-5489.3 -4602.2 59.1
-5515.4 -4599.2 59.4
-5520.1 -4601.7 59.4
-5533.5 -4601.8 59.5
-5541.5 -4596.7 59.7
-5662.8 -4597.4 60.6
-5450.3 -4587.7 59.2
-5463.0 -4588.7 59.3
-5504.7 -4586.9 59.7
-5519.4 -4592.5 59.6
-5671.5 -4589.5 60.9
-5682.4 -4587.4 61.1
-5445.5 -4577.9 59.5
-5463.8 -4580.2 59.5
-5469.1 -4579.9 59.6
-5493.1 -4577.5 59.8
-5502.3 -4580.7 59.8
-5529.0 -4581.3 60.0
-5665.3 -4582.3 61.1
-5675.1 -4577.6 61.3
-5690.0 -4577.7 61.4
-5462.9 -4568.4 60.0
-5473.0 -4569.4 60.0
-5485.1 -4567.9 60.2
-5493.2 -4568.9 60.2
-5504.8 -4571.6 60.1
-5512.2 -4569.5 60.2
-5521.2 -4568.5 60.3
-5542.5 -4572.2 60.4
-5550.8 -4569.7 60.5
-5572.5 -4572.1 60.6
-5651.4 -4569.9 61.3
-5664.7 -4571.0 61.4
-5672.4 -4573.0 61.4
-5684.3 -4571.9 61.5
-5693.1 -4568.9 61.7
-5472.6 -4558.6 60.5
-5492.5 -4560.1 60.6
-5521.5 -4560.1 60.7
-5540.0 -4556.9 61.0
-5671.1 -4557.8 61.8
-5691.6 -4558.9 62.0
-5699.9 -4557.0 62.1
-5715.5 -4559.2 62.1
-5452.0 -4548.6 60.7
-5463.7 -4551.3 60.5
-5470.5 -4550.4 60.6
-5505.1 -4549.7 61.0
-5513.4 -4550.0 61.1
-5519.0 -4547.1 61.3
-5545.3 -4551.6 61.2
-5570.5 -4551.2 61.4
-5580.9 -4547.4 61.6
-5591.1 -4547.3 61.7
-5610.3 -4551.7 61.6
-5620.2 -4548.0 61.8
-5635.4 -4547.0 61.9
-5671.1 -4551.3 62.0
-5503.2 -4540.5 61.2
-5520.3 -4537.7 61.5
-5539.8 -4539.7 61.7
-5582.3 -4539.5 62.0
-5591.2 -4540.0 62.0
-5612.6 -4541.0 62.1
-5621.9 -4540.2 62.1
-5633.1 -4540.8 62.2
-5639.7 -4542.2 62.2
-5651.3 -4541.9 62.2
-5661.5 -4540.4 62.4
-5673.5 -4538.5 62.5
-5681.4 -4542.6 62.4
-5689.9 -4537.1 62.7
-5714.3 -4537.2 62.8
-5724.5 -4541.3 62.7
-5730.4 -4542.4 62.7
-5494.4 -4529.8 62.1
-5501.6 -4529.6 62.1
-5512.2 -4531.2 61.9
-5520.4 -4530.2 62.0
-5530.7 -4531.1 61.9
-5550.0 -4530.8 62.0
-5565.1 -4528.1 62.2
-5602.9 -4528.3 62.6
-5623.9 -4530.2 62.6
-5634.7 -4533.0 62.5
-5644.3 -4532.5 62.6
-5651.2 -4529.1 62.8
-5660.3 -4530.1 62.8
-5703.7 -4528.9 63.1
-5724.4 -4529.0 63.2
-5463.6 -4517.0 63.0
-5500.7 -4517.3 63.0
-5520.6 -4517.8 63.0
-5552.1 -4518.2 62.9
-5602.4 -4523.0 62.8
-5621.8 -4519.7 63.1
-5651.8 -4523.2 63.1
-5679.1 -4520.2 63.4
-5694.2 -4517.4 63.6
-5702.2 -4523.0 63.4
-5723.1 -4521.5 63.5
-5735.0 -4520.2 63.7
-5754.2 -4522.7 63.7
-5461.5 -4511.3 63.2
-5489.9 -4507.3 63.8
-5519.5 -4511.7 63.4
-5533.9 -4507.5 63.7
-5544.8 -4511.7 63.4
-5561.7 -4512.2 63.4
-5569.0 -4511.6 63.4
-5579.2 -4510.6 63.5
-5592.5 -4511.9 63.4
-5604.4 -4507.5 63.7
-5655.4 -4511.6 63.6
-5675.4 -4511.6 63.7
-5692.4 -4509.5 63.9
-5700.0 -4511.9 63.8
-5711.2 -4511.9 63.9
-5719.9 -4513.2 63.9
-5744.4 -4511.6 64.1
-5750.4 -4508.7 64.3
-5761.2 -4507.9 64.3
-5462.4 -4502.0 63.3
-5529.0 -4496.7 64.5
-5545.0 -4497.6 64.5
-5559.4 -4497.9 64.4
-5592.1 -4500.5 64.2
-5601.1 -4502.2 64.1
-5624.2 -4500.4 64.2
-5655.3 -4497.4 64.4
-5680.5 -4502.4 64.2
-5704.4 -4503.2 64.3
-5714.9 -4498.1 64.6
-5723.7 -4499.6 64.5
-5731.9 -4503.0 64.4
-5740.3 -4500.9 64.5
-5752.8 -4500.4 64.6
-5762.5 -4501.2 64.7
-5490.9 -4490.1 64.5
-5502.5 -4488.8 65.0
-5523.2 -4493.3 64.8
-5534.9 -4492.4 64.9
-5574.8 -4492.2 64.9
-5584.5 -4489.5 65.0
-5590.9 -4489.3 65.1
-5600.8 -4492.1 64.8
-5624.5 -4491.2 64.9
-5629.6 -4487.8 65.2
-5654.9 -4487.9 65.1
-5669.9 -4491.0 64.9
-5701.7 -4487.8 65.1
-5730.1 -4488.0 65.1
-5740.9 -4488.5 65.1
-5475.1 -4481.1 63.7
-5489.0 -4480.1 64.4
-5509.2 -4479.4 65.3
-5521.8 -4480.2 65.8
-5532.8 -4477.9 65.9
-5539.6 -4481.2 65.7
-5549.5 -4476.8 66.0
-5570.2 -4477.1 66.0
-5632.5 -4480.5 65.7
-5642.5 -4481.6 65.6
-5650.0 -4479.0 65.8
-5662.0 -4481.9 65.6
-5680.2 -4476.8 66.0
-5699.1 -4481.7 65.6
-5723.4 -4480.3 65.7
-5733.8 -4483.3 65.5
-5469.1 -4466.9 63.6
-5482.3 -4467.5 64.0
-5489.1 -4469.4 64.3
-5510.9 -4473.3 65.4
-5533.5 -4470.6 66.4
-5539.7 -4470.8 66.5
-5573.5 -4468.6 66.6
-5584.4 -4468.6 66.6
-5592.2 -4471.6 66.4
-5605.0 -4472.6 66.3
-5645.2 -4470.6 66.5
-5653.7 -4467.2 66.7
-5673.1 -4472.6 66.3
-5684.9 -4469.8 66.5
-5704.3 -4469.7 66.8
-5480.0 -4460.9 64.0
-5489.6 -4457.8 64.3
-5520.7 -4457.5 65.7
-5553.9 -4458.6 67.3
-5561.4 -4462.3 67.1
-5589.7 -4462.9 67.0
-5600.7 -4458.8 67.4
-5623.7 -4458.0 67.5
-5659.7 -4461.2 67.5
-5669.2 -4463.2 67.3
3881.3 -262.2 23.2
3868.2 -256.9 23.4
3860.0 -261.7 23.7
3886.1 -240.3 22.7
3922.3 -232.8 22.3
3891.3 -231.8 22.3
4301.7 1238.4 91.0
4278.1 1236.6 89.8
4290.1 1247.8 90.5
4288.0 1190.5 91.4
4304.8 1200.5 92.0
4336.9 1335.0 92.3
4313.8 1356.4 91.0
4233.3 1355.0 88.1
4304.8 1364.0 90.6
4264.4 1368.4 88.9
4253.1 1364.0 88.5
4236.6 1363.5 87.8
4375.1 1376.9 91.4
4365.1 1376.2 92.1
4336.4 1374.8 91.7
4317.7 1372.9 91.0
4306.0 1377.1 90.4
4252.6 1375.7 88.3
4243.5 1373.7 88.0
4234.2 1374.3 87.6
4362.5 1384.7 92.1
4358.8 1382.9 92.4
4284.4 1385.8 89.4
4273.5 1385.8 89.0
4255.1 1388.1 88.2
4233.9 1383.5 87.5
4345.1 1396.2 91.7
4262.9 1396.3 88.4
4252.7 1396.3 88.0
4237.2 1392.1 87.5
4348.0 1406.5 91.7
4257.3 1406.8 88.3
4235.1 1407.9 87.4
4344.7 1416.4 91.6
4366.1 1423.6 90.6
4302.5 1422.4 90.1
4288.5 1422.0 89.6
4366.6 1436.9 89.7
4364.0 1446.4 89.6
4353.7 1444.0 89.7
4343.8 1446.2 90.0
4746.4 -217.8 23.0
-6585.7 -4694.8 54.8
-6587.5 -4665.8 55.6
-6588.6 -4654.3 55.8
-6593.5 -4657.4 55.6
-6616.9 -4652.9 54.7
4628.4 -137.8 23.6
4613.6 -138.3 23.3
4624.0 -128.1 23.6
4653.0 -117.2 23.9
4634.1 -116.4 23.8
-6638.5 -4481.2 54.1
-6645.9 -4474.5 54.1
-6628.4 -4444.2 54.5
4792.1 -152.0 24.6
4777.0 -150.2 24.7
4775.7 -145.9 24.8
4762.8 -143.5 24.7
4763.4 -136.1 24.7
4756.9 -136.3 24.6
4737.9 -134.1 24.5
4744.9 -126.2 24.6
4737.8 -121.7 24.7
4766.1 -115.3 24.8
4758.1 -113.0 24.8
4718.0 -111.9 24.6
4765.1 -100.3 25.0
4794.7 -73.9 25.3
4140.3 919.0 61.9
4142.4 927.3 62.4
4127.9 935.4 62.2
4120.6 939.5 62.2
4128.9 943.4 62.7
4107.9 946.1 62.0
4110.4 957.8 62.7
4100.6 984.7 64.5
3990.5 998.6 60.7
3977.0 1027.5 62.8
4010.1 1037.1 65.2
3999.3 1038.2 64.8
3976.9 1038.1 63.8
3980.3 1049.6 65.0
3980.5 1056.1 65.5
3972.7 1053.6 64.7
4145.4 983.3 66.4
4121.5 1003.1 67.1
4158.2 1025.0 73.5
4146.2 1024.0 72.3
4138.6 1021.2 71.1
4131.2 1035.1 73.4
4160.8 1046.1 78.2
4147.0 1050.7 78.0
4137.8 1055.8 78.4
4126.0 1051.1 76.4
4098.0 1053.8 74.6
4077.3 1056.4 73.4
4060.0 1056.2 71.9
4166.0 1066.6 81.1
4161.9 1065.3 80.8
4138.8 1065.5 78.8
4115.5 1063.3 76.9
4107.9 1065.3 76.3
4058.8 1062.3 72.1
4025.6 1060.4 69.3
4008.7 1066.0 68.0
4181.8 1072.9 82.5
4170.2 1072.3 81.6
4160.1 1071.8 80.7
4136.6 1074.2 78.8
4066.0 1076.3 72.9
4039.3 1074.0 70.6
3997.6 1076.7 67.2
4170.7 1082.6 81.7
4157.7 1082.3 80.6
4140.5 1083.9 79.2
4115.7 1080.9 77.1
4059.9 1084.8 72.5
4006.6 1080.7 68.0
3999.4 1085.4 67.4
3989.5 1082.2 66.3
4066.4 1094.4 73.1
4015.5 1094.0 68.9
4008.5 1091.1 68.3
3968.4 1092.3 64.7
4060.9 1104.1 72.8
4037.4 1105.4 70.9
4025.6 1100.5 69.8
3967.2 1104.0 64.7
4089.7 1113.7 75.3
4050.8 1110.4 72.0
4036.4 1113.4 70.9
4031.2 1114.3 70.4
3967.9 1116.8 64.7
4087.5 1125.2 75.3
4079.6 1123.3 74.6
4066.2 1126.4 73.5
4059.0 1121.2 72.9
4000.0 1125.9 67.2
3979.4 1121.8 65.6
4076.4 1133.6 74.5
4055.5 1131.9 72.7
4047.0 1134.6 72.0
3997.6 1134.1 67.0
3987.3 1134.8 66.2
3977.1 1135.5 65.4
4070.0 1146.6 74.1
4008.1 1143.7 68.1
3990.8 1143.0 66.5
4038.8 1155.9 71.6
4538.5 -436.4 24.8
4520.3 -439.4 24.9
4553.5 -426.8 24.7
4543.8 -430.8 24.8
4559.3 -417.4 24.6
4549.0 -420.1 24.7
4571.6 -408.5 24.5
4549.1 -411.6 24.6
4573.4 -401.0 24.5
4501.2 -396.1 24.4
4488.0 -396.2 24.3
4571.8 -386.9 24.4
4578.8 -377.3 24.3
4568.5 -380.8 24.4
4499.8 -379.5 24.2
4571.0 -371.8 24.4
4499.1 -371.9 24.2
4492.6 -370.6 24.1
4551.5 -362.2 24.4
4518.7 -360.7 24.1
4547.6 -349.7 24.2
4509.2 -352.3 24.1
4503.2 -351.6 24.0
4519.6 -342.2 24.1
4488.3 -338.5 23.8
4540.5 -329.4 24.0
4530.8 -330.3 24.0
4521.9 -331.5 24.0
4513.2 -332.4 23.9
4490.4 -331.5 23.8
4529.3 -317.4 23.9
4520.6 -318.8 23.9
4500.8 -320.8 23.7
4654.2 -488.2 21.4
4655.3 -482.9 21.5
4641.0 -482.4 21.5
4614.9 -478.4 22.5
4600.8 -472.5 23.2
4644.5 -458.3 22.0
4624.6 -462.8 22.6
4595.1 -461.9 23.8
4572.3 -460.3 24.5
4633.2 -451.3 22.6
4624.0 -449.2 23.1
4614.6 -453.2 23.3
4554.2 -452.4 24.9
4609.5 -442.9 23.8
4604.6 -443.4 24.0
4612.4 -428.7 24.0
4604.1 -430.0 24.1
4609.2 -418.4 24.1
4590.4 -412.1 24.5
4590.1 -401.4 24.4
4107.0 -551.8 31.2
4067.1 -542.8 31.7
4082.8 -533.6 31.4
4074.2 -528.0 31.5
4094.8 -518.7 31.0
4071.4 -523.8 31.5
4066.3 -519.8 31.5
4092.2 -512.1 30.9
4081.6 -511.9 31.1
4074.1 -513.6 31.3
4092.4 -489.1 30.6
4104.4 -479.9 30.3
4096.4 -477.9 30.4
4092.8 -469.0 30.5
4113.8 -462.9 30.1
4094.8 -460.3 30.4
4123.9 -448.2 29.8
4124.3 -441.9 29.7
4114.1 -439.2 29.8
4103.1 -444.4 30.1
4147.3 -431.9 28.7
4134.8 -430.9 29.0
4106.8 -428.8 29.8
4094.1 -429.6 30.1
4155.7 -418.5 28.0
4124.2 -424.5 29.1
4112.3 -418.1 29.2
4101.6 -419.4 29.6
4163.9 -409.1 27.5
4145.0 -407.9 28.0
4126.0 -411.0 28.5
4162.0 -403.1 27.4
4157.2 -398.4 27.4
4145.8 -403.7 27.8
4114.5 -400.3 28.5
4181.2 -389.5 26.5
4176.4 -389.3 26.6
4152.8 -392.2 27.3
4147.1 -391.7 27.4
4166.6 -379.7 26.4
4146.0 -383.7 27.1
4123.7 -378.0 27.4
4117.4 -383.0 27.8
4106.0 -382.0 28.1
4183.0 -370.0 25.7
4175.4 -370.5 25.8
4121.8 -371.3 27.3
4142.2 -360.5 26.4
4131.7 -360.1 26.6
4216.8 -349.0 24.0
4201.3 -352.6 24.5
4143.9 -351.8 26.0
4133.2 -351.1 26.3
4203.8 -343.6 24.1
4184.8 -333.9 24.1
4174.5 -328.6 24.2
4142.7 -318.8 24.6
4279.1 -509.2 27.5
4290.3 -436.6 25.4
4289.7 -418.6 24.8
4193.6 -389.5 26.2
4053.2 -240.5 23.1
4082.6 -230.2 22.8
4060.9 -231.3 22.8
4090.0 -224.1 22.6
4074.3 -219.9 22.5
4062.5 -221.6 22.6
4044.5 -219.1 22.4
3975.0 -220.6 22.5
4083.2 -209.7 22.3
4071.1 -212.0 22.3
4050.1 -213.2 22.3
4110.3 -202.2 22.1
4104.8 -201.8 22.1
4082.8 -201.3 22.1
4063.2 -201.0 22.0
4088.8 -193.2 21.9
4080.8 -189.5 21.7
4069.2 -191.0 21.7
4050.1 -192.4 21.7
4099.4 -182.8 21.6
4081.3 -181.7 21.5
4052.5 -184.5 21.5
4098.6 -175.2 21.4
4090.4 -168.9 21.2
4064.9 -172.3 21.2
4035.2 -165.2 21.0
4091.7 -149.7 20.6
4079.2 -151.3 20.6
4069.5 -151.1 20.6
4044.3 -154.4 20.6
4034.6 -150.8 20.5
4019.8 -150.8 20.5
3999.2 -150.4 20.7
4101.6 -140.0 20.3
3999.5 -144.7 20.6
3992.7 -143.7 20.6
3956.0 581.6 27.8
3948.2 584.4 27.6
3957.4 591.1 28.2
3801.0 -114.1 24.0
3837.6 -102.5 22.6
3830.4 -93.2 22.4
3737.7 -92.3 24.7
3643.0 -87.9 25.8
3830.5 -65.5 21.3
3700.5 -41.6 23.3
3689.7 -43.6 23.6
3951.1 -515.7 29.5
3953.1 -503.2 29.3
3941.6 -504.4 29.5
3942.9 -495.0 29.5
3963.3 -484.7 29.9
3942.7 -481.1 29.8
3931.0 -486.3 29.6
3930.6 -474.8 29.9
3930.5 -461.4 30.3
3909.0 -461.5 30.1
3907.7 -454.7 30.3
3908.4 -443.1 30.6
3932.2 -430.7 30.9
3930.5 -421.1 30.6
3910.9 -422.3 30.8
4081.7 -411.9 29.8
3932.3 -411.1 30.2
3917.3 -415.8 30.5
3931.4 -405.9 30.1
3920.7 -405.7 30.1
3908.1 -405.9 30.2
3911.4 -397.0 29.9
3947.9 -385.9 29.3
3928.3 -383.6 29.3
3981.5 -371.2 28.6
3971.8 -373.6 28.7
3918.8 -376.3 29.1
3942.0 -362.8 28.5
3948.3 -354.3 28.2
3991.7 -340.6 27.4
3978.8 -343.9 27.6
3972.1 -344.7 27.7
3979.6 -334.2 27.3
3970.8 -335.2 27.4
3982.2 -326.6 26.9
4061.9 -393.5 29.2
4055.7 -393.5 29.1
4053.1 -387.5 28.9
4051.1 -377.8 28.6
4054.9 -366.9 28.2
4036.4 -364.4 28.0
4057.1 -356.2 27.6
4092.3 -343.2 26.9
-6405.4 -4873.3 56.5
-6399.1 -4847.9 57.0
-6405.9 -4852.2 56.8
-6407.8 -4838.7 57.0
-6401.2 -4833.7 57.2
-6420.9 -4807.4 57.3
-6320.7 -4800.8 58.3
-6361.4 -4797.7 58.0
-6288.4 -4788.7 58.5
-6297.2 -4787.2 58.5
-6310.1 -4788.8 58.4
-6319.0 -4790.5 58.4
-6367.2 -4787.1 58.0
-6436.9 -4788.0 57.2
-6276.6 -4778.4 58.6
-6290.0 -4783.0 58.5
-6296.8 -4783.4 58.5
-6306.2 -4782.6 58.5
-6320.8 -4782.7 58.4
-6328.8 -4781.8 58.4
-6436.9 -4782.4 57.3
-6448.1 -4780.8 57.2
-6296.6 -4767.8 58.5
-6307.6 -4773.7 58.5
-6338.4 -4769.4 58.4
-6360.2 -4770.4 58.3
-6368.0 -4768.5 58.2
-6379.4 -4771.1 58.0
-6437.2 -4772.1 57.4
-6225.4 -4759.6 58.9
-6240.4 -4763.7 58.8
-6246.6 -4761.9 58.8
-6258.3 -4760.0 58.7
-6265.7 -4762.5 58.7
-6301.5 -4762.9 58.5
-6305.7 -4762.2 58.5
-6386.5 -4761.7 58.0
-6436.4 -4762.0 57.4
-6456.3 -4761.3 57.2
-6207.6 -4748.7 59.4
-6221.4 -4750.3 59.1
-6231.0 -4750.8 59.0
-6251.9 -4752.0 58.8
-6289.5 -4749.0 58.6
-6301.9 -4748.7 58.6
-6311.8 -4751.9 58.6
-6331.2 -4753.0 58.5
-6351.5 -4748.0 58.4
-6355.5 -4752.6 58.4
-6368.8 -4749.1 58.3
-6381.2 -4751.0 58.2
-6389.1 -4748.8 58.1
-6446.8 -4750.4 57.4
-6459.8 -4751.3 57.3
-6468.2 -4753.0 57.2
-6479.7 -4748.4 57.1
-6181.3 -4737.3 60.1
-6189.6 -4740.1 59.9
-6196.9 -4739.0 59.9
-6206.8 -4743.0 59.6
-6227.6 -4738.0 59.6
-6277.4 -4737.5 59.0
-6301.0 -4739.1 58.7
-6322.0 -4739.8 58.6
-6339.8 -4737.4 58.5
-6351.4 -4743.7 58.4
-6371.3 -4740.7 58.4
-6378.5 -4741.6 58.3
-6387.8 -4738.9 58.2
-6399.6 -4738.8 58.1
-6415.5 -4739.0 57.9
-6450.5 -4739.0 57.5
-6460.7 -4742.2 57.3
-6467.1 -4741.2 57.3
-6479.5 -4743.4 57.1
-6177.7 -4733.2 60.2
-6200.3 -4732.6 60.1
-6207.8 -4729.1 60.2
-6240.8 -4733.0 59.6
-6265.9 -4729.7 59.4
-6275.7 -4729.9 59.3
-6287.1 -4733.8 59.0
-6306.1 -4732.5 58.8
-6328.1 -4728.9 58.7
-6335.7 -4728.9 58.6
-6348.5 -4732.5 58.5
-6369.9 -4730.0 58.4
-6379.5 -4732.2 58.4
-6400.5 -4730.5 58.2
-6440.0 -4731.9 57.6
-6171.7 -4718.6 60.7
-6209.5 -4722.4 60.3
-6231.0 -4720.2 60.3
-6250.4 -4717.5 60.1
-6269.5 -4721.4 59.7
-6286.3 -4722.6 59.5
-6306.9 -4720.7 59.3
-6318.9 -4717.9 59.3
-6347.3 -4721.9 58.8
-6381.5 -4720.8 58.4
-6399.4 -4717.1 58.3
-6419.5 -4717.8 58.0
-6148.6 -4711.2 61.0
-6177.2 -4707.3 60.9
-6190.7 -4711.6 60.7
-6199.7 -4709.3 60.8
-6227.0 -4712.4 60.5
-6261.8 -4712.4 60.2
-6267.5 -4708.7 60.3
-6280.7 -4710.6 60.1
-6285.3 -4709.8 60.0
-6300.4 -4713.0 59.7
-6328.4 -4713.5 59.4
-6361.4 -4708.8 59.1
-6371.2 -4711.0 58.9
-6395.5 -4708.5 58.5
-6145.8 -4701.2 61.0
-6166.5 -4701.6 61.0
-6199.0 -4698.1 60.9
-6240.2 -4697.5 60.8
-6265.6 -4700.0 60.6
-6279.4 -4699.1 60.6
-6326.1 -4701.3 59.9
-6337.1 -4698.3 59.7
-6345.4 -4698.4 59.5
-6355.9 -4700.4 59.3
-6378.1 -4702.9 58.8
-6175.7 -4689.9 60.5
-6191.9 -4691.1 60.6
-6195.9 -4693.5 60.7
-6210.3 -4687.4 60.5
-6215.7 -4689.9 60.6
-6251.3 -4689.2 60.6
-6255.5 -4693.4 60.7
-6286.5 -4692.1 60.7
-6310.8 -4693.0 60.3
-6321.1 -4687.4 60.1
-6337.1 -4687.2 59.8
-6185.8 -4678.8 60.5
-6218.1 -4681.0 60.2
-6228.3 -4682.0 60.3
-6250.0 -4680.0 60.2
-6290.0 -4677.1 60.8
-6299.8 -4677.6 60.6
-6309.2 -4679.5 60.4
-6178.7 -4669.0 60.6
-6187.8 -4667.1 60.4
-6236.0 -4673.6 60.0
-6269.4 -4668.6 60.6
-6275.7 -4667.7 60.7
-6296.7 -4669.1 60.8
-6196.5 -4658.2 60.2
-6216.2 -4658.1 59.9
-6237.0 -4659.8 60.0
-6251.5 -4663.1 60.3
-6260.2 -4660.7 60.5
-6280.0 -4658.6 60.9
-6205.7 -4650.9 60.0
-6257.3 -4651.4 60.6
-6269.7 -4651.9 60.8
5433.7 545.4 45.6
5424.1 549.6 45.9
5394.2 564.0 46.6
5407.3 573.6 47.1
5455.9 583.5 49.9
5419.0 585.4 47.4
5398.9 581.2 46.2
5468.3 594.5 50.3
5467.6 602.8 49.9
5456.3 602.5 49.2
5444.8 604.5 48.3
5432.8 601.6 47.7
5423.5 601.8 47.1
5416.0 605.6 46.4
5406.5 601.9 45.9
5317.4 566.3 41.5
5318.9 575.6 41.5
5340.6 593.1 42.7
5328.7 595.9 42.5
5305.8 595.0 41.7
5300.6 595.6 41.5
5340.0 603.9 43.1
5318.1 603.4 42.4
5328.8 625.4 43.7
5300.3 624.9 43.1
5303.4 641.3 44.9
5313.5 664.0 47.9
-6485.9 -4940.0 53.7
-6493.5 -4931.1 53.6
-6473.9 -4919.9 54.3
-6496.7 -4925.1 53.6
-6448.3 -4909.8 55.0
-6506.1 -4909.6 53.6
-6455.8 -4904.8 55.0
-6468.5 -4901.4 54.8
-6484.4 -4901.8 54.5
-6434.2 -4893.1 55.6
-6446.1 -4892.1 55.4
-6475.4 -4890.0 54.9
-6506.9 -4894.4 53.9
-6518.1 -4895.4 53.5
-6617.2 -4894.4 49.7
-6622.9 -4894.5 49.5
-6485.9 -4882.8 54.8
-6526.9 -4883.0 53.4
-6615.9 -4882.4 49.9
-6635.0 -4879.7 49.1
-6657.1 -4881.0 48.0
-6509.0 -4873.0 54.2
-6516.1 -4872.3 54.0
-6526.3 -4875.3 53.6
-6607.8 -4875.5 50.4
-6619.1 -4874.4 50.0
-6494.3 -4860.6 55.0
-6503.2 -4863.3 54.6
-6523.5 -4865.1 53.9
-6567.9 -4859.7 52.3
-6619.0 -4859.2 50.2
-6627.2 -4864.8 49.7
-6636.0 -4865.8 49.2
-6655.6 -4859.6 48.4
-6663.8 -4861.6 47.9
-6487.9 -4849.4 55.3
-6502.6 -4853.6 54.8
-6522.9 -4850.6 54.2
-6543.7 -4854.4 53.4
-6565.9 -4851.0 52.5
-6575.9 -4854.7 52.0
-6583.6 -4853.8 51.6
-6594.9 -4853.2 51.2
-6603.8 -4855.2 50.8
-6645.1 -4854.5 48.9
-6657.5 -4854.5 48.3
-6663.6 -4849.8 48.1
-6456.0 -4844.4 56.0
-6504.1 -4843.6 55.0
-6538.9 -4841.8 53.8
-6547.1 -4844.6 53.4
-6566.3 -4840.4 52.6
-6576.5 -4843.9 52.1
-6584.0 -4842.9 51.8
-6598.3 -4843.9 51.2
-6609.0 -4840.3 50.9
-6646.8 -4840.2 49.0
-6666.8 -4844.2 48.0
-6536.0 -4834.8 54.1
-6553.0 -4832.3 53.4
-6576.7 -4832.3 52.3
-6586.1 -4831.9 51.9
-6598.4 -4830.7 51.4
-6604.5 -4830.3 51.2
-6647.7 -4830.2 49.1
-6658.5 -4831.0 48.6
-6665.7 -4831.7 48.2
-6664.2 -4824.8 48.4
-6550.6 -4815.0 53.7
-6599.7 -4814.4 51.6
-6610.2 -4812.5 51.2
-6629.9 -4810.6 50.2
-6637.1 -4811.8 49.9
-6547.4 -4803.7 54.0
-6578.2 -4800.3 52.7
-6586.0 -4804.0 52.3
-6610.0 -4803.2 51.3
-6631.7 -4802.9 50.3
-6548.8 -4795.2 54.1
-6578.8 -4790.1 52.9
-6597.1 -4793.2 52.1
-6606.2 -4790.8 51.7
-6626.9 -4792.6 50.6
-6646.5 -4791.2 49.9
-6659.7 -4789.3 49.4
-6560.6 -4785.5 53.7
-6606.5 -4784.7 51.7
-6659.7 -4779.4 49.6
-6561.6 -4771.7 53.9
-6569.1 -4775.4 53.5
-6587.8 -4771.1 52.8
-6598.5 -4769.5 52.3
-6641.6 -4770.0 50.5
-6657.3 -4773.6 49.9
-6656.6 -4751.9 50.4
5537.0 324.5 40.0
5515.4 333.9 41.6
5507.6 344.8 40.4
5457.4 347.8 34.1
5448.5 345.8 33.1
5498.0 354.3 39.0
5417.6 383.6 28.6
5416.4 394.0 28.2
5449.1 426.8 34.7
5428.1 424.6 31.0
5450.4 434.9 36.0
5436.0 436.6 33.4
5410.1 -333.9 15.7
5386.9 -331.3 16.1
5479.6 -323.8 15.4
5468.5 -324.5 15.3
5447.7 -325.9 15.2
5441.0 -326.1 15.2
5432.8 -323.5 15.3
5400.0 -323.1 15.5
5516.9 -313.7 15.2
5507.4 -315.3 15.2
5482.5 -317.8 15.1
5460.9 -313.6 15.2
5452.9 -314.0 15.2
5442.3 -314.0 15.2
5388.5 -302.0 15.4
5579.1 -293.9 15.0
5570.9 -291.4 15.1
5558.0 -292.8 15.1
5389.2 -293.8 15.3
5379.5 -296.2 15.3
5362.8 -291.9 15.8
5588.4 -285.7 15.0
5557.0 -281.4 14.9
5417.2 -287.3 15.2
5401.5 -285.9 15.2
5389.8 -287.3 15.2
5360.0 -284.5 15.7
5619.5 -276.6 14.9
5608.6 -272.6 14.9
5603.0 -276.3 14.9
5591.9 -273.2 14.9
5580.7 -277.7 14.9
5572.0 -273.7 14.9
5390.8 -274.6 15.1
5383.0 -274.2 15.1
5363.5 -272.3 15.4
5618.6 -264.1 14.8
5572.7 -267.5 14.8
5562.8 -267.1 14.8
5412.3 -263.3 15.0
5398.5 -263.1 15.0
5368.7 -267.2 15.2
5350.9 -261.7 15.7
5608.2 -251.4 14.6
5558.0 -256.5 14.6
5410.1 -255.2 14.9
5382.5 -254.1 15.0
5369.6 -253.1 15.0
5362.2 -253.5 15.2
5668.8 -241.9 15.0
5662.4 -247.8 15.0
5649.8 -241.5 14.8
5643.5 -242.7 14.7
5598.1 -242.5 14.5
5389.7 -243.4 14.8
5381.6 -247.5 14.9
5348.1 -244.0 15.7
5692.2 -234.8 15.0
5678.2 -237.0 15.0
5668.8 -232.2 14.9
5662.3 -235.7 14.9
5648.9 -233.9 14.7
5591.9 -233.0 14.4
5570.0 -231.4 14.4
5561.4 -231.8 14.4
5540.5 -236.8 14.4
5499.3 -233.7 14.4
5458.1 -235.3 14.6
5446.9 -231.5 14.6
5437.7 -232.9 14.6
5416.9 -231.6 14.6
5398.3 -231.6 14.7
5370.7 -234.6 14.8
5359.0 -231.9 15.0
5688.8 -227.7 14.9
5668.0 -223.3 14.8
5660.5 -225.3 14.8
5630.7 -224.1 14.5
5619.9 -222.5 14.4
5610.3 -224.4 14.4
5601.2 -222.6 14.3
5580.8 -222.9 14.3
5570.6 -226.0 14.3
5542.6 -223.7 14.3
5510.9 -225.5 14.3
5488.0 -225.1 14.4
5457.2 -221.7 14.4
5427.7 -222.4 14.5
5419.7 -226.9 14.6
5413.2 -223.2 14.6
5402.6 -223.0 14.6
5383.3 -226.5 14.7
5370.4 -224.2 14.7
5360.7 -225.4 14.8
5348.1 -223.8 15.5
5680.0 -214.3 14.7
5662.6 -215.6 14.7
5651.1 -213.6 14.6
5642.3 -216.4 14.5
5630.9 -217.7 14.4
5589.8 -211.8 14.1
5577.2 -214.6 14.2
5547.1 -214.0 14.1
5528.7 -213.5 14.1
5502.2 -217.8 14.2
5481.6 -216.0 14.3
5468.9 -213.8 14.3
5457.1 -213.6 14.3
5442.9 -215.0 14.4
5430.4 -217.1 14.4
5398.8 -213.8 14.5
5393.3 -215.7 14.5
5341.7 -216.6 15.8
5331.5 -211.3 16.3
5727.8 -207.9 14.9
5712.1 -203.3 14.7
5680.6 -203.0 14.5
5658.5 -201.5 14.4
5627.4 -203.5 14.3
5611.9 -205.5 14.2
5576.9 -201.4 14.0
5572.5 -202.0 14.0
5563.2 -203.1 14.0
5550.8 -203.7 14.0
5491.4 -204.0 14.1
5477.8 -202.5 14.2
5460.5 -204.2 14.2
5451.4 -204.9 14.3
5430.9 -202.9 14.3
5413.3 -205.6 14.4
5392.9 -201.7 14.6
5357.1 -205.7 15.2
5330.3 -206.2 16.4
5749.8 -197.2 15.0
5739.6 -193.8 15.1
5732.6 -193.2 15.0
5718.2 -191.9 14.8
5697.9 -195.5 14.6
5646.9 -195.7 14.3
5627.9 -193.7 14.2
5622.5 -192.2 14.2
5599.6 -197.6 14.0
5577.0 -196.2 13.9
5570.9 -197.8 14.0
5558.7 -192.5 13.9
5543.5 -192.7 13.9
5531.1 -197.0 13.9
5522.7 -195.9 13.9
5503.3 -195.9 14.0
5481.9 -196.7 14.1
5470.1 -195.5 14.1
5433.1 -194.3 14.2
5417.4 -193.1 14.3
5397.5 -193.8 14.7
5389.1 -194.3 14.8
5379.7 -197.9 14.9
5371.3 -197.9 15.1
5358.8 -197.2 15.3
5348.6 -192.9 15.6
5330.5 -192.9 16.4
5322.4 -192.9 16.8
5758.3 -184.5 15.1
5747.2 -183.7 15.2
5742.0 -186.4 15.2
5732.1 -183.0 15.1
5718.4 -184.5 14.9
5687.7 -187.8 14.5
5678.2 -187.1 14.3
5662.1 -182.9 14.1
5593.5 -187.1 13.9
5539.3 -182.1 13.8
5508.4 -182.5 13.8
5500.4 -186.6 13.9
5490.2 -184.8 13.9
5459.1 -182.7 14.0
5329.0 -187.3 16.5
5319.1 -183.7 17.0
5769.1 -173.3 15.2
5758.3 -171.4 15.3
5730.8 -172.6 15.1
5721.9 -175.6 15.0
5678.7 -175.7 14.4
5668.2 -174.4 14.2
5639.8 -175.3 14.0
5571.4 -173.1 13.7
5538.2 -176.3 13.7
5521.3 -172.3 13.7
5482.0 -174.8 13.8
5471.7 -174.9 13.9
5461.6 -172.3 13.9
5321.8 -171.5 16.8
5798.8 -164.9 15.1
5792.8 -163.2 15.1
5726.9 -167.9 15.0
5702.3 -164.9 14.7
5681.8 -165.7 14.4
5647.7 -166.6 14.0
5620.9 -166.7 13.8
5602.3 -167.9 13.8
5583.0 -161.6 13.6
5571.3 -166.0 13.6
5558.5 -167.9 13.6
5551.9 -166.5 13.6
5536.9 -163.4 13.6
5519.4 -162.4 13.6
5490.9 -167.6 13.7
5482.0 -164.2 13.7
5471.5 -163.0 13.9
5457.9 -162.1 14.1
5308.0 -165.5 17.6
5300.6 -166.8 17.9
5777.3 -157.1 15.3
5763.4 -152.8 15.4
5738.5 -156.4 15.2
5728.4 -157.8 15.1
5692.2 -153.6 14.6
5660.2 -157.0 14.2
5641.1 -152.2 13.9
5610.2 -152.2 13.6
5587.2 -157.8 13.6
5572.2 -156.8 13.5
5517.5 -155.4 13.5
5500.7 -155.4 13.6
5492.0 -151.8 13.7
5471.6 -152.6 14.0
5797.0 -142.1 15.4
5763.0 -142.2 15.6
5712.4 -145.5 14.9
5697.7 -143.4 14.7
5679.6 -145.3 14.5
5667.7 -147.2 14.3
5629.6 -146.5 13.8
5619.6 -142.1 13.7
5609.2 -141.6 13.6
5520.7 -147.6 13.4
5511.7 -141.7 13.5
5503.2 -144.9 13.6
5488.9 -144.2 13.9
5482.3 -141.4 14.0
5321.7 -146.0 16.9
5297.2 -143.8 18.1
5833.1 -137.9 16.6
5797.9 -137.9 15.4
5787.8 -135.0 15.5
5782.8 -132.9 15.6
5767.6 -131.8 15.7
5719.6 -137.9 15.0
5681.3 -134.3 14.5
5649.0 -134.5 14.1
5613.4 -135.3 13.6
5598.3 -136.5 13.4
5593.2 -136.1 13.4
5579.2 -133.5 13.3
5567.9 -134.3 13.2
5539.5 -136.7 13.3
5520.2 -132.1 13.5
5499.3 -136.1 13.8
5490.6 -135.0 14.0
5472.0 -134.0 14.4
5317.5 -132.7 17.2
5293.0 -131.6 18.3
5807.3 -121.8 16.4
5769.9 -121.5 15.8
5701.9 -123.6 14.9
5681.2 -125.8 14.6
5648.3 -125.7 14.1
5639.8 -125.7 14.0
5632.7 -125.4 13.9
5573.0 -127.7 13.2
5549.6 -126.0 13.1
5490.9 -123.2 14.2
5473.0 -125.7 14.5
5320.3 -127.0 17.2
5308.2 -127.6 17.6
5849.1 -113.3 17.8
5821.7 -113.5 17.2
5813.5 -116.3 16.8
5793.5 -114.1 16.3
5778.6 -117.0 15.8
5708.0 -115.6 15.0
5699.4 -112.6 14.9
5679.6 -115.2 14.6
5662.9 -113.5 14.4
5640.4 -115.9 14.1
5632.2 -115.8 13.9
5603.5 -112.1 13.6
5580.2 -111.5 13.3
5558.8 -114.4 13.1
5517.3 -116.6 13.8
5500.9 -112.6 14.2
5289.8 -112.8 18.5
5848.1 -103.7 17.8
5839.5 -102.9 17.9
5828.4 -106.5 17.6
5820.5 -105.9 17.3
5789.0 -104.5 16.4
5781.6 -102.1 16.3
5772.4 -106.2 15.9
5719.9 -102.4 15.2
5709.7 -105.8 15.0
5692.1 -104.1 14.8
5682.5 -104.9 14.7
5668.0 -103.7 14.5
5657.0 -102.4 14.3
5631.4 -102.9 14.0
5612.7 -106.2 13.7
5598.4 -101.5 13.6
5578.7 -106.4 13.3
5568.5 -103.6 13.2
5507.2 -104.1 14.3
5457.7 -104.7 15.1
5427.6 -101.7 15.7
5290.2 -107.5 18.5
5840.0 -91.3 17.8
5810.4 -97.5 17.2
5799.2 -96.4 16.9
5777.5 -93.5 16.3
5768.8 -97.6 16.0
5652.1 -94.9 14.3
5637.5 -96.9 14.1
5630.8 -95.8 14.0
5618.7 -95.4 13.9
5612.7 -95.0 13.8
5599.2 -95.1 13.6
5439.6 -92.5 15.7
5378.3 -92.1 16.8
5360.0 -94.6 17.1
5329.3 -95.8 17.6
5290.9 -97.7 18.5
5832.4 -82.9 17.8
5819.4 -87.5 17.7
5810.1 -87.7 17.4
5800.1 -83.9 17.2
5791.1 -87.9 16.9
5710.7 -83.6 15.1
5669.7 -83.8 14.6
5662.7 -82.6 14.5
5650.1 -81.4 14.3
5627.9 -81.7 14.0
5607.0 -84.3 13.7
5601.4 -81.4 13.7
5437.1 -82.2 16.0
5377.7 -85.3 17.0
5367.8 -84.6 17.1
5349.1 -87.0 17.4
5830.6 -77.4 17.8
5818.6 -75.6 17.9
5701.2 -77.5 15.0
5689.0 -75.3 14.9
5673.4 -74.3 14.7
5628.1 -76.8 14.1
5612.1 -74.4 13.9
5602.0 -77.0 13.7
5460.5 -73.4 15.8
5447.4 -73.6 16.0
5439.0 -72.6 16.1
5369.4 -73.9 17.3
5328.4 -71.8 18.0
5299.6 -76.6 18.2
5290.6 -74.3 18.2
5800.2 -63.6 17.7
5790.6 -62.7 17.5
5777.8 -63.2 17.1
5771.7 -65.5 16.8
5742.9 -64.8 15.7
5730.8 -67.7 15.5
5697.5 -61.6 15.1
5682.9 -66.8 14.8
5667.3 -65.0 14.6
5647.0 -63.6 14.4
5453.2 -61.8 16.1
5433.3 -63.4 16.5
5367.6 -66.5 17.5
5351.5 -67.3 17.8
5337.0 -66.8 17.9
5333.1 -63.6 17.9
5320.0 -67.3 18.0
5299.8 -66.4 18.1
5801.8 -55.1 18.0
5790.9 -52.7 17.7
5782.9 -54.8 17.4
5768.6 -57.9 16.9
5760.4 -51.9 16.8
5709.9 -54.2 15.3
5688.0 -57.9 14.9
5647.1 -51.6 14.4
5641.0 -57.4 14.3
5620.5 -55.0 14.1
5512.9 -52.2 15.3
5503.2 -54.9 15.4
5468.6 -57.5 16.0
5442.2 -52.9 16.5
5410.8 -53.0 17.1
5399.7 -55.7 17.2
5300.9 -55.0 17.9
5798.2 -41.9 17.9
5753.0 -42.3 16.8
5501.9 -42.4 15.7
5490.4 -43.3 15.9
5461.2 -45.6 16.3
5440.2 -47.2 16.7
5342.7 -43.8 17.6
5327.8 -47.6 17.7
5310.3 -47.0 17.8
5298.2 -42.2 17.8
5290.8 -43.1 17.8
5807.4 -37.7 17.7
5803.1 -34.5 17.7
5778.5 -35.2 17.7
5749.0 -36.5 16.8
5728.3 -35.2 15.9
5718.5 -37.5 15.4
5688.9 -31.3 15.1
5682.9 -35.9 15.0
5661.1 -35.4 14.7
5647.6 -33.5 14.5
5511.3 -36.8 15.7
5477.6 -35.2 16.3
5450.5 -35.2 16.8
5433.1 -35.5 17.1
5422.9 -33.8 17.1
5409.4 -31.8 17.2
5400.8 -32.9 17.2
5390.0 -37.8 17.3
5368.5 -32.1 17.3
5348.8 -35.6 17.5
5337.2 -37.7 17.6
5329.2 -35.2 17.6
5320.7 -37.2 17.6
5310.5 -35.2 17.6
5302.2 -33.9 17.7
5763.1 -22.0 17.6
5753.3 -25.1 17.2
5729.3 -25.9 16.2
5703.2 -26.9 15.3
5679.6 -27.9 15.0
5670.4 -25.6 14.9
5663.2 -22.6 14.8
5501.0 -24.9 16.1
5481.6 -22.5 16.5
5473.0 -26.2 16.6
5457.1 -24.0 16.8
5446.9 -23.5 16.9
5440.2 -24.8 16.9
5418.9 -22.8 17.0
5411.0 -21.4 17.0
5400.4 -22.2 17.1
5392.0 -25.1 17.1
5382.2 -21.8 17.1
5319.0 -26.6 17.5
5309.0 -23.2 17.5
5298.1 -23.9 17.5
5790.0 -16.1 17.8
5762.7 -11.4 17.8
5721.4 -14.6 16.2
5708.3 -14.6 15.6
5698.6 -16.3 15.3
5498.0 -16.4 16.3
5489.8 -12.0 16.5
5470.1 -15.6 16.7
5443.4 -15.4 16.8
5417.2 -17.7 16.9
5413.1 -16.0 16.9
5397.8 -11.4 16.9
5371.6 -17.0 17.1
5348.7 -16.4 17.2
5331.5 -15.1 17.3
5319.2 -17.1 17.4
5299.7 -16.3 17.4
5287.1 -15.9 17.5
5767.6 -3.6 18.0
5742.9 -7.4 17.3
5722.3 -1.4 16.6
5712.4 -3.8 16.1
5703.3 -4.5 15.6
5687.5 -4.6 15.2
5500.6 -3.9 16.4
5489.4 -5.5 16.5
5467.6 -3.4 16.5
5450.5 -4.4 16.6
5442.7 -6.3 16.7
5377.6 -2.1 16.9
5368.4 -1.8 16.9
5357.4 -2.1 17.0
5349.2 -5.4 17.1
5338.0 -3.0 17.1
5327.4 -5.2 17.2
5319.1 -2.1 17.2
5298.0 -5.7 17.3
5749.0 4.2 17.8
5732.6 7.0 17.4
5708.9 4.8 16.2
5703.5 6.0 16.0
5493.5 3.3 16.3
5477.2 2.7 16.4
5430.8 4.1 16.6
5418.1 8.3 16.6
5410.0 8.4 16.6
5389.9 8.7 16.7
5360.8 7.3 16.9
5329.0 8.1 17.0
5311.0 4.6 17.1
5289.7 6.8 17.2
5757.4 12.6 18.0
5750.1 13.0 18.0
5720.2 13.0 17.0
5709.3 12.1 16.4
5491.2 17.9 16.1
5470.2 18.0 16.2
5461.1 14.0 16.3
5438.3 12.9 16.4
5431.2 15.5 16.4
5399.6 18.5 16.5
5353.2 12.6 16.8
5297.1 17.3 17.0
5739.3 22.3 17.9
5511.9 26.4 15.9
5502.2 27.2 16.0
5492.3 22.3 16.1
5423.3 24.0 16.4
5413.2 23.5 16.4
5367.9 28.6 16.5
5340.7 22.9 16.7
5322.5 25.1 16.8
5740.6 33.9 18.0
5348.5 34.8 16.5
5338.3 36.4 16.6
5330.5 33.2 16.6
5309.1 32.8 16.7
5351.2 43.7 16.4
5309.2 43.0 16.6
5299.1 46.6 16.6
5292.7 48.4 16.6
5347.1 52.8 16.3
5332.0 53.3 16.4
5311.8 54.7 16.4
5341.9 63.2 16.2
5319.8 68.4 16.2
5301.5 66.1 16.3
5290.9 64.4 16.4
5327.0 74.5 16.1
5303.0 78.5 16.2
5348.7 88.2 15.8
5326.9 85.9 16.0
5307.6 84.2 16.1
5290.7 84.8 16.1
5372.2 92.6 15.7
5361.4 97.9 15.7
5337.0 98.1 15.8
5328.6 92.6 15.9
5321.1 95.3 15.9
5323.3 107.0 15.7
5367.5 112.1 15.4
5350.6 116.1 15.5
5339.6 116.6 15.5
5320.6 115.7 15.6
5310.1 116.7 15.6
5298.2 114.9 15.7
5369.9 124.5 15.3
5360.4 128.3 15.3
5350.1 123.7 15.4
5339.1 127.9 15.4
5320.2 127.1 15.4
5302.3 123.4 15.6
5371.5 137.9 15.1
5349.5 144.8 15.1
5332.6 143.0 15.2
5310.0 145.7 15.2
5301.5 143.8 15.3
5463.1 156.4 15.0
5441.6 157.0 14.7
5409.4 156.8 14.7
5391.6 156.5 14.7
5361.0 152.7 14.9
5348.5 154.3 15.0
5343.0 158.4 14.9
5318.4 157.8 15.0
5313.0 154.1 15.1
5302.8 152.8 15.2
5498.9 168.0 16.0
5482.8 167.0 15.7
5462.2 165.3 15.3
5372.4 167.9 14.7
5361.1 163.6 14.8
5348.8 163.8 14.8
5327.3 167.3 14.9
5307.6 167.4 15.0
5297.0 164.8 15.0
5293.5 163.1 15.1
5513.1 175.5 16.4
5503.3 175.9 16.3
5468.5 174.0 15.6
5438.3 175.5 15.2
5417.5 176.3 14.9
5349.0 174.9 14.7
5340.2 173.5 14.7
5331.6 175.6 14.8
5298.9 178.1 14.9
5292.4 173.7 14.9
5472.0 183.2 16.0
5463.5 187.1 16.0
5452.5 188.7 15.8
5410.8 188.5 15.1
5398.7 185.7 14.8
5367.4 188.0 14.4
5361.1 187.7 14.5
5332.1 183.0 14.7
5308.2 184.1 14.7
5301.7 186.9 14.7
5511.8 195.2 17.0
5500.5 197.9 16.9
5452.4 193.7 16.0
5438.7 195.1 15.8
5401.9 193.6 15.1
5392.1 194.6 15.0
5370.6 196.1 14.7
5358.2 198.5 14.6
5349.5 197.6 14.4
5340.2 195.7 14.4
5332.0 193.3 14.5
5318.3 195.0 14.6
5310.2 193.2 14.6
5301.9 194.6 14.6
5293.3 197.8 14.6
5281.1 197.9 14.7
5512.7 203.2 17.2
5473.1 208.0 16.7
5409.6 203.9 15.6
5399.2 207.5 15.5
5387.0 205.8 15.3
5358.0 206.7 14.8
5341.9 206.6 14.5
5328.3 205.3 14.4
5287.4 208.3 14.5
5510.9 214.0 17.5
5503.3 215.4 17.4
5481.3 217.0 17.1
5467.4 214.0 16.8
5447.2 215.5 16.5
5408.9 215.8 15.9
5388.6 218.2 15.7
5377.6 216.3 15.4
5337.2 216.9 14.8
5331.7 212.7 14.6
5318.7 215.3 14.4
5313.3 216.6 14.4
5301.7 218.4 14.3
5290.3 217.2 14.4
5522.2 226.5 18.1
5511.9 223.6 17.8
5482.6 226.0 17.4
5473.4 227.1 17.3
5460.9 222.7 17.0
5451.7 223.3 16.8
5439.9 224.3 16.7
5427.9 223.4 16.4
5407.4 223.1 16.1
5390.8 227.2 16.0
5372.9 223.9 15.6
5360.6 222.8 15.3
5329.8 222.9 14.8
5318.5 224.1 14.7
5297.2 223.9 14.3
5291.7 227.6 14.3
5278.4 226.0 14.3
5450.8 232.3 17.1
5437.6 233.2 16.9
5430.9 236.6 17.6
5422.4 233.7 16.8
5399.6 233.8 16.5
5382.7 234.9 16.5
5371.7 236.8 16.8
5362.4 238.2 17.0
5350.9 233.4 15.7
5341.4 236.5 16.3
5310.5 233.9 15.2
5299.3 234.2 15.2
5287.6 237.1 15.3
5283.1 235.9 14.8
5467.9 248.7 21.0
5450.8 247.5 20.4
5431.3 242.3 18.9
5407.9 247.1 19.7
5401.6 247.9 19.9
5327.4 242.8 17.6
5321.9 248.6 18.9
5308.4 248.4 17.6
5480.3 252.1 22.0
5449.5 257.7 22.8
5440.0 256.5 22.4
5409.3 257.8 22.3
5403.3 255.5 21.7
5382.5 254.5 21.2
5372.5 253.5 20.8
5327.3 252.1 19.8
5308.1 254.4 17.5
5303.4 258.7 16.8
5280.1 253.5 14.9
5483.4 262.9 24.6
5471.4 263.9 24.6
5456.8 268.0 25.4
5451.6 267.0 25.1
5431.7 267.9 25.0
5422.7 263.9 23.9
5402.0 263.9 23.7
5388.6 265.6 23.9
5381.9 262.4 23.0
5369.7 263.1 23.0
5360.5 264.8 23.3
5328.5 267.8 19.8
5318.2 267.5 18.5
5310.7 267.8 17.6
5301.3 267.5 16.4
5279.0 268.7 15.3
5479.2 278.2 28.2
5472.6 276.7 27.7
5439.3 272.2 26.2
5419.7 276.0 26.8
5359.6 273.9 23.5
5337.2 277.8 20.6
5310.4 275.5 17.4
5279.2 273.2 15.4
5252.8 278.6 14.8
5427.7 284.3 28.9
5422.0 282.9 28.5
5407.0 282.2 28.1
5398.5 286.2 28.0
5382.6 283.4 26.1
5372.5 287.0 24.8
5357.5 288.6 22.9
5340.9 288.7 20.9
5298.9 283.6 16.5
5260.4 282.6 15.0
5449.4 297.4 32.3
5438.7 296.8 32.0
5417.5 296.4 30.2
5408.4 293.1 29.1
5402.0 295.5 28.3
5389.2 294.0 26.7
5372.2 294.5 24.6
5360.9 293.0 23.3
5346.9 297.0 21.5
5317.7 294.1 17.9
5277.4 296.0 16.0
5269.3 292.3 15.6
5261.0 296.0 15.4
5448.4 303.8 33.8
5437.6 306.9 32.5
5423.4 308.6 30.7
5380.6 304.5 25.5
5349.4 308.6 21.6
5337.3 305.2 20.1
5327.6 306.4 18.9
5420.4 316.2 30.2
5401.9 314.1 27.9
5387.6 315.0 26.2
5381.4 315.5 25.4
5361.9 318.3 22.9
5352.4 315.9 21.8
5337.8 314.4 20.0
5307.4 312.6 17.6
5298.4 315.6 17.3
5441.7 328.2 32.6
5430.7 323.6 31.3
5413.1 322.4 29.2
5358.2 324.8 22.3
5349.5 327.6 21.2
5333.3 322.6 19.3
5442.4 332.2 32.6
5428.8 337.5 30.8
5418.3 338.1 29.5
5403.0 334.4 27.7
5386.9 337.0 25.6
5379.2 332.3 24.8
5371.3 332.8 23.8
5358.1 334.5 22.1
5338.6 336.8 19.7
5328.1 338.3 19.1
5310.9 335.3 18.4
5209.1 338.3 15.4
5428.5 345.0 30.6
5401.1 347.5 27.2
5391.0 343.1 26.0
5381.8 343.9 24.9
5368.9 348.2 23.2
5358.4 343.9 22.0
5348.5 348.6 20.7
5297.2 345.6 18.1
5208.9 345.8 15.6
5371.7 355.5 23.4
5357.3 353.9 21.7
5323.1 355.7 19.4
5400.9 364.6 26.9
5372.1 363.2 23.3
5359.0 366.6 21.6
5347.1 367.2 20.6
5308.8 365.2 19.1
5260.6 365.3 17.5
5230.8 367.1 16.6
5213.1 363.5 16.0
5348.0 374.2 20.9
5330.2 373.3 20.2
5302.8 376.2 19.3
5290.3 378.4 19.0
5279.7 378.4 18.6
5258.7 373.4 17.7
5317.4 388.4 20.2
5309.2 384.3 19.8
5289.0 382.8 19.1
5278.6 386.5 18.9
5269.7 383.1 18.4
5262.8 386.4 18.4
5242.5 385.5 17.8
5313.5 395.3 20.3
5302.2 394.2 19.9
5290.8 398.1 19.9
5280.3 392.9 19.3
5269.7 397.8 19.4
5262.5 393.7 18.9
5248.3 398.3 18.9
5277.9 403.3 20.0
5262.8 406.2 19.9
