670.4 8067.4 59.3
737.9 8121.7 60.7
732.6 8122.7 60.6
702.3 8120.6 60.0
800.8 8133.2 61.6
781.7 8133.6 61.4
751.9 8132.3 61.0
717.5 8130.1 60.3
709.0 8132.0 60.2
799.9 8139.7 61.7
778.9 8140.4 61.4
747.8 8142.9 61.0
737.8 8141.4 60.8
720.7 8141.7 60.5
890.0 8152.9 62.0
859.9 8152.8 61.9
800.7 8148.3 61.7
768.2 8147.1 61.3
758.6 8148.6 61.2
728.5 8151.8 60.7
939.3 8160.8 62.3
900.3 8162.3 62.0
853.1 8159.9 61.8
770.4 8159.6 61.4
760.2 8162.7 61.3
749.5 8163.5 61.1
741.3 8161.8 61.0
721.1 8160.1 60.5
877.9 8169.7 61.9
739.7 8172.0 61.0
812.9 8179.2 61.5
793.5 8179.4 61.4
782.2 8180.5 61.4
747.7 8177.3 61.2
702.5 8177.2 59.8
803.0 8188.8 61.5
793.5 8187.4 61.4
779.3 8192.4 61.3
772.7 8192.8 61.2
798.7 8198.2 61.4
792.6 8202.3 61.2
783.9 8203.3 61.2
764.1 8200.9 61.0
851.5 8209.0 61.7
771.2 8207.1 61.0
782.0 8241.5 60.7
718.9 8363.8 58.6
811.0 8390.5 61.6
809.1 8397.8 61.8
848.4 8407.7 62.6
769.1 8407.9 60.3
718.7 8408.4 58.4
711.2 8417.1 58.0
710.8 8429.3 58.0
697.9 8426.6 57.6
686.7 8432.3 57.3
679.8 8439.9 57.2
670.7 8440.3 56.9
827.8 8451.0 62.7
797.0 8446.6 61.1
718.5 8450.0 58.3
707.7 8446.1 58.0
699.9 8449.2 57.8
657.9 8448.4 56.6
801.7 8455.9 61.2
729.6 8456.9 58.6
698.9 8457.2 57.7
766.9 8471.0 59.9
727.7 8468.8 58.6
779.2 8482.0 60.3
751.7 8482.2 59.3
732.3 8480.5 58.7
737.6 8492.0 58.9
731.3 8486.3 58.7
712.3 8489.1 58.2
698.8 8491.8 57.8
688.1 8486.3 57.5
741.2 8500.7 59.0
802.5 8508.2 61.1
748.9 8510.5 59.3
727.2 8509.6 58.6
719.6 8507.2 58.4
689.0 8509.4 57.4
761.8 8518.5 59.6
746.3 8519.2 59.2
716.8 8516.8 58.3
708.0 8515.8 58.0
702.3 8515.9 57.8
771.3 8526.5 59.9
759.9 8530.6 59.6
719.8 8529.0 58.3
681.9 8528.1 57.1
739.7 8540.2 58.9
729.3 8539.7 58.6
727.6 8546.0 58.5
728.8 8558.9 58.4
769.0 8571.7 59.7
732.1 8571.7 58.8
767.2 8579.0 59.6
708.4 8578.9 58.3
768.4 8588.5 59.6
766.7 8596.5 59.5
758.2 8597.4 59.4
751.6 8600.0 59.2
1081.9 7374.1 48.5
1053.5 7373.9 47.9
1037.8 7384.4 48.0
1040.1 7391.9 48.3
1062.3 7423.2 49.9
1038.3 7452.6 50.6
1080.7 7464.0 51.7
1070.4 7466.0 51.6
1042.2 7461.9 51.0
1050.1 7471.5 51.5
1018.1 7472.4 51.0
1008.9 7483.1 51.2
1000.5 7505.6 51.9
1063.4 7548.6 54.6
1066.7 7558.0 55.0
985.6 7594.9 55.0
964.0 7594.5 54.6
975.0 7600.7 55.0
964.9 7601.2 54.9
955.8 7623.6 55.5
944.9 8190.1 62.2
866.8 7603.9 53.3
865.7 7610.4 53.4
918.8 7631.7 55.2
936.3 7653.5 56.2
877.1 8212.6 61.8
854.0 8238.3 61.3
813.8 8238.6 61.0
862.2 8248.8 61.4
842.3 8252.4 61.2
824.2 8252.1 61.0
865.7 8259.2 61.4
836.6 8262.2 61.1
824.0 8258.3 61.0
844.3 8267.6 61.2
835.1 8270.8 61.1
822.7 8268.9 60.9
818.2 8269.3 60.9
808.4 8271.7 60.8
855.2 8281.5 61.3
844.3 8279.3 61.2
833.0 8280.8 61.0
825.1 8279.9 61.0
817.9 8276.4 60.9
804.5 8278.6 60.8
793.3 8279.2 60.6
755.6 8282.6 60.2
906.0 8286.8 61.8
843.7 8287.2 61.2
822.7 8290.5 61.0
812.3 8291.2 60.9
856.0 8296.5 61.3
895.9 8310.8 62.0
857.2 8312.0 61.4
858.4 8321.1 61.6
802.7 8320.5 60.8
854.6 8329.3 61.6
817.4 8330.1 61.1
852.9 8340.7 61.8
835.5 8346.7 61.6
960.2 7694.1 57.9
1040.1 7751.4 61.2
866.2 8406.1 62.9
853.8 8427.9 63.0
845.4 8445.8 63.0
894.5 8455.8 64.0
885.4 8460.6 63.8
954.3 8471.1 64.8
916.1 8464.9 64.3
895.9 8467.5 63.9
959.7 8477.0 64.8
924.1 8477.3 64.2
887.6 8477.1 63.5
909.4 8485.2 63.7
897.3 8490.7 63.4
884.7 8486.8 63.2
877.1 8487.3 63.1
899.6 8499.8 63.5
879.7 8499.7 63.0
825.1 8494.7 61.9
819.3 8509.3 61.6
879.3 8519.0 63.1
808.5 8526.9 61.1
786.8 8586.0 60.1
984.1 7810.4 61.5
967.6 7813.6 61.2
1004.3 7821.8 62.3
995.5 7822.9 62.1
953.8 7824.0 60.9
991.9 7829.8 62.1
1002.2 7838.2 62.4
926.4 7844.1 60.0
983.1 7848.5 61.8
965.3 7850.4 61.2
925.8 7859.8 60.2
937.7 7867.9 61.1
955.4 7882.9 62.3
1042.7 7887.8 64.4
1045.4 7903.0 64.3
1035.1 7940.3 63.7
1036.3 8524.6 66.9
1075.4 8544.1 66.7
1069.9 8558.5 67.3
1116.4 8563.0 67.8
1066.6 8564.1 67.5
1060.1 8566.3 67.6
1044.6 8564.6 67.4
1068.5 8574.6 68.0
1060.2 8577.2 68.1
1110.1 8586.7 68.7
1095.5 8587.7 68.6
1078.2 8588.4 68.5
1065.9 8583.4 68.3
1187.7 8596.4 69.3
1108.8 8598.4 69.0
1099.7 8598.5 68.9
1076.9 8592.7 68.6
1054.2 8597.8 68.6
1048.2 8597.4 68.6
1205.1 8605.4 69.7
1188.5 8607.6 69.7
1179.0 8604.0 69.6
1139.2 8608.9 69.7
1115.2 8603.4 69.3
1104.5 8605.3 69.3
1100.0 8606.5 69.2
1058.8 8606.6 68.9
1009.6 8604.1 68.5
1176.7 8614.9 69.9
1166.6 8618.6 70.0
1155.5 8613.0 69.8
1138.0 8615.0 69.8
1127.0 8616.7 69.9
1117.1 8617.8 69.9
1104.5 8616.9 69.8
1098.8 8615.4 69.7
1064.3 8617.2 69.2
1167.0 8626.1 70.3
1134.0 8626.0 70.2
1145.6 8635.7 70.5
1075.8 8633.4 70.2
1050.2 8635.2 69.8
1024.7 8637.2 69.5
1007.1 8639.0 69.5
1149.9 8642.6 70.8
1128.1 8643.4 70.8
1085.3 8654.9 71.0
1078.1 8658.9 71.1
1038.4 8656.0 70.7
1145.2 8677.4 72.3
1086.6 8677.5 71.9
1055.4 8673.2 71.6
1097.9 8696.0 72.7
1104.2 8703.5 72.8
1094.4 8704.2 72.7
1090.5 8718.3 72.9
1024.2 8713.3 72.3
1019.1 8717.9 72.3
1099.1 8726.8 73.0
1085.3 8723.1 72.9
1015.2 8728.5 72.4
1084.6 8737.6 73.1
1015.6 8738.7 72.6
1055.1 8746.7 72.9
1036.4 8746.1 72.8
1016.2 8744.6 72.6
1079.4 8756.9 73.4
1035.9 8752.7 72.9
1016.6 8757.4 72.8
1099.3 8766.9 74.0
1089.7 8764.1 73.8
1078.8 8768.1 73.8
1068.5 8768.0 73.7
1058.9 8764.8 73.5
1038.1 8767.6 73.3
1015.0 8762.8 72.9
1093.9 8777.5 74.3
1089.2 8772.4 74.1
1067.7 8774.9 73.9
1003.9 8776.9 73.3
1000.4 8774.6 73.2
1075.4 8782.7 74.3
1068.1 8786.6 74.4
1055.7 8786.4 74.2
1037.7 8787.8 74.1
1066.3 8798.1 74.8
1055.8 8798.0 74.7
1047.9 8794.7 74.5
997.3 8794.1 73.8
1090.1 8804.5 75.3
1068.8 8802.4 75.0
1055.2 8806.7 75.0
1044.4 8805.1 74.8
1110.0 8818.1 76.0
1066.1 8814.4 75.4
1059.7 8812.9 75.2
1044.6 8815.5 75.2
1039.5 8818.7 75.2
1029.6 8815.9 75.0
1017.6 8812.8 74.8
1005.5 8814.3 74.6
997.1 8815.2 74.4
1108.6 8826.7 76.3
1049.8 8824.0 75.4
1036.9 8828.7 75.2
1027.3 8822.7 75.0
1049.9 8835.5 75.5
1036.3 8835.8 75.3
1105.5 8849.0 76.6
1064.2 8843.2 75.8
1233.6 8613.0 69.9
1236.5 8652.5 71.8
1255.8 8659.4 72.3
1241.9 8661.0 72.3
1226.0 8663.0 72.2
1217.2 8661.4 72.1
1254.3 8673.5 72.9
1217.2 8670.9 72.5
1207.0 8672.5 72.5
1255.1 8678.1 73.1
1234.4 8677.9 73.0
1265.0 8692.3 73.8
1192.7 8689.6 73.2
1183.2 8694.1 73.3
1307.1 8702.3 74.4
1257.6 8701.4 73.9
1206.3 8698.2 73.5
1182.8 8699.3 73.3
1146.6 8699.8 73.1
1316.4 8712.2 74.8
1305.3 8713.6 74.7
1297.7 8712.6 74.6
1168.0 8721.1 73.5
1247.7 8730.4 74.5
1233.8 8733.9 74.5
1173.9 8731.7 73.8
1163.8 8729.2 73.6
1242.7 8743.5 74.8
1236.6 8744.5 74.8
1254.9 8749.7 75.1
1226.3 8754.5 74.9
1217.4 8748.7 74.7
1133.6 8750.2 73.8
1242.8 8763.8 75.4
1217.6 8764.4 75.2
1192.4 8763.1 74.8
1183.7 8764.2 74.8
1178.4 8759.9 74.6
1255.0 8774.1 76.0
1242.5 8768.1 75.6
1232.1 8769.5 75.5
1206.8 8773.0 75.4
1274.7 8779.9 76.4
1244.2 8783.4 76.2
1237.5 8778.3 75.9
1204.8 8779.8 75.6
1194.6 8779.8 75.5
1172.7 8779.8 75.3
1248.5 8799.1 76.8
1222.0 8801.5 76.6
1202.4 8799.0 76.3
1193.3 8800.8 76.3
1184.6 8800.7 76.2
1165.9 8803.3 76.1
1226.4 8809.9 77.0
1164.6 8810.8 76.4
1216.2 8819.4 77.3
1207.1 8823.6 77.3
1196.2 8818.5 77.0
1187.4 8818.2 76.9
1148.5 8822.2 76.6
1123.2 8818.9 76.2
1222.1 8831.8 77.8
1183.3 8830.7 77.3
1156.3 8832.2 77.1
1148.2 8832.4 77.0
1215.2 8842.9 78.1
1204.5 8843.9 78.1
1195.1 8840.6 77.8
1183.0 8839.4 77.6
1158.0 8844.2 77.4
1185.3 8854.4 78.0
1165.1 8851.2 77.6
1185.9 8863.8 78.1
1164.0 8858.8 77.6
1152.7 8862.5 77.5
1112.3 8863.1 76.9
1186.1 8873.9 78.3
1172.1 8868.1 77.9
1164.4 8882.7 78.2
1135.1 8880.5 77.6
1126.1 8882.8 77.5
1113.6 8880.5 77.2
1145.3 8889.9 78.1
983.3 8517.4 66.0
976.8 8513.1 65.8
982.2 8522.5 65.9
987.5 8533.2 66.2
968.1 8534.9 65.7
976.3 8546.9 66.1
952.5 8543.8 65.3
987.0 8554.5 66.6
974.5 8554.8 66.2
947.4 8553.7 65.3
985.9 8561.7 66.7
946.8 8563.5 65.5
912.2 8561.5 64.4
928.0 8586.7 65.0
966.0 8595.9 66.6
957.1 8593.2 66.2
926.9 8593.3 65.2
973.6 8601.2 67.1
774.3 8362.9 60.6
1073.2 8015.9 64.5
1054.8 8027.2 64.0
1044.5 8026.2 63.7
1037.9 8022.8 63.4
1072.6 8032.0 64.6
1084.6 8055.4 65.3
1074.2 8057.0 64.9
1086.5 8061.9 65.4
1082.6 8076.8 65.5
1073.1 8096.5 65.1
1177.2 8115.1 68.7
1088.1 8116.5 65.5
1146.8 8133.9 67.5
1153.2 8147.0 67.2
1184.8 8156.0 67.5
1141.8 8174.6 66.4
1167.0 8196.8 66.9
1167.0 8201.7 66.9
1186.9 8214.1 67.4
1036.6 7414.8 49.1
1037.2 7421.3 49.4
946.1 7514.9 51.4
678.0 8257.1 57.7
639.8 7684.7 52.9
730.7 7739.3 54.8
725.3 7738.1 54.7
712.4 7739.3 54.5
612.4 7735.9 52.6
732.2 7743.3 54.9
612.5 7743.3 52.6
605.6 7746.1 52.5
714.6 7755.3 55.0
700.4 7756.6 54.7
689.5 7753.4 54.4
681.3 7756.0 54.3
730.7 7765.8 55.5
675.5 7763.5 54.4
602.1 7764.8 52.9
714.9 7778.9 55.6
785.7 7784.1 56.5
730.2 7787.3 56.1
721.0 7786.0 55.9
654.4 7785.9 54.6
613.9 7786.7 53.7
724.8 7796.0 56.2
652.6 7797.8 54.9
644.7 7793.2 54.6
724.1 7809.0 56.4
650.3 7805.4 55.1
730.6 7815.9 56.6
724.6 7815.4 56.6
700.6 7815.4 56.3
763.6 7828.9 56.9
711.7 7828.2 56.6
701.8 7824.0 56.5
701.7 7834.9 56.7
691.6 7836.2 56.6
822.2 7848.1 57.5
815.1 7846.3 57.5
759.4 7847.7 57.1
754.2 7848.4 57.3
743.7 7846.3 57.0
732.4 7846.5 57.0
719.3 7846.9 56.9
715.0 7847.5 56.9
832.6 7857.0 57.9
790.0 7855.0 57.4
785.3 7854.3 57.4
750.2 7855.3 57.1
740.6 7854.8 57.1
729.5 7853.7 57.0
841.2 7866.7 58.3
815.1 7862.9 57.7
793.2 7864.8 57.5
763.7 7865.4 57.3
871.5 7877.3 59.4
840.0 7879.2 58.7
769.7 7873.6 57.4
760.5 7873.6 57.4
755.4 7873.8 57.3
835.7 7889.1 59.0
822.1 7886.0 58.6
792.7 7887.8 58.1
780.2 7884.8 57.7
824.0 7893.8 58.9
809.6 7893.8 58.6
805.1 7896.3 58.6
795.3 7895.3 58.4
890.2 7905.7 61.4
844.8 7908.7 60.1
832.1 7904.4 59.6
909.4 7915.5 62.6
874.0 7914.4 61.3
842.3 7918.1 60.5
901.2 7925.8 62.8
835.3 7927.0 60.7
974.0 7935.1 63.5
960.1 7937.7 63.5
932.2 7938.0 63.4
905.5 7938.9 63.3
893.5 7938.1 63.1
880.0 7933.5 62.5
853.0 7938.4 61.8
844.4 7939.3 61.5
835.8 7933.3 61.0
964.7 7947.2 63.7
905.6 7947.3 63.4
892.0 7946.1 63.3
862.4 7946.8 62.5
983.2 7956.9 64.0
961.2 7958.1 64.0
943.8 7953.8 63.7
905.1 7958.2 63.5
881.6 7955.7 63.4
864.4 7958.2 63.1
975.5 7967.8 64.0
962.7 7963.4 64.2
892.6 7968.7 64.0
972.8 7975.1 63.9
905.1 7975.8 64.5
891.8 7975.4 64.3
881.2 7974.5 64.2
933.5 7986.0 64.5
912.4 7985.8 64.7
940.5 7993.6 64.4
919.2 7995.2 64.7
965.4 8004.5 63.7
933.4 8004.2 64.4
920.4 8003.8 64.6
942.2 8017.5 64.0
680.5 7602.5 51.3
720.2 7618.7 52.8
713.5 7615.6 52.6
750.2 7626.8 52.9
739.6 7626.0 52.9
734.5 7622.3 52.9
711.2 7625.9 52.9
669.5 7622.5 52.5
740.9 7632.8 52.9
694.4 7632.9 52.9
751.6 7645.8 52.9
751.7 7657.7 53.0
731.6 7668.3 53.0
750.7 7683.4 53.5
743.6 7685.9 53.4
744.1 7696.0 53.7
716.1 7551.0 49.7
749.9 7588.9 51.3
1800.5 7477.3 52.1
1798.7 7485.5 52.3
1780.2 7488.0 53.1
1801.0 7494.5 52.4
1791.9 7498.5 52.8
1857.2 7528.7 51.6
1800.5 7528.4 52.2
731.2 7548.6 50.0
962.2 7922.6 63.3
971.4 7929.3 63.4
1040.3 7984.2 63.4
1035.2 7979.6 63.3
1038.7 7991.2 63.4
1010.6 7989.2 63.2
992.2 7993.1 63.4
983.0 7992.1 63.6
974.9 7992.7 63.7
1030.3 8003.9 63.2
975.1 8051.6 63.3
959.1 8051.2 63.4
954.1 8053.9 63.4
964.8 8059.8 63.4
994.0 8068.9 63.1
972.4 8069.4 63.2
992.0 8078.5 63.1
754.3 7388.7 47.0
740.3 7386.7 47.0
754.2 7397.0 47.2
731.7 7398.5 47.2
751.5 7416.5 47.7
750.4 7434.8 48.3
774.6 7459.6 49.0
720.9 7455.9 48.8
774.6 7464.7 49.2
744.2 7465.9 49.1
730.8 7468.6 49.2
770.3 7474.5 49.4
764.8 7473.8 49.4
741.0 7476.5 49.4
730.8 7474.9 49.3
1019.2 8067.5 63.2
1017.7 8076.5 63.3
1013.1 8084.6 63.3
1011.0 8098.3 63.2
1070.7 8108.2 65.0
1033.5 8126.9 63.8
1058.1 8149.4 64.3
1067.5 8156.0 64.7
1083.7 8169.5 65.1
1092.1 8177.7 65.3
1080.3 8173.4 65.1
1092.1 8187.3 65.3
1152.3 8195.9 66.6
1142.3 8234.8 66.4
1161.8 8247.0 66.8
1160.5 8259.1 66.7
1150.8 8258.4 66.5
1093.6 7082.1 46.6
1082.1 7089.7 46.2
1073.7 7094.6 45.9
1132.4 7104.4 47.3
1053.7 7099.4 45.5
1140.6 7112.0 47.3
1135.3 7112.8 47.2
1101.5 7109.5 46.3
1041.3 7113.7 45.2
1034.7 7109.5 45.1
1151.9 7120.7 47.5
1146.8 7122.0 47.3
1132.2 7118.9 47.0
1124.1 7119.5 46.7
1080.8 7124.0 45.8
1074.3 7123.4 45.7
1064.9 7120.8 45.5
1042.6 7124.7 45.1
1011.4 7118.9 44.7
1153.3 7133.2 47.3
1146.8 7128.4 47.2
1130.8 7131.4 46.7
1125.0 7132.8 46.6
1092.1 7128.7 46.0
1074.8 7129.4 45.6
1055.8 7128.2 45.3
1043.5 7130.3 45.2
1022.5 7132.6 44.9
983.8 7133.3 44.7
1211.3 7140.0 48.2
1186.5 7140.3 48.0
1133.4 7143.1 46.6
1113.2 7141.4 46.2
1095.7 7140.9 45.9
1064.2 7139.9 45.4
1053.9 7142.6 45.3
1030.4 7141.9 45.0
1026.6 7140.6 45.0
1016.5 7140.5 45.0
981.6 7142.4 45.0
1124.1 7148.8 46.4
1113.9 7148.3 46.2
1050.4 7148.9 45.3
1001.3 7148.4 45.2
993.2 7150.1 45.2
1154.5 7163.4 46.8
1143.9 7160.9 46.6
1125.6 7163.4 46.3
1104.7 7161.9 46.0
1072.3 7160.7 45.6
1062.5 7161.8 45.7
1052.9 7160.0 45.6
1032.1 7162.2 45.6
1011.1 7161.2 45.5
953.5 7162.0 45.0
1211.7 7171.4 48.1
1191.2 7173.1 47.5
1125.4 7169.5 46.3
1115.0 7169.7 46.1
1104.4 7169.2 46.0
1080.4 7169.1 45.9
1071.4 7172.0 46.0
1063.1 7174.7 46.0
1056.0 7168.6 45.9
1046.3 7173.5 45.8
1033.9 7168.8 45.7
1023.7 7169.1 45.6
1001.1 7172.8 45.5
982.6 7170.2 45.3
974.7 7174.2 45.3
962.4 7169.1 45.1
945.7 7171.9 45.0
1173.4 7178.3 47.0
1121.2 7179.3 46.2
1112.5 7181.1 46.3
1105.1 7184.2 46.4
1093.5 7179.1 46.2
1081.9 7181.7 46.2
1041.4 7181.3 45.9
1020.7 7183.9 45.7
1002.5 7178.3 45.5
982.4 7180.5 45.4
955.1 7184.6 45.2
945.0 7182.2 45.1
1077.0 7193.8 46.2
1054.5 7192.2 46.1
1047.0 7191.9 46.0
1024.6 7191.6 45.8
1015.7 7194.5 45.8
1005.9 7188.5 45.6
982.5 7191.6 45.5
970.7 7189.1 45.3
963.4 7189.1 45.3
931.0 7188.8 45.1
1074.7 7200.1 46.3
1041.7 7199.0 46.0
1021.0 7203.2 45.9
1013.1 7204.1 45.8
976.6 7198.2 45.5
962.4 7198.8 45.4
951.9 7199.9 45.3
1093.1 7214.3 46.5
1026.3 7212.2 46.0
1007.0 7212.8 45.8
991.4 7214.5 45.7
982.4 7212.2 45.6
975.1 7210.1 45.6
965.1 7208.9 45.5
912.1 7212.5 45.6
990.9 7219.1 45.8
973.6 7223.4 45.6
955.6 7224.1 45.5
944.6 7222.9 45.5
935.5 7223.2 45.6
920.7 7218.6 45.7
892.4 7222.9 45.7
974.4 7231.3 45.7
961.4 7231.9 45.6
953.9 7229.4 45.5
884.9 7233.9 45.7
1143.3 7240.1 47.2
955.6 7244.1 45.8
912.1 7239.3 45.9
900.9 7242.4 45.9
892.1 7241.7 45.8
880.4 7239.7 45.8
872.6 7239.9 45.7
963.7 7252.2 45.8
955.7 7249.4 45.8
910.4 7254.0 46.0
904.0 7248.8 45.9
913.2 7260.1 46.0
896.8 7260.3 46.0
1111.3 7274.7 47.2
1106.2 7273.4 47.1
936.4 7273.5 46.2
903.4 7273.7 46.1
855.1 7273.6 46.0
1166.1 7282.7 47.7
1151.9 7279.2 47.5
1131.4 7282.6 47.4
1122.2 7282.5 47.3
1092.6 7283.4 47.1
933.6 7278.9 46.2
921.4 7281.8 46.2
896.7 7279.7 46.1
876.8 7284.7 46.1
1155.3 7289.8 47.7
1134.7 7292.9 47.5
1124.6 7294.7 47.4
1105.0 7291.5 47.3
1082.2 7290.0 47.1
1126.2 7301.7 47.5
822.8 7303.3 46.4
1051.3 7313.8 47.0
1045.8 7313.4 47.0
1055.2 7323.9 47.1
885.8 7321.9 46.6
1044.7 7328.6 47.1
1064.7 7340.1 47.3
1020.9 7338.7 47.0
1017.0 7340.9 46.9
1004.9 7339.6 46.9
870.8 7341.2 46.9
811.3 7341.4 46.9
1004.9 7349.0 47.0
882.1 7352.3 47.0
872.0 7351.8 47.0
780.7 7354.0 47.0
996.4 7359.4 47.1
790.8 7362.5 47.1
771.3 7363.3 47.1
882.2 7369.5 47.1
781.8 7373.3 47.1
773.9 7371.4 47.1
896.6 7380.8 47.2
802.3 7379.6 47.0
796.1 7379.9 47.0
804.2 7390.0 47.1
903.8 7398.6 47.7
786.3 7400.9 47.4
913.3 7414.7 48.2
771.4 7424.4 48.0
790.6 7453.3 48.9
1282.3 8327.5 68.4
1265.2 8326.9 68.0
1273.7 8333.1 68.1
1264.4 8336.4 67.9
1244.3 8347.2 67.3
1247.8 8368.5 67.2
1264.5 8398.8 67.1
1750.0 7654.1 51.8
1834.8 7664.1 51.8
1737.7 7661.7 52.2
1835.6 7690.3 53.0
1809.7 7694.3 53.3
1725.4 7693.3 53.8
1775.1 7701.7 53.8
1766.1 7701.6 53.9
1737.0 7704.1 54.2
1698.5 7703.1 54.4
1689.0 7700.6 54.4
1759.9 7715.3 54.5
1725.5 7715.1 54.8
1720.8 7709.6 54.6
1708.2 7709.7 54.7
1694.7 7709.6 54.8
1856.4 7723.2 54.5
1810.0 7720.0 54.5
1767.9 7722.4 54.8
1760.4 7723.3 54.9
1747.7 7723.0 55.0
1720.7 7719.2 55.0
1709.9 7722.6 55.2
1698.9 7724.2 55.4
1685.5 7724.7 55.5
1776.9 7729.8 55.1
1714.7 7731.0 55.6
1695.0 7730.4 55.7
1718.9 7741.1 56.0
1704.7 7741.9 56.2
1699.3 7745.1 56.4
1688.0 7742.7 56.4
1690.0 7750.1 56.7
1725.9 7772.0 57.4
1706.7 7773.2 57.6
1687.9 7769.9 57.6
1804.9 7784.8 57.5
1796.1 7782.3 57.5
1789.8 7782.1 57.5
1891.3 7795.0 57.7
1799.1 7792.9 57.9
1700.9 7789.4 58.4
1886.3 7800.0 57.9
1879.0 7822.6 59.0
1879.8 7833.4 59.5
1897.8 7845.2 59.9
1876.7 7841.1 59.8
973.8 7358.8 47.1
965.6 7358.9 47.1
932.3 7397.2 47.7
926.0 7399.1 47.8
912.4 7396.4 47.7
1700.6 7843.0 60.9
1708.9 7854.5 61.4
1691.8 7852.2 61.4
1677.9 7849.7 61.4
1729.5 7863.8 61.7
1723.3 7859.0 61.5
1739.8 7875.2 62.1
1780.3 7884.4 62.2
1773.3 7883.3 62.2
1743.8 7881.6 62.4
1789.0 7889.4 62.4
1773.0 7889.9 62.5
1760.9 7893.2 62.8
1750.6 7889.2 62.7
1732.3 7888.9 62.8
1780.1 7900.4 63.0
1770.9 7905.2 63.3
1748.8 7904.1 63.4
1741.0 7904.1 63.4
1759.2 7910.0 63.6
1751.5 7910.2 63.6
1741.9 7932.6 64.8
1357.3 8283.2 71.2
1381.0 8288.3 71.9
1372.0 8287.7 71.7
1359.8 8288.1 71.3
1349.3 8292.1 71.0
1338.2 8289.3 70.6
1317.5 8292.4 70.0
1376.2 8299.0 71.6
1370.2 8299.6 71.4
1340.5 8300.6 70.5
1331.6 8303.1 70.2
1309.8 8302.3 69.7
1287.5 8303.0 69.0
1281.2 8301.6 68.8
1430.8 8311.0 73.0
1409.6 8311.3 72.3
1385.7 8308.3 71.6
1367.9 8312.3 71.1
1360.3 8313.8 70.8
1305.5 8309.3 69.4
1298.6 8308.7 69.2
1291.6 8308.5 69.0
1378.4 8320.8 71.2
1361.1 8323.5 70.6
1341.6 8322.5 70.1
1330.2 8322.7 69.8
1316.2 8317.5 69.5
1308.1 8321.1 69.2
1301.1 8322.7 69.0
1400.1 8327.8 71.7
1388.7 8333.7 71.2
1379.0 8331.1 71.0
1356.1 8333.8 70.3
1298.2 8329.1 68.8
1421.6 8338.9 72.1
1399.7 8342.5 71.4
1357.2 8337.7 70.2
1347.2 8343.3 69.8
1436.3 8347.5 72.4
1379.4 8350.3 70.6
1371.8 8351.0 70.4
1360.0 8353.9 70.0
1347.2 8352.0 69.7
1419.7 8359.7 71.6
1388.4 8359.9 70.7
1338.8 8360.3 69.3
1328.9 8359.7 69.1
1421.0 8373.9 71.4
1409.6 8373.8 71.0
1400.7 8367.3 70.9
1389.3 8372.3 70.4
1338.7 8367.4 69.2
1451.1 8381.2 72.2
1430.4 8382.8 71.5
1418.5 8381.2 71.2
1399.2 8380.0 70.6
1451.2 8389.1 72.0
1416.9 8388.8 71.0
1409.4 8389.9 70.7
1429.4 8402.9 71.1
1486.4 8407.5 72.8
1477.6 8418.1 72.4
1460.2 8417.4 71.8
1449.6 8419.6 71.4
1437.5 8418.7 71.1
1436.8 8432.3 70.8
1511.3 8443.9 73.0
1498.0 8441.0 72.7
1486.1 8442.6 72.2
1556.5 8448.2 74.6
1490.6 8447.4 72.3
1506.3 8457.7 72.6
1577.7 8473.2 75.3
1500.5 8483.1 72.0
1506.5 8489.1 72.2
1510.8 8497.7 72.5
1540.2 8510.5 74.2
1510.8 8509.1 72.4
1545.5 8518.1 74.5
1529.7 8522.0 73.6
1536.0 8533.8 74.0
1529.1 8530.2 73.5
1546.8 8543.7 74.6
1536.5 8543.5 74.0
1546.4 8563.8 74.5
1546.3 8567.9 74.4
1539.0 8568.5 74.0
1570.7 8583.9 74.5
1549.3 8588.2 73.4
1201.8 7240.8 47.6
1202.7 7261.5 47.8
1918.2 7607.3 54.4
1886.8 7646.8 52.5
1904.8 7657.8 52.6
1895.7 7655.8 52.4
1885.0 7653.8 52.2
1918.2 7666.3 52.7
1969.9 7676.0 53.8
1926.7 7677.1 52.6
1976.7 7684.6 53.7
1238.7 7321.5 50.0
1244.0 7363.0 51.2
1242.0 7393.1 52.0
1228.5 7412.1 52.2
1313.7 7167.4 48.2
1304.2 7166.5 48.1
1295.6 7165.7 48.1
1287.5 7164.2 48.1
1303.7 7174.3 48.1
1296.4 7179.9 48.1
1285.0 7174.7 48.1
1288.9 7185.0 48.1
1292.6 7197.7 48.1
1289.1 7198.9 48.1
1297.7 7206.7 48.1
1287.9 7204.3 48.1
1273.4 7207.8 48.1
1263.6 7208.8 48.0
1276.0 7218.1 48.1
1973.7 7850.3 57.7
1920.8 7853.8 59.2
1990.6 7864.2 57.8
2016.8 7870.8 57.4
1991.0 7922.8 59.9
1981.7 7921.8 60.0
1996.8 7930.3 60.1
1377.3 7297.0 50.9
1387.8 7306.2 51.3
1378.0 7318.6 52.1
2010.9 7963.1 60.6
1940.1 8003.3 63.4
1419.2 7530.9 59.6
1438.8 7546.1 60.5
1900.9 7992.8 64.1
1908.5 8003.1 64.2
1906.4 8012.3 64.5
1921.7 8019.8 64.3
1939.0 8031.0 64.1
1928.3 8029.6 64.3
1941.4 8042.4 64.3
1927.2 8044.0 64.7
1910.0 8038.6 65.0
1363.4 7599.1 61.1
1369.7 7611.3 61.6
1383.3 7620.3 62.1
1360.7 7682.3 62.7
1276.2 7685.7 62.7
1313.2 7715.4 63.3
1310.6 7722.4 63.2
1301.0 7721.2 63.6
1296.3 7720.4 63.8
1255.4 7719.8 63.6
1310.6 7733.2 62.8
1306.2 7733.4 63.0
1286.5 7735.5 63.6
1272.5 7734.6 64.2
1335.3 7744.8 61.5
1340.0 7755.3 61.0
1345.0 7775.6 60.5
1993.2 7736.8 54.1
2022.4 7743.1 53.2
1992.4 7754.1 54.5
2004.6 7765.1 54.3
1983.2 7765.7 55.1
1996.7 7771.2 54.7
1992.6 7784.8 55.1
1982.4 7781.9 55.5
2033.9 7797.0 54.4
2026.1 7796.7 54.6
2002.8 7793.9 55.1
2042.4 7807.7 54.5
2002.7 7804.4 55.4
2031.6 7814.5 55.0
2026.7 7812.0 55.1
2046.7 7827.5 55.2
2003.6 7823.6 56.0
1992.9 7825.4 56.4
2045.9 7835.8 55.5
2033.1 7832.5 55.6
2025.0 7833.6 55.8
1994.7 7832.4 56.6
2035.6 7844.7 56.2
1868.6 7989.6 64.9
1861.2 7983.5 64.9
1826.9 7989.2 66.0
1836.3 7998.0 65.9
1830.0 7999.2 66.1
1362.5 7812.3 62.1
1430.6 7830.9 62.4
1824.8 7606.5 51.8
1839.7 7624.4 52.0
1474.4 7872.6 64.0
1765.3 7640.1 51.0
1755.2 7643.7 51.2
1678.6 7660.7 52.6
1704.6 7544.3 54.8
1696.9 7546.7 55.0
1306.1 8063.4 66.8
1291.9 8082.8 68.0
1280.4 8093.4 68.7
1341.7 8005.7 66.6
1289.1 8152.2 69.0
1288.8 8157.5 69.3
1378.4 8169.9 71.1
1319.9 8177.7 70.5
1302.3 8237.9 70.8
1373.6 8272.1 71.8
1716.3 7469.3 55.0
1698.6 7480.6 56.0
1740.4 7412.5 52.4
1776.7 7444.5 52.0
1765.2 7445.4 52.4
1799.7 7455.3 51.5
1796.2 7460.7 51.8
1781.5 7462.2 52.4
457.3 7544.9 46.5
407.8 7544.2 45.9
462.2 7553.6 46.6
442.2 7563.7 46.4
416.9 7564.3 46.1
418.8 7569.1 46.2
350.6 7569.7 45.3
541.1 7580.3 47.8
518.6 7581.2 47.6
416.3 7581.0 46.6
400.1 7585.2 46.5
381.3 7581.5 45.9
336.0 7580.4 45.2
326.6 7584.5 45.2
505.9 7595.5 47.9
448.1 7591.3 47.7
406.1 7594.6 47.1
388.7 7592.3 46.6
340.1 7595.0 45.8
329.2 7594.9 45.6
307.4 7592.4 45.1
302.4 7594.7 45.0
561.9 7605.3 48.9
519.1 7603.4 48.2
511.5 7604.9 48.2
460.3 7602.3 48.1
440.2 7602.8 48.2
378.9 7601.3 46.9
360.8 7603.4 46.6
336.1 7601.2 46.0
326.2 7599.4 45.7
301.5 7601.6 45.4
386.6 7609.9 47.5
378.3 7615.2 47.6
347.8 7611.0 46.7
327.7 7612.8 46.4
321.1 7611.8 46.3
302.3 7609.5 45.8
576.4 7623.3 50.0
558.9 7625.1 49.7
537.1 7625.3 49.2
417.9 7625.0 48.6
361.3 7621.9 47.6
581.1 7632.1 50.5
566.4 7634.4 50.3
551.3 7629.9 49.7
416.1 7635.1 48.4
408.8 7629.2 48.6
579.4 7640.1 50.8
562.5 7644.2 50.6
552.3 7640.2 50.2
421.0 7641.8 48.2
407.0 7639.3 48.5
581.1 7650.8 51.0
559.3 7650.7 50.7
549.1 7650.1 50.6
541.3 7655.3 50.6
439.3 7653.4 48.7
419.9 7649.7 48.4
432.2 7664.9 48.9
448.2 7682.5 49.8
510.3 7692.9 51.0
497.1 7694.1 50.9
482.2 7691.2 50.6
510.1 7711.2 51.3
540.4 7739.6 52.1
1616.6 7306.2 50.2
1628.2 7315.2 50.6
1627.7 7324.6 51.1
1648.4 7339.3 51.8
1634.6 7336.3 51.8
1648.3 7368.7 53.3
1695.1 7399.1 53.3
1694.1 7406.4 53.6
1507.8 7254.2 48.6
1502.6 7253.4 48.6
1487.5 7252.5 48.6
1537.3 7260.1 48.7
1497.2 7264.1 48.6
1427.2 7262.3 48.7
1522.1 7273.8 48.9
1510.6 7274.1 48.9
1492.4 7284.5 49.6
1533.6 7294.0 49.9
1461.8 7302.3 50.7
1500.5 7314.4 51.2
1564.8 7356.9 53.2
1605.6 7363.7 53.4
1578.9 7364.2 53.6
1563.8 7368.6 53.9
1557.5 7366.4 53.8
1435.6 7367.4 54.5
1583.2 7377.1 54.3
1578.6 7378.3 54.3
1553.5 7374.1 54.2
1435.2 7374.7 54.9
1476.2 7386.0 55.3
1445.3 7388.4 55.6
1437.3 7384.0 55.4
1495.2 7392.6 55.5
682.8 7464.4 48.9
703.2 7475.5 49.3
684.2 7479.8 49.3
1630.9 7416.7 55.9
1629.7 7435.5 56.7
1615.2 7433.3 57.0
1646.2 7462.3 57.3
1637.4 7464.4 57.7
1627.4 7466.6 58.1
1620.4 7473.0 58.6
703.7 7485.9 49.6
623.7 7517.8 47.9
610.9 7518.3 47.6
552.7 7518.4 46.5
544.0 7512.9 46.3
602.4 7525.0 47.4
571.1 7524.1 46.9
562.2 7521.9 46.7
611.3 7533.5 47.8
603.5 7537.6 47.8
594.7 7536.0 47.6
620.3 7542.8 48.1
609.0 7544.0 48.0
600.1 7555.5 48.2
611.6 7564.2 48.6
602.1 7566.7 48.5
609.2 7572.1 48.8
592.8 7574.7 48.6
630.8 7582.2 49.4
589.3 7583.6 48.8
671.4 7598.4 50.9
634.5 7595.5 50.1
661.6 7608.5 51.5
629.0 7607.1 50.9
623.1 7607.2 50.8
610.0 7602.9 50.3
663.1 7615.8 52.1
648.6 7618.5 52.0
638.4 7613.7 51.6
654.3 7624.1 52.4
643.5 7623.9 52.3
633.6 7624.6 52.2
1653.8 7863.9 62.2
1645.7 7866.5 62.4
1664.3 7874.0 62.6
1613.0 7916.2 65.0
1654.7 7924.8 65.1
1633.3 7924.7 65.2
1628.2 7928.1 65.4
1662.5 7936.0 65.5
1641.7 7934.4 65.6
1634.0 7934.1 65.6
1626.5 7934.1 65.7
1614.6 7938.0 66.0
1657.5 7944.2 65.9
1647.7 7942.9 65.9
1614.8 7949.2 66.5
1617.4 7956.2 66.6
1574.6 7589.9 57.9
1561.1 7587.4 58.5
1601.1 7630.5 55.5
1602.4 7640.8 55.1
1590.8 7640.4 55.6
1601.4 7647.3 54.9
1590.2 7645.4 55.4
1663.9 7678.3 53.5
1652.9 7675.4 53.5
1626.3 7681.2 54.0
1674.8 7692.7 54.1
1655.8 7694.9 54.4
1646.4 7721.7 55.7
1643.8 7739.3 56.5
1599.4 7702.3 55.2
1572.8 7716.6 56.0
1571.0 7724.6 56.4
1557.7 7743.9 57.4
1448.0 7438.5 57.0
1516.1 7446.7 58.4
1448.1 7442.9 57.1
1436.7 7446.6 57.0
1511.4 7452.8 58.6
1488.9 7457.3 58.3
1440.9 7452.5 57.3
1526.4 7464.8 59.2
1518.8 7463.3 59.0
1441.2 7462.8 57.5
1526.2 7478.6 59.5
1506.4 7476.2 59.1
1521.7 7484.7 59.6
1507.6 7492.9 59.7
1470.6 7496.7 59.2
1480.4 7527.2 60.5
1528.7 7536.2 61.5
1500.1 7534.4 61.0
1490.3 7532.6 60.8
1537.0 7545.4 60.8
1525.4 7548.3 61.2
1519.3 7542.5 61.6
1508.2 7543.7 61.5
1496.4 7543.9 61.3
1499.5 7791.1 60.0
1474.1 7576.1 62.1
1559.4 7882.4 63.8
1538.2 7879.8 63.9
1527.1 7880.5 64.0
1581.5 7889.5 64.0
1522.2 7891.5 64.5
1520.8 7899.7 64.9
1455.0 7930.2 66.4
1465.3 7967.1 66.6
1456.9 7971.1 66.6
1446.5 8448.4 70.9
1476.6 8482.0 71.3
1471.9 8491.7 71.0
1487.0 8499.6 71.3
1479.7 8503.0 71.0
1564.0 8332.3 77.4
1511.2 8351.5 75.2
1918.1 8402.6 78.5
1901.1 8397.8 79.4
1932.3 8408.6 77.5
1892.7 8409.8 79.1
1932.6 8422.1 76.8
1912.2 8418.7 77.8
1980.3 8428.7 73.6
1941.2 8431.4 75.9
1933.1 8427.8 76.4
1923.4 8432.5 76.6
1911.7 8428.8 77.3
1982.1 8442.1 73.3
1920.6 8439.8 76.3
1908.7 8440.6 76.7
1713.4 8440.0 79.2
1980.8 8453.3 73.1
1968.5 8448.3 73.9
1939.6 8451.9 74.9
1929.6 8454.2 75.1
1921.5 8452.7 75.6
1958.2 8460.1 73.6
1953.4 8460.3 73.8
1937.8 8461.7 74.4
1824.0 8460.4 79.2
1650.4 8463.9 77.1
1642.6 8458.8 77.0
2013.3 8469.1 70.5
1960.2 8470.8 73.0
1929.7 8468.7 74.3
1922.0 8472.4 74.5
1823.5 8470.6 78.6
1643.8 8473.6 76.8
1631.6 8473.5 76.4
1998.8 8482.2 70.8
1938.9 8483.2 73.2
1928.8 8478.4 73.8
1922.4 8478.9 74.1
1803.3 8480.9 78.9
1992.4 8494.2 70.8
1931.4 8491.2 73.1
1919.5 8492.8 73.5
1808.1 8492.2 78.1
1790.8 8494.0 78.7
1990.2 8500.7 70.7
1937.9 8501.6 72.6
1933.4 8502.1 72.8
1923.9 8504.2 73.1
1892.9 8502.4 74.3
1870.7 8500.3 75.2
1830.3 8503.1 76.6
1822.3 8497.9 77.2
1972.5 8511.8 71.1
1938.8 8511.9 72.3
1929.1 8511.1 72.7
1910.1 8513.5 73.4
1890.2 8509.8 74.2
1882.0 8514.2 74.4
1869.7 8514.0 74.9
1840.3 8510.5 76.1
1828.1 8514.1 76.4
1819.8 8514.3 76.7
1812.2 8513.8 77.0
1800.5 8509.9 77.5
1632.9 8512.1 76.3
1970.3 8521.0 71.0
1939.5 8522.4 72.1
1900.7 8523.7 73.5
1892.1 8522.4 73.8
1870.9 8521.0 74.7
1839.9 8518.3 75.9
1808.1 8518.5 77.1
1793.2 8518.4 77.6
1950.1 8532.6 71.4
1929.5 8530.3 72.3
1902.8 8532.9 73.2
1871.5 8533.0 74.4
1818.3 8530.3 76.4
1811.7 8530.8 76.6
1661.9 8530.9 76.6
1951.9 8538.7 71.2
1943.8 8544.3 71.4
1930.4 8542.0 71.9
1922.9 8539.5 72.3
1912.1 8540.3 72.7
1898.8 8543.7 73.1
1892.7 8542.1 73.3
1880.5 8541.9 73.8
1858.0 8538.3 74.7
1941.5 8549.8 71.3
1932.3 8554.0 71.6
1887.7 8553.2 73.3
1869.4 8552.2 74.0
1843.1 8548.8 75.0
1738.7 8551.9 76.8
1723.6 8552.1 76.9
1928.7 8561.2 71.6
1923.0 8559.1 71.8
1903.8 8561.9 72.5
1891.8 8563.0 72.9
1881.5 8563.5 73.3
1839.0 8563.2 74.8
1742.6 8559.1 76.4
1728.3 8558.6 76.5
1881.8 8569.6 73.1
1863.8 8568.3 73.8
1854.2 8569.4 74.1
1831.1 8572.9 74.8
1763.5 8574.0 75.6
1743.6 8574.4 75.6
1720.4 8570.7 75.9
1873.3 8583.5 73.1
1863.8 8577.8 73.6
1830.2 8579.1 74.5
1799.9 8583.7 75.0
1732.0 8578.6 75.4
1893.1 8589.6 72.2
1882.2 8587.8 72.7
1871.3 8594.2 72.9
1839.6 8593.5 73.7
1827.7 8591.3 74.1
1820.6 8594.3 74.1
1738.6 8589.5 74.8
1730.7 8588.3 74.9
1894.1 8597.9 72.0
1862.2 8601.0 72.9
1851.8 8604.2 73.0
1832.2 8598.6 73.6
1818.2 8598.1 74.0
1797.8 8598.6 74.2
1748.4 8604.3 74.1
1743.1 8602.3 74.2
1861.2 8608.5 72.6
1841.9 8608.1 73.0
1808.4 8607.9 73.6
1077.1 8269.5 64.8
1078.1 8281.8 64.8
1073.0 8290.5 64.9
1094.0 8314.9 65.1
1087.6 8313.3 65.0
1078.9 8310.5 65.0
1064.3 8314.3 65.0
1107.2 8320.8 65.1
1083.6 8319.5 65.0
1077.9 8320.8 65.0
1068.6 8319.1 65.0
1059.4 8319.9 65.0
1107.3 8332.9 65.1
1087.8 8329.6 65.0
1054.2 8329.4 65.0
1073.9 8339.8 65.0
1097.8 8354.4 65.0
1098.2 8359.4 65.0
1136.1 8402.3 65.0
1128.0 8404.0 65.0
1116.4 8429.4 65.1
1107.8 8440.2 65.3
1097.1 8438.9 65.4
1093.2 8454.2 65.6
1112.9 8463.9 65.7
1126.0 8469.2 65.8
1118.5 8470.1 65.8
1105.0 8469.1 65.8
1415.8 8084.5 67.0
1408.1 8091.9 67.5
1433.5 8115.8 67.8
1359.8 7987.2 66.6
1551.6 8036.8 66.9
1595.1 8048.0 66.9
1561.5 8047.3 66.9
1546.4 8043.7 66.9
1532.1 8047.3 66.9
1556.4 8054.6 66.9
1546.1 8052.6 66.9
1574.9 8062.2 67.1
1565.8 8061.8 66.9
1547.6 8061.8 66.9
1534.4 8064.3 66.9
1592.3 7972.8 66.7
1631.5 7991.0 66.8
1611.7 7994.6 66.8
1602.0 7993.3 66.7
1590.1 7994.6 66.7
1669.2 8021.7 66.9
1629.4 8018.9 66.8
1634.6 8033.5 66.9
1634.2 8040.4 66.9
1305.0 7523.8 57.5
1304.4 7531.7 57.8
1327.2 7582.2 59.9
1715.6 7946.4 65.6
1704.1 7947.9 65.8
1703.1 7957.8 66.2
1712.4 7972.1 66.7
1694.2 7969.7 66.7
1705.0 7979.3 66.8
1732.9 7998.8 66.8
1670.2 8007.6 66.8
2031.0 7963.5 60.1
2023.0 7958.1 60.2
2061.1 7973.7 59.6
2043.9 7968.9 59.9
2073.6 7978.4 59.5
2060.5 7981.0 59.8
2109.2 7992.5 59.1
2101.9 7989.9 59.4
2093.3 7987.6 59.6
2078.6 7989.5 59.9
2064.0 7992.1 60.1
2051.5 7987.6 60.1
2044.0 7987.5 60.3
2088.3 8001.7 59.9
2058.0 7998.5 60.5
2038.5 8003.7 60.9
2018.1 8002.1 61.4
2104.5 8009.0 59.1
2090.0 8010.4 59.8
2078.1 8012.3 60.2
2072.9 8013.0 60.5
2089.7 8018.6 59.7
2069.9 8022.9 60.5
2023.7 8018.6 61.6
2144.2 8032.4 58.2
2133.6 8028.8 58.4
2124.0 8031.9 58.7
2079.5 8030.4 60.0
2010.5 8032.4 62.3
2001.5 8028.0 62.4
2173.4 8043.8 57.8
2113.3 8038.6 59.3
2180.5 8052.4 57.9
2139.6 8053.6 59.0
2133.6 8053.6 59.2
2103.8 8051.6 59.9
2078.2 8052.2 60.7
2070.5 8050.5 60.8
2059.4 8053.0 61.2
2030.5 8051.9 62.0
2022.1 8051.1 62.3
2002.6 8053.5 63.1
1214.3 7371.0 50.9
1143.1 7435.7 51.6
1134.5 7435.0 51.5
1214.8 7409.8 51.9
1164.9 7492.6 54.1
1151.2 7492.5 53.9
1145.8 7492.7 53.8
1163.7 7511.6 54.8
1153.2 7516.0 54.8
1217.5 7527.7 56.3
1166.2 7553.0 56.4
1168.0 7560.0 56.6
1179.0 7571.2 57.2
1170.0 7569.6 57.0
1176.8 7592.6 57.9
1167.4 7597.8 57.9
1088.3 7649.3 58.5
1084.7 7681.0 59.5
1083.2 7689.5 59.8
1063.0 7690.2 59.5
1056.6 7692.2 59.5
1104.6 7702.7 60.6
1088.9 7701.8 60.3
1086.5 7710.1 60.5
1076.2 7721.4 60.8
1084.5 7731.3 61.2
1079.2 7728.7 61.1
1187.6 7747.7 63.5
1226.0 7774.6 64.5
1225.0 7786.0 64.2
1249.2 7808.0 62.7
1205.8 7807.1 64.2
1311.5 7905.3 66.3
1567.3 7195.5 48.8
1583.2 7209.0 48.9
1568.0 7206.5 48.8
1568.7 7217.7 48.8
1560.6 7216.5 48.8
1602.3 7229.0 48.9
1572.2 7224.1 48.8
1559.1 7229.4 48.8
1551.2 7236.6 48.7
1633.0 7250.7 48.9
1546.5 7245.3 48.7
1637.9 7258.8 48.9
1628.1 7254.9 48.9
1636.9 7270.1 48.9
1627.9 7265.2 48.9
1618.7 7265.2 48.9
1658.2 7277.6 49.0
1621.1 7274.5 48.9
1643.0 7285.7 48.9
1459.4 7122.9 48.6
1517.5 7138.1 48.8
1529.6 7148.7 48.8
1521.0 7152.7 48.8
1506.5 7150.2 48.7
1460.7 7161.8 48.6
1534.9 7167.4 48.8
1500.3 7170.9 48.7
1535.7 7180.3 48.8
1528.5 7180.8 48.7
1517.4 7181.8 48.7
1509.7 7178.2 48.7
1458.2 7181.4 48.6
1557.4 7189.2 48.8
1540.2 7189.5 48.8
1530.9 7193.1 48.7
1500.3 7190.7 48.7
1479.9 7187.4 48.6
1468.9 7188.6 48.6
1528.0 7197.1 48.7
1508.3 7203.8 48.7
1448.8 7203.5 48.5
1438.1 7202.2 48.5
1529.4 7210.2 48.7
1515.5 7210.3 48.7
1507.9 7208.1 48.7
1467.3 7209.2 48.6
1459.8 7208.7 48.5
1540.1 7222.7 48.7
1526.6 7223.2 48.7
1509.9 7217.2 48.7
1485.9 7220.9 48.6
1465.3 7217.9 48.5
1460.7 7222.0 48.5
1447.1 7222.1 48.5
1436.3 7220.6 48.5
1419.6 7217.6 48.4
1529.9 7229.6 48.7
1505.5 7233.4 48.6
1486.3 7232.4 48.6
1456.8 7228.4 48.5
1418.6 7231.3 48.4
1484.4 7238.1 48.6
1476.4 7241.0 48.5
1456.9 7241.7 48.5
1447.5 7242.6 48.5
1396.2 7240.7 48.3
1373.0 7165.4 48.4
1372.8 7181.5 48.4
1332.5 7199.5 48.2
1324.4 7200.5 48.2
1354.9 7215.7 48.3
1337.0 7212.7 48.2
1291.3 7215.2 48.1
1381.8 7225.8 48.3
1372.1 7224.0 48.3
1362.7 7224.4 48.3
1357.1 7224.7 48.3
1342.1 7225.5 48.2
1327.1 7220.7 48.2
1301.5 7224.5 48.1
1382.2 7231.7 48.3
1362.0 7231.3 48.3
1343.3 7234.1 48.2
1315.8 7232.8 48.2
1301.6 7234.8 48.1
1296.1 7232.4 48.1
1286.9 7229.6 48.1
1345.0 7241.3 48.2
1324.6 7240.4 48.2
1336.1 7255.3 48.8
1322.9 7249.5 48.5
1302.1 7252.6 48.8
1276.5 7252.6 48.9
1342.3 7262.8 49.2
1301.4 7263.5 49.4
1292.2 7263.7 49.5
1283.6 7263.9 49.4
1305.8 7270.7 49.8
1295.3 7271.8 49.8
1208.0 7973.0 66.4
1291.6 7298.5 50.4
1290.2 7304.6 50.5
1240.4 7306.9 49.7
1149.7 7967.3 66.4
1141.6 7965.0 66.4
1117.9 7968.5 66.0
1150.0 7978.2 66.4
1142.4 7975.7 66.4
1152.2 7984.5 66.4
1101.2 7998.6 65.2
1120.5 8009.6 66.0
1108.1 8006.3 65.5
1131.9 8020.6 66.4
1142.2 8040.8 66.7
1188.5 8071.9 68.3
1242.2 8080.1 68.3
1262.3 8126.3 68.2
1068.5 7356.2 47.7
1398.7 8166.8 71.3
1243.6 8147.8 69.0
1233.7 8145.0 68.9
1228.4 8145.2 68.8
1225.8 8158.3 68.3
1216.5 8153.2 68.3
1193.4 8158.6 67.6
1262.9 8163.0 69.0
1198.1 8176.7 67.7
1198.5 8184.3 67.7
1216.5 8194.6 68.0
2060.6 6878.4 48.6
2065.4 6885.7 48.7
2067.6 6895.5 48.8
2057.9 6892.6 48.6
2038.2 6905.6 48.1
1937.6 6908.0 46.8
1940.0 6916.8 47.0
1880.5 6934.0 47.2
2009.2 6944.0 47.9
1889.1 6942.5 47.3
1880.4 6944.7 47.4
1845.3 6948.8 47.3
2007.1 6953.5 48.0
1894.4 6953.0 47.5
1888.4 6952.8 47.5
1858.8 6958.3 47.6
1815.9 6955.1 47.3
1809.3 6958.7 47.3
2035.9 6965.7 48.5
2016.1 6968.1 48.4
1904.5 6966.1 47.8
1814.7 6966.0 47.4
2020.1 6978.1 48.6
2010.1 6973.4 48.4
1895.9 6973.0 47.9
1887.8 6975.0 47.9
1837.1 6978.9 47.7
2007.0 6983.8 48.5
1959.3 6988.1 48.3
1910.1 6988.6 48.2
1888.9 6986.8 48.1
1827.6 6987.2 47.8
1979.0 6994.0 48.5
1970.2 6996.8 48.5
2015.3 7006.6 49.0
2007.5 7003.8 48.9
1986.1 7006.0 48.7
1979.2 7007.6 48.7
1967.6 7008.0 48.7
1958.2 7003.8 48.6
2004.9 7013.5 49.0
1978.9 7013.4 48.8
1945.2 7014.9 48.8
1934.4 7016.8 48.8
1985.6 7037.7 49.3
1986.7 7046.8 49.4
1948.8 7043.2 49.3
1915.2 7042.4 49.2
1986.0 7054.6 49.6
1979.2 7057.3 49.6
1968.2 7058.8 49.6
1946.1 7053.8 49.5
1937.4 7056.2 49.5
1895.2 7056.1 49.3
1984.6 7068.6 49.8
1980.4 7068.4 49.8
1940.5 7066.5 49.7
1900.5 7065.8 49.5
1978.0 7076.4 50.0
1957.9 7078.9 50.0
1927.0 7074.3 49.7
1899.2 7078.0 49.6
1967.3 7088.0 50.1
1914.9 7088.4 49.9
1908.2 7086.8 49.8
1937.0 7095.4 50.1
1928.7 7092.4 50.0
1927.6 7105.9 50.2
1950.4 7114.2 50.5
1939.9 7116.8 50.5
1810.4 7118.8 49.7
1958.6 7127.7 50.7
1930.1 7126.7 50.6
1828.9 7124.4 49.9
1798.9 7123.8 49.7
1970.2 7137.3 51.0
1936.9 7137.0 50.8
1845.5 7136.3 50.2
1789.9 7135.6 49.9
1936.3 7147.8 50.9
1788.4 7145.7 50.0
1765.7 7144.2 49.9
1760.0 7144.7 49.8
1976.2 7157.9 51.3
1944.6 7155.5 51.1
1869.2 7154.8 50.6
1765.7 7155.0 50.0
1758.7 7157.4 50.0
1977.4 7168.5 51.5
1938.7 7165.7 51.2
1868.7 7165.5 50.7
1840.2 7168.7 50.5
1779.1 7167.6 50.1
1768.7 7166.7 50.0
1757.0 7166.5 50.0
1735.9 7165.4 49.8
1945.9 7175.1 51.2
1929.5 7178.9 51.0
1918.2 7176.4 51.0
1896.8 7176.0 50.9
1884.4 7177.5 50.8
1878.8 7172.4 50.8
1709.1 7173.5 49.6
1945.1 7185.9 50.9
1934.4 7184.9 50.9
1916.1 7182.8 50.9
1740.2 7182.5 49.7
1724.1 7186.0 49.6
1707.0 7185.7 49.5
1965.6 7192.8 51.3
1939.0 7193.3 50.9
1926.4 7196.5 50.8
1905.1 7198.7 50.5
1830.0 7193.8 50.1
1807.3 7196.3 49.9
1800.1 7195.9 49.8
1686.7 7193.7 49.3
1889.7 7203.9 50.4
1840.6 7205.9 49.8
1804.3 7204.8 49.6
1666.8 7204.7 48.9
1967.2 7217.8 51.6
1919.0 7214.0 50.9
1897.8 7216.9 50.7
1884.1 7214.9 50.4
1834.3 7213.9 49.7
1829.8 7217.0 49.7
1816.9 7214.2 49.5
1796.1 7215.6 49.3
1864.1 7227.1 50.3
1855.6 7222.9 50.1
1844.8 7224.5 50.0
1815.7 7224.0 49.6
1810.1 7227.8 49.6
1799.3 7224.4 49.4
1778.6 7228.5 49.1
1876.3 7232.9 50.5
1870.3 7238.4 50.5
1839.1 7236.9 50.1
1816.9 7233.3 49.7
1806.9 7236.3 49.6
1790.4 7235.8 49.4
1677.1 7237.6 48.0
1870.2 7244.6 50.5
1860.4 7248.0 50.4
1815.3 7243.7 49.9
1804.2 7248.5 49.8
1800.3 7244.9 49.7
1789.8 7243.3 49.5
1675.1 7243.5 47.9
1898.8 7258.1 51.1
1837.1 7253.9 50.2
1807.0 7253.5 49.9
1887.0 7268.1 51.1
1834.2 7264.8 50.3
1829.0 7265.5 50.2
1814.8 7268.7 50.1
1847.9 7278.5 50.5
1838.9 7278.0 50.4
1824.4 7278.3 50.2
1808.1 7276.6 50.0
1787.2 7275.6 49.8
1840.4 7287.0 50.6
1829.5 7285.4 50.3
1810.3 7285.9 50.1
1788.5 7282.6 49.8
1806.7 7296.7 50.1
1730.2 7308.9 49.3
1735.7 7318.7 49.5
1748.6 7327.9 49.7
1297.9 8189.0 70.2
1315.4 8203.4 71.2
1244.5 8223.6 68.9
847.3 7446.5 48.9
832.7 7454.8 49.1
1567.6 8078.6 69.1
790.4 7515.0 50.7
799.6 7521.0 50.8
791.7 7526.4 51.0
819.2 7534.8 51.3
778.9 7533.2 51.1
808.6 7541.2 51.4
803.9 7542.6 51.5
768.7 7571.8 51.0
1937.0 7272.4 51.5
1932.8 7282.6 51.5
1914.9 7283.0 51.5
1905.3 7289.8 51.5
1931.0 7299.7 51.4
1922.4 7301.2 51.5
1913.9 7297.6 51.5
1916.8 7310.1 51.4
1906.0 7307.6 51.4
1923.8 7319.8 51.4
1882.2 7318.8 51.4
1874.9 7321.9 51.4
1867.0 7321.2 51.4
1875.6 7330.4 51.4
1862.7 7332.3 51.4
1824.8 7333.3 51.1
1925.6 7338.7 51.4
1912.7 7337.8 51.4
1902.7 7338.4 51.4
1863.0 7339.5 51.4
1851.0 7338.1 51.4
1842.7 7339.9 51.3
1835.1 7341.3 51.3
1826.5 7341.7 51.3
1814.7 7338.5 51.0
1802.3 7339.2 50.8
1791.0 7342.1 50.6
1901.0 7347.5 51.3
1874.7 7353.3 51.3
1864.8 7348.3 51.3
1853.2 7350.6 51.3
1823.5 7350.1 51.3
1784.4 7347.6 50.6
1904.4 7362.4 51.3
1882.1 7357.8 51.3
1866.6 7363.3 51.3
1851.4 7360.8 51.3
1907.2 7367.7 51.3
1881.6 7368.2 51.3
1873.2 7372.9 51.3
1855.6 7370.9 51.3
1773.4 7372.6 50.9
1866.6 7379.1 51.3
1851.2 7378.4 51.3
1836.3 7379.8 51.3
1822.5 7377.2 51.3
1891.9 7393.4 51.2
1875.6 7393.0 51.2
1864.6 7387.5 51.3
1835.4 7390.3 51.3
1791.4 7392.9 51.2
1895.7 7403.1 51.6
1886.1 7402.5 51.2
1877.1 7398.0 51.2
1863.6 7400.7 51.2
1897.2 7408.3 51.8
1886.9 7410.9 51.2
1872.9 7412.7 51.2
1867.0 7408.1 51.2
1923.4 7417.8 53.9
1882.3 7418.4 51.2
1865.5 7423.7 51.1
1881.5 7427.6 51.4
1863.3 7430.5 51.1
1832.1 7443.1 51.1
1846.2 7459.8 51.1
1974.4 7252.6 51.7
1962.7 7291.3 52.3
1989.7 7298.0 55.7
2009.8 7307.0 55.7
2028.4 7338.8 56.5
2023.9 7338.0 56.5
2008.6 7337.8 56.6
2004.6 7341.8 56.8
1950.6 7337.5 53.0
2030.2 7347.9 56.7
2024.0 7352.3 56.9
2013.6 7348.5 56.9
2003.9 7352.3 57.1
1991.4 7349.1 57.2
2041.3 7357.9 56.9
2022.1 7358.8 57.1
2002.5 7359.2 57.3
1990.6 7362.8 57.6
1984.4 7361.1 57.6
2048.9 7372.2 57.2
2038.7 7372.4 57.3
2020.9 7368.3 57.4
2003.0 7372.2 57.7
1941.0 7378.6 53.8
2009.3 7390.2 58.1
1939.1 7388.4 54.0
2012.8 7397.6 58.3
1982.7 7401.7 58.8
1974.6 7398.0 58.8
1961.9 7402.4 58.2
1949.2 7399.8 56.1
2009.7 7412.1 58.8
2004.0 7411.3 58.8
1992.0 7410.2 58.9
1954.4 7407.3 57.4
2009.2 7422.0 59.1
2004.4 7417.8 59.0
1990.0 7423.0 59.3
1984.1 7420.5 59.3
1959.8 7421.4 59.1
1950.8 7417.0 57.5
2020.9 7433.4 59.3
1993.5 7429.2 59.5
1978.1 7433.2 59.7
1973.1 7431.5 59.8
1950.9 7429.5 58.3
1988.9 7441.6 59.9
1950.5 7436.9 58.7
1928.2 7442.1 55.7
2051.2 7467.7 59.9
775.7 7643.3 52.9
775.0 7652.4 53.1
788.3 7655.3 53.3
829.3 7666.2 54.4
819.2 7661.2 54.1
835.0 7671.4 54.6
843.7 7680.3 54.8
827.0 7690.3 55.0
767.1 7733.8 55.4
898.2 7740.6 57.5
897.9 7762.8 58.0
803.7 7760.7 56.4
916.5 7773.7 58.8
907.3 7773.6 58.6
818.8 7773.3 56.6
918.8 7780.4 59.0
905.0 7781.2 58.7
889.6 7782.7 58.3
903.7 7793.3 59.0
894.4 7793.7 58.7
879.3 7825.3 58.5
1274.6 8352.7 67.9
1306.0 8360.1 68.5
1296.6 8358.6 68.4
1278.2 8358.1 67.9
1307.8 8368.1 68.5
1294.3 8369.9 68.2
1289.0 8368.6 68.1
1296.3 8382.9 68.1
1584.9 8497.5 75.9
1587.3 8513.2 76.2
1584.0 8529.2 76.4
1584.0 8541.4 76.5
1617.1 8564.1 76.0
1607.6 8558.8 76.3
1623.7 8573.8 75.9
1634.0 8580.3 75.7
1607.7 8582.1 75.8
1687.0 8593.8 75.1
1628.5 8599.2 75.2
1583.3 8602.2 74.5
1648.8 8607.6 74.8
1636.8 8610.5 74.8
1624.6 8607.7 74.9
1699.0 8632.4 73.9
1613.9 8640.0 73.3
1607.6 8638.6 73.3
301.6 7641.9 45.9
336.5 7651.6 46.9
352.4 7659.1 47.3
358.8 7669.1 47.6
350.4 7665.7 47.4
372.4 7677.4 48.0
416.8 7689.5 49.1
407.9 7686.7 48.9
398.2 7686.6 48.7
426.2 7697.6 49.4
480.2 7719.5 50.8
468.2 7717.4 50.3
456.3 7721.0 50.4
502.6 7738.4 51.9
486.0 7757.2 52.2
571.3 7769.1 52.2
596.1 7781.5 52.8
580.3 7778.4 52.3
594.2 7789.6 53.0
612.1 7799.5 53.8
604.1 7801.9 53.6
586.0 7800.5 53.0
640.6 7812.3 55.0
593.6 7808.0 53.5
581.0 7811.7 53.1
575.3 7811.7 52.9
660.8 7823.9 56.0
603.3 7821.0 54.0
584.0 7823.8 53.4
666.0 7830.9 56.2
616.2 7832.8 54.6
605.8 7829.2 54.2
585.6 7828.0 53.5
685.7 7841.0 56.6
675.0 7841.5 56.3
670.9 7850.6 56.2
572.2 7854.0 53.5
680.8 7863.7 56.7
580.5 7863.5 54.0
671.2 7868.2 56.6
580.7 7868.2 54.1
672.5 7877.8 56.6
752.5 7890.6 57.5
763.8 7902.2 57.7
756.2 7903.2 57.6
670.7 7902.8 56.6
653.6 7903.1 56.4
611.8 7914.2 55.9
755.3 7924.3 58.1
604.7 7917.8 55.9
604.0 7928.4 56.2
517.8 7885.1 52.7
445.8 8006.7 52.9
504.5 8018.4 54.7
453.0 8017.6 53.2
441.8 8014.5 52.8
496.6 8024.6 54.4
485.7 8023.1 54.1
445.6 8024.5 53.0
434.6 8027.8 52.6
501.9 8033.1 54.6
475.6 8033.3 53.8
522.1 8043.4 55.2
507.2 8044.5 54.7
473.2 8046.1 53.6
463.0 8045.3 53.2
444.9 8042.8 52.7
616.5 8054.8 58.0
515.4 8055.7 54.7
432.0 8058.4 52.0
428.0 8063.2 51.8
495.2 8184.0 51.6
507.2 8194.7 51.8
474.3 8192.6 50.8
465.6 8193.9 50.4
457.1 8197.8 50.3
433.4 8193.1 49.5
574.7 8013.2 56.7
623.7 8037.7 58.2
588.3 8056.8 57.1
1468.4 8575.5 69.9
1489.9 8651.7 71.2
1490.2 8655.2 71.3
1058.2 8503.2 66.1
1077.9 8511.6 66.1
1062.0 8516.2 66.2
1039.8 8515.6 66.6
1110.0 8522.1 66.3
1093.4 8525.7 66.2
1083.3 8526.4 66.2
1129.3 8531.4 66.9
1108.6 8531.4 66.6
1080.8 8534.5 66.3
1167.9 8546.7 67.9
1140.4 8546.1 67.5
1130.7 8546.6 67.4
1099.0 8543.3 66.9
1171.2 8555.9 68.2
1158.9 8553.3 68.0
1132.1 8551.3 67.6
1202.0 8560.6 68.3
1172.5 8561.0 68.3
1142.2 8564.5 68.1
1222.7 8572.4 68.7
1199.0 8576.0 68.7
1183.1 8574.0 68.6
1209.2 8585.1 69.0
1201.9 8584.3 69.0
1182.0 8582.3 68.9
1257.8 8591.5 68.6
1290.7 8602.6 68.8
1277.5 8600.8 68.8
1271.6 8603.2 69.0
1252.7 8606.3 69.4
1310.2 8613.8 69.3
1292.8 8614.1 69.4
1270.1 8613.6 69.5
1320.6 8624.6 69.9
1311.4 8621.2 69.7
1300.0 8620.6 69.8
1261.1 8621.9 70.0
1321.1 8635.3 70.5
1283.3 8635.8 70.8
1338.4 8645.5 71.1
1321.3 8646.5 71.2
1289.3 8645.1 71.3
1330.1 8655.7 71.8
1283.2 8651.6 71.7
1339.0 8663.7 72.3
1330.4 8666.2 72.5
1298.0 8664.9 72.5
1408.9 8674.2 72.5
1360.9 8673.9 72.8
1353.1 8671.5 72.8
1343.5 8670.3 72.7
1332.6 8673.1 72.9
1418.3 8681.7 72.8
1387.8 8686.4 73.2
1312.6 8681.6 73.5
1449.0 8695.9 72.2
1313.4 8695.5 74.2
1392.1 8703.7 73.9
1379.7 8700.2 73.8
1320.6 8705.6 74.5
1479.9 8712.5 72.6
1473.0 8712.4 72.6
1371.0 8712.1 74.4
1503.8 8724.7 73.0
1471.3 8721.3 73.2
1397.7 8721.2 74.2
1393.5 8721.9 74.3
1382.4 8723.9 74.7
1499.5 8733.5 73.4
1377.6 8735.9 75.1
1372.9 8732.4 75.2
1383.6 8741.5 75.2
1368.4 8754.1 76.1
1362.6 8751.7 76.0
1403.8 8765.5 76.2
950.2 8214.7 62.4
926.9 8262.3 62.2
918.3 8281.4 62.1
920.5 8293.8 62.2
905.0 8321.3 62.3
901.1 8323.8 62.3
927.6 8337.0 62.9
900.6 8337.3 62.5
946.3 8341.6 63.3
941.1 8342.1 63.2
931.2 8344.2 63.0
918.3 8343.1 62.8
888.4 8345.1 62.4
899.2 8352.0 62.6
887.8 8352.5 62.5
958.7 8364.6 63.7
950.3 8376.1 63.8
958.7 8387.1 64.2
1019.1 8397.6 65.2
1006.7 8396.7 65.0
999.3 8394.2 64.9
991.3 8391.1 64.8
975.0 8392.7 64.5
969.1 8404.8 64.7
949.9 8407.2 64.5
916.6 8415.3 64.2
970.1 8422.7 65.0
996.3 8452.2 65.4
969.7 8452.5 65.1
816.3 7937.8 60.6
795.3 7936.8 59.7
786.8 7939.0 59.5
778.7 7932.8 59.0
808.2 7947.2 60.6
790.0 7944.8 59.8
837.5 7953.6 62.0
826.3 7954.3 61.5
745.0 7959.0 58.8
685.9 7957.4 57.9
674.6 7954.4 57.7
849.6 7963.8 62.9
837.7 7963.4 62.4
745.3 7963.7 58.9
729.2 7965.8 58.7
860.7 7977.1 63.7
846.0 7975.6 63.1
769.4 7977.0 60.0
745.4 7978.7 59.2
728.4 7972.8 58.8
716.5 7974.8 58.8
695.3 7975.2 58.6
690.7 7975.3 58.5
874.7 7988.1 64.4
846.4 7983.4 63.3
787.3 7988.0 61.0
771.0 7983.8 60.3
736.7 7984.3 59.2
726.9 7986.3 59.2
637.2 7983.0 58.2
884.7 7997.1 64.7
855.1 7995.3 63.8
837.9 7994.7 63.2
824.6 7996.7 62.7
810.6 7994.9 62.1
799.1 7993.8 61.6
787.2 7996.0 61.2
776.5 7998.7 60.9
758.0 7994.1 60.0
709.5 7997.9 59.1
676.7 7996.9 58.8
670.8 7996.3 58.7
654.9 7992.8 58.5
855.4 8003.4 64.0
828.6 8007.5 63.1
785.1 8004.8 61.4
779.1 8005.2 61.1
757.2 8006.1 60.3
708.8 8006.3 59.2
684.5 8005.9 58.9
667.1 8004.6 58.7
894.6 8013.8 64.4
850.2 8017.2 63.5
828.0 8015.0 63.2
806.2 8015.8 62.4
797.4 8018.1 62.1
790.7 8013.3 61.8
764.6 8016.3 60.8
755.9 8013.6 60.4
710.4 8016.8 59.3
665.7 8012.8 58.8
897.8 8025.2 64.0
849.0 8023.6 63.3
841.0 8027.7 63.0
830.6 8027.0 62.9
817.7 8028.4 62.6
795.1 8028.4 62.2
788.7 8028.8 62.1
776.7 8026.1 61.5
766.4 8027.6 61.2
710.8 8026.2 59.5
677.9 8025.8 59.0
665.4 8029.0 58.9
908.3 8034.0 63.8
898.7 8034.5 63.6
855.1 8037.1 62.9
847.8 8034.4 62.9
757.6 8036.9 61.0
730.7 8036.6 60.0
720.4 8034.0 59.7
705.9 8036.0 59.5
687.5 8033.4 59.2
678.8 8034.2 59.1
844.6 8049.0 62.2
830.7 8048.4 62.0
810.9 8046.2 61.8
798.4 8047.1 61.6
755.6 8047.5 61.0
718.8 8049.0 59.9
655.0 8048.3 59.0
900.3 8058.3 62.6
890.1 8055.9 62.6
818.4 8054.8 61.6
809.2 8054.6 61.4
715.6 8052.8 59.9
700.4 8053.5 59.7
800.8 8067.8 61.2
790.5 8066.3 61.1
744.7 8066.8 60.5
730.8 8066.3 60.3
694.7 8065.0 59.7
937.1 8075.6 63.0
899.4 8075.7 62.6
749.4 8078.5 60.6
737.7 8077.3 60.4
729.5 8075.4 60.3
899.6 8084.7 62.6
884.6 8084.9 62.4
876.1 8089.1 62.4
795.6 8086.2 61.3
751.0 8083.1 60.6
975.8 8093.5 62.9
898.1 8093.3 62.7
879.3 8098.9 62.5
800.3 8092.7 61.4
986.8 8104.6 62.8
916.5 8107.5 62.6
899.3 8105.0 62.6
890.9 8103.6 62.5
916.8 8118.1 62.5
906.3 8115.2 62.5
889.2 8114.2 62.4
890.5 8128.4 62.3
878.8 8123.5 62.3
639.7 8190.4 57.2
617.7 8190.6 56.2
631.4 8196.4 56.8
621.9 8206.7 56.2
580.9 8206.8 54.3
660.1 8214.1 57.8
650.4 8220.6 57.2
575.7 8218.1 53.8
570.8 8219.3 53.6
557.0 8218.4 53.2
548.4 8214.2 53.0
540.5 8216.4 52.8
529.1 8217.7 52.5
505.8 8214.8 51.8
497.2 8218.1 51.6
437.8 8216.4 49.9
590.7 8224.7 54.4
547.9 8226.5 53.0
540.0 8225.8 52.8
516.2 8227.4 52.1
508.7 8227.2 51.9
499.2 8225.1 51.6
486.0 8229.5 51.3
465.7 8230.1 50.7
448.6 8225.6 50.2
436.2 8224.7 49.9
431.1 8226.2 49.8
418.2 8230.0 49.4
539.7 8239.3 52.8
518.2 8235.2 52.2
505.7 8240.4 51.9
491.6 8234.6 51.5
466.3 8238.3 50.8
452.0 8234.3 50.4
599.7 8244.2 54.6
516.9 8249.3 52.2
481.8 8244.1 51.2
467.8 8246.2 50.8
461.5 8249.7 50.7
459.9 8260.1 50.7
448.3 8259.7 50.3
499.0 8274.1 51.8
1088.6 7235.5 46.7
1078.0 7233.2 46.6
833.0 7341.9 46.9
839.9 7351.9 47.0
1356.6 7847.5 63.7
1317.4 7865.2 64.9
1363.9 7876.2 65.0
1357.9 7887.3 65.6
1342.4 7887.6 65.7
1334.6 7886.0 65.7
