-77.9 2137.9 54.5
-96.0 2133.1 55.1
-110.4 2128.1 55.6
-624.1 1609.9 98.9
-640.6 1602.7 100.8
-620.9 1574.3 103.3
-574.2 1571.7 100.9
-548.7 1554.4 101.6
-587.4 1502.0 107.8
-742.7 1463.4 118.2
-750.7 1709.3 107.7
-898.2 1633.6 115.5
4133.1 -4070.7 48.7
4124.3 -4060.3 49.0
4040.8 -4576.6 36.5
4026.4 -4584.6 36.4
970.8 -3902.3 36.5
1505.1 -2443.6 30.1
1434.7 -2481.2 32.0
1449.0 -2549.8 32.1
1452.6 -2532.2 31.8
1460.1 -2535.8 31.6
1468.5 -2576.2 31.8
1117.3 -3687.9 29.6
1144.7 -3628.4 30.4
1102.3 -3688.9 29.5
1151.6 -3683.8 29.7
1351.3 -3156.3 36.4
1677.5 -4948.4 44.3
-6778.1 -3284.3 35.8
-6757.1 -3880.0 32.7
5054.8 -3011.9 73.6
5027.2 -2994.5 72.7
4819.3 -3680.7 56.4
-3186.6 -2301.0 27.8
-3328.7 -2237.3 27.0
-3253.2 -2330.2 27.2
-3117.1 -2254.9 28.5
-2838.1 -2495.1 38.2
-2759.5 -2558.0 40.7
-3217.3 -2404.6 28.6
-924.1 -173.3 115.9
-6807.8 -1584.6 34.0
-6844.8 -1551.7 33.1
-6813.4 -1549.8 33.6
-6809.8 -1551.7 33.7
-6796.7 -1576.5 34.4
-6799.7 -1602.1 34.4
-6686.0 -1567.9 37.2
-6698.3 -1573.1 37.0
-6711.1 -1580.3 36.7
-6837.6 -1579.8 33.0
-6855.8 -1555.9 33.0
-6840.7 -1550.8 33.2
-6820.3 -1549.3 33.3
-6816.7 -1548.4 33.5
-6801.8 -1560.1 34.1
-6798.4 -1569.1 34.3
-6792.0 -1597.3 34.7
-6748.7 -1825.8 34.6
-708.9 1505.7 115.3
-4444.0 -7428.1 40.9
1431.8 3209.8 100.9
1438.6 3192.7 98.8
-6807.3 -4100.2 36.6
5042.0 -3003.7 73.2
1061.1 -3767.4 32.0
1167.8 -3596.3 30.9
1143.2 -3637.4 30.3
1110.3 -3683.7 29.6
1477.5 -2561.4 31.4
1436.1 -2446.6 31.7
1431.9 -2489.5 32.1
1464.3 -2475.0 31.4
-6795.9 -3264.4 36.2
-1896.2 8824.1 53.5
-1901.3 8823.5 53.7
2397.8 2131.4 48.9
2389.9 2186.0 52.1
2399.2 2049.7 50.0
2551.2 2078.7 52.7
2579.5 2095.8 52.6
2596.9 2437.7 59.1
-1861.1 -1239.9 78.6
-1581.8 -2506.2 44.9
-1587.8 -2597.7 41.2
-1574.3 -2611.3 40.5
-1598.1 -2581.5 42.0
-1951.5 -2553.6 53.0
-1952.3 -2537.5 52.9
-1934.8 -2532.4 52.1
-1261.4 -2586.8 39.2
-1124.2 -2566.3 46.4
-1055.0 -2651.2 46.5
-1105.0 -2299.1 48.0
3838.0 -4190.4 46.4
3869.2 -4502.2 40.7
3856.2 -4495.0 41.3
4053.5 -4569.5 36.6
3842.8 -4489.7 41.8
3785.8 -4474.2 43.5
4774.9 -3687.9 55.1
-6804.5 -1556.2 34.0
2324.8 -413.2 36.0
990.2 -3523.5 29.7
671.9 -4325.3 33.0
865.2 -4049.1 36.4
1697.9 -5090.2 39.5
1576.8 -4999.8 40.1
1371.3 -2548.9 34.2
-3211.0 -2293.7 27.5
-3140.9 -2240.0 28.4
-2045.1 -2318.7 51.5
-2726.0 -1572.6 39.6
-2577.8 -2700.6 43.8
-2560.7 -2703.8 44.1
-2208.1 -1815.7 38.1
4147.5 -4063.9 48.7
4141.9 -4055.8 48.9
-6069.2 -1740.7 45.8
-6084.7 -1703.6 46.2
1923.5 -1305.1 30.5
-6906.5 -1677.6 31.9
-6711.0 -3511.7 30.5
-6707.4 -3480.4 29.9
852.1 -4066.8 37.9
3396.4 2892.8 101.8
-2089.3 -1291.4 55.9
-1154.0 -2233.5 47.7
-6824.5 -4240.0 37.9
-6674.0 -1563.3 37.4
-6711.0 -1627.5 36.5
-6824.9 -1549.1 33.3
-6794.8 -1580.7 34.5
-6791.8 -1592.9 34.6
-4940.3 7775.0 52.8
-5288.3 -1628.3 33.3
1168.2 -1368.9 53.5
-6862.8 -4332.0 35.7
2438.9 -396.3 38.7
2456.1 -338.8 39.0
-1542.4 -2489.1 45.4
-1972.3 -2498.0 54.1
-1253.3 -2412.0 41.5
705.0 -4276.3 33.5
-6804.9 -3238.3 35.7
-6825.1 -3180.1 35.7
-6852.3 -3107.2 35.0
3841.6 -4495.9 41.7
-6786.0 -3982.1 34.6
-6779.1 -4000.1 34.9
-6802.1 -4071.2 36.2
-6871.2 -4339.4 35.6
-6825.5 -4197.8 37.4
-6817.6 -4157.7 37.0
-1414.6 -2979.3 38.6
1411.5 -2591.6 33.6
2343.9 -826.7 34.9
2549.1 -271.3 37.9
2679.8 -1489.3 48.3
-6715.9 -3451.0 30.6
-6747.0 -3368.3 33.3
-6741.4 -3749.7 30.1
-6723.3 -3660.1 29.2
-5291.8 -1631.5 33.3
-5299.0 -1658.7 32.6
3845.6 -4502.7 41.4
-6736.3 -3396.8 32.3
-6814.8 -3210.8 35.9
-6832.8 -3130.1 34.5
-6740.4 -3795.3 30.6
-6735.1 -3718.6 29.9
-6723.4 -3710.9 29.8
-6701.8 -3604.0 28.7
-6775.7 -3925.5 33.7
-6747.8 -3781.5 30.2
3454.5 -2970.8 39.7
3435.0 -3031.2 38.3
2428.7 2197.2 51.9
2402.8 2199.3 52.5
2413.7 2056.0 50.3
758.6 -4200.9 33.0
747.5 -4216.4 32.6
681.9 -4295.6 33.3
723.6 -4257.4 33.3
683.4 -4285.4 33.1
724.5 -4226.8 32.3
735.6 -4218.6 32.3
801.6 -4118.8 39.0
810.1 -4127.6 40.4
832.1 -4095.8 40.4
806.7 -4136.8 39.1
811.5 -4105.3 39.5
842.2 -4067.0 37.7
853.0 -4052.2 36.4
863.9 -4027.6 36.6
1013.5 -3840.6 33.4
1085.3 -3735.6 31.0
1151.0 -3640.7 30.4
1156.3 -3613.1 30.6
1143.7 -3678.4 29.8
1166.3 -3694.3 29.6
-1891.0 8824.6 53.3
2460.8 2088.4 50.0
3349.6 -2389.4 48.5
25.7 436.4 58.2
27.7 431.3 58.3
-1702.7 127.4 123.3
-1811.0 199.0 125.5
770.0 -780.4 65.3
-580.2 1374.7 117.4
-574.9 1372.1 117.4
2146.8 -4696.8 56.7
3842.8 -4498.1 41.6
3815.5 -4199.5 46.4
3804.7 -4207.1 46.4
-253.0 -1333.3 125.5
75.8 -828.7 79.6
85.7 -829.9 79.1
-1590.9 -2562.6 42.2
-1563.5 -2620.7 39.7
-1665.1 -2681.2 39.8
-1702.8 -2686.6 40.5
-1922.3 -2708.6 44.8
-1958.1 -2484.8 54.1
-1404.3 -2804.0 40.1
-1387.3 -2815.4 40.4
-1339.3 -2826.0 41.2
-1116.3 -2566.7 46.8
-1553.8 -3056.2 35.7
-1544.0 -2976.3 36.9
-1436.5 -3007.7 38.1
-1315.9 -2970.2 40.5
-1356.6 -2968.6 39.8
-1372.1 -2963.2 39.5
-1199.4 -2482.8 45.3
-1178.3 -2202.8 48.0
-1165.2 -2216.8 47.8
-725.7 1466.9 117.8
689.3 -4310.4 33.2
681.9 -4309.9 33.2
695.6 -4271.6 33.0
788.4 -4157.7 35.1
840.7 -4090.3 40.0
817.4 -4122.5 41.0
874.4 -4034.6 36.9
819.2 -4099.1 40.1
845.6 -4058.2 36.9
854.4 -4041.9 36.3
874.3 -4019.7 36.6
927.4 -3965.0 37.9
973.6 -3893.4 36.3
984.7 -3877.0 35.3
1106.5 -3703.5 29.3
1128.4 -3673.3 29.8
1139.0 -3657.0 30.1
1164.1 -3632.0 30.6
1161.0 -3626.5 30.6
1204.6 -3564.5 31.6
1176.7 -3590.6 31.0
1154.5 -3622.0 30.6
1135.1 -3642.1 30.2
1158.6 -3689.8 29.7
1731.0 -4985.2 44.1
1742.5 -5002.0 44.0
1704.5 -4987.0 43.8
511.2 -4498.0 30.8
3123.2 2212.1 55.7
-2082.3 -1723.5 41.6
-2262.9 -1655.6 42.5
-1294.9 906.5 69.2
-1276.6 927.3 69.7
625.8 -4388.8 32.0
621.8 -4407.9 31.8
614.4 -4413.7 31.7
-6842.9 -3131.6 35.2
-6834.4 -3155.9 35.5
-6822.9 -3158.3 34.9
-6785.1 -3294.5 36.2
-6787.6 -3259.0 35.6
-6774.7 -3322.4 35.7
-6757.8 -3340.2 34.5
-6716.0 -3676.4 29.5
-6763.0 -3858.4 32.0
-6758.4 -3835.2 31.3
-865.8 2283.9 117.8
1770.8 -5029.5 44.1
1755.8 -5014.0 44.1
1658.5 -4958.2 43.8
1595.8 -5050.3 39.9
1559.1 -5016.2 38.9
-1883.7 -1224.6 78.5
-2136.3 -1339.6 52.7
-1461.5 -117.1 128.7
-1509.6 -84.5 127.1
1348.3 1202.8 36.7
1362.2 1184.4 37.0
1483.5 -2127.2 34.9
1738.0 1375.8 44.2
2764.8 1454.5 49.5
2751.0 1456.1 49.7
2749.4 1447.1 49.9
-883.5 -96.1 112.6
-940.0 -168.2 115.8
-462.1 -1118.8 126.4
-512.1 -1029.9 125.9
-521.3 -1042.8 125.1
-514.6 -1057.7 125.4
-750.5 128.7 99.2
3441.1 -3014.4 38.7
3463.6 -2852.3 43.6
-2451.9 -1691.1 40.6
-2520.8 -1702.3 39.9
-2696.6 -1576.3 39.7
-3088.3 -2398.1 30.7
-2794.3 -2522.4 39.7
-2638.2 -2536.1 42.5
-2542.8 -2479.2 42.8
2906.8 2578.8 65.8
3066.2 2569.8 70.5
3055.6 2555.9 69.2
3040.8 2551.8 68.4
2588.0 2421.3 58.6
1149.3 -1428.7 57.7
866.0 -1180.2 73.3
885.1 -924.6 58.7
-116.1 2134.9 55.6
-108.4 2141.8 55.2
-861.9 2301.8 115.2
3863.4 -4494.5 41.1
-640.1 -412.5 95.8
2151.5 -223.5 38.6
2188.1 -255.4 38.6
-2109.7 -1713.1 40.7
1346.7 738.8 36.6
2196.4 340.2 34.5
2763.1 1242.5 44.8
-866.0 2633.8 82.8
2111.9 358.0 34.0
466.0 852.0 46.4
1742.8 1386.1 44.3
1731.3 1354.0 44.1
1176.4 -1366.1 53.2
-852.4 2299.3 114.7
-2038.7 8764.1 59.0
2306.9 -398.2 36.0
-553.7 1488.9 106.9
-6805.5 -4145.9 37.0
-6812.2 -4127.8 36.8
1500.8 -1367.8 43.9
1425.3 -2597.5 33.2
1391.8 -2421.8 33.7
-1473.9 -91.2 128.0
1690.5 670.7 36.3
887.0 505.3 44.7
934.4 506.4 43.3
1337.1 685.1 37.7
-1514.9 -2458.0 45.9
-1569.3 -2517.5 43.9
-1581.9 -2553.1 42.3
-1604.8 -2592.3 41.9
-1616.1 -2582.9 42.4
-1610.2 -2574.3 42.5
-1633.6 -2693.8 38.5
-1651.1 -2677.1 39.8
-1725.0 -2710.2 39.3
-2669.3 -2519.5 41.8
-1951.5 -2481.6 54.1
-1944.1 -2478.6 54.0
-1939.4 -2498.2 53.3
-1966.7 -2531.2 53.4
-1915.1 -2523.2 51.9
-1925.3 -2492.6 53.1
-1954.5 -2544.5 53.0
-2127.1 -2683.4 51.1
-2501.2 -2449.9 43.4
-4641.5 -3363.2 19.2
-239.1 1701.8 71.5
-105.1 2120.8 55.6
-960.2 2385.3 114.3
-6710.8 -3596.0 29.1
-6726.2 -3423.6 31.5
-6756.0 -3372.5 33.8
-6764.6 -3349.4 34.9
-2866.1 -2489.0 37.5
-2848.7 -2492.1 37.9
-2810.5 -2509.1 39.1
-2788.2 -2527.3 40.0
-2560.4 -2069.5 34.7
-1555.4 -2504.0 44.6
-1946.7 -2489.4 53.7
-1141.2 -2551.5 46.1
-1103.8 -2578.4 47.0
-1258.7 -2439.9 40.9
-1088.4 -2279.0 49.0
-1200.9 -2179.6 48.2
-1192.2 -2192.0 48.1
-1185.8 -2191.6 48.0
-1182.8 -2198.7 48.0
-1174.7 -2204.6 47.9
-1172.0 -2209.1 47.9
-1159.8 -2219.5 47.7
-1154.0 -2222.6 47.7
-3108.7 -2414.8 30.7
-3287.8 -2328.2 27.0
-3306.0 -2290.4 27.0
-3246.5 -2323.0 27.3
-3224.9 -2306.3 27.5
-6812.8 -3186.1 35.2
-4535.5 8664.5 45.9
1741.0 -2608.7 32.3
1752.0 -2605.1 32.4
-1562.0 -3119.0 36.0
-1558.3 -3100.8 35.9
-1544.4 -3009.5 36.6
-1546.3 -2993.7 36.7
-1304.7 -2969.1 40.7
-1335.7 -2966.4 40.2
-1348.0 -2964.8 39.9
3451.8 -2984.9 39.4
-826.2 2603.0 82.1
-441.1 2627.9 57.4
-1563.2 -24.6 124.8
-498.0 -1035.4 126.9
-510.5 -1017.8 126.1
-504.8 -1028.8 126.5
312.5 910.6 46.0
-2459.9 -1698.0 40.4
-2506.4 -1696.4 40.0
-2111.2 -1520.3 48.3
-2073.2 -1308.0 55.8
-2118.1 -1325.7 53.7
-2189.2 -1812.3 38.2
-2224.7 -1772.8 38.5
-2229.5 -1765.9 38.6
-2229.5 -1760.7 38.8
-2255.7 -1705.2 41.0
-2268.8 -1682.2 42.0
-2155.3 -1604.7 44.3
993.2 -3870.3 34.5
1039.5 -3797.7 33.1
1048.7 -3792.9 32.8
1051.5 -3782.4 32.5
1071.0 -3760.9 31.6
1095.0 -3719.8 30.6
1171.8 -3610.8 30.9
1178.8 -3581.2 31.1
1131.6 -3653.3 30.1
1120.3 -3668.5 29.8
1112.0 -3675.0 29.7
1217.9 -3547.6 31.9
1207.8 -3544.1 31.7
2847.8 836.5 46.9
1249.3 1009.2 36.0
2095.7 403.9 34.0
2101.0 382.4 34.1
2257.4 51.0 31.6
-1676.7 -2700.5 38.8
-1661.5 -2696.0 38.8
-1677.2 -2687.5 39.7
-1642.6 -2664.5 40.4
-2764.0 -2546.7 40.7
-2605.8 -2682.7 43.4
-2585.4 -2691.0 43.7
-1959.5 -2525.3 53.0
-1925.8 -2526.9 52.0
-1943.7 -2562.1 52.8
-1945.3 -2528.6 52.5
-2086.0 -2740.2 49.0
-1344.2 -2825.6 41.1
-1312.8 -2570.5 37.8
-1284.5 -2582.6 38.5
-1077.3 -2601.5 47.4
-1063.7 -2609.9 47.7
-1143.3 -2329.0 46.2
-1917.3 -2703.7 45.0
-1917.8 -2715.4 44.2
-6708.4 -3572.8 29.4
-6697.9 -3551.0 29.5
-6716.2 -3483.4 30.4
-6702.4 -3504.7 30.0
-6734.9 -3426.7 32.0
-6742.1 -3408.2 32.6
-6748.0 -3833.4 31.2
-6752.7 -3806.6 30.7
-6730.5 -3694.9 29.6
-1148.4 -2543.2 46.1
-1109.5 -2572.4 46.9
-1056.2 -2612.9 48.0
-1049.7 -2614.1 48.3
-1045.2 -2617.5 48.4
-1043.3 -2655.4 47.0
-1212.0 -2489.1 44.7
-1165.5 -2346.3 45.2
-1157.0 -2339.7 45.6
-1121.6 -2312.1 47.2
-1081.3 -2280.6 49.1
-1122.5 -2277.2 48.3
-1155.8 -2241.1 47.8
1402.5 2938.9 86.7
1290.3 851.1 34.0
-216.3 -1350.8 126.7
-6780.7 -3953.2 34.1
-6783.2 -4023.3 35.3
768.3 -4194.4 33.6
750.2 -4197.6 33.0
752.7 -4188.2 33.4
779.1 -4149.6 35.4
809.0 -4113.3 39.6
-1397.1 -2808.2 40.2
-1369.9 -2823.3 40.7
-1327.9 -2826.7 41.4
-1316.6 -2829.0 41.5
-1556.4 -3077.9 35.6
-1549.2 -3048.5 36.1
-1551.5 -3036.5 36.1
-1546.5 -3026.3 36.4
-1545.0 -2983.6 36.8
-1541.4 -2957.0 37.1
-1409.2 -2972.3 38.7
-1419.9 -2985.5 38.4
-1425.8 -2991.6 38.3
-1382.4 -2958.7 39.4
-1405.5 -2960.0 38.9
-6079.5 -1716.0 46.2
1088.4 1084.1 40.7
1151.1 854.9 36.2
1090.6 848.8 36.6
-5291.7 -1627.5 33.4
-5297.5 -1673.6 32.5
-6718.8 -1617.7 36.4
-6694.8 -1648.8 36.7
-6835.5 -1593.8 33.0
-6820.3 -1595.1 33.6
-6836.4 -1549.8 33.2
-6832.5 -1549.4 33.2
-6800.8 -1565.2 34.2
-6793.7 -1584.9 34.5
-6792.4 -1589.0 34.6
-1931.2 8820.5 54.7
-2140.2 8633.6 59.4
-2120.1 8608.1 58.6
-1910.4 8822.6 54.0
937.3 -3949.9 37.9
937.5 -3930.8 38.1
1004.1 -3855.6 33.5
1017.1 -3830.2 33.6
-2781.1 -1524.9 40.0
-2115.5 -1533.2 47.8
-2162.0 -1367.0 51.8
-2249.9 -1651.8 42.6
-2179.3 -1629.3 43.5
-2159.1 -1614.3 44.0
-2104.3 8568.1 56.0
-2418.2 -1676.6 41.0
-2474.3 -1705.0 40.3
-2491.4 -1707.7 40.1
-2555.0 -1716.8 39.5
-2530.4 -1708.8 39.8
-2153.4 -1673.6 42.6
-2119.2 -1712.8 40.8
-2168.4 -1795.8 38.1
-2185.0 -1817.9 38.6
-2222.7 -1781.9 38.4
-2235.3 -1747.8 39.5
-2242.3 -1733.6 40.2
-2246.7 -1723.5 40.5
-2250.3 -1716.7 40.7
3367.9 -4154.9 52.6
3843.9 -4499.6 41.6
3815.3 -4458.7 43.2
743.5 -4227.5 32.9
737.3 -4231.4 32.8
734.1 -4242.3 33.1
692.5 -4293.9 33.4
680.3 -4320.1 33.0
656.5 -4358.1 32.5
648.7 -4356.2 32.5
637.6 -4372.3 32.3
688.0 -4280.0 33.1
701.6 -4266.1 33.0
704.6 -4257.7 32.8
712.5 -4250.6 32.8
716.5 -4241.7 32.6
731.2 -4219.6 32.2
757.4 -4181.8 33.9
771.4 -4163.0 34.0
778.0 -4157.8 34.6
792.5 -4134.1 38.5
798.6 -4143.1 37.6
842.0 -4080.9 39.1
1359.0 -2531.9 34.4
1452.0 -2500.1 31.7
788.5 -4142.7 37.0
794.8 -4154.1 35.7
885.8 -4006.4 36.5
925.2 -3947.3 38.2
952.6 -3923.3 37.8
968.1 -3911.4 36.6
982.1 -3886.6 35.5
1499.5 -3974.3 36.9
4135.0 -4062.3 48.8
-6831.9 -1861.6 32.6
-6871.5 -4330.6 35.8
-6842.8 -4314.6 36.1
-6838.0 -4214.2 37.5
-6851.4 -4347.5 35.2
3876.7 -4509.0 40.2
3858.7 -4500.8 41.1
3844.8 -4501.2 41.5
3848.1 -4197.5 46.2
-1551.3 -3065.7 35.6
3070.9 2557.5 69.8
2402.6 2188.3 51.9
2444.2 2194.6 51.2
2439.8 2215.8 52.6
2389.0 2091.7 50.8
2387.4 2133.7 49.2
2450.0 2107.5 49.6
2607.3 2461.9 59.5
2573.1 2376.8 57.1
3149.6 2179.4 55.6
3127.4 2181.1 55.5
-6789.7 -4057.1 36.0
-6762.6 -3910.3 33.3
-6726.7 -1607.1 36.3
-6702.6 -1638.7 36.6
-6852.0 -1554.3 33.0
-6848.5 -1552.9 33.1
-6807.5 -1553.7 33.8
-976.4 2410.3 113.2
-6664.7 56.9 50.5
-1914.2 8822.2 54.1
-1918.8 8821.7 54.3
-1922.6 8821.4 54.4
-1940.9 8819.5 55.0
-1960.7 8831.9 55.5
2626.8 2146.4 52.3
2376.7 2162.4 51.0
2421.2 2108.3 49.9
2569.3 2088.3 52.7
-1211.5 999.7 70.5
6651.7 8557.3 66.3
-2097.8 -1306.4 55.1
-2139.5 -1706.3 41.2
-2170.6 -1627.0 43.6
-291.9 1063.5 75.3
-303.0 1068.9 77.5
-1379.1 1020.8 75.4
-1202.3 999.0 70.2
-1212.7 981.0 69.9
-759.3 2520.6 82.1
-565.6 2659.4 62.5
-776.7 2460.5 88.7
-916.7 2387.6 109.9
-858.0 2284.2 117.3
-548.1 802.4 52.9
-558.0 803.5 52.9
-508.4 795.2 52.9
-546.2 1370.1 116.4
-973.1 1315.1 118.7
-977.8 1304.0 118.3
21.8 432.0 58.4
887.8 496.4 44.6
-242.8 1735.5 70.4
469.7 795.8 48.3
1062.6 983.6 36.8
1073.9 928.2 36.5
1124.7 855.6 36.5
-1877.1 8826.1 52.9
-1689.3 -2678.0 40.7
-1961.3 -2492.6 54.0
-746.2 2418.2 91.1
-550.9 2638.9 61.9
-929.7 -222.2 116.4
-1873.2 -1230.3 78.8
701.9 -4289.0 33.4
862.6 -4037.3 36.6
-3297.6 -2311.6 27.0
-1056.6 -2644.9 46.7
-3098.9 -2411.0 30.8
-3223.1 -2413.1 28.7
-1494.0 -76.8 127.3
-1495.5 -93.5 127.5
-1489.1 -98.9 127.8
-1549.6 -35.5 125.3
-1558.3 -42.9 125.3
-1662.4 106.4 122.5
-1711.7 133.0 123.4
-1794.0 189.2 125.3
-1740.5 184.2 124.2
761.4 -787.5 65.4
-1951.7 -2518.1 53.0
-1926.6 -2483.8 53.4
-2110.7 -1317.1 54.3
-6729.0 -3739.0 30.0
-6724.5 -3455.7 31.0
-4531.9 8656.3 45.7
-4533.2 8665.8 46.0
-854.4 -87.8 112.4
-853.9 -95.6 112.7
-881.2 -88.2 112.2
-939.9 -157.2 115.1
-927.5 -165.7 115.5
-954.6 -144.5 114.5
-945.9 -165.0 115.8
1491.4 -737.5 36.4
2926.4 2194.5 53.4
3036.8 2564.9 69.2
3065.0 2550.7 69.1
2533.3 2063.8 52.7
1736.8 1380.4 44.1
1728.6 1386.7 43.8
1715.6 1367.5 43.6
1690.4 1349.4 42.9
2266.5 -500.4 34.2
2451.8 -357.4 39.1
1234.6 1008.9 36.4
1252.7 987.2 35.3
1250.4 1000.4 35.7
1241.8 1006.1 36.1
1230.1 1025.1 37.0
1317.5 1187.8 36.8
1349.8 1191.2 36.7
1338.8 784.1 35.3
1344.6 773.3 35.6
1370.1 687.0 37.9
1370.1 699.5 37.5
1682.5 693.5 36.2
1264.6 839.7 34.6
2786.5 133.2 47.7
2792.7 134.8 48.0
2553.9 -287.8 38.3
2881.9 846.7 48.3
2380.4 2142.8 49.9
2380.9 2155.7 50.6
2382.8 2167.0 51.2
2387.9 2160.2 50.7
2422.6 2204.9 52.5
2415.0 2184.5 51.5
2857.8 1143.2 41.6
1860.8 363.7 36.6
1923.1 315.8 35.0
1931.6 322.7 34.5
2139.0 369.6 34.5
2074.7 -176.6 36.9
2154.0 -231.4 38.6
2532.9 -265.1 38.2
2486.5 -367.9 39.7
2476.6 -352.5 39.4
2565.3 -290.4 38.0
2631.8 2477.9 59.4
2561.5 2356.5 56.8
1408.1 2939.6 85.9
1472.3 3217.4 97.2
1460.9 3223.5 98.9
3401.6 2895.2 101.8
3398.3 2905.2 103.6
-6901.2 -2199.7 32.3
-3078.5 -2392.0 30.6
-2778.4 -2539.8 40.5
-2657.3 -2528.4 42.2
-2561.3 -2049.4 34.5
-2220.6 -1788.6 38.4
-2217.3 -1822.4 38.1
5066.0 -3016.9 74.1
3406.4 -2376.0 48.6
2809.9 -1454.4 53.0
-6829.9 -3194.1 36.3
-6798.0 -3228.1 35.3
-6843.8 -3102.4 34.3
3128.8 2225.0 56.1
3415.8 2919.1 104.6
3392.7 2899.4 103.0
3404.1 2905.6 103.3
3403.2 2900.1 102.5
-3092.1 -2251.0 28.8
-3077.0 -2381.4 30.3
-3163.9 -2343.5 27.9
-3148.8 -2327.6 28.0
-3193.4 -2288.9 27.7
-3214.5 -2298.0 27.5
-2857.7 -2489.4 37.7
-2823.0 -2504.2 38.7
-3249.2 -2326.6 27.3
-3241.1 -2319.4 27.4
-3230.8 -2311.7 27.5
-1530.2 -2472.4 45.9
-1572.9 -2532.4 42.9
-1610.7 -2589.2 42.1
-1600.8 -2600.9 41.5
-1538.3 -2485.0 45.6
-1661.0 -2667.2 40.7
-2688.4 -2517.0 41.4
-1983.0 -2515.4 53.8
-1983.0 -2503.3 54.2
-1966.7 -2489.9 54.2
-1950.9 -2495.0 53.6
-1917.5 -2583.7 52.0
-1953.3 -2563.0 53.2
-1960.6 -2553.7 53.4
-1938.7 -2546.4 52.4
-1931.0 -2547.1 52.1
-2509.1 -2444.9 43.2
-2509.2 -2464.0 43.3
-2516.9 -2475.4 43.1
-2523.5 -2483.7 43.2
-1252.0 -2434.1 41.0
-1261.0 -2421.9 41.5
-1923.2 -2717.6 44.3
-6708.1 -3541.7 29.9
-6699.7 -3586.5 28.9
-6766.9 -3314.2 35.4
-6709.7 -3644.2 28.6
-6717.3 -3630.9 28.8
-6871.5 -4347.5 35.4
-6868.6 -4324.3 36.0
-6820.8 -4240.2 37.9
-6820.6 -4234.2 37.9
2821.4 -1454.4 53.2
-1410.0 -2799.4 40.0
-1379.7 -2819.2 40.5
-1360.4 -2823.3 40.8
-1549.7 -3019.9 36.3
-1547.6 -3003.0 36.6
-1405.2 -2967.0 38.9
-1431.4 -2999.4 38.1
-1323.2 -2967.8 40.4
-1557.9 -3089.4 35.7
-1106.8 -2615.2 45.3
-1126.1 -2559.1 46.6
-1095.8 -2587.9 47.0
-1087.2 -2626.9 45.9
-1129.2 -2318.0 46.8
-1109.5 -2278.1 48.6
-1154.5 -2250.1 47.8
-1158.0 -2260.5 47.9
-1156.7 -2266.4 47.9
-1166.1 -2280.3 47.6
-2436.9 -1682.5 40.8
-2669.4 -1502.9 40.9
-2192.8 -1808.0 38.1
-2198.7 -1810.5 38.1
-2239.1 -1742.9 39.8
5081.8 -3025.1 74.7
-1196.8 -2554.9 43.2
-1068.6 -2605.0 47.7
1170.2 -1377.9 54.0
842.5 -1155.1 74.0
-1114.7 -2306.7 47.5
769.9 -4185.1 34.1
896.1 -4003.2 36.6
895.7 -3990.7 36.1
898.2 -3982.4 36.0
907.1 -3976.0 36.7
905.9 -3995.0 36.6
914.7 -3963.8 37.7
918.9 -3970.9 37.3
948.7 -3934.9 37.8
958.5 -3918.5 37.4
963.8 -3908.6 37.1
959.1 -3899.5 37.7
995.5 -3861.4 34.3
1006.6 -3846.4 33.4
1025.1 -3824.3 33.6
1029.3 -3815.1 33.7
1039.7 -3804.7 33.3
1059.9 -3777.0 32.2
1074.0 -3750.4 31.4
1496.0 -3994.8 37.0
1482.0 -3980.2 36.4
1424.3 -3876.1 34.2
755.9 -4211.3 32.7
716.2 -4260.9 33.2
615.3 -4405.1 31.8
725.2 -4235.4 32.6
820.8 -4112.4 40.9
830.2 -4105.0 41.3
821.2 -4091.0 39.8
2562.5 2076.0 53.1
2614.7 2449.2 59.2
2600.4 2452.7 59.4
2577.1 2393.0 57.7
2574.6 2384.5 57.4
2392.1 2173.0 51.3
2409.9 2180.5 51.4
2449.3 2213.8 52.2
2437.0 2203.1 52.0
2380.6 2040.8 49.7
1480.7 -2144.5 35.0
1488.5 -2140.1 34.5
1433.1 -2590.2 32.9
1447.9 -2557.0 32.2
1240.5 -2643.4 38.3
1460.9 -2519.8 31.5
1487.0 -2452.9 30.6
1547.9 -2426.6 30.3
1476.1 -2452.1 30.8
1182.2 -3595.8 31.1
1193.0 -3580.2 31.3
1187.1 -3573.8 31.3
1164.9 -3606.4 30.8
1123.8 -3658.9 29.9
1100.0 -3699.7 29.4
1137.7 -3674.0 29.8
1171.2 -3698.7 29.6
1215.2 -3560.9 31.8
1198.0 -3560.5 31.5
-6930.5 -1510.9 33.8
-6852.7 -1567.2 32.9
-6829.2 -1549.0 33.2
-6797.4 -1572.6 34.3
-6131.9 -1619.8 45.8
3795.3 -4473.2 43.4
3825.8 -4192.2 46.5
3860.2 -4489.9 41.3
-1210.7 -2171.9 48.3
-1168.4 -2213.2 47.8
1691.2 -2625.5 31.0
-6796.8 -4041.5 35.7
-6792.3 -4006.2 35.1
-6772.7 -3964.6 34.3
-6767.9 -3939.2 33.8
-6751.7 -3851.5 31.6
-6735.1 -3769.5 30.2
-647.6 -409.1 96.4
-630.4 -418.2 95.2
-645.4 -443.6 98.5
850.7 -1146.5 73.2
2401.6 -347.5 38.1
2459.5 -348.9 39.1
1497.5 -2458.0 30.4
-6888.5 -2100.5 32.7
-6639.4 -1667.6 37.5
2590.1 2426.9 58.8
2443.6 2209.1 52.1
-1959.9 8825.5 55.6
-6074.3 -1728.4 46.0
-584.8 2677.8 63.2
-790.0 2569.2 81.1
3024.9 2516.4 65.1
3017.8 2519.9 65.2
5027.7 -3774.2 75.3
-2529.3 -2487.3 43.2
2841.1 1139.7 42.2
2882.8 1148.5 40.7
1867.7 367.4 36.3
2621.5 2470.2 59.4
-88.9 2141.4 54.7
-846.9 2290.6 115.4
-839.9 2303.8 113.1
-972.6 2375.5 116.5
-1905.9 8823.0 53.8
-1958.8 8818.3 55.6
-1899.5 8758.7 55.1
-1955.5 8818.1 55.5
-2036.3 8697.0 59.8
-1950.8 8723.1 57.2
-1930.4 8696.2 57.6
-2111.9 8594.8 58.0
-2121.0 8562.9 55.9
-2000.3 8556.5 56.7
-4938.1 7784.4 52.9
-4948.8 7784.4 53.5
-764.2 1574.4 113.8
-616.2 1530.7 108.1
-469.9 1678.1 83.8
-4537.0 8663.2 45.8
-4538.9 8662.0 45.8
-4529.3 8658.1 45.8
-4533.7 8655.2 45.7
-4535.5 8654.1 45.6
2696.7 -884.6 47.1
2703.8 -894.4 47.3
2720.8 -881.0 47.3
-374.0 713.4 50.3
-384.0 702.3 51.2
-394.0 691.1 52.0
-409.4 674.0 53.2
1798.5 -756.1 32.0
1806.0 -769.1 31.7
1813.4 -782.2 31.4
1820.9 -795.2 31.0
1832.0 -794.1 30.9
1844.7 -786.2 31.0
1847.4 -775.3 31.0
1841.1 -761.6 31.1
1834.9 -748.0 31.4
1828.6 -734.3 31.5
2041.3 422.3 33.7
2053.1 431.5 33.9
2065.0 440.6 34.2
2086.3 457.0 35.1
-5225.7 8320.5 41.9
-5212.6 8313.2 42.0
-5199.5 8305.8 42.3
-5186.5 8298.5 42.7
-5173.4 8291.1 43.0
-5153.4 8279.9 43.7
4028.3 -365.6 44.7
4042.1 -360.0 44.7
4056.0 -354.3 44.7
4069.9 -348.6 44.7
4083.8 -342.9 44.8
4101.1 -335.9 44.8
5350.0 3493.6 66.8
5347.9 3508.5 66.9
5345.8 3523.3 67.0
5343.7 3538.2 67.1
5341.5 3553.0 67.3
5339.4 3567.9 67.3
5337.3 3582.7 67.3
5335.2 3597.6 67.2
5333.1 3612.4 67.2
5331.0 3627.3 67.1
5328.9 3642.1 67.1
5326.8 3657.0 67.0
5324.7 3671.9 66.8
5322.6 3686.7 66.1
5319.3 3709.9 65.4
5602.9 4404.9 58.8
5640.8 4406.4 59.2
4499.1 5448.2 72.9
4514.1 5448.2 72.1
4529.1 5448.2 71.4
4544.1 5448.0 70.7
4559.1 5447.6 70.0
4574.1 5447.2 69.3
4589.1 5446.8 68.5
4614.9 5446.2 67.2
249.0 120.8 61.2
263.9 121.7 60.6
278.9 122.1 59.9
293.9 121.2 59.3
308.8 120.3 58.6
323.7 118.1 57.9
338.5 115.9 57.3
353.4 113.7 56.6
368.1 110.9 55.9
382.8 107.8 55.2
397.4 104.4 54.5
420.6 98.5 53.4
767.6 735.3 39.0
782.3 738.1 39.1
797.1 740.9 39.1
811.8 743.7 39.2
826.5 746.5 39.2
851.3 751.2 39.2
922.4 538.5 44.0
921.5 553.5 43.6
923.2 568.4 42.9
924.9 583.3 42.1
926.6 598.2 41.3
928.3 613.1 40.5
930.0 628.0 40.7
930.6 643.0 40.7
931.2 658.0 40.7
931.8 672.9 40.7
932.4 687.9 40.6
933.0 702.9 40.3
933.6 717.9 40.1
934.3 732.9 40.0
934.4 747.9 40.1
934.3 762.9 39.7
934.3 777.9 39.4
929.8 791.6 39.0
922.8 804.8 38.7
916.2 823.8 38.3
943.2 789.5 39.0
953.3 778.4 39.2
965.5 769.7 39.5
977.7 760.9 39.9
989.9 752.2 40.3
1002.0 743.5 40.6
1014.2 734.7 40.6
1027.7 725.1 40.4
815.8 378.2 44.9
812.7 406.8 45.5
816.4 419.2 45.6
835.7 445.1 45.4
844.3 461.6 45.4
1667.5 181.1 47.6
1682.4 179.9 47.3
1708.4 177.8 46.9
1565.7 300.9 44.1
1580.7 301.4 44.5
1595.7 301.5 44.9
1610.6 299.9 45.4
1625.5 298.3 45.8
1641.7 296.6 46.3
1629.0 314.8 46.0
1644.7 313.5 46.5
1673.0 280.3 46.9
1722.8 190.1 46.5
1726.6 175.6 46.6
1730.3 161.0 46.4
1733.9 146.5 46.2
1736.4 131.7 46.2
1739.9 110.5 46.7
-6663.6 -200.9 50.1
-6664.6 -195.1 50.1
-6667.7 -187.8 50.3
-6670.7 -181.4 50.6
-6672.7 -176.2 50.8
6913.6 7710.8 46.6
6908.2 7724.8 45.8
6902.8 7738.8 45.3
6897.4 7752.8 44.8
6892.0 7766.8 44.3
6886.6 7780.8 43.9
6881.2 7794.8 43.7
6875.8 7808.8 43.5
6870.4 7822.8 43.3
6865.0 7836.8 43.1
6859.6 7850.8 43.1
6854.3 7864.8 43.3
6848.9 7878.8 43.5
6843.5 7892.8 43.7
6838.1 7906.8 44.6
6832.7 7920.8 45.8
6827.3 7934.8 47.1
6821.9 7948.8 48.3
6816.5 7962.8 49.5
6811.1 7976.8 50.8
6805.7 7990.8 52.0
6797.9 8011.2 53.9
6937.4 7727.1 46.3
6932.1 7741.1 45.7
6926.8 7755.2 45.1
6921.4 7769.2 44.5
6916.1 7783.2 44.2
6910.8 7797.2 43.8
6905.5 7811.3 43.5
6900.2 7825.3 43.2
6894.9 7839.3 43.0
6889.5 7853.3 43.0
6884.2 7867.4 43.2
6878.9 7881.4 43.4
6873.6 7895.4 43.7
6868.3 7909.4 44.5
6862.9 7923.5 45.8
6857.6 7937.5 47.1
6852.3 7951.5 48.4
6847.0 7965.6 49.7
6841.7 7979.6 51.0
6836.3 7993.6 52.1
6829.7 8011.2 53.4
6815.5 8043.6 55.8
6810.2 8057.6 56.8
6804.9 8071.7 57.9
6799.6 8085.7 58.9
6794.3 8099.7 59.9
6788.9 8113.7 61.0
6783.6 8127.8 62.0
6778.3 8141.8 63.0
6773.0 8155.8 63.9
6767.7 8169.8 64.6
6760.9 8187.8 65.5
6778.3 8059.8 57.6
6772.9 8073.7 58.6
6767.4 8087.7 59.6
6761.9 8101.6 60.6
6756.4 8115.6 61.6
6750.9 8129.6 62.5
6745.5 8143.5 63.5
6740.0 8157.5 64.1
6734.5 8171.5 64.7
6724.1 8198.0 65.9
6767.1 8085.3 59.4
6752.1 8085.1 59.4
6737.1 8085.0 59.3
6722.1 8084.9 59.3
6707.1 8084.7 59.2
6692.1 8084.6 59.2
6677.1 8084.5 59.2
6654.1 8084.3 59.1
6878.0 8262.7 63.4
6871.5 8276.2 63.7
6865.0 8289.7 63.9
6858.4 8303.2 64.1
6851.9 8316.7 64.3
6845.4 8330.2 64.5
6838.8 8343.7 64.7
6830.9 8360.2 64.9
6746.9 8661.7 60.5
6753.5 8675.2 60.4
6760.2 8688.6 60.4
6766.8 8702.1 59.9
6773.5 8715.5 59.4
6780.1 8729.0 58.9
6786.7 8742.4 58.4
6793.4 8755.9 57.9
6800.0 8769.3 57.4
6806.7 8782.8 56.9
6813.3 8796.2 56.4
6820.0 8809.7 56.0
6833.2 8836.5 55.1
6801.7 7950.5 48.8
6786.8 7949.0 48.9
6771.8 7947.5 48.9
6761.0 7951.0 49.3
6759.3 7965.9 50.4
6757.6 7980.8 51.5
6755.9 7995.7 52.7
6754.2 8010.6 54.0
6752.4 8026.5 55.2
6459.8 8621.0 61.5
6471.5 8630.3 61.9
6483.3 8639.6 62.2
6499.3 8652.1 62.4
6769.3 8400.3 66.9
6762.4 8413.7 66.9
6755.5 8427.0 67.0
6747.9 8441.8 67.2
6511.0 8424.6 66.3
6522.1 8434.1 66.6
6535.9 8446.0 66.9
6566.2 8472.0 67.7
6587.4 8378.7 67.7
6573.8 8365.1 67.3
6737.2 8249.5 68.3
6767.8 8261.7 67.9
6792.8 8215.8 66.3
6807.3 8221.2 66.3
6797.4 8246.0 66.7
6786.7 8241.5 67.2
6639.4 8501.2 68.6
6665.5 8511.6 67.8
6700.8 8760.3 57.9
6694.0 8773.7 57.4
6697.1 8784.6 56.7
6709.5 8793.0 56.2
6721.9 8801.4 55.7
6734.4 8809.7 55.2
6748.9 8813.8 55.0
6763.3 8817.9 55.0
6777.7 8822.0 55.1
6799.6 8828.2 55.1
6533.6 8785.2 58.7
6560.0 8803.3 57.5
5519.5 8613.0 45.0
5533.7 8635.5 44.2
5504.4 8769.3 42.1
5512.0 8756.4 42.2
5519.6 8743.4 42.3
5527.2 8730.5 42.4
5534.8 8717.6 42.4
5543.6 8702.6 42.4
5471.1 8377.4 51.6
5468.1 8392.1 51.3
5465.1 8406.8 51.0
5463.7 8421.7 50.8
5462.9 8436.7 50.5
5463.7 8451.7 50.3
5464.8 8466.6 50.0
5466.1 8481.6 49.6
5467.3 8496.5 49.2
5468.5 8511.5 48.9
5469.7 8526.4 48.4
5471.0 8541.4 47.8
5472.2 8556.3 47.3
5473.4 8571.3 46.8
5474.7 8586.2 46.2
5475.9 8601.2 45.7
5477.1 8616.1 45.2
5478.4 8631.1 44.8
5479.6 8646.0 44.4
5480.8 8661.0 44.0
5482.1 8675.9 43.6
5483.3 8690.9 43.3
5484.5 8705.8 43.0
5485.7 8720.8 42.8
5487.0 8735.7 42.5
5488.2 8750.7 42.3
5489.4 8765.6 42.2
5490.7 8780.6 42.0
5491.9 8795.5 41.9
5493.1 8810.5 41.9
5494.4 8825.4 42.0
5495.6 8840.4 42.1
5496.8 8855.3 42.1
5498.0 8870.3 42.2
5499.3 8885.2 42.7
5500.5 8900.2 43.1
5501.7 8915.1 43.6
5503.0 8930.1 44.0
5504.2 8945.0 44.2
5505.4 8960.0 44.7
5506.7 8974.9 45.2
5507.9 8989.9 45.8
5509.1 9004.8 46.3
5510.4 9019.8 46.7
5512.0 9039.3 47.2
5203.5 8196.6 44.7
5207.8 8211.0 44.4
5212.2 8225.3 44.2
5216.5 8239.7 43.9
5230.5 8244.5 44.1
5244.8 8248.9 44.2
5259.3 8252.8 44.7
5274.2 8253.9 45.4
5289.0 8256.1 46.0
5303.6 8259.8 46.5
5318.1 8263.4 47.1
5332.6 8267.3 47.6
5346.8 8272.0 48.1
5361.1 8276.8 48.7
5377.9 8282.5 49.3
5502.0 8259.2 53.4
5495.9 8245.5 53.4
5501.5 8235.7 53.5
5514.5 8228.2 53.6
5536.3 8215.8 53.4
5999.6 8745.8 48.9
6013.9 8750.0 49.1
6028.3 8754.3 49.4
6042.7 8758.6 49.6
6063.5 8764.7 50.0
5980.1 8751.9 48.6
5994.4 8756.3 48.9
6008.7 8760.7 49.1
6023.1 8765.1 49.3
6037.4 8769.4 49.6
6051.8 8773.8 49.9
6077.7 8781.8 50.4
5975.5 8763.2 48.6
5989.8 8767.8 48.9
6004.1 8772.3 49.2
6018.4 8776.8 49.4
6032.7 8781.3 49.7
6047.0 8785.8 49.9
6061.8 8790.5 50.2
5989.0 8842.5 49.8
5998.5 8830.9 49.7
6008.0 8819.3 49.8
6026.0 8797.3 49.8
5976.8 8836.2 49.5
5986.4 8824.6 49.5
5995.9 8813.0 49.5
6013.9 8791.1 49.5
5956.0 8827.9 49.1
5965.5 8816.3 49.1
5975.1 8804.7 49.1
5993.1 8782.8 49.1
5934.4 8830.1 48.7
5944.0 8818.6 48.8
5953.5 8807.0 48.8
5971.5 8785.0 48.8
-5003.7 2283.2 95.7
-5005.2 2298.1 95.2
-5006.8 2313.0 94.6
-5008.3 2328.0 94.0
-5009.8 2342.9 93.5
-5011.4 2357.8 93.1
-5012.9 2372.7 92.7
-5014.4 2387.6 92.3
-5016.0 2402.6 91.9
-5017.5 2417.5 91.6
-5019.0 2432.4 91.2
-5020.6 2447.3 90.9
-5023.2 2472.5 90.3
-5156.1 6892.8 46.5
-5161.1 6906.9 47.0
-5166.1 6921.1 47.4
-5171.1 6935.2 47.9
-5176.1 6949.4 48.4
-5181.1 6963.5 49.0
-5186.1 6977.7 49.7
-5191.1 6991.8 50.3
-5200.4 7018.2 51.4
-5164.3 6881.6 46.8
-5169.3 6895.8 47.2
-5174.2 6909.9 47.6
-5179.1 6924.1 48.1
-5184.0 6938.3 48.5
-5188.9 6952.5 49.0
-5193.9 6966.6 49.5
-5198.9 6980.8 50.0
-5203.9 6994.9 50.6
-5208.9 7009.0 51.1
-5213.9 7023.2 51.6
-5219.0 7037.3 52.2
-5224.0 7051.4 52.9
-5229.0 7065.6 53.3
-5234.1 7079.7 53.7
-5239.1 7093.8 54.1
-5244.1 7107.9 54.5
-5249.2 7122.1 54.8
-5254.2 7136.2 55.1
-5261.5 7156.6 55.6
-5404.7 7560.8 48.0
-5409.7 7575.0 47.5
-5414.7 7589.2 46.9
-5419.6 7603.3 46.4
-5424.6 7617.5 45.9
-5429.5 7631.6 45.5
-5438.3 7656.8 44.7
-5134.9 6856.1 44.9
-5108.5 6848.3 43.5
-5086.9 6843.5 42.2
-4934.2 6264.4 59.9
-4939.2 6278.5 58.8
-4944.1 6292.7 57.7
-4949.1 6306.8 56.6
-4954.1 6321.0 55.4
-4959.1 6335.1 54.6
-4964.1 6349.3 53.7
-4969.1 6363.4 52.9
-4974.0 6377.6 52.0
-4979.0 6391.7 51.2
-4984.0 6405.9 50.4
-4989.0 6420.0 49.7
-4994.0 6434.2 49.1
-4999.0 6448.3 48.4
-5003.9 6462.5 47.7
-5008.9 6476.6 47.3
-5013.9 6490.8 46.9
-5018.9 6504.9 46.5
-5023.9 6519.1 46.1
-5028.8 6533.2 45.7
-5036.3 6554.6 45.5
-5040.8 6526.8 46.2
-5035.8 6512.6 46.4
-5030.8 6498.5 46.8
-5025.9 6484.3 47.2
-5020.9 6470.2 47.6
-5015.9 6456.0 48.2
-5011.0 6441.8 48.9
-5006.0 6427.7 49.6
-5001.0 6413.5 50.2
-4996.0 6399.4 50.9
-4991.1 6385.2 51.6
-4986.1 6371.1 52.3
-4981.1 6357.0 53.4
-4976.1 6342.8 54.5
-4971.1 6328.7 56.0
-4966.0 6314.5 57.6
-4961.0 6300.4 58.8
-4956.0 6286.2 60.0
-4947.6 6262.3 62.1
-4993.9 8736.5 40.5
-4985.6 8748.9 40.7
-4977.2 8761.4 41.1
-4968.8 8773.8 41.5
-4960.5 8786.3 41.9
-4952.1 8798.7 42.3
-4943.7 8811.2 42.7
-4935.4 8823.6 43.1
-4927.0 8836.1 43.3
-4918.6 8848.5 42.9
-4910.3 8861.0 42.4
-4901.9 8873.4 41.9
-4885.2 8898.3 41.8
-4973.4 8790.3 41.5
-4965.0 8802.7 41.9
-4948.1 8827.4 42.8
-5074.5 3014.6 60.4
-5075.8 3029.5 60.0
-5077.2 3044.5 59.6
-5078.5 3059.4 59.2
-5079.8 3074.3 58.8
-5081.2 3089.3 58.4
-5082.5 3104.2 58.1
-5083.8 3119.2 57.8
-5085.2 3134.1 57.4
-5086.5 3149.0 57.1
-5087.8 3164.0 56.8
-5089.2 3178.9 56.6
-5091.1 3200.2 56.3
-5091.6 3204.6 56.3
-5092.9 3219.5 56.1
-5094.3 3234.5 55.9
-5095.6 3249.4 55.9
-5096.9 3264.3 55.9
-5098.2 3279.3 55.9
-5099.5 3294.2 55.9
-5100.8 3309.2 55.9
-5102.1 3324.1 55.8
-5103.4 3339.1 55.7
-5104.7 3354.0 55.6
-5106.1 3368.9 55.4
-5107.4 3383.9 55.4
-5109.4 3406.6 55.5
1532.6 78.2 46.9
1531.3 93.2 46.5
1530.1 108.1 46.0
1528.9 123.1 45.6
1527.3 142.8 45.0
1507.7 935.1 34.7
1509.6 920.2 34.4
1511.4 905.3 33.9
1517.9 896.3 33.8
1532.7 898.3 33.9
1547.6 900.4 34.0
1546.5 913.7 34.3
1543.5 928.4 34.8
1540.5 943.1 35.0
1537.5 957.8 35.2
1534.5 972.5 35.3
1531.5 987.2 35.4
1522.1 989.5 35.4
1508.3 983.5 35.2
1494.5 977.6 35.1
1484.3 969.7 34.9
1488.0 943.0 34.7
1330.5 1097.2 36.0
1335.0 1082.9 35.5
1339.6 1068.6 35.1
1344.1 1054.3 34.6
1348.6 1040.0 34.0
1353.1 1025.7 33.5
1357.8 1011.6 33.3
1372.5 1014.7 33.1
1387.2 1017.7 32.9
1401.9 1020.8 33.3
1428.5 1026.3 34.0
1362.7 1076.2 34.9
1346.9 1045.5 34.3
1654.4 858.7 34.4
1656.3 892.8 34.2
1391.5 690.7 37.7
1373.1 843.1 34.4
1372.0 857.3 34.3
1370.8 867.7 34.1
1038.1 883.7 36.6
1053.1 884.0 36.6
1068.1 884.4 36.6
1083.1 884.8 36.6
1098.1 885.2 36.5
1113.1 885.5 36.4
1129.2 885.9 36.2
1144.3 886.3 36.1
1189.3 887.8 35.7
1198.8 886.3 35.6
1197.3 847.7 35.8
1224.5 841.2 35.5
-513.9 2287.6 79.6
-522.0 2300.2 79.7
-536.6 2322.9 79.7
-548.7 2333.1 80.6
-560.7 2342.1 81.6
-572.6 2351.1 82.6
-584.6 2360.2 83.6
-598.6 2370.6 84.7
-601.6 2303.9 91.7
-578.9 2279.1 90.6
-401.3 2576.4 57.8
-366.2 2573.9 56.4
-426.1 2090.1 79.2
-425.5 2105.1 78.9
-424.9 2120.1 78.6
-424.3 2135.2 77.5
-436.9 2198.1 74.9
-444.4 2211.0 75.2
-453.0 2223.3 75.8
-463.2 2234.3 76.9
-473.3 2245.3 77.4
-487.6 2260.9 78.1
-372.2 2953.2 63.2
-364.3 2966.0 63.6
-356.5 2978.7 64.0
-346.9 2994.5 64.5
-728.5 2456.4 85.0
-718.2 2475.7 82.4
-711.3 2478.5 81.8
-703.5 2491.6 80.1
-416.6 2654.2 55.7
-428.0 2671.8 55.9
-441.4 2663.9 56.3
-433.8 2651.4 56.3
-486.4 2888.7 58.8
-471.4 2887.6 58.7
-456.4 2886.4 58.7
-441.5 2885.3 58.8
-426.5 2884.1 58.8
-407.7 2882.7 59.1
-489.8 2895.5 59.3
-474.8 2894.9 59.2
-459.8 2894.4 59.3
-444.8 2893.9 59.3
-429.8 2893.3 59.4
-407.3 2892.5 59.6
-373.7 2923.2 61.8
-365.7 2935.9 62.5
-357.7 2948.6 63.3
-349.6 2961.3 63.9
-337.1 2981.1 64.6
-446.3 2931.2 61.9
-440.0 2944.8 62.8
-435.6 2959.0 63.9
-436.3 2973.5 63.9
-443.5 2986.6 63.9
-448.4 3000.5 64.0
-451.6 3015.1 64.6
-454.8 3029.8 66.1
-458.0 3044.5 67.6
-461.2 3059.1 69.0
-465.6 3079.0 70.7
-366.9 3011.9 64.8
-348.4 3044.2 66.4
1771.5 -805.0 32.0
1785.0 -811.5 31.5
1798.5 -818.0 31.2
1812.0 -824.6 30.9
1825.5 -831.1 31.0
1839.1 -837.6 31.1
1852.6 -844.1 31.2
1866.1 -850.6 31.3
1879.6 -857.1 31.4
1901.2 -867.6 31.5
1819.1 -803.5 30.9
1806.5 -809.9 31.1
1792.9 -803.5 31.5
1779.3 -797.2 31.7
1769.1 -787.3 32.0
1762.2 -774.0 32.3
1755.2 -760.7 32.6
1742.0 -735.3 33.1
-831.0 1336.7 119.2
-818.3 1364.9 119.0
-912.9 1363.9 118.1
-896.9 1397.9 118.2
-951.8 1516.3 126.8
-945.3 1529.9 125.2
-938.8 1543.4 123.8
-932.0 1557.5 122.6
-874.1 1733.9 110.7
-853.9 1708.4 110.4
-845.1 1709.9 110.1
-835.8 1726.8 109.3
-487.0 1327.8 116.4
-510.4 1338.8 117.0
-497.8 1372.3 114.4
-485.5 1366.2 114.4
-476.3 1323.0 115.9
-463.9 1356.6 114.2
-476.4 1362.6 114.3
-517.3 1262.5 119.2
-510.7 1276.0 118.5
-504.2 1289.5 117.9
-497.6 1303.0 117.2
-490.1 1318.6 116.6
-193.8 1130.3 71.3
-193.0 1126.8 70.7
-191.9 1124.3 70.2
-184.7 1121.2 68.6
-175.8 1117.3 66.7
-157.2 1112.9 63.0
-144.6 1111.2 60.6
-133.7 1108.8 58.7
-115.3 1106.4 56.8
-106.9 1105.2 56.3
-94.0 1105.1 55.5
-62.8 1103.6 53.7
-97.8 1144.1 57.2
-97.8 1159.1 58.1
-97.7 1174.1 59.1
-97.7 1189.1 60.1
-97.6 1204.1 61.1
-97.6 1219.1 62.2
-97.5 1234.1 63.5
-97.4 1250.3 65.0
-219.9 1104.7 72.5
-212.4 1105.8 71.3
-205.6 1108.5 70.5
-201.8 1113.0 70.5
-200.3 1122.9 71.5
-199.5 1161.2 76.3
-529.6 2049.0 96.4
-527.9 2063.9 96.0
-524.8 2092.6 95.1
-86.8 2331.7 49.1
-72.4 2335.7 48.7
-57.9 2339.7 48.1
-43.5 2343.7 47.9
-29.0 2347.7 47.7
-1.9 2355.2 47.4
20.6 2210.2 50.5
44.0 2222.6 49.4
83.8 2119.7 50.5
115.5 2129.1 49.1
3.6 2397.9 47.7
16.3 2408.9 48.1
21.3 2411.3 48.2
26.7 2411.8 48.3
32.2 2411.3 48.4
37.6 2409.3 48.4
43.5 2406.6 48.4
53.6 2401.5 48.3
2075.1 -628.9 32.9
2062.6 -598.9 34.2
2057.6 -589.0 34.6
2035.7 -601.1 34.8
2346.5 -590.0 33.3
2372.4 -615.0 34.5
2353.9 -689.9 34.8
2369.9 -681.4 35.1
2399.3 -665.7 35.6
2926.4 -975.5 49.4
2920.3 -961.8 49.4
2914.2 -948.1 49.5
2904.9 -942.8 49.8
2891.2 -949.0 50.4
2874.8 -956.3 51.2
2791.4 -744.2 44.4
2805.0 -737.9 44.0
2818.6 -731.6 43.6
2832.2 -725.3 43.2
2845.8 -719.0 42.8
2859.4 -712.7 42.4
2873.0 -706.4 42.3
2886.6 -700.0 42.1
2910.7 -688.9 41.9
2690.0 -781.6 45.0
2704.4 -777.3 45.1
2718.8 -773.1 45.1
2733.2 -768.9 45.1
2750.1 -763.9 45.2
2764.3 -768.5 45.5
2778.3 -763.0 45.0
2792.3 -757.6 44.4
2807.1 -751.8 44.0
2146.8 -537.2 33.8
2134.3 -502.6 35.1
2153.7 -541.1 33.5
2148.9 -526.9 34.0
2140.2 -500.9 35.0
2131.1 -489.7 35.5
2125.3 -475.9 36.0
2119.5 -462.0 36.6
2113.8 -448.2 37.1
2107.2 -432.4 37.7
2134.6 -488.7 35.5
2128.9 -474.8 36.0
2123.3 -460.9 36.5
2117.6 -447.0 37.1
2110.7 -430.3 37.7
2562.3 -276.4 37.7
2548.1 -252.2 37.5
2558.8 -184.7 34.9
2546.1 -176.6 35.2
2533.5 -168.6 35.1
2520.8 -160.5 35.0
2508.1 -152.5 34.9
2495.5 -144.4 34.8
2476.5 -132.4 34.6
2172.8 434.4 37.1
2155.0 458.0 37.4
2167.8 92.4 32.4
2188.6 86.7 32.0
2188.9 -0.1 33.1
2184.8 23.4 32.3
2191.5 -112.5 36.7
2205.7 -107.6 36.5
2219.9 -102.8 36.2
2241.4 -95.4 35.8
2280.6 -147.4 36.7
2280.8 -132.4 36.3
2281.1 -117.4 36.0
2281.3 -102.4 35.7
2281.5 -87.4 35.2
2257.9 -90.8 35.5
2258.8 -108.5 36.0
2281.3 -101.9 35.6
2176.4 -87.1 36.0
2194.1 -83.9 35.9
2203.0 -77.5 35.6
2208.1 -74.7 35.5
2220.5 -70.1 35.2
2054.9 -132.7 35.5
2020.4 -126.9 35.1
2015.5 469.7 34.3
2029.7 482.8 34.5
1723.8 -1848.4 31.4
1733.0 -1836.6 31.5
1742.3 -1824.8 31.6
1751.5 -1813.0 31.4
1760.8 -1801.2 31.6
1770.1 -1789.4 31.8
1779.3 -1777.5 31.9
1788.6 -1765.7 32.1
1797.8 -1753.9 32.3
1807.1 -1742.1 32.3
1816.3 -1730.3 31.7
1825.6 -1718.5 31.2
1834.9 -1706.7 30.6
1844.1 -1694.9 30.0
1853.4 -1683.1 29.7
1862.6 -1671.3 29.4
1871.9 -1659.5 28.8
1881.1 -1647.7 29.0
1890.4 -1635.9 29.2
1899.6 -1624.1 29.3
1908.9 -1612.3 29.3
1918.2 -1600.5 29.3
1927.4 -1588.7 29.3
1936.7 -1576.9 29.3
1945.9 -1565.1 29.5
1955.2 -1553.3 29.8
1964.4 -1541.5 30.0
1973.7 -1529.7 30.3
1983.0 -1517.9 30.6
1992.2 -1506.1 30.8
2001.5 -1494.3 31.1
2010.7 -1482.5 31.2
2020.0 -1470.7 31.3
2029.2 -1458.9 31.7
2038.5 -1447.1 31.9
2047.8 -1435.3 32.2
2059.8 -1419.9 32.5
1489.0 -1695.6 46.0
1465.5 -1690.0 47.6
1663.2 -556.7 41.7
1678.1 -558.4 42.0
1693.0 -560.0 42.2
1716.7 -562.7 42.5
1662.6 -610.9 38.0
1677.6 -612.1 38.3
1692.5 -613.4 38.6
1705.6 -620.4 38.1
1718.6 -628.0 37.5
1730.7 -633.3 37.1
1736.4 -619.4 38.6
1742.1 -605.5 40.0
1747.8 -591.7 41.0
1754.9 -574.5 41.6
1753.6 -593.5 41.2
1779.7 -600.7 41.2
1784.8 -587.9 42.5
1801.8 -595.5 41.8
1822.7 -610.5 40.0
1923.0 -565.4 38.7
1910.3 -573.4 39.0
1898.2 -566.4 39.5
1886.1 -557.5 40.1
1874.1 -548.6 40.7
1861.1 -539.0 41.3
1444.8 -1760.8 43.8
1468.1 -1771.0 42.4
1478.9 -1750.9 43.0
1494.8 -1857.8 42.5
1512.3 -1861.2 41.8
1488.9 -1840.2 42.2
1494.2 -1813.3 41.1
1493.6 -1847.8 42.1
1500.4 -1813.1 40.8
1525.6 -1347.3 42.0
1523.1 -1311.6 42.0
1490.0 -1312.1 43.8
1489.1 -1321.7 43.9
1626.0 -1762.1 38.1
1629.9 -1747.6 38.5
1633.8 -1733.2 39.0
1636.7 -1718.5 39.6
1638.8 -1693.1 40.6
1704.3 -1826.6 32.6
1706.7 -1811.8 33.0
1709.0 -1796.9 33.6
1711.4 -1782.1 34.2
1712.5 -1767.2 34.8
1712.3 -1752.2 35.4
1712.2 -1737.2 36.1
1711.9 -1711.7 37.2
2305.0 -1114.8 38.1
2314.3 -1103.1 38.2
2323.7 -1091.3 38.4
2333.0 -1079.6 38.5
2342.3 -1067.9 38.7
2351.7 -1056.1 38.8
2361.0 -1044.4 38.9
2370.3 -1032.6 38.9
2379.7 -1020.9 38.8
2389.0 -1009.1 38.7
2403.3 -991.2 38.6
2747.8 -1504.8 50.6
2746.6 -1489.8 50.7
2745.4 -1474.9 50.9
2743.6 -1452.1 51.0
3181.2 -1415.5 52.4
3195.0 -1409.6 51.7
3208.8 -1403.7 51.0
3226.4 -1396.3 50.1
3156.4 -1361.3 51.9
3170.4 -1355.9 51.1
3184.3 -1350.4 50.3
3200.7 -1344.0 49.4
2981.0 -1161.0 49.7
2994.8 -1155.0 49.1
3008.5 -1149.1 48.6
3010.9 -1138.1 48.1
3006.0 -1123.9 48.0
3001.1 -1109.7 47.9
2996.0 -1095.0 48.0
2739.8 -1105.1 48.5
2753.2 -1098.4 48.9
2766.6 -1091.6 50.1
2780.3 -1085.5 51.3
2794.6 -1081.0 52.1
2805.2 -1074.7 52.7
2800.5 -1060.5 52.8
2792.6 -1047.9 52.7
2783.4 -1036.1 51.8
2774.2 -1024.2 50.9
2765.0 -1012.4 50.3
2755.7 -1000.6 50.1
2743.4 -1006.8 49.8
2730.8 -1014.9 49.4
2718.2 -1023.0 49.0
2705.6 -1031.1 48.6
2695.2 -1039.7 48.3
2702.6 -1052.8 48.3
2714.4 -1073.5 48.3
3075.0 -1303.9 52.4
3066.9 -1291.3 52.3
3058.9 -1278.6 52.1
3050.8 -1266.0 52.0
3042.7 -1253.3 51.9
3034.7 -1240.7 51.7
3029.8 -1229.8 51.5
3044.8 -1230.0 51.0
3059.8 -1230.2 50.5
3074.8 -1230.4 50.0
3089.8 -1230.6 49.5
3114.1 -1231.0 48.7
3182.2 -1412.9 52.3
3196.0 -1407.3 51.6
3219.2 -1397.8 50.4
3157.2 -1362.1 51.9
3170.7 -1355.6 51.1
3196.5 -1343.2 49.5
3181.1 -1414.9 52.4
3194.9 -1409.2 51.7
3221.7 -1398.0 50.3
3155.9 -1363.7 52.0
3169.7 -1357.9 51.2
3183.5 -1352.0 50.4
3200.0 -1345.0 49.5
3070.1 -1501.6 57.1
3084.0 -1496.0 56.9
3097.9 -1490.4 56.6
3113.9 -1484.0 56.3
2835.0 -1063.3 54.1
2826.6 -1050.8 53.9
2821.5 -1039.4 53.4
2835.5 -1034.2 53.5
2849.6 -1029.0 53.2
2863.7 -1023.8 52.6
2887.2 -1015.1 51.5
2930.8 -1198.4 52.6
2918.2 -1180.2 52.1
2634.9 -2311.3 41.7
2620.6 -2306.5 41.5
2606.4 -2301.7 41.3
2584.2 -2294.2 41.0
2567.1 -2299.1 40.9
2552.2 -2297.8 41.0
2537.3 -2296.5 41.1
2522.3 -2295.1 41.2
2494.9 -2292.7 41.5
2508.2 -340.4 39.8
2527.5 -330.5 39.9
2503.0 -370.1 40.0
2492.6 -359.3 39.7
2472.0 -338.0 39.2
2400.7 -2255.5 38.1
2406.8 -2235.8 37.7
2417.0 -2213.8 37.4
2431.0 -2196.4 37.2
822.7 -574.2 69.7
846.8 -573.6 70.0
2697.6 -1489.6 48.9
2697.6 -1474.6 49.1
2697.4 -1448.7 49.2
3237.6 -1677.2 56.9
3224.1 -1683.7 57.3
3210.6 -1690.2 57.6
3197.0 -1696.7 58.0
3183.5 -1703.2 58.5
3172.3 -1703.3 58.9
3166.2 -1689.6 58.9
3160.1 -1675.9 59.0
3173.6 -1669.6 58.5
3194.6 -1660.1 57.9
3204.3 -2163.4 49.6
3218.5 -2158.8 49.4
3232.8 -2154.2 49.3
3247.1 -2149.6 49.2
3261.4 -2145.0 49.1
3275.7 -2140.4 49.0
3289.9 -2135.9 49.2
3304.2 -2131.3 49.5
3318.5 -2126.7 49.7
3332.8 -2122.1 49.9
3347.1 -2117.5 50.2
3361.3 -2112.9 50.5
3375.6 -2108.3 50.8
3389.9 -2103.7 51.1
3404.2 -2099.1 51.4
3426.6 -2091.9 51.9
3205.0 -2156.7 49.7
3219.2 -2151.7 49.5
3233.3 -2146.7 49.4
3247.4 -2141.7 49.3
3261.6 -2136.6 49.1
3275.7 -2131.6 49.1
3289.9 -2126.6 49.4
3304.0 -2121.6 49.6
3318.1 -2116.6 49.8
3332.3 -2111.6 50.0
3346.4 -2106.6 50.1
3360.5 -2101.5 50.2
3374.7 -2096.5 50.5
3388.8 -2091.5 50.8
3403.0 -2086.5 51.1
3418.8 -2080.9 51.6
3163.2 -2176.0 50.5
3138.0 -2183.7 50.6
3142.7 -2176.4 50.9
3168.2 -2168.4 50.6
2389.4 -2273.0 38.3
2375.8 -2266.5 37.9
2362.3 -2260.1 37.3
2348.8 -2253.6 36.6
2335.2 -2247.1 36.0
2321.7 -2240.7 35.4
2308.1 -2234.2 35.1
2294.6 -2227.8 34.8
2281.1 -2221.3 34.5
2267.5 -2214.8 34.2
2254.0 -2208.4 33.9
2231.3 -2197.5 33.3
2452.2 -2412.9 42.2
2466.5 -2408.5 42.5
2480.9 -2404.2 42.5
2495.2 -2399.9 42.5
2509.6 -2395.6 42.6
2524.0 -2391.2 42.7
2538.3 -2386.9 42.8
2552.7 -2382.6 43.0
2567.1 -2378.3 42.8
2581.4 -2373.9 42.5
2595.8 -2369.6 42.3
2610.2 -2365.3 42.0
2624.5 -2361.0 41.8
2638.9 -2356.6 41.6
2653.2 -2352.3 41.5
2667.6 -2348.0 41.4
2682.0 -2343.7 41.2
2697.6 -2338.9 41.1
2412.4 -2263.1 38.4
2417.7 -2249.1 38.2
2423.3 -2235.2 38.0
2429.7 -2221.6 37.7
2437.4 -2208.8 37.6
2446.1 -2196.6 37.4
2454.9 -2184.5 38.0
2463.7 -2172.3 38.7
2472.5 -2160.2 39.4
2481.3 -2148.0 40.0
2494.5 -2129.7 40.8
1210.4 -940.3 40.0
1201.8 -928.0 40.6
1193.2 -915.8 41.4
1188.9 -905.5 41.9
1203.8 -904.2 41.2
1224.4 -923.7 39.9
1092.2 -823.1 49.6
1084.4 -820.4 50.1
1056.9 -823.6 51.7
1044.7 -822.7 52.4
1001.3 -806.6 55.2
842.3 -888.6 59.7
856.3 -883.2 59.3
870.3 -877.8 59.0
884.3 -872.4 58.6
888.3 -881.8 58.1
900.5 -884.6 57.5
915.5 -884.7 56.9
932.2 -884.8 56.3
1653.7 -1932.4 34.6
1663.4 -1920.9 34.3
1673.0 -1909.4 33.7
1682.6 -1897.9 33.0
1692.3 -1886.4 32.2
1710.6 -1864.5 31.3
1500.7 -2129.9 34.4
1509.8 -2118.0 34.6
1519.0 -2106.1 34.4
1528.1 -2094.1 34.2
1537.2 -2082.2 34.4
1546.3 -2070.3 34.6
1555.5 -2058.4 34.8
1564.6 -2046.5 35.1
1579.3 -2027.4 35.4
1400.1 -1922.7 48.0
1402.3 -1907.9 48.1
1404.5 -1893.0 48.2
1406.7 -1878.2 47.9
1408.9 -1863.3 47.3
1411.1 -1848.5 46.8
1413.3 -1833.7 46.3
1415.5 -1818.8 45.9
1419.8 -1789.6 44.9
1182.9 -1345.3 51.7
1184.7 -1330.4 50.8
1186.5 -1315.5 50.2
1185.4 -1293.2 49.5
1185.8 -1385.7 54.2
1187.4 -1370.8 53.2
1189.0 -1355.9 52.3
1191.1 -1336.5 51.0
1120.2 -1532.3 64.8
1126.5 -1518.7 63.9
1132.9 -1505.1 62.9
1140.8 -1488.1 61.7
1146.5 -1479.2 61.0
1159.4 -1451.7 59.0
1162.6 -1444.8 58.5
1033.4 -1290.9 55.7
1060.7 -1307.0 54.6
1050.8 -1221.1 52.0
1039.5 -1230.9 53.4
1028.2 -1240.8 55.0
1016.1 -1249.5 56.6
1003.3 -1257.5 58.2
990.6 -1265.4 59.7
977.9 -1273.4 61.2
963.8 -1282.1 63.1
1491.6 -1426.5 45.7
1485.2 -1396.1 45.4
1477.4 -1360.7 45.1
1474.6 -1342.3 45.0
2393.8 -316.1 37.9
2383.4 -296.9 38.4
1581.9 1203.6 39.4
1605.7 1225.3 40.1
1647.7 773.8 35.8
1669.6 778.9 35.4
1645.0 1411.4 41.1
1657.8 1403.6 41.5
1670.7 1395.9 42.0
1683.5 1388.1 42.5
1696.6 1380.1 42.9
1650.1 1421.8 41.2
1662.7 1413.7 41.6
1675.3 1405.5 42.1
1687.8 1397.3 42.5
1701.7 1388.3 43.0
1448.8 1569.6 36.7
1434.6 1606.0 36.5
1365.8 1218.3 36.8
1395.6 1221.3 36.9
1417.3 1223.7 37.1
1079.9 -1003.4 51.9
1093.5 -997.1 50.8
1107.0 -990.7 49.7
1108.4 -982.5 49.3
1097.3 -972.4 49.5
1086.2 -962.3 50.0
1075.1 -952.3 50.6
1062.1 -940.5 51.3
1147.1 -1048.4 49.8
1129.0 -1062.3 51.3
1113.6 -1049.8 51.7
1112.8 -1033.6 51.1
794.8 -1219.4 80.8
808.4 -1213.2 79.1
822.0 -1206.9 77.2
835.7 -1200.7 75.8
849.3 -1194.4 74.8
885.0 -1178.8 70.4
915.9 -1165.6 66.8
596.8 -1233.5 92.5
602.2 -1231.5 91.9
619.4 -1225.0 90.1
637.1 -1223.7 89.3
669.8 -1269.3 97.1
698.9 -1260.9 92.5
641.5 -1289.0 101.6
655.7 -1284.0 101.1
670.0 -1279.6 98.9
684.5 -1275.8 96.7
699.0 -1272.0 94.6
713.5 -1268.2 92.4
727.5 -1262.9 90.0
741.2 -1256.8 88.3
754.8 -1250.6 86.4
768.5 -1244.4 84.9
793.6 -1233.1 82.4
419.5 -1625.7 122.8
435.8 -1618.3 122.4
793.3 821.1 39.0
779.0 816.4 38.8
764.8 811.7 38.6
750.5 807.1 38.6
728.3 799.8 38.9
923.7 838.5 37.9
946.6 850.2 37.4
785.0 1193.9 48.8
798.3 1208.0 50.3
824.8 1227.7 51.2
701.4 998.8 38.0
736.5 1008.2 38.0
758.8 1011.7 37.8
776.0 1013.2 37.6
1230.7 1068.1 38.0
1227.9 1065.9 38.1
1224.5 1064.6 38.2
1220.9 1064.8 38.4
1216.6 1066.9 38.5
1206.8 1077.6 38.9
1214.1 1084.9 38.7
1220.5 1114.8 38.6
1231.8 1125.7 38.2
1332.1 1604.3 37.8
1318.8 1619.0 38.0
1294.5 1632.8 38.4
1290.8 1643.9 38.5
1277.5 1662.3 38.7
1265.1 1680.2 39.2
1257.7 1686.7 39.5
1258.4 1682.2 39.4
1247.6 1694.5 39.8
1231.1 1714.3 40.4
1226.1 1725.4 40.4
1212.8 1724.9 40.4
1204.9 1731.8 40.2
1197.6 1751.6 40.4
1188.0 1756.7 40.6
1178.4 1757.0 40.7
975.5 1741.7 41.1
1016.9 1738.1 40.8
1044.4 1734.0 40.8
1075.1 1736.7 41.5
1087.2 1741.4 41.9
1101.6 1742.4 41.8
1116.1 1747.0 41.6
1137.5 1750.2 41.3
1148.1 1749.7 41.1
1160.4 1751.4 41.0
1174.8 1750.4 40.7
-28.9 618.3 49.9
-31.5 633.1 49.5
-36.4 660.2 49.3
1368.9 1166.4 37.3
1372.2 1194.9 36.9
1368.6 1211.9 36.9
354.2 1025.9 41.4
369.1 1026.7 41.2
384.1 1027.4 41.1
399.1 1028.2 41.0
414.0 1026.4 40.9
428.4 1023.0 40.9
441.3 1015.5 41.0
452.6 1005.6 41.1
463.7 995.5 41.3
484.2 976.7 41.6
293.8 1014.5 41.8
311.3 1024.1 41.6
321.8 1034.7 41.4
327.8 1038.4 41.2
340.2 1048.5 40.9
361.3 1058.2 40.5
229.5 1026.9 41.0
211.6 1044.4 41.2
233.2 1066.0 40.9
250.7 1032.0 41.0
262.7 1040.9 40.9
274.8 1049.8 41.0
286.8 1058.7 40.9
298.9 1067.6 40.7
311.0 1076.6 40.5
309.2 1087.1 40.3
299.5 1098.5 40.3
289.7 1109.9 40.2
279.5 1109.8 40.3
265.8 1096.4 40.7
233.7 820.3 49.2
258.2 849.7 48.7
308.8 662.1 55.6
322.7 656.7 55.6
336.7 651.3 55.6
348.0 652.4 55.4
354.0 666.1 54.6
359.9 679.9 54.2
365.9 693.7 53.8
371.8 707.4 53.4
377.8 721.2 52.8
357.9 729.2 53.0
-333.2 664.9 51.1
-343.6 675.7 51.0
-353.9 686.6 50.9
-373.1 706.6 50.6
-215.2 616.8 50.9
-198.6 656.8 48.5
-189.8 667.2 47.8
-177.5 671.5 47.4
-173.4 671.9 47.4
-2090.6 495.2 124.2
-2084.1 508.7 123.5
-2077.6 522.3 122.7
-2071.1 535.8 122.1
-2064.6 549.3 121.5
-2056.9 565.4 119.9
-1443.9 482.5 96.3
-1439.3 496.8 94.1
-1431.1 509.1 91.7
-1419.2 518.2 89.6
-1407.2 527.2 87.6
-1395.3 536.3 85.5
-1383.3 545.3 83.5
-1371.3 554.4 82.4
-1359.4 563.4 82.4
-1347.4 572.5 80.8
-1332.4 583.7 79.4
-833.8 630.2 62.2
-822.4 639.9 61.5
-810.9 649.5 60.8
-799.4 659.2 60.1
-788.0 668.9 59.4
-776.5 678.5 58.7
-765.0 688.2 58.0
-753.6 697.9 57.4
-741.8 706.1 57.0
-727.8 700.8 56.9
-713.8 695.5 56.9
-704.9 706.1 56.5
-696.7 718.6 56.0
-688.6 731.2 55.5
-680.4 743.8 55.1
-672.2 756.4 54.6
-664.0 768.9 54.2
-655.8 781.5 53.7
-640.7 804.7 53.5
-1003.5 966.2 63.5
-1000.7 992.9 64.8
-1222.5 1011.8 71.2
-1214.4 1014.3 71.1
-1193.0 1014.1 70.5
-1155.6 1004.5 69.3
-1291.1 922.6 69.6
-1269.2 948.5 70.2
-667.4 832.1 53.7
-665.5 860.7 53.7
-666.5 865.7 53.7
-671.0 870.0 53.7
-677.2 872.6 53.7
-677.7 935.6 53.9
-671.2 933.9 54.0
-663.3 929.5 53.9
-659.2 924.6 53.4
-654.4 916.6 53.5
-648.2 911.3 53.5
-631.0 907.1 53.6
-624.0 902.2 53.7
-619.1 899.2 53.7
-610.9 897.6 53.7
-600.3 893.8 53.6
-593.1 890.1 53.5
-585.4 884.4 53.5
-573.7 874.9 53.3
-566.5 868.8 53.3
-559.7 867.7 53.2
-509.7 812.7 52.6
-521.5 829.8 52.8
-537.8 842.7 52.9
-408.7 774.7 50.1
-395.0 793.9 49.3
-391.6 798.5 49.1
-387.4 800.7 48.9
-382.1 802.0 48.6
-373.7 802.7 48.2
-1357.2 978.7 71.5
-1343.6 985.1 71.6
-1330.0 991.4 71.7
-1316.5 997.8 71.9
-1302.9 1004.2 72.0
-1283.5 1013.3 72.1
-915.0 495.1 65.6
-904.0 505.3 64.9
-892.6 515.1 64.3
-884.0 527.2 63.9
-876.2 540.0 63.5
-868.4 552.9 63.2
-860.7 565.7 62.8
-854.1 579.2 62.6
-847.5 592.6 62.4
-845.4 607.4 62.6
-883.8 576.2 64.9
-861.2 564.9 62.9
-1017.4 270.2 78.0
-1008.6 282.3 76.5
-996.9 291.7 75.6
-985.1 300.9 75.4
-976.7 313.3 75.0
-971.1 327.1 74.4
-967.5 341.6 73.7
-963.9 356.2 72.8
-960.3 370.8 71.9
-956.6 385.3 71.1
-952.3 406.8 69.7
-66.9 710.5 47.5
-69.3 716.7 47.3
-84.8 729.8 46.9
-85.5 742.5 46.6
-49.0 807.4 45.7
-58.9 808.3 45.6
-74.9 813.8 45.3
-88.2 824.0 45.0
-102.2 828.1 44.8
-128.2 831.7 44.4
-134.1 832.5 44.4
-146.1 835.5 44.2
-171.3 827.7 44.1
-176.7 826.8 44.0
-229.1 816.2 43.7
-237.7 806.5 43.8
-241.3 804.6 43.8
-142.4 860.1 43.4
-149.2 873.5 42.8
-156.1 886.8 42.7
-162.9 900.2 44.3
-174.6 923.0 46.9
-289.5 952.6 60.2
-302.4 956.1 61.9
-307.0 998.2 67.7
-1811.9 238.6 125.8
-1795.2 257.8 125.5
-1648.3 106.6 122.1
-1657.4 118.6 122.1
-1674.5 141.3 122.1
-1630.1 105.1 121.6
-1630.0 117.7 121.3
-1629.4 95.1 121.8
-1629.4 87.4 122.0
-1609.3 91.0 121.2
-1598.7 105.6 120.6
-1581.1 112.4 119.8
-1578.2 118.4 119.6
-1628.2 174.0 120.2
-1627.8 185.4 120.2
-1592.8 185.4 119.0
-1668.5 330.2 118.5
-1663.1 325.7 117.8
-1638.2 314.4 114.3
-1595.0 294.8 111.2
-1590.6 304.9 109.9
-1610.6 314.4 111.1
-1494.8 46.8 121.9
-1511.2 59.0 121.3
-1524.1 70.9 120.7
-1523.9 -99.5 127.0
-1535.3 -92.1 126.6
-1512.9 -59.5 126.6
-1505.9 -63.8 126.8
-1478.8 -81.7 127.7
-1468.7 -75.7 127.8
-1459.6 -63.8 127.8
-1446.5 -46.7 127.7
-1589.1 -32.0 124.4
-1602.1 -14.8 123.7
-419.9 550.2 58.3
-418.6 565.1 57.7
-417.4 580.0 57.0
-416.1 595.0 56.4
-414.5 614.4 55.6
-567.5 309.2 72.1
-552.7 306.9 71.7
-537.9 304.5 71.2
-523.1 302.2 70.8
-508.2 299.8 70.4
-513.1 288.0 71.3
-522.1 959.9 68.2
-507.1 961.0 69.3
-492.2 962.1 70.3
-477.2 963.2 71.4
-462.2 964.1 72.3
-445.2 965.0 71.7
-692.6 1508.9 114.1
-676.4 1541.9 110.8
-604.8 1513.7 108.3
-618.9 1519.0 108.9
-632.9 1524.3 109.5
-658.2 1533.8 110.6
-607.8 1473.7 111.0
-369.1 -46.8 70.2
-381.2 -37.9 70.0
-379.6 -27.5 69.5
-369.9 -16.0 69.0
-360.2 -4.6 68.4
-350.5 6.8 67.9
-340.8 18.3 67.3
-331.1 29.7 66.7
-316.2 47.2 65.9
-297.3 103.3 64.2
-261.4 101.4 62.6
-184.6 92.3 61.1
-171.4 85.5 61.6
-146.8 121.2 61.0
-186.7 142.0 61.0
-186.0 157.0 61.5
-185.4 172.0 61.9
-184.6 190.9 62.1
-903.1 33.4 103.4
-888.3 31.2 105.2
-859.5 26.9 106.5
-851.9 19.5 107.1
-838.1 13.6 107.6
-824.4 7.7 108.0
-810.6 1.7 108.5
-801.7 -6.0 108.8
-808.5 -19.7 109.5
-784.6 50.7 105.3
-769.9 83.0 103.2
-671.5 27.2 100.3
-674.9 41.5 100.3
-681.2 51.2 100.3
-689.9 57.1 100.6
-726.6 71.5 102.8
-402.7 38.1 69.5
-392.0 48.6 68.3
-381.3 59.1 67.0
-370.6 69.6 66.4
-354.4 85.5 66.2
-744.1 -46.0 106.3
-731.1 -38.6 105.5
-718.0 -31.2 104.5
-705.0 -23.8 103.0
-691.9 -16.4 102.9
-678.9 -9.0 102.0
-665.9 -1.5 100.3
-652.8 5.9 98.7
-639.8 13.3 97.1
-625.4 21.5 95.3
-674.9 8.6 101.2
-676.4 -0.5 101.5
-681.8 -10.6 102.3
-1404.7 -155.2 130.4
-1400.5 -140.8 130.7
-1396.3 -126.4 131.0
-1392.2 -112.0 131.3
-1388.0 -97.6 130.8
-1401.3 -93.9 130.3
-1416.4 -91.1 129.6
-1466.1 -76.6 127.9
-1446.8 -51.7 127.9
-1441.0 -56.2 128.1
-1475.4 -108.5 128.2
-1471.9 -105.4 128.3
-1468.9 -104.3 128.3
-1465.1 -104.2 128.4
-1461.9 -105.8 128.5
-349.8 1035.9 77.1
-331.2 1035.2 74.9
-273.2 996.5 64.1
-261.1 1005.4 63.9
-249.0 1014.2 63.8
-239.1 1023.5 64.0
-250.4 1043.8 67.8
-271.3 1017.6 66.5
-255.1 1022.9 65.5
-89.0 638.6 48.6
-90.1 672.9 47.9
56.8 792.0 47.2
59.8 807.7 46.9
67.7 823.2 46.7
18.4 807.1 46.5
22.3 810.2 46.4
36.0 829.3 46.2
39.7 836.7 46.1
54.7 848.7 46.0
63.8 856.4 46.0
75.4 951.3 42.7
89.8 955.8 42.7
104.1 960.2 42.7
121.3 965.6 42.7
72.2 1095.2 44.4
79.3 1122.3 44.4
77.0 1093.1 44.2
85.1 1123.7 44.3
-762.9 1651.8 108.3
-785.0 1666.1 108.5
-695.9 1665.2 100.7
-667.5 1674.7 97.3
-637.4 1684.8 93.6
-635.2 1685.6 93.4
-696.9 1727.5 100.1
-683.4 1720.9 97.8
-669.9 1714.4 95.5
-656.4 1707.8 93.9
-636.0 1698.0 92.6
-749.7 1655.4 106.7
-733.3 1648.4 105.6
-727.5 1609.9 108.1
-720.2 1625.9 106.1
-622.8 1622.6 97.7
-628.9 1648.2 96.1
-478.8 1667.8 85.1
-486.8 1680.5 84.5
-494.7 1693.2 83.9
-483.7 1702.5 82.5
-471.8 1711.7 81.1
-454.1 1725.3 79.0
-482.1 1779.4 77.2
-476.2 1793.2 76.1
-465.3 1819.3 74.1
-420.7 1681.0 80.8
-414.2 1697.6 78.9
-1104.6 -92.7 116.1
-1106.9 -83.8 115.3
-1105.5 -69.5 113.3
-810.0 -92.1 109.9
-803.0 -105.4 108.3
-796.0 -118.7 106.8
-789.0 -131.9 105.3
-782.0 -145.2 103.8
-770.0 -141.4 102.8
-756.9 -134.0 102.0
-743.8 -126.6 101.2
-730.8 -119.2 100.4
-717.7 -111.8 99.6
-704.7 -104.5 98.8
-691.6 -97.1 97.7
-678.6 -89.7 96.6
-666.0 -81.5 95.6
-653.9 -72.6 94.6
-641.8 -63.7 92.6
-629.7 -54.9 93.3
-608.1 -39.0 93.2
-725.4 -284.6 95.1
-735.7 -273.7 95.4
-746.0 -262.8 96.1
-756.3 -251.8 97.0
-766.2 -240.6 98.1
-776.0 -229.2 99.2
-772.0 -217.1 98.7
-755.4 -192.8 98.2
-440.0 -207.8 75.7
-445.3 -190.2 75.5
-442.3 -149.7 74.8
-705.6 -605.4 117.6
-692.9 -613.4 118.0
-680.2 -621.4 118.4
-667.5 -629.3 118.8
-654.7 -637.3 119.1
-642.0 -645.3 119.5
-629.3 -653.2 119.9
-616.6 -661.2 120.2
-603.3 -667.9 120.4
-589.3 -673.5 120.4
-572.4 -680.3 120.3
-517.9 -589.1 106.5
-505.8 -598.0 107.4
-493.7 -606.9 108.0
-481.6 -615.8 108.8
-469.6 -624.6 109.5
-457.5 -633.5 110.3
-445.4 -642.4 111.0
-433.3 -651.3 111.7
-421.2 -660.2 112.4
-409.1 -669.1 113.1
-397.0 -677.9 113.9
-383.6 -674.3 112.9
-371.0 -666.3 111.4
-358.9 -657.4 109.8
-346.9 -648.5 108.2
-335.4 -638.8 106.5
-321.3 -617.5 104.6
-368.2 -531.5 95.7
-379.9 -542.5 96.4
-434.7 -530.0 97.1
-433.4 -524.6 96.5
-423.4 -484.5 92.3
-418.1 -472.4 91.1
-410.9 -462.9 90.1
-403.0 -458.4 89.3
-375.4 -510.3 93.6
-390.9 -492.9 91.9
-400.0 -477.7 91.0
-474.0 -1230.2 121.9
-464.4 -1218.7 123.1
-454.8 -1207.2 124.3
-437.0 -1185.9 126.6
-487.0 -1094.8 126.6
-472.1 -1082.9 127.1
-483.9 -1099.1 126.5
-469.0 -1086.9 127.0
-644.3 -1256.0 113.5
-650.0 -1242.1 113.0
-655.7 -1228.3 112.5
-661.4 -1214.4 112.2
-666.0 -1200.1 112.0
-670.9 -1173.1 112.0
-586.8 -724.9 121.2
-579.7 -711.7 122.4
-572.6 -698.4 122.7
-565.5 -685.2 120.6
-558.8 -671.8 118.5
-552.1 -658.4 116.5
-541.8 -658.0 116.2
-529.1 -665.9 116.9
-516.4 -673.9 117.4
-499.1 -684.7 118.2
-44.8 -1003.6 102.7
-35.4 -992.9 101.2
-23.6 -979.3 100.1
-11.7 -965.6 98.1
-35.1 -876.3 93.1
-0.7 -882.1 89.4
-980.3 -90.7 112.0
-985.3 -53.2 109.4
-811.7 -443.4 115.8
-796.3 -441.2 114.0
-597.9 -437.4 93.1
-590.9 -440.4 92.6
-577.5 -438.3 91.0
-579.4 -431.9 90.8
-611.9 -401.4 92.2
-577.5 -438.3 91.0
-548.2 -431.9 88.6
-560.8 -280.1 82.0
-533.4 -307.2 81.7
-527.1 -384.5 85.1
-510.5 -393.6 84.6
-493.5 -388.1 83.6
-518.3 -198.6 77.3
-499.4 -214.1 77.2
-19.3 -100.5 63.5
-7.6 -110.4 62.4
8.5 -118.1 61.1
18.1 -61.7 64.5
29.5 -52.0 64.0
53.0 -32.0 63.0
-59.9 -114.0 65.5
-29.7 -97.5 64.4
232.7 -339.0 58.0
228.5 -324.5 57.6
224.4 -310.1 57.2
220.2 -295.7 56.7
216.1 -281.3 55.8
211.9 -266.9 55.3
206.6 -253.0 54.9
199.0 -240.0 54.6
191.5 -227.0 54.2
184.0 -214.0 53.8
176.5 -201.1 53.4
169.0 -188.1 52.9
154.4 -183.0 52.9
172.8 -329.1 58.2
173.7 -303.7 57.2
170.3 -284.0 56.7
121.5 -187.1 53.7
144.0 -184.1 53.1
-628.9 -163.9 86.7
-664.8 -178.1 90.1
-468.7 18.4 77.4
-448.8 46.7 74.6
-6924.7 -1656.9 32.3
-6928.5 -1642.4 32.6
-6932.4 -1627.9 32.7
-6938.4 -1605.2 33.0
-6926.2 -1671.8 32.2
-6935.6 -1660.0 32.4
-6944.9 -1648.3 32.5
-6954.3 -1636.6 32.7
-6963.6 -1624.8 32.8
-6972.9 -1613.1 32.9
-6982.3 -1601.4 33.0
-6991.6 -1589.6 33.2
-7001.0 -1577.9 33.3
-7017.4 -1557.3 33.5
-171.7 1178.9 72.6
-174.2 1204.7 75.4
-171.3 1265.9 77.1
-164.1 1279.1 76.1
-157.0 1292.3 75.3
-148.6 1304.5 75.0
-138.4 1315.5 74.4
-128.2 1326.5 73.7
-117.9 1337.5 72.7
-99.6 1357.2 71.0
-157.7 1215.3 73.1
-137.8 1217.5 69.5
-135.9 1228.9 70.0
-96.6 1273.1 66.4
-95.9 1274.4 66.4
-80.0 1302.6 66.4
-49.3 1437.4 66.3
-39.6 1448.9 65.4
-29.9 1460.3 64.4
-20.2 1471.8 63.5
-10.6 1483.3 63.0
-3.1 1497.7 63.9
388.6 1423.8 49.1
377.0 1433.3 49.9
365.5 1442.9 50.4
353.9 1452.5 51.0
342.4 1462.1 51.5
323.0 1478.1 52.2
407.1 1415.4 48.5
423.4 1398.7 47.4
433.6 1398.7 47.5
452.5 1380.2 46.1
433.6 1398.7 47.5
416.5 1420.4 49.0
498.6 1351.7 44.3
470.2 1370.7 45.5
528.1 1214.5 39.9
499.7 1207.7 38.7
571.2 1120.5 38.8
562.2 1132.5 38.8
553.1 1144.4 38.8
543.8 1156.2 38.8
532.8 1166.4 38.9
522.0 1176.8 38.9
511.3 1187.3 38.9
500.6 1197.8 38.7
485.0 1213.0 38.3
188.6 944.2 44.3
194.3 948.5 44.0
199.0 955.6 43.6
59.7 -899.6 86.2
61.4 -874.5 84.1
61.4 -853.3 82.3
-155.4 -715.8 98.9
-126.3 -723.0 96.4
-320.3 -1292.3 126.8
-313.4 -1302.1 125.5
-294.2 -1280.2 126.4
-219.4 -1323.8 125.8
-204.1 -1306.4 125.6
-221.6 -1335.4 126.1
-196.4 -1308.3 125.8
4622.8 -1735.4 51.4
4637.2 -1731.3 51.6
4651.7 -1727.1 51.7
4666.1 -1723.0 51.9
4680.5 -1718.8 52.0
4694.9 -1714.7 52.3
4709.3 -1710.5 52.6
4723.7 -1706.4 52.8
4738.1 -1702.3 53.2
4752.6 -1698.1 53.6
4767.0 -1694.0 53.5
4781.4 -1689.8 53.6
4795.8 -1685.7 53.7
4810.2 -1681.5 53.9
4831.0 -1675.5 54.1
3142.9 -2430.4 48.6
3148.4 -2416.4 48.7
3153.8 -2402.4 48.7
3159.2 -2388.5 48.7
3164.7 -2374.5 48.7
3170.1 -2360.5 48.7
3175.5 -2346.5 48.6
3181.0 -2332.5 48.5
3186.4 -2318.6 48.4
3197.1 -2290.9 48.2
2867.3 -2284.5 43.4
2881.7 -2280.1 43.8
2896.0 -2275.8 44.3
2910.4 -2271.4 44.7
2924.7 -2267.0 44.9
2939.1 -2262.6 44.9
2953.4 -2258.3 44.9
2967.8 -2253.9 44.9
2982.1 -2249.5 45.0
2996.5 -2245.2 45.2
3010.8 -2240.8 45.6
3025.2 -2236.4 45.9
3039.5 -2232.1 46.2
3053.9 -2227.7 46.6
3068.8 -2227.4 47.1
3094.7 -2237.5 47.6
2357.7 -4206.2 62.4
2345.3 -4197.6 62.8
2333.0 -4189.0 63.2
2320.7 -4180.5 63.5
2308.4 -4171.9 63.9
2296.1 -4163.4 64.3
2283.7 -4154.8 64.7
2271.4 -4146.3 65.1
2259.1 -4137.7 65.2
2246.8 -4129.1 64.5
2234.5 -4120.6 63.9
2222.1 -4112.0 63.3
2209.8 -4103.5 62.7
2197.5 -4094.9 62.1
2185.2 -4086.4 61.5
2172.9 -4077.8 60.9
2160.5 -4069.2 60.2
2148.2 -4060.7 59.4
2135.9 -4052.1 58.6
2123.6 -4043.6 57.8
2111.3 -4035.0 57.0
2098.9 -4026.5 56.2
2086.6 -4017.9 55.4
2074.3 -4009.4 54.6
2062.0 -4000.8 53.8
2049.7 -3992.2 53.0
2037.3 -3983.7 52.2
2025.0 -3975.1 51.4
2012.7 -3966.6 50.6
2000.4 -3958.0 49.8
1988.1 -3949.5 49.0
1975.7 -3940.9 48.6
1963.4 -3932.3 48.1
1951.1 -3923.8 47.3
1938.8 -3915.2 46.5
1926.5 -3906.7 45.6
1914.1 -3898.1 44.8
1901.8 -3889.6 44.0
1889.5 -3881.0 43.7
1877.2 -3872.4 43.7
1864.9 -3863.9 43.6
1852.5 -3855.3 43.9
1840.2 -3846.8 44.2
1827.9 -3838.2 44.5
1815.6 -3829.7 44.7
1803.3 -3821.1 45.0
1790.9 -3812.6 45.3
1778.6 -3804.0 45.6
1766.3 -3795.4 45.5
1754.0 -3786.9 45.2
1741.7 -3778.3 44.7
1729.3 -3769.8 44.4
1717.0 -3761.2 44.2
1704.7 -3752.7 43.9
1692.4 -3744.1 43.7
1680.1 -3735.5 43.4
1667.7 -3727.0 43.1
1655.4 -3718.4 42.9
1643.1 -3709.9 42.7
1630.8 -3701.3 42.4
1618.5 -3692.8 42.2
1606.1 -3684.2 42.0
1593.8 -3675.6 41.7
1581.5 -3667.1 41.5
1569.2 -3658.5 41.2
1556.9 -3650.0 40.8
1544.5 -3641.4 40.4
1532.2 -3632.9 40.0
1519.9 -3624.3 39.7
1507.6 -3615.8 39.3
1495.3 -3607.2 38.9
1482.9 -3598.6 38.5
1460.7 -3583.2 37.8
2328.2 -4148.5 66.2
2315.9 -4139.9 66.6
2303.6 -4131.4 67.0
2291.2 -4122.8 66.7
2278.9 -4114.3 66.1
2266.6 -4105.7 65.5
2254.3 -4097.2 64.7
2242.0 -4088.6 63.9
2229.6 -4080.1 63.1
2217.3 -4071.5 62.3
2205.0 -4063.0 61.5
2192.7 -4054.4 60.7
2180.3 -4045.8 59.9
2168.0 -4037.3 59.1
2155.7 -4028.7 58.3
2143.4 -4020.2 57.5
2131.1 -4011.6 56.7
2118.7 -4003.1 55.9
2106.4 -3994.5 55.1
2094.1 -3986.0 54.3
2081.8 -3977.4 53.5
2069.5 -3968.9 52.7
2057.1 -3960.3 51.9
2044.8 -3951.7 51.1
2032.5 -3943.2 50.3
2020.2 -3934.6 49.8
2007.8 -3926.1 49.3
1995.5 -3917.5 48.5
1983.2 -3909.0 47.7
1970.9 -3900.4 46.8
1958.6 -3891.9 46.0
1946.2 -3883.3 45.2
1933.9 -3874.7 44.4
1921.6 -3866.2 43.5
1909.3 -3857.6 43.2
1897.0 -3849.1 43.2
1884.6 -3840.5 43.2
1872.3 -3832.0 43.5
1860.0 -3823.4 43.8
1847.7 -3814.9 44.1
1835.3 -3806.3 44.3
1823.0 -3797.8 44.6
1810.7 -3789.2 44.9
1798.4 -3780.6 45.2
1786.1 -3772.1 45.5
1773.7 -3763.5 45.6
1761.4 -3755.0 45.2
1749.1 -3746.4 44.8
1736.8 -3737.9 44.4
1724.5 -3729.3 44.0
1712.1 -3720.8 43.7
1699.8 -3712.2 43.3
1687.5 -3703.6 42.9
1675.2 -3695.1 42.5
1662.9 -3686.5 42.1
1650.5 -3678.0 41.7
1638.2 -3669.4 41.3
1625.9 -3660.9 40.9
1613.6 -3652.3 40.5
1601.2 -3643.8 40.2
1588.9 -3635.2 39.8
1576.6 -3626.7 39.4
1564.3 -3618.1 39.0
1552.0 -3609.5 38.6
1539.6 -3601.0 38.2
1527.3 -3592.4 37.8
1515.0 -3583.9 37.4
1502.7 -3575.3 37.4
1478.1 -3558.3 39.5
2334.0 -2415.4 37.3
2337.1 -2397.0 37.3
2344.6 -2379.4 37.7
2351.3 -2367.7 38.0
2364.2 -2357.3 38.7
2348.8 -2412.4 38.0
2352.5 -2397.8 38.2
2361.4 -2376.6 38.6
2372.8 -2369.1 39.4
2329.9 -2488.4 36.5
2332.9 -2449.5 36.9
2341.0 -2505.7 37.2
2342.5 -2490.8 37.3
2344.0 -2475.8 37.5
2345.6 -2460.9 37.7
2347.1 -2445.3 37.8
2385.4 -2270.8 38.2
2372.0 -2264.1 37.8
2358.6 -2257.3 37.1
2345.2 -2250.6 36.4
2331.7 -2243.9 35.8
2318.3 -2237.2 35.3
2304.9 -2230.5 35.0
2291.5 -2223.7 34.7
2278.1 -2217.0 34.4
2264.7 -2210.3 34.1
2251.3 -2203.6 33.8
2234.8 -2195.3 33.4
690.9 -1765.1 118.6
715.4 -1754.0 117.8
668.5 -1782.2 119.5
662.2 -1768.6 119.3
655.9 -1755.1 119.4
649.4 -1741.2 119.6
717.8 -1805.5 119.1
731.6 -1801.0 118.7
683.1 -1819.1 120.1
672.4 -1794.8 119.7
683.3 -1790.1 119.4
3017.3 53.0 45.0
3016.0 67.9 46.1
3014.7 82.9 47.2
3013.4 97.8 47.8
3011.3 122.5 48.9
3005.0 333.6 53.8
3004.8 348.6 53.8
3004.4 374.0 53.6
2781.6 905.8 48.7
2782.7 920.8 50.0
2783.7 935.8 51.3
2784.8 950.7 51.2
2785.8 965.7 49.9
2786.9 980.6 48.6
2788.3 1000.0 47.0
2845.0 802.4 46.5
2830.4 799.1 45.9
2815.7 795.9 45.4
2801.1 792.6 44.9
2786.5 789.4 44.3
2769.1 785.5 43.7
3037.7 936.4 49.7
3040.2 951.1 49.4
3042.6 965.9 48.7
3045.1 980.7 47.9
3047.6 995.5 47.2
3050.0 1010.3 46.4
3052.5 1025.1 45.7
3055.0 1039.9 44.9
3057.4 1054.7 44.1
3059.9 1069.5 43.3
3062.4 1084.3 42.5
3064.9 1099.1 41.9
3067.3 1113.9 41.1
3069.9 1128.7 40.4
3072.5 1143.5 39.7
3075.0 1158.2 39.1
3077.6 1173.0 38.8
3080.5 1190.0 38.8
3059.7 1039.0 44.9
3062.7 1053.7 44.2
3065.7 1068.4 43.4
3068.6 1083.1 42.7
3071.6 1097.8 41.9
3074.5 1112.5 41.2
3077.5 1127.2 40.5
3080.5 1141.9 39.8
3083.4 1156.6 39.1
3086.4 1171.3 38.9
3089.4 1186.0 38.9
3092.3 1200.7 38.8
3095.3 1215.4 38.8
3098.2 1230.1 38.8
3101.4 1244.8 38.9
3105.2 1259.3 38.9
3108.9 1273.8 39.2
3112.7 1288.3 39.2
3116.5 1302.8 39.3
3120.3 1317.4 39.3
3124.1 1331.9 39.4
3129.1 1351.0 39.5
2737.1 1265.1 44.6
2771.4 1271.7 44.5
2330.1 1234.3 40.8
2333.9 1248.8 40.9
2341.0 1275.6 41.0
2370.2 1108.5 39.0
2406.1 1093.7 37.8
2429.2 1087.6 37.8
2444.2 1087.0 38.1
2473.8 1085.7 38.5
2811.2 1372.7 47.7
2779.4 1362.5 48.0
2918.6 1414.8 46.1
2913.4 1428.8 46.4
2908.2 1442.9 46.5
2901.2 1461.4 46.6
2779.9 1464.8 49.0
2799.5 1471.7 48.5
2780.2 1474.5 48.8
2799.5 1481.6 48.3
2738.3 643.0 44.5
2738.8 658.0 43.9
2739.4 673.0 43.4
2740.0 688.0 43.1
2730.4 706.5 43.3
2722.9 731.4 43.4
2737.9 730.5 43.5
2742.8 741.2 43.4
2744.1 756.1 43.4
2745.3 771.1 43.5
2746.6 786.0 43.9
2747.8 801.0 43.9
2749.7 823.0 43.7
2674.7 681.3 43.2
2665.8 700.1 43.2
2684.4 715.4 43.2
2658.5 716.8 43.0
2651.3 733.6 42.8
2979.5 69.4 46.1
2983.9 59.5 45.3
2990.5 52.6 44.8
3001.3 44.5 44.2
3014.9 42.2 44.2
2973.1 65.2 45.8
2967.1 77.4 46.7
2963.2 81.1 47.0
2711.7 1895.1 58.8
2724.7 1900.2 58.4
2734.2 1911.8 57.9
2743.6 1923.4 57.1
2753.1 1935.1 56.8
2761.2 1947.0 56.6
2757.3 1961.5 56.4
2751.7 1982.3 56.3
3054.5 2123.1 54.9
3065.3 2121.8 54.8
3070.6 2117.2 54.7
3076.3 2109.6 54.5
3089.9 2123.7 54.8
3101.5 2133.2 55.0
3113.1 2142.8 55.1
3130.8 2157.4 55.3
3261.2 1839.8 43.8
3266.1 1854.0 44.0
3271.0 1868.2 44.1
3276.0 1882.4 44.4
3280.9 1896.5 45.0
3285.8 1910.7 45.6
3290.7 1924.9 46.2
3295.7 1939.0 46.9
3300.6 1953.2 47.2
3305.5 1967.4 47.8
3310.4 1981.5 48.4
3315.4 1995.7 49.1
3320.3 2009.9 49.7
3325.2 2024.0 50.3
3330.1 2038.2 50.7
3335.1 2052.4 51.0
3340.0 2066.5 51.2
3346.8 2086.1 51.6
-6932.1 -1656.0 32.4
-6941.2 -1644.1 32.6
-6958.9 -1620.7 32.8
-6922.0 -1639.7 32.5
-6931.5 -1605.7 33.0
-6939.2 -1596.8 33.1
-6943.1 -1582.3 33.2
-6947.0 -1567.9 33.4
-6950.9 -1553.4 33.6
-6954.8 -1538.9 33.7
-6959.8 -1520.5 33.9
-6941.9 -1563.5 33.4
-6950.1 -1533.8 33.8
3323.6 2348.0 61.1
3317.3 2361.6 61.6
3310.9 2375.1 61.8
3304.6 2388.7 62.0
3297.9 2402.9 62.3
-326.0 1742.3 73.1
-297.6 1753.6 71.4
-127.7 1721.3 67.2
-144.7 1731.5 67.4
101.3 432.9 58.6
116.3 433.1 59.0
131.3 433.2 59.4
146.3 433.4 59.7
161.3 433.5 59.8
176.2 433.6 60.1
178.2 445.2 59.7
175.5 467.9 58.9
143.4 400.3 60.9
129.2 403.1 60.6
122.4 407.9 60.3
115.0 416.6 59.7
-4142.9 1886.9 88.4
-4127.0 1910.3 87.3
-3952.1 1800.9 98.4
-3964.2 1809.8 97.6
-3976.2 1818.8 96.8
-3988.3 1827.7 96.0
-4010.5 1844.2 94.6
-3999.4 1898.3 95.0
-4010.4 1908.6 94.0
-4021.3 1918.9 92.6
-4032.2 1929.2 91.3
-4045.4 1936.2 90.0
-4057.4 1944.2 88.7
-4063.6 1967.0 87.5
-1444.9 6779.6 58.7
-1452.8 6792.5 58.2
-1454.5 6806.4 57.8
-1804.0 7620.7 41.8
-1794.0 7609.6 41.8
-1784.0 7598.4 41.9
-1774.0 7587.3 42.1
-1763.9 7576.1 42.3
-1746.3 7556.5 42.6
-1523.0 7395.7 44.0
-1526.2 7410.4 43.6
-1529.4 7425.0 43.6
-1532.6 7439.7 44.0
-1538.3 7452.7 43.6
-1549.6 7462.6 43.2
-1560.9 7472.5 43.2
-1572.1 7482.4 43.4
-1583.4 7492.3 43.1
-1594.2 7502.8 42.8
-1604.8 7513.4 42.5
-1615.4 7524.0 42.4
-1627.2 7533.0 42.2
-1649.6 7546.3 42.1
200.9 5003.3 48.4
213.4 5011.6 48.2
225.9 5019.9 48.0
244.6 5032.3 47.7
-2417.3 8343.0 40.5
-2430.6 8336.1 40.1
-2456.1 8322.8 39.2
-2125.8 8530.1 54.5
-2117.0 8518.0 53.7
-2108.3 8505.8 52.8
-2099.5 8493.6 52.0
-2090.4 8481.1 51.2
4103.7 6428.3 50.1
4093.0 6438.8 49.6
4082.3 6449.3 49.1
4071.6 6459.8 48.7
4060.9 6470.4 48.5
4050.2 6480.9 48.3
4039.5 6491.4 48.1
4028.8 6501.9 47.8
4033.9 6511.9 47.9
4045.3 6521.6 48.1
4056.8 6531.3 48.4
4077.2 6548.9 48.8
2234.5 5760.3 62.9
2247.3 5768.2 63.8
2260.1 5776.1 65.7
2272.8 5784.0 67.6
2285.6 5791.8 69.5
2298.4 5799.7 70.9
2311.1 5807.6 72.0
2323.9 5815.5 72.9
2336.7 5823.3 73.7
2350.7 5832.0 74.7
2293.2 5694.4 66.0
2306.8 5688.1 66.7
2320.4 5681.7 66.6
2334.0 5675.4 66.5
2347.6 5669.1 66.7
2361.2 5662.8 67.1
2376.4 5655.7 67.2
2918.4 5336.5 98.6
2919.3 5351.5 98.5
2920.2 5366.5 98.6
2921.1 5381.4 99.1
2922.6 5407.4 99.9
1330.5 3042.0 99.7
1346.1 3039.4 98.3
1356.2 3037.4 97.1
1364.4 3034.4 96.0
1385.6 3024.1 93.0
3343.9 -5438.0 30.6
3358.7 -5435.4 30.8
3373.5 -5432.8 31.0
3388.3 -5430.3 31.2
3403.0 -5427.7 31.4
3417.8 -5425.1 31.5
3432.6 -5422.6 31.6
3447.4 -5420.0 31.7
3462.2 -5417.5 31.8
3476.9 -5414.9 31.8
3491.0 -5409.9 31.9
3505.0 -5404.4 31.9
3518.9 -5398.8 31.9
3532.8 -5393.3 31.9
3546.8 -5387.7 31.9
3560.7 -5382.1 31.9
3574.6 -5376.6 31.9
3588.6 -5371.2 31.9
3602.6 -5365.7 31.9
3616.6 -5360.3 32.1
3630.6 -5354.8 32.2
3644.5 -5349.4 32.4
3658.7 -5344.4 32.5
3672.9 -5339.7 32.6
3687.2 -5335.1 32.8
3701.5 -5330.4 32.9
3715.7 -5325.8 33.0
3730.0 -5321.2 33.2
3744.3 -5316.5 33.3
3769.8 -5308.2 33.6
3430.3 -3047.6 38.1
3445.0 -3050.3 38.2
3459.8 -3053.0 38.2
3474.5 -3055.6 38.1
3489.1 -3059.3 38.0
3503.6 -3063.2 37.9
3520.9 -3073.6 37.7
1177.8 3068.7 104.5
1192.5 3065.6 102.6
1207.1 3062.5 101.0
1221.8 3059.4 100.6
1236.5 3056.3 100.3
1251.2 3053.2 100.0
1265.8 3050.1 99.6
1280.7 3048.4 99.4
1309.8 3045.2 99.5
2799.1 1007.8 46.2
2827.4 1018.6 45.3
3527.0 -3077.7 37.6
3540.7 -3089.3 37.5
3554.0 -3112.7 37.6
3569.3 -3135.3 37.7
3586.5 -3155.0 37.9
2515.4 -291.9 39.5
2509.0 -280.9 39.5
-5970.7 -1934.4 48.7
-5978.2 -1921.4 48.8
-5985.6 -1908.3 48.9
-5993.0 -1895.3 49.0
-6000.5 -1882.3 48.6
-6007.9 -1869.2 48.2
-6015.2 -1856.2 47.8
-6022.1 -1842.8 47.4
-6028.7 -1829.3 47.1
-6035.1 -1815.8 46.5
-6041.2 -1802.1 45.9
-6047.3 -1788.4 45.1
-6053.4 -1774.7 44.9
-6061.6 -1756.2 45.4
1592.1 -2451.2 31.2
1567.2 -2440.4 30.8
1424.3 -2524.3 32.5
1436.5 -2507.3 32.0
1386.4 -2505.2 33.4
1398.9 -2516.6 33.2
1460.4 -2399.1 31.2
1467.7 -2390.3 31.0
1498.7 -2396.9 29.8
1512.2 -2403.5 29.7
1525.6 -2410.2 29.8
1539.1 -2416.8 30.0
1351.5 -2566.5 35.0
1335.4 -2550.1 35.3
1346.0 -2540.0 34.9
6988.8 -5782.8 82.0
6979.5 -5771.1 81.5
6970.1 -5759.4 80.9
6960.7 -5747.7 80.7
6951.3 -5736.0 80.6
6941.9 -5724.3 81.1
6932.5 -5712.6 81.6
6923.1 -5700.9 82.1
6913.7 -5689.2 82.6
6904.3 -5677.5 83.1
6894.9 -5665.8 83.6
6885.5 -5654.1 84.1
6876.2 -5642.4 82.8
6866.8 -5630.7 81.3
6857.4 -5619.0 79.8
6848.0 -5607.3 78.3
6833.6 -5589.5 76.0
6769.3 -5482.6 68.0
6776.0 -5469.1 68.0
6782.7 -5455.7 68.0
6789.4 -5442.3 68.0
6798.4 -5430.3 67.9
6807.5 -5418.4 67.9
6815.0 -5405.6 67.8
6820.6 -5391.7 67.7
6826.3 -5377.8 67.6
6836.9 -5367.4 67.2
6848.1 -5357.4 66.9
6859.3 -5347.5 66.9
6870.9 -5337.9 66.7
6882.5 -5328.4 66.5
6894.0 -5318.9 65.8
6905.6 -5309.3 64.8
6917.1 -5299.6 63.9
6931.3 -5295.3 62.2
6945.8 -5291.3 60.5
6972.2 -5283.9 60.4
6866.9 -5230.8 74.9
6877.7 -5241.3 72.9
6888.5 -5251.8 70.7
6899.2 -5262.2 68.6
6910.0 -5272.7 66.5
6921.2 -5281.0 64.5
6935.5 -5276.3 62.9
6949.7 -5271.6 62.2
6964.0 -5266.9 62.1
6978.2 -5262.3 62.4
6992.5 -5257.6 62.7
7006.7 -5252.9 63.1
7021.0 -5248.3 63.4
7035.2 -5243.6 63.7
7044.4 -5237.3 64.2
7035.4 -5225.3 65.5
7026.4 -5213.3 66.7
7014.8 -5207.0 67.4
6999.8 -5207.8 67.4
6984.9 -5208.7 67.6
6969.9 -5209.6 67.8
6944.2 -5211.1 68.8
6786.7 -5792.7 89.2
6796.0 -5780.9 89.1
6805.4 -5769.2 88.9
6814.8 -5757.5 88.8
6824.1 -5745.8 88.5
6833.5 -5734.1 88.0
6841.1 -5721.8 87.8
6840.2 -5706.8 86.4
6839.4 -5691.8 85.1
6838.5 -5676.8 83.8
6837.7 -5661.9 82.5
6836.8 -5646.9 81.1
6836.0 -5631.9 79.8
6835.2 -5616.9 78.5
6833.6 -5589.5 76.0
-5278.4 -2595.4 26.6
-5276.4 -2610.2 25.8
-5274.4 -2625.1 24.9
-5272.4 -2639.9 24.5
-5270.4 -2654.8 24.1
-5268.4 -2669.7 23.7
-5265.8 -2688.3 23.4
-4117.2 -7750.8 44.4
-4107.0 -7739.8 44.6
-4096.9 -7728.7 44.8
-4084.9 -7715.7 45.0
-5264.3 -2700.9 23.0
-5258.6 -2742.5 22.7
-5275.3 -2745.3 23.1
-6498.5 6344.0 56.8
-6514.7 6373.2 56.2
855.5 1820.6 42.6
866.1 1810.0 42.4
878.4 1801.4 42.3
890.7 1792.8 42.2
903.3 1784.7 42.1
916.4 1777.3 42.0
929.4 1770.0 41.8
942.5 1762.7 41.6
968.9 1748.9 41.2
1209.0 1708.5 40.5
1201.5 1723.6 40.5
1198.5 1742.5 40.3
2573.6 2423.8 58.8
2560.1 2430.5 59.2
2546.7 2437.2 59.5
2533.3 2443.8 59.8
2519.1 2448.7 60.1
2504.0 2452.8 60.3
1530.1 1928.3 38.5
1542.1 1931.1 38.6
1578.5 1936.8 39.2
1595.0 1939.9 39.6
1629.6 1948.3 40.2
1646.5 1951.9 40.5
1659.6 1953.4 40.8
2749.5 2136.0 53.0
2789.1 2140.3 52.9
2264.7 2221.2 55.3
2254.7 2232.4 55.8
2244.7 2243.6 56.3
2234.6 2254.7 56.8
2224.2 2265.5 57.3
2213.8 2276.3 57.9
2203.3 2287.0 58.4
2192.9 2297.9 58.9
2182.6 2308.8 58.8
2172.3 2319.7 58.6
2162.0 2330.6 58.3
2151.8 2341.6 58.0
2141.4 2352.3 57.7
2130.9 2363.1 57.4
2120.4 2373.8 57.1
2110.0 2384.6 56.8
2095.8 2399.2 56.3
1786.3 2564.3 47.6
1783.0 2549.7 47.3
1779.7 2535.0 47.0
1776.1 2520.5 47.1
1772.1 2506.0 47.1
1768.1 2491.6 47.2
1762.1 2478.1 47.3
1756.8 2464.3 47.4
1753.0 2449.7 47.1
1749.3 2435.2 46.6
1742.3 2422.0 46.5
1734.5 2409.2 46.3
1726.4 2396.5 46.2
1717.5 2384.5 46.1
1707.9 2373.0 46.3
1698.3 2361.4 46.5
1688.7 2349.9 46.6
1679.0 2338.4 46.8
1669.4 2327.0 46.9
1659.7 2315.5 46.3
1649.4 2304.6 45.8
1636.1 2290.5 45.1
2445.5 2244.8 54.1
2431.3 2233.9 53.9
2413.9 2220.9 53.5
2393.5 2205.7 53.1
2365.0 2183.5 52.4
2362.7 2181.4 52.4
-4977.1 8787.9 41.3
-4987.6 8798.6 40.6
-5005.2 8816.6 40.3
-4987.2 8774.3 40.8
-4999.5 8754.9 40.3
-5001.9 8755.5 40.1
-5014.4 8756.6 39.4
-5007.3 8748.6 39.8
2343.1 2157.6 51.5
2332.4 2168.2 52.3
2321.8 2178.8 53.1
2311.6 2189.7 53.7
2301.5 2200.8 54.2
2290.8 2211.4 54.7
2277.9 2224.2 55.3
3602.3 1918.4 48.2
3595.1 1905.3 47.8
3587.8 1892.1 47.3
3580.6 1879.0 46.9
3573.4 1865.8 46.4
3566.2 1852.7 46.0
3559.0 1839.5 45.5
3551.8 1826.4 45.1
3543.9 1813.6 44.6
3535.7 1801.1 44.2
3527.5 1788.5 43.7
3518.1 1776.8 43.5
3508.3 1765.5 43.5
3492.2 1747.1 43.6
3298.6 1659.6 41.7
3311.1 1667.9 41.8
3323.5 1676.2 42.0
3336.0 1684.6 42.2
3348.5 1692.9 42.4
3361.0 1701.2 42.6
3384.1 1716.7 42.9
2351.7 2148.1 50.8
2360.2 2140.2 50.1
2372.8 2132.5 49.5
2058.1 -425.6 39.1
1305.8 -3147.2 34.8
1325.5 -3103.4 32.9
1308.9 -3075.5 33.0
1342.4 -3057.6 32.3
1312.3 -3062.2 33.4
1327.9 -3038.5 33.6
1367.7 -3024.8 33.3
1401.9 -3012.3 33.2
1386.5 -3011.0 33.5
1383.9 -2995.1 35.0
1356.4 -3000.4 36.0
1412.0 -2987.5 33.5
1378.1 -2983.5 36.3
1382.3 -2971.2 36.8
1432.5 -2956.4 34.1
1410.3 -2951.8 36.3
1409.8 -2938.5 36.6
1393.9 -2938.6 37.6
1469.6 -2905.7 33.1
1457.6 -2903.1 33.9
1441.4 -2907.0 34.9
1445.4 -2893.3 34.8
1504.8 -2862.0 35.1
1473.5 -2865.1 34.5
1456.3 -2862.2 34.9
1477.8 -2848.4 35.8
1517.1 -2835.1 37.4
1498.2 -2831.9 37.5
1489.4 -2834.9 37.1
1462.5 -2836.6 36.6
1477.1 -2813.4 37.4
1326.8 -3354.0 33.1
1290.1 -3354.3 32.9
1283.5 -3351.6 32.7
1260.4 -3356.9 32.5
1293.0 -3335.5 33.0
1312.2 -3323.5 33.4
1267.0 -3318.3 33.0
1250.5 -3321.2 33.3
1295.9 -3309.9 33.4
1266.4 -3304.4 33.2
1238.9 -3291.6 33.0
1276.8 -3273.7 33.6
1263.4 -3259.1 33.7
1336.8 -3249.0 35.7
1311.9 -3250.0 35.1
1280.3 -3246.3 34.4
1323.3 -3231.9 36.0
1374.2 -3222.6 37.6
1325.4 -3203.8 37.1
1365.4 -3189.6 38.0
1354.1 -3177.2 37.3
1314.6 -3170.8 35.9
1369.0 -3153.5 35.9
1344.6 -3140.9 35.4
1350.9 -3132.2 34.6
1335.7 -3124.3 34.3
1384.7 -3113.1 32.8
1345.0 -3115.2 33.5
1395.2 -3096.3 31.9
1373.2 -3072.9 30.0
1411.2 -3056.8 32.4
1443.8 -3040.4 38.1
1425.1 -3024.9 36.1
1447.2 -3006.4 35.0
1492.8 -2977.4 33.5
1507.0 -2965.4 32.2
1487.3 -2958.3 30.9
1475.1 -2961.2 31.0
1508.5 -2943.4 30.9
1473.5 -2948.4 29.8
1462.2 -2950.3 31.0
1532.3 -2914.3 33.9
1492.8 -2919.5 31.3
1518.2 -2876.4 35.3
-6350.9 -1566.6 42.5
-6355.4 -1536.7 42.0
-6367.1 -1540.5 41.9
-6269.7 -6602.2 23.1
-6266.0 -6591.0 23.3
-6257.3 -6579.5 23.5
-5365.8 7811.3 48.2
-5380.9 7803.8 47.3
-5351.1 7824.7 49.1
-5407.3 7823.3 46.2
-5378.2 7834.8 47.8
-5389.1 7836.0 47.2
-5360.8 7848.1 48.8
-5409.5 7851.0 46.1
-5372.0 7870.2 48.4
-5407.4 7868.8 46.2
-5422.1 7864.0 45.4
-5381.3 7880.1 48.1
-5393.0 7881.5 47.4
-5470.5 7880.3 42.6
-5456.5 7897.9 44.0
-5464.7 7894.8 43.4
-5486.2 7895.2 42.1
-5526.6 7609.9 43.7
-5562.1 7627.1 43.9
-5546.0 7644.3 43.9
-5517.4 7669.6 43.8
-5527.6 7672.2 43.9
-5542.6 7674.0 43.6
-5527.6 7684.0 43.7
-5561.5 7693.1 43.2
-5539.7 8465.0 37.5
2098.6 -243.5 37.9
4740.5 375.8 48.3
4732.4 380.4 48.2
4719.5 380.3 47.8
4774.0 389.0 48.9
4726.0 389.4 48.3
4703.4 395.3 47.9
4808.0 403.9 49.2
4789.3 402.7 49.1
4787.7 425.2 50.0
4862.8 432.9 50.1
4760.8 436.1 50.2
4742.4 432.5 49.8
4884.6 451.3 50.4
4757.6 451.3 51.4
4982.4 469.9 52.6
4973.7 467.0 52.5
4853.7 465.0 50.5
4839.9 470.2 50.7
4744.6 468.2 52.1
5089.1 482.7 60.9
4968.8 484.8 52.3
4960.3 479.9 52.2
4900.0 483.8 51.6
4821.7 480.1 51.8
4804.7 484.4 52.5
5045.7 497.8 56.9
4989.3 496.3 52.7
4966.5 496.3 52.2
4824.0 497.2 53.7
5176.0 508.0 66.6
5153.3 508.2 65.1
5059.5 508.0 58.0
5034.6 514.6 55.7
4981.3 511.7 52.5
4952.6 512.4 52.8
4884.4 507.6 53.9
4861.8 514.4 54.9
4852.8 515.3 55.2
5182.3 529.3 64.5
5169.6 527.6 63.9
5135.6 525.6 61.9
5073.4 522.2 58.3
5044.8 526.8 55.9
5019.9 523.6 54.3
4849.9 526.3 56.7
4817.2 524.1 57.2
5208.4 543.7 66.4
5180.9 545.1 63.2
5072.1 546.2 55.4
4851.4 544.7 57.2
5209.9 558.8 66.0
5191.5 561.0 63.8
5131.6 555.8 58.1
4875.6 560.5 56.2
4854.7 553.4 56.8
5221.7 568.8 67.0
5043.0 571.5 53.1
5020.3 574.7 53.6
4869.3 567.0 56.5
5180.7 588.4 61.5
5079.7 589.3 52.2
5059.0 590.6 52.5
5035.0 584.2 53.0
5011.9 590.3 53.1
5193.0 601.8 62.3
5175.9 598.8 60.5
5163.6 601.7 58.9
5118.8 601.4 53.8
5074.3 605.5 51.6
5045.8 601.6 52.2
5002.2 599.8 52.8
5181.7 617.0 60.4
5147.2 616.5 56.4
5137.9 615.6 55.4
5087.2 613.7 51.1
5044.1 612.0 51.7
4999.6 616.1 52.2
4906.4 619.4 57.1
5179.8 634.2 59.4
5148.7 633.7 55.9
5131.7 631.9 54.0
5013.6 636.4 51.1
4970.0 628.6 52.3
5165.8 641.6 57.5
5146.2 642.0 55.2
5117.0 647.8 51.6
5094.7 647.1 49.6
5070.9 646.8 49.9
5045.0 643.1 50.4
4970.7 647.7 53.6
4944.3 648.0 55.9
5193.6 657.3 60.0
5169.7 656.9 57.3
5106.4 665.7 49.6
4970.4 660.1 54.5
4892.2 660.4 60.9
5105.0 681.5 48.8
4998.7 675.1 53.2
5148.9 691.9 53.7
5101.9 692.4 48.0
4998.6 696.4 54.7
4988.9 688.0 55.0
4938.1 688.0 59.2
4922.8 687.0 60.3
5166.3 708.2 56.2
4973.8 703.0 57.3
4956.4 706.7 59.0
4936.7 707.9 60.6
4921.0 709.8 61.9
5181.1 723.3 58.3
5151.2 723.5 54.3
5132.8 721.4 51.7
5102.1 725.6 51.0
5049.6 725.7 52.5
4970.2 716.6 58.6
5165.7 739.8 56.4
5076.5 740.9 54.1
5027.7 732.1 54.8
4970.3 740.9 60.1
5151.0 749.1 56.3
5071.5 753.4 56.8
5062.9 751.4 56.3
5028.4 748.8 55.9
5016.9 750.7 57.0
4987.6 749.2 59.4
5092.8 763.4 59.0
5063.6 765.0 59.2
5134.1 785.2 64.9
5119.3 780.8 63.6
5206.3 836.7 74.0
5222.2 861.0 78.4
5209.8 856.7 78.0
5227.8 872.0 79.3
3589.9 -393.3 42.8
5340.4 3955.6 61.3
-5545.5 8119.7 45.2
-5540.5 8130.7 45.1
-5527.2 8153.0 45.4
-5503.2 8184.2 45.9
-5465.2 8196.6 46.0
-5617.6 8325.4 39.7
-5637.5 8315.9 39.4
-5607.5 8336.8 39.8
-6060.1 8730.8 44.2
-4876.6 3906.9 43.9
-4894.7 3905.7 44.5
-4904.5 3903.1 44.8
-4828.7 3923.1 44.3
-4860.0 3931.9 43.6
-4921.4 3940.0 45.1
-4876.3 3954.7 43.7
-4872.3 3968.7 43.9
-6746.3 -1402.1 33.0
-6717.9 -1395.0 32.6
-6748.1 -1387.5 33.3
-6717.5 -1374.5 34.1
-6715.3 -1360.8 34.5
-6748.6 -1365.7 34.6
-6730.5 -1343.1 35.0
-6750.4 -1343.5 35.1
-6775.7 -1344.2 35.3
-6829.2 -1346.5 35.8
-6738.4 -1332.9 35.0
-6823.2 -1333.4 36.0
-6735.3 -1320.1 35.3
-6778.2 -1300.5 36.4
-6782.3 -1268.1 37.3
-6737.7 -1258.2 37.0
-6766.9 -1251.8 37.5
-6780.6 -1251.3 37.7
-6744.9 -1229.9 37.8
-6747.0 -1212.3 38.2
-6752.0 -1200.4 38.7
-6777.5 -1193.7 39.1
-6781.0 -1168.6 39.8
-6798.8 -1150.2 40.0
-6795.6 -1108.6 40.1
-6780.8 -1080.3 39.9
-6812.8 -1074.7 40.4
-6781.7 -1058.5 40.0
-6812.6 -1063.6 40.5
-6763.7 -1049.2 39.7
-6774.9 -1028.4 40.0
-6779.5 -1013.5 40.1
-6805.4 -1013.1 40.6
-6763.4 -999.7 40.0
-6783.2 -1002.8 40.3
-6791.8 -1003.3 40.4
-6822.7 -999.6 40.9
-6746.6 -986.8 39.8
-6793.6 -988.8 40.5
-6809.7 -984.8 40.8
-6829.4 -983.1 41.1
-6780.1 -967.5 40.5
-6790.5 -973.9 40.6
-6804.9 -971.3 40.9
-6822.2 -970.0 41.3
-6778.0 -1819.2 34.0
-4649.1 -5750.2 24.5
-4635.3 -5731.2 24.3
-701.7 6595.0 67.5
