1166.5 6858.7 47.0
1141.7 6911.2 47.3
1159.1 6891.6 47.2
1353.4 7153.9 48.3
1659.0 7658.6 52.7
1170.0 6871.1 47.0
1863.9 8031.4 66.4
1917.2 7572.2 55.6
764.2 7373.0 47.1
2058.9 8693.4 68.1
1976.7 8736.5 69.4
1892.2 8782.1 70.3
3885.2 6811.1 77.0
3893.8 6805.4 77.0
1903.3 7568.4 54.6
1924.5 7581.2 55.8
2068.4 8687.8 67.9
1900.6 8767.1 70.5
1926.9 8752.1 70.3
1917.5 8758.0 70.4
1664.7 7648.6 52.5
2109.7 8632.2 67.3
1993.8 8726.3 69.1
1932.1 8760.2 70.2
2013.1 8717.0 68.8
1938.9 8746.8 70.1
2014.2 8706.8 68.8
769.8 7484.8 49.7
733.6 7472.3 49.3
1106.1 7308.7 47.4
1095.9 7306.4 47.3
1887.4 8042.2 66.0
1511.7 -471.4 106.9
2117.0 8609.7 66.5
5658.4 -7876.8 85.8
1528.3 -453.4 112.4
1500.4 -462.6 107.1
1508.6 -452.5 110.1
3859.9 6828.0 77.3
1656.6 7653.2 52.7
1913.8 7567.9 55.5
1917.2 7587.2 55.0
740.1 7482.9 49.6
1543.2 -436.0 117.5
3923.9 6786.1 76.7
3868.8 6822.0 77.2
3918.6 6790.0 76.7
1536.0 -444.6 115.0
1518.6 -440.2 113.7
1667.6 7654.1 52.4
1653.2 7646.5 53.0
1906.7 7572.8 54.7
1913.7 7582.3 54.9
1910.3 7577.7 54.8
1910.3 7563.1 55.2
5655.9 -7850.5 86.4
5649.4 -7879.3 85.6
1920.6 7576.5 55.7
1662.4 7642.4 52.8
1949.5 8741.2 69.9
2078.8 8682.6 67.7
1891.5 8772.2 70.3
2074.3 8673.9 67.8
2051.5 8686.9 68.2
2106.0 8642.6 67.4
1967.4 8740.9 69.6
2023.9 8701.2 68.7
5661.1 -7865.8 86.1
774.5 7398.8 47.3
1348.6 7148.7 48.3
2113.5 8620.8 67.1
1880.0 8778.3 70.5
1909.4 8762.6 70.6
1881.3 8787.9 70.4
1920.9 8766.9 70.3
747.6 7494.7 49.9
1172.8 6886.1 47.1
1157.9 6907.4 47.2
1124.7 6915.5 47.4
1523.6 -434.1 115.4
1519.0 -463.2 109.3
3902.0 6800.1 76.9
3910.7 6794.5 76.8
3876.8 6816.5 77.1
1344.8 7142.9 48.3
772.4 7376.3 47.0
764.3 7383.5 47.0
779.9 7392.1 47.1
770.0 7414.3 47.7
1100.0 7312.7 47.4
1102.0 7302.4 47.3
2032.2 8707.8 68.5
2059.3 8682.8 68.1
1981.1 8724.2 69.4
2023.6 8711.3 68.7
1950.9 8750.7 69.8
2004.0 8712.4 69.0
2039.6 8693.3 68.4
2066.9 8678.7 68.0
1959.1 8746.1 69.7
1901.8 8776.9 70.4
1941.9 8754.5 70.0
1910.7 8772.2 70.5
1961.1 8734.1 69.7
1332.9 7144.9 48.2
1337.8 7141.8 48.2
1352.1 7161.4 48.3
1530.2 -426.6 117.7
5540.4 -6487.8 84.8
5547.2 -6470.8 85.0
5552.6 -6452.0 85.2
5557.1 -6432.3 85.3
5558.6 -6411.4 85.4
5558.6 -6400.1 85.4
1886.1 7530.1 54.8
1876.8 7518.3 53.8
1867.6 7506.5 53.0
1858.3 7494.7 52.1
1849.1 7482.9 51.9
1839.8 7471.1 51.9
1830.5 7459.3 52.0
1821.3 7447.5 51.7
1812.0 7435.7 51.5
1802.8 7423.9 51.2
1793.5 7412.1 51.0
1784.3 7400.3 50.9
1775.0 7388.5 50.9
1765.8 7376.6 50.9
1756.5 7364.8 50.6
1745.0 7350.1 50.2
1938.5 7603.5 55.3
1947.7 7615.4 54.9
1956.8 7627.3 54.7
1965.9 7639.2 54.4
1975.1 7651.1 54.4
1984.2 7663.0 54.3
1993.3 7674.8 54.2
2002.5 7686.7 54.2
2011.6 7698.6 54.1
2020.8 7710.5 54.0
2029.9 7722.4 53.9
2039.0 7734.3 53.9
2048.2 7746.2 53.8
2057.3 7758.1 53.8
2070.0 7774.7 54.0
2062.9 7781.2 53.6
2053.7 7769.4 53.4
2044.5 7757.5 53.2
2035.3 7745.7 53.3
2026.1 7733.8 53.4
2016.9 7721.9 53.5
2007.7 7710.1 53.6
1998.5 7698.2 53.7
1989.4 7686.4 53.8
1980.2 7674.5 53.9
1971.0 7662.6 54.0
1961.8 7650.8 54.2
1952.6 7638.9 54.4
1941.3 7624.3 54.7
2222.7 7992.0 54.8
2213.5 7980.2 54.6
2204.4 7968.3 55.2
2195.2 7956.4 55.7
2186.0 7944.6 56.3
2176.8 7932.7 56.6
2167.7 7920.8 56.3
2158.5 7909.0 56.1
2149.3 7897.1 55.9
2140.1 7885.2 55.6
2130.9 7873.4 55.2
2121.8 7861.5 54.8
2109.1 7845.1 54.2
2118.0 7839.1 54.3
2127.3 7850.8 54.1
2136.6 7862.6 54.5
2145.8 7874.4 55.3
2155.1 7886.2 56.1
2164.4 7898.0 56.9
2173.7 7909.7 56.7
2183.0 7921.5 56.4
2192.3 7933.3 56.1
2201.6 7945.1 55.8
2210.9 7956.9 55.3
2229.3 7980.2 54.4
2084.6 7404.6 57.7
2099.6 7403.6 57.5
2114.6 7402.5 57.3
2129.5 7401.4 57.1
2144.5 7400.4 56.9
2159.4 7399.3 56.8
2179.0 7397.9 56.6
2088.2 7410.3 57.8
2103.1 7409.4 57.6
2118.1 7408.5 57.4
2133.1 7407.7 57.2
2148.1 7406.8 57.1
2163.0 7405.9 56.9
2182.3 7404.8 56.8
2090.2 7418.6 58.0
2105.1 7417.6 57.9
2120.1 7416.7 57.7
2135.1 7415.7 57.5
2150.0 7414.8 57.3
2165.0 7413.8 57.1
2182.3 7412.7 57.0
1603.3 7163.8 49.3
1612.4 7175.7 49.3
1621.6 7187.6 49.2
1630.7 7199.5 49.2
1639.9 7211.4 49.0
1649.1 7223.2 48.7
1658.2 7235.1 48.4
1667.4 7247.0 48.1
1676.5 7258.9 48.2
1685.7 7270.8 48.5
1694.9 7282.6 48.8
1704.0 7294.5 49.1
1713.2 7306.4 49.3
1730.7 7329.2 49.7
1723.9 7336.2 50.0
1714.8 7324.3 49.7
1705.7 7312.4 49.5
1696.6 7300.5 49.2
1687.5 7288.5 48.9
1678.4 7276.6 48.8
1669.3 7264.7 48.9
1660.2 7252.7 49.0
1651.1 7240.8 49.1
1642.0 7228.9 49.2
1632.9 7216.9 49.4
1623.8 7205.0 49.5
1614.7 7193.1 49.6
1597.0 7169.8 49.6
1739.7 7357.0 50.4
1748.8 7368.9 50.7
1757.9 7380.9 50.9
1767.0 7392.8 51.0
1776.1 7404.7 51.1
1785.2 7416.6 51.1
1794.3 7428.6 51.2
1803.4 7440.5 51.2
1812.5 7452.4 51.2
1821.6 7464.3 51.2
1830.7 7476.3 51.2
1839.8 7488.2 51.2
1848.9 7500.1 51.2
1858.0 7512.0 51.5
1867.1 7524.0 52.3
1883.8 7545.8 53.6
1892.1 7586.7 53.8
1878.0 7591.7 53.4
1863.8 7596.8 53.0
1839.5 7605.5 52.3
1846.8 7622.9 52.3
1861.0 7618.0 52.7
1875.2 7613.1 53.2
1900.5 7604.3 54.0
93.9 7327.4 43.9
121.7 7306.9 43.5
115.8 7342.5 43.5
123.2 7355.5 43.3
130.7 7368.5 43.2
138.1 7381.5 43.0
146.0 7395.3 42.9
1361.8 8431.2 69.3
1383.3 8460.0 69.4
5468.6 3802.8 60.9
5444.6 3827.4 59.7
5470.1 3867.0 59.8
5444.5 3844.1 59.4
1899.5 7976.0 63.8
1910.1 7986.6 63.8
1920.8 7997.1 63.7
1931.4 8007.7 63.7
1944.8 8020.9 63.7
1944.8 8011.3 63.5
1935.4 7999.5 63.4
1926.0 7987.8 63.4
1916.7 7976.1 63.3
1906.3 7963.1 63.3
657.1 7625.9 52.5
664.7 7613.0 51.9
672.4 7600.2 51.0
680.1 7587.3 50.2
687.8 7574.4 50.0
701.4 7551.5 49.5
721.9 7211.9 45.2
700.7 7224.5 45.4
1098.0 6982.3 48.0
1077.5 6992.5 47.3
640.2 7262.4 46.1
619.0 7275.0 46.3
911.3 7093.8 43.5
893.5 7104.2 43.8
1021.0 7025.3 45.2
1000.8 7038.1 44.7
748.8 7194.5 45.0
727.6 7207.1 45.1
938.2 7077.0 43.4
918.0 7089.8 43.4
1126.4 6969.7 48.2
1105.3 6978.4 48.2
667.6 7244.6 45.8
646.4 7257.2 46.0
1043.5 7010.8 46.1
1027.2 7020.4 45.5
880.7 7112.2 44.1
871.7 7117.5 44.3
966.2 7059.9 43.9
946.0 7072.7 43.5
1156.3 6958.4 47.9
1134.0 6966.2 48.1
694.8 7228.7 45.5
673.6 7241.3 45.7
1070.6 6995.7 47.1
1050.1 7005.9 46.3
992.8 7042.8 44.5
972.7 7055.6 44.0
3821.1 6793.5 78.5
3841.1 6824.1 77.7
3821.8 6761.3 78.9
3847.1 6744.8 78.6
3857.7 6733.3 78.6
3886.0 6714.5 78.3
986.6 -329.4 85.8
961.6 -337.6 85.0
934.4 -332.4 84.2
932.9 -317.3 84.3
918.7 -302.8 84.1
1277.8 7471.3 55.1
1266.2 7478.5 55.2
1764.5 8001.0 67.7
1768.6 8013.2 68.9
1749.8 8008.7 68.1
1809.9 8032.4 69.2
1764.5 8028.2 70.1
1797.8 8040.5 70.5
1784.6 8039.0 71.1
1837.1 8058.9 69.6
1810.2 8055.1 70.8
1794.2 8055.6 71.8
1750.5 8061.1 72.7
1842.6 8073.7 70.3
1778.7 8071.3 73.9
1769.2 8075.1 74.3
1750.3 8070.9 73.6
1731.4 8074.1 73.5
1722.5 8071.1 73.1
1695.7 8069.4 72.4
1643.6 8074.5 71.9
1828.8 8083.9 71.9
1793.1 8089.1 74.4
1672.9 8089.1 73.7
1661.5 8087.5 73.3
1987.9 8106.8 64.1
1965.6 8102.8 64.4
1830.9 8103.0 73.2
1798.0 8105.3 75.3
1731.7 8099.3 75.7
1689.1 8101.1 75.1
1575.5 8099.5 72.0
1557.8 8106.7 71.8
2025.4 8122.9 63.7
2004.9 8115.8 63.9
1912.3 8119.4 66.7
1779.1 8120.8 77.5
2011.1 8132.1 63.9
1986.4 8135.9 64.2
1972.8 8135.6 64.4
1963.9 8135.9 64.5
1949.3 8130.3 65.1
1914.3 8135.8 66.7
1842.5 8128.5 73.2
1812.0 8131.4 76.0
1782.5 8136.9 78.5
1716.5 8137.6 78.8
1691.5 8136.2 78.2
1659.4 8130.4 77.2
1620.3 8133.7 76.7
1542.3 8130.8 73.6
1450.1 8131.4 69.4
2035.8 8150.1 63.7
2004.6 8152.0 64.1
1986.8 8149.3 64.3
1882.1 8146.8 69.8
1822.9 8152.6 75.3
1767.8 8143.7 79.9
1754.1 8151.0 80.7
1735.3 8148.7 80.1
1718.4 8145.5 79.6
1708.4 8149.1 79.7
1690.8 8153.0 79.8
1672.5 8144.3 78.7
1636.0 8149.0 78.5
1449.6 8152.2 71.1
2020.2 8162.0 63.9
1912.9 8162.3 67.3
1888.0 8161.3 69.5
1856.4 8165.0 72.5
1799.9 8161.9 77.6
1764.5 8163.8 80.3
1736.9 8167.6 81.9
1723.3 8158.7 80.9
1630.6 8161.7 79.5
1539.4 8164.4 77.2
1437.6 8167.4 72.1
2002.3 8179.1 64.2
1769.1 8173.7 79.5
1748.5 8180.8 80.7
1571.6 8177.5 79.3
1446.7 8174.9 73.2
2068.9 8195.6 63.5
2049.8 8188.9 63.7
2001.6 8191.7 64.3
1896.6 8188.9 69.2
1806.3 8194.6 75.9
1781.8 8191.3 77.8
1737.6 8194.1 80.9
1630.2 8189.1 81.9
1590.7 8195.5 81.4
1574.3 8193.9 80.8
1523.0 8192.7 79.3
1515.3 8198.0 79.6
1465.9 8198.1 77.1
1418.4 8192.0 73.4
2035.1 8212.8 63.9
1866.2 8212.6 70.8
1854.5 8204.1 72.0
1793.5 8206.6 76.3
1768.2 8204.7 78.2
1750.8 8208.2 79.3
1734.5 8208.4 80.5
1720.2 8209.3 81.4
1650.7 8210.4 84.3
1615.1 8212.8 83.6
1603.8 8211.0 83.1
1567.1 8211.0 82.1
1496.1 8210.9 80.2
1421.4 8203.7 73.5
2047.1 8219.1 63.6
2031.9 8227.0 63.7
1904.7 8221.5 69.0
1867.8 8222.9 71.8
1855.0 8222.8 72.7
1844.0 8218.3 73.0
1799.9 8220.5 76.4
1720.8 8223.2 82.4
1681.1 8221.1 85.0
1568.3 8223.6 81.9
1527.3 8218.6 81.0
1500.5 8221.7 80.1
1422.6 8219.5 73.6
2121.3 8240.0 62.3
2070.8 8242.6 62.9
2038.0 8242.0 63.3
1917.2 8237.5 69.9
1889.3 8236.5 71.8
1845.3 8235.8 74.8
1798.2 8235.0 78.1
1721.7 8234.8 83.6
1690.0 8242.3 84.4
1644.4 8233.7 83.5
1605.8 8234.8 82.4
1586.8 8239.9 81.7
1514.6 8233.5 80.0
2129.3 8248.4 62.1
2093.4 8249.3 62.5
2080.0 8250.3 62.7
2054.8 8250.2 63.0
2003.1 8258.1 64.9
1989.5 8258.0 66.0
1978.3 8253.7 66.5
1934.4 8255.2 70.4
1888.8 8256.1 74.0
1616.1 8249.4 82.1
1601.0 8256.5 81.4
1551.7 8250.4 80.3
1479.9 8250.9 78.1
2106.9 8266.5 62.0
2076.7 8264.0 62.5
2069.0 8265.8 62.5
2004.7 8268.6 65.8
1961.6 8267.2 69.3
1851.3 8266.3 77.8
1815.1 8268.3 80.7
1703.0 8272.2 83.5
1513.3 8269.9 78.5
2035.0 8284.4 64.9
1977.5 8283.7 69.7
1886.0 8286.2 77.6
1851.8 8279.6 79.3
1527.4 8285.9 78.2
1510.4 8280.6 78.0
1496.7 8280.1 77.7
2139.1 8300.4 61.0
2097.4 8297.9 61.6
2080.8 8297.8 62.4
2033.1 8300.0 66.7
1993.2 8295.9 69.6
1973.4 8303.0 72.0
1961.3 8300.1 72.7
1918.3 8300.4 76.4
1836.9 8293.9 82.0
1740.6 8295.5 83.5
1522.8 8297.3 77.7
1507.8 8293.5 77.4
1493.7 8295.0 76.9
1485.8 8296.0 76.3
2141.1 8309.5 60.8
2108.8 8311.5 61.5
2082.8 8308.3 63.3
1911.8 8312.9 78.2
1522.9 8309.3 77.2
1510.8 8310.2 76.8
1479.4 8312.6 75.2
1462.2 8313.0 74.2
1995.6 8328.6 72.8
1976.4 8333.0 74.8
1902.4 8332.8 81.0
1882.0 8327.6 82.2
1778.6 8331.5 83.0
1764.0 8327.8 82.8
1499.8 8330.9 75.6
1477.0 8325.5 74.5
2094.4 8339.9 65.2
1886.5 8339.6 82.2
1707.4 8338.7 80.9
2086.0 8360.6 65.7
2039.2 8356.1 69.6
1958.5 8356.5 76.2
1931.5 8360.5 78.3
1919.8 8356.7 79.3
2017.7 8369.0 71.2
1972.2 8377.9 74.8
1957.1 8370.5 76.1
1903.4 8375.0 80.5
1695.2 8371.6 79.7
1996.0 8391.8 72.7
1960.6 8390.4 75.6
2022.0 8406.9 70.4
1988.0 8405.2 73.2
1963.7 8399.2 75.3
2007.3 8416.3 71.5
2047.5 8429.0 68.1
2018.8 8430.3 70.4
1991.9 8434.3 72.6
1784.7 8429.5 81.2
1739.7 8432.1 80.0
1797.5 8444.2 81.2
1749.7 8451.9 79.9
1764.7 8464.7 80.0
2923.1 5614.1 53.8
1017.5 -699.2 79.4
-4180.8 -3921.5 58.0
-4184.7 -3907.8 58.0
-4173.3 -3877.5 57.6
-4156.1 -3859.4 57.3
-4183.3 -3845.9 57.3
-4200.4 -3974.2 57.9
-4207.6 -4037.5 56.9
-4229.1 -3909.4 58.3
-4169.4 -3977.1 57.8
-4455.9 -4433.7 57.1
-4464.2 -4433.8 57.0
-4466.1 -4360.9 56.1
-4447.6 -4349.1 56.3
-4448.1 -4332.8 56.2
-4465.8 -4324.6 55.8
-4523.1 -4513.6 56.0
-4529.2 -4500.1 56.4
-4486.0 -4467.3 57.3
-4497.3 -4458.9 56.9
-4535.5 -4754.4 51.9
-4514.7 -4739.5 52.2
-4553.2 -4738.6 51.3
-4542.1 -4730.7 51.6
-4525.5 -4696.6 52.1
-4526.1 -4669.1 52.1
-4513.9 -4577.1 54.4
-4499.9 -4549.8 55.4
-4120.1 -3841.4 56.8
-4155.5 -3810.8 57.0
-4098.8 -3801.0 56.9
-4160.2 -3797.8 57.2
-4101.1 -3784.9 57.1
-4149.0 -3783.6 57.3
-4101.5 -3750.8 57.6
-4147.0 -3724.1 58.0
-4087.6 -3708.7 57.6
-4069.2 -3694.2 57.4
-4163.7 -3697.6 58.3
-4071.7 -3684.2 57.4
-4147.8 -3684.7 58.1
-4074.5 -3661.9 57.4
-4161.5 -3665.5 58.2
-4146.0 -3632.1 58.0
-4059.2 -3619.4 57.3
-4100.1 -3564.6 57.7
-4119.7 -3564.3 57.9
-4128.7 -3543.1 57.7
-4110.8 -3532.3 57.4
-4133.4 -3530.9 57.6
-4118.7 -3502.7 57.1
-4127.7 -3770.9 57.4
-4134.3 -3743.9 57.8
-4104.9 -3685.9 57.7
-4117.2 -3689.4 57.8
-4084.8 -3657.6 57.5
-4103.6 -3656.4 57.7
-4119.5 -3659.8 57.8
-4084.9 -3623.2 57.5
557.3 7529.0 46.9
