-1729.6 7093.8 74.9
3338.2 -5471.5 105.7
-5410.9 -6218.2 112.9
-5456.4 -6245.5 113.0
3360.4 -5444.8 106.5
3371.6 -5453.3 106.7
-5432.0 -6326.7 113.2
3389.2 -5470.2 106.7
3355.3 -5481.5 105.6
3347.2 -5438.7 106.3
-5462.0 -6218.6 112.7
-5422.0 -6210.1 112.7
-5409.8 -6225.3 113.0
-5430.4 -6281.8 113.2
3336.7 -5435.4 106.1
3323.6 -5462.3 105.7
-5460.5 -6235.7 112.9
3310.0 -5422.1 105.6
3385.3 -5482.1 106.2
3303.1 -5446.5 105.3
3747.1 7829.2 117.8
3756.1 7817.2 117.7
3765.0 7805.2 117.7
3774.4 7795.0 117.5
3787.5 7802.3 117.1
3800.5 7809.7 116.7
3813.6 7817.0 116.3
3826.7 7824.4 115.9
3852.8 7839.1 119.9
4629.6 7573.4 105.3
4642.6 7565.8 105.1
4655.5 7558.2 104.9
4668.4 7550.6 104.7
4681.4 7543.0 104.6
4694.3 7535.4 104.4
4707.2 7527.8 104.2
4720.2 7520.2 104.1
4733.8 7514.1 104.0
4747.9 7508.9 103.9
4762.0 7503.7 103.8
4776.1 7498.5 103.6
4790.1 7493.4 103.5
4804.2 7488.2 103.4
4818.3 7483.0 103.3
4832.4 7477.8 103.1
4846.4 7472.6 103.0
4860.5 7467.5 102.9
4874.6 7462.3 102.8
4888.7 7457.1 102.6
4902.8 7451.9 102.5
4916.8 7446.7 102.4
4930.9 7441.6 102.3
4945.0 7436.4 102.1
4959.1 7431.2 102.0
4973.4 7427.0 101.8
4988.2 7424.8 101.5
5003.1 7422.6 101.3
5017.9 7420.3 101.0
5032.7 7418.1 100.7
5047.6 7415.9 100.4
5062.4 7413.6 100.1
5077.2 7411.4 99.8
5092.1 7409.2 99.6
5106.9 7406.9 99.3
5121.7 7404.7 99.0
5136.6 7402.5 98.7
5151.4 7403.9 98.2
5166.2 7406.2 97.7
5181.0 7408.4 97.2
5195.9 7410.7 96.7
5210.7 7413.0 96.2
5225.5 7415.2 96.2
5240.3 7417.5 96.4
5263.4 7421.1 96.7
4006.7 7770.0 111.7
4020.2 7776.6 112.6
4033.7 7783.2 113.5
4047.2 7789.7 113.7
4060.7 7796.3 113.9
4074.2 7802.9 114.1
4087.6 7809.4 114.4
4101.1 7816.0 114.6
4115.7 7817.0 114.4
4130.7 7816.2 114.2
4145.7 7815.4 114.0
4160.7 7814.6 113.7
4175.6 7813.8 113.5
4190.3 7810.5 113.1
4204.9 7807.1 112.7
4219.5 7803.7 112.2
4234.1 7800.4 111.7
4248.7 7797.0 111.1
4263.3 7793.6 110.6
4277.9 7790.2 110.9
4290.7 7782.8 110.9
4302.8 7773.9 110.8
4314.8 7765.0 110.4
4326.9 7756.1 110.1
4339.0 7747.1 109.8
4351.0 7738.2 109.5
4363.1 7729.3 109.2
4375.2 7720.4 108.9
4387.2 7711.5 108.7
4399.3 7702.6 108.4
4411.4 7693.7 108.1
4423.4 7684.8 107.8
4435.5 7675.9 107.5
4447.6 7666.9 107.3
4459.6 7658.0 107.0
4472.0 7649.5 106.8
4484.6 7641.4 106.6
4497.2 7633.3 106.5
4509.8 7625.1 106.4
4524.5 7615.6 106.3
3043.1 7539.2 141.5
3028.5 7542.5 141.3
3013.8 7545.8 141.1
3000.1 7545.0 140.8
2986.3 7534.5 140.3
4174.8 8314.1 132.8
4171.5 8328.8 132.6
4168.1 8343.4 132.4
4164.8 8358.0 132.2
4161.5 8372.6 132.0
4158.1 8387.2 131.8
4154.8 8401.9 131.5
4151.5 8416.5 131.3
4148.1 8431.1 131.1
4144.8 8445.7 130.9
4141.4 8460.4 130.7
4138.1 8475.0 130.5
4134.8 8489.6 130.2
4131.4 8504.2 130.1
4128.1 8518.9 130.2
4124.7 8533.5 130.3
4121.4 8548.1 130.2
4118.1 8562.7 129.9
4114.7 8577.4 129.7
4111.4 8592.0 129.5
4108.1 8606.6 129.3
4104.6 8621.1 129.1
4089.8 8618.6 129.3
4075.0 8616.2 129.5
4060.2 8613.7 129.8
4045.4 8611.3 130.0
4030.6 8608.8 130.2
4015.8 8606.4 130.4
4001.0 8604.2 130.6
3986.1 8602.7 130.8
3971.1 8601.1 130.9
3956.2 8599.6 131.0
3941.3 8598.1 131.0
3926.4 8596.5 131.0
3911.5 8595.0 131.1
3896.5 8593.4 130.9
3881.6 8591.9 130.6
3866.7 8590.4 130.4
3851.8 8588.8 130.2
3836.9 8587.3 129.9
3821.9 8585.7 129.7
3807.0 8584.2 130.0
3792.1 8582.7 130.3
3777.2 8581.1 130.6
3762.2 8579.6 131.3
3747.3 8578.0 132.0
3732.4 8576.5 132.5
3717.5 8575.0 132.2
3702.6 8573.4 131.9
3687.6 8571.9 131.9
3672.7 8570.3 132.0
3657.8 8568.8 132.0
3642.9 8567.3 131.9
3628.0 8565.7 131.4
3613.0 8564.2 130.6
3598.1 8562.6 129.5
3583.2 8561.1 128.3
3569.3 8556.7 126.9
3557.1 8548.1 125.0
3544.8 8539.4 123.1
3532.6 8530.8 121.7
3517.4 8520.1 120.3
-902.1 -4504.1 127.3
-889.0 -4511.3 127.4
-876.4 -4516.1 127.5
-867.7 -4503.9 127.4
-859.0 -4491.7 127.3
-850.3 -4479.5 127.2
-844.4 -4467.6 126.9
-855.6 -4457.6 126.8
-865.9 -4457.6 127.0
-875.1 -4469.5 127.1
-884.4 -4481.3 127.2
-902.1 -4504.1 127.3
2474.1 2177.8 127.5
