3742.6 -6033.0 16.5
3896.5 -5853.5 19.9
3902.1 -5843.1 19.3
3886.6 -5834.5 18.9
3917.4 -5810.9 17.5
3908.6 -5815.6 17.8
3896.1 -5812.2 17.7
3888.8 -5815.7 17.9
3861.2 -5813.4 17.9
3917.9 -5802.8 17.1
3906.1 -5800.1 17.0
3902.2 -5800.2 17.0
3879.7 -5802.4 17.2
3866.2 -5795.9 16.9
3859.2 -5795.7 16.9
3911.9 -5784.0 16.1
3899.6 -5781.1 16.0
3892.2 -5783.2 16.1
3879.4 -5782.5 16.1
3862.2 -5785.9 16.4
3849.2 -5775.0 15.8
3840.7 -5771.4 15.6
3887.4 -5764.0 15.1
3882.5 -5762.3 15.0
3891.6 -5751.1 14.4
3878.4 -5751.5 14.4
3867.5 -5752.1 14.5
3858.1 -5750.8 14.5
3847.9 -5752.1 14.6
3877.8 -5742.3 13.9
3850.3 -5743.9 14.1
3888.4 -5735.6 13.5
3877.9 -5730.2 13.3
3840.9 -5736.2 13.7
3859.9 -5725.4 13.1
3839.4 -5720.2 12.9
3876.0 -5715.0 12.5
3871.5 -5712.0 12.4
3935.4 -5952.6 17.0
3924.7 -5952.9 17.1
3935.6 -5943.9 17.4
3943.8 -5932.8 17.9
3934.9 -5935.9 17.8
3774.0 -5695.1 12.0
3775.9 -5682.3 11.8
3754.2 -5684.5 12.0
3746.3 -5683.9 12.0
3734.4 -5685.9 12.2
3725.8 -5682.5 12.2
3764.4 -5676.5 11.9
3745.5 -5672.6 12.1
3730.8 -5674.6 12.2
3723.6 -5674.6 12.3
3760.1 -5668.6 11.9
3743.4 -5668.3 12.1
3732.1 -5667.7 12.2
3725.5 -5666.4 12.3
3716.0 -5662.7 12.4
3762.9 -5656.9 11.9
3755.4 -5656.8 12.0
3746.7 -5654.7 12.1
3735.7 -5658.5 12.2
3704.8 -5653.9 12.5
3771.2 -5646.9 12.0
3754.9 -5644.6 12.2
3734.4 -5643.9 12.4
3766.7 -5637.0 12.2
3741.1 -5635.5 12.4
3721.2 -5634.3 12.6
3774.0 -5627.4 12.3
3761.5 -5623.6 12.5
3741.6 -5624.8 12.6
3693.9 -5624.0 13.0
3762.8 -5615.1 12.6
3750.4 -5618.7 12.7
3715.1 -5616.5 13.0
3702.5 -5615.4 13.1
3691.1 -5613.9 13.2
3723.7 -5602.9 13.2
3712.3 -5606.2 13.2
3693.7 -5602.8 13.4
3751.6 -5595.2 13.1
3736.6 -5592.3 13.3
3724.3 -5596.1 13.3
3705.3 -5596.4 13.4
3722.7 -5587.1 13.5
3710.3 -5584.3 13.6
3760.8 -5889.8 19.5
3748.0 -5889.6 19.4
3771.8 -5879.5 19.6
3856.8 -5867.5 20.5
3798.1 -5870.5 19.8
3779.8 -5867.6 19.5
3748.0 -5867.4 19.1
3860.8 -5858.9 20.3
3848.3 -5855.0 20.2
3839.3 -5860.4 20.3
3827.5 -5856.5 20.2
3808.2 -5855.7 19.9
3801.1 -5855.2 19.8
3791.8 -5858.6 19.7
3781.1 -5856.4 19.5
3767.4 -5860.0 19.3
3758.0 -5854.7 19.2
3809.4 -5848.1 19.9
3800.3 -5850.7 19.9
3779.0 -5850.4 19.6
3759.7 -5850.6 19.3
3750.5 -5845.9 19.2
3740.5 -5844.8 19.1
3710.0 -5849.5 18.6
3702.1 -5851.1 18.5
3838.7 -5839.1 19.3
3821.5 -5839.7 19.4
3808.4 -5838.4 19.4
3766.3 -5835.3 19.4
3751.6 -5836.5 19.2
3738.7 -5838.0 19.1
3786.3 -5831.1 19.1
3768.9 -5825.2 18.8
3748.1 -5829.3 19.1
3738.6 -5825.6 18.9
3730.9 -5829.9 19.0
3815.7 -5817.2 18.2
3812.1 -5819.7 18.4
3801.7 -5819.2 18.4
3770.2 -5819.6 18.5
3748.6 -5817.2 18.5
3730.5 -5818.9 18.6
3821.2 -5810.8 17.9
3761.3 -5810.0 18.0
3751.6 -5809.8 18.0
3709.5 -5805.4 17.9
3702.0 -5805.3 18.0
3810.7 -5800.3 17.3
3799.0 -5798.6 17.3
3771.2 -5799.7 17.4
3748.8 -5794.7 17.2
3710.2 -5796.6 17.5
3769.1 -5789.7 16.9
3747.7 -5784.6 16.7
3739.5 -5790.0 17.0
3700.2 -5787.0 17.0
3758.3 -5779.6 16.4
3681.6 -5780.1 16.7
3805.8 -5764.8 15.4
3761.6 -5768.6 15.8
3751.1 -5765.4 15.6
3737.6 -5767.5 15.8
3717.2 -5770.2 16.0
3710.7 -5770.8 16.1
3699.2 -5770.3 16.1
3816.7 -5755.2 14.8
3779.3 -5755.0 15.0
3769.7 -5754.6 15.0
3747.6 -5758.1 15.2
3736.6 -5758.7 15.3
3728.8 -5755.3 15.2
3700.8 -5760.3 15.5
3770.2 -5749.7 14.7
3758.6 -5745.1 14.5
3751.0 -5750.0 14.8
3705.9 -5744.6 14.7
3702.2 -5744.6 14.7
3692.3 -5750.2 15.0
3788.4 -5740.9 14.2
3751.7 -5737.6 14.1
3727.9 -5740.6 14.4
3677.8 -5736.2 14.3
3771.4 -5725.5 13.4
3756.6 -5727.8 13.6
3739.3 -5726.3 13.5
3728.0 -5727.0 13.6
3718.2 -5724.8 13.5
3680.6 -5727.2 13.8
3768.6 -5719.4 13.1
3758.9 -5719.6 13.1
3688.4 -5718.6 13.4
3778.7 -5711.0 12.7
3766.7 -5705.7 12.5
3690.7 -5709.5 13.0
3678.1 -5694.8 12.7
3826.0 -5985.7 16.6
3772.6 -5981.9 17.2
3818.7 -5972.5 17.2
3805.4 -5971.8 17.4
3788.8 -5971.6 17.5
3848.3 -5963.2 17.4
3833.5 -5961.1 17.6
3806.8 -5962.0 17.8
3798.7 -5961.3 17.9
3776.3 -5962.8 18.1
3878.8 -5955.4 17.4
3843.6 -5956.1 17.7
3815.5 -5950.9 18.2
3873.4 -5940.1 18.2
3793.2 -5945.7 18.7
3782.7 -5941.4 19.0
3777.6 -5944.4 18.9
3845.5 -5931.2 18.8
3836.0 -5930.7 18.9
3812.8 -5933.5 19.0
3798.7 -5935.9 19.1
3783.4 -5929.9 19.5
3876.2 -5922.1 19.0
3825.4 -5919.6 19.5
3818.3 -5925.9 19.3
3793.0 -5924.7 19.6
3759.0 -5919.9 19.6
3887.8 -5915.8 19.1
3874.0 -5915.2 19.3
3868.6 -5909.7 19.6
3853.6 -5914.5 19.5
3835.5 -5909.8 19.9
3818.6 -5913.6 19.9
3806.7 -5915.5 19.9
3798.8 -5913.1 20.1
3867.4 -5901.7 20.0
3855.6 -5906.1 19.9
3845.6 -5905.3 20.0
3825.0 -5900.0 20.3
3803.2 -5905.5 20.1
3794.5 -5902.0 19.9
3788.4 -5903.6 19.9
3772.5 -5900.9 19.7
3868.0 -5890.1 20.5
3847.3 -5891.3 20.5
3813.6 -5891.3 20.1
3797.4 -5892.1 19.9
3892.4 -5880.0 20.7
3878.3 -5883.6 20.7
3837.1 -5882.3 20.4
3487.6 -5869.2 15.9
3470.2 -5867.0 15.7
3415.1 -5867.6 15.0
3535.8 -5859.6 16.4
3526.6 -5859.8 16.3
3514.8 -5857.1 16.2
3475.9 -5860.0 15.7
3537.9 -5850.2 16.4
3519.5 -5846.8 16.2
3510.1 -5850.2 16.1
3459.3 -5852.1 15.4
3446.0 -5852.3 15.3
3419.0 -5849.8 14.9
3536.9 -5841.6 16.4
3470.2 -5839.0 15.5
3456.5 -5840.3 15.3
3429.1 -5841.3 15.0
3489.4 -5829.9 15.7
3479.5 -5831.5 15.6
3469.1 -5831.6 15.5
3458.4 -5829.0 15.3
3424.7 -5827.5 14.9
3529.3 -5818.6 16.2
3494.6 -5820.1 15.7
3485.6 -5816.7 15.6
3480.6 -5821.3 15.6
3436.4 -5819.1 15.0
3426.9 -5822.3 14.9
3421.0 -5823.1 14.8
3546.4 -5810.0 16.6
3526.1 -5811.3 16.3
3505.1 -5810.4 15.9
3460.8 -5812.8 15.3
3445.6 -5810.6 15.1
3549.5 -5800.6 16.7
3540.9 -5801.5 16.6
3508.0 -5800.4 16.1
3500.8 -5799.5 16.0
3477.0 -5801.9 15.6
3470.5 -5799.3 15.6
3417.1 -5798.3 14.8
3546.7 -5790.0 16.7
3534.8 -5792.0 16.6
3519.2 -5792.1 16.4
3504.7 -5786.9 16.2
3469.6 -5789.5 15.7
3421.2 -5789.4 15.0
3545.1 -5782.6 16.7
3537.6 -5783.1 16.6
3529.2 -5776.8 16.5
3509.2 -5781.3 16.3
3479.6 -5782.3 15.9
3460.0 -5781.8 15.6
3447.3 -5777.2 15.5
3435.2 -5781.5 15.3
3556.0 -5769.0 16.5
3547.3 -5771.9 16.7
3526.4 -5772.5 16.5
3518.5 -5766.7 16.4
3511.0 -5769.6 16.3
3466.9 -5766.5 15.7
3450.0 -5769.6 15.5
3434.6 -5770.8 15.4
3418.0 -5772.7 15.1
3508.9 -5761.5 16.3
3445.0 -5757.4 15.5
3428.9 -5762.9 15.3
3480.8 -5748.9 15.7
3445.5 -5752.4 15.5
3439.6 -5750.0 15.4
3428.6 -5752.2 15.3
3504.6 -5712.4 14.3
3500.6 -5711.8 14.3
3489.7 -5708.0 14.5
3480.1 -5707.3 14.5
3486.4 -5702.7 14.5
3425.4 -5691.7 15.1
3428.6 -5681.0 15.0
3447.8 -5672.2 14.9
3435.9 -5668.7 15.0
3426.6 -5668.1 15.1
3486.5 -5662.2 14.5
3468.7 -5659.8 14.7
3448.5 -5661.7 14.9
3439.1 -5662.9 15.0
3429.8 -5658.8 15.1
3485.2 -5651.0 14.5
3448.1 -5639.7 14.9
3425.7 -5642.6 15.1
3479.2 -5630.2 14.6
3456.9 -5628.6 14.9
3450.6 -5627.6 14.9
3891.5 -6076.9 16.8
3883.4 -6074.5 16.7
3892.5 -6055.9 16.3
3883.7 -6058.3 16.4
3913.3 -6045.5 16.1
3888.8 -6050.2 16.2
3918.0 -6036.5 16.1
3910.6 -6040.5 16.1
3897.5 -6038.1 16.1
3889.7 -6038.3 16.2
3882.5 -6035.0 16.2
3872.0 -6038.9 16.2
3759.8 -6036.4 16.5
3908.9 -6028.1 16.0
3892.6 -6029.0 16.1
3880.2 -6027.4 16.2
3891.2 -6017.6 16.0
3881.3 -6015.7 16.0
3870.5 -6016.1 16.0
3909.8 -6009.8 15.9
3890.4 -6006.7 15.9
3842.6 -6301.3 18.0
3896.8 -6280.2 18.2
3885.3 -6280.9 18.3
3853.0 -6280.0 18.5
3833.0 -6276.7 18.7
3825.6 -6281.4 18.6
3894.1 -6270.4 18.4
3844.9 -6269.4 18.8
3924.2 -6258.7 18.2
3904.1 -6258.8 18.5
3882.0 -6255.3 18.8
3866.1 -6256.2 18.9
3852.7 -6256.8 19.0
3832.5 -6260.8 19.0
3965.3 -6245.7 17.6
3945.9 -6246.6 17.9
3932.2 -6250.6 18.1
3926.7 -6248.0 18.1
3913.1 -6250.4 18.4
3854.8 -6248.2 19.2
3816.4 -6248.4 19.4
3962.9 -6239.6 17.6
3955.8 -6241.2 17.7
3932.9 -6241.1 18.0
3891.6 -6238.5 18.7
3883.6 -6235.3 18.8
3863.0 -6239.1 19.1
3842.3 -6236.1 19.4
3835.9 -6235.7 19.5
3821.2 -6236.9 19.6
4003.6 -6228.9 16.9
3956.8 -6230.9 17.7
3946.3 -6226.4 17.8
3935.9 -6229.3 18.0
3923.5 -6231.6 18.2
3912.3 -6231.2 18.3
3893.5 -6228.0 18.6
3883.9 -6231.4 18.8
3861.8 -6226.6 19.1
3834.3 -6229.0 19.5
3810.5 -6226.4 19.9
3804.4 -6228.5 19.9
4005.5 -6215.6 16.8
3990.4 -6220.0 17.1
3974.1 -6217.6 17.3
3960.7 -6216.6 17.5
3932.6 -6221.7 18.0
3926.1 -6215.1 18.0
3866.9 -6216.8 18.9
3851.5 -6221.1 19.2
3840.9 -6221.2 19.4
3832.5 -6219.7 19.5
3815.6 -6220.3 19.7
3801.8 -6221.4 19.9
3791.0 -6216.8 19.8
4010.5 -6210.0 16.7
3976.5 -6206.6 17.2
3961.3 -6209.0 17.4
3936.1 -6211.6 17.8
3835.5 -6208.9 19.4
4005.0 -6195.8 16.6
3981.6 -6196.3 17.0
3965.3 -6200.6 17.3
3952.7 -6197.3 17.5
3945.0 -6198.2 17.6
3862.6 -6195.5 18.9
3834.4 -6198.6 19.3
3826.7 -6199.5 19.4
3810.4 -6197.4 19.4
3974.7 -6189.9 17.1
3964.0 -6189.3 17.3
3925.3 -6186.9 17.9
3825.5 -6186.6 19.2
3814.3 -6190.4 19.2
3793.5 -6186.5 19.2
3781.5 -6186.9 19.2
4001.8 -6179.1 16.6
3984.6 -6178.1 16.9
3973.4 -6179.5 17.1
3964.4 -6177.5 17.2
3941.4 -6175.1 17.6
3923.4 -6177.9 17.9
3853.0 -6178.4 18.9
3842.0 -6176.2 18.9
3826.3 -6179.4 19.0
3810.9 -6175.1 18.9
3790.7 -6178.3 19.0
3995.9 -6168.3 16.7
3871.3 -6169.9 18.6
3862.8 -6166.8 18.7
3845.1 -6168.9 18.8
3804.8 -6169.4 18.8
3795.4 -6169.6 18.8
3781.8 -6167.4 18.8
3914.0 -6155.1 18.0
3893.2 -6160.5 18.3
3875.8 -6160.0 18.5
3855.0 -6160.4 18.6
3846.3 -6160.4 18.6
3816.6 -6156.9 18.6
3805.9 -6156.8 18.6
3794.3 -6158.0 18.6
3911.6 -6148.6 17.9
3864.5 -6151.6 18.4
3852.9 -6150.6 18.4
3846.4 -6146.6 18.3
3834.2 -6147.9 18.3
3786.5 -6145.9 18.4
3914.2 -6136.3 17.8
3864.4 -6136.5 18.1
3851.2 -6141.4 18.2
3840.3 -6137.2 18.1
3836.7 -6136.0 18.1
3815.9 -6135.6 18.1
3802.0 -6140.1 18.2
3791.0 -6138.3 18.2
3780.4 -5522.8 13.7
3790.6 -5511.7 13.6
3796.2 -5502.7 13.6
3786.5 -5507.4 13.7
3760.5 -5502.4 13.7
3771.4 -5495.7 13.7
3757.3 -5496.4 13.8
3747.8 -5495.3 13.8
3738.0 -5495.2 13.8
3728.3 -5496.0 13.9
3669.1 -5491.9 14.1
3805.9 -5487.9 13.4
3781.9 -5483.9 13.5
3766.9 -5484.9 13.6
3759.7 -5486.6 13.7
3739.5 -5485.3 13.8
3731.1 -5487.6 13.8
3708.8 -5481.6 13.9
3669.8 -5484.4 14.1
3657.6 -5486.4 14.1
3760.6 -5475.6 13.6
3671.3 -5476.4 14.1
3649.4 -5471.5 14.1
3751.3 -5467.8 13.5
3678.8 -5465.9 14.0
3671.3 -5462.0 14.0
3649.0 -5461.3 14.2
3695.8 -5451.7 13.8
3685.4 -5457.1 14.0
3677.3 -5457.8 14.0
3659.5 -5455.2 14.2
3650.4 -5455.6 14.3
3696.1 -5442.8 13.9
3638.3 -5444.3 14.7
3690.6 -5431.4 14.3
3666.4 -5433.2 14.8
3659.5 -5432.7 14.8
3629.9 -5435.3 15.0
3682.0 -5424.8 14.6
3671.9 -5423.6 14.9
3650.4 -5423.6 15.1
3640.7 -5421.8 15.3
3676.9 -5413.8 14.9
3670.1 -5413.5 15.1
3658.3 -5411.6 15.4
3651.8 -5417.5 15.3
3637.8 -5414.2 15.5
3626.8 -5416.8 15.5
3619.5 -5411.8 15.7
3677.4 -5404.0 15.2
3651.2 -5407.9 15.5
3638.3 -5401.4 15.8
3668.2 -5395.9 15.5
3660.1 -5394.4 15.7
3637.4 -5392.6 15.9
3631.3 -5396.1 15.9
3619.0 -5393.7 16.0
3658.6 -5381.3 15.6
3647.8 -5382.5 15.7
3639.3 -5386.3 15.8
3657.1 -5377.3 15.6
3651.7 -5374.2 15.7
3640.8 -5373.0 15.7
3621.5 -5374.8 15.9
3649.3 -5361.9 15.6
3616.5 -5362.3 15.8
3610.2 -5361.8 15.9
3600.2 -5365.8 16.0
3658.2 -5357.3 15.4
3631.3 -5352.7 15.7
3605.3 -5355.7 15.9
3657.0 -5346.4 15.4
3626.6 -5342.2 15.7
3646.1 -5331.7 15.4
3631.7 -5334.8 15.6
3615.4 -5333.9 15.7
3610.1 -5333.4 15.7
3601.7 -5337.9 15.8
3586.7 -5325.0 15.9
3620.1 -5312.7 15.5
3597.6 -5311.3 15.7
3635.5 -5302.3 15.3
3631.6 -5303.7 15.4
3619.2 -5305.0 15.5
3606.6 -5303.9 15.6
3600.8 -5302.8 15.6
3579.3 -5303.8 15.8
3658.1 -5291.8 14.9
3648.9 -5295.9 15.2
3640.3 -5297.4 15.3
3621.4 -5294.5 15.4
3608.9 -5294.9 15.5
3595.7 -5293.0 15.6
3585.6 -5296.8 15.7
3575.7 -5291.7 15.8
3639.3 -5287.7 15.2
3630.9 -5286.5 15.3
3621.4 -5284.0 15.3
3606.7 -5281.7 15.5
3590.8 -5285.7 15.6
3580.2 -5286.5 15.7
3658.6 -5274.9 14.8
3645.5 -5275.3 15.1
3619.4 -5273.1 15.3
3609.4 -5271.4 15.4
3599.1 -5275.4 15.5
3580.4 -5273.2 15.7
3569.0 -5276.1 15.8
3617.0 -5267.5 15.3
3608.6 -5267.5 15.4
3589.3 -5262.6 15.5
3569.1 -5262.3 15.7
3580.2 -5252.8 15.5
3567.4 -5252.9 15.6
3617.7 -5243.7 15.0
3589.1 -5246.8 15.3
3607.5 -5202.5 14.8
3601.2 -5205.9 14.9
3625.5 -5187.4 14.0
3775.5 -5615.1 12.5
3812.4 -5605.0 12.4
3806.4 -5603.4 12.5
3834.7 -5596.2 12.4
3815.1 -5592.8 12.6
3802.9 -5598.7 12.6
3785.4 -5595.2 12.8
3773.9 -5595.4 12.9
3862.1 -5584.9 12.4
3806.0 -5584.3 12.8
3780.3 -5584.9 13.0
3771.6 -5587.5 13.1
3839.9 -5574.9 12.7
3823.2 -5579.1 12.8
3806.2 -5577.8 13.0
3786.1 -5576.5 13.1
3774.9 -5579.2 13.2
3792.1 -5566.9 13.3
3783.5 -5566.3 13.3
3842.8 -5694.5 11.7
3864.4 -5674.5 10.9
3843.4 -5673.7 11.1
3831.2 -5673.3 11.3
3819.1 -5674.1 11.4
3840.8 -5663.6 11.2
3824.4 -5664.8 11.3
3878.7 -5649.2 11.1
3857.8 -5650.0 11.3
3829.7 -5650.5 11.5
3818.6 -5654.2 11.5
3810.9 -5654.6 11.6
3882.4 -5638.8 11.3
3872.6 -5643.6 11.3
3859.3 -5641.8 11.4
3818.9 -5643.9 11.7
3809.8 -5639.5 11.8
3869.4 -5634.6 11.4
3862.4 -5632.8 11.5
3853.1 -5634.6 11.6
3821.4 -5632.8 11.9
3873.7 -5621.7 11.6
3848.0 -5621.3 11.8
3833.1 -5621.3 12.0
3823.3 -5624.9 12.0
3864.1 -5608.6 11.9
3839.0 -5609.8 12.1
3830.9 -5612.7 12.1
3940.2 -5782.4 15.5
3928.7 -5784.0 16.0
3958.0 -5774.2 14.4
3948.6 -5776.1 14.9
3922.6 -5771.9 15.4
3938.2 -5766.2 15.0
3930.2 -5763.6 14.9
3918.6 -5756.5 14.6
3920.6 -5744.7 13.9
3922.5 -5734.1 13.3
3904.5 -5722.7 12.8
3929.7 -5713.6 12.2
3902.6 -5707.6 12.1
3892.7 -5704.1 11.9
3909.9 -5692.9 11.4
3903.6 -5696.6 11.6
3902.1 -5682.7 11.0
4125.5 -5505.8 14.0
4116.3 -5506.9 14.0
4110.7 -5505.4 14.0
4140.0 -5499.9 14.1
4157.8 -5486.6 14.1
4148.2 -5490.2 14.1
4138.2 -5486.2 14.1
4126.7 -5485.7 14.0
4119.9 -5484.6 14.0
4108.4 -5487.2 14.0
4207.4 -5480.6 14.2
4198.2 -5478.3 14.2
4179.7 -5475.1 14.1
4170.4 -5476.4 14.1
4156.2 -5480.7 14.1
4119.7 -5479.1 14.0
4199.5 -5467.1 14.1
4165.2 -5466.3 14.1
4155.8 -5470.2 14.1
4139.9 -5465.2 14.0
4121.6 -5466.8 14.0
4108.4 -5465.4 14.0
4279.9 -5455.2 14.8
4195.7 -5460.4 14.1
4160.4 -5457.8 14.0
4116.8 -5458.7 14.0
4087.7 -5458.5 13.9
4080.7 -5458.0 13.9
4298.1 -5447.9 15.0
4279.3 -5445.6 14.7
4239.3 -5447.5 14.3
4206.5 -5449.3 14.1
4196.9 -5447.3 14.1
4119.3 -5447.6 13.9
4106.9 -5448.3 13.9
4098.4 -5449.0 13.9
4067.0 -5446.0 13.8
4355.2 -5435.2 15.6
4238.4 -5434.9 14.2
4225.5 -5438.1 14.1
4205.6 -5440.1 14.1
4175.4 -5436.6 14.0
4156.0 -5441.1 14.0
4110.6 -5439.0 13.9
4098.2 -5437.0 13.9
4088.2 -5437.3 13.8
4045.8 -5439.6 13.8
4375.7 -5428.2 15.8
4259.4 -5430.4 14.5
4246.1 -5430.2 14.3
4220.0 -5427.7 14.1
4159.1 -5425.5 14.0
4149.0 -5427.4 13.9
4141.4 -5428.5 13.9
4127.3 -5427.1 13.9
4116.9 -5425.1 13.9
4098.8 -5425.9 13.8
4088.9 -5425.1 13.8
4077.3 -5425.3 13.8
4071.6 -5424.9 13.8
4055.8 -5430.2 13.8
4041.2 -5425.5 13.8
4299.9 -5419.3 14.9
4265.8 -5421.1 14.5
4257.4 -5417.0 14.4
4240.3 -5418.2 14.2
4205.4 -5415.6 14.0
4167.0 -5418.9 14.0
4116.6 -5414.5 13.9
4079.6 -5420.8 13.8
4056.2 -5414.8 13.8
4286.8 -5405.3 14.7
4278.5 -5407.7 14.6
4257.9 -5407.0 14.4
4236.2 -5406.5 14.1
4215.3 -5405.5 14.0
4206.7 -5409.8 14.0
4197.4 -5410.7 14.0
4125.7 -5407.7 13.9
4116.4 -5405.1 13.9
4087.1 -5408.3 13.8
4076.0 -5410.5 13.8
4069.9 -5405.4 13.8
4057.1 -5410.6 13.8
4039.3 -5406.5 13.8
4438.9 -5399.6 16.3
4341.4 -5399.3 15.3
4297.5 -5396.1 14.8
4288.7 -5399.0 14.7
4250.4 -5395.2 14.3
4209.5 -5401.0 14.0
4195.3 -5396.4 14.0
4176.8 -5395.3 13.9
4165.6 -5400.0 13.9
4155.5 -5399.6 13.9
4145.4 -5398.5 13.9
4128.6 -5399.3 13.9
4098.1 -5399.9 13.8
4065.6 -5397.8 13.8
4308.5 -5387.4 14.9
4298.1 -5391.0 14.8
4247.5 -5387.7 14.2
4236.6 -5386.2 14.1
4215.6 -5385.9 14.0
4206.9 -5389.0 14.0
4201.7 -5389.4 14.0
4189.0 -5385.5 13.9
4159.7 -5385.9 13.9
4145.6 -5388.3 13.9
4136.3 -5390.5 13.9
4116.3 -5386.3 13.8
4091.4 -5385.8 13.7
4061.1 -5389.2 13.6
4048.0 -5387.8 13.6
4035.6 -5389.3 13.6
4031.3 -5387.8 13.5
4336.4 -5380.8 15.2
4326.5 -5376.6 15.1
4316.7 -5377.6 15.0
4305.8 -5375.1 14.9
4240.3 -5380.0 14.1
4215.4 -5377.9 14.0
4208.9 -5378.9 14.0
4199.9 -5379.8 13.9
4179.9 -5376.2 13.9
4120.5 -5379.3 13.6
4096.9 -5379.7 13.6
4088.5 -5376.0 13.4
4076.1 -5381.0 13.5
4071.6 -5376.2 13.4
4348.0 -5366.3 15.3
4335.2 -5364.6 15.2
4297.8 -5370.9 14.8
4285.1 -5369.2 14.6
4229.6 -5370.6 14.0
4217.5 -5365.0 13.9
4187.3 -5369.3 13.9
4180.9 -5365.5 13.8
4146.7 -5369.8 13.7
4127.9 -5369.9 13.6
4106.8 -5366.9 13.5
4087.8 -5369.4 13.4
4078.8 -5366.7 13.3
4049.4 -5367.2 13.2
4346.5 -5360.1 15.2
4336.3 -5356.3 15.1
4321.7 -5355.3 15.0
4310.3 -5356.3 14.9
4280.7 -5360.5 14.5
4267.6 -5358.0 14.4
4256.1 -5360.5 14.2
4246.2 -5360.0 14.1
4239.0 -5354.7 14.0
4205.6 -5359.4 13.9
4195.2 -5360.3 13.9
4189.7 -5355.9 13.8
4157.8 -5358.6 13.7
4151.2 -5360.5 13.7
4119.0 -5356.2 13.5
4075.7 -5357.9 13.3
4071.4 -5357.0 13.2
4061.3 -5357.2 13.2
4045.9 -5359.8 13.1
4257.5 -5347.5 14.2
4220.6 -5347.6 13.9
4196.4 -5349.8 13.9
4178.9 -5350.4 13.8
4151.4 -5345.3 13.6
4139.9 -5349.3 13.6
4119.6 -5350.2 13.5
4106.8 -5346.7 13.4
4058.4 -5346.6 13.1
4049.2 -5344.6 13.1
4040.0 -5348.3 13.0
4380.6 -5336.8 15.4
4346.1 -5340.4 15.1
4327.0 -5335.2 14.9
4320.9 -5335.7 14.8
4297.6 -5340.2 14.7
4275.5 -5338.8 14.4
4259.1 -5337.8 14.2
4245.5 -5341.0 14.1
4239.4 -5335.6 14.0
4229.9 -5336.4 13.9
4167.8 -5336.0 13.6
4149.0 -5337.1 13.6
4140.5 -5334.6 13.5
4120.1 -5339.7 13.4
4080.3 -5337.6 13.2
4055.4 -5336.0 13.1
4050.3 -5335.5 13.0
4419.3 -5324.6 15.8
4408.7 -5326.5 15.6
4366.0 -5328.2 15.2
4346.1 -5328.1 15.0
4325.6 -5325.6 14.8
4319.8 -5325.0 14.8
4310.3 -5327.6 14.7
4295.9 -5327.9 14.6
4266.2 -5327.7 14.3
4256.6 -5329.1 14.2
4246.7 -5325.3 14.0
4240.9 -5330.0 14.0
4189.4 -5329.1 13.7
4181.0 -5330.6 13.7
4129.0 -5327.6 13.4
4100.8 -5330.6 13.3
4087.6 -5327.7 13.2
4048.7 -5328.1 13.0
4035.1 -5329.5 12.9
4326.9 -5318.6 14.8
4311.5 -5320.0 14.7
4295.8 -5316.0 14.5
4267.7 -5317.6 14.2
4190.6 -5320.7 13.7
4177.7 -5321.1 13.6
4169.7 -5320.4 13.6
4147.0 -5318.3 13.5
4115.6 -5320.8 13.3
4105.2 -5319.9 13.3
4087.7 -5314.6 13.1
4059.4 -5314.6 13.0
4046.3 -5321.1 12.9
4036.8 -5319.3 12.9
4298.4 -5304.9 14.5
4290.5 -5305.9 14.4
4277.8 -5308.2 14.3
4268.4 -5307.0 14.2
4239.9 -5305.2 13.9
4220.7 -5309.0 13.8
4210.8 -5310.8 13.8
4176.2 -5307.3 13.6
4171.0 -5305.2 13.5
4160.1 -5307.3 13.5
4150.1 -5309.8 13.4
4126.1 -5305.0 13.3
4099.9 -5307.8 13.1
4089.4 -5307.3 13.1
4077.9 -5307.6 13.0
4071.5 -5308.2 13.0
4047.7 -5309.2 12.8
4041.7 -5305.1 12.8
4377.1 -5300.2 15.3
4345.8 -5295.1 15.0
4338.5 -5300.8 14.9
4309.7 -5294.6 14.6
4298.0 -5295.3 14.5
4290.7 -5300.2 14.4
4281.7 -5296.3 14.3
4236.3 -5296.1 13.8
4136.5 -5300.8 13.3
4130.8 -5294.9 13.2
4087.2 -5298.2 13.0
4076.8 -5300.0 12.9
4389.6 -5290.6 15.4
4365.6 -5285.7 15.2
4360.8 -5284.9 15.1
4326.2 -5284.6 14.8
4316.1 -5289.5 14.6
4305.1 -5289.9 14.5
4266.0 -5286.3 14.1
4216.3 -5290.2 13.7
4210.4 -5290.2 13.6
4195.5 -5287.1 13.5
4189.5 -5288.2 13.5
4156.7 -5291.0 13.3
4137.6 -5287.8 13.2
4105.4 -5288.8 13.0
4077.9 -5289.4 12.9
4066.4 -5288.8 12.8
4387.1 -5279.8 15.4
4380.7 -5276.8 15.3
4365.7 -5277.5 15.2
4356.8 -5275.2 15.1
4216.2 -5275.8 13.6
4201.3 -5277.0 13.5
4179.0 -5280.4 13.4
4157.5 -5279.4 13.3
4107.7 -5278.2 13.0
4045.5 -5278.5 12.6
4041.6 -5279.6 12.6
4378.1 -5266.9 15.3
4208.5 -5269.5 13.6
4160.5 -5264.5 13.2
4126.0 -5269.8 13.1
4085.2 -5269.6 12.8
4068.1 -5270.0 12.7
4060.1 -5266.0 12.7
4206.8 -5259.8 13.5
4189.2 -5260.1 13.4
4166.6 -5255.4 13.2
4140.0 -5259.5 13.1
4128.9 -5259.7 13.0
4118.1 -5259.9 13.0
4096.7 -5257.6 12.8
4080.8 -5256.8 12.8
4060.0 -5259.8 12.6
4180.4 -5246.3 13.3
4085.1 -5245.8 12.7
4066.6 -5251.0 12.6
4190.8 -5237.2 13.4
4176.8 -5237.3 13.3
4150.6 -5238.0 13.1
4099.6 -5238.4 12.8
4080.7 -5235.5 12.7
4179.2 -5227.1 13.3
4147.4 -5226.1 13.0
4136.9 -5226.7 12.9
4120.8 -5226.5 12.8
4110.1 -5226.8 12.8
4168.0 -5221.0 13.2
4150.1 -5217.5 13.0
4138.3 -5219.0 12.9
4130.0 -5215.9 12.9
4076.8 -5218.5 12.6
4058.5 -5217.8 12.5
4167.7 -5205.4 13.2
4139.9 -5211.1 12.9
4125.8 -5208.2 12.8
4086.2 -5204.9 12.6
4080.5 -5206.4 12.5
4067.8 -5207.5 12.5
4061.2 -5208.6 12.4
4096.6 -5200.4 12.6
4089.0 -5197.9 12.5
4078.5 -5195.7 12.5
4120.3 -5187.5 12.8
4141.4 -5175.7 12.9
4175.9 -5165.8 13.2
4157.6 -5166.0 13.0
4151.2 -5164.6 13.0
4126.4 -5165.3 12.8
4111.1 -5164.7 12.7
4109.7 -5160.0 12.6
4126.8 -5147.9 12.7
4116.1 -5145.7 12.7
4106.4 -5148.2 12.6
4165.2 -5139.4 13.0
4137.4 -5135.3 12.8
4128.0 -5137.0 12.7
4115.9 -5138.6 12.7
4126.7 -5129.8 12.7
4127.6 -5120.3 12.7
4128.3 -5109.4 12.7
4106.9 -5105.2 12.5
4155.1 -5099.0 12.9
4140.0 -5100.9 12.8
4098.0 -5094.7 12.4
4125.9 -5089.1 12.7
4111.2 -5090.0 12.5
4089.6 -5089.2 12.4
4127.3 -5076.7 12.6
4087.6 -5067.5 12.3
4081.3 -5069.3 12.3
4116.1 -5058.4 12.5
4111.5 -5057.4 12.5
4081.7 -5057.4 12.1
4035.6 -5056.3 11.4
4018.3 -5059.0 11.3
4100.3 -5045.6 12.2
4085.2 -5045.5 11.9
4070.5 -5047.9 11.8
4057.5 -5047.1 11.6
4047.3 -5050.5 11.5
4035.7 -5045.9 11.3
4028.5 -5046.0 11.2
4136.8 -5039.5 12.6
4111.4 -5034.7 12.3
4089.5 -5035.8 12.0
4060.8 -5036.2 11.6
4040.5 -5037.5 11.4
4025.4 -5035.3 11.2
4135.1 -5030.5 12.6
4095.3 -5030.9 12.1
4088.4 -5028.6 12.0
4066.2 -5031.0 11.7
4065.8 -5020.5 11.7
4059.3 -5019.6 11.6
4220.7 -6021.4 10.3
4215.8 -6019.4 10.3
4200.6 -6022.4 10.0
4311.4 -6012.3 13.6
4244.2 -6008.5 11.0
4233.9 -6006.5 10.8
4222.2 -6009.5 10.6
4250.5 -6002.4 11.2
4232.0 -6003.0 10.9
4223.2 -5997.1 10.9
4181.6 -5999.0 10.5
4173.6 -6000.0 10.4
4315.7 -5987.0 13.8
4272.1 -5988.5 12.2
4259.7 -5986.8 11.7
4255.6 -5989.6 11.6
4244.4 -5990.1 11.4
4235.8 -5991.0 11.2
4204.2 -5987.5 10.9
4153.3 -5991.7 10.5
4352.2 -5980.3 13.9
4340.0 -5977.2 13.9
4330.3 -5980.9 13.8
4320.6 -5980.6 13.8
4310.0 -5982.3 13.8
4296.0 -5976.7 13.9
4275.4 -5979.7 12.7
4249.6 -5981.4 11.7
4230.8 -5979.9 11.4
4190.2 -5977.0 11.1
4181.0 -5981.5 10.9
4170.0 -5977.1 11.0
4163.3 -5983.0 10.8
4151.0 -5977.0 10.9
4132.6 -5977.6 10.8
4333.7 -5967.8 13.9
4260.0 -5967.5 12.1
4251.3 -5971.2 11.9
4246.0 -5966.9 11.9
4221.9 -5969.2 11.4
4212.9 -5968.3 11.4
4195.4 -5971.5 11.2
4171.4 -5968.4 11.2
4164.1 -5970.9 11.1
4151.8 -5972.3 11.0
4131.2 -5971.0 10.9
4124.9 -5972.1 10.8
4321.0 -5960.4 14.0
4311.1 -5962.9 14.0
4300.5 -5956.8 14.0
4282.4 -5963.0 13.6
4261.1 -5958.8 12.3
4212.1 -5959.0 11.6
4169.5 -5962.5 11.3
4166.0 -5962.6 11.3
4153.6 -5957.0 11.4
4125.6 -5961.1 11.1
4114.5 -5958.2 11.0
4399.9 -5952.5 14.6
4389.6 -5946.7 14.6
4379.5 -5947.9 14.5
4350.6 -5952.5 14.2
4320.5 -5952.5 14.1
4312.9 -5952.4 14.1
4302.2 -5948.8 14.1
4290.2 -5951.0 14.1
4239.9 -5951.7 12.1
4216.1 -5951.9 11.8
4200.9 -5951.1 11.8
4169.9 -5949.7 11.6
4139.5 -5946.4 11.5
4134.8 -5951.2 11.4
4122.2 -5949.9 11.2
4380.3 -5939.2 14.6
4372.1 -5937.7 14.5
4364.3 -5936.4 14.5
4342.3 -5941.5 14.3
4304.3 -5940.8 14.1
4272.4 -5938.3 13.5
4260.9 -5938.7 12.8
4251.5 -5937.4 12.6
4229.5 -5942.6 12.2
4195.6 -5938.9 12.0
4179.9 -5938.5 12.0
4170.7 -5940.6 11.9
4165.5 -5938.8 11.9
4122.6 -5937.3 11.5
4114.8 -5942.4 11.3
4431.0 -5930.8 15.1
4404.4 -5927.0 14.9
4394.8 -5929.6 14.8
4373.5 -5930.1 14.6
4364.3 -5929.8 14.6
4349.5 -5931.0 14.5
4335.6 -5931.3 14.3
4311.6 -5932.6 14.2
4302.6 -5931.1 14.2
4282.6 -5927.3 14.3
4272.3 -5932.1 13.6
4261.6 -5927.4 13.0
4242.3 -5927.1 12.7
4210.5 -5927.9 12.4
4192.8 -5931.9 12.2
4151.1 -5928.3 12.0
4132.0 -5932.9 11.7
4124.9 -5928.9 11.7
4106.1 -5931.6 11.5
4432.4 -5918.9 15.2
4420.1 -5921.8 15.1
4411.4 -5917.1 15.1
4403.6 -5917.6 15.0
4363.8 -5918.2 14.7
4322.4 -5916.8 14.4
4309.6 -5917.1 14.3
4299.5 -5921.1 14.3
4260.4 -5919.5 13.2
4244.0 -5922.2 12.8
4221.4 -5918.0 12.7
4191.9 -5918.9 12.5
4175.6 -5917.6 12.5
4143.7 -5922.5 12.0
4134.3 -5917.6 12.1
4460.8 -5912.0 15.5
4443.1 -5911.1 15.4
4415.9 -5909.0 15.2
4402.0 -5911.7 15.1
4390.6 -5911.8 15.0
4374.6 -5909.5 14.9
4343.9 -5907.1 14.7
4311.6 -5910.2 14.4
4300.0 -5911.5 14.4
4283.5 -5911.7 14.4
4270.4 -5906.7 14.1
4255.7 -5911.2 13.3
4240.7 -5910.4 13.0
4222.8 -5906.5 13.0
4201.8 -5907.1 12.9
4189.7 -5909.0 12.8
4185.4 -5911.6 12.7
4176.0 -5913.0 12.6
4114.1 -5910.8 12.0
4102.1 -5906.5 12.0
4084.5 -5910.2 11.8
4451.3 -5901.9 15.6
4412.2 -5898.1 15.3
4401.3 -5898.7 15.2
4390.0 -5899.9 15.1
4374.1 -5900.5 15.0
4361.2 -5898.7 14.9
4349.7 -5898.3 14.9
4343.1 -5900.5 14.8
4332.2 -5898.0 14.7
4319.9 -5900.6 14.6
4309.9 -5896.5 14.6
4300.1 -5902.9 14.5
4251.7 -5901.1 13.4
4234.0 -5898.6 13.2
4215.0 -5901.2 13.1
4180.3 -5902.7 12.8
4173.4 -5900.9 12.8
4163.1 -5896.8 12.8
4151.6 -5899.4 12.6
4143.2 -5902.2 12.5
4123.9 -5899.5 12.4
4110.7 -5900.4 12.2
4100.6 -5898.1 12.2
4084.2 -5902.6 12.0
4460.4 -5892.4 15.7
4441.9 -5891.5 15.6
4431.0 -5890.9 15.5
4424.0 -5892.3 15.5
4410.1 -5887.7 15.4
4354.1 -5887.8 15.0
4323.1 -5886.4 14.8
4310.1 -5887.5 14.7
4303.3 -5888.3 14.6
4295.0 -5890.5 14.6
4281.1 -5891.5 14.5
4272.2 -5892.3 14.5
4256.0 -5888.9 13.8
4243.3 -5889.6 13.5
4215.4 -5890.4 13.4
4191.5 -5891.8 13.1
4183.9 -5889.9 13.1
4174.8 -5890.4 13.0
4083.0 -5886.6 12.3
4464.1 -5881.3 15.9
4431.5 -5881.3 15.7
4413.5 -5881.1 15.5
4402.6 -5878.0 15.5
4380.1 -5879.9 15.3
4371.1 -5880.9 15.2
4364.1 -5882.9 15.2
4356.0 -5878.9 15.1
4344.8 -5878.6 15.1
4331.7 -5876.6 15.0
4323.9 -5878.8 14.9
4302.1 -5880.7 14.7
4293.9 -5880.2 14.7
4272.8 -5880.6 14.6
4262.7 -5880.4 14.2
4255.4 -5878.2 14.0
4242.0 -5877.7 13.8
4210.8 -5877.5 13.6
4199.7 -5878.7 13.5
4182.3 -5880.0 13.3
4132.8 -5877.6 12.9
4124.4 -5881.4 12.8
4100.5 -5876.7 12.7
4085.6 -5880.6 12.5
4073.9 -5877.2 12.4
4454.8 -5866.8 16.0
4426.1 -5871.6 15.8
4382.0 -5868.4 15.5
4374.3 -5866.6 15.4
4350.7 -5867.5 15.3
4341.5 -5868.9 15.2
4325.7 -5872.7 15.0
4309.8 -5868.7 14.9
4305.9 -5869.9 14.9
4295.3 -5870.0 14.8
4280.8 -5872.7 14.7
4263.1 -5869.7 14.5
4224.2 -5866.9 14.0
4214.4 -5869.9 13.8
4192.7 -5867.9 13.7
4140.6 -5871.1 13.1
4130.6 -5868.0 13.1
4125.1 -5872.6 13.0
4115.4 -5867.3 13.0
4083.5 -5869.7 12.7
4459.9 -5857.1 16.1
4429.8 -5857.0 15.9
4414.9 -5858.9 15.8
4392.2 -5861.5 15.6
4382.9 -5859.1 15.6
4373.0 -5858.6 15.5
4361.7 -5857.3 15.5
4344.7 -5856.5 15.3
4294.9 -5860.6 14.9
4274.1 -5858.7 14.8
4241.0 -5860.5 14.2
4221.5 -5858.0 14.1
4215.3 -5858.1 14.1
4202.2 -5862.3 13.9
4195.1 -5859.7 13.9
4153.5 -5858.8 13.5
4141.7 -5859.6 13.4
4419.8 -5849.1 15.9
4404.5 -5849.4 15.8
4384.1 -5851.3 15.7
4351.8 -5852.8 15.4
4340.8 -5852.6 15.4
4302.8 -5849.8 15.1
4292.5 -5849.4 15.1
4275.3 -5852.2 14.9
4265.9 -5847.6 14.9
4251.2 -5852.3 14.5
4231.6 -5851.6 14.4
4219.9 -5849.4 14.3
4191.4 -5848.5 14.1
4165.0 -5848.2 13.8
4154.0 -5851.6 13.7
4060.7 -5849.0 12.8
4422.6 -5840.1 16.0
4385.5 -5839.3 15.7
4361.4 -5841.4 15.6
4340.4 -5838.8 15.5
4310.4 -5840.2 15.3
4264.5 -5837.0 15.0
4244.1 -5842.8 14.7
4236.1 -5842.9 14.6
4190.3 -5839.6 14.2
4173.5 -5838.7 14.1
4161.2 -5838.8 14.0
4150.3 -5842.4 13.8
4449.6 -5829.5 16.2
4445.6 -5829.6 16.2
4421.2 -5830.6 16.0
4366.1 -5832.4 15.7
4315.0 -5827.4 15.4
4300.4 -5833.0 15.3
4275.1 -5829.1 15.1
4244.0 -5829.3 14.9
4212.1 -5829.7 14.6
4180.7 -5829.7 14.3
4152.8 -5826.4 14.1
4139.6 -5826.7 14.0
4443.9 -5822.2 16.2
4434.1 -5822.5 16.1
4424.3 -5817.6 16.1
4413.3 -5820.1 16.0
4389.5 -5818.1 15.9
4361.1 -5818.0 15.7
4341.4 -5821.1 15.6
4312.8 -5822.7 15.4
4294.0 -5816.8 15.3
4271.5 -5818.0 15.2
4261.0 -5819.6 15.0
4250.8 -5820.5 15.0
4234.1 -5821.1 14.8
4223.9 -5819.5 14.7
4199.8 -5817.4 14.6
4191.2 -5821.8 14.5
4443.7 -5812.2 16.3
4412.0 -5812.2 16.1
4391.7 -5809.9 16.0
4372.4 -5810.1 15.8
4361.6 -5807.4 15.8
4350.4 -5809.7 15.7
4341.5 -5806.7 15.7
4311.7 -5807.0 15.5
4282.8 -5812.9 15.3
4271.8 -5808.3 15.3
4210.7 -5811.9 14.6
4194.7 -5812.9 14.5
4134.0 -5809.4 14.1
4441.0 -5800.4 16.3
4423.8 -5800.1 16.2
4394.0 -5798.9 16.0
4372.7 -5802.0 15.9
4359.9 -5799.3 15.8
4329.6 -5799.2 15.6
4322.0 -5802.8 15.6
4310.1 -5797.6 15.5
4300.0 -5797.0 15.5
4275.2 -5798.7 15.3
4224.4 -5797.4 14.8
4181.3 -5801.3 14.4
4131.9 -5798.2 14.0
4421.2 -5790.0 16.3
4403.8 -5790.0 16.1
4391.4 -5787.4 16.1
4380.1 -5792.9 16.0
4345.0 -5788.7 15.8
4319.9 -5787.7 15.6
4273.0 -5789.7 15.3
4259.6 -5790.8 15.0
4201.8 -5792.6 14.6
4194.9 -5786.7 14.5
4181.4 -5788.7 14.4
4133.9 -5787.9 14.1
4432.5 -5778.3 16.4
4424.7 -5781.7 16.3
4354.1 -5780.7 15.9
4331.0 -5777.4 15.8
4321.7 -5777.3 15.8
4293.6 -5780.6 15.7
4284.6 -5782.5 15.5
4244.5 -5780.3 14.9
4195.1 -5778.5 14.5
4110.8 -5781.9 13.9
4071.4 -5780.9 13.5
4053.3 -5776.4 13.2
4033.1 -5777.0 13.0
4440.6 -5771.6 16.5
4344.1 -5768.7 15.9
4334.6 -5771.8 15.9
4325.1 -5766.5 16.0
4309.9 -5768.8 15.9
4293.2 -5767.0 15.6
4271.6 -5772.3 15.2
4131.9 -5770.8 14.0
4125.1 -5770.5 14.0
4100.7 -5767.9 13.7
4093.9 -5770.1 13.6
4075.9 -5772.9 13.4
4053.3 -5769.7 13.1
4040.7 -5769.7 13.0
4321.7 -5757.5 16.1
4315.1 -5759.6 16.1
4265.7 -5758.4 15.1
4134.1 -5757.6 13.9
4123.2 -5756.7 13.8
4051.5 -5760.5 13.0
4032.5 -5757.8 12.8
4311.0 -5751.2 16.0
4274.8 -5752.7 15.2
4149.5 -5753.0 14.0
4062.3 -5750.4 13.0
4030.4 -5753.0 12.7
4320.7 -5742.4 16.2
4294.4 -5739.5 15.6
4275.6 -5742.8 15.2
4262.4 -5737.5 15.1
4104.1 -5740.6 13.4
4094.6 -5737.7 13.2
4272.1 -5728.0 15.2
4093.7 -5732.4 13.1
4050.2 -5723.2 12.5
4083.9 -5710.5 12.8
4064.0 -5713.8 12.6
4043.2 -5709.5 12.3
4019.8 -5711.5 12.1
4083.8 -5699.3 12.8
4020.4 -5702.9 12.0
4083.8 -5694.4 12.7
4083.9 -5681.0 12.7
4003.5 -5679.6 11.7
4013.5 -5672.8 11.8
4013.2 -5660.3 11.7
4098.1 -5643.6 12.7
4091.2 -5637.9 12.6
4091.4 -5632.5 12.6
4070.4 -5632.4 12.4
4098.5 -5612.1 12.7
4091.0 -5603.0 12.7
3969.0 -5578.3 12.1
3973.7 -5574.3 12.4
4061.3 -5563.5 13.2
4030.3 -5562.6 13.2
4032.2 -5540.7 13.5
4019.7 -5542.0 13.5
4010.5 -5538.2 13.5
3954.2 -5538.5 13.5
4031.9 -5528.4 13.7
4028.4 -5520.1 13.8
3961.2 -5520.2 13.7
3950.3 -5519.6 13.7
4029.0 -5511.9 13.9
4020.5 -5512.3 13.9
4012.7 -5512.8 13.9
3952.8 -5513.6 13.7
4040.3 -5504.5 13.9
4018.4 -5503.8 13.9
4011.2 -5503.4 13.8
3960.6 -5498.8 13.7
3952.5 -5501.6 13.7
4042.0 -5494.5 13.9
4032.0 -5488.6 13.9
4023.1 -5489.6 13.8
4002.7 -5490.4 13.8
3974.1 -5489.2 13.7
3959.7 -5493.4 13.7
3952.3 -5489.2 13.7
3939.8 -5488.2 13.7
4019.4 -5479.8 13.8
4002.4 -5478.0 13.8
3992.6 -5421.1 13.7
3971.3 -5423.9 13.7
4020.8 -5399.4 13.7
4008.8 -5404.3 13.7
4001.0 -5400.6 13.7
3992.3 -5397.9 13.6
3971.5 -5402.5 13.6
3989.2 -5388.3 13.4
4032.9 -5379.1 13.3
4013.7 -5382.6 13.3
3978.2 -5381.9 13.2
3969.1 -5378.0 13.1
3961.6 -5382.0 13.2
4021.5 -5373.4 13.2
4010.1 -5374.3 13.2
3991.8 -5374.1 13.1
3972.3 -5368.4 12.9
4022.7 -5361.8 13.0
4011.9 -5352.8 12.9
4003.6 -5350.9 12.9
3992.4 -5353.5 12.8
4111.7 -5609.6 12.9
4164.4 -5583.0 13.7
4151.4 -5584.2 13.5
4133.3 -5585.4 13.2
4159.3 -5577.1 13.6
4150.3 -5575.1 13.4
4142.7 -5576.8 13.3
4121.9 -5576.7 13.0
4123.3 -5566.9 13.2
4111.3 -5564.2 13.2
4124.6 -5555.5 13.3
4100.5 -5554.4 13.3
4092.8 -5556.7 13.3
4080.7 -5556.0 13.3
4215.0 -5546.0 14.4
4122.6 -5543.9 13.5
4103.5 -5546.4 13.4
4085.2 -5546.2 13.4
4159.1 -5536.2 13.6
4151.2 -5534.6 13.6
4134.0 -5534.6 13.6
4101.0 -5534.4 13.6
4091.1 -5537.7 13.6
4223.6 -5525.3 14.4
4191.1 -5529.0 13.8
4185.5 -5528.7 13.7
4164.3 -5527.6 13.7
4145.3 -5529.3 13.7
4099.7 -5527.1 13.7
4131.0 -5728.3 13.5
4268.7 -5716.8 15.2
4116.0 -5719.9 13.2
4220.2 -5708.4 14.4
4116.6 -5712.3 13.2
4336.4 -5700.7 16.5
4231.5 -5696.8 14.6
4211.2 -5698.4 14.3
4190.7 -5698.5 14.1
4329.3 -5686.7 16.4
4268.7 -5685.8 15.3
4260.8 -5691.3 15.1
4231.9 -5690.5 14.6
4221.3 -5690.5 14.5
4319.8 -5679.5 16.2
4288.6 -5677.4 15.7
4277.7 -5678.5 15.5
4259.6 -5666.9 15.2
4119.3 -5667.1 13.1
4270.7 -5660.9 15.4
4258.5 -5656.3 15.2
4158.9 -5660.9 13.5
4128.4 -5661.6 13.2
4299.5 -5646.2 15.9
4266.1 -5631.1 15.4
4262.1 -5627.9 15.4
4281.4 -5619.4 15.4
4597.2 -8748.5 18.3
4610.8 -8733.7 18.4
4606.4 -8725.3 18.5
4597.9 -8723.7 18.5
4607.7 -8717.2 18.5
4598.7 -8708.2 18.5
4672.5 -8699.2 18.3
4661.4 -8699.7 18.3
4639.4 -8696.4 18.3
4611.8 -8698.6 18.5
4596.8 -8694.6 18.7
4576.8 -8698.5 18.8
4894.6 -8809.7 15.8
4925.1 -8798.4 15.6
4917.1 -8802.4 15.6
4903.6 -8799.4 15.8
4896.7 -8797.4 15.9
4963.1 -8787.5 15.3
4915.2 -8787.6 15.8
4904.1 -8786.8 16.0
4897.7 -8789.0 16.0
4976.2 -8777.0 15.2
4967.3 -8780.6 15.3
4953.3 -8778.8 15.5
4946.5 -8779.1 15.6
4912.0 -8779.0 16.0
4906.8 -8779.5 16.1
4962.4 -8766.7 15.3
4955.7 -8770.0 15.4
4943.7 -8768.9 15.5
4992.1 -8755.9 14.8
4980.1 -8752.7 15.0
5002.4 -8743.0 14.7
4993.6 -8746.1 14.8
4990.4 -8732.9 14.9
5016.7 -8715.5 14.4
5042.2 -8701.5 14.0
5025.0 -8706.3 14.3
5055.8 -8692.0 13.8
5042.8 -8693.0 14.0
5032.7 -8692.6 14.1
5014.3 -8695.2 14.5
5091.0 -8683.4 13.2
5053.6 -8682.3 13.8
5042.0 -8686.5 14.0
5041.5 -8670.8 14.2
5056.7 -8661.8 14.0
5044.1 -8667.0 14.2
5060.5 -8651.5 13.9
5050.3 -8656.5 14.1
5043.2 -8654.3 14.1
5046.1 -8646.3 14.0
5220.2 -8712.3 11.5
5198.3 -8716.5 11.8
5190.7 -8713.2 11.9
5221.3 -8708.0 11.5
5210.5 -8705.1 11.6
5190.5 -8705.5 11.8
5178.3 -8692.6 12.0
5130.6 -8691.8 12.7
5171.1 -8686.5 12.1
5161.8 -8683.5 12.2
5130.5 -8681.4 12.7
5178.2 -8674.3 11.9
5172.5 -8676.6 12.0
5158.4 -8673.3 12.2
5122.7 -8672.5 12.7
5171.4 -8664.2 12.0
5161.0 -8667.1 12.2
5211.1 -8657.6 11.4
5158.4 -8655.7 12.1
5219.9 -8643.8 11.2
5160.9 -8646.8 12.1
5088.9 -8643.6 13.3
5191.7 -8635.6 11.6
5173.4 -8636.6 12.0
5161.6 -8631.7 12.2
5139.0 -8635.9 12.5
5080.7 -8635.9 13.4
5162.2 -8624.0 12.1
5094.1 -8622.2 13.0
5090.0 -8613.6 12.9
5081.7 -8615.9 13.1
5139.6 -8602.8 12.1
5131.2 -8607.8 12.3
5118.3 -8604.6 12.4
5084.0 -8607.9 12.9
5140.4 -8593.8 12.0
5130.9 -8593.9 12.1
5121.4 -8593.8 12.2
5110.2 -8593.9 12.4
5099.9 -8597.0 12.6
5162.2 -8585.1 11.5
5152.3 -8585.2 11.7
5163.1 -8576.2 11.4
5112.5 -8576.9 12.1
5152.2 -8564.6 11.8
5138.2 -8566.6 11.8
5128.1 -8562.0 11.9
5171.8 -8556.2 11.9
5138.7 -8555.6 12.1
5158.7 -8545.6 12.2
5153.1 -8543.5 12.3
5169.9 -8532.7 12.5
5162.0 -8537.7 12.4
3553.4 -5608.4 14.4
3530.3 -5610.6 14.6
3521.5 -5606.5 14.7
3512.3 -5604.9 14.8
3500.0 -5607.7 14.9
3599.5 -5600.8 14.2
3587.6 -5600.1 14.3
3573.3 -5595.6 14.5
3562.2 -5596.1 14.6
3550.7 -5600.0 14.6
3543.7 -5596.6 14.7
3520.7 -5600.8 14.8
3502.2 -5594.7 14.9
3609.5 -5589.0 14.3
3559.2 -5588.4 14.6
3550.9 -5588.1 14.6
3471.2 -5585.2 15.0
3462.5 -5589.0 15.0
3607.1 -5581.2 14.4
3601.0 -5578.5 14.4
3583.0 -5576.1 14.5
3560.9 -5575.3 14.6
3550.1 -5577.4 14.6
3542.5 -5576.6 14.7
3522.9 -5576.4 14.7
3510.8 -5578.9 14.8
3478.3 -5578.8 14.9
3572.9 -5570.5 14.5
3553.0 -5565.9 14.6
3479.0 -5571.2 14.9
3461.9 -5568.4 15.0
3629.4 -5558.2 14.3
3587.2 -5555.2 14.5
3580.0 -5556.4 14.5
3497.8 -5561.0 14.8
3630.2 -5548.9 14.3
3588.8 -5545.2 14.5
3573.1 -5551.2 14.5
3613.6 -5538.8 14.4
3599.4 -5535.3 14.4
3587.2 -5535.1 14.4
3579.7 -5537.5 14.5
3561.0 -5534.8 14.5
3552.1 -5535.0 14.6
3539.2 -5534.9 14.6
3522.4 -5536.3 14.7
3490.1 -5535.8 15.0
3587.1 -5530.7 14.4
3583.2 -5526.3 14.5
3573.5 -5529.2 14.5
3563.1 -5530.2 14.5
3551.3 -5530.2 14.6
3541.6 -5529.6 14.6
3627.8 -5517.6 14.3
3603.1 -5521.2 14.4
3592.8 -5515.8 14.4
3552.9 -5519.1 14.6
3538.1 -5519.9 14.7
3533.0 -5514.7 14.7
3519.7 -5515.9 14.8
3508.7 -5515.5 14.9
3602.4 -5507.2 14.4
3493.5 -5508.8 15.0
3481.0 -5506.4 15.1
3470.3 -5505.8 15.1
3619.8 -5495.2 14.3
3611.8 -5495.6 14.3
3582.9 -5494.6 14.5
3569.2 -5500.7 14.6
3547.9 -5500.9 14.7
3518.2 -5499.4 14.9
3500.8 -5494.7 14.9
3487.1 -5495.8 15.0
3472.1 -5496.4 15.1
3451.4 -5494.8 15.3
3597.9 -5490.9 14.4
3568.0 -5485.6 14.6
3561.4 -5488.4 14.6
3541.3 -5485.9 14.7
3522.8 -5486.8 14.8
3511.5 -5491.2 14.9
3497.3 -5490.0 15.0
3489.2 -5489.5 15.1
3478.6 -5486.7 15.2
3472.6 -5485.2 15.3
3462.1 -5490.9 15.3
3440.2 -5485.0 15.6
3613.0 -5480.8 14.3
3597.2 -5477.5 14.4
3571.5 -5476.7 14.6
3562.0 -5477.7 14.6
3487.5 -5478.2 15.3
3477.6 -5477.2 15.4
3470.0 -5475.3 15.5
3450.4 -5479.0 15.6
3442.8 -5476.4 15.7
3631.0 -5467.1 14.3
3612.9 -5470.2 14.4
3590.5 -5469.9 14.5
3578.9 -5466.1 14.7
3552.3 -5468.3 14.9
3532.7 -5468.0 15.1
3501.0 -5466.2 15.4
3598.9 -5460.2 14.6
3593.5 -5459.5 14.7
3567.3 -5455.3 15.1
3559.3 -5456.5 15.1
3542.3 -5461.2 15.1
3528.2 -5459.8 15.3
3511.8 -5455.4 15.6
3500.7 -5456.7 15.6
3490.9 -5460.8 15.6
3600.8 -5446.8 15.0
3587.2 -5448.5 15.1
3581.9 -5448.3 15.1
3573.6 -5447.3 15.2
3560.1 -5445.1 15.4
3529.8 -5445.4 15.6
3523.0 -5450.8 15.6
3483.0 -5448.7 16.0
3470.8 -5450.8 16.0
3461.8 -5449.7 16.1
3448.0 -5444.6 16.3
3600.1 -5440.8 15.2
3591.2 -5437.8 15.3
3583.0 -5438.4 15.4
3533.4 -5441.2 15.7
3488.5 -5440.0 16.1
3471.5 -5437.7 16.2
3462.7 -5440.0 16.3
3608.3 -5430.1 15.3
3597.2 -5430.7 15.4
3579.6 -5427.8 15.6
3568.8 -5430.2 15.7
3530.8 -5430.0 16.0
3507.4 -5425.0 16.2
3473.2 -5430.0 16.3
3597.5 -5419.3 15.7
3572.6 -5417.1 15.9
3557.8 -5414.6 16.1
3541.9 -5420.3 16.1
3528.5 -5415.4 16.2
3517.2 -5420.6 16.2
3510.0 -5417.3 16.3
3502.0 -5417.8 16.4
3578.8 -5410.6 16.0
3562.1 -5405.3 16.2
3543.3 -5404.8 16.3
3530.2 -5407.8 16.3
3599.3 -5394.9 16.1
3593.2 -5384.8 16.1
3572.1 -5390.7 16.3
3588.7 -5694.3 13.5
3583.6 -5675.4 13.6
3552.2 -5671.5 13.9
3574.5 -5661.2 13.7
3559.7 -5664.2 13.8
3554.7 -5665.3 13.9
3541.1 -5662.5 14.0
3573.5 -5650.3 13.7
3533.5 -5650.4 14.1
3511.1 -5650.1 14.3
3534.4 -5644.1 14.1
3538.8 -5631.4 14.1
3529.6 -5635.0 14.2
3522.3 -5633.8 14.2
3508.1 -5636.0 14.3
5047.4 -8602.0 13.4
5082.9 -8594.5 12.8
5077.8 -8592.8 12.8
5065.8 -8595.0 13.0
5045.1 -8595.1 13.3
5067.4 -8581.9 12.8
5053.4 -8586.0 13.1
5048.3 -8584.1 13.1
5036.7 -8587.8 13.4
5092.8 -8573.2 12.4
5085.8 -8575.9 12.5
5075.6 -8573.3 12.6
5065.6 -8576.7 12.8
5057.1 -8571.6 12.9
5074.2 -8563.1 12.5
5058.7 -8567.4 12.8
5042.7 -8565.8 13.0
5072.7 -8557.8 12.5
5055.6 -8553.5 12.6
5048.7 -8555.6 12.8
5097.9 -8543.3 12.6
5084.5 -8543.9 12.6
5105.0 -8536.5 12.7
5015.4 -8536.7 13.1
5115.0 -8525.4 13.0
5014.9 -8528.0 13.3
5132.4 -8512.0 13.4
5074.8 -8514.5 13.6
5132.6 -8502.0 13.6
5114.2 -8503.1 13.6
5053.4 -8503.0 13.5
5176.5 -8494.4 13.4
5145.9 -8494.7 13.4
5138.2 -8494.9 13.4
5122.9 -8495.5 13.4
5065.2 -8493.4 13.2
5186.5 -8487.4 13.3
5175.5 -8485.5 13.2
5156.1 -8481.7 13.1
5172.5 -8474.8 13.2
5166.4 -8473.9 13.2
3699.1 -5693.2 12.5
3693.6 -5684.0 12.5
3683.6 -5684.3 12.6
3698.7 -5671.9 12.5
3683.3 -5673.8 12.6
3696.4 -5664.4 12.5
3689.4 -5636.9 12.8
3676.3 -5635.8 13.0
3649.6 -5627.6 13.3
3627.1 -5625.0 13.6
3654.8 -5613.8 13.5
3619.6 -5613.2 13.8
3584.0 -5613.9 14.1
3678.2 -5601.6 13.6
3663.9 -5603.4 13.6
3637.4 -5605.4 13.8
5002.9 -8508.8 13.6
4997.3 -8500.4 13.3
5037.0 -8488.7 13.0
5054.9 -8481.1 12.8
5041.2 -8483.4 12.8
5033.0 -8478.9 12.7
5052.7 -8473.1 12.5
4996.6 -8472.5 12.8
5041.3 -8461.3 12.1
5026.1 -8462.7 12.3
5012.7 -8459.8 12.4
4944.9 -8739.9 15.5
4892.6 -8742.2 16.3
4944.0 -8733.7 15.6
4930.5 -8732.0 15.8
4924.7 -8732.1 15.8
4900.7 -8734.9 16.2
4889.7 -8729.7 16.5
4939.3 -8722.5 15.6
4913.5 -8721.6 16.1
4899.6 -8725.2 16.4
4879.5 -8721.1 16.8
4958.9 -8713.2 15.3
4952.0 -8713.7 15.5
4940.0 -8714.2 15.7
4931.5 -8709.8 15.9
4872.4 -8710.1 17.1
4933.7 -8705.4 15.9
4852.3 -8700.1 17.5
4929.7 -8696.1 16.1
4923.8 -8691.4 16.3
4862.8 -8696.2 17.2
4999.0 -8681.2 14.9
4992.2 -8682.8 15.0
4929.5 -8683.9 16.1
4851.0 -8681.2 17.5
4972.8 -8671.6 15.4
4963.8 -8671.0 15.5
4931.3 -8672.7 16.0
5013.0 -8665.7 14.7
4993.6 -8664.6 15.0
4980.1 -8659.9 15.1
4972.5 -8660.2 15.2
4959.1 -8661.7 15.4
4941.5 -8665.5 15.7
5002.5 -8653.8 14.7
4991.6 -8650.4 14.8
4972.3 -8655.2 15.1
4960.8 -8651.7 15.3
4954.6 -8653.8 15.4
4961.3 -8645.7 15.2
5034.7 -8632.9 14.0
5019.5 -8635.4 14.2
4990.2 -8631.3 14.6
5020.1 -8620.9 14.0
5013.5 -8619.9 14.1
4999.8 -8622.0 14.3
5019.5 -8612.3 13.9
5011.3 -8604.5 13.9
4991.3 -8600.3 14.2
4979.7 -8593.1 14.2
4973.1 -8590.8 14.3
4963.3 -8591.8 14.5
4982.4 -8584.1 14.1
4971.5 -8585.8 14.3
4963.1 -8572.2 14.2
4952.6 -8572.0 14.3
4939.2 -8570.5 14.5
4993.2 -8561.2 13.6
4954.7 -8560.8 14.2
4809.7 -8693.3 17.8
4767.8 -8695.3 18.0
4787.9 -8683.4 18.0
4774.7 -8689.1 18.0
4764.5 -8685.8 18.1
4746.2 -8686.0 18.1
4738.5 -8683.5 18.1
4775.6 -8674.1 18.0
4750.0 -8677.3 18.0
3569.4 -5960.8 17.5
3586.0 -5948.6 17.7
3577.6 -5948.9 17.6
3624.9 -5928.3 18.0
3588.8 -5932.8 17.6
3576.3 -5932.9 17.4
3695.0 -5918.6 18.8
3636.8 -5921.2 18.1
3627.8 -5923.7 18.0
3617.1 -5923.6 17.9
3585.8 -5923.1 17.5
3574.7 -5918.2 17.4
3688.3 -5912.3 18.7
3638.1 -5911.6 18.1
3625.5 -5908.3 18.0
3620.0 -5911.8 17.9
3575.4 -5914.2 17.4
3566.0 -5910.0 17.3
3677.7 -5900.0 18.6
3646.9 -5903.7 18.2
3624.7 -5904.2 18.0
3608.5 -5903.3 17.8
3688.4 -5892.2 18.7
3678.9 -5892.2 18.6
3667.3 -5889.5 18.4
3658.8 -5892.7 18.4
3649.4 -5890.1 18.2
3633.6 -5892.9 18.1
3623.6 -5891.2 17.9
3588.4 -5890.1 17.5
3567.4 -5888.5 17.2
3663.7 -5878.5 18.2
3658.0 -5880.6 18.2
3638.8 -5882.0 17.9
3618.7 -5879.4 17.6
3609.3 -5881.1 17.6
3594.3 -5882.9 17.4
3679.0 -5869.6 18.3
3637.9 -5874.1 17.8
3623.6 -5869.0 17.6
3613.9 -5869.9 17.5
3608.5 -5871.3 17.4
3597.8 -5868.2 17.3
3589.2 -5873.5 17.2
3563.8 -5870.9 16.8
3689.3 -5861.4 18.4
3639.9 -5863.1 17.8
3606.7 -5862.8 17.3
3587.2 -5861.7 17.1
3566.6 -5863.8 16.8
3676.5 -5851.8 18.2
3654.0 -5851.9 17.9
3648.2 -5854.5 17.8
3624.8 -5847.9 17.5
3575.5 -5850.9 16.9
3669.0 -5839.4 18.0
3659.6 -5842.0 17.9
3626.1 -5843.4 17.5
3607.9 -5842.5 17.3
3589.0 -5841.3 17.0
3573.7 -5840.8 16.8
3666.9 -5831.0 18.1
3645.3 -5829.5 17.8
3637.3 -5831.4 17.7
3624.1 -5830.6 17.5
3615.1 -5831.0 17.3
3609.3 -5833.1 17.2
3577.0 -5833.3 16.8
3665.5 -5823.1 18.2
3624.3 -5820.9 17.6
3608.1 -5818.3 17.4
3597.4 -5820.6 17.2
3587.4 -5819.7 17.1
3658.5 -5811.4 18.1
3645.0 -5811.9 17.9
3626.3 -5813.1 17.7
3617.8 -5812.1 17.6
3608.2 -5811.7 17.5
3599.2 -5812.6 17.3
3608.8 -5802.0 17.5
3656.5 -5788.3 17.2
3604.3 -5793.9 17.4
4765.9 -8809.5 16.7
4809.2 -8798.8 16.6
4787.2 -8799.4 16.7
4770.7 -8801.2 16.8
4867.5 -8789.0 16.3
4780.9 -8792.4 16.8
4767.5 -8787.3 17.0
4870.7 -8781.6 16.3
4859.0 -8780.7 16.5
4845.9 -8779.3 16.6
4778.8 -8779.9 17.0
4769.5 -8776.8 17.1
4757.7 -8780.7 17.1
4866.9 -8768.4 16.5
4835.9 -8767.7 16.8
4851.3 -8756.9 16.8
4836.6 -8760.3 16.9
4799.1 -8756.7 17.1
4845.9 -8748.0 16.9
4821.6 -8752.5 17.0
4809.4 -8753.3 17.1
4775.9 -8747.0 17.4
4838.3 -8743.0 17.1
4828.7 -8739.7 17.2
4798.6 -8743.0 17.3
4775.6 -8741.1 17.5
4770.2 -8740.4 17.5
4758.8 -8738.9 17.6
4749.6 -8739.2 17.6
4830.1 -8726.8 17.3
4789.9 -8727.0 17.5
4776.8 -8730.0 17.6
4756.8 -8730.1 17.7
4749.6 -8730.1 17.7
4739.6 -8730.4 17.8
4725.2 -8727.1 17.9
4850.5 -8719.6 17.3
4828.0 -8722.0 17.4
4785.3 -8720.5 17.6
4781.1 -8718.0 17.7
4735.9 -8721.5 17.9
3568.5 -6080.1 17.5
3617.8 -6068.8 17.3
3606.7 -6068.4 17.3
3585.7 -6071.7 17.4
3553.5 -6071.2 17.4
3547.1 -6071.5 17.4
3623.6 -6056.7 17.1
3584.4 -6059.8 17.2
3575.3 -6056.5 17.1
3558.3 -6061.7 17.2
3626.3 -6048.3 16.9
3587.2 -6048.2 17.0
3563.2 -6045.9 17.0
3557.9 -6046.2 17.0
3546.9 -6051.3 17.1
3535.5 -6046.0 17.0
3663.5 -6042.1 16.8
3626.0 -6042.0 16.8
3606.0 -6039.5 16.8
3585.9 -6038.5 16.8
3575.3 -6039.5 16.9
3676.8 -6027.7 16.5
3648.0 -6028.0 16.6
3634.1 -6031.8 16.6
3613.1 -6029.1 16.7
3604.9 -6030.5 16.7
3598.0 -6030.3 16.7
3573.4 -6027.1 17.1
3547.9 -6029.4 17.2
3725.8 -6016.4 16.3
3692.4 -6016.9 16.4
3686.0 -6017.1 16.5
3636.4 -6019.3 16.8
3617.5 -6019.5 17.0
3607.7 -6021.3 17.0
3594.1 -6020.0 17.2
3755.4 -6009.1 16.2
3724.7 -6007.4 16.5
3717.0 -6006.6 16.6
3692.5 -6009.9 16.7
3673.5 -6011.2 16.8
3627.2 -6008.0 17.4
3617.1 -6007.5 17.5
3758.3 -5996.8 16.7
3737.6 -5996.3 16.9
3722.3 -6001.6 16.8
3704.9 -6000.5 17.0
3695.9 -5999.6 17.1
3644.1 -6001.4 17.6
3753.4 -5987.2 17.2
3746.5 -5990.0 17.1
3736.1 -5992.0 17.1
3714.7 -5989.0 17.5
3692.5 -5988.7 17.7
3684.5 -5991.8 17.6
3656.4 -5991.8 17.9
3644.6 -5987.0 18.2
3638.6 -5992.2 18.0
3744.9 -5980.5 17.6
3728.3 -5978.0 17.8
3708.0 -5980.1 17.9
3696.8 -5976.1 18.2
3664.7 -5981.4 18.3
3658.1 -5976.6 18.5
3636.9 -5976.9 18.5
3747.4 -5966.5 18.2
3738.5 -5970.4 18.1
3702.3 -5970.6 18.4
3684.5 -5972.4 18.5
3642.8 -5965.9 18.5
3636.8 -5966.5 18.4
3682.9 -5956.8 18.9
3672.4 -5961.6 18.8
3668.4 -5961.7 18.8
3744.8 -5948.8 19.0
3682.7 -5950.4 18.9
3666.5 -5950.7 18.7
3735.2 -5937.0 19.4
3664.4 -5938.7 18.6
3706.1 -5929.1 19.0
3696.2 -5931.0 18.9
3660.1 -6207.6 18.4
3666.5 -6196.6 18.6
3659.0 -6196.1 18.6
3667.4 -6183.0 18.8
3659.4 -6187.7 18.7
3626.8 -6183.8 18.3
3669.3 -6176.0 18.9
3662.5 -6175.4 18.8
3652.5 -6172.7 18.8
3631.7 -6177.5 18.4
3661.6 -6163.4 18.9
3650.8 -6166.4 18.8
3608.3 -6168.7 18.2
3670.7 -6158.8 18.8
3630.7 -6156.7 18.7
3609.2 -6156.4 18.4
3601.0 -6158.3 18.3
3592.2 -6153.5 18.2
3682.7 -6142.8 18.5
3657.1 -6147.5 18.6
3629.0 -6143.9 18.6
3610.7 -6147.9 18.5
3602.2 -6148.2 18.4
3689.2 -6133.5 18.3
3673.0 -6136.4 18.4
3659.8 -6137.7 18.4
3646.7 -6133.5 18.3
3638.2 -6134.1 18.4
3618.0 -6136.0 18.4
3609.6 -6137.5 18.5
3600.1 -6133.6 18.4
3681.7 -6128.0 18.2
3661.7 -6123.3 18.1
3638.5 -6128.3 18.2
3631.9 -6124.9 18.2
3607.3 -6126.5 18.3
3601.1 -6128.4 18.3
3587.5 -6129.1 18.4
3687.2 -6117.4 17.9
3661.4 -6116.9 18.0
3648.0 -6114.0 17.9
3642.3 -6118.9 18.1
3631.0 -6117.3 18.0
3611.4 -6118.0 18.1
3600.2 -6114.5 18.0
3697.4 -6106.6 17.7
3690.8 -6105.4 17.7
3668.2 -6108.2 17.8
3656.9 -6108.2 17.8
3647.2 -6104.4 17.7
3630.1 -6105.3 17.8
3599.1 -6105.9 17.9
3589.4 -6108.8 17.9
3711.6 -6092.7 17.4
3702.2 -6092.7 17.4
3653.0 -6098.2 17.6
3640.4 -6096.8 17.6
3720.4 -6082.9 17.2
3711.2 -6084.6 17.2
3702.8 -6087.3 17.3
3661.3 -6088.3 17.4
3639.2 -6088.8 17.4
3716.6 -6074.5 17.0
3696.9 -6079.1 17.1
3709.7 -6068.6 17.0
4906.7 -8630.2 15.8
4935.0 -8621.0 15.2
4934.6 -8609.3 15.1
4928.0 -8610.3 15.2
4923.0 -8603.1 15.2
3987.3 -5997.4 15.6
3958.0 -5995.8 15.6
4025.2 -5987.1 13.5
4023.0 -5956.2 13.3
3998.6 -5918.6 14.9
3985.7 -5866.8 15.4
3984.4 -5858.1 15.4
3986.6 -5848.8 15.1
3977.2 -5838.4 15.6
3969.2 -5838.1 16.0
4039.4 -6213.8 16.3
4069.6 -6201.6 15.7
4063.5 -6203.4 15.8
4090.7 -6193.2 15.0
4064.6 -6193.2 15.7
4073.5 -6184.3 15.3
4064.9 -6179.7 15.6
4044.0 -6180.3 15.9
4072.9 -6172.9 15.1
4054.1 -6172.4 15.8
4092.6 -6164.1 14.1
4049.4 -6164.5 15.8
4039.6 -6160.1 16.0
4052.3 -6149.7 15.7
4044.1 -6150.3 15.9
4054.2 -6140.1 15.7
4043.3 -6130.0 15.8
4064.7 -6124.2 14.8
4034.5 -6121.1 15.9
4020.2 -6123.2 16.2
4061.1 -6114.2 14.9
4053.6 -6109.6 15.2
4023.9 -6114.5 16.1
3989.9 -6114.9 16.6
4062.3 -6103.9 14.7
4060.4 -6090.6 14.6
4055.1 -6094.4 14.9
4045.3 -6094.7 15.5
4034.3 -6094.8 15.8
4055.2 -6080.9 14.7
4034.0 -6043.6 14.5
3990.7 -6039.8 15.9
4022.0 -6031.9 14.7
4011.2 -6032.9 15.4
3971.9 -6036.0 15.8
3951.3 -6010.4 15.8
4687.5 -8680.6 18.2
4680.5 -8683.0 18.2
4640.7 -8682.1 18.5
4667.2 -8668.8 18.5
4641.1 -8672.1 18.6
4626.2 -8668.5 18.5
4608.7 -8669.5 18.5
4677.5 -8657.9 18.2
4640.5 -8663.9 18.4
4566.9 -8656.7 18.6
4559.0 -8644.3 18.5
4549.5 -8638.2 18.4
4577.3 -8624.6 18.0
4548.5 -8627.7 18.2
4575.1 -8616.5 17.9
4596.3 -8604.3 17.6
4588.9 -8608.2 17.7
4574.6 -8603.5 17.6
4616.6 -8592.8 17.3
4607.5 -8595.5 17.4
4595.2 -8596.5 17.4
4694.1 -8586.2 16.9
4718.2 -8577.6 16.6
4704.7 -8572.9 16.6
4677.2 -8573.1 16.6
4703.9 -8568.1 16.4
4667.9 -8567.8 16.6
4647.2 -8564.7 16.7
4640.0 -8566.0 16.7
4698.9 -8554.8 16.3
4680.0 -8555.7 16.4
4664.0 -8557.2 16.5
4659.0 -8556.3 16.5
4741.7 -8602.9 17.0
4750.1 -8597.7 16.9
4721.5 -8597.7 17.0
4754.0 -8578.5 16.7
4752.6 -8571.2 16.6
4762.4 -8562.9 16.6
4751.7 -8559.0 16.5
4755.1 -8553.8 16.4
4744.4 -8547.8 16.3
4743.5 -8538.6 16.3
4743.5 -8532.3 16.3
4761.8 -8522.0 16.4
4751.5 -8524.2 16.3
4743.3 -8510.7 16.3
4734.5 -8513.2 16.2
4724.3 -8507.7 16.1
4703.7 -8510.3 16.0
4734.2 -8498.6 16.3
4711.8 -8499.6 16.1
4726.2 -8488.0 16.3
4711.0 -8489.7 16.2
4716.1 -8481.8 16.2
4543.4 -8603.6 17.8
4522.4 -8595.9 17.7
4571.6 -8585.8 17.3
4551.8 -8589.8 17.5
4536.1 -8587.6 17.6
4642.7 -8554.2 16.6
4581.9 -8557.5 17.1
4572.1 -8559.0 17.2
4652.4 -8544.9 16.5
4641.8 -8545.8 16.6
4612.9 -8545.0 16.8
4603.4 -8547.7 16.9
4592.7 -8544.9 17.0
4632.4 -8539.6 16.6
4614.6 -8534.7 16.7
4683.5 -8525.0 16.2
4674.6 -8528.2 16.3
4672.4 -8515.7 16.2
4681.2 -8507.9 16.1
4675.8 -8507.8 16.1
