1620.4 -6062.4 48.5
1621.0 -6069.0 48.6
1627.1 -6074.2 48.7
-4254.9 7876.0 50.0
-6621.5 -8299.8 19.3
-6637.2 -8316.3 19.2
5734.8 -4359.1 38.5
1626.1 -6065.2 48.5
1614.9 -6062.7 48.5
-6651.9 -8338.2 19.0
-6543.3 -8254.4 19.7
-994.0 2407.3 31.2
-5282.9 -4158.0 25.7
3753.9 4424.2 72.5
3762.6 4436.4 71.9
3771.3 4448.6 71.4
3779.9 4460.9 70.9
3788.6 4473.1 70.4
3797.3 4485.3 68.8
3806.0 4497.6 66.7
3815.2 4510.5 65.6
-4727.8 -6352.0 31.0
-4722.0 -6338.2 31.2
-4716.2 -6324.3 31.4
-4710.4 -6310.5 31.5
-4704.7 -6296.6 31.0
-4698.9 -6282.8 30.6
-4693.1 -6269.0 30.6
-4687.3 -6255.1 30.9
-4678.4 -6233.7 31.2
-4734.3 -6349.5 31.0
-4728.6 -6335.6 31.2
-4722.9 -6321.7 31.5
-4717.2 -6307.8 31.5
-4711.5 -6293.9 31.0
-4705.9 -6280.0 30.6
-4700.2 -6266.2 30.6
-4694.5 -6252.3 30.9
-4685.6 -6230.6 31.2
3757.3 4420.7 72.3
3766.3 4432.7 71.8
3775.3 4444.8 71.3
3784.3 4456.8 70.7
3793.3 4468.8 70.2
3802.3 4480.8 69.7
3811.3 4492.8 67.6
3821.3 4506.1 65.8
1049.6 -1550.0 32.3
1038.6 -1556.0 31.5
1020.7 -1539.4 30.1
1050.5 -1522.3 31.6
1003.4 -1506.6 30.2
1027.5 -1499.2 30.6
1051.6 -1484.3 30.8
1012.0 -1476.8 30.2
1099.1 -1467.4 32.2
1071.5 -1460.8 31.6
1025.3 -1462.0 30.5
991.5 -1462.0 30.7
1102.5 -1454.1 32.4
1078.7 -1450.8 31.9
991.8 -1424.3 31.4
979.8 -1424.4 31.5
948.7 -1423.2 31.8
937.0 -1419.2 32.0
921.7 -1417.9 32.2
975.6 -1400.1 32.0
966.5 -1407.4 31.9
949.0 -1408.0 32.1
919.0 -1402.0 32.5
1008.0 -1391.3 31.8
982.9 -1391.5 32.1
962.3 -1392.2 32.3
947.2 -1394.4 32.4
913.3 -1390.4 32.6
892.7 -1392.9 32.6
1021.5 -1374.7 32.2
917.4 -1378.1 32.8
891.0 -1376.8 32.8
874.9 -1373.7 32.9
980.0 -1362.5 32.7
945.5 -1358.7 33.1
916.0 -1359.1 33.1
945.0 -1345.4 33.3
929.1 -1345.5 33.3
885.6 -1345.3 33.3
870.4 -1347.0 33.3
930.4 -1330.9 33.5
914.3 -1334.6 33.5
-6799.4 -8759.3 20.7
-6838.1 -8746.1 20.2
-6731.0 -8726.0 22.9
-6751.6 -8723.6 23.7
-6766.0 -8730.1 23.3
-6813.9 -8727.5 23.6
-6824.9 -8727.1 22.4
-6716.1 -8712.0 22.4
-6748.9 -8709.7 25.3
-6815.3 -8715.7 23.9
-6725.7 -8698.0 24.3
-6732.3 -8695.3 25.2
-6755.4 -8700.6 26.6
-6799.9 -8700.8 26.1
-6836.5 -8692.1 22.2
-6730.9 -8667.9 26.3
-6755.5 -8664.0 29.7
-6769.1 -8664.4 30.9
-6778.1 -8664.1 29.8
-6792.7 -8669.6 28.0
-6827.6 -8664.2 24.2
-6686.7 -8651.3 21.4
-6764.6 -8654.2 30.1
-6856.9 -8653.5 21.2
-6739.8 -8638.2 27.8
-6799.0 -8632.3 29.4
-6854.1 -8641.3 22.1
-6867.8 -8634.0 20.9
-6737.4 -8617.7 26.3
-6795.1 -8618.4 29.3
-6829.8 -8622.4 26.4
-6702.1 -8608.1 23.9
-6737.5 -8606.2 25.6
-6765.0 -8602.4 26.7
-6778.7 -8611.3 28.0
-6871.4 -8608.3 22.3
-6701.7 -8587.1 22.5
-6814.6 -8590.9 28.5
-6836.6 -8596.3 27.4
-6810.4 -8577.5 27.4
-6647.1 -8566.1 21.0
-6695.4 -8563.3 22.6
-6800.3 -8566.1 26.2
-6671.2 -8544.4 21.7
-6687.7 -8546.1 22.3
-6738.9 -8547.3 24.0
-6746.6 -8542.0 24.0
-6796.0 -8541.9 25.6
-6843.5 -8548.0 27.5
-6646.4 -8536.0 20.4
-6710.8 -8527.4 22.1
-6722.5 -8535.9 22.9
-6783.5 -8533.4 24.8
-6808.7 -8535.3 25.7
-6826.2 -8531.8 26.1
-6842.4 -8531.6 26.3
-6856.8 -8530.6 26.1
-6645.8 -8514.0 19.3
-6720.6 -8521.3 22.1
-6750.9 -8514.7 22.8
-6844.9 -8520.9 25.1
-6860.1 -8513.0 24.0
-6601.9 -8502.1 19.2
-6612.9 -8506.6 19.2
-6645.0 -8500.7 18.7
-6657.0 -8504.5 19.2
-6736.1 -8501.8 21.7
-6775.8 -8503.9 23.1
-6599.3 -8490.5 18.8
-6650.6 -8485.0 18.1
-6701.2 -8482.4 19.6
-6733.9 -8483.0 20.7
-6776.2 -8487.1 21.8
-6827.3 -8491.3 21.8
-6854.8 -8487.5 21.1
-6615.2 -8475.2 18.1
-6646.9 -8467.7 17.6
-6692.5 -8476.3 19.0
-6731.1 -8475.2 20.2
-6750.2 -8470.0 20.1
-6822.3 -8476.5 20.2
-6571.9 -8459.7 19.5
-6597.1 -8459.8 18.6
-6648.9 -8451.9 17.0
-6662.5 -8452.0 16.9
-6673.7 -8456.3 17.4
-6717.5 -8454.8 18.6
-6763.2 -8453.9 18.1
-6844.6 -8460.5 18.6
-6586.7 -8441.3 18.9
-6600.8 -8445.5 18.4
-6665.3 -8444.6 16.6
-6737.0 -8444.1 17.2
-6860.0 -8443.5 18.8
-6570.3 -8427.8 19.4
-6680.7 -8428.6 16.1
-6716.9 -8426.7 16.7
-6810.0 -8423.2 18.1
-6828.9 -8422.8 18.4
-6837.7 -8424.6 18.5
-6583.6 -8410.1 19.2
-6811.9 -8410.6 18.2
-6526.0 -8393.8 19.8
-6560.1 -8400.4 19.4
-6615.9 -8395.9 18.7
-6767.1 -8393.1 17.9
-6823.1 -8396.0 18.4
-6587.8 -8379.6 18.8
-6629.6 -8382.0 18.5
-6646.1 -8382.2 18.4
-6693.8 -8380.0 17.6
-6733.8 -8384.0 17.9
-6753.5 -8377.0 18.3
-6765.7 -8379.9 18.3
-6808.7 -8379.6 18.7
-6551.3 -8369.4 19.0
-6568.1 -8369.6 18.8
-6657.4 -8362.0 18.7
-6692.3 -8367.1 18.2
-6703.6 -8369.0 18.1
-6733.1 -8365.3 18.5
-6746.2 -8363.3 18.6
-6769.2 -8367.6 18.7
-6784.2 -8371.5 18.7
-6798.3 -8370.0 18.9
-6806.2 -8368.9 19.0
-6498.1 -8353.5 19.7
-6524.2 -8356.7 19.2
-6695.1 -8352.1 18.8
-6483.5 -8332.9 19.3
-6523.0 -8338.2 19.1
-6540.3 -8337.0 19.2
-6557.8 -8338.1 19.2
-6573.8 -8334.3 19.2
-6587.6 -8334.2 19.1
-6616.1 -8336.6 19.1
-6649.1 -8340.7 19.0
-6661.2 -8339.8 19.0
-6692.6 -8337.4 19.0
-6709.8 -8336.9 19.0
-6491.4 -8321.4 19.0
-6510.5 -8317.0 19.2
-6584.5 -8317.2 19.3
-6605.0 -8322.3 19.2
-6642.1 -8318.1 19.2
-6665.7 -8325.6 19.1
-6708.4 -8318.5 19.1
-6723.0 -8322.2 19.2
-6506.2 -8309.4 19.2
-6552.2 -8304.1 19.4
-6575.0 -8309.5 19.3
-6613.2 -8303.6 19.3
-6631.0 -8302.0 19.3
-6707.6 -8310.1 19.2
-6480.4 -8295.4 19.1
-6659.6 -8296.3 19.3
-6722.5 -8291.0 19.4
-6769.9 -8293.8 19.8
-6528.8 -8277.2 19.5
-6539.0 -8274.2 19.6
-6596.0 -8274.4 19.5
-6642.8 -8278.9 19.4
-6723.4 -8278.5 19.5
-6750.4 -8274.4 19.8
-6762.2 -8278.3 19.8
-6572.4 -8257.7 19.6
-6643.7 -8261.5 19.6
-6710.0 -8265.0 19.6
-6544.2 -8251.0 19.7
-6589.7 -8242.1 19.7
-6604.8 -8249.5 19.6
-6658.6 -8245.0 19.7
-6717.9 -8251.7 19.8
-6755.1 -8243.6 20.1
-6527.1 -8233.6 19.7
-6538.1 -8232.3 19.8
-6628.3 -8233.9 19.8
-6689.7 -8235.3 19.9
-6738.4 -8232.4 20.0
-6496.0 -8219.4 20.0
-6635.2 -8218.2 20.0
-6647.0 -8216.9 20.0
-6724.4 -8218.0 20.0
-6766.7 -8215.3 20.3
-6513.5 -8205.0 20.2
-6537.9 -8197.4 20.2
-6551.5 -8198.5 20.0
-6572.5 -8198.9 20.0
-6735.0 -8198.1 20.1
-6527.7 -8186.2 20.5
-6628.7 -8187.0 20.2
-6649.1 -8191.0 20.1
-6659.2 -8188.3 20.2
-6674.3 -8186.6 20.2
-6701.5 -8187.3 20.2
-6541.6 -8168.9 20.4
-6554.4 -8171.5 20.2
-6629.7 -8173.7 20.2
-6559.4 -8155.6 20.3
-6567.7 -8157.0 20.3
-6558.8 -8138.7 20.4
-6631.5 -8143.9 20.4
-6619.7 -8123.9 20.5
-6632.1 -8131.4 20.4
-6599.5 -8115.8 20.6
-6179.3 6174.2 39.0
-6193.1 6194.3 39.5
-6234.8 6189.7 39.1
-6254.9 6197.0 39.2
-6286.8 6188.1 38.8
-6181.4 6206.2 39.9
-6160.6 6225.4 39.9
-6195.9 6228.0 40.4
-6211.1 6223.5 40.2
-6238.6 6218.3 39.9
-6315.6 6221.8 39.3
-6122.8 6237.2 39.5
-6131.0 6234.5 39.6
-6182.1 6237.2 40.5
-6208.2 6238.8 40.6
-6327.1 6242.3 39.3
-6135.9 6249.4 39.9
-6237.8 6252.6 40.8
-6256.3 6248.9 40.5
-6280.3 6254.1 40.3
-6300.3 6249.5 39.8
-6308.7 6252.0 39.7
-6118.7 6268.6 40.0
-6158.8 6264.2 40.6
-6175.2 6265.3 40.9
-6224.0 6263.9 41.2
-6243.2 6263.8 41.0
-6286.7 6264.0 40.3
-6302.6 6264.3 40.0
-6330.4 6267.4 39.6
-6162.6 6280.8 41.0
-6249.1 6282.8 41.2
-6136.0 6297.8 40.8
-6256.3 6295.8 41.3
-6150.8 6315.4 41.1
-6168.0 6313.8 41.4
-6189.9 6318.0 41.7
-6239.1 6311.6 41.4
-6253.9 6311.6 41.2
-6286.3 6316.4 40.8
-6175.0 6326.4 41.6
-6188.8 6331.7 41.7
-6219.3 6324.5 41.5
-6284.0 6329.7 40.6
-6327.5 6330.4 40.1
-6152.1 6343.7 41.3
-6210.5 6341.8 41.4
-6271.7 6343.8 40.6
-6280.0 6343.7 40.5
-6314.6 6344.1 40.1
-6194.9 6361.3 41.3
-6203.3 6356.4 41.3
-6263.7 6360.2 40.5
-6143.4 6368.4 41.1
-6203.9 6369.6 41.1
-6221.6 6377.8 40.8
-6152.8 7550.2 43.1
-6138.0 7581.4 43.1
-6163.0 7588.0 43.1
-6216.3 7585.1 43.1
-531.6 1424.8 30.9
-729.1 2208.0 37.8
-783.0 2213.3 36.7
-786.9 2222.7 36.6
-802.9 2227.6 36.3
-789.2 2245.1 36.8
-797.7 2257.0 36.7
-803.2 2269.5 36.6
-829.2 2273.6 36.0
-816.4 2287.7 36.3
-834.8 2289.9 35.8
-820.7 2312.0 36.2
-797.4 2331.2 36.8
-812.1 2333.3 36.3
339.1 682.6 30.3
327.7 699.9 30.3
340.4 715.3 31.1
317.7 718.5 30.6
287.7 712.5 29.6
1309.6 -2711.0 33.9
1280.8 -2695.4 34.8
1335.9 -2679.4 34.3
1309.0 -2681.6 34.4
1262.1 -2679.1 35.5
1233.4 -2681.3 36.2
1337.1 -2667.1 34.4
1298.4 -2666.7 34.8
1261.4 -2665.4 35.8
1238.8 -2662.5 35.8
1189.9 -2664.7 35.3
1320.9 -2656.5 34.5
1315.2 -2656.1 34.6
1250.9 -2657.2 35.8
1231.3 -2656.9 35.5
1202.1 -2651.0 35.1
1179.8 -2651.8 34.8
1156.0 -2652.0 35.3
1329.8 -2641.9 34.5
1266.5 -2633.2 35.2
1158.1 -2641.6 36.0
1130.5 -2638.7 35.6
1052.4 -2638.5 32.8
1340.1 -2617.4 34.6
1233.9 -2623.7 35.4
1073.9 -2617.7 35.3
1039.2 -2620.2 33.5
1308.7 -2602.5 35.0
1299.0 -2610.9 34.9
1248.3 -2610.8 35.9
1233.0 -2611.9 36.2
1141.4 -2608.4 38.5
1129.1 -2611.9 37.8
1102.8 -2605.9 37.3
1084.9 -2606.5 36.6
1028.1 -2611.5 33.4
1011.5 -2610.0 32.6
1341.5 -2592.1 34.9
1321.8 -2590.9 35.4
1306.1 -2589.1 35.9
1175.5 -2591.0 38.9
1134.9 -2591.3 39.7
1052.3 -2590.4 36.4
1006.8 -2591.3 33.7
1268.5 -2578.3 37.5
1172.8 -2576.5 40.0
1133.3 -2581.1 40.5
1119.6 -2572.8 40.6
1084.4 -2574.3 39.3
1010.9 -2574.0 35.2
1310.1 -2558.1 35.6
1294.7 -2561.7 37.2
1260.9 -2565.0 38.6
1071.1 -2564.8 39.4
991.6 -2560.5 35.1
983.0 -2562.5 34.4
1324.8 -2543.5 33.0
1281.6 -2547.2 37.1
1265.3 -2551.0 38.8
1237.1 -2551.9 40.1
1221.0 -2544.5 40.9
1087.9 -2550.4 41.4
1058.7 -2548.8 39.8
1011.6 -2548.6 37.1
962.4 -2545.4 34.5
950.0 -2544.2 33.8
1282.3 -2534.4 35.9
1254.8 -2532.8 38.1
1204.2 -2528.6 42.1
1189.4 -2533.1 42.5
1162.1 -2536.5 42.9
1116.6 -2531.2 44.0
1096.2 -2529.5 43.4
1086.1 -2532.1 42.6
1058.2 -2536.0 40.7
1028.5 -2529.8 39.4
985.0 -2532.5 36.7
960.6 -2532.0 35.3
1282.7 -2520.9 34.7
1217.9 -2519.3 40.2
1202.6 -2516.3 41.2
1163.1 -2517.9 44.1
1142.3 -2515.8 44.8
1068.6 -2516.1 42.8
907.4 -2517.4 33.1
1311.8 -2504.8 32.0
1281.7 -2500.1 33.0
1260.6 -2504.8 35.2
1233.9 -2506.3 37.7
1194.0 -2497.9 40.4
1175.1 -2499.8 42.2
1071.2 -2504.9 43.7
1041.6 -2501.4 42.2
1008.7 -2501.5 40.2
965.6 -2504.8 37.4
925.0 -2499.7 35.4
1322.0 -2486.3 32.8
1266.0 -2486.9 34.7
1248.2 -2487.2 36.2
1236.9 -2486.1 37.4
1178.7 -2484.1 42.7
1147.7 -2490.7 44.3
1060.3 -2490.5 44.1
886.4 -2492.1 33.5
860.9 -2484.0 32.5
1325.0 -2471.7 33.1
1309.8 -2469.6 33.7
1284.5 -2473.0 35.3
1265.5 -2471.8 37.2
1205.1 -2468.2 43.0
1191.4 -2468.8 43.8
1163.2 -2474.0 44.9
1101.0 -2473.7 46.2
1090.2 -2477.3 45.9
1020.7 -2477.2 42.3
977.3 -2467.8 40.1
964.9 -2472.2 39.3
878.0 -2474.8 34.2
1351.8 -2458.9 35.1
1322.9 -2461.1 33.9
1306.3 -2453.8 36.5
1143.0 -2452.6 45.5
1087.2 -2460.8 45.4
1057.9 -2456.8 44.5
998.6 -2457.5 41.5
938.1 -2457.0 38.2
1327.1 -2444.4 36.2
1310.9 -2444.2 37.7
1280.1 -2445.2 40.2
1264.3 -2441.8 40.9
1248.9 -2440.3 41.4
1223.0 -2442.0 42.4
1129.0 -2446.6 45.5
1104.5 -2443.7 45.5
1065.8 -2443.4 44.3
1040.7 -2438.2 43.5
978.4 -2441.7 40.8
950.7 -2444.2 39.2
933.7 -2447.1 38.2
892.8 -2437.5 36.2
826.1 -2437.4 32.5
817.2 -2445.0 31.8
768.8 -2442.1 29.2
1251.3 -2423.2 41.2
1234.0 -2424.6 41.9
1157.2 -2430.4 44.7
1102.5 -2422.7 44.9
1084.2 -2424.1 44.4
1073.7 -2430.8 44.2
1024.5 -2426.1 42.7
932.1 -2430.9 38.5
796.1 -2423.0 31.1
1352.3 -2411.2 37.3
1336.2 -2413.3 37.9
1284.5 -2416.9 39.9
1253.1 -2408.5 41.1
1221.7 -2416.9 42.4
1208.7 -2407.6 42.8
1177.7 -2409.5 43.9
1126.5 -2410.4 44.6
1026.6 -2411.8 42.4
961.7 -2408.3 40.4
903.2 -2415.6 37.3
879.7 -2410.9 36.1
855.8 -2410.0 34.8
759.0 -2408.6 29.4
1355.6 -2402.2 37.1
1325.6 -2396.2 38.2
1219.3 -2399.5 42.3
1208.7 -2400.2 42.8
1057.7 -2400.7 43.0
982.0 -2394.8 40.6
946.6 -2399.0 39.7
932.1 -2394.7 39.2
876.4 -2399.0 36.2
804.7 -2397.0 32.3
782.7 -2396.2 31.1
767.1 -2398.0 30.1
1313.5 -2379.9 38.6
1234.2 -2385.1 41.7
1147.2 -2386.1 43.7
1103.6 -2379.0 43.8
1085.8 -2378.0 43.2
995.9 -2378.3 40.6
985.0 -2378.0 40.3
864.9 -2379.3 36.0
831.8 -2383.9 34.1
1269.0 -2363.2 40.2
1222.3 -2369.2 42.0
1200.7 -2371.3 42.5
1180.2 -2370.2 42.8
1147.5 -2371.1 43.2
1117.2 -2363.6 43.4
1097.9 -2371.2 43.4
1083.0 -2372.0 43.0
997.8 -2365.6 40.3
954.5 -2366.7 39.1
889.8 -2364.2 37.2
850.1 -2366.9 35.5
816.7 -2371.8 33.5
769.3 -2363.4 31.1
1329.6 -2350.3 37.8
1276.1 -2352.6 39.9
1251.9 -2354.7 40.8
1217.0 -2354.0 41.9
1132.1 -2354.5 43.0
1070.0 -2356.2 42.2
877.1 -2351.6 36.5
812.2 -2350.2 33.8
1339.1 -2339.0 37.4
1263.0 -2334.2 40.3
1157.6 -2339.3 42.3
1128.4 -2332.9 42.5
1114.7 -2332.4 42.6
1074.9 -2333.7 41.7
1060.6 -2332.6 41.3
1027.7 -2341.2 40.6
951.2 -2338.2 38.3
876.4 -2338.7 36.1
850.5 -2341.0 35.4
795.8 -2335.7 33.3
751.6 -2333.7 30.9
726.0 -2336.0 29.9
1327.9 -2320.2 37.7
1315.2 -2321.5 38.2
1233.3 -2326.5 40.9
1207.8 -2319.8 41.1
1030.5 -2321.9 40.1
997.3 -2321.5 39.1
968.9 -2324.3 38.4
904.3 -2324.7 36.5
830.7 -2327.0 34.5
784.4 -2324.8 32.9
736.5 -2321.2 30.3
726.9 -2320.7 30.1
1323.0 -2303.9 37.8
1264.8 -2310.6 40.1
1252.9 -2311.7 40.2
1235.9 -2311.7 40.5
1193.2 -2303.0 40.8
1087.4 -2308.5 41.4
1055.3 -2311.3 40.6
1024.1 -2306.2 39.5
979.7 -2309.7 38.3
903.8 -2307.1 36.1
895.5 -2309.1 35.9
790.2 -2309.8 32.8
724.6 -2310.1 30.2
1233.6 -2289.6 39.9
1202.8 -2294.7 40.5
1142.4 -2294.7 41.3
1101.6 -2295.3 41.5
940.4 -2289.5 36.7
785.8 -2289.6 32.2
759.9 -2289.1 31.4
1322.2 -2278.9 37.7
1313.5 -2279.4 38.0
1282.6 -2275.7 38.9
1208.7 -2277.9 39.9
1161.7 -2279.9 40.6
1145.6 -2275.8 40.7
1125.9 -2274.2 40.9
1073.5 -2278.2 40.2
1025.2 -2273.6 38.7
1014.9 -2279.9 38.6
1000.4 -2277.4 38.1
983.1 -2276.1 37.5
924.6 -2274.1 35.8
887.4 -2281.6 34.9
786.6 -2274.9 31.8
715.1 -2280.1 30.6
1266.8 -2261.0 38.7
1240.5 -2266.5 39.2
1219.6 -2260.2 39.3
1179.3 -2262.5 39.9
1059.7 -2261.2 39.4
1041.4 -2264.3 38.9
994.4 -2257.5 37.4
980.5 -2257.4 37.0
875.6 -2258.2 34.0
846.9 -2266.7 33.3
789.5 -2262.7 31.6
1219.7 -2251.5 39.1
952.6 -2250.1 36.0
916.5 -2242.7 34.7
830.8 -2250.1 32.4
771.2 -2249.8 31.3
736.4 -2242.8 31.0
730.1 -2248.1 30.8
710.5 -2244.9 30.5
1248.9 -2237.1 38.3
1179.2 -2232.6 39.1
1156.9 -2235.4 39.5
1129.3 -2237.3 39.9
1054.4 -2230.3 38.4
961.5 -2232.1 35.8
842.8 -2231.7 32.5
766.9 -2229.7 31.2
753.0 -2229.7 31.1
726.3 -2232.2 30.7
1268.7 -2213.4 36.9
1251.7 -2221.4 37.8
1223.9 -2221.5 38.2
1146.4 -2222.0 39.2
1116.4 -2217.5 39.5
1103.7 -2222.1 39.6
1070.4 -2213.9 38.5
1008.9 -2217.4 36.8
932.7 -2219.2 34.6
877.7 -2220.8 33.1
864.0 -2216.1 32.9
797.6 -2213.2 31.8
756.2 -2216.5 31.3
705.8 -2215.6 30.5
1233.0 -2197.6 37.2
1217.6 -2200.6 37.7
1207.2 -2198.0 37.8
998.6 -2199.6 36.0
961.0 -2200.5 34.9
950.7 -2203.3 34.7
861.7 -2203.0 32.9
756.4 -2199.9 31.2
708.3 -2198.3 30.4
1217.2 -2190.3 37.4
1174.7 -2189.3 38.0
1142.7 -2190.0 38.4
1015.3 -2185.8 36.1
990.9 -2187.3 35.4
891.8 -2184.1 33.4
878.0 -2192.1 33.2
742.7 -2191.8 30.8
1186.4 -2173.2 37.4
1130.0 -2169.3 38.0
1098.4 -2168.8 38.1
1086.4 -2169.2 37.7
1074.3 -2176.1 37.6
975.9 -2172.0 34.9
939.3 -2176.1 34.2
857.9 -2173.0 32.9
712.6 -2176.8 30.3
1249.8 -2159.5 33.7
1219.4 -2154.5 34.2
1175.3 -2154.6 36.5
1163.9 -2152.6 36.8
1143.3 -2162.2 37.7
1127.1 -2153.1 37.6
1041.3 -2152.5 36.0
995.9 -2159.1 35.2
920.6 -2161.5 33.9
872.2 -2155.4 33.1
827.0 -2158.0 32.4
811.2 -2154.2 32.1
1160.5 -2137.4 35.7
1068.2 -2147.0 36.6
1060.3 -2142.3 36.3
965.4 -2140.7 34.7
-1652.1 3013.0 31.8
-1709.6 3016.1 32.1
-1986.0 3010.9 32.7
-1610.3 3024.8 31.4
-1624.4 3029.8 31.7
-1633.0 3023.9 31.7
-1697.3 3022.3 32.5
-1953.8 3030.7 32.4
-1560.2 3042.2 31.1
-1588.8 3043.1 31.5
-1932.2 3042.4 32.5
-1529.6 3059.8 31.0
-1546.3 3055.5 31.2
-1588.9 3059.0 31.8
-1626.7 3052.0 32.2
-1740.9 3061.4 33.5
-1860.5 3056.4 33.2
-1910.1 3058.8 33.3
-1963.3 3058.4 33.2
-1490.3 3069.3 30.9
-1501.3 3071.9 31.0
-1536.5 3071.6 31.3
-1561.4 3073.1 31.7
-1681.4 3071.7 33.5
-1696.5 3072.3 33.8
-1725.5 3068.2 33.6
-1775.2 3074.2 33.6
-1834.6 3066.7 33.6
-1861.9 3069.2 33.6
-1920.7 3067.9 33.5
-1935.2 3067.8 33.5
-1983.2 3071.5 33.5
-1444.9 3084.5 31.2
-1458.0 3087.2 31.2
-1512.2 3085.7 31.3
-1589.9 3083.2 32.4
-1611.2 3089.1 32.8
-1620.5 3087.7 32.9
-1848.4 3088.5 33.7
-1862.2 3091.0 33.7
-1941.8 3084.7 33.8
-1444.4 3096.9 31.3
-1467.4 3105.1 31.4
-1504.2 3099.8 31.5
-1520.0 3101.2 31.7
-1544.1 3104.8 32.1
-1578.7 3099.3 32.5
-1710.0 3104.0 34.0
-1728.9 3102.9 33.8
-1745.0 3103.5 33.6
-1798.8 3103.7 33.5
-1877.3 3105.3 33.6
-1906.2 3098.2 33.8
-1936.4 3104.1 33.8
-1422.3 3121.7 31.3
-1476.0 3121.1 31.6
-1482.6 3114.0 31.5
-1578.2 3112.9 32.9
-1651.3 3116.4 34.4
-1740.9 3118.9 33.8
-1770.6 3118.2 33.4
-1799.0 3113.3 33.4
-1906.9 3121.1 33.6
-1949.6 3115.3 33.7
-1414.7 3134.5 31.0
-1430.9 3132.3 31.4
-1443.0 3135.4 31.6
-1491.6 3134.7 32.0
-1504.8 3136.4 32.3
-1532.6 3127.7 32.5
-1624.6 3133.8 34.5
-1650.6 3128.2 34.8
-1664.0 3127.9 34.8
-1677.0 3134.4 34.7
-1694.8 3131.4 34.5
-1743.3 3130.9 33.9
-1774.8 3132.0 33.6
-1821.5 3135.7 33.2
-1864.7 3131.1 33.5
-1872.7 3131.9 33.5
-1920.9 3131.0 33.6
-1952.7 3128.2 33.6
-1969.9 3136.5 33.6
-1981.1 3136.4 33.7
-1413.1 3147.9 30.9
-1459.7 3148.2 31.9
-1472.3 3142.5 31.9
-1502.2 3150.5 32.7
-1619.5 3147.1 34.8
-1636.2 3144.7 35.1
-1664.6 3150.1 35.1
-1711.4 3151.1 34.5
-1789.1 3147.5 33.6
-1805.4 3148.4 33.4
-1858.4 3147.4 33.3
-1892.1 3142.8 33.5
-1918.4 3146.2 33.5
-1412.8 3165.4 30.7
-1446.4 3163.6 31.9
-1453.6 3160.9 32.1
-1517.2 3161.8 33.4
-1610.5 3157.9 35.0
-1776.3 3160.9 33.9
-1832.4 3156.7 33.2
-1948.3 3165.0 33.5
-1377.4 3175.1 29.9
-1503.4 3174.8 33.5
-1549.5 3177.1 34.5
-1564.5 3176.9 34.8
-1634.0 3174.5 35.7
-1652.8 3180.1 35.5
-1738.8 3175.1 34.5
-1814.8 3177.1 33.6
-1851.5 3173.2 33.1
-1894.1 3173.5 33.2
-1956.4 3174.3 33.5
-1964.4 3172.2 33.5
-1365.1 3189.4 29.5
-1442.5 3186.9 33.2
-1483.2 3193.2 34.1
-1534.8 3191.7 34.7
-1607.5 3196.3 36.3
-1638.2 3196.3 35.9
-1694.5 3189.4 35.2
-1724.1 3195.1 34.9
-1738.6 3189.5 34.6
-1821.9 3194.0 33.7
-1832.0 3188.8 33.5
-1851.4 3195.5 33.4
-1874.7 3193.8 33.1
-1941.1 3190.0 33.2
-1962.0 3192.8 33.3
-1458.0 3205.5 35.1
-1491.8 3209.8 34.8
-1563.8 3209.3 35.9
-1580.1 3203.6 36.0
-1611.8 3203.9 36.3
-1621.9 3202.1 36.2
-1632.0 3207.8 36.1
-1648.1 3208.1 35.9
-1728.0 3208.4 35.0
-1776.3 3203.0 34.4
-1789.2 3210.5 34.3
-1821.7 3201.9 33.8
-1876.2 3201.7 33.2
-1925.4 3204.9 32.9
-1580.4 3226.1 36.8
-1625.2 3225.0 36.4
-1755.7 3225.9 34.9
-1774.8 3223.6 34.6
-1878.1 3220.7 33.4
-1908.2 3224.6 33.0
-1713.5 3236.9 35.5
-1752.5 3237.3 35.0
-1784.0 3238.1 34.7
-1890.3 3237.4 33.4
-1951.9 3240.8 32.7
-1573.9 3249.2 37.3
-1638.5 3248.1 36.5
-1649.1 3250.1 36.4
-1741.3 3252.9 35.3
-1760.8 3247.9 35.0
-1877.8 3254.3 33.7
-1888.4 3249.6 33.6
-1572.8 3264.2 37.4
-1592.1 3264.7 37.2
-1802.0 3264.6 34.6
-1536.4 3281.0 37.7
-1573.3 3277.0 37.6
-1594.3 3279.8 37.3
-1683.9 3284.3 35.8
-1772.6 3286.6 34.3
-1787.7 3285.8 34.1
-1830.8 3277.3 33.7
-1875.0 3283.1 32.9
-1932.2 3282.7 32.0
-1559.0 3296.3 37.6
-1580.2 3296.2 37.2
-1730.4 3295.2 34.7
-1745.2 3295.6 34.5
-1753.8 3295.9 34.3
-1895.8 3293.3 32.2
-1956.0 3300.7 31.0
-1606.7 3311.1 36.7
-1648.7 3312.8 35.9
-1683.7 3308.4 35.3
-1757.3 3315.6 33.9
-1639.6 3325.8 35.9
-1669.9 3328.8 35.4
-1679.5 3327.4 35.2
-1753.3 3329.4 33.9
-1791.7 3328.6 33.2
-1847.1 3326.2 32.2
-1864.0 3326.7 31.9
-1596.9 3337.2 36.6
-1603.7 3338.0 36.5
-1637.0 3338.7 35.9
-1775.6 3338.7 33.4
-1800.7 3340.3 32.9
-1564.0 3355.2 36.5
-1684.0 3355.3 34.8
-1754.4 3353.2 33.2
-1849.0 3355.5 30.9
-1866.1 3352.5 30.7
-1876.2 3353.4 30.4
-1588.9 3374.8 36.4
-1606.4 3375.4 35.6
-1623.3 3367.8 35.5
-1739.6 3366.8 32.8
-1759.8 3373.4 32.0
-1802.2 3370.5 31.2
-1816.8 3369.4 30.9
-1830.3 3372.7 30.4
-1625.7 3390.4 34.6
-1632.3 3388.9 34.4
-1686.8 3391.7 32.6
-1711.8 3391.3 32.1
-1768.0 3388.7 30.9
-1791.2 3382.0 30.8
-1851.5 3388.4 29.9
-1715.2 3405.2 31.2
-1803.3 3402.4 29.9
-1850.1 3397.3 29.9
-1881.3 3405.2 29.9
-1667.1 3412.9 32.7
-1723.1 3414.2 30.5
-1806.9 3419.5 29.8
-1863.3 3415.5 29.8
-1724.9 3435.7 30.0
-1803.0 3436.7 29.2
-1835.0 3443.5 28.9
-1865.8 3447.2 28.7
-1726.2 3456.8 30.0
-1776.2 3463.3 28.8
-1788.8 3466.2 28.6
3545.5 -4044.2 33.3
3578.3 -4029.6 33.0
3559.5 -4017.1 33.1
3547.5 -4011.1 33.2
3547.3 -3998.8 33.2
3534.7 -4004.1 33.3
-5357.1 7437.0 48.6
-5411.9 7434.3 48.7
-5440.5 7433.5 48.5
-5395.6 7451.0 49.4
-5433.5 7446.0 48.7
-5462.1 7445.0 48.2
-5474.0 7463.3 48.0
-5492.4 7460.7 47.7
-5395.2 7475.9 49.3
-5418.7 7473.6 49.0
-5425.1 7475.2 48.9
-5478.4 7476.4 48.0
-5485.3 7475.8 47.9
-5508.8 7476.1 47.5
-5351.5 7490.9 49.3
-5399.7 7497.5 49.2
-5418.4 7495.0 49.0
-5350.4 7507.5 49.5
-5414.6 7504.9 49.0
-5426.7 7504.9 48.8
-5440.2 7527.5 48.6
-5463.3 7520.8 48.2
-5491.8 7518.2 47.8
-5514.8 7526.7 47.4
-5498.9 7537.3 47.7
-5484.4 7549.0 47.9
-5522.1 7572.9 47.2
6379.8 -5690.7 41.7
6364.5 -5657.2 40.7
-203.0 -1796.1 34.7
-172.7 -1782.6 34.1
-186.5 -1782.1 34.4
-231.1 -1779.6 35.0
-180.2 -1762.0 34.2
-232.3 -1754.1 35.0
-1000.3 5438.9 45.0
-970.5 5467.5 44.3
-980.1 5470.5 44.4
4373.5 -2076.9 56.4
4395.5 -2063.0 56.1
4363.0 -2060.2 56.8
4362.7 -2048.0 57.0
4335.2 -2047.7 57.6
-5128.0 8646.1 51.9
-5141.5 8649.0 52.2
-5162.7 8649.2 52.5
-5176.5 8666.6 53.0
-5098.2 8683.3 51.8
-5109.7 8678.1 52.1
-5174.1 8691.4 53.3
-5198.2 8695.6 53.8
-5219.3 8699.7 54.2
-5234.5 8691.8 54.3
-5109.1 8713.6 52.0
-5124.4 8706.1 52.8
-5185.0 8714.0 53.8
-5217.8 8709.0 54.3
-5093.0 8725.9 51.6
-5201.6 8722.1 54.2
-5214.4 8720.2 54.4
-5079.9 8737.4 51.1
-5102.6 8742.1 51.9
-5124.6 8740.8 52.7
-5157.4 8739.2 53.8
-5277.5 8743.1 54.4
-5109.8 8754.2 52.1
-5233.6 8752.0 54.7
-5086.0 8774.4 51.4
-5168.5 8766.9 54.2
-5063.0 8785.7 50.8
-5113.3 8780.3 52.4
-5186.0 8784.1 54.8
-5243.4 8784.8 54.7
-5279.4 8784.8 54.5
-5072.9 8796.3 51.3
-5080.2 8802.1 51.7
-5116.1 8803.0 52.9
-5183.4 8795.3 54.5
-5250.0 8798.7 54.6
-5259.2 8800.7 54.6
-5153.9 8814.7 53.4
-5171.5 8817.0 53.6
-5189.4 8812.3 54.1
-5198.7 8816.8 54.1
-5084.5 8832.0 51.7
-5094.3 8826.0 52.0
-5112.5 8828.8 52.2
-5214.0 8830.7 53.8
-5140.4 8860.7 51.6
-5187.0 8861.9 52.3
-6833.4 -7120.6 17.9
-6852.3 -7104.2 17.5
-6876.9 -7110.6 17.1
-6775.4 -7097.6 18.9
-6725.0 -7083.5 19.4
-6743.6 -7076.2 19.3
-6763.1 -7078.4 19.1
-6775.9 -7082.6 18.8
-6820.4 -7081.6 18.1
-6867.8 -7075.1 17.2
-6697.7 -7066.5 19.5
-6755.4 -7064.4 19.2
-6769.5 -7060.7 19.0
-6680.0 -7053.2 19.5
-6699.4 -7046.2 19.4
-6739.1 -7045.3 19.2
-6760.3 -7052.8 19.1
-6792.0 -7048.9 18.5
-6834.5 -7053.0 17.8
-6850.5 -7048.4 17.5
-6864.4 -7052.8 17.2
-6687.5 -7037.7 19.4
-6746.6 -7029.7 19.1
-6816.1 -7033.8 18.1
-6699.7 -7021.4 19.3
-6803.7 -7021.6 18.4
-6716.7 -7004.4 19.2
-6860.0 -7005.5 18.0
-6873.7 -7004.5 17.9
-6687.6 -6991.9 19.3
-6806.4 -6992.6 18.7
-6837.0 -6993.4 18.4
-6860.4 -6988.0 18.2
-6880.2 -6989.0 17.9
-6723.9 -6978.4 19.1
-6745.2 -6976.7 19.0
-6821.5 -6969.9 18.7
-6847.4 -6971.8 18.4
-6859.2 -6969.8 18.3
-6863.9 -6959.7 18.4
-6873.8 -6963.2 18.2
-6743.9 -6941.8 19.0
-6787.1 -6944.0 18.8
-6806.6 -6940.5 18.7
-6844.9 -6943.4 18.5
-6756.5 -6932.5 19.0
-6728.5 -6918.4 19.3
-6744.7 -6913.4 19.2
-6757.0 -6911.0 19.2
-6807.5 -6909.7 19.0
-6848.5 -6918.0 18.7
-6829.7 -6898.5 19.0
-6726.1 -6880.3 18.9
-6829.9 -6879.1 19.0
-6762.5 -6871.6 18.9
-6678.9 -6851.2 19.5
-6723.8 -6849.5 19.0
-6744.5 -6856.3 18.7
-6777.1 -6858.4 18.7
-6702.7 -6834.7 19.3
-6716.9 -6840.7 19.1
-6738.9 -6841.9 18.9
-6762.2 -6837.8 18.6
-6776.1 -6834.8 18.5
-6793.1 -6838.5 18.5
-6808.5 -6841.2 18.6
-6681.5 -6821.3 19.7
-6786.7 -6828.9 18.4
-6733.1 -6808.5 19.2
-6773.5 -6811.4 18.7
-6703.3 -6789.1 19.7
-6729.0 -6790.5 19.3
-6712.3 -6775.1 19.2
-6723.9 -6781.1 19.2
4516.8 -1715.8 56.0
348.7 -3460.5 39.0
329.5 -3463.0 39.1
349.4 -3452.8 39.1
406.5 -3432.7 39.1
381.0 -3431.4 39.3
402.0 -3409.0 39.0
389.9 -3400.7 39.0
373.6 -3405.4 39.2
359.0 -3402.4 39.3
334.7 -3404.7 39.5
343.5 -3392.0 39.3
362.4 -3376.9 39.0
350.8 -3370.2 39.1
328.9 -3370.9 39.2
-1378.7 1911.1 31.8
-1464.5 1908.8 32.1
-1289.7 1925.6 31.4
-1376.7 1921.3 31.8
-1433.7 1921.4 32.0
-1333.9 1937.5 31.6
-1389.9 1932.4 31.8
-1404.6 1935.5 31.9
-1416.6 1932.8 32.0
-1465.0 1940.5 32.2
-1373.9 1947.6 31.9
-1449.8 1955.3 32.3
-1378.9 1970.8 32.0
-1405.7 1965.2 32.1
-1434.8 1967.9 32.2
-1375.8 1981.6 32.0
-1388.2 1994.8 31.8
-1394.9 2008.3 31.6
-1359.8 2031.7 31.3
-4156.2 2632.1 25.0
-4122.5 2649.6 25.5
-4139.4 2647.8 25.2
-4123.9 2665.0 25.4
-4190.1 2656.4 24.5
-4108.8 2680.0 25.6
-4143.2 2679.2 25.1
-4154.6 2673.7 25.0
-4084.1 2690.8 26.0
-4122.3 2691.4 25.4
-4157.2 2689.9 24.9
-4082.1 2705.8 26.0
-4166.8 2703.8 24.7
-4200.5 2702.2 24.2
-4093.2 2720.3 25.8
-4110.6 2721.6 25.5
-4160.1 2717.9 24.8
-4170.0 2716.7 24.7
-4092.2 2736.3 25.8
-4121.7 2731.1 25.4
-4139.2 2732.0 25.1
-4077.4 2745.6 26.0
-4214.0 2749.5 24.0
-4099.6 2760.9 25.6
-4184.8 2777.4 24.5
-4233.1 2779.0 23.8
-4188.8 2791.7 24.4
-4203.6 2795.6 24.2
-4220.5 2799.0 24.0
-4151.3 2810.2 25.0
-4228.4 2805.8 23.9
-4200.4 2824.0 24.3
-4235.1 2829.6 23.8
-4241.2 2826.3 23.8
-4203.7 2845.2 24.4
-4231.2 2841.7 24.0
-4241.3 2842.5 23.8
-4198.5 2857.2 24.5
-4226.7 2856.9 24.1
-4261.9 2852.8 23.6
-7482.8 -9983.0 19.4
-7493.6 -9983.8 19.1
-7435.9 -9966.8 20.2
-7452.8 -9966.8 20.1
-7477.5 -9969.2 20.1
-7490.6 -9970.4 20.1
-7478.8 -9961.1 20.2
-7508.6 -9960.2 20.2
-7552.3 -9954.7 20.2
-7573.1 -9954.7 20.1
-7589.6 -9961.1 19.6
-7595.4 -9952.2 20.0
-7610.1 -9959.4 20.2
-7461.6 -9944.6 20.4
-7514.3 -9944.0 20.3
-7529.5 -9940.8 20.3
-7583.9 -9942.2 20.3
-7405.6 -9929.6 20.6
-7422.4 -9924.7 20.6
-7431.7 -9923.4 20.6
-7508.1 -9921.6 20.7
-7539.0 -9930.3 20.5
-7588.5 -9929.2 21.1
-7424.9 -9908.5 20.7
-7439.3 -9915.9 20.7
-7445.9 -9912.9 20.7
-7483.0 -9909.4 21.3
-7523.1 -9914.4 21.4
-7435.7 -9896.3 21.7
-7492.9 -9900.1 22.1
-7514.1 -9894.6 22.8
-7581.5 -9897.2 23.3
-7647.1 -9894.4 22.7
-7664.4 -9898.1 21.9
-7373.0 -9881.9 21.9
-7424.8 -9877.7 23.0
-7494.5 -9881.6 23.5
-7508.3 -9881.6 23.6
-7589.4 -9880.5 24.6
-7598.6 -9878.4 24.9
-7628.7 -9878.3 24.4
-7346.6 -9864.7 21.6
-7385.1 -9862.0 22.8
-7557.0 -9867.0 25.2
-7693.6 -9862.1 23.5
-7701.3 -9871.0 22.5
-7387.7 -9847.7 23.3
-7466.6 -9851.3 25.3
-7511.0 -9849.2 26.0
-7598.4 -9849.9 26.9
-7298.2 -9834.8 24.2
-7315.1 -9840.8 23.2
-7329.9 -9834.1 22.5
-7341.0 -9839.8 22.2
-7373.6 -9840.3 23.1
-7495.4 -9834.3 26.8
-7552.2 -9832.5 27.7
-7679.5 -9831.7 26.0
-7286.8 -9818.8 24.2
-7310.1 -9821.5 23.6
-7360.5 -9820.4 23.3
-7392.3 -9821.4 24.2
-7484.7 -9822.1 26.8
-7537.8 -9823.4 28.2
-7567.7 -9826.0 28.3
-7584.4 -9823.9 28.7
-7629.3 -9817.9 28.5
-7642.3 -9821.3 27.9
-7658.6 -9825.7 27.1
-7287.7 -9803.7 24.0
-7331.8 -9801.7 23.0
-7349.6 -9807.4 23.4
-7357.5 -9810.4 23.5
-7400.9 -9804.9 24.9
-7511.1 -9806.7 28.0
-7677.2 -9805.9 27.8
-7766.0 -9810.8 24.6
-7254.0 -9787.9 24.6
-7268.2 -9795.8 24.3
-7314.5 -9792.5 23.2
-7334.0 -9794.0 23.3
-7359.0 -9791.1 24.3
-7372.4 -9789.9 24.8
-7482.7 -9788.4 28.1
-7558.3 -9792.8 29.9
-7584.7 -9787.7 31.2
-7615.9 -9787.8 30.9
-7673.3 -9794.8 28.7
-7706.1 -9790.9 28.0
-7750.9 -9787.5 26.8
-7777.4 -9793.0 25.6
-7244.6 -9779.5 24.6
-7341.2 -9773.1 25.6
-7417.8 -9772.0 27.9
-7479.4 -9772.7 29.6
-7509.4 -9777.1 30.0
-7542.5 -9772.7 31.4
-7571.7 -9779.2 31.6
-7595.2 -9777.8 31.8
-7701.7 -9774.4 29.2
-7778.8 -9772.2 27.1
-7237.8 -9764.9 24.1
-7287.2 -9760.7 23.9
-7301.4 -9761.6 24.6
-7333.3 -9760.4 26.4
-7378.5 -9764.6 27.5
-7431.1 -9757.8 29.6
-7448.0 -9762.4 29.7
-7497.7 -9764.1 31.0
-7510.9 -9761.7 31.6
-7527.9 -9764.8 31.7
-7567.5 -9757.2 33.4
-7597.0 -9762.5 32.4
-7626.4 -9763.8 31.6
-7708.7 -9757.3 29.6
-7745.4 -9760.7 28.6
-7760.6 -9757.7 27.8
-7222.5 -9742.4 23.4
-7241.9 -9742.0 23.0
-7362.7 -9744.6 29.0
-7374.0 -9750.7 28.7
-7418.7 -9747.9 30.3
-7463.9 -9741.9 32.1
-7540.9 -9747.9 33.8
-7565.8 -9750.2 33.7
-7584.3 -9749.7 33.2
-7602.9 -9741.9 33.0
-7709.1 -9744.4 30.2
-7805.4 -9750.4 24.9
-7843.9 -9743.3 26.7
-7852.6 -9746.3 27.2
-7267.0 -9726.5 25.7
-7312.7 -9728.8 27.9
-7377.7 -9734.3 30.4
-7394.6 -9735.8 30.7
-7432.8 -9731.7 32.2
-7483.3 -9735.6 33.3
-7529.2 -9730.5 35.1
-7537.6 -9734.0 35.0
-7558.1 -9727.7 34.8
-7655.0 -9733.8 32.0
-7709.0 -9730.9 30.0
-7723.7 -9736.1 29.3
-7737.8 -9728.6 28.1
-7749.9 -9729.6 27.4
-7814.2 -9727.7 24.9
-7841.5 -9734.4 26.5
-7208.1 -9721.1 22.9
-7284.7 -9715.3 27.6
-7333.1 -9720.0 29.8
-7342.4 -9714.8 30.7
-7425.0 -9714.6 33.7
-7447.8 -9711.2 34.7
-7469.7 -9711.4 35.3
-7505.2 -9717.2 35.7
-7643.2 -9713.5 33.1
-7754.1 -9713.7 26.4
-7783.7 -9711.9 24.5
-7806.0 -9714.6 24.3
-7843.7 -9718.1 26.4
-7880.9 -9719.9 28.6
-7903.9 -9721.2 28.7
-7926.0 -9717.2 28.1
-7957.4 -9712.3 27.1
-7165.2 -9702.4 22.3
-7208.9 -9704.8 24.2
-7254.9 -9703.8 26.4
-7344.6 -9705.6 31.6
-7387.8 -9704.8 33.6
-7435.8 -9700.9 35.3
-7582.3 -9706.0 35.0
-7634.3 -9701.1 33.3
-7661.9 -9701.0 31.6
-7700.2 -9698.8 29.1
-7732.8 -9703.8 27.3
-7751.7 -9698.6 25.9
-7791.8 -9700.9 23.5
-7869.2 -9698.5 27.7
-7929.2 -9699.0 31.1
-7162.1 -9683.0 23.3
-7239.2 -9688.4 26.8
-7416.9 -9683.9 36.4
-7541.2 -9689.2 36.8
-7556.8 -9688.2 36.4
-7595.0 -9686.5 35.0
-7662.6 -9690.1 31.0
-7735.2 -9688.6 26.5
-7784.0 -9681.9 23.1
-7798.8 -9681.4 23.6
-7825.6 -9685.9 25.1
-7841.1 -9687.0 26.0
-7852.6 -9688.4 26.7
-7880.2 -9683.5 28.2
-7941.1 -9682.5 31.6
-7977.0 -9688.9 30.1
-7989.8 -9690.1 29.1
-8007.3 -9685.4 28.9
-7167.5 -9669.8 24.3
-7210.7 -9670.2 26.8
-7251.7 -9675.5 28.3
-7272.9 -9671.2 29.6
-7391.3 -9672.4 36.8
-7416.5 -9673.5 37.4
-7484.9 -9671.1 39.0
-7565.4 -9670.7 36.2
-7692.8 -9668.5 28.2
-7705.2 -9667.7 27.4
-7753.6 -9666.9 24.3
-7797.4 -9667.1 23.4
-7826.4 -9666.6 25.0
-7866.9 -9673.7 27.4
-7886.4 -9674.3 28.5
-7991.4 -9671.0 32.5
-8061.3 -9668.7 28.6
-7116.9 -9653.0 22.1
-7167.3 -9660.0 24.8
-7175.9 -9653.2 25.6
-7194.6 -9656.7 26.5
-7205.5 -9660.0 27.0
-7220.9 -9658.8 28.0
-7299.0 -9660.8 31.9
-7359.9 -9653.6 36.8
-7370.9 -9651.3 37.6
-7392.8 -9652.6 38.7
-7400.1 -9656.0 38.7
-7415.2 -9659.1 38.8
-7433.3 -9655.4 39.7
-7475.1 -9656.0 39.8
-7555.9 -9653.0 36.0
-7574.1 -9652.1 34.8
-7583.9 -9654.4 34.3
-7631.0 -9660.5 31.6
-7646.4 -9652.5 30.3
-7783.1 -9659.3 22.5
-7941.3 -9653.9 31.4
-7973.6 -9660.8 33.3
-8009.3 -9658.8 33.6
-8035.2 -9653.8 32.9
-8068.4 -9657.0 30.3
-8083.7 -9651.8 30.0
-7106.6 -9645.7 21.9
-7207.8 -9638.2 28.2
-7255.8 -9636.3 31.1
-7286.2 -9639.2 32.6
-7313.7 -9640.5 34.1
-7330.5 -9643.3 35.2
-7379.8 -9639.4 39.1
-7405.3 -9643.3 40.1
-7448.3 -9643.7 41.0
-7536.7 -9644.3 36.8
-7582.9 -9638.0 33.6
-7615.6 -9642.2 31.8
-7632.0 -9642.1 30.8
-7643.9 -9641.5 30.0
-7670.3 -9636.5 28.1
-7709.4 -9643.1 26.0
-7717.2 -9641.0 25.4
-7798.9 -9644.8 23.3
-7814.8 -9637.9 24.1
-7829.6 -9637.2 24.9
-7836.4 -9645.0 25.4
-7915.9 -9644.7 29.9
-7988.8 -9642.4 34.0
-8034.8 -9646.1 34.4
-7075.2 -9622.6 21.2
-7091.4 -9621.7 22.2
-7181.0 -9626.8 27.2
-7227.2 -9622.4 30.1
-7236.3 -9627.1 30.4
-7284.9 -9623.8 33.4
-7403.9 -9628.6 41.3
-7508.1 -9621.7 37.5
-7523.4 -9629.5 36.9
-7540.4 -9630.1 35.9
-7581.6 -9622.2 33.0
-7660.1 -9628.8 28.4
-7853.2 -9622.6 26.1
-7912.7 -9630.3 29.6
-7927.0 -9628.9 30.4
-8031.7 -9624.5 36.2
-8121.8 -9625.9 31.5
-8170.7 -9627.0 27.3
-7152.7 -9612.6 26.2
-7242.7 -9611.0 31.5
-7270.6 -9614.8 33.0
-7289.5 -9608.7 34.4
-7394.5 -9607.5 41.4
-7423.0 -9607.7 42.7
-7432.3 -9609.3 41.7
-7452.2 -9611.9 40.5
-7469.7 -9613.7 39.5
-7525.5 -9610.1 35.9
-7610.3 -9608.7 30.6
-7660.4 -9613.9 27.7
-7724.3 -9614.4 23.8
-7794.6 -9609.6 22.7
-7854.3 -9610.5 26.1
-7881.3 -9607.8 27.6
-7931.4 -9615.8 30.5
-8084.9 -9612.6 36.5
-7094.1 -9596.4 23.6
-7180.3 -9599.0 28.5
-7192.2 -9597.5 29.3
-7210.6 -9596.2 30.4
-7252.6 -9596.3 32.6
-7286.1 -9598.0 34.0
-7297.8 -9593.5 34.4
-7378.2 -9592.3 40.2
-7406.0 -9592.1 41.6
-7447.3 -9597.9 40.2
-7463.6 -9600.4 39.3
-7537.1 -9599.2 34.7
-7610.9 -9591.7 29.8
-7628.1 -9596.7 28.9
-7678.6 -9599.7 25.9
-7692.7 -9598.4 25.0
-7718.8 -9599.4 23.4
-7750.2 -9594.3 21.3
-7790.0 -9593.6 22.3
-7873.9 -9597.2 27.1
-7889.1 -9595.6 27.9
-7904.5 -9597.1 28.8
-7914.1 -9595.4 29.3
-7927.8 -9595.8 30.1
-7947.0 -9599.8 31.2
-7972.8 -9592.3 32.6
-8003.6 -9597.0 34.4
-8023.4 -9593.3 35.5
-8144.3 -9601.0 32.2
-7064.6 -9584.8 22.4
-7094.0 -9582.0 24.3
-7102.9 -9579.0 25.0
-7138.4 -9584.9 26.7
-7154.2 -9579.2 28.0
-7177.2 -9585.5 29.0
-7198.0 -9579.1 29.9
-7241.0 -9585.0 31.8
-7256.2 -9579.8 32.3
-7300.2 -9577.4 34.3
-7407.0 -9582.2 41.1
-7507.6 -9580.6 35.7
-7617.4 -9577.7 28.7
-7709.6 -9579.0 23.1
-7795.6 -9584.0 22.5
-7836.8 -9585.9 24.9
-7867.1 -9577.1 26.5
-7958.0 -9585.5 31.7
-8003.6 -9583.0 34.3
-8023.5 -9578.3 34.5
-8061.2 -9583.6 35.3
-8082.4 -9581.6 35.3
-8189.5 -9580.4 29.7
-8218.9 -9585.1 26.9
-7093.1 -9566.3 25.0
-7151.8 -9566.8 27.7
-7181.6 -9562.4 28.8
-7244.2 -9563.2 31.3
-7250.4 -9563.1 31.6
-7283.8 -9568.9 33.1
-7329.6 -9568.0 36.5
-7363.7 -9561.7 38.6
-7392.8 -9570.3 40.1
-7437.5 -9561.8 41.3
-7505.5 -9566.1 35.2
-7525.7 -9562.1 33.7
-7541.8 -9570.4 33.1
-7626.5 -9570.1 27.8
-7649.6 -9562.0 26.0
-7671.1 -9569.8 25.1
-7686.1 -9564.5 23.9
-7736.1 -9570.8 21.1
-7794.3 -9565.9 22.3
-7822.1 -9563.8 23.9
-8000.9 -9569.5 33.6
-8080.7 -9562.6 33.7
-8173.4 -9569.3 32.2
-8183.8 -9567.7 31.3
-8202.3 -9563.1 30.0
-8230.7 -9564.1 27.3
-7119.2 -9555.4 26.0
-7184.4 -9550.9 28.6
-7228.8 -9554.6 30.5
-7265.3 -9547.6 31.8
-7330.6 -9546.7 36.6
-7344.2 -9551.7 37.5
-7358.7 -9550.0 37.9
-7387.8 -9552.7 39.1
-7402.5 -9546.8 39.4
-7423.1 -9554.9 40.5
-7507.0 -9555.0 34.6
-7524.1 -9548.9 33.2
-7584.2 -9551.3 29.6
-7641.0 -9552.6 26.1
-7673.4 -9555.1 24.3
-7784.7 -9552.9 21.7
-7799.7 -9553.3 22.5
-7807.0 -9551.3 22.9
-7914.4 -9549.5 28.9
-7929.9 -9550.3 29.8
-7992.7 -9548.2 31.7
-8039.2 -9546.8 32.0
-8049.3 -9547.3 32.2
-8135.5 -9556.0 33.9
-8195.2 -9550.0 32.0
-7105.3 -9533.4 24.9
-7244.0 -9540.2 30.7
-7254.8 -9539.7 31.1
-7270.7 -9536.4 32.0
-7299.3 -9533.6 34.2
-7438.2 -9540.5 40.4
-7469.5 -9532.7 41.2
-7536.0 -9532.8 31.8
-7571.6 -9534.6 29.6
-7630.4 -9532.2 25.9
-7643.7 -9540.4 25.4
-7660.1 -9535.1 24.2
-7694.0 -9535.4 22.1
-7704.4 -9540.4 21.7
-7735.8 -9536.2 19.5
-7795.4 -9540.5 22.2
-7885.2 -9532.4 27.1
-7904.8 -9538.9 28.3
-7919.3 -9537.5 29.1
-8031.9 -9539.4 31.3
-8099.3 -9534.5 31.5
-8136.6 -9538.5 32.2
-8220.0 -9535.4 31.1
-8231.3 -9536.4 29.9
-7002.8 -9522.7 21.4
-7031.7 -9518.2 21.4
-7135.4 -9522.5 25.8
-7149.3 -9516.9 26.2
-7282.4 -9520.4 32.9
-7362.8 -9516.6 36.5
-7461.5 -9522.3 40.4
-7481.0 -9520.9 41.1
-7520.7 -9525.3 32.6
-7543.9 -9525.1 30.9
-7556.6 -9523.7 30.1
-7566.6 -9519.8 29.3
-7584.0 -9524.2 28.4
-7690.1 -9523.0 21.8
-7724.1 -9519.2 19.5
-7749.9 -9518.7 19.4
-7822.7 -9519.2 23.5
-7843.4 -9522.1 24.7
-7874.3 -9517.3 26.4
-7915.7 -9520.3 28.7
-7974.0 -9526.2 29.7
-7987.7 -9524.8 29.7
-8032.2 -9525.2 30.2
-8170.8 -9519.2 31.0
-7015.9 -9508.9 21.4
-7028.9 -9505.7 21.3
-7071.0 -9504.7 22.7
-7214.7 -9508.2 28.7
-7256.8 -9501.2 31.0
-7286.1 -9502.6 33.1
-7373.1 -9501.9 36.2
-7389.4 -9506.3 37.0
-7454.6 -9503.5 39.3
-7539.0 -9508.6 31.0
-7597.9 -9507.9 26.8
-7679.3 -9511.1 21.9
-7701.5 -9510.0 20.5
-7739.6 -9506.7 18.7
-7889.1 -9510.3 27.2
-7897.5 -9503.1 27.1
-7919.9 -9504.8 27.5
-7941.1 -9505.9 27.7
-7974.9 -9506.4 28.1
-8054.3 -9507.6 28.9
-8062.7 -9501.9 28.5
-8098.5 -9503.3 28.9
-8213.4 -9502.4 30.9
-7001.5 -9493.7 21.8
-7048.4 -9487.5 21.4
-7102.8 -9486.4 23.5
-7134.9 -9488.9 24.9
-7154.8 -9488.9 25.7
-7177.0 -9492.2 26.7
-7286.8 -9490.8 32.6
-7298.5 -9487.2 32.8
-7347.8 -9495.5 35.0
-7357.5 -9488.0 35.0
-7373.8 -9494.3 35.9
-7388.2 -9486.4 36.1
-7423.9 -9493.6 37.7
-7496.3 -9489.2 40.2
-7540.0 -9491.8 33.8
-7597.5 -9493.4 26.2
-7691.9 -9487.4 20.0
-7751.4 -9495.1 19.3
-7778.2 -9489.0 20.7
-7837.5 -9491.1 24.1
-7917.7 -9490.9 26.3
-7931.0 -9488.6 26.2
-7962.0 -9491.4 26.7
-7978.4 -9495.2 27.2
-8039.8 -9487.6 27.1
-8061.7 -9489.1 27.4
-8181.1 -9494.7 28.9
-8248.8 -9494.6 31.6
-7078.6 -9475.3 22.2
-7092.1 -9474.5 22.7
-7133.8 -9479.3 24.6
-7177.9 -9472.2 26.2
-7227.5 -9475.3 28.8
-7242.8 -9478.5 29.9
-7251.3 -9475.7 30.6
-7301.7 -9478.1 32.5
-7344.5 -9471.3 33.8
-7355.0 -9472.1 34.2
-7373.3 -9478.4 35.2
-7393.3 -9477.4 35.9
-7419.3 -9480.8 37.0
-7432.7 -9477.3 37.3
-7463.7 -9477.3 38.4
-7482.0 -9474.1 39.0
-7499.8 -9471.8 39.5
-7567.7 -9472.1 30.3
-7734.0 -9475.6 18.1
-7839.7 -9475.6 24.1
-7854.8 -9474.6 24.4
-8079.5 -9471.3 26.1
-8095.6 -9476.0 26.6
-8108.0 -9477.4 26.9
-8144.8 -9473.6 26.9
-8172.8 -9471.8 27.0
-8214.8 -9480.0 28.2
-7033.8 -9456.3 22.0
-7049.1 -9462.6 21.7
-7119.3 -9465.8 23.6
-7190.0 -9461.2 26.4
-7226.3 -9465.7 28.7
-7252.7 -9462.8 30.0
-7303.6 -9463.4 31.9
-7319.2 -9461.2 32.4
-7342.8 -9457.4 33.1
-7401.6 -9461.1 35.4
-7469.4 -9465.5 38.1
-7490.0 -9458.5 38.6
-7526.4 -9456.8 39.8
-7536.1 -9465.6 39.7
-7616.5 -9456.4 23.3
-7658.6 -9465.8 21.1
-7674.4 -9457.6 19.8
-7685.4 -9464.9 19.4
-7721.8 -9460.3 17.3
-7766.5 -9457.9 19.8
-7778.1 -9460.5 20.5
-7792.2 -9459.2 21.3
-7824.1 -9461.0 23.0
-7870.9 -9462.8 23.6
-7931.2 -9465.3 24.3
-7949.7 -9457.0 23.8
-8015.3 -9458.5 24.5
-8064.0 -9459.6 25.0
-8113.8 -9464.1 25.8
-8122.5 -9462.6 25.8
-8138.3 -9458.0 25.5
-8150.6 -9462.0 26.0
-8169.3 -9456.4 25.7
-8185.9 -9461.7 26.2
-8213.0 -9463.7 26.6
-6985.6 -9449.6 22.2
-6995.3 -9451.1 22.2
-7013.2 -9442.2 22.2
-7087.3 -9450.2 21.9
-7104.6 -9441.3 22.3
-7194.4 -9444.2 26.3
-7304.2 -9448.1 31.3
-7334.9 -9444.4 32.2
-7341.8 -9444.6 32.5
-7364.0 -9443.4 33.2
-7393.6 -9451.1 34.7
-7400.5 -9444.2 34.6
-7454.0 -9441.9 36.5
-7480.8 -9444.4 37.6
-7509.3 -9447.8 38.8
-7539.4 -9450.2 40.0
-7631.4 -9444.5 21.8
-7648.3 -9444.6 20.8
-7676.7 -9448.3 19.2
-7723.9 -9449.2 17.3
-7835.7 -9448.4 22.0
-7926.7 -9445.1 22.6
-7976.8 -9442.1 22.8
-8075.2 -9451.1 24.4
-8110.4 -9442.1 23.9
-8189.9 -9442.3 24.7
-8241.9 -9449.0 25.7
-6966.3 -9433.1 24.1
-7102.2 -9434.0 22.1
-7166.4 -9430.5 24.6
-7175.4 -9427.8 24.9
-7224.1 -9430.7 27.5
-7268.8 -9435.1 29.4
-7295.0 -9430.1 30.1
-7319.7 -9432.9 31.1
-7333.7 -9432.9 31.7
-7358.2 -9430.8 32.5
-7418.1 -9428.5 34.6
-7468.0 -9432.0 36.5
-7586.9 -9427.3 33.6
-7618.0 -9435.1 24.2
-7632.5 -9434.0 21.3
-7676.4 -9434.5 18.6
-7731.2 -9431.0 17.6
-7915.7 -9427.4 21.0
-7946.9 -9434.5 21.9
-7992.7 -9428.7 21.8
-8007.6 -9431.4 22.2
-8039.8 -9435.5 22.8
-8076.7 -9431.4 22.8
-8126.5 -9427.6 22.9
-8142.2 -9434.8 23.6
-6957.1 -9418.4 23.1
-6984.4 -9419.9 24.6
-7011.0 -9414.3 24.0
-7060.0 -9413.6 22.1
-7088.9 -9417.1 22.0
-7122.1 -9420.6 22.5
-7149.6 -9416.8 23.5
-7226.5 -9414.4 26.9
-7241.8 -9420.3 27.7
-7250.7 -9411.4 27.6
-7289.4 -9420.8 29.5
-7319.4 -9419.0 30.5
-7357.7 -9415.8 31.8
-7434.2 -9411.8 34.4
-7494.1 -9411.5 36.6
-7514.5 -9417.3 37.6
-7522.3 -9420.8 38.0
-7580.6 -9417.6 37.1
-7613.0 -9413.4 29.5
-7641.9 -9417.3 21.2
-7675.6 -9414.0 17.7
-7764.3 -9417.4 18.8
-7784.7 -9420.3 19.3
-7814.2 -9414.6 19.0
-7825.5 -9411.8 18.9
-7917.3 -9420.8 20.5
-7931.8 -9415.3 20.1
-8007.1 -9412.1 20.5
-8097.2 -9412.3 21.3
-8109.6 -9418.4 21.9
-8126.6 -9412.3 21.6
-8180.3 -9411.7 21.9
-8231.7 -9417.6 22.9
-6923.3 -9397.1 22.6
-6955.6 -9401.9 22.8
-6968.8 -9403.5 24.9
-6983.8 -9398.5 26.6
-7004.0 -9401.9 25.4
-7124.4 -9400.0 22.0
-7149.0 -9404.4 23.2
-7178.8 -9402.5 24.6
-7243.7 -9406.1 27.1
-7281.2 -9400.3 28.2
-7331.6 -9405.7 30.3
-7389.1 -9404.6 32.4
-7417.1 -9397.4 33.1
-7434.1 -9401.7 33.9
-7490.3 -9397.2 35.8
-7525.3 -9401.3 37.2
-7572.3 -9405.4 39.2
-7598.2 -9400.6 35.7
-7632.4 -9399.6 27.0
-7659.6 -9401.2 19.7
-7701.1 -9401.2 15.6
-7739.3 -9397.5 17.0
-7814.0 -9404.7 18.2
-7961.3 -9397.0 18.8
-8050.2 -9403.0 20.1
-8069.2 -9405.9 20.5
-8106.8 -9405.6 20.8
-8139.2 -9404.3 21.0
-8197.1 -9398.5 20.9
-8229.9 -9399.3 21.3
-7016.8 -9382.6 26.7
-7026.5 -9389.7 25.6
-7061.1 -9389.0 24.2
-7071.7 -9385.2 24.1
-7108.3 -9384.3 22.7
-7118.5 -9389.0 22.0
-7224.6 -9385.7 25.5
-7288.0 -9383.6 27.7
-7295.4 -9389.2 28.3
-7375.5 -9383.0 30.9
-7390.6 -9385.6 31.6
-7409.6 -9384.2 32.2
-7439.2 -9384.9 33.3
-7447.6 -9385.9 33.7
-7544.8 -9381.6 37.1
-7551.6 -9389.8 37.7
-7566.0 -9391.1 38.3
-7663.1 -9389.7 20.9
-7671.8 -9384.9 19.5
-7685.5 -9387.7 15.9
-7718.3 -9381.3 15.4
-7782.2 -9384.9 16.3
-7798.5 -9388.8 16.8
-7858.2 -9388.5 17.2
-7992.7 -9390.5 18.5
-8093.8 -9384.7 18.9
-6924.5 -9370.3 22.6
-6958.0 -9375.6 23.2
-6966.7 -9376.0 24.6
-6980.7 -9369.6 26.8
-6996.3 -9371.3 28.6
-7091.2 -9367.2 25.0
-7160.7 -9371.5 22.2
-7197.9 -9373.9 23.8
-7209.3 -9374.4 24.3
-7238.4 -9371.6 25.1
-7402.0 -9369.3 30.9
-7508.3 -9370.4 34.9
-7627.8 -9373.5 32.3
-7655.0 -9373.4 25.2
-7703.0 -9371.6 15.2
-7732.9 -9371.3 15.5
-7792.0 -9372.0 16.0
-7814.9 -9372.0 16.2
-8033.5 -9370.6 18.3
-6973.7 -9353.7 25.7
-6982.2 -9358.3 27.0
-7002.9 -9353.4 30.0
-7102.6 -9351.8 26.0
-7212.0 -9352.9 22.5
-7297.2 -9354.0 25.7
-7333.8 -9354.8 27.1
-7356.5 -9360.2 28.4
-7377.6 -9351.2 28.4
-7434.8 -9353.6 30.7
-7462.8 -9357.7 32.1
-7478.3 -9357.1 32.6
-7497.7 -9359.9 33.6
-7565.6 -9357.4 35.9
-7580.5 -9359.0 37.4
-7611.0 -9352.5 37.5
-7633.6 -9359.2 31.4
-7688.3 -9357.3 18.6
-7760.8 -9351.5 16.1
-7821.9 -9355.7 16.6
-7895.4 -9355.7 17.3
-7929.0 -9359.3 17.5
-7940.3 -9353.8 17.7
-8082.4 -9357.1 19.0
-8120.2 -9355.8 19.4
-8153.1 -9351.7 21.0
-8173.6 -9359.8 20.6
-6920.4 -9342.6 22.6
-6968.4 -9342.0 24.8
-7011.6 -9337.0 31.2
-7070.1 -9346.1 27.9
-7229.0 -9345.0 22.5
-7243.1 -9342.6 22.8
-7283.4 -9340.1 24.0
-7302.5 -9343.7 25.0
-7377.3 -9337.1 27.2
-7461.3 -9336.7 30.3
-7527.4 -9340.4 33.0
-7535.9 -9338.5 33.2
-7556.6 -9336.6 35.5
-7633.3 -9342.1 32.2
-7678.3 -9336.6 22.8
-7736.2 -9342.1 16.1
-7746.8 -9336.9 16.2
-7827.9 -9341.8 16.9
-7883.1 -9344.4 17.4
-7913.4 -9338.4 17.8
-7962.2 -9337.1 18.2
-8046.0 -9338.3 19.0
-8079.5 -9345.0 19.2
-8171.7 -9340.1 23.9
-8184.5 -9337.2 25.1
-8210.3 -9343.3 25.3
-6894.9 -9323.6 21.1
-7121.4 -9325.3 24.6
-7131.9 -9329.3 22.9
-7153.1 -9324.3 22.0
-7208.0 -9322.9 22.0
-7226.0 -9326.2 22.0
-7239.6 -9331.1 22.0
-7253.7 -9331.1 22.2
-7280.7 -9324.4 22.6
-7302.8 -9328.1 23.7
-7344.2 -9329.4 25.3
-7389.1 -9323.8 26.5
-7475.1 -9325.5 29.8
-7600.9 -9329.6 41.0
-7644.1 -9321.9 30.3
-7776.7 -9324.8 16.7
-7824.3 -9329.4 17.1
-7945.4 -9329.0 18.2
-7960.7 -9330.8 18.3
-7978.5 -9329.0 18.5
-8045.7 -9329.5 19.3
-8069.1 -9326.1 21.1
-8185.8 -9330.2 26.3
-6910.2 -9311.8 22.0
-6969.0 -9312.3 24.9
-6983.1 -9312.2 27.1
-7002.2 -9310.3 30.2
-7071.8 -9308.1 31.4
-7194.8 -9313.4 22.0
-7227.0 -9308.5 22.0
-7300.9 -9310.3 22.1
-7402.2 -9316.0 26.3
-7452.0 -9308.8 27.5
-7618.8 -9313.5 37.1
-7625.0 -9310.7 35.7
-7676.1 -9307.8 27.0
-7852.0 -9306.3 17.8
-7868.8 -9310.1 17.9
-7882.1 -9306.6 18.0
-7913.3 -9315.4 18.2
-7974.0 -9307.9 19.3
-8045.7 -9316.2 21.6
-8106.5 -9309.1 25.9
-8137.2 -9308.9 27.5
-8156.0 -9311.6 28.0
-8168.2 -9310.9 28.8
-8187.0 -9308.9 30.1
-6914.1 -9300.1 22.1
-7062.1 -9301.1 32.4
-7073.7 -9294.2 32.3
-7107.6 -9295.9 26.9
-7149.4 -9299.8 22.0
-7207.2 -9297.8 22.0
-7273.8 -9293.8 22.0
-7392.6 -9298.2 24.4
-7466.8 -9296.6 27.0
-7522.7 -9298.4 33.1
-7541.1 -9299.3 35.2
-7616.3 -9296.0 38.5
-7645.3 -9295.9 32.9
-7660.8 -9298.3 30.4
-7798.8 -9300.0 17.4
-7839.0 -9300.8 17.7
-7870.4 -9301.0 18.0
-7896.0 -9297.6 18.3
-7973.3 -9293.2 21.8
-8006.2 -9295.7 23.1
-8023.5 -9298.6 23.5
-8034.1 -9295.7 24.5
-8054.2 -9301.1 24.6
-8198.5 -9293.4 27.5
-6899.1 -9277.1 20.8
-6950.3 -9278.2 22.2
-7076.0 -9283.7 32.0
-7087.7 -9282.3 30.1
-7139.1 -9282.2 22.0
-7167.8 -9282.4 22.0
-7244.3 -9284.9 22.0
-7258.5 -9284.4 22.0
-7312.9 -9279.7 22.0
-7328.0 -9283.6 22.0
-7342.9 -9283.2 22.0
-7357.2 -9282.5 22.0
-7405.3 -9278.0 23.2
-7525.9 -9277.6 34.3
-7617.8 -9276.9 39.4
-7649.7 -9284.8 33.8
-7720.5 -9280.0 24.5
-7733.2 -9283.0 22.4
-7798.6 -9284.8 17.7
-7916.3 -9280.9 21.0
-8053.7 -9283.2 27.7
-8062.9 -9277.7 29.1
-8076.2 -9277.8 29.8
-8109.6 -9276.4 31.7
-8135.3 -9280.2 32.4
-6865.5 -9263.1 19.9
-7058.2 -9269.1 34.8
-7085.5 -9263.4 30.4
-7121.8 -9267.7 24.6
-7210.9 -9261.9 22.0
-7237.2 -9261.3 22.0
-7256.0 -9269.9 22.0
-7304.0 -9268.6 22.0
-7466.8 -9262.9 27.9
-7615.1 -9266.1 41.2
-7646.1 -9262.8 37.3
-7707.7 -9267.5 28.0
-7765.2 -9270.0 19.6
-7840.4 -9266.6 19.6
-7974.6 -9262.2 27.2
-7990.3 -9263.7 27.8
-8003.3 -9268.6 27.6
-8052.6 -9267.0 30.4
-8076.0 -9261.4 32.6
-6986.2 -9252.5 27.6
-7010.2 -9250.8 31.4
-7025.1 -9246.6 33.8
-7041.2 -9253.0 36.4
-7075.7 -9255.0 32.1
-7087.5 -9255.4 30.2
-7105.7 -9255.0 27.2
-7147.4 -9252.7 21.9
-7377.9 -9246.9 21.8
-7419.4 -9254.8 22.3
-7462.4 -9252.2 26.3
-7490.0 -9255.6 30.1
-7544.7 -9248.7 35.4
-7718.8 -9255.1 26.7
-7751.6 -9250.1 21.2
-7764.7 -9247.1 19.8
-7839.1 -9249.7 21.2
-7918.1 -9253.7 25.0
-7961.9 -9250.0 27.4
-7978.9 -9253.0 28.2
-8003.0 -9249.9 29.6
-8018.7 -9255.8 30.1
-8182.6 -9247.5 25.0
-6864.0 -9237.0 19.8
-6896.0 -9234.6 20.6
-6910.7 -9232.0 21.0
-6955.1 -9231.8 22.6
-6972.5 -9232.5 25.4
-7003.3 -9238.8 30.3
-7033.4 -9236.7 35.0
-7197.2 -9238.5 21.6
-7214.4 -9239.2 21.7
-7240.0 -9232.2 21.5
-7327.8 -9239.1 21.7
-7433.5 -9231.8 23.4
-7559.2 -9231.5 34.3
-7582.3 -9232.6 37.2
-7720.9 -9236.3 23.6
-7732.1 -9240.2 22.6
-7765.5 -9238.8 19.6
-7814.5 -9238.1 19.4
-7822.7 -9239.8 20.0
-7842.3 -9240.9 21.3
-7911.8 -9237.2 25.5
-7947.9 -9232.8 27.5
-7991.7 -9234.3 29.7
-6980.1 -9220.6 26.6
-6999.6 -9224.1 29.7
-7026.7 -9219.7 33.6
-7077.4 -9220.6 32.2
-7168.7 -9223.7 21.4
-7179.0 -9223.4 21.4
-7258.3 -9225.5 21.4
-7312.2 -9224.8 21.4
-7341.3 -9216.9 21.3
-7430.8 -9223.5 23.4
-7451.6 -9217.1 24.7
-7498.4 -9221.8 27.5
-7505.2 -9222.5 27.9
-7687.7 -9219.4 26.4
-7843.4 -9220.4 21.0
-7887.0 -9216.3 23.8
-7903.8 -9218.2 24.9
-7945.1 -9217.1 27.5
-8105.9 -9220.6 34.9
-6853.3 -9205.0 19.5
-6862.8 -9201.4 19.7
-6921.1 -9206.2 21.4
-7019.9 -9209.5 32.7
-7047.4 -9204.4 31.7
-7058.3 -9207.6 31.8
-7070.0 -9203.6 31.2
-7139.9 -9203.8 22.3
-7220.9 -9205.5 21.1
-7300.6 -9210.3 21.2
-7312.3 -9209.7 21.2
-7379.4 -9204.5 21.0
-7415.1 -9210.8 22.6
-7435.4 -9207.9 23.9
-7453.5 -9210.4 24.9
-7470.0 -9207.0 26.0
-7537.7 -9205.3 30.1
-7582.4 -9204.0 32.8
-7610.8 -9206.0 33.6
-7730.1 -9209.7 22.3
-7760.7 -9204.6 19.4
-7794.1 -9208.4 17.6
-7884.0 -9208.5 23.4
-7915.5 -9210.3 25.5
-7991.9 -9202.1 30.3
-8060.0 -9208.3 34.4
-8075.3 -9207.3 35.2
-8111.9 -9206.3 32.0
-8127.9 -9206.5 30.7
-8151.6 -9207.1 28.8
-6928.8 -9192.2 21.8
-7102.0 -9187.1 28.6
-7124.9 -9190.5 24.9
-7197.1 -9186.8 20.8
-7223.2 -9191.9 20.9
-7242.3 -9188.5 20.8
-7253.8 -9193.6 20.9
-7288.9 -9189.7 20.8
-7297.2 -9192.0 20.9
-7340.8 -9195.1 20.9
-7394.8 -9188.2 21.7
-7408.4 -9193.1 22.4
-7455.0 -9195.4 25.2
-7536.8 -9189.5 30.2
-7619.3 -9186.9 31.8
-7633.5 -9186.7 30.8
-7678.8 -9187.4 26.9
-7732.9 -9188.3 21.9
-7853.0 -9188.2 21.3
-7881.2 -9186.5 23.1
-7962.5 -9187.4 28.4
-7988.3 -9194.7 30.1
-8022.5 -9190.2 32.2
-8064.0 -9196.0 34.8
-8090.8 -9189.8 31.6
-6936.0 -9177.7 22.1
-6996.9 -9177.5 29.2
-7017.2 -9180.4 30.0
-7061.1 -9180.7 29.2
-7078.2 -9177.0 28.5
-7120.0 -9174.8 25.9
-7180.9 -9179.2 20.7
-7243.0 -9180.4 20.7
-7297.4 -9173.1 20.6
-7311.0 -9176.3 20.6
-7330.5 -9173.6 20.5
-7362.5 -9172.4 20.5
-7379.8 -9179.7 20.9
-7409.9 -9171.4 22.8
-7420.8 -9178.6 23.3
-7450.2 -9176.6 25.2
-7466.3 -9172.0 26.2
-7493.3 -9177.8 27.8
-7587.4 -9176.8 32.0
-7610.5 -9175.2 31.5
-7723.3 -9176.5 22.8
-7778.8 -9174.9 17.7
-7809.8 -9175.9 18.5
-7828.8 -9180.8 19.7
-7867.8 -9179.4 22.3
-7902.8 -9175.7 24.5
-7926.7 -9180.9 26.1
-7962.6 -9179.3 28.4
-8020.8 -9180.0 31.8
-8036.7 -9177.4 32.6
-6970.2 -9158.1 24.9
-6997.1 -9163.4 28.8
-7015.3 -9165.1 28.6
-7160.1 -9165.5 20.4
-7176.0 -9165.8 20.4
-7197.2 -9162.4 20.4
-7214.9 -9159.1 20.3
-7258.6 -9163.9 20.4
-7374.2 -9157.1 20.8
-7390.0 -9164.7 21.7
-7408.5 -9158.3 22.9
-7476.3 -9157.6 27.0
-7499.0 -9157.2 28.4
-7646.7 -9165.8 28.3
-7687.9 -9166.0 25.5
-7718.7 -9157.8 22.8
-7745.3 -9161.5 20.8
-8007.7 -9160.9 30.4
-8015.7 -9163.3 30.9
-8051.7 -9159.2 32.9
-8124.0 -9159.4 26.6
-6835.5 -9149.1 18.7
-6851.9 -9146.5 18.9
-6895.0 -9146.9 20.5
-6942.9 -9144.3 22.1
-6970.9 -9141.3 25.0
-7079.4 -9144.3 25.4
-7164.5 -9145.3 20.1
-7178.1 -9143.5 20.1
-7205.5 -9147.1 20.1
-7266.6 -9147.8 20.1
-7288.6 -9145.4 20.1
-7318.4 -9148.6 20.1
-7341.3 -9143.7 20.0
-7362.0 -9149.4 20.2
-7476.2 -9147.0 27.1
-7679.5 -9142.9 24.4
-7724.0 -9149.3 21.9
-7739.8 -9141.3 20.2
-7754.9 -9151.1 19.9
-7763.9 -9149.4 19.1
-7867.1 -9151.0 22.0
-7881.9 -9147.2 22.7
-7898.4 -9150.8 23.8
-8049.4 -9142.6 32.2
-8077.4 -9146.9 31.7
-8123.9 -9150.9 26.3
-6851.5 -9134.0 18.8
-6875.6 -9128.0 19.4
-6894.5 -9129.0 20.2
-6921.6 -9131.7 21.2
-7078.1 -9131.9 24.3
-7150.4 -9134.5 21.4
-7183.4 -9130.6 19.9
-7273.1 -9133.2 19.9
-7326.7 -9130.4 19.8
-7356.7 -9133.7 20.0
-7370.6 -9133.8 20.9
-7451.1 -9135.6 25.7
-7462.8 -9126.3 26.4
-7475.3 -9129.4 26.8
-7498.1 -9130.4 27.2
-7512.8 -9133.4 27.7
-7543.7 -9133.8 28.2
-7581.3 -9130.3 28.6
-7600.6 -9136.0 29.3
-7612.3 -9126.2 27.8
-7642.7 -9133.5 26.3
-7746.3 -9130.2 18.9
-7790.7 -9132.2 16.8
-7895.9 -9133.5 22.6
-7956.8 -9130.4 25.8
-7988.7 -9135.2 28.1
-8004.2 -9134.9 28.9
-8016.5 -9131.5 29.3
-8034.0 -9129.9 30.2
-8060.2 -9134.8 32.1
-8105.0 -9133.9 27.9
-6881.4 -9120.2 19.6
-6940.9 -9116.4 21.7
-7057.3 -9116.2 23.2
-7076.7 -9114.9 22.7
-7086.1 -9115.8 22.6
-7122.7 -9121.1 22.4
-7212.5 -9112.4 19.5
-7235.9 -9116.9 19.6
-7251.6 -9111.8 19.5
-7375.2 -9117.6 21.4
-7407.7 -9119.5 23.3
-7434.0 -9116.4 24.9
-7464.8 -9118.6 25.9
-7499.2 -9117.6 26.3
-7508.2 -9114.8 26.3
-7540.5 -9117.3 27.0
-7566.0 -9121.1 27.6
-7601.3 -9114.6 27.7
-7626.7 -9118.2 26.2
-7716.6 -9119.5 20.2
-7735.7 -9120.3 18.9
-7791.7 -9117.0 16.2
-7873.2 -9112.3 19.2
-7985.5 -9115.1 26.0
-8002.4 -9115.5 27.0
-8016.7 -9115.8 27.8
-8054.5 -9120.3 30.4
-8079.2 -9114.3 30.2
-7002.8 -9097.4 22.5
-7047.1 -9103.6 22.2
-7064.4 -9103.2 21.9
-7072.7 -9102.3 21.6
-7092.5 -9105.1 21.5
-7182.5 -9097.3 19.3
-7221.8 -9100.2 19.3
-7243.8 -9098.0 19.3
-7258.6 -9101.5 19.3
-7330.6 -9100.0 19.2
-7462.7 -9104.5 24.8
-7524.5 -9100.5 25.5
-7538.6 -9106.1 26.1
-7587.6 -9102.4 26.6
-7685.1 -9105.6 21.3
-7702.2 -9100.3 19.8
-7718.1 -9100.0 18.7
-7730.9 -9103.5 18.0
-7752.8 -9103.9 16.4
-7782.8 -9105.9 15.4
-7942.1 -9103.6 22.4
-7977.5 -9105.4 24.6
-7988.5 -9096.6 24.4
-8016.3 -9097.7 26.1
-8034.0 -9098.7 27.2
-8052.8 -9097.2 28.1
-8125.7 -9098.8 24.1
-6972.9 -9086.5 22.0
-6981.3 -9085.7 21.8
-7003.8 -9087.0 21.5
-7197.5 -9087.3 19.1
-7304.8 -9083.7 19.0
-7331.3 -9083.2 19.1
-7346.3 -9082.8 20.1
-7437.0 -9087.0 23.1
-7464.4 -9084.4 23.4
-7509.0 -9083.6 24.0
-7543.8 -9084.5 24.6
-7566.7 -9085.4 25.1
-7580.8 -9082.8 25.1
-7604.3 -9083.1 25.2
-7678.0 -9089.2 20.6
-7719.2 -9091.2 17.9
-7731.7 -9085.1 16.4
-7828.8 -9088.9 16.3
-7979.9 -9086.7 23.0
-8084.6 -9085.9 28.5
-7074.1 -9066.4 20.0
-7194.5 -9067.6 18.8
-7283.0 -9073.3 18.8
-7318.5 -9075.9 18.8
-7371.8 -9066.7 20.6
-7467.2 -9069.4 22.3
-7476.1 -9072.4 22.7
-7491.3 -9072.2 22.9
-7536.2 -9073.8 23.7
-7574.2 -9074.5 24.4
-7597.7 -9073.6 24.7
-7693.7 -9069.4 18.0
-7700.1 -9075.4 18.0
-7724.3 -9068.1 15.5
-7765.9 -9074.1 13.5
-7792.2 -9074.7 14.4
-7880.6 -9067.0 17.1
-7958.1 -9073.8 20.5
-7973.1 -9067.3 20.7
-8022.5 -9073.7 24.2
-8052.8 -9068.3 25.4
-7075.7 -9051.7 19.7
-7168.2 -9055.2 18.7
-7197.3 -9053.3 18.6
-7269.6 -9055.7 18.5
-7326.2 -9061.1 19.1
-7391.0 -9058.7 20.3
-7451.0 -9051.5 20.7
-7619.4 -9054.0 22.0
-7631.5 -9058.2 21.5
-7688.0 -9060.5 17.6
-7764.7 -9052.8 12.6
-7871.9 -9054.5 16.3
-7930.2 -9059.7 18.5
-7964.3 -9060.9 19.7
-7979.4 -9056.9 20.1
-8006.2 -9055.6 21.5
-8038.2 -9051.8 23.0
-8066.5 -9053.1 24.7
-8076.3 -9057.2 25.7
-7123.5 -9038.1 18.8
-7151.1 -9043.4 18.5
-7160.2 -9041.3 18.5
-7183.6 -9040.9 18.4
-7190.6 -9043.1 18.5
-7213.3 -9046.2 18.5
-7254.7 -9045.5 18.4
-7287.8 -9040.6 18.3
-7355.8 -9040.3 18.7
-7448.4 -9041.1 19.9
-7498.9 -9045.3 21.0
-7538.6 -9042.3 21.5
-7612.8 -9046.2 21.9
-7647.1 -9038.2 18.8
-7702.5 -9036.3 14.5
-7716.5 -9039.1 13.7
-7822.4 -9038.9 14.0
-7856.8 -9040.7 15.2
-7886.6 -9038.8 16.2
-7989.3 -9043.4 19.9
-8018.4 -9039.0 20.7
-8064.7 -9040.2 23.4
-8112.6 -9037.2 23.2
-7136.8 -9022.6 18.3
-7328.8 -9026.4 18.1
-7358.2 -9029.4 18.5
-7370.0 -9027.5 18.6
-7420.3 -9030.5 19.2
-7460.0 -9022.1 19.4
-7475.5 -9026.0 19.7
-7492.3 -9030.7 20.0
-7536.3 -9027.5 20.4
-7615.8 -9025.0 20.1
-7700.3 -9028.8 14.0
-7795.7 -9023.6 12.4
-7843.2 -9025.5 14.1
-7856.2 -9030.8 14.8
-7904.1 -9026.6 16.3
-7916.6 -9021.9 16.5
-7972.8 -9030.8 18.8
-8030.9 -9029.0 20.7
-7271.8 -9014.1 17.8
-7300.8 -9007.0 17.6
-7364.3 -9008.6 18.1
-7422.2 -9013.2 18.9
-7509.9 -9009.1 19.7
-7569.7 -9012.5 20.5
-7589.9 -9006.5 19.5
-7610.9 -9008.2 19.0
-7641.0 -9008.2 16.8
-7737.0 -9014.8 10.1
-7807.6 -9012.2 12.4
-7913.7 -9006.6 15.8
-7927.6 -9009.7 16.4
-7962.1 -9010.0 17.6
-7177.0 -8996.8 17.7
-7223.1 -8997.9 17.6
-7252.8 -8999.9 17.6
-7269.7 -9000.8 17.6
-7281.3 -8993.9 17.4
-7356.6 -8997.6 17.8
-7430.1 -8992.9 18.5
-7465.1 -8999.3 19.1
-7482.9 -8994.9 19.2
-7497.9 -8992.4 19.3
-7507.8 -8993.9 19.4
-7602.0 -8991.4 17.3
-7687.5 -8993.3 12.0
-7700.3 -8996.2 11.3
-7723.1 -8992.3 9.2
-7761.4 -8994.6 10.1
-7791.2 -8998.3 11.2
-7807.5 -8991.5 11.5
-7888.0 -8992.4 14.3
-7916.1 -9000.2 15.6
-8054.1 -8999.6 20.3
-8067.0 -8991.5 20.4
-7286.6 -8982.9 17.2
-7343.5 -8977.3 17.3
-7359.7 -8984.5 17.6
-7453.5 -8978.1 18.5
-7648.0 -8986.2 14.4
-7659.0 -8984.2 13.4
-7844.3 -8983.2 12.4
-7947.3 -8980.8 15.8
-7972.7 -8978.5 16.6
-8113.9 -8977.0 21.6
-8122.7 -8984.9 21.2
-7226.0 -8969.9 17.1
-7238.9 -8966.0 17.0
-7269.2 -8970.2 17.0
-7303.9 -8969.5 16.9
-7346.2 -8967.5 17.1
-7390.1 -8968.3 17.6
-7415.0 -8969.3 17.9
-7454.6 -8969.1 18.3
-7460.9 -8970.4 18.4
-7482.9 -8962.0 17.7
-7543.2 -8962.4 15.8
-7554.1 -8965.6 15.8
-7589.2 -8961.9 14.2
-7686.5 -8970.9 10.2
-7737.1 -8970.7 8.2
-7748.1 -8961.4 8.2
-7781.3 -8965.8 9.6
-7809.6 -8968.4 10.6
-7960.4 -8962.6 15.9
-7989.6 -8963.7 17.5
-8124.0 -8967.3 20.6
-7304.7 -8954.0 16.6
-7417.1 -8947.2 17.4
-7481.7 -8953.0 16.7
-7567.7 -8954.0 14.0
-7583.1 -8953.6 13.5
-7596.0 -8950.8 12.7
-7646.5 -8946.7 10.6
-7664.3 -8948.7 10.0
-7678.5 -8948.3 8.9
-7752.7 -8948.0 7.8
-7779.3 -8950.4 8.9
-7795.3 -8950.0 9.4
-7811.4 -8954.8 10.1
-7839.2 -8953.5 11.0
-7902.6 -8956.0 13.3
-7929.2 -8949.0 14.9
-7989.8 -8950.1 18.4
-8002.1 -8951.2 19.1
-8082.0 -8950.2 23.9
-7287.3 -8938.3 16.4
-7315.3 -8932.6 16.2
-7389.2 -8933.1 16.8
-7409.3 -8937.7 17.1
-7437.0 -8935.4 16.0
-7677.9 -8940.9 8.3
-7692.0 -8939.9 7.2
-7769.7 -8934.0 7.8
-7796.1 -8936.3 8.8
-7897.9 -8940.0 13.7
-7944.5 -8937.7 16.6
-7959.3 -8932.1 17.8
-7985.5 -8937.5 19.0
-8030.6 -8937.4 21.7
-8066.4 -8933.9 24.1
-8078.5 -8934.9 24.7
-8094.8 -8934.8 23.2
-8120.9 -8938.6 20.7
-7434.3 -8923.7 14.7
-7495.5 -8921.4 12.5
-7614.0 -8917.8 8.2
-7644.2 -8924.8 8.1
-7688.7 -8919.0 5.7
-7719.0 -8924.3 5.7
-7796.9 -8916.5 9.3
-7852.9 -8924.8 12.0
-8032.5 -8922.0 22.9
-8046.3 -8921.0 23.8
-8060.3 -8923.4 24.4
-8091.8 -8920.3 23.4
-7326.0 -8907.1 15.6
-7359.0 -8909.0 15.5
-7437.6 -8908.5 12.8
-7541.3 -8909.9 9.7
-7553.4 -8905.7 8.8
-7604.9 -8904.1 6.9
-7704.2 -8904.2 4.6
-7747.1 -8908.0 6.9
-7810.7 -8908.8 10.6
-7855.6 -8909.7 13.2
-7916.5 -8905.8 17.1
-7973.9 -8910.4 20.2
-7991.9 -8904.7 21.6
-8114.4 -8903.5 21.1
-7349.1 -8894.1 15.4
-7387.7 -8886.6 14.3
-7408.2 -8893.4 13.5
-7535.9 -8887.1 9.5
-7572.1 -8890.4 8.2
-7634.2 -8889.7 6.3
-7645.3 -8895.8 5.7
-7659.1 -8892.0 5.4
-7692.4 -8886.2 4.6
-7780.0 -8894.2 9.2
-7795.5 -8892.9 10.2
-7807.1 -8886.3 10.9
-7912.0 -8890.3 17.1
-7992.9 -8887.4 22.0
-8015.9 -8888.4 23.3
-8054.9 -8888.1 25.4
-8099.3 -8894.6 22.3
-7371.4 -8878.3 15.0
-7392.2 -8876.7 14.3
-7566.1 -8872.0 8.9
-7601.5 -8877.4 7.7
-7612.6 -8872.6 7.5
-7632.7 -8876.1 6.8
-7674.1 -8871.4 5.7
-7734.8 -8873.6 7.1
-7813.7 -8880.0 11.4
-7987.9 -8875.3 21.8
-8034.5 -8875.7 24.6
-8053.9 -8878.9 25.0
-7348.9 -8864.4 15.6
-7385.5 -8860.6 14.9
-7423.0 -8861.0 13.7
-7464.2 -8862.3 12.3
-7600.6 -8862.0 8.2
-7628.5 -8865.6 7.2
-7686.6 -8860.1 5.7
-7761.8 -8857.6 9.0
-7780.3 -8858.1 9.9
-7884.5 -8863.5 15.8
-7958.2 -8860.2 20.2
-8000.3 -8860.4 22.7
-8047.7 -8866.1 24.5
-8096.5 -8864.1 21.5
-7376.0 -8847.7 15.5
-7416.4 -8843.1 14.4
-7453.0 -8847.8 13.1
-7478.8 -8850.4 12.2
-7522.8 -8843.5 11.2
-7619.4 -8845.1 8.2
-7733.4 -8844.1 8.0
-7790.2 -8850.6 10.6
-7839.7 -8844.7 13.4
-7881.5 -8845.0 15.9
-8002.0 -8844.9 23.0
-7439.7 -8830.4 14.3
-7476.4 -8827.6 13.3
-7512.5 -8828.6 12.2
-7521.8 -8829.1 11.9
-7542.0 -8828.8 11.3
-7685.0 -8832.5 7.0
-7739.8 -8831.6 8.8
-7767.0 -8829.5 10.2
-7836.1 -8834.8 13.5
-7994.4 -8826.8 22.8
-8006.4 -8834.3 23.4
-8024.2 -8829.3 23.1
-7704.4 -8817.4 8.1
-7730.3 -8815.7 9.2
-7746.5 -8815.1 10.0
-7783.9 -8820.2 11.5
-7821.0 -8816.4 13.4
-7873.0 -8817.0 15.9
-7885.7 -8820.1 16.5
-7915.8 -8816.8 18.3
-7927.0 -8819.2 18.9
-8018.7 -8815.9 22.5
-7453.2 -8801.4 15.2
-7481.2 -8805.3 14.2
-7494.2 -8799.1 14.1
-7625.4 -8802.2 10.0
-7754.3 -8804.7 10.9
-7769.8 -8796.8 12.1
-7794.6 -8804.3 12.8
-7899.6 -8799.2 17.9
-7977.9 -8802.9 22.1
-8022.0 -8805.8 22.0
-7465.2 -8785.3 15.6
-7538.1 -8783.1 13.5
-7551.7 -8781.5 13.2
-7589.5 -8787.9 11.8
-7631.2 -8783.7 11.2
-7657.6 -8790.7 10.5
-7767.9 -8791.0 12.3
-7794.3 -8784.5 13.9
-7825.7 -8782.6 15.4
-7844.8 -8782.3 16.3
-7858.7 -8782.8 16.9
-7874.9 -8789.0 17.3
-7889.8 -8790.3 17.9
-7917.4 -8784.5 19.5
-7479.3 -8773.1 15.8
-7526.0 -8776.2 14.2
-7616.4 -8771.3 12.3
-7631.4 -8770.0 12.3
-7640.1 -8770.3 12.3
-7670.1 -8772.8 11.9
-7766.6 -8776.0 13.1
-7865.1 -8769.9 17.9
-7911.9 -8771.2 20.0
-7932.8 -8768.1 21.1
-7944.2 -8769.7 21.6
-7972.4 -8771.7 21.3
-7597.1 -8760.3 13.3
-7647.7 -8755.3 13.5
-7691.2 -8753.7 13.4
-7700.8 -8757.9 13.0
-7716.1 -8752.2 13.4
-7778.5 -8759.6 14.5
-7791.5 -8753.0 15.5
-7838.4 -8753.2 17.6
-7536.9 -8739.9 15.6
-7568.0 -8744.2 14.7
-7631.8 -8737.4 15.0
-7645.8 -8739.6 14.7
-7751.0 -8736.9 14.5
-7775.6 -8742.8 15.3
-7813.4 -8741.1 17.1
-7854.9 -8738.9 19.2
-7865.9 -8744.7 19.4
-7914.4 -8738.4 20.9
-7571.5 -8730.9 15.8
-7675.8 -8722.4 16.0
-7749.7 -8727.0 15.3
-7886.8 -8723.1 20.7
-7927.4 -8722.8 19.8
-7539.9 -8714.9 17.3
-7685.1 -8707.3 17.2
-7738.6 -8707.7 16.9
-7764.0 -8715.3 16.3
-7779.6 -8714.5 17.0
-7794.5 -8707.9 18.1
-7824.2 -8712.1 19.2
-7931.9 -8711.0 19.1
-7587.0 -8691.5 18.9
-7661.9 -8698.5 18.0
-7693.1 -8694.0 18.2
-7748.1 -8696.9 17.7
-7782.9 -8700.2 18.0
-7828.5 -8695.7 20.3
-7856.9 -8700.9 20.2
-7886.9 -8697.5 19.4
-7526.3 -8681.4 19.2
-7574.6 -8680.2 19.3
-7628.2 -8681.5 19.5
-7777.7 -8684.1 18.6
-7811.6 -8679.8 20.1
-7583.7 -8669.3 19.4
-7625.4 -8663.8 19.5
-7648.8 -8662.8 19.6
-7678.8 -8666.6 19.7
-7813.8 -8665.7 19.5
-7858.6 -8661.6 18.7
-7656.8 -8650.5 19.7
-7566.9 -8637.7 19.5
-7644.5 -8638.3 19.7
-7718.6 -8633.8 19.6
-7792.3 -8634.1 19.1
-7813.8 -8638.0 19.0
-7630.9 -8624.8 19.7
-7648.0 -8616.3 19.6
-7655.1 -8620.7 19.7
-7692.5 -8623.4 19.5
-7705.7 -8625.4 19.4
-7784.9 -8623.7 18.8
-7807.4 -8623.0 18.7
-7631.9 -8606.9 19.5
-7648.7 -8603.2 19.3
-7662.9 -8608.5 19.3
-7717.2 -8607.9 18.8
-7738.8 -8607.5 18.7
-7769.3 -8606.4 18.4
-7625.7 -8593.8 19.2
-7645.3 -8593.6 19.0
-7702.5 -8592.9 18.5
-7748.1 -8589.9 18.1
-7677.7 -8573.2 18.1
-7715.2 -8577.3 18.0
-7647.9 -8563.7 18.1
-7685.1 -8561.4 17.7
