2515.4 -8858.8 35.3
2514.2 -8852.7 34.9
2470.7 -8852.9 33.8
2501.1 -8843.2 33.9
897.4 3577.5 28.0
908.6 3423.8 27.8
931.2 2893.7 27.2
933.7 2825.7 27.9
935.0 2796.3 28.5
924.0 3301.9 27.8
919.6 3407.7 27.9
919.1 3419.2 27.9
790.3 3824.4 29.9
720.3 4014.3 31.9
682.8 4118.8 29.9
495.7 4460.1 31.3
402.9 4590.8 29.6
447.7 4518.7 31.1
455.2 4505.5 31.2
588.0 4288.0 30.8
622.9 4232.1 30.5
700.1 4038.9 31.4
664.3 4170.0 29.7
490.9 4468.1 31.2
534.2 4377.5 31.2
-848.2 5630.0 24.5
-3525.4 7221.4 46.4
-3511.5 7243.9 45.8
-3845.8 7839.0 40.3
-3833.5 7591.9 43.4
2529.2 373.5 20.3
2550.8 370.5 20.3
2397.8 570.1 21.6
2346.5 594.3 21.5
2343.9 596.8 21.5
6727.7 -2525.7 23.7
6691.8 -2524.5 23.7
6729.1 -2511.8 23.7
6947.5 -2521.6 24.9
6768.5 -2513.7 24.0
6792.2 -2528.7 24.3
934.1 3055.8 28.3
925.8 3266.3 27.5
785.7 3838.8 30.1
726.8 3997.3 32.1
905.9 3496.7 27.8
918.2 3429.8 27.9
874.7 3637.1 28.0
2581.2 358.1 20.3
2588.5 330.0 19.9
2522.9 709.3 21.5
2378.1 570.6 21.8
2338.7 603.0 21.4
456.4 4523.9 30.8
445.0 4541.9 30.7
466.8 4486.3 31.3
460.0 4498.0 31.2
564.0 4348.6 30.6
551.6 4369.3 30.6
599.2 4269.5 30.8
593.5 4278.3 30.8
1099.9 4253.0 24.4
1077.1 4273.6 24.5
1054.5 4293.5 24.7
826.9 3695.3 28.5
907.1 3461.0 27.8
917.3 3222.1 27.2
924.4 3293.6 27.7
-4200.3 8502.3 34.0
-3722.7 8156.3 35.3
-3783.1 8168.5 35.2
-3847.0 8367.5 34.1
-3881.7 8351.6 34.1
-4181.5 7767.4 38.6
-3573.6 8267.0 34.0
-3582.8 8275.8 33.9
-3587.8 8274.7 33.9
-3612.8 8258.9 34.1
-3645.6 8246.7 34.3
-3596.8 8271.7 33.9
-3770.5 8477.5 33.7
-3835.9 8455.0 33.9
-4041.1 8601.6 34.0
431.0 8615.7 20.5
420.4 8609.9 20.6
394.2 8590.5 20.8
390.2 8587.3 20.9
328.4 8576.3 21.3
324.0 8577.4 21.3
-4378.9 8777.7 33.8
-4432.2 8729.9 34.7
-3783.2 8783.6 33.0
-3803.3 8813.5 32.3
-3791.0 8810.5 32.3
945.1 2620.9 27.5
954.5 2624.9 27.2
944.8 2807.2 28.1
-3790.6 8081.2 36.1
-3309.3 8595.4 32.8
-3741.8 7749.4 42.6
-3779.9 7596.5 44.8
-3465.0 8682.7 32.5
-3807.2 8834.8 31.8
-3675.7 8173.5 35.0
-3682.0 8211.6 34.7
-3664.2 8229.5 34.5
-3628.2 8254.4 34.2
-3583.1 8270.9 33.9
-4417.8 8749.7 34.4
-4411.7 8733.7 34.6
2517.6 339.4 19.9
2519.0 366.6 20.3
2590.5 348.1 20.0
2559.4 369.9 20.3
2529.7 364.2 20.3
-3569.4 8237.2 34.3
-3552.4 8228.3 34.3
-3568.3 8226.4 34.4
-3578.4 8256.8 34.1
-3685.6 8208.6 34.7
-3469.8 8226.0 34.3
-3461.0 8219.6 34.3
-3492.1 8235.5 34.2
951.0 2658.3 28.0
950.0 2685.6 28.8
948.5 2719.2 29.1
932.8 3104.3 28.2
920.9 3380.6 27.9
870.4 3644.4 28.0
792.8 3814.7 29.8
-3342.8 7272.1 41.6
-3576.2 7218.5 46.5
-3586.4 7214.5 46.5
-3491.5 7268.1 44.9
-3980.6 8644.0 33.8
-3880.9 8729.7 33.5
-3827.1 8766.6 33.3
-4442.9 -1778.8 81.7
674.4 4109.8 30.3
707.5 4018.3 31.6
753.8 3892.7 30.8
892.2 3586.9 28.0
770.0 3879.0 30.5
597.3 4293.7 30.5
569.3 4339.8 30.6
-1010.1 5792.5 23.0
-1277.7 5790.8 23.6
-818.6 5630.3 25.0
438.2 4552.9 30.4
-3882.3 8329.5 34.2
-4662.2 8065.0 35.3
6875.2 -2518.8 24.6
6934.2 -2521.3 24.8
-5840.9 -1765.0 79.2
2349.8 590.0 21.5
2351.8 588.1 21.6
2529.8 699.0 21.3
2517.7 349.7 20.2
2592.3 357.6 20.2
2589.0 338.0 19.9
408.9 8599.8 20.7
314.5 8579.4 21.3
949.5 2604.1 27.6
949.2 2696.4 29.2
-4330.5 8549.0 33.3
-3662.2 8771.8 32.5
-3541.0 7183.8 46.0
-4105.0 8581.0 33.7
-4778.2 7933.3 36.5
-4587.5 7981.8 36.8
-4677.3 8032.3 35.8
-3559.8 8251.8 34.1
-3549.2 8240.9 34.2
686.6 4107.9 30.1
659.7 4181.9 29.8
575.4 4330.1 30.5
508.7 4438.6 31.4
662.4 4142.9 30.0
-1195.6 5617.0 21.9
-1354.8 5386.1 23.6
-1295.5 5739.0 23.5
-3840.8 8355.0 34.1
-3858.4 8363.6 34.1
-3833.6 8450.1 33.9
-3796.8 7582.7 44.5
-3866.6 7630.2 42.2
-3906.9 7656.7 41.3
-3854.1 7606.4 42.7
-3814.2 8054.6 36.6
-4455.1 8698.2 35.3
-4462.1 8670.8 35.2
-4082.0 8591.9 33.8
-4758.7 7952.0 36.3
-3435.2 7240.0 44.5
-3401.9 7253.8 43.4
-3416.2 7249.4 43.9
-3593.5 7211.7 46.5
2494.8 -8875.2 35.9
2478.1 -8830.6 32.5
2509.9 -8878.0 36.5
2475.3 -8824.7 32.0
2505.5 -8837.3 33.6
916.1 3250.8 27.4
-4184.2 7767.7 38.6
-3441.1 7222.0 44.8
-3585.7 7176.9 46.4
-4264.2 7786.5 38.5
-4420.4 8722.9 34.8
-4431.9 8713.6 35.0
-3864.3 8339.3 34.1
-3573.5 8262.6 34.0
-3577.8 8271.8 33.9
-3686.3 8185.1 34.9
-3694.4 8177.3 35.0
-3676.4 8179.6 35.0
-3758.0 8146.0 35.4
-3479.9 8232.8 34.2
-3507.2 8197.9 34.6
-3533.5 8184.0 34.8
-3606.5 8824.5 31.0
-4022.4 8613.3 33.9
-3956.9 8670.7 33.7
-3787.8 8580.8 33.6
-3783.5 8641.3 33.5
678.4 4129.7 29.6
919.7 3159.7 27.7
-4178.8 7766.9 38.6
-5364.7 -323.3 52.4
-4588.4 7928.4 37.6
-3880.6 7622.8 41.9
-4277.0 7817.0 37.9
-3747.6 8127.8 35.6
417.2 8619.2 20.7
576.0 4308.0 30.8
581.7 4298.4 30.8
615.4 4243.9 30.7
634.6 4211.6 30.2
696.2 4050.0 31.2
704.1 4027.6 31.5
726.4 3966.7 31.6
757.7 3882.6 30.7
668.7 4158.5 29.6
557.1 4359.8 30.6
-4504.1 -1960.1 80.4
-3589.8 8847.0 30.6
473.0 4476.6 31.5
479.2 4466.0 31.6
485.2 4457.2 31.7
-3669.6 8763.1 32.6
-3670.2 8756.9 32.7
-3666.3 8752.6 32.7
-3823.3 8759.1 33.3
787.6 3800.6 29.7
838.9 3672.8 28.2
860.8 3638.1 28.0
904.0 3530.4 27.9
907.6 3436.0 27.8
917.0 3473.7 27.9
-1416.0 5370.8 23.9
-1320.2 5583.1 22.4
-1295.1 5750.8 23.5
-1275.8 5798.4 23.5
-833.0 5630.0 24.8
-3558.5 8235.6 34.3
-3864.3 8374.9 34.1
-3857.9 8342.3 34.1
-3872.9 8334.4 34.2
-3767.1 8486.8 33.7
-3470.9 8671.9 32.7
-3738.2 8691.1 33.3
-3757.0 8671.3 33.4
-3764.1 8538.9 33.6
-3770.6 8657.4 33.4
-3775.6 8561.2 33.6
-3910.7 8697.7 33.6
-3933.7 8689.5 33.6
-3997.6 8632.2 33.9
-4000.6 8636.5 33.9
-4074.5 8347.1 34.5
-4089.6 8362.4 34.5
-4167.7 8448.8 34.5
-3509.5 8174.6 35.4
-3757.9 8159.6 35.3
-3769.8 8156.6 35.3
-3674.4 8219.4 34.6
-3656.2 8236.8 34.4
-3653.0 8239.9 34.3
-3638.4 8252.2 34.2
-3632.8 8253.9 34.2
-3586.4 8279.5 33.8
-3578.3 8266.5 34.0
-3557.5 8208.0 34.6
-3543.6 8211.3 34.5
-3546.2 8227.9 34.3
-3571.5 8248.4 34.2
-3536.8 8249.2 34.1
525.7 4390.5 31.4
677.8 4098.7 30.5
702.0 4064.3 31.0
696.2 4080.6 30.6
-3809.5 7807.9 41.0
-3754.8 7745.4 42.9
-3764.9 7579.6 45.4
-3876.9 7636.9 41.9
-3896.4 7650.3 41.5
-3886.8 7643.8 41.6
-3843.6 7599.2 43.1
-3792.9 7565.5 44.7
-4593.5 7935.8 37.4
-4708.4 8002.1 35.9
-4244.3 7783.2 38.5
-4245.1 7779.6 38.6
-4243.7 7871.2 37.2
772.9 3840.2 30.2
849.8 3656.0 28.0
902.9 3551.6 28.0
914.5 3279.9 27.7
855.8 3698.8 28.1
744.6 3948.8 31.5
941.9 2871.6 27.0
-3812.4 8829.0 32.0
-3589.7 8835.2 30.6
-3616.5 8830.5 30.9
-4418.9 8760.5 34.2
-4400.0 8748.5 34.4
-4439.3 8703.1 35.2
-4453.8 8682.5 35.3
-4418.9 8785.0 33.6
-3878.4 8383.5 34.1
-3852.6 8379.3 34.0
-3764.2 8480.2 33.7
-3840.3 8447.1 33.9
-3666.4 8766.8 32.6
-3658.4 8776.4 32.4
-3592.1 8283.1 33.8
-3787.5 8172.4 35.2
-3670.6 8223.1 34.5
-3642.4 8249.7 34.2
-3596.9 8257.8 34.1
-3800.9 8773.0 33.2
-3915.4 8704.5 33.6
-3984.3 8649.0 33.8
-4026.1 8618.4 33.9
-4103.1 8574.9 33.9
-4054.3 8326.5 34.5
-4059.2 8331.6 34.5
-4084.6 8357.3 34.5
-4115.8 8390.7 34.5
-4137.8 8427.2 34.5
-3310.7 8624.5 32.4
-3558.5 8873.9 30.7
-3465.8 8222.4 34.3
-3475.9 8230.1 34.2
-3529.5 8239.9 34.2
-3496.8 8211.9 34.4
-3529.4 8215.8 34.4
937.0 2992.8 28.1
689.4 4099.4 30.3
2475.3 -8836.5 32.8
2489.1 -8847.0 33.9
2530.9 707.0 21.3
-4681.1 -1069.2 70.1
-3967.5 -2497.9 54.8
-4581.8 7916.3 37.8
-4604.2 7953.2 37.2
-3777.2 8095.2 36.0
-4294.5 7834.7 37.5
-4274.8 7817.3 37.9
-4244.7 7790.8 38.4
-3888.7 7876.6 39.5
-3831.1 7827.2 40.5
-3846.2 7615.9 42.9
-3902.3 7649.9 41.3
-3784.1 7558.8 45.0
-3371.9 7262.5 42.3
-3387.5 7258.5 42.9
-3367.0 7263.5 42.1
-3572.5 7192.2 46.5
-3560.5 7235.1 46.8
845.2 3662.9 28.0
937.8 2732.0 29.5
2447.0 -7984.3 29.2
2441.2 -8023.6 29.5
2480.6 -7997.5 30.5
2471.3 -8865.3 34.7
2512.7 -8873.1 36.2
2508.3 -8841.5 34.0
2471.7 -8829.3 32.2
2489.5 -8824.7 32.4
2483.6 -8830.8 32.6
2488.2 -8875.6 35.8
2470.9 -8871.6 35.1
2515.4 -8863.9 35.7
2490.1 -8834.0 33.0
-4645.5 -2925.1 48.8
-4741.5 -3387.1 48.2
2443.0 -7992.1 29.2
2464.3 -8038.2 30.0
6715.0 -2511.1 23.6
2580.1 348.7 20.0
2497.1 -8838.0 33.4
2481.5 -8843.7 33.5
1082.1 4268.2 24.5
1111.3 4241.7 24.3
-1384.8 5236.7 22.3
-4517.8 -1710.9 88.2
-3440.2 7231.8 44.7
-3438.3 7235.6 44.7
-3411.7 7251.1 43.7
-3337.8 7273.8 41.6
-3357.2 7267.0 41.8
-3570.6 7221.3 46.6
-3529.7 7228.7 46.3
-3543.9 7205.2 46.4
-4447.1 8709.2 35.1
-4439.5 8719.8 34.9
-4425.3 8739.4 34.5
-4389.8 8762.3 34.2
-4386.2 8767.7 34.0
-4446.9 8692.3 35.3
-4469.3 8660.6 35.2
-4183.9 8458.7 34.5
2384.1 566.5 21.6
916.9 3225.9 27.2
920.9 3114.6 28.3
947.0 2758.3 28.9
945.0 2793.1 28.4
933.2 3088.4 28.2
929.2 3245.5 27.3
6887.2 -2518.8 24.6
6943.8 -2535.2 25.0
6757.5 -2527.3 24.0
6915.0 -2534.2 24.8
2583.6 366.9 20.4
936.9 2979.1 28.1
935.8 3018.5 28.3
934.7 2809.3 28.2
938.2 2719.6 29.5
945.6 2779.9 28.6
943.5 2835.7 27.6
942.5 2861.0 27.1
-1195.6 5633.0 22.1
-923.9 5609.8 22.9
-986.5 5696.1 22.6
-1195.6 5628.1 22.1
-839.5 5693.3 24.6
942.8 2634.1 27.8
952.8 2591.6 28.0
957.4 2574.5 28.5
908.9 3415.7 27.8
909.6 3402.7 27.8
911.7 3346.1 27.9
912.6 3332.5 27.9
913.0 3319.4 27.9
913.9 3290.4 27.8
920.7 3139.3 28.1
920.7 3133.5 28.1
932.3 3121.7 28.1
931.1 3140.5 27.9
929.4 3170.1 27.5
929.6 3243.5 27.2
921.4 3368.0 27.9
918.2 3440.1 27.9
2329.9 612.5 21.3
2357.4 632.6 21.6
2348.1 592.2 21.5
2362.6 624.6 21.6
2519.6 374.9 20.4
2571.4 368.3 20.4
729.6 3957.8 31.5
765.5 3860.6 30.4
817.5 3720.1 28.7
821.6 3707.7 28.6
830.8 3680.0 28.3
901.5 3566.0 28.0
915.8 3494.4 27.9
915.3 3513.5 27.9
914.6 3524.2 27.9
872.5 3640.7 28.0
864.8 3653.4 28.0
843.5 3692.5 28.3
820.3 3740.0 29.0
765.3 3891.8 30.7
-1316.4 5626.6 22.5
-1320.2 5612.8 22.4
-1319.4 5594.6 22.2
1048.1 4300.0 24.7
1088.4 4263.2 24.5
1105.5 4248.3 24.4
1071.6 4278.6 24.6
915.3 3265.0 27.6
917.0 3238.4 27.3
917.7 3208.4 27.1
928.7 3207.4 27.0
922.4 3344.0 27.8
2518.0 357.4 20.2
2576.3 331.5 19.9
2527.5 338.2 19.9
649.1 4178.5 30.1
682.2 4087.6 30.7
757.8 3912.0 30.9
739.4 3961.7 31.7
730.1 3988.0 32.1
710.4 4042.7 31.3
705.8 4054.1 31.1
673.0 4146.2 29.6
932.5 2852.2 27.3
935.4 2783.5 28.8
936.1 2771.7 29.1
940.9 2901.7 27.3
939.9 2924.5 27.6
410.8 4577.4 30.0
449.1 4535.3 30.7
424.2 8623.3 20.7
404.6 8597.5 20.8
398.9 8593.8 20.8
384.7 8583.1 20.9
379.8 8579.9 21.0
319.1 8578.3 21.3
497.4 4436.8 31.9
555.9 4341.7 31.0
618.5 4238.6 30.6
608.9 4274.9 30.6
585.8 4313.8 30.5
542.9 4382.7 30.7
532.8 4399.1 30.9
6855.7 -2516.8 24.5
6702.3 -2510.6 23.5
6917.0 -2520.4 24.7
6931.4 -2534.9 24.9
6705.5 -2525.0 23.7
2325.4 616.6 21.3
2334.9 608.0 21.4
2399.7 575.9 21.5
2383.3 599.3 21.8
2375.7 609.0 21.8
2347.4 619.0 21.5
2357.3 609.3 21.6
-4464.9 -1010.1 64.5
-4101.7 -1527.5 58.1
2450.2 -8048.9 29.5
936.9 2745.9 29.4
940.7 2660.8 28.5
941.1 2646.9 28.1
957.0 2614.4 27.0
950.7 2668.9 28.3
948.8 2708.2 29.2
2327.4 614.4 21.3
2369.0 616.3 21.7
2520.2 702.2 21.5
2578.6 340.1 19.9
2541.0 372.4 20.3
2528.6 355.3 20.2
2527.3 347.8 20.1
2592.9 365.2 20.4
-3481.7 7260.0 45.0
-3773.2 8484.0 33.7
-4001.0 8345.7 34.4
-4168.6 7764.9 38.5
-3377.4 7261.7 42.5
-3382.6 7259.5 42.7
-3594.6 7172.1 46.4
-3868.7 7858.6 39.9
-3548.5 8253.1 34.1
-3534.4 8227.9 34.3
-4229.9 -8280.1 28.0
436.5 4537.0 31.0
606.9 4257.9 30.8
737.6 3937.2 31.3
913.8 3301.5 27.9
965.4 2586.7 27.7
935.0 3029.6 28.3
797.3 3802.7 29.7
-3581.5 7216.5 46.4
-3786.3 7576.1 44.8
-3822.9 7585.0 43.7
-3812.4 7578.3 44.1
417.0 4567.4 30.2
440.5 4530.5 31.0
492.4 4445.2 31.9
513.5 4430.6 31.3
482.2 4481.9 31.0
779.8 3820.5 29.9
714.4 4031.5 31.5
-4702.7 8007.1 35.9
-4754.7 7956.0 36.2
-4783.5 7930.0 36.5
-4006.6 8341.2 34.4
-4166.1 7764.4 38.5
-4014.2 8619.4 33.9
-4244.1 7787.2 38.4
-3779.7 8165.7 35.3
-3757.6 8116.8 35.7
603.2 4263.4 30.8
805.0 3751.2 29.1
906.5 3475.0 27.8
910.9 3364.6 27.8
911.2 3356.5 27.8
919.0 3177.3 27.5
947.7 2739.0 29.0
944.5 2821.6 27.9
943.1 2848.5 27.4
929.0 3248.1 27.3
893.4 3609.4 27.9
867.5 3649.4 28.0
775.4 3863.9 30.4
625.5 4250.0 30.5
716.8 3992.5 31.9
721.2 3981.2 31.8
748.1 3908.2 30.9
793.3 3784.3 29.5
882.2 3603.1 28.0
859.6 3662.1 28.0
814.7 3756.1 29.2
656.4 4190.3 29.9
637.3 4229.0 30.3
640.2 4201.8 30.1
655.2 4163.8 30.0
907.4 3442.4 27.8
917.4 3459.4 27.9
938.4 2949.7 27.9
932.6 3113.1 28.2
926.3 3250.2 27.3
922.6 3333.1 27.8
920.2 3391.4 27.9
2462.4 -8028.5 30.2
2501.1 -8832.5 33.2
2512.3 -8846.4 34.4
2506.2 -8848.7 34.4
-3507.2 8236.8 34.2
917.8 3203.4 27.1
914.0 3536.4 28.0
473.1 4496.4 30.9
-1287.5 5766.4 23.6
779.8 3850.6 30.2
542.4 4363.9 31.2
610.4 4251.8 30.8
627.2 4222.8 30.4
646.3 4186.6 30.1
692.1 4060.9 31.1
644.3 4217.1 30.1
713.1 4003.1 31.8
2337.0 605.8 21.4
1117.1 4236.4 24.3
-1380.6 5291.6 22.4
851.2 3707.4 28.2
809.9 3737.6 28.9
866.2 3629.2 28.0
862.2 3657.9 28.0
2481.5 -8820.9 32.1
2470.5 -8843.2 33.1
2470.3 -8834.2 32.5
2489.5 -8842.2 33.5
931.8 2868.1 27.0
952.9 2637.5 27.4
928.4 3196.2 27.1
6907.7 -2519.5 24.6
-3858.6 8394.2 34.0
-3865.9 8359.2 34.1
-3842.6 8452.5 33.9
-3754.1 8521.8 33.6
-4079.5 8352.1 34.5
-3441.5 7227.1 44.8
-3396.6 7255.8 43.2
-3406.7 7252.5 43.5
-3347.2 7270.4 41.7
-3352.6 7268.9 41.7
-3578.4 7182.7 46.4
-3517.0 7241.2 45.9
-3521.3 7235.0 46.1
-3533.7 7215.4 46.5
-3549.4 8192.3 34.7
-3476.5 8212.1 34.4
-3772.5 8159.6 35.3
-3763.2 8151.2 35.4
-3824.1 8042.7 37.0
-3680.0 8184.1 34.9
-3688.2 8204.7 34.7
-3668.0 8225.9 34.5
-3649.4 8242.9 34.3
-3587.6 8245.4 34.2
-3874.0 7619.4 42.1
-3864.3 7612.3 42.4
-3803.0 7572.1 44.4
-3515.6 8220.2 34.4
1065.3 4283.6 24.6
-4591.2 7932.6 37.5
-4595.8 7939.4 37.4
-4598.1 7943.0 37.3
-4681.9 8027.4 35.8
-4277.1 7819.1 37.9
2495.8 -8830.2 32.9
-3733.0 8144.9 35.4
-3962.2 8658.8 33.8
-4188.4 8451.3 34.5
-4064.4 8336.8 34.5
-4152.2 8439.1 34.5
2379.8 591.0 21.8
2469.8 -8877.3 35.5
2470.9 -8858.2 34.2
2468.3 -8002.4 30.1
939.5 2696.4 29.6
-5470.8 -2737.1 59.8
-3564.5 7224.8 46.6
-3760.4 8162.5 35.3
657.8 4155.1 30.0
929.2 3179.8 27.3
632.4 4237.1 30.4
615.2 4266.2 30.6
525.3 4411.7 31.1
502.1 4449.8 31.4
-3430.7 7244.1 44.4
-3572.3 7234.8 46.7
930.4 2906.5 27.4
936.4 2757.4 29.4
941.7 2884.1 27.1
934.7 3041.5 28.4
783.7 3810.6 29.8
855.4 3646.6 28.0
850.4 3679.8 28.1
429.0 4547.6 30.7
1094.9 4257.6 24.4
562.6 4329.4 30.9
750.4 3932.5 31.2
649.8 4206.5 30.0
592.8 4301.6 30.5
-3775.0 7585.3 45.0
-3806.3 7589.8 44.2
-3883.0 7625.3 41.8
-3784.7 7592.3 44.7
-4727.6 7982.5 35.9
-4732.2 7977.8 35.9
-1380.6 5267.6 22.6
-1381.4 5256.5 23.0
-3691.4 8182.1 35.0
-3677.8 8216.1 34.6
-3659.4 8233.7 34.4
2434.8 -8037.3 29.5
6742.8 -2526.6 23.8
-3523.1 8199.9 34.6
390.4 4610.7 29.4
904.6 3507.4 27.9
838.9 3701.5 28.4
-4069.4 8341.9 34.5
921.7 3104.1 28.3
-4111.1 8385.3 34.5
4672.7 -6547.2 25.2
4681.9 -6559.0 25.2
4691.1 -6570.9 25.1
4700.3 -6582.7 24.8
4709.5 -6594.6 24.6
4718.7 -6606.4 24.4
4727.9 -6618.3 24.6
4737.1 -6630.1 24.6
4746.3 -6641.9 24.6
4755.6 -6653.8 24.7
4764.8 -6665.6 24.7
4774.0 -6677.5 24.7
4783.2 -6689.3 24.8
4792.4 -6701.2 24.8
4801.6 -6713.0 24.8
4810.8 -6724.8 24.9
4820.0 -6736.7 24.9
4829.2 -6748.5 24.9
4838.4 -6760.4 24.9
4847.6 -6772.2 25.0
4856.8 -6784.1 25.0
4866.0 -6795.9 25.0
4875.2 -6807.7 25.1
4884.4 -6819.6 25.1
4901.4 -6841.3 25.2
4668.8 -6549.8 25.2
4678.0 -6561.6 25.2
4687.2 -6573.5 25.0
4696.4 -6585.3 24.8
4705.6 -6597.2 24.6
4714.8 -6609.0 24.4
4724.0 -6620.9 24.6
4733.2 -6632.7 24.6
4742.4 -6644.5 24.7
4751.6 -6656.4 24.7
4760.8 -6668.2 24.7
4770.0 -6680.1 24.8
4779.2 -6691.9 24.8
4788.4 -6703.8 24.8
4797.6 -6715.6 24.8
4806.9 -6727.4 24.9
4816.1 -6739.3 24.9
4825.3 -6751.1 24.9
4834.5 -6763.0 25.0
4843.7 -6774.8 25.0
4852.9 -6786.7 25.0
4862.1 -6798.5 25.1
4871.3 -6810.3 25.1
4880.5 -6822.2 25.1
4897.4 -6843.9 25.2
6854.2 -4395.7 30.5
4899.4 -5296.9 25.1
4920.7 -5280.6 25.0
4924.7 -5264.9 25.0
4941.4 -5256.4 25.0
4913.9 -5249.7 24.8
4867.6 -5250.9 24.6
4925.2 -5220.7 24.7
4876.7 -5227.7 24.5
4853.9 -5221.3 24.4
4930.1 -5204.0 24.6
4833.0 -5204.0 24.2
4955.4 -5195.2 24.7
4930.2 -5195.4 24.6
4909.7 -5196.1 24.5
4894.5 -5198.4 24.4
4860.7 -5194.4 24.3
4840.1 -5196.8 24.2
4954.8 -5182.0 24.5
4928.4 -5180.7 24.4
4912.3 -5177.7 24.3
4848.1 -5174.1 24.1
4966.6 -5160.1 24.3
4952.5 -5166.6 24.4
4899.2 -5167.5 24.2
4817.4 -5164.3 23.9
4801.4 -5164.5 23.8
4892.8 -5149.8 24.0
4876.7 -5153.5 24.0
4836.6 -5150.8 23.8
4820.1 -5145.4 23.7
4801.5 -5145.7 23.7
4987.9 -5136.9 24.2
4921.0 -5136.0 24.0
4893.0 -5134.0 23.9
4869.8 -5136.5 23.8
4855.2 -5138.3 23.8
4823.1 -5132.5 23.6
5011.4 -5118.0 23.9
4984.6 -5121.8 24.0
4968.5 -5121.3 24.0
4924.8 -5115.8 23.8
5030.9 -5101.0 23.8
5017.3 -5102.8 23.8
4986.0 -5106.0 23.9
4968.8 -5103.0 23.8
4835.3 -5103.2 23.8
4957.0 -5088.2 23.6
4893.1 -5090.6 23.5
4883.6 -5086.8 23.6
4864.6 -5091.0 23.7
4845.7 -5087.8 23.8
4836.9 -5090.8 23.9
4810.0 -5092.5 23.9
5011.9 -5076.2 23.4
4914.6 -5069.3 23.5
4816.4 -5074.9 24.0
4883.2 -5063.0 23.8
4847.5 -5057.8 24.1
5060.8 -5044.4 23.3
4954.5 -5041.4 23.5
4900.3 -5042.9 23.9
4879.7 -5040.5 24.1
4806.4 -5044.0 23.9
5034.6 -5033.4 23.1
4982.3 -5025.1 23.4
4960.0 -5029.1 23.5
4792.4 -5026.6 23.8
5071.0 -5017.6 23.3
5028.4 -5015.8 23.3
4914.8 -5017.4 24.1
4897.1 -5010.2 24.1
4885.5 -5016.1 24.2
5040.8 -5002.5 23.5
4996.4 -5002.7 23.7
4959.8 -4994.0 23.9
4939.3 -5001.1 24.0
5017.5 -4963.9 23.9
5000.9 -4966.8 23.9
4974.4 -4965.2 23.9
4885.4 -4969.8 24.1
4860.8 -4966.0 24.2
4847.2 -4966.3 24.2
5031.3 -4955.5 24.0
5001.8 -4950.0 24.0
4935.8 -4949.3 24.0
4910.8 -4950.7 24.0
4878.7 -4956.5 24.1
5014.4 -4940.5 24.0
4959.3 -4937.2 24.1
4913.2 -4942.6 24.0
5041.5 -4925.1 24.3
4982.3 -4919.3 24.1
4927.2 -4928.2 24.1
4913.4 -4920.9 24.1
4894.6 -4923.2 24.1
4877.8 -4926.4 24.1
4953.9 -4904.7 24.4
4896.2 -4905.3 24.4
5059.0 -4897.6 24.9
5041.8 -4893.2 24.8
5012.2 -4894.6 24.8
4987.4 -4895.6 24.7
4955.8 -4891.9 24.8
4899.2 -4895.0 24.6
5074.9 -4880.2 25.4
4983.8 -4877.5 25.1
5041.7 -4862.8 25.5
5019.7 -4868.2 25.4
4955.9 -4849.4 24.9
5048.3 -4831.3 25.8
5029.2 -4838.0 25.6
4980.9 -4835.2 25.0
5062.0 -4817.8 25.6
4954.6 -4822.8 24.1
4915.1 -4816.4 23.1
4898.6 -4818.0 22.8
5087.8 -4804.9 24.8
4954.5 -4799.1 23.6
5057.8 -4790.3 25.1
5032.5 -4792.2 25.1
5015.1 -4788.7 24.7
4998.9 -4788.5 24.4
4984.5 -4787.6 24.0
4915.1 -4786.5 22.7
5030.7 -4778.2 24.8
5000.3 -4771.6 24.1
5072.2 -4759.0 24.2
5059.3 -4759.1 24.4
5048.3 -4763.6 24.7
5016.3 -4757.7 24.2
5004.3 -4761.4 24.0
4925.1 -4758.7 23.4
5076.6 -4748.3 24.0
5049.8 -4745.2 24.3
4972.0 -4747.4 23.9
4920.7 -4741.9 23.8
5061.5 -4729.4 23.9
5033.6 -4730.4 24.3
4989.7 -4731.1 24.4
4942.6 -4731.9 24.1
5076.1 -4712.0 23.5
5004.0 -4718.4 24.4
5073.8 -4693.9 23.3
5062.6 -4698.2 23.4
5018.8 -4696.7 23.9
4973.1 -4695.8 24.2
4891.7 -4702.4 24.6
5059.6 -4683.2 23.2
5045.5 -4687.5 23.4
5030.3 -4680.4 23.5
4981.0 -4686.5 24.0
4909.2 -4686.0 24.6
5029.1 -4668.3 23.3
4986.0 -4669.7 23.7
5063.6 -4651.5 23.0
5026.7 -4654.1 23.1
4999.4 -4637.5 23.1
4941.8 -4638.2 23.6
4954.2 -4620.0 23.4
4898.2 -4623.0 23.9
5001.7 -4609.0 23.1
4985.2 -4609.1 23.0
4937.5 -4606.9 23.4
4897.5 -4611.0 23.8
4990.0 -4596.3 23.2
4973.2 -4596.5 23.1
4883.9 -4589.0 23.8
4985.5 -4582.4 23.5
4953.2 -4580.4 23.2
4927.1 -4583.6 23.4
4974.2 -4530.0 24.5
4950.6 -4537.6 24.1
4907.9 -4530.4 23.8
4893.3 -4534.1 23.6
4974.1 -4516.0 24.7
4951.3 -4521.4 24.4
4913.1 -4515.6 24.2
4895.3 -4513.9 24.0
4955.9 -4507.3 24.7
4940.9 -4471.3 25.4
4929.1 -4475.2 25.2
4875.9 -4468.8 24.8
4891.3 -4461.9 25.1
4921.6 -4439.0 25.8
4906.5 -4446.4 25.5
4894.2 -4430.5 25.8
4883.2 -4429.2 25.7
4885.4 -4410.1 26.1
4909.6 -4397.2 26.8
5828.2 -2554.5 24.2
5859.9 -2545.8 24.2
5841.6 -2543.6 23.9
5828.1 -2547.4 24.0
5931.2 -2530.9 24.5
5908.6 -2525.0 24.0
5833.2 -2525.8 22.9
5962.9 -2510.1 23.8
5878.2 -2511.4 23.2
5842.9 -2508.8 22.6
5827.7 -2513.3 22.5
6029.8 -2499.0 23.2
5960.7 -2501.3 23.6
5902.8 -2499.0 23.5
6015.2 -2481.6 23.6
5936.9 -2485.2 23.1
5919.9 -2480.9 22.9
5906.1 -2486.5 22.9
5895.4 -2488.4 23.1
5834.9 -2487.1 22.2
5817.3 -2479.0 21.7
6037.8 -2467.9 23.2
5969.6 -2472.8 23.3
5947.0 -2465.9 22.9
5938.0 -2465.0 22.8
5968.8 -2452.2 23.0
5906.6 -2450.7 22.2
5813.3 -2454.7 21.3
5787.2 -2450.6 21.5
6045.4 -2435.6 23.2
6015.4 -2441.6 23.4
5966.9 -2435.8 22.7
5934.7 -2437.5 22.4
5894.5 -2443.3 22.0
5828.8 -2441.7 21.2
6069.5 -2419.8 23.3
6040.9 -2423.7 23.3
5997.3 -2425.6 22.9
5921.2 -2428.0 22.1
5850.5 -2421.3 21.7
5781.0 -2420.8 22.0
5754.1 -2423.1 22.3
5707.2 -2420.6 23.0
5978.8 -2403.9 23.0
5935.2 -2411.7 22.5
5783.7 -2406.8 22.2
5721.0 -2406.9 23.1
5691.9 -2411.7 23.4
5683.4 -2409.3 23.5
6041.6 -2389.6 23.3
5933.2 -2398.1 22.8
5905.6 -2395.2 22.7
5827.4 -2394.9 22.2
5767.1 -2390.8 22.8
5707.0 -2389.1 23.6
5676.9 -2398.6 23.7
6054.1 -2378.4 23.5
6007.1 -2377.9 23.3
5903.8 -2373.9 22.9
5894.0 -2382.4 23.0
5843.3 -2382.3 22.7
5828.0 -2383.4 22.6
5736.5 -2379.9 23.4
5724.2 -2383.4 23.5
5697.9 -2377.4 23.6
5679.9 -2378.0 23.7
6084.0 -2367.8 23.3
6075.6 -2363.4 23.6
6056.3 -2362.0 23.7
6026.3 -2361.8 23.6
6008.0 -2363.9 23.5
5977.3 -2359.7 23.4
5924.8 -2359.7 23.1
5845.4 -2368.7 22.9
5789.6 -2364.7 23.0
5683.6 -2364.8 23.6
5996.2 -2351.3 23.6
5916.7 -2346.9 23.2
5908.1 -2348.9 23.2
5873.6 -2351.6 23.0
5862.1 -2349.6 22.9
5832.8 -2351.1 22.8
5800.1 -2350.3 22.6
5713.7 -2344.5 23.4
5698.2 -2351.4 23.5
6027.4 -2335.9 24.0
5999.9 -2334.3 23.8
5949.2 -2330.1 23.6
5934.5 -2334.5 23.5
5907.2 -2338.0 23.3
5861.7 -2332.7 23.2
5841.2 -2330.9 23.1
5831.1 -2333.5 23.0
5803.3 -2337.5 22.6
5773.5 -2331.3 22.6
5730.1 -2334.0 23.3
5705.7 -2333.5 23.5
6125.9 -2323.5 23.4
5996.9 -2318.8 24.0
5938.0 -2322.3 23.7
5876.8 -2321.3 23.4
5846.8 -2316.6 23.3
5825.7 -2321.3 22.8
5799.0 -2322.8 22.2
5759.1 -2314.4 22.4
5740.1 -2316.3 22.7
6135.3 -2307.0 22.3
5961.4 -2308.6 24.0
5936.0 -2300.4 24.1
5887.4 -2299.9 23.9
5874.5 -2308.2 23.7
5849.9 -2300.4 23.1
5710.1 -2303.2 22.9
5694.9 -2301.1 22.9
6038.1 -2284.0 24.7
5982.3 -2292.3 24.4
5953.0 -2288.3 24.4
5893.7 -2288.9 23.9
5833.2 -2288.5 22.5
5966.3 -2269.7 24.8
5949.1 -2271.1 24.7
5872.2 -2276.9 23.2
5817.6 -2269.1 21.9
5799.3 -2270.5 21.5
5788.8 -2277.2 21.3
5739.6 -2272.6 21.7
6080.9 -2256.5 21.6
5984.0 -2255.1 24.9
5952.6 -2263.2 24.9
5937.7 -2254.1 24.4
5910.6 -2254.2 23.8
5890.7 -2263.6 23.5
5860.7 -2257.7 22.7
5754.4 -2261.0 21.3
5743.8 -2261.7 21.5
6041.0 -2239.8 21.0
6030.1 -2239.5 21.6
5910.0 -2240.8 23.8
5876.9 -2245.4 23.0
5782.1 -2245.7 20.9
5774.8 -2246.0 20.7
5752.3 -2245.0 21.0
5997.2 -2230.9 22.6
5742.2 -2228.1 20.8
5677.3 -2226.6 21.1
6012.9 -2211.6 20.6
6000.3 -2213.0 21.0
5918.3 -2218.0 23.0
5892.8 -2211.3 22.3
5715.5 -2213.4 20.6
5682.3 -2213.0 20.7
5985.3 -2201.2 20.8
5919.6 -2201.6 22.0
5889.6 -2202.9 21.8
5857.6 -2197.3 21.2
5738.7 -2196.1 20.1
5707.8 -2201.2 20.3
5939.7 -2180.5 20.9
5902.5 -2188.1 21.0
5801.6 -2181.4 19.8
5730.2 -2186.6 19.9
5787.7 -2171.6 19.7
5751.6 -2164.2 19.6
5665.9 -2171.6 19.7
5923.8 -2149.9 19.1
5906.7 -2157.9 19.6
5879.0 -2158.0 19.6
5801.5 -2158.5 19.5
5771.4 -2154.0 19.5
5758.7 -2158.5 19.5
5725.4 -2150.4 19.4
5664.0 -2153.9 19.4
5921.5 -2136.3 18.6
5873.4 -2134.8 18.4
5849.2 -2137.8 18.9
5817.3 -2138.5 19.2
5801.9 -2137.9 19.3
5692.3 -2141.8 19.3
5649.8 -2140.7 19.6
5960.9 -2123.5 19.5
5924.4 -2127.6 18.6
5843.0 -2124.5 17.9
5697.6 -2128.3 19.1
5873.3 -2113.5 16.7
5865.4 -2108.8 16.4
5770.4 -2107.1 17.2
5670.5 -2108.4 18.5
5646.8 -2103.8 19.3
5931.1 -2092.5 18.5
5919.7 -2093.0 18.0
5817.6 -2093.7 15.7
5695.5 -2092.5 16.7
5638.0 -2089.4 19.3
5918.8 -2074.7 17.8
5841.5 -2074.5 14.6
5817.7 -2076.2 14.3
5801.2 -2082.2 14.9
5767.7 -2077.3 14.9
5723.3 -2078.8 15.4
5711.4 -2080.4 15.6
5699.0 -2082.8 15.9
5637.4 -2078.3 18.8
5608.8 -2077.3 19.9
5862.1 -2064.0 15.3
5812.5 -2061.7 13.2
5759.3 -2062.0 13.7
5743.8 -2068.3 14.4
5653.0 -2064.4 17.3
5615.9 -2063.8 19.3
5961.4 -2046.4 18.5
5952.0 -2047.7 18.5
5724.2 -2047.0 12.9
5710.4 -2044.5 13.4
5630.8 -2050.8 17.9
5946.6 -2029.4 18.4
5940.0 -2036.4 18.2
5844.4 -2037.6 14.3
5771.3 -2034.1 11.4
5708.5 -2030.2 12.8
5681.7 -2031.5 14.3
5652.0 -2032.2 15.9
5623.6 -2037.1 17.6
5966.4 -2014.0 18.1
5946.9 -2016.7 18.2
5937.2 -2020.6 17.9
5919.5 -2014.8 17.1
5859.5 -2017.5 14.7
5812.9 -2017.3 12.8
5800.3 -2022.9 12.3
5770.4 -2015.0 11.0
5653.1 -2018.4 15.3
5636.4 -2020.7 16.2
5608.0 -2015.3 17.5
5561.2 -2014.3 19.9
5965.2 -2008.7 18.1
5849.3 -2000.4 14.2
5804.1 -2002.1 12.5
5784.4 -2007.9 11.5
5745.2 -2005.4 10.4
5619.2 -2005.7 16.5
5573.1 -2003.3 18.9
5558.1 -2003.5 19.7
5923.5 -1985.3 17.5
5909.0 -1990.9 16.7
5825.6 -1986.5 13.8
5815.6 -1991.6 13.2
5796.2 -1984.9 13.0
5772.9 -1986.7 12.2
5706.5 -1990.5 11.2
5685.6 -1987.7 12.2
5560.3 -1987.2 18.9
5546.2 -1985.6 19.5
5872.4 -1970.4 16.1
5741.9 -1969.6 12.4
5722.8 -1971.8 12.1
5694.5 -1978.2 11.5
5619.5 -1974.7 15.2
5589.4 -1970.9 16.7
5855.9 -1960.2 16.2
5773.7 -1961.3 13.6
5709.1 -1962.4 12.5
5698.5 -1960.4 12.5
5606.3 -1957.5 15.2
5586.8 -1962.6 16.5
5845.2 -1941.6 16.9
5817.2 -1945.9 15.9
5797.4 -1939.3 15.6
5784.1 -1948.6 14.7
5767.0 -1939.2 14.5
5743.3 -1946.7 13.8
5684.8 -1945.4 13.3
5661.2 -1944.5 13.1
5624.2 -1948.5 13.9
5603.3 -1945.7 14.9
5513.7 -1941.1 19.2
5826.8 -1932.2 16.9
5766.6 -1924.7 15.3
5742.0 -1932.5 14.6
5722.8 -1928.7 14.6
5513.9 -1932.4 18.8
5780.9 -1911.9 16.4
5725.5 -1914.3 15.5
5708.6 -1913.7 15.3
5668.3 -1917.5 14.7
5516.2 -1908.9 17.5
5502.5 -1917.4 18.5
5482.7 -1918.4 19.3
5738.6 -1900.1 16.4
5668.2 -1902.3 15.6
5573.6 -1899.9 14.8
5556.5 -1903.0 15.6
5546.4 -1902.1 16.0
5483.3 -1897.9 18.2
5466.9 -1894.5 18.7
5757.2 -1880.8 17.3
5740.9 -1879.3 17.1
5646.9 -1880.1 15.9
5640.3 -1881.6 15.9
5585.8 -1878.8 15.4
5560.8 -1879.2 15.3
5504.6 -1881.8 16.6
5481.3 -1888.5 17.8
5736.4 -1870.9 17.0
5729.7 -1868.3 16.9
5700.1 -1865.1 16.5
5679.1 -1870.7 16.3
5617.6 -1871.7 15.7
5557.8 -1872.7 15.4
5540.8 -1870.0 15.6
5455.5 -1872.6 18.1
5680.1 -1854.5 16.4
5601.2 -1852.0 16.0
5499.2 -1853.1 16.3
5452.8 -1855.6 17.3
5427.9 -1856.3 18.3
5708.8 -1834.3 16.8
5646.6 -1836.1 16.6
5528.8 -1840.4 16.1
5512.1 -1835.2 16.4
5406.0 -1834.5 18.1
5376.7 -1834.4 19.2
5650.4 -1825.0 16.8
5638.4 -1819.0 16.9
5533.2 -1821.6 16.3
5520.6 -1826.9 16.4
5684.3 -1811.0 16.7
5660.8 -1813.2 17.1
5654.5 -1811.7 17.1
5601.2 -1810.5 16.8
5594.3 -1811.1 16.8
5570.8 -1810.8 16.6
5518.1 -1811.0 16.6
5469.8 -1804.4 17.3
5451.2 -1806.9 17.6
5649.4 -1791.9 17.6
5620.6 -1796.0 17.2
5572.7 -1790.8 17.0
5557.9 -1789.0 17.0
5497.5 -1789.0 17.2
5457.4 -1797.3 17.6
5425.7 -1795.2 18.0
5394.3 -1792.7 18.5
5366.8 -1789.5 18.9
5488.2 -1780.4 17.4
5413.6 -1781.9 18.4
5399.8 -1781.4 18.6
5355.2 -1778.9 19.2
5571.9 -1766.5 17.5
5503.8 -1767.7 17.4
5471.3 -1764.8 17.8
5381.1 -1767.6 19.0
5353.5 -1767.3 19.3
5325.0 -1761.0 19.7
5300.9 -1760.9 20.0
5579.5 -1748.2 18.9
5562.1 -1744.3 19.0
5541.6 -1749.1 17.6
5511.2 -1749.8 17.5
5503.0 -1748.7 17.6
5453.9 -1744.7 18.3
5430.4 -1753.4 18.5
5410.4 -1745.3 18.9
5398.9 -1750.6 19.0
5548.7 -1736.3 17.9
5526.0 -1731.6 17.9
5504.0 -1732.9 17.8
5471.2 -1734.4 18.2
5351.1 -1730.6 19.5
5338.1 -1729.2 19.7
5290.3 -1729.3 20.3
5498.7 -1720.0 18.0
5489.4 -1717.9 18.2
5424.3 -1714.8 18.7
5324.7 -1718.9 19.9
5307.1 -1716.6 20.2
5289.2 -1721.3 20.4
5279.9 -1716.8 20.6
5456.4 -1702.1 18.4
5428.9 -1699.9 18.7
5412.1 -1708.7 18.9
5370.2 -1704.0 19.4
5279.6 -1701.0 20.7
5260.7 -1705.4 20.9
5443.8 -1689.1 18.6
5429.7 -1685.4 18.8
5301.5 -1689.1 20.5
5279.2 -1692.9 20.7
5259.8 -1685.9 21.2
5220.1 -1685.0 21.9
5392.8 -1677.4 19.3
5362.2 -1678.1 19.7
5338.8 -1672.7 20.1
5319.0 -1673.7 20.4
5235.3 -1678.1 21.7
5214.0 -1676.4 22.0
5442.2 -1655.7 18.5
5391.8 -1654.5 19.5
5350.7 -1662.7 20.0
5293.4 -1655.0 21.0
5272.8 -1663.5 21.2
5390.7 -1645.9 19.6
5353.0 -1641.1 20.2
5330.7 -1644.1 20.5
5303.8 -1645.9 20.9
5277.7 -1641.0 21.4
5172.6 -1648.6 22.8
5347.6 -1630.5 20.5
5337.5 -1631.4 20.6
5321.2 -1626.8 20.9
5309.8 -1629.7 21.1
5212.4 -1631.5 22.5
5203.2 -1624.5 22.8
5184.0 -1627.0 23.0
5159.5 -1630.3 23.3
5352.8 -1615.1 20.7
5336.2 -1614.5 20.9
5286.4 -1611.6 21.7
5264.8 -1613.8 22.0
5198.2 -1610.7 23.1
5336.8 -1603.5 21.1
5310.1 -1603.1 21.5
5261.7 -1595.4 22.4
5249.0 -1600.9 22.5
5155.4 -1596.2 24.1
5127.8 -1603.3 24.4
5301.8 -1581.6 22.0
5264.0 -1583.1 22.5
5216.9 -1579.2 23.3
5136.4 -1578.8 24.2
5112.5 -1584.0 24.2
5260.6 -1564.6 22.9
5172.9 -1566.7 24.1
5109.6 -1569.0 24.0
5214.3 -1553.6 23.8
5129.6 -1555.5 23.8
5095.9 -1557.2 23.8
5067.1 -1556.9 23.7
5186.7 -1542.0 23.7
5138.3 -1540.3 23.6
5099.4 -1542.1 23.5
5219.7 -1522.4 23.6
5184.5 -1526.5 23.5
5171.0 -1522.7 23.5
5047.1 -1527.2 23.2
5061.9 -1505.4 23.3
5048.4 -1511.3 23.2
5021.6 -1506.9 23.2
5170.3 -1490.3 23.6
5140.4 -1494.3 23.5
5106.3 -1496.9 23.4
5093.5 -1496.5 23.4
5067.9 -1496.1 23.3
5046.5 -1491.4 23.3
5037.6 -1497.4 23.2
4994.7 -1494.0 23.1
5124.5 -1475.8 23.5
5049.7 -1474.3 23.3
5032.8 -1474.3 23.3
5008.1 -1476.7 23.2
4995.0 -1477.9 23.1
5144.4 -1468.4 23.5
5094.1 -1459.5 23.4
5046.4 -1466.4 23.3
5031.9 -1468.5 23.3
5016.2 -1467.5 23.2
4993.6 -1460.2 23.1
5078.2 -1445.2 23.4
5062.7 -1447.4 23.4
5049.3 -1453.6 23.3
5036.7 -1451.4 23.3
4986.9 -1451.9 22.8
4970.7 -1449.7 22.6
5080.8 -1430.1 23.5
5017.0 -1429.2 22.9
4988.6 -1433.8 22.6
5031.9 -1416.4 23.4
5015.9 -1417.6 23.4
4979.1 -1421.3 23.3
4963.4 -1423.5 23.2
5005.1 -1408.1 24.2
4992.7 -1392.6 24.8
-3172.0 8819.0 30.0
-3192.7 8820.0 30.1
5606.9 -986.4 26.3
5630.1 -954.0 28.2
5585.5 -950.7 27.3
5636.0 -940.9 28.4
5604.0 -942.8 27.8
5590.5 -938.3 27.4
5634.9 -922.4 27.7
5619.6 -906.1 26.9
7111.0 6015.6 19.0
7171.1 6028.9 18.6
7076.2 6030.5 19.2
7198.6 6041.2 18.4
7126.5 6044.6 18.8
7092.4 6039.5 19.1
7084.2 6039.0 19.1
7200.1 6055.7 18.4
7180.0 6056.8 18.5
7204.6 6075.0 18.3
7134.9 6068.6 18.8
7093.3 6072.5 19.0
7054.8 6075.2 19.3
7106.2 6090.1 18.9
7098.6 6081.2 19.0
7083.1 6083.4 19.1
7168.6 6099.8 18.5
7139.9 6103.0 18.7
7122.5 6100.6 18.8
7094.8 6100.4 19.0
7061.1 6098.6 19.2
7167.3 6111.5 18.6
7120.1 6115.4 18.8
7077.9 6120.1 19.1
7047.6 6116.6 19.1
7210.4 6129.8 18.3
7201.0 6133.8 18.3
7186.2 6127.4 18.4
7158.3 6135.0 18.6
7144.7 6128.1 18.7
7052.1 6134.5 19.1
7201.5 6147.2 18.3
7228.8 6163.0 18.1
7214.2 6158.4 18.2
7196.1 6159.1 18.3
7107.6 6165.4 18.9
7051.2 6163.0 18.9
7037.6 6160.7 18.9
7229.8 6176.2 18.1
7186.9 6179.5 18.4
7080.4 6180.9 18.9
7007.9 6175.5 18.9
7219.6 6189.7 18.2
7141.6 6192.4 18.7
7124.7 6186.3 18.8
7109.9 6193.1 18.8
7098.8 6187.3 18.8
7066.3 6186.8 18.8
6944.4 6192.9 18.9
7120.3 6210.4 18.8
6994.2 6205.1 18.7
7241.6 6221.0 18.0
7112.3 6223.5 18.7
7078.4 6219.9 18.7
7032.2 6222.6 18.7
6957.3 6218.0 18.7
6943.0 6218.9 18.8
7202.7 6239.4 18.3
7157.8 6239.5 18.5
7141.6 6234.8 18.6
7128.2 6236.9 18.6
7067.4 6239.5 18.6
7033.7 6239.5 18.6
7015.6 6240.4 18.6
7245.7 6246.7 18.0
7216.8 6254.9 18.2
7181.9 6254.8 18.4
7153.0 6253.4 18.5
7129.7 6250.7 18.6
7079.3 6251.7 18.6
7047.5 6250.7 18.6
6955.1 6250.1 18.5
7232.1 6261.2 18.1
7215.4 6263.3 18.2
7170.5 6269.3 18.4
7157.5 6265.8 18.5
7141.2 6261.4 18.5
7008.1 6264.4 18.5
6929.9 6268.4 18.8
7138.9 6282.2 18.5
7106.9 6277.5 18.5
7077.9 6278.0 18.4
6963.2 6282.6 18.4
6933.7 6279.3 18.7
7120.9 6298.1 18.4
7109.9 6298.9 18.4
7096.8 6297.9 18.4
7082.8 6294.0 18.4
7054.7 6292.8 18.4
7009.2 6297.7 18.3
6264.8 -1196.7 22.6
6245.2 -1194.4 22.9
6311.0 -1183.6 22.1
6340.6 -1167.4 21.7
6327.3 -1166.2 21.7
6217.0 -1164.7 23.2
6371.3 -1155.6 21.4
6262.8 -1149.5 22.5
6222.7 -1152.0 23.1
6414.7 -1140.0 20.9
6396.5 -1137.0 20.9
6339.8 -1136.2 21.3
6254.3 -1132.6 22.6
6455.0 -1125.8 20.5
6358.5 -1119.4 21.0
6281.9 -1118.3 22.1
6220.2 -1119.0 23.1
6190.3 -1123.4 23.5
6478.0 -1105.7 20.1
6324.0 -1112.3 21.5
6193.1 -1109.9 23.4
6336.0 -1088.8 21.3
6325.0 -1094.6 21.5
6268.9 -1091.5 22.3
6246.9 -1094.8 22.6
6221.0 -1092.0 23.0
6163.0 -1094.3 23.8
6321.1 -1080.8 21.5
6268.5 -1074.1 22.2
6251.7 -1078.7 22.5
6201.9 -1080.3 23.2
6188.8 -1078.0 23.4
6171.8 -1081.1 23.7
6170.9 -1061.6 23.7
6159.6 -1063.2 23.8
6277.4 -1049.1 22.1
6234.2 -1046.7 22.7
6218.4 -1045.1 22.9
6161.9 -1047.3 23.8
6134.5 -1050.2 24.2
6281.0 -1034.2 22.0
6235.7 -1028.2 22.6
6158.7 -1034.1 23.8
6133.9 -1036.5 24.1
6115.4 -1036.0 24.3
6293.6 -1021.8 21.7
6246.9 -1020.9 22.4
6098.2 -1019.4 24.4
6295.8 -999.5 21.7
6275.0 -1002.9 22.0
6265.2 -998.9 22.1
6247.6 -1000.1 22.4
6216.0 -1000.0 22.8
6192.2 -1005.9 23.2
6164.3 -1004.2 23.6
6305.1 -992.1 21.5
6266.9 -987.9 22.0
6216.4 -991.9 22.8
6170.5 -986.8 23.5
6162.0 -990.3 23.6
6141.5 -984.0 23.9
6238.0 -970.2 22.4
6157.0 -973.9 23.7
6128.3 -970.6 24.1
6074.0 -968.0 24.7
6057.0 -969.9 24.8
6309.9 -957.2 21.2
6299.4 -956.2 21.4
6280.4 -954.6 21.7
6265.7 -954.7 21.9
6171.4 -955.1 23.3
6159.1 -954.7 23.5
6102.8 -962.1 24.4
6274.7 -940.9 21.8
6251.9 -937.5 22.1
6229.9 -937.7 22.5
6194.4 -943.4 23.0
6056.5 -939.8 24.7
6275.8 -932.5 21.7
6253.6 -928.4 22.1
6222.2 -923.6 22.6
6178.7 -925.5 23.3
6157.4 -927.8 23.6
6127.9 -924.3 24.0
6067.4 -926.7 24.6
6057.3 -927.6 24.7
6238.6 -914.7 22.4
6117.4 -902.3 24.2
6065.4 -897.4 24.4
6174.1 -881.5 23.4
6159.3 -864.6 23.6
6127.8 -872.1 24.1
6142.8 -854.5 23.9
6104.6 -852.8 24.1
6454.4 7804.4 20.0
6435.4 7801.1 19.5
6428.1 7817.2 20.1
6367.1 7811.2 18.9
6349.3 7810.8 18.7
6457.3 7830.6 20.3
6425.7 7830.1 20.2
6414.0 7826.4 20.2
6394.5 7833.4 20.2
6344.9 7829.1 20.1
6338.9 7826.3 19.8
6503.4 7843.2 20.4
6456.2 7844.9 20.4
6407.5 7845.7 20.4
6349.8 7842.0 20.3
6315.6 7845.7 20.3
6294.4 7849.4 20.8
6278.1 7844.5 20.1
6498.6 7859.7 20.6
6453.2 7858.7 20.5
6352.6 7864.4 21.2
6330.2 7865.0 21.5
6502.2 7871.5 20.7
6473.4 7880.7 21.0
6336.7 7877.6 22.3
6525.6 7886.9 20.9
6504.5 7891.6 21.4
6392.4 7894.9 22.9
6368.2 7894.0 23.1
6349.4 7895.2 23.5
6290.9 7887.1 23.4
6279.0 7893.0 23.4
6560.8 7904.3 21.5
6542.2 7908.9 21.7
6513.9 7907.9 22.5
6481.3 7906.6 22.8
6470.0 7903.1 22.6
6424.2 7906.3 23.4
6391.1 7902.1 23.5
6353.2 7902.3 23.9
6549.3 7922.1 21.9
6452.1 7916.2 23.8
6406.4 7921.3 24.7
6363.8 7922.7 25.3
6322.8 7918.9 25.5
6199.3 7923.6 23.0
6524.6 7936.6 23.0
6513.2 7935.6 23.3
6438.8 7931.7 25.1
6322.3 7936.3 26.7
6301.8 7934.3 26.8
6272.9 7938.8 26.4
6573.8 7952.8 22.4
6468.7 7949.1 25.0
6459.1 7953.8 25.4
6374.6 7953.6 27.4
6354.1 7954.7 27.7
6288.6 7948.1 27.5
6275.6 7951.3 27.3
6233.6 7952.3 26.1
6531.1 7969.6 23.8
6484.2 7969.4 25.1
6434.7 7962.5 26.4
6428.3 7962.5 26.5
6336.9 7970.6 29.0
6303.0 7963.3 28.9
6256.1 7969.5 28.0
6201.7 7970.6 26.4
6169.7 7968.1 25.2
6149.7 7968.1 24.5
6563.4 7977.3 23.1
6495.8 7977.4 25.0
6452.5 7985.0 26.5
6225.9 7981.8 27.9
6212.4 7982.6 27.5
6170.7 7977.7 25.9
6126.7 7984.8 24.9
6665.0 8000.7 24.9
6649.0 7996.0 24.6
6636.5 7994.6 24.3
6599.8 7998.4 23.3
6571.7 8000.2 24.0
6529.7 7992.0 24.5
6485.7 7995.7 26.1
6428.1 7997.2 27.9
6398.2 7994.8 28.5
6270.7 8000.7 30.5
6255.4 7994.4 29.7
6185.2 7991.2 27.3
6630.8 8007.9 23.7
6622.0 8009.4 23.4
6606.2 8014.0 23.5
6594.0 8010.0 23.8
6575.2 8015.6 25.3
6558.7 8010.3 25.4
6531.6 8008.3 26.0
6449.8 8009.6 28.5
6441.6 8015.5 29.3
6426.3 8011.2 29.3
6392.5 8015.1 30.7
6318.9 8007.4 32.0
6309.2 8005.9 31.7
6291.3 8014.8 31.6
6217.2 8006.8 29.3
6199.9 8015.8 29.2
6669.4 8020.9 24.2
6634.1 8029.9 23.3
6554.6 8029.7 27.4
6502.6 8023.0 28.3
6482.6 8023.9 28.9
6474.4 8029.4 29.7
6426.2 8029.2 31.1
6338.3 8023.9 33.1
6202.4 8023.0 29.6
6138.1 8026.5 27.5
6129.1 8029.2 27.0
6667.8 8040.6 23.3
6618.0 8044.4 25.4
6602.3 8037.2 25.7
6503.2 8045.6 30.4
6488.7 8036.4 30.0
6452.3 8042.3 31.6
6437.1 8044.4 32.2
6408.8 8045.3 33.1
6392.8 8042.8 33.4
6383.3 8043.1 33.7
6347.4 8038.6 34.0
6320.2 8037.1 33.2
6293.5 8042.7 32.8
6244.5 8043.4 31.5
6215.6 8039.9 30.6
6182.4 8036.4 29.6
6155.0 8040.2 28.2
6078.1 8042.6 25.7
6053.8 8045.6 27.0
6647.4 8059.7 25.1
6635.0 8053.6 25.3
6617.9 8059.7 26.7
6564.2 8060.3 29.7
6512.9 8054.4 31.0
6465.9 8053.5 32.3
6452.7 8054.7 32.8
6407.4 8054.8 34.1
6392.4 8060.7 35.1
6381.2 8059.9 35.4
6348.9 8055.1 34.7
6335.7 8053.5 34.3
6320.7 8058.6 34.1
6300.5 8055.1 33.4
6180.2 8057.0 29.0
6155.6 8052.6 27.7
6125.8 8054.5 25.7
6060.9 8050.9 26.6
6023.4 8056.7 28.6
6694.4 8069.0 23.3
6675.4 8066.1 24.0
6637.7 8066.4 26.2
6605.3 8067.7 28.1
6547.4 8073.5 31.7
6514.6 8072.7 32.8
6425.7 8071.0 35.2
6408.1 8066.1 35.2
6287.7 8074.4 33.9
6278.1 8067.3 33.3
6243.4 8068.1 32.2
6232.8 8071.8 31.6
6196.3 8072.7 29.3
6186.0 8068.0 28.8
6080.0 8071.3 25.3
6016.5 8073.4 28.9
6009.2 8067.8 29.4
6650.7 8087.4 26.7
6488.8 8083.5 34.6
6471.3 8087.5 35.5
6380.1 8086.7 36.8
6346.5 8081.4 35.7
6337.9 8081.0 35.5
6323.9 8087.4 35.4
6308.2 8085.7 34.9
6213.4 8089.8 29.5
6143.8 8085.5 25.4
6106.6 8083.1 23.7
6095.2 8082.6 24.4
6066.2 8085.4 26.0
6711.0 8101.4 24.9
6421.9 8104.2 38.5
6330.8 8103.3 36.1
6322.4 8098.7 35.7
6301.7 8103.6 34.4
6202.0 8105.2 28.1
6092.6 8104.2 24.3
6007.4 8103.0 29.1
5970.7 8102.2 31.2
5948.0 8096.8 31.3
5927.0 8105.8 31.6
6662.2 8114.9 28.2
6624.3 8116.2 30.1
6591.4 8120.3 32.7
6571.0 8112.2 33.7
6513.1 8117.3 37.2
6501.7 8115.2 37.3
6384.1 8114.4 38.0
6336.2 8115.0 36.0
6293.0 8120.0 33.1
6234.4 8110.9 29.9
6075.6 8112.0 25.2
6061.4 8114.4 26.0
6021.1 8116.9 28.2
6002.1 8113.3 29.4
5927.2 8119.9 33.5
5843.3 8120.3 29.1
6782.3 8134.9 22.5
6698.6 8133.7 27.4
6665.0 8127.0 28.9
6572.9 8131.9 34.7
6560.0 8134.8 35.8
6534.2 8128.7 37.1
6452.6 8132.0 40.3
6409.6 8133.4 39.5
6183.1 8131.7 25.8
6172.6 8127.7 25.3
6151.4 8132.7 23.8
6096.5 8134.1 23.8
6078.6 8130.8 24.9
6064.9 8125.9 25.7
6050.8 8125.9 26.5
6023.9 8132.6 28.0
6001.7 8128.9 29.2
5960.3 8127.6 31.6
5915.4 8133.2 34.1
5829.4 8131.5 30.2
6799.2 8143.0 21.9
6783.8 8141.2 22.8
6766.0 8143.0 23.9
6698.8 8142.5 27.8
6675.5 8145.9 29.3
6558.7 8141.8 36.3
6481.2 8148.3 41.1
6394.3 8145.2 38.3
6335.6 8144.7 34.6
6321.5 8144.8 33.8
6302.3 8146.7 32.5
6232.8 8148.9 28.1
6109.7 8143.6 23.0
6077.6 8148.5 24.8
6003.6 8146.7 29.0
5902.4 8141.0 34.7
5852.5 8148.2 34.8
6770.5 8164.1 24.6
6698.8 8155.8 28.4
6638.0 8163.0 32.4
6607.3 8163.1 34.2
6588.6 8160.4 35.0
6576.3 8161.1 35.9
6557.6 8163.1 37.5
6533.6 8160.7 39.2
6496.3 8163.0 42.0
6451.0 8161.0 41.1
6443.8 8158.3 40.7
6390.4 8157.0 37.5
6242.4 8155.9 28.3
6230.8 8162.8 27.3
6196.9 8161.1 25.3
6155.1 8157.2 22.9
6097.3 8159.2 23.6
6030.7 8163.2 27.3
5911.9 8158.8 34.0
5837.7 8160.4 36.1
5781.8 8158.6 31.2
5763.5 8157.7 29.5
6771.3 8178.8 25.3
6738.4 8176.3 27.1
6721.0 8173.4 28.0
6710.4 8176.3 28.8
6690.3 8170.9 29.7
6546.0 8178.6 38.7
6515.7 8180.3 41.0
6452.9 8180.6 40.3
6440.1 8173.7 39.8
6405.4 8179.9 37.4
6354.3 8178.8 34.2
6228.6 8173.3 26.7
6216.8 8174.7 25.9
6165.4 8174.8 22.7
6136.7 8174.6 21.2
6060.2 8172.2 25.6
6046.0 8172.6 26.4
5991.6 8177.3 29.4
5976.5 8173.4 30.3
5961.7 8173.8 31.1
5947.3 8174.5 31.9
5899.2 8179.0 34.6
5778.6 8179.4 33.4
5686.8 8180.1 25.6
6828.2 8191.1 22.6
6690.8 8188.8 30.5
6681.6 8194.3 31.2
6668.4 8194.2 31.8
6635.0 8195.6 33.1
6609.2 8191.8 34.3
6502.6 8186.5 41.7
6483.6 8191.0 42.2
6454.5 8190.9 39.9
6439.0 8193.9 38.8
6246.3 8187.9 27.1
6219.1 8193.6 25.2
6182.7 8189.3 23.1
6093.6 8195.1 23.5
6067.3 8195.7 24.9
6048.5 8187.1 26.1
6000.5 8188.4 28.8
5837.7 8194.1 36.0
5689.4 8190.9 26.6
6769.9 8209.8 27.0
6754.3 8208.3 27.8
6741.3 8203.4 28.3
6692.0 8205.0 30.5
6668.5 8210.6 31.3
6543.5 8206.6 38.9
6533.8 8209.1 39.6
6519.5 8204.1 40.3
6498.4 8208.2 40.9
6482.4 8210.4 41.4
6318.3 8204.5 30.8
6294.4 8206.2 29.3
6279.5 8210.4 28.2
6263.3 8204.0 27.5
6228.8 8202.0 25.4
6217.1 8201.6 24.7
6198.8 8202.0 23.6
6157.1 8204.3 20.9
5926.6 8210.1 32.8
5885.2 8202.2 34.9
5842.1 8204.8 35.1
5814.5 8201.4 35.6
5759.9 8208.3 34.1
6826.4 8218.3 24.1
6782.6 8222.0 26.4
6765.7 8219.0 27.1
6741.6 8222.1 28.0
6725.8 8216.2 28.8
6561.9 8224.5 37.5
6501.4 8218.1 40.3
6440.5 8220.0 39.8
6408.5 8222.4 35.6
6393.9 8225.0 34.6
6349.5 8225.2 31.8
6332.0 8224.5 30.8
6301.3 8218.2 29.2
6271.1 8220.3 27.2
6107.4 8218.5 22.5
6090.1 8217.8 23.5
6064.5 8224.8 24.8
5976.7 8217.9 29.9
5871.1 8225.2 33.1
5745.3 8225.5 34.4
5722.2 8224.4 32.1
6832.7 8234.9 24.0
6796.6 8239.2 25.3
6752.8 8237.7 27.2
6519.3 8238.6 38.8
6481.5 8234.7 40.3
6471.0 8231.5 40.8
6324.4 8236.4 29.8
6305.0 8232.9 28.7
6277.9 8237.3 26.9
6227.1 8236.4 23.7
6135.9 8233.3 20.7
6125.5 8233.6 21.3
6046.2 8231.5 25.8
5992.3 8232.2 28.9
5963.3 8240.1 30.4
5873.7 8233.5 32.4
5852.9 8239.9 32.1
5806.1 8235.2 32.9
5799.3 8234.5 33.0
6857.5 8255.7 22.4
6840.7 8253.8 23.1
6799.4 8254.9 24.8
6638.7 8251.4 31.7
6481.3 8251.1 39.6
6470.6 8255.5 39.8
6451.2 8252.0 40.6
6441.8 8255.6 40.8
6383.4 8250.8 32.8
6284.6 8247.5 26.8
6257.1 8252.6 24.9
6246.3 8249.4 24.3
6234.6 8253.4 23.4
6164.6 8253.2 19.1
6083.7 8251.5 23.5
6003.9 8246.7 28.1
5992.2 8247.3 28.7
5925.1 8252.5 30.4
5889.5 8246.2 31.2
5869.1 8249.2 31.1
5851.0 8246.6 31.5
5834.6 8250.0 31.4
5766.8 8251.7 31.8
5722.1 8253.0 33.2
5693.7 8251.0 32.0
6860.5 8263.5 22.1
6829.1 8261.7 23.4
6752.7 8269.9 26.3
6684.6 8263.7 29.2
6669.2 8264.7 29.8
6632.7 8265.8 32.1
6616.7 8265.5 33.3
6593.0 8264.9 34.8
6575.0 8264.2 35.5
6518.2 8266.4 37.5
6503.4 8261.9 38.3
6375.7 8264.8 31.7
6202.6 8269.9 20.7
6179.7 8266.5 19.4
6107.4 8270.2 22.0
6081.3 8265.1 23.5
6062.3 8268.5 24.6
6050.8 8263.4 25.3
6015.6 8267.3 27.2
6007.4 8265.0 27.7
5963.7 8261.9 29.2
5909.7 8268.8 29.1
5896.1 8263.9 29.7
5849.6 8261.6 30.3
5767.7 8267.5 30.5
5685.3 8270.1 32.8
5671.0 8270.3 31.8
6891.5 8283.8 21.5
6863.3 8285.5 21.3
6782.0 8284.6 24.7
6756.2 8277.3 25.9
6722.1 8281.8 27.2
6680.6 8276.0 29.1
6653.7 8282.2 30.6
6593.8 8281.3 34.1
6546.5 8280.1 35.9
6487.8 8280.8 38.0
6368.6 8279.3 32.2
6307.6 8279.5 26.8
6287.3 8276.6 25.7
6243.5 8276.3 22.9
6226.3 8280.0 21.7
6184.5 8282.2 19.0
6123.6 8277.8 21.0
6061.5 8276.6 24.6
6007.2 8283.9 27.0
5993.6 8280.7 27.4
5974.0 8283.4 27.4
5942.0 8284.6 27.5
5924.7 8277.3 28.3
5894.7 8285.6 27.9
5883.8 8278.4 28.6
5854.3 8280.4 28.7
5838.3 8285.0 28.4
5811.2 8279.2 29.1
5717.1 8280.2 30.0
5694.0 8281.8 30.9
6915.8 8291.2 21.9
6876.7 8292.6 21.5
6841.7 8296.3 21.9
6817.9 8291.1 23.0
6781.9 8292.7 24.5
6723.7 8292.0 26.9
6707.9 8294.6 27.5
6512.6 8300.1 36.2
6503.7 8300.2 36.5
6334.3 8298.9 27.6
6307.5 8293.6 26.1
6289.2 8291.9 25.1
6144.4 8291.5 19.8
6128.6 8291.3 20.6
6107.4 8294.6 21.8
6089.7 8297.9 22.8
6045.9 8293.1 25.3
5930.4 8299.9 26.4
5914.5 8292.3 27.1
5896.0 8298.7 26.8
5828.2 8299.4 27.3
5805.5 8299.8 27.5
5657.9 8291.2 31.5
6736.8 8311.1 25.8
6728.8 8308.7 26.2
6692.9 8312.8 27.6
6620.5 8312.6 31.7
6560.1 8315.8 33.7
6503.1 8312.6 36.0
6482.5 8314.4 36.6
6469.1 8307.9 37.4
6452.7 8310.5 37.9
6409.5 8310.1 39.5
6361.6 8312.7 36.6
6333.7 8315.7 29.9
6225.1 8312.7 20.2
6140.1 8311.7 19.8
6126.4 8313.5 20.6
6099.0 8309.9 22.2
6038.0 8309.2 24.6
6015.9 8311.7 24.6
5986.1 8308.4 25.2
5963.3 8313.3 25.0
5942.5 8307.6 25.6
5828.4 8310.0 26.4
6877.4 8321.0 21.9
6862.6 8324.8 21.8
6846.1 8321.2 21.6
6695.2 8329.4 27.4
6667.2 8325.1 29.4
6620.6 8321.1 31.3
6608.0 8323.4 31.6
6574.1 8329.0 32.6
6530.0 8323.0 34.5
6496.0 8322.6 35.8
6453.0 8323.0 37.3
6429.0 8329.0 37.9
6410.0 8328.0 38.7
6382.9 8325.3 39.8
6226.4 8325.1 19.7
6154.1 8322.5 18.9
6121.1 8326.4 20.8
6031.4 8323.8 23.5
5977.8 8326.6 23.7
5947.8 8323.3 24.3
5933.9 8323.2 24.4
5853.4 8321.4 25.3
5841.7 8330.7 24.6
5829.2 8327.6 25.0
5806.4 8326.6 25.2
5791.7 8323.6 25.6
5760.8 8323.2 25.9
5723.2 8326.7 26.0
5703.9 8321.0 26.6
5692.3 8330.8 25.9
5661.9 8323.5 27.2
6953.8 8339.8 22.3
6848.6 8338.5 21.9
6787.8 8341.6 22.9
6755.8 8336.8 24.3
6740.3 8337.1 25.0
6728.1 8340.5 25.4
6710.6 8342.1 26.3
6684.3 8337.2 28.2
6639.5 8338.1 29.8
6591.4 8344.8 31.3
6423.2 8336.8 37.8
6363.7 8340.6 39.8
6247.2 8340.8 20.3
6227.8 8342.1 19.0
6218.5 8341.2 18.5
6181.9 8335.9 17.3
6092.0 8344.6 21.2
6068.6 8340.1 21.8
6052.9 8345.2 21.5
5929.3 8339.4 23.1
5896.8 8337.5 23.5
5870.5 8340.6 23.5
5839.7 8338.4 24.0
5805.3 8339.4 24.2
5796.4 8342.2 24.0
5764.0 8339.7 24.5
5738.5 8335.9 25.1
5703.2 8342.4 24.8
5677.8 8338.8 25.4
6952.9 8355.0 22.3
6871.3 8359.7 22.2
6759.1 8356.9 23.7
6742.1 8356.5 24.4
6727.8 8356.2 25.0
6690.1 8351.7 27.3
6665.4 8357.7 28.0
6515.2 8355.5 33.6
6471.0 8357.9 35.1
6301.7 8359.6 29.8
6257.4 8353.4 20.3
6240.2 8353.8 19.2
6231.8 8354.7 18.7
6212.1 8351.9 17.6
6122.1 8359.7 19.7
6082.8 8356.8 20.3
6060.8 8359.0 20.3
6046.0 8355.5 20.7
5973.9 8357.0 21.2
5841.9 8352.5 22.8
5780.1 8356.5 23.0
5766.0 8350.9 23.6
5717.0 8354.6 23.7
6961.8 8366.1 22.4
6802.4 8368.4 21.8
6767.0 8366.6 23.1
6756.1 8375.4 23.3
6728.3 8374.3 24.9
6710.5 8373.3 25.6
6691.7 8374.8 26.2
6618.9 8373.2 29.0
6604.8 8367.3 29.7
6549.2 8368.9 31.7
6519.4 8371.4 32.7
6497.0 8369.4 33.6
6435.4 8370.2 35.8
6331.7 8370.5 39.6
6323.2 8371.3 37.5
6300.7 8370.0 31.5
6107.1 8369.7 19.0
5999.7 8373.3 19.6
5973.2 8373.8 19.8
5958.2 8374.2 19.9
5867.6 8370.0 21.1
5840.1 8372.6 21.1
5795.5 8373.4 21.4
5760.8 8372.5 21.7
5737.8 8371.6 22.0
5723.8 8374.2 21.9
5700.3 8373.9 22.1
6915.7 8383.1 26.0
6764.6 8385.3 22.7
6660.0 8386.1 26.9
6607.1 8387.4 28.7
6557.2 8387.6 30.6
6485.8 8384.6 33.3
6384.1 8389.8 36.8
6348.8 8389.6 38.1
6331.1 8382.2 39.1
6230.4 8390.6 17.1
6110.0 8389.4 17.3
6021.6 8383.7 18.6
5986.1 8381.1 19.1
5932.7 8390.3 18.8
5837.4 8387.6 19.8
5828.5 8384.6 20.1
5813.2 8384.8 20.2
5768.4 8383.2 20.8
5730.3 8382.5 21.1
5706.9 8383.4 21.2
6978.6 8397.9 22.6
6952.3 8397.3 22.3
6864.0 8405.1 25.9
6786.4 8398.2 22.0
6771.5 8404.7 22.0
6722.0 8398.3 24.0
6691.8 8403.7 24.9
6615.6 8404.2 27.7
6569.6 8401.5 29.5
6533.0 8399.8 30.9
6453.3 8401.8 33.7
6361.0 8405.5 36.9
6322.7 8405.3 38.4
6278.3 8401.4 31.5
6228.9 8405.3 19.4
6136.4 8401.8 16.1
6107.2 8403.7 16.1
6034.9 8401.3 16.9
5978.4 8395.9 17.9
5913.5 8398.3 18.2
5853.6 8405.5 18.3
5685.1 8403.0 19.8
6979.9 8419.2 22.6
6872.6 8417.5 27.4
6814.4 8412.3 24.5
6780.2 8411.1 23.0
6765.1 8415.1 22.0
6738.4 8416.4 22.2
6706.3 8420.2 23.1
6678.1 8418.9 24.2
6668.3 8414.8 24.9
6546.2 8415.1 29.4
6512.2 8417.3 30.4
6496.1 8413.7 31.3
6472.0 8413.9 32.2
6449.9 8414.0 33.0
6399.1 8411.8 35.1
6320.4 8411.4 38.0
6307.8 8418.4 39.0
6258.7 8418.2 27.9
6244.4 8416.7 24.1
6181.1 8418.9 15.5
6153.5 8413.6 15.7
6144.3 8415.7 15.8
6120.9 8416.1 16.0
6113.9 8413.9 16.0
6091.2 8410.8 16.2
6049.9 8411.5 16.6
6016.8 8416.4 17.0
5948.8 8416.7 17.6
5856.1 8415.9 18.4
5805.6 8411.7 18.8
5765.9 8414.7 19.3
5691.7 8410.8 20.1
6922.2 8433.1 27.1
6887.7 8431.3 29.4
6858.0 8433.2 28.3
6755.2 8428.6 22.0
6726.1 8433.0 22.0
6679.9 8431.8 23.0
6631.9 8434.8 24.5
6619.5 8430.7 25.3
6599.6 8431.4 26.0
6558.6 8432.9 27.4
6510.7 8432.7 29.2
6440.8 8433.9 31.6
6348.0 8428.2 35.5
6287.8 8433.8 36.1
6229.8 8432.6 21.2
6216.8 8429.4 18.9
6167.8 8434.4 15.9
5975.7 8430.6 17.6
5946.3 8427.6 17.8
5934.5 8429.5 18.0
5884.2 8426.5 18.4
5844.5 8434.9 18.9
5829.1 8431.0 19.0
5812.2 8426.3 19.0
5768.3 8429.5 19.5
5688.7 8432.0 23.9
6948.9 8448.4 22.8
6901.3 8446.5 30.4
6888.3 8441.2 30.3
6840.4 8445.4 28.7
6828.0 8450.1 28.6
6771.7 8441.2 22.8
6713.7 8443.0 22.0
6576.3 8443.6 25.8
6562.9 8442.4 26.4
6548.3 8444.5 26.8
6455.4 8441.8 30.4
6350.5 8449.8 35.2
6305.9 8444.4 40.3
6278.9 8447.6 34.4
6245.3 8450.3 25.8
6234.0 8443.9 23.3
6032.8 8442.9 17.3
6003.7 8450.0 17.7
5940.2 8448.4 18.3
5882.4 8443.8 18.7
5794.6 8447.9 21.2
5734.9 8444.5 23.7
5714.6 8450.5 25.8
5693.7 8448.8 25.9
7007.5 8457.2 21.3
6937.0 8459.8 24.7
6830.8 8465.4 30.2
6817.0 8462.3 29.3
6782.5 8462.0 24.5
6591.8 8457.5 24.0
6563.9 8460.7 24.8
6496.4 8460.6 27.3
6486.9 8459.1 27.8
6450.3 8456.4 29.3
6336.7 8459.7 37.3
6272.3 8465.7 33.4
6165.0 8460.8 16.4
6156.6 8459.8 16.5
6127.5 8460.2 16.7
6081.4 8459.1 17.1
6051.7 8457.1 17.4
6034.8 8456.2 17.5
6023.2 8463.1 17.8
5947.9 8459.5 18.4
5874.4 8464.1 19.9
5839.5 8457.7 20.6
5821.6 8462.1 22.3
5806.6 8464.6 23.5
5796.7 8463.1 23.7
5702.6 8465.6 27.6
7021.4 8479.7 20.3
6983.1 8477.4 22.5
6953.3 8473.7 22.2
6937.0 8480.5 24.6
6856.5 8479.6 32.6
6828.4 8471.8 30.7
6690.5 8472.4 22.0
6677.5 8480.5 22.0
6621.2 8477.2 22.0
6602.6 8478.2 22.0
6529.3 8472.8 25.0
6454.3 8471.5 27.9
6412.0 8477.8 29.1
6344.8 8476.8 37.0
6332.0 8474.7 38.5
6255.7 8474.7 30.5
6226.0 8479.3 26.9
6184.1 8471.3 20.0
6017.9 8474.1 18.0
5961.1 8479.7 18.6
5944.9 8472.5 18.6
5851.0 8478.9 23.7
6900.2 8488.8 30.5
6797.2 8491.2 26.9
6771.8 8493.6 22.8
6630.6 8495.0 22.0
6621.8 8487.1 22.0
6608.5 8491.3 22.0
6531.0 8490.4 23.4
6514.6 8493.3 23.8
6504.4 8495.5 24.0
6452.8 8491.5 26.2
6438.3 8491.6 26.7
6392.4 8485.8 31.8
6346.6 8494.3 37.6
6334.3 8489.3 38.8
6319.4 8487.2 40.5
6286.1 8490.5 38.0
6143.9 8492.3 17.2
6119.6 8493.2 17.4
6094.6 8487.8 17.5
6078.5 8487.1 17.7
6065.6 8491.0 17.9
6035.4 8486.8 18.1
6000.7 8487.5 18.4
5958.3 8489.6 20.0
5914.4 8488.7 22.1
5889.5 8487.7 23.2
5849.9 8487.9 25.3
5843.6 8486.6 25.4
5821.6 8495.0 28.0
5761.3 8494.6 31.0
5750.4 8491.4 31.0
5715.3 8495.1 29.8
7007.5 8501.3 20.7
6996.4 8510.6 21.4
6963.2 8506.2 22.3
6934.9 8503.6 25.0
6784.2 8509.4 24.8
6754.9 8508.3 22.0
6620.5 8504.7 22.0
6349.1 8508.2 37.9
6330.3 8501.8 39.8
6278.6 8508.6 38.3
6264.3 8508.9 36.3
6245.6 8500.9 32.6
6228.6 8509.3 31.4
6213.7 8501.3 28.2
6188.1 8506.7 25.3
6150.5 8503.0 19.6
6126.5 8505.1 17.6
6112.1 8510.0 17.8
5999.8 8503.0 20.2
5887.4 8509.8 27.2
5822.8 8504.0 29.5
5736.8 8503.0 33.7
5721.5 8503.4 31.1
5708.5 8506.2 25.7
6991.8 8524.0 21.5
6965.2 8521.6 22.3
6949.2 8522.0 22.7
6933.2 8517.2 25.2
6905.3 8518.5 29.7
6842.0 8516.0 34.1
6815.3 8523.0 29.8
6754.8 8521.9 22.0
6742.5 8520.8 22.0
6662.5 8521.8 22.0
6578.2 8522.9 22.0
6560.9 8519.1 22.0
6547.9 8518.8 22.0
6531.6 8518.0 22.0
6499.1 8519.5 22.1
6411.6 8524.9 31.2
6392.5 8524.2 33.4
6363.2 8519.2 36.7
6278.4 8525.1 40.5
6119.6 8518.7 17.9
6092.9 8524.2 19.1
6067.0 8522.8 20.2
6017.2 8518.7 22.0
5989.2 8524.4 24.5
5915.3 8523.9 28.2
5895.2 8519.3 28.4
5867.5 8521.6 30.2
6974.9 8538.0 22.4
6948.4 8535.7 22.8
6846.6 8532.0 35.0
6800.0 8534.3 27.5
6785.2 8539.9 25.1
6759.0 8534.6 21.8
6713.9 8534.6 21.8
6678.1 8538.1 21.8
6666.0 8537.1 21.8
6649.7 8537.2 21.8
6623.6 8533.4 21.9
6570.4 8540.5 21.7
6512.3 8534.2 21.8
6496.8 8539.1 21.8
6443.2 8534.8 25.8
6368.9 8540.4 33.7
6347.3 8533.5 37.4
6173.2 8532.9 24.4
5870.2 8533.3 31.1
5809.1 8535.6 34.3
7025.5 8547.7 20.2
6947.7 8555.6 22.9
6891.7 8547.2 31.8
6712.1 8550.0 21.6
6698.3 8551.0 21.6
6572.0 8553.2 21.5
6562.5 8546.9 21.6
6442.4 8547.0 25.1
6381.2 8552.6 30.1
6320.1 8548.8 38.0
6303.7 8547.5 40.2
6232.1 8555.3 28.9
6214.8 8552.1 27.0
6201.8 8554.0 25.2
6121.2 8549.3 17.9
6080.5 8555.6 19.9
6068.9 8551.4 20.7
6035.9 8555.4 22.8
5978.5 8549.9 26.3
5945.5 8548.0 27.9
5866.9 8548.5 32.0
5763.2 8547.1 34.7
5751.2 8551.3 33.0
7040.4 8567.8 19.8
6997.4 8564.0 20.9
6933.8 8563.2 25.1
6888.9 8562.3 32.3
6828.0 8566.2 32.4
6770.6 8561.6 23.0
6752.6 8567.3 21.3
6630.1 8568.5 21.3
6585.5 8570.4 21.2
6561.8 8564.6 21.3
6486.6 8566.7 22.7
6471.3 8564.8 23.6
6406.1 8562.4 27.5
6376.4 8562.8 29.3
6331.5 8566.6 33.7
6271.1 8563.4 33.0
6198.9 8568.0 24.7
6152.8 8561.0 20.6
6038.4 8566.5 22.5
6018.6 8563.3 23.8
6002.0 8561.1 24.9
5955.4 8562.9 27.9
5916.8 8570.4 30.3
5896.3 8563.6 31.1
5768.7 8569.9 31.4
7052.1 8585.8 19.4
6964.6 8577.8 22.3
6949.0 8579.1 22.6
6937.5 8585.7 24.5
6832.5 8581.7 31.1
6751.7 8584.6 21.0
6728.6 8583.6 21.0
6645.2 8577.4 21.1
6573.3 8580.4 21.1
6548.8 8585.1 21.0
6530.2 8577.9 21.1
6515.8 8579.5 21.1
6503.9 8577.7 21.8
6468.2 8576.2 23.9
6440.8 8582.4 25.6
6427.9 8585.8 26.5
6351.2 8576.6 31.0
6293.9 8577.6 33.8
6254.6 8579.2 29.6
6219.6 8584.7 26.3
6167.5 8576.4 21.7
6095.7 8579.4 18.5
6054.0 8578.0 21.3
5991.1 8580.1 25.3
5933.1 8578.7 29.1
5912.3 8580.3 30.4
7009.7 8598.4 20.6
6930.9 8592.0 25.5
6756.6 8596.7 21.2
6690.7 8593.1 20.9
6621.4 8600.2 20.8
6593.1 8595.2 20.8
6578.3 8596.1 20.8
6560.2 8598.7 20.7
6525.0 8597.4 20.7
6489.3 8596.0 22.9
6473.8 8591.0 23.8
6456.7 8591.8 24.8
6442.1 8600.2 25.8
6394.5 8598.6 28.7
6381.9 8600.1 29.4
6319.1 8597.1 32.8
6260.7 8593.0 30.1
6240.4 8595.8 28.2
6217.3 8597.5 26.1
6188.6 8597.5 23.5
6165.5 8597.0 21.4
6136.4 8599.8 18.7
5955.6 8592.6 27.5
5919.1 8596.4 29.9
5881.6 8596.0 32.2
5840.4 8594.7 34.6
7058.0 8611.9 19.0
6982.8 8614.4 21.2
6964.3 8613.9 22.2
6860.0 8608.5 29.1
6786.3 8611.8 26.2
6744.3 8611.6 20.6
6696.8 8605.9 20.7
6648.0 8607.9 20.6
6576.3 8614.3 20.5
6547.3 8611.0 20.5
6515.2 8607.2 21.5
6488.7 8612.0 23.1
6436.3 8611.8 26.3
6383.4 8607.6 29.4
6337.5 8609.6 31.6
6320.6 8614.1 31.5
6302.1 8614.0 31.7
6292.3 8607.0 31.6
6232.7 8609.4 27.3
6020.3 8612.3 23.3
5957.6 8612.6 27.3
5928.6 8609.3 29.1
5888.1 8613.9 31.2
5851.5 8609.2 33.5
5825.7 8606.6 32.6
5781.7 8613.5 27.2
7011.2 8627.9 20.5
6954.3 8621.5 22.1
6904.8 8627.3 28.2
6863.0 8627.0 27.4
6742.5 8627.1 20.3
6633.2 8624.6 20.3
6620.9 8627.3 20.3
6562.6 8626.8 20.2
6526.3 8623.2 21.0
6512.0 8623.2 21.9
6473.8 8627.8 24.2
6397.5 8624.6 28.8
6379.2 8628.3 29.6
6321.1 8625.8 30.7
6285.4 8629.7 29.4
6249.3 8627.5 27.1
6202.7 8624.7 24.2
6165.7 8623.0 21.4
6091.5 8623.0 18.7
6065.6 8624.4 20.4
6049.9 8624.6 21.4
5945.9 8623.7 27.6
5864.9 8626.6 32.1
5828.1 8629.4 32.1
5792.1 8628.4 27.9
5782.8 8627.9 26.8
7059.5 8639.5 18.8
7004.7 8640.4 20.6
6977.6 8642.5 21.4
6908.4 8637.2 27.4
6750.1 8645.2 20.7
6738.1 8637.7 20.1
6720.3 8642.7 20.1
6661.9 8640.7 20.1
6574.4 8645.6 19.9
6526.3 8644.6 21.3
6495.7 8636.3 23.0
6451.4 8637.0 25.7
6442.5 8644.5 26.3
6421.1 8637.9 27.6
6375.2 8640.9 28.7
6322.5 8636.6 29.9
6213.9 8637.1 24.0
6157.7 8636.9 20.2
6105.3 8644.9 17.6
6075.8 8645.5 19.2
6053.5 8638.7 20.9
6015.6 8642.9 22.9
5958.8 8643.1 26.2
5946.7 8643.1 26.9
7040.1 8654.6 19.1
7014.2 8656.3 20.0
6998.0 8656.9 20.7
6960.6 8651.8 22.1
6923.5 8655.6 25.9
6871.6 8655.0 25.0
6858.9 8651.9 25.0
6828.8 8655.2 24.1
6817.6 8652.8 24.1
6725.8 8656.1 19.8
6637.1 8656.2 19.8
6618.8 8660.7 19.7
6593.0 8652.4 19.8
6529.0 8655.6 21.2
6485.3 8660.1 23.9
6450.8 8650.8 25.9
6379.8 8655.4 27.6
6336.4 8653.0 28.5
6307.9 8657.9 28.5
6254.9 8655.0 25.5
6219.5 8660.2 22.7
6203.3 8660.0 21.6
6185.0 8650.9 21.0
6167.4 8656.3 19.4
6098.4 8658.3 17.1
6081.4 8653.7 18.1
5964.1 8652.2 25.0
5931.6 8652.2 26.9
5851.4 8655.6 31.2
5823.4 8651.7 30.7
5810.3 8657.9 28.9
6990.2 8667.3 20.9
6974.7 8675.2 21.4
6950.0 8667.7 22.4
6845.0 8672.8 22.8
6766.7 8669.1 21.6
6722.5 8666.2 19.7
6684.5 8667.3 19.6
6516.7 8668.0 22.1
6374.9 8669.6 26.6
6359.7 8675.0 26.5
6324.3 8673.9 27.1
6287.6 8675.3 26.3
6275.9 8669.9 25.9
6260.6 8667.2 25.0
6232.9 8671.7 22.8
6216.7 8672.5 21.6
6173.2 8672.5 18.6
6031.3 8668.6 19.6
5994.0 8667.8 21.8
5961.4 8675.7 23.0
5881.5 8674.8 27.6
5839.3 8671.7 30.4
6976.7 8681.0 21.3
6950.3 8687.5 22.3
6918.9 8689.4 22.6
6899.8 8689.7 22.2
6885.9 8689.3 22.0
6869.6 8683.0 22.3
6854.8 8681.7 22.1
6827.2 8687.5 21.0
6723.7 8681.7 19.4
6617.0 8687.3 19.2
6587.7 8685.1 19.2
6529.1 8687.4 21.6
6517.2 8684.9 22.3
6489.3 8687.5 23.5
6466.8 8684.7 24.1
6348.9 8685.9 25.8
6291.3 8690.7 25.4
6255.7 8686.8 23.2
6065.8 8689.1 16.9
6035.9 8689.9 17.9
6024.3 8681.0 18.8
5993.3 8690.1 19.7
5961.3 8688.6 21.7
5895.1 8686.7 25.7
5855.2 8686.1 28.1
5825.3 8683.9 29.7
5778.5 8680.8 24.2
6879.4 8702.1 21.0
6832.6 8700.8 20.4
6811.7 8703.9 20.0
6800.3 8702.3 19.9
6772.2 8700.3 19.5
6756.7 8703.1 19.3
6721.8 8700.7 19.1
6615.5 8702.6 18.9
6589.6 8701.2 18.9
6498.0 8698.6 22.6
6482.9 8705.5 22.3
6452.9 8700.9 23.1
6436.7 8700.9 23.4
6405.3 8702.4 23.7
6376.0 8702.1 24.2
6359.8 8697.9 24.8
6352.2 8701.0 24.7
6261.7 8704.8 22.3
6226.5 8699.9 20.3
6149.6 8703.1 14.4
6129.3 8696.1 14.4
6106.6 8698.8 15.1
6079.3 8701.7 15.9
6037.6 8696.3 17.6
6007.6 8701.8 18.3
5941.1 8704.9 21.3
5898.3 8699.2 24.3
5858.2 8696.4 26.9
6697.2 8711.6 18.9
6646.3 8713.8 18.8
6574.8 8715.0 19.2
6467.9 8719.2 21.5
6455.3 8714.5 22.1
6442.9 8719.5 21.9
6410.3 8712.5 22.9
6353.0 8715.2 23.6
6322.2 8715.0 24.1
6258.6 8720.0 21.0
6244.6 8715.1 20.4
6196.4 8718.0 16.6
6167.8 8712.0 15.0
6152.8 8715.2 13.6
6112.3 8713.6 14.3
6094.3 8720.0 14.6
6051.7 8711.7 16.4
5917.1 8713.2 21.9
6830.1 8733.7 19.7
6768.9 8729.4 18.9
6691.2 8733.2 18.5
6666.8 8726.3 18.6
6638.3 8727.6 18.5
6604.0 8731.0 18.4
6540.8 8732.2 19.4
6483.1 8726.3 20.8
6441.8 8733.7 20.9
6350.3 8728.2 22.7
6302.9 8734.1 23.0
6262.1 8728.9 20.6
6121.9 8727.5 13.4
6113.8 8732.6 13.4
6098.4 8729.7 14.1
6080.4 8729.9 14.7
5987.2 8735.7 17.6
5930.3 8732.3 19.7
6770.8 8748.4 18.6
6750.2 8746.2 18.5
6677.1 8746.0 18.3
6662.3 8741.2 18.4
6617.9 8750.3 18.1
6601.7 8743.8 18.2
6590.3 8742.5 18.2
6548.6 8744.9 18.7
6394.8 8744.9 20.8
6380.8 8744.7 21.0
6364.5 8744.7 21.3
6291.8 8740.8 21.8
6242.3 8743.1 18.0
6188.1 8748.3 13.4
6168.6 8750.7 11.8
6123.6 8744.6 12.6
6053.6 8742.2 15.1
5898.1 8750.2 20.1
5882.8 8745.6 20.8
5854.4 8749.1 22.1
5810.1 8746.6 24.9
6744.1 8757.5 18.3
6729.4 8762.2 18.2
6691.6 8759.3 18.2
6630.4 8757.7 18.0
6619.9 8758.2 18.0
6603.8 8759.1 17.9
6587.7 8756.2 18.0
6572.8 8758.2 18.1
6541.8 8759.5 18.4
6482.8 8764.5 19.0
6466.3 8761.3 19.2
6442.4 8765.8 19.4
6380.2 8759.2 20.2
6352.7 8762.8 20.4
6316.1 8762.1 20.9
6301.3 8764.1 20.7
6285.5 8764.8 19.4
6262.7 8757.6 18.3
6244.2 8757.0 16.9
6157.2 8758.3 10.9
6078.6 8763.8 13.3
6048.4 8763.5 14.4
5978.2 8761.2 16.9
5942.1 8761.4 18.1
5868.1 8757.7 20.8
5855.6 8756.7 21.3
5823.4 8757.9 23.1
6526.0 8772.6 18.4
6498.1 8771.5 18.7
6442.8 8776.7 19.2
6377.9 8775.1 19.9
6361.8 8776.8 20.1
6274.2 8777.0 17.5
6264.4 8776.9 16.8
6213.0 8772.1 13.3
6200.8 8773.7 12.3
6064.8 8773.4 13.4
6035.2 8776.1 14.3
6001.8 8775.9 15.5
5940.1 8772.5 17.7
5931.1 8776.3 17.9
5881.0 8771.0 19.8
5850.5 8776.4 20.6
6697.0 8793.8 17.5
6675.1 8792.9 17.5
6632.3 8790.0 17.4
6560.7 8792.6 17.6
6517.5 8792.6 18.1
6480.7 8789.5 18.5
6471.3 8791.5 18.6
6456.8 8795.7 18.7
6441.2 8785.9 19.0
6405.1 8791.5 19.3
6345.6 8794.8 18.5
6334.9 8790.1 18.7
6315.6 8791.7 17.9
6300.0 8787.0 17.9
6284.8 8789.1 17.2
6227.1 8790.7 12.8
6216.6 8794.5 11.7
6200.5 8786.5 11.2
6186.7 8791.0 9.7
6150.9 8794.4 9.6
6076.9 8786.6 12.5
6064.1 8787.2 12.9
6022.5 8791.9 14.1
6004.5 8792.2 14.7
5974.7 8794.8 15.6
5915.4 8789.7 17.8
6649.9 8805.6 17.2
6558.1 8808.4 17.3
6486.8 8806.5 18.1
6422.1 8802.3 18.9
6409.3 8804.2 19.0
6393.0 8804.1 18.9
6309.3 8805.1 16.1
6271.0 8808.4 14.5
6233.8 8806.5 12.0
6166.3 8807.4 8.5
6123.7 8805.8 10.1
6006.8 8808.7 13.9
5926.9 8805.9 16.8
5870.5 8808.1 19.3
5839.1 8809.1 21.2
5795.9 8807.9 22.1
6662.8 8823.2 16.9
6649.5 8818.0 17.0
6619.2 8825.7 16.8
6601.0 8822.8 16.8
6574.8 8824.4 16.8
6421.8 8825.5 17.3
6212.5 8821.0 9.1
6179.9 8825.0 7.4
6110.8 8824.4 9.7
6036.5 8821.7 12.4
6019.1 8821.5 13.0
6009.0 8816.2 13.5
5962.7 8824.4 14.9
5918.0 8818.9 17.2
5882.1 8821.5 19.5
5853.7 8816.3 20.9
5839.4 8817.5 21.8
5804.7 8818.7 22.9
6573.1 8834.8 16.6
6534.3 8840.3 16.9
6474.5 8831.6 17.7
6396.1 8840.3 14.7
6243.4 8836.4 10.2
6232.7 8833.3 9.6
6141.3 8838.9 8.1
6121.5 8839.6 8.7
6090.1 8839.9 9.8
6064.0 8831.2 11.0
6039.4 8832.6 11.8
6015.7 8839.3 12.8
5984.8 8834.8 14.3
5973.8 8831.2 14.7
5915.2 8835.8 18.5
5904.2 8833.4 19.0
5881.2 8834.1 20.4
5780.3 8834.6 20.4
5763.3 8840.5 19.1
6559.2 8855.2 16.3
6532.9 8851.0 16.7
6488.0 8851.1 16.4
6440.3 8850.9 14.9
6421.3 8852.6 14.1
6346.6 8848.6 12.2
6318.8 8853.1 10.7
6308.1 8850.5 10.7
6227.5 8852.6 7.6
6143.7 8855.4 7.3
6109.3 8848.7 8.8
6080.1 8847.3 9.8
6063.1 8854.2 11.0
6050.3 8852.0 11.6
5991.0 8846.5 14.7
5881.5 8845.9 21.2
5844.0 8854.0 24.0
5813.7 8854.2 23.6
5793.0 8851.5 21.6
5764.3 8847.2 19.0
6560.4 8864.6 16.1
6469.0 8860.8 14.7
6454.8 8861.0 14.2
6405.2 8867.8 11.8
6257.8 8864.2 7.4
6153.9 8864.1 6.6
6099.2 8866.6 9.7
6046.6 8863.4 12.6
6016.9 8863.0 14.3
5962.8 8868.8 17.9
5904.0 8869.4 21.5
5865.9 8863.2 23.3
6563.6 8882.1 15.5
6543.7 8880.7 14.8
6527.6 8883.8 14.3
6516.1 8877.0 14.3
6456.7 8880.8 12.0
6443.3 8879.8 11.6
6320.2 8883.4 7.6
6182.8 8878.9 5.6
6151.6 8876.9 7.3
6121.9 8882.4 9.3
6110.6 8880.0 9.9
6079.7 8883.7 11.8
6047.5 8883.7 13.7
5947.3 8885.5 19.7
5823.2 8877.4 24.4
5810.5 8878.1 23.1
6572.9 8897.7 15.6
6563.7 8897.7 15.6
6379.4 8898.0 9.8
6360.6 8896.2 9.2
6352.0 8900.2 9.0
6304.3 8893.4 7.3
6263.5 8899.8 6.2
6219.6 8890.9 4.6
6184.9 8900.0 6.0
6155.4 8890.9 7.4
6109.9 8893.2 10.1
6022.7 8897.1 15.4
5840.7 8897.5 25.1
6561.5 8913.1 15.6
6548.1 8913.4 15.6
6469.7 8911.6 13.0
6437.0 8909.2 11.9
6394.7 8906.6 10.5
6261.3 8909.6 6.5
6241.5 8908.3 5.9
6228.7 8912.1 5.6
6139.9 8909.8 8.6
6111.8 8905.9 10.2
6077.4 8912.3 12.3
6047.9 8912.5 14.1
6009.1 8913.4 16.4
5957.3 8913.3 19.5
5925.6 8915.6 21.4
5904.6 8906.9 22.5
5868.7 8914.4 24.7
5852.3 8915.6 24.5
6441.7 8929.9 12.6
6391.7 8923.2 10.9
6286.1 8921.1 7.6
6269.8 8926.4 7.3
6264.5 8927.6 7.2
6188.2 8924.0 6.6
6110.7 8921.1 10.4
6090.7 8923.3 11.7
6038.4 8923.2 14.8
6001.7 8928.8 17.0
5959.3 8929.8 19.5
5903.3 8923.8 22.8
5839.3 8925.0 23.7
5829.3 8926.2 23.3
6379.8 8939.8 11.1
6362.2 8939.2 10.5
6352.6 8943.8 10.4
6307.2 8937.2 8.8
6264.1 8935.9 7.5
6139.6 8941.1 9.6
6064.6 8941.4 13.4
6047.9 8945.5 14.5
5932.3 8937.0 21.2
5883.8 8944.1 23.7
5868.7 8943.3 23.4
6398.2 8957.7 12.5
6346.8 8953.0 10.7
6288.3 8960.0 9.3
6202.7 8958.3 7.5
6119.9 8955.0 11.1
6052.4 8958.8 14.6
6006.5 8955.3 17.1
5942.0 8958.4 20.9
5899.8 8955.6 23.4
5887.1 8960.6 23.0
5851.9 8952.4 22.6
6496.0 8969.0 15.9
6452.6 8972.1 14.8
6226.9 8975.2 9.0
6171.1 8975.5 9.8
6137.7 8968.0 10.9
6092.4 8966.5 12.9
6030.1 8969.4 16.1
6016.6 8969.7 16.8
5964.4 8969.9 19.8
5945.5 8967.0 20.8
5927.9 8966.5 21.9
5886.4 8970.1 22.5
6465.0 8986.8 15.8
6367.5 8986.9 12.9
6248.9 8985.3 9.9
6218.7 8989.7 10.1
6107.1 8983.3 13.2
6082.5 8987.3 14.5
6069.2 8980.9 14.8
6036.3 8984.2 16.4
6019.9 8983.2 17.1
5992.6 8981.0 18.4
6420.5 9000.9 15.2
6361.1 9003.8 13.5
6231.3 8999.9 11.0
6181.0 9003.9 11.1
6113.1 9002.7 13.9
6083.9 8997.7 15.0
6068.8 8998.1 15.7
6004.2 8996.9 18.6
6426.6 9014.8 16.0
6345.2 9014.3 13.5
6336.1 9016.3 13.4
6323.7 9014.7 12.9
6299.6 9011.6 12.3
6247.3 9012.4 12.1
6216.8 9011.0 11.8
6121.4 9017.1 14.4
6046.5 9013.2 17.6
6009.5 9018.8 19.6
5958.0 9019.4 21.5
5926.5 9016.7 21.0
6412.7 9031.4 16.4
6395.6 9033.3 15.9
6363.6 9031.1 14.9
6333.3 9032.4 14.2
6287.4 9028.1 13.6
6224.7 9033.0 13.7
6200.9 9035.4 13.8
6171.3 9032.3 13.3
6122.9 9025.9 14.8
6113.5 9033.7 15.6
6091.4 9026.3 16.2
6049.0 9030.4 18.4
6032.1 9035.5 19.5
5994.6 9034.3 21.1
6409.3 9048.6 17.1
6390.3 9041.3 16.2
6330.0 9050.3 15.6
6272.3 9044.8 14.9
6201.4 9042.5 14.3
6157.3 9045.5 14.4
6123.6 9046.5 15.9
6060.0 9041.5 18.5
6050.1 9043.3 19.1
5957.5 9040.9 20.4
6378.4 9063.6 16.9
6362.8 9060.5 16.6
6294.4 9056.4 15.9
6189.3 9059.1 15.6
5984.9 9062.3 19.9
6383.5 9078.8 18.2
6353.4 9072.5 17.5
6285.4 9071.4 17.1
6182.4 9076.7 17.0
6155.7 9075.7 16.8
6093.2 9076.8 18.9
6064.9 9076.7 20.2
6030.2 9077.7 20.1
6022.4 9079.3 19.8
6316.4 9087.2 18.5
6308.0 9088.9 18.6
6261.7 9093.9 18.8
6184.8 9088.2 18.0
6122.5 9091.6 18.4
6068.1 9094.9 20.0
5985.2 9088.4 18.5
6331.8 9102.6 19.3
6275.1 9106.1 19.5
6134.8 9110.4 19.5
6105.6 9106.3 20.0
6078.8 9104.4 19.8
6054.4 9105.7 19.2
6018.1 9109.0 18.3
6005.2 9110.3 18.0
6339.1 9125.0 19.4
6302.2 9120.7 19.5
6182.5 9122.1 19.8
6093.3 9119.4 19.5
6345.4 9140.1 19.4
6286.5 9139.3 19.6
6154.8 9140.4 19.6
6096.9 9132.6 19.4
6318.7 9149.6 19.6
6300.0 9148.9 19.6
6261.5 9151.0 19.7
6226.2 9155.7 19.7
6219.2 9150.3 19.8
6153.4 9147.5 19.4
6122.2 9146.7 19.2
6113.0 9147.9 19.1
6079.3 9155.2 18.7
6065.1 9147.1 18.8
6285.9 9165.8 19.7
6188.8 9168.5 19.1
6126.8 9162.9 18.8
6110.0 9164.0 18.6
6304.5 9182.9 19.6
6291.7 9176.2 19.7
6277.9 9181.4 19.4
6197.8 9181.6 18.7
6138.8 9176.9 18.5
6240.8 9192.7 18.8
6225.0 9192.7 18.6
6239.9 9206.9 18.3
6225.3 9215.7 18.0
6215.1 9212.3 18.0
6890.5 4014.9 18.2
6913.5 4042.3 19.0
6908.1 4037.0 18.8
6870.7 4037.1 18.5
6840.1 4041.4 18.6
6813.1 4042.2 18.6
6796.2 4046.2 18.6
6771.6 4042.8 18.6
6856.5 4059.9 18.8
6738.2 4057.1 19.2
6892.0 4067.5 19.0
6869.2 4073.6 19.0
6843.8 4070.7 19.0
6793.3 4067.3 18.9
6780.5 4075.2 19.0
6839.8 4085.5 19.2
6812.2 4089.6 19.2
6854.4 4104.0 19.5
6768.8 4099.0 20.1
6953.1 4118.2 21.2
6889.5 4118.4 19.7
6873.5 4118.7 19.7
6814.4 4118.5 19.7
6781.0 4115.0 20.3
6943.5 4128.9 20.9
6932.9 4131.3 20.5
6887.7 4132.2 19.9
6809.1 4131.7 20.0
6787.4 4133.7 20.7
6889.2 4148.5 20.1
6936.7 4160.8 20.9
6876.2 4161.4 20.3
6946.6 4172.9 21.4
6928.8 4181.4 20.7
6874.3 4175.5 20.5
6856.2 4174.0 20.5
6948.8 4187.2 21.5
6934.1 4194.4 21.0
6902.7 4194.7 20.8
6856.3 4209.9 21.3
6840.5 4207.4 21.7
6813.2 4205.2 22.4
6988.5 4222.0 22.0
6962.2 4220.5 21.9
6997.2 4233.8 22.0
6875.3 4236.2 21.7
6847.6 4237.8 22.5
7009.2 4255.1 22.0
6961.1 4254.1 22.2
6944.2 4253.3 21.9
6920.1 4250.0 21.6
7019.7 4270.1 21.7
6979.4 4267.6 22.3
6962.3 4270.0 22.3
6929.1 4263.1 21.8
6904.7 4262.3 21.7
6813.4 4266.9 24.6
7034.2 4285.5 21.4
7018.3 4285.4 21.7
6992.2 4284.0 22.2
6960.1 4279.2 22.4
6860.6 4284.7 23.8
6828.4 4285.2 24.8
6799.6 4281.7 25.3
6997.9 4293.3 22.1
6937.5 4295.7 22.2
6847.4 4292.6 24.5
6811.1 4300.6 25.7
6908.0 4308.0 23.2
6847.7 4315.6 25.2
6935.5 4330.4 23.1
6856.4 4322.1 25.2
6839.1 4325.3 25.8
6888.8 4346.9 25.1
6828.7 4342.3 26.7
6878.2 4356.0 25.5
-4134.2 -8362.8 26.6
-4147.3 -8347.7 26.8
-4162.5 -8332.1 27.0
-4151.8 -8291.2 27.0
-4100.3 -8265.2 26.8
-4105.3 -8245.8 26.8
-4121.0 -8242.9 26.8
-4167.9 -8243.3 27.3
-4165.4 -8231.1 27.3
2205.6 -8937.7 31.0
2218.6 -8923.6 30.9
2268.7 -8903.6 31.5
2253.8 -8895.6 30.9
2211.7 -8872.2 28.8
2263.4 -8857.8 29.1
-4673.5 8242.3 34.1
-409.3 -6797.3 24.9
-406.5 -6778.0 24.9
-4846.9 1280.8 52.4
-4861.1 1278.8 52.5
-4842.7 1291.1 52.4
29.5 -3938.9 26.3
5.6 -3931.8 26.7
2.3 -3923.9 26.8
-15.1 -3919.0 27.1
-28.9 -3916.6 27.2
-38.4 -3919.1 27.3
0.0 -3905.7 27.0
5916.0 6724.7 21.1
5902.4 6722.4 21.3
3341.7 -2965.8 23.5
3389.0 -2948.9 23.7
3324.9 -2953.6 23.5
3388.4 -2935.0 23.7
3340.2 -2935.5 23.5
3340.2 -2916.0 23.4
3331.2 -2921.7 23.4
3279.5 -2921.9 23.3
3387.4 -2900.9 23.5
3371.0 -2901.6 23.4
3293.6 -2903.3 23.4
3280.0 -2906.1 23.4
3264.8 -2907.2 23.4
3251.9 -2901.0 23.4
3344.4 -2889.4 23.4
3330.8 -2888.2 23.4
3310.3 -2892.2 23.4
3268.6 -2886.9 23.4
3328.8 -2874.9 23.5
3299.9 -2876.9 23.4
3286.6 -2875.8 23.5
3273.1 -2877.0 23.4
3239.3 -2870.8 23.5
3309.3 -2855.1 23.5
3285.7 -2858.4 23.5
3220.2 -2858.9 23.5
3296.7 -2825.5 23.6
3284.3 -2827.8 23.6
3238.7 -2826.0 23.6
3242.3 -2810.0 23.6
3241.1 -2796.6 23.5
3250.5 -2784.6 23.4
3240.8 -2781.6 23.3
6485.2 -3129.4 28.0
6513.7 -3090.8 27.5
6456.3 -3094.4 28.2
6517.1 -3079.9 27.4
6496.0 -3084.3 27.5
6479.5 -3067.4 27.7
6426.6 -3068.1 28.5
6498.0 -3053.2 27.3
6438.4 -3049.7 28.0
6513.7 -3030.6 27.0
6439.8 -3038.3 27.8
6501.6 -3023.0 26.9
6449.9 -3015.1 27.3
6441.1 -3017.5 27.4
6412.6 -3018.1 27.6
6380.7 -3021.1 28.0
6481.5 -2999.9 26.8
6453.3 -3000.2 27.1
6439.0 -3001.8 27.3
6405.5 -3003.4 27.6
6382.8 -3003.7 27.8
6425.7 -2987.7 27.2
6471.5 -2977.8 26.6
6420.8 -2972.6 27.1
6408.8 -2970.1 27.2
6359.2 -2972.8 27.7
6438.8 -2956.8 26.7
6405.1 -2955.7 27.0
6395.1 -2959.0 27.2
6408.7 -2945.4 26.8
6347.0 -2946.5 27.5
6454.8 -2928.3 26.1
6406.6 -2930.5 26.7
6449.1 -2918.8 26.1
6939.5 -2784.4 25.1
6862.4 -2779.4 25.5
6989.5 -2765.7 25.4
6925.7 -2766.1 25.2
6999.6 -2754.5 25.6
6968.7 -2753.8 25.2
6981.0 -2734.5 25.3
6914.6 -2735.3 25.3
6834.0 -2719.6 25.5
6982.3 -2704.5 25.4
6970.2 -2704.3 25.2
6906.0 -2705.8 25.3
6922.6 -2695.2 25.2
6913.9 -2692.7 25.2
6898.5 -2691.5 25.3
6930.4 -2678.1 25.2
6853.5 -2676.3 25.4
6820.9 -2683.4 25.5
6866.3 -2661.0 25.4
6848.9 -2651.1 25.4
6910.8 -2635.6 25.2
6882.7 -2635.9 25.3
6884.6 -2621.7 25.3
6880.2 -2608.5 25.2
6835.8 -2598.6 25.0
6822.4 -2592.5 25.0
6869.5 -2569.5 24.9
6879.4 -2558.3 24.9
3581.1 -2443.0 25.3
-3049.6 8758.6 30.4
-3063.7 8765.4 30.3
-3040.7 8776.8 30.6
-3084.2 8788.1 30.2
-3039.3 8806.2 30.7
-3083.4 8804.2 30.2
-3008.2 8840.2 30.4
-3018.4 8853.6 30.2
-3040.9 8855.0 30.1
-2993.5 8885.3 29.9
-2981.8 8927.6 29.3
-2973.5 8940.6 29.0
7024.0 -1734.3 23.3
7016.7 -1731.9 23.4
6919.9 -1713.5 26.0
6902.2 -1719.4 27.1
7053.3 -1701.5 23.1
7039.0 -1706.0 23.2
7029.2 -1706.1 23.3
6902.4 -1699.9 27.1
7029.2 -1683.3 23.3
6980.4 -1687.9 23.6
6905.1 -1685.2 27.0
7057.0 -1670.9 23.2
7024.2 -1671.9 23.3
6953.5 -1675.5 23.8
6911.2 -1676.2 26.6
7039.9 -1654.2 23.2
7028.4 -1656.3 23.3
6947.8 -1655.4 24.1
7056.9 -1642.6 23.2
7037.4 -1638.8 23.3
7022.4 -1645.5 23.4
6981.8 -1646.3 23.6
6948.8 -1638.7 24.1
7089.8 -1623.5 23.2
7037.1 -1630.1 23.3
7026.9 -1622.5 23.3
6983.6 -1625.1 23.6
6965.2 -1623.6 23.8
7100.1 -1586.0 23.3
7042.3 -1577.5 23.4
6996.7 -1586.7 23.6
6981.3 -1578.5 23.7
7041.9 -1572.0 23.4
7056.8 -1549.4 23.4
7022.1 -1556.4 23.4
7118.8 -1540.2 23.4
7011.3 -1540.5 23.5
7127.2 -1520.2 23.4
7121.6 -1519.8 23.4
7091.8 -1520.7 23.4
7057.0 -1521.3 23.5
7039.1 -1517.6 23.5
7142.5 -1509.5 23.4
7056.9 -1502.7 23.5
7127.3 -1494.9 23.5
7056.0 -1492.5 23.5
7061.7 -1477.7 23.6
7030.0 -1477.9 23.6
7013.1 -1478.9 23.6
7120.6 -1467.2 23.4
7144.3 -1449.3 23.1
7074.2 -1451.6 23.6
7057.6 -1449.3 23.6
7041.6 -1443.7 23.6
7115.5 -1434.1 23.2
7053.2 -1434.3 23.7
7041.1 -1432.4 23.7
7058.3 -1415.7 23.7
7082.6 -1403.9 23.4
7074.0 -1400.4 23.4
7085.0 -1389.4 23.3
7073.4 -1385.3 23.4
7099.3 -1370.4 23.0
7115.7 -1360.6 22.9
7070.5 -1360.2 23.3
7085.1 -1324.8 22.9
7117.3 -1312.3 22.6
7118.5 -1302.4 22.5
7106.5 -1299.4 22.6
7119.9 -1281.4 22.4
7115.7 -1267.4 22.4
7133.2 -1249.1 22.1
7117.6 -1255.7 22.3
-3880.1 -8349.4 28.7
-3907.1 -8347.6 28.7
-3822.4 -8338.1 28.8
-3879.9 -8335.9 28.7
-3898.7 -8338.7 28.7
-3939.2 -8333.0 28.7
-3804.8 -8321.3 28.8
-3839.9 -8316.3 28.7
-3849.1 -8320.5 28.7
-3923.9 -8324.0 28.6
-3966.8 -8316.0 29.1
-3965.4 -8308.0 29.0
-3823.7 -8292.7 28.7
-3971.2 -8290.1 28.9
-3845.6 -8277.0 28.7
6152.8 5673.7 17.8
6170.9 5684.6 18.0
6162.3 5697.1 17.9
6169.0 5718.3 17.7
6184.1 5747.7 18.5
6177.1 5765.3 18.7
6185.6 5791.3 19.4
6205.4 5823.5 19.9
6304.2 5838.6 19.4
6279.4 5839.6 19.2
6264.5 5839.3 19.3
6197.9 5832.6 19.6
6172.8 5840.4 19.0
6319.9 5847.1 19.5
6290.7 5856.2 19.1
6232.6 5854.3 19.3
6155.5 5850.2 18.4
6311.5 5866.5 19.2
6237.2 5865.0 19.1
6261.7 5883.6 18.8
6198.3 5883.7 18.0
6258.5 5896.6 18.3
6215.9 5896.0 17.9
6191.2 5896.3 17.6
6306.0 5915.1 18.5
6228.7 5914.4 17.4
6304.7 5923.4 18.4
6244.0 5929.1 17.2
6231.7 5930.1 17.0
6205.1 5929.2 16.7
6175.3 5928.7 16.3
6143.8 5926.2 16.7
6175.1 5946.6 16.4
6147.6 5939.5 16.7
6294.5 5958.1 17.8
6279.8 5954.2 17.5
6220.6 5967.7 16.7
6290.2 5985.9 17.8
6251.0 5987.9 17.2
6177.4 5986.8 16.5
6233.2 5997.7 17.0
6214.0 6005.4 16.7
6204.8 5998.7 16.4
6157.7 6004.8 16.8
6138.7 5998.1 17.1
6162.7 6019.1 16.7
6145.8 6021.3 17.0
6265.6 6035.6 17.6
6188.3 6028.8 16.3
6146.9 6035.8 17.0
6303.2 6043.6 18.2
6293.9 6043.6 18.1
6247.7 6045.9 17.3
6200.4 6049.9 16.1
6267.4 6058.6 17.7
6201.4 6060.3 16.1
6169.9 6057.1 16.6
6325.2 6072.0 18.6
6233.4 6077.0 17.2
6294.5 6089.3 18.2
6273.8 6087.8 17.9
6205.9 6088.3 16.2
6175.4 6092.4 16.5
6130.9 6087.6 17.3
6173.0 6110.5 16.6
6307.1 6125.5 18.5
6288.3 6122.5 18.2
6250.2 6124.8 17.6
6219.7 6123.0 16.6
6171.2 6122.4 16.6
6247.1 6133.2 17.5
6237.4 6132.9 17.2
6153.3 6136.8 16.9
6138.9 6132.3 17.2
6237.2 6154.2 17.1
6216.3 6153.3 16.4
6228.8 6164.5 16.8
6159.7 6169.9 16.9
6247.3 6183.0 17.4
6190.3 6178.5 16.3
6169.5 6185.6 16.7
6153.4 6185.9 17.1
6188.8 6196.1 16.4
6173.6 6197.2 16.7
6158.2 6193.9 17.0
6257.9 6209.6 17.7
6202.5 6213.2 16.2
6174.0 6214.6 16.9
6141.5 6207.7 17.7
6214.0 6228.1 17.1
6169.2 6225.5 17.3
6277.2 6245.1 18.6
6252.5 6246.9 18.8
6172.4 6244.4 18.3
6144.7 6246.3 18.3
6126.4 6246.8 18.8
6280.4 6258.2 18.6
6214.8 6259.9 19.2
6173.9 6258.2 19.5
6129.3 6256.3 19.0
6278.6 6268.8 18.6
6217.2 6271.7 19.1
6199.9 6272.3 19.3
6190.5 6272.0 19.4
6158.9 6267.5 19.8
6129.8 6273.1 20.1
6320.2 6288.1 18.7
6293.3 6289.5 18.7
6273.5 6283.6 18.7
6155.7 6283.6 19.7
6306.8 6300.2 18.8
6288.0 6299.7 18.7
6230.1 6301.8 18.8
6124.3 6303.3 20.0
6219.6 6317.3 18.8
6205.5 6320.1 18.9
6162.5 6316.3 19.5
6228.7 6330.9 18.7
6204.6 6348.3 18.8
6158.1 6348.3 19.3
6132.4 6347.8 19.6
6215.3 6366.3 18.8
6199.9 6361.1 18.8
6186.2 6357.4 18.9
6169.3 6364.7 19.1
6156.4 6362.8 19.2
6219.4 6378.6 18.8
6155.6 6375.4 19.2
6143.6 6374.8 19.3
6129.6 6376.6 19.5
6183.9 6389.0 18.8
6146.9 6404.9 19.1
6387.1 6166.3 19.3
6330.7 6161.8 19.0
6360.5 6180.2 19.1
6369.8 6200.7 19.1
6375.9 6215.1 19.2
6378.5 6227.0 19.1
6384.4 6239.9 19.0
6371.7 6240.3 19.0
6346.8 6236.0 18.9
6180.6 1939.9 17.1
6194.0 1983.8 16.9
6111.3 2003.3 16.4
6081.5 2003.2 16.4
6064.9 2004.3 16.4
6153.6 2015.5 16.4
6104.4 2015.9 16.5
6200.3 2035.5 16.6
6180.1 2026.9 16.5
6171.6 2034.0 16.5
6107.0 2034.0 16.5
6061.5 2032.7 16.6
6030.8 2035.3 16.6
6134.4 2045.3 16.6
6108.1 2047.0 16.6
6062.6 2046.8 16.7
6201.9 2060.6 16.6
6137.5 2064.0 16.7
6080.8 2062.2 16.7
6030.5 2060.1 16.8
6148.8 2071.9 16.7
6104.4 2076.9 16.8
6050.0 2080.2 16.9
6119.0 2090.0 16.8
6096.0 2087.3 16.8
6081.3 2093.2 16.9
6022.1 2092.3 16.9
6193.8 2103.2 16.8
6163.7 2110.5 16.9
6137.0 2109.8 16.9
6082.0 2109.5 17.0
6060.4 2109.2 17.0
6032.2 2108.1 17.0
6213.7 2123.5 16.5
6200.5 2121.6 16.6
6181.6 2124.9 16.7
6093.3 2122.4 17.0
6082.0 2120.6 17.0
6060.7 2117.0 17.0
6031.0 2117.9 17.1
6213.4 2136.8 16.6
6177.9 2135.1 16.6
6092.5 2134.3 17.0
6228.3 2147.6 16.8
6072.5 2149.1 17.0
6062.4 2152.2 17.0
6051.9 2152.8 17.1
6184.2 2164.8 16.4
6163.4 2168.4 16.4
6093.5 2168.4 16.7
6077.7 2166.7 16.8
6066.7 2161.1 16.9
6196.1 2182.7 16.6
6178.9 2178.5 16.4
6166.6 2178.0 16.3
6154.6 2181.2 16.4
6229.8 2196.1 16.9
6211.1 2192.4 16.7
6187.0 2196.5 16.5
6163.8 2196.7 16.3
6092.9 2193.8 16.5
6060.5 2191.0 16.7
6046.8 2192.0 16.8
