6655.6 -7395.4 108.1
6628.2 -7391.4 107.4
6619.2 -7415.8 107.4
6661.0 -7425.0 108.6
-6838.4 -6865.9 108.2
-6835.5 -6880.6 108.1
-6832.5 -6895.3 108.2
-6829.5 -6910.0 107.5
-6826.6 -6924.7 106.8
-6823.6 -6939.4 106.2
-6820.6 -6954.1 105.5
-6817.6 -6968.8 105.4
-6814.7 -6983.5 105.4
-6811.7 -6998.2 105.5
-6808.0 -7016.7 105.5
-6967.4 -6887.3 112.3
-6962.7 -6901.6 111.7
-6958.0 -6915.9 111.1
-6953.4 -6930.1 110.4
-6948.7 -6944.4 109.5
-6944.0 -6958.6 108.5
-6939.4 -6972.9 107.5
-6934.7 -6987.1 106.5
-6930.0 -7001.4 105.4
-6925.4 -7015.6 104.6
-6920.7 -7029.9 104.3
-6916.0 -7044.2 104.4
-6911.4 -7058.4 104.6
-6906.7 -7072.7 104.8
-6910.0 -7086.1 105.0
-6917.5 -7099.1 105.1
-6925.0 -7112.1 105.2
-6932.5 -7125.1 105.3
-6940.0 -7138.0 105.5
-6947.0 -7140.5 105.5
-6953.0 -7126.8 105.3
-6959.1 -7113.1 104.9
-6965.2 -7099.4 104.5
-6971.3 -7085.7 104.0
-6977.4 -7072.0 103.5
-6983.4 -7058.3 103.0
-6989.5 -7044.6 102.4
-6995.6 -7030.8 102.7
-7001.7 -7017.1 103.2
-7007.8 -7003.4 103.8
-7013.8 -6989.7 104.3
-7019.9 -6976.0 104.9
-7026.0 -6962.3 105.3
-7032.1 -6948.6 105.8
-7038.1 -6934.8 106.2
-7044.2 -6921.1 106.6
-7050.3 -6907.4 107.1
-7056.4 -6893.7 107.5
-7062.5 -6880.0 108.0
-7068.5 -6866.3 108.4
-7074.6 -6852.6 108.8
-7080.7 -6838.9 108.5
-7086.8 -6825.1 108.2
-7091.1 -6811.8 108.1
-7079.6 -6802.2 109.0
-7068.1 -6792.5 109.9
-7056.7 -6782.9 110.9
-7042.9 -6778.5 111.9
-7028.0 -6776.7 113.0
-7013.1 -6774.9 114.0
-7002.6 -6779.9 114.7
-6997.9 -6794.1 114.9
-6993.2 -6808.4 115.0
-6988.6 -6822.6 115.0
-6983.9 -6836.9 114.4
-6979.2 -6851.2 113.9
-6974.6 -6865.4 113.3
-6967.4 -6887.3 112.3
-3456.9 -7691.2 82.1
-3442.0 -7692.9 82.5
-3427.1 -7694.5 83.0
-3412.2 -7696.2 83.4
-3397.3 -7697.9 83.9
-3382.4 -7699.5 84.3
-3367.5 -7701.2 84.6
-3352.6 -7702.9 84.7
-3337.6 -7703.6 84.8
-3322.6 -7702.9 84.9
-3307.6 -7702.2 85.0
-3292.7 -7701.5 85.1
-3277.7 -7700.8 85.2
-3262.7 -7700.1 85.3
-3247.7 -7699.4 85.3
-3232.7 -7698.7 85.4
-3217.7 -7698.0 85.5
-3202.8 -7697.3 85.6
-3187.8 -7696.6 85.7
-3172.8 -7696.3 85.8
-3157.8 -7696.7 85.9
-3142.8 -7697.1 86.0
-3127.9 -7696.5 86.5
-3113.5 -7692.4 87.0
-3099.1 -7688.3 87.4
-3082.1 -7683.5 88.0
-3681.8 -7686.5 78.0
-3666.8 -7686.7 78.4
-3651.8 -7686.9 78.7
-3636.8 -7687.1 78.7
-3621.8 -7687.3 78.7
-3606.8 -7687.5 78.6
-3591.8 -7687.7 78.6
-3576.8 -7687.9 78.7
-3561.8 -7688.1 79.1
-3546.8 -7688.3 79.5
-3529.3 -7688.5 80.0
-3333.6 -7776.5 85.5
-3318.7 -7775.8 85.6
-3303.7 -7775.1 85.7
-3288.7 -7774.5 85.8
-3273.7 -7773.8 85.8
-3258.7 -7773.1 85.9
-3243.7 -7772.5 86.0
-3228.8 -7771.8 86.5
-3213.8 -7771.1 87.3
-3198.8 -7770.5 88.0
-3183.8 -7769.8 88.7
-3168.8 -7769.1 89.5
-3153.8 -7768.5 90.2
-3138.8 -7767.8 90.9
-3123.9 -7767.1 91.7
-3108.9 -7766.5 92.4
-3083.3 -7765.3 93.7
-3480.3 -7803.0 84.6
-3465.5 -7800.3 84.8
-3450.7 -7797.6 84.9
-3436.0 -7795.0 85.0
-3421.2 -7792.3 85.0
-3406.5 -7789.6 85.1
-3391.7 -7787.0 85.2
-3376.9 -7784.3 85.3
-3362.2 -7781.6 85.3
-3347.4 -7779.0 85.4
-3333.8 -7775.5 85.5
-3335.8 -7760.6 85.3
-3337.9 -7745.8 85.2
-3339.9 -7730.9 85.0
-3343.6 -7703.9 84.8
-3430.1 -7756.9 84.7
-3445.1 -7757.7 84.3
-3460.1 -7758.6 83.9
-3475.0 -7759.5 83.5
-3490.0 -7760.3 83.1
-3510.9 -7761.5 82.6
-226.3 -4412.8 113.0
-212.8 -4406.3 111.6
-199.2 -4399.9 110.4
-185.6 -4393.5 109.8
-172.1 -4387.1 109.8
-158.5 -4380.7 109.7
-145.0 -4374.3 109.4
-131.4 -4367.9 109.2
-117.8 -4361.5 108.9
-104.3 -4355.1 108.7
-90.7 -4348.6 108.5
-65.5 -4336.7 108.0
-265.4 -4354.0 108.3
-252.0 -4347.2 108.1
-238.7 -4340.4 107.9
-225.3 -4333.6 107.6
-211.9 -4326.8 107.3
-198.6 -4320.0 107.1
-185.2 -4313.1 106.8
-171.8 -4306.3 106.5
-158.5 -4299.5 106.3
-143.2 -4291.8 106.0
-3353.0 -5127.7 111.1
-3339.1 -5121.9 111.4
-3325.3 -5116.2 111.5
-3311.4 -5110.4 111.7
-3297.6 -5104.6 111.7
-3283.6 -5099.2 111.6
-3269.4 -5094.3 111.6
-3255.1 -5090.0 111.6
-3240.6 -5086.2 111.6
-3226.1 -5082.3 111.7
-3211.8 -5077.8 111.7
-3197.6 -5072.9 111.6
-3183.4 -5067.9 111.6
-3169.3 -5063.0 111.6
-3155.1 -5058.1 111.6
-3141.0 -5053.1 111.6
-3127.2 -5047.1 111.6
-3113.4 -5041.1 111.5
-3099.7 -5035.1 111.5
-3085.9 -5029.2 111.4
-3072.1 -5023.7 111.4
-3057.1 -5024.8 111.5
-3037.9 -5026.3 111.7
-6437.7 2951.7 125.1
-6461.4 2946.0 124.6
-6465.2 2967.0 124.9
-6492.9 2962.1 124.3
-6509.7 2966.9 124.1
-6536.4 2968.3 123.7
-6447.2 2984.3 125.6
-6491.7 2980.1 124.6
-6415.0 2995.6 126.3
-6474.7 2994.7 125.3
-6513.8 2995.8 124.5
-6526.3 2990.6 124.1
-6476.7 3014.3 125.6
-6522.1 3014.2 124.8
-6421.9 3025.9 125.3
-6497.4 3029.3 125.1
-6535.0 3030.0 124.8
-6415.4 3043.2 124.8
-6476.2 3039.7 124.8
-6507.2 3037.5 124.8
-6523.5 3042.0 124.7
-6519.8 3059.1 124.1
-6433.8 3071.2 123.9
-6446.0 3073.6 123.8
