2917.9 7018.1 136.7
2900.7 6913.6 134.2
2541.9 7036.6 132.7
2476.1 7035.7 133.0
2400.9 7113.7 134.9
1998.6 6644.0 127.7
2873.2 6804.9 131.4
2832.7 6535.7 132.2
2727.2 6660.6 130.2
2660.3 6742.5 126.9
2278.6 6831.2 130.9
2260.5 6580.6 125.9
2254.1 6491.4 127.4
2253.8 6664.8 126.7
2243.3 6653.2 126.6
2213.1 6660.4 126.7
2123.9 6704.3 127.8
2053.9 6652.2 127.5
-6180.1 7786.1 89.3
-6214.9 7755.7 88.3
2496.4 7041.8 133.0
2430.5 7098.1 134.6
2367.2 7141.8 135.3
-5443.2 -6334.1 36.9
-5267.6 -6309.3 37.1
-5907.0 -7183.8 22.4
-5871.8 -7207.5 23.6
-5840.5 -7202.7 24.5
-5813.6 -7220.1 25.3
-5921.9 -7148.0 21.8
-5903.9 -7171.6 22.2
-5947.7 -7157.1 21.0
-5942.6 -7160.4 21.2
-5946.4 -7108.9 20.8
-5923.3 -7124.6 21.6
-5911.7 -7132.5 21.9
-5818.1 -7194.9 25.0
-6123.4 -6075.1 27.0
-6353.3 -6063.5 20.2
-6181.9 -6000.2 27.5
-6359.4 -6088.3 20.1
-6456.9 -5998.9 23.0
-6098.7 -6182.1 27.2
2017.9 6575.3 126.8
2219.4 6640.0 126.4
2421.1 6711.8 128.7
2829.4 6699.8 128.7
2412.5 7100.0 134.7
2423.3 7177.7 134.1
2608.8 6994.1 132.4
2961.7 6906.0 134.9
-2546.9 8466.3 99.7
-4373.2 8493.4 113.5
-6222.7 7795.3 91.3
-6230.8 7803.6 92.2
-2550.1 8508.5 95.7
-3985.4 8266.7 108.1
-5833.2 5912.4 71.9
-4635.2 5075.2 64.4
-5829.9 5922.8 72.2
2869.5 6860.5 132.4
2836.3 7119.7 137.8
2794.8 6897.8 132.3
2792.6 6887.9 132.0
2702.3 7115.4 136.4
2697.3 7032.6 134.6
2685.1 7048.1 134.9
2642.4 7116.4 135.9
2595.7 7002.0 132.4
2590.5 6951.3 130.9
2563.9 6976.5 131.2
2545.3 7014.9 132.1
2482.8 6910.7 130.0
2478.4 7050.4 133.3
2460.2 7023.5 132.8
2452.4 7029.2 132.9
2449.2 7166.9 134.6
2436.4 7054.4 133.6
2400.7 7180.7 134.1
2387.9 7112.0 134.9
2381.6 7137.6 135.4
2354.4 6874.2 129.8
2352.1 6925.9 131.0
2339.6 7027.4 133.5
2338.4 6852.4 130.2
2298.7 6981.3 132.6
2288.0 7141.8 135.3
2273.9 6866.3 131.3
2258.4 6987.8 132.9
2252.3 7134.2 134.4
2243.6 6882.2 131.6
2959.3 6753.4 131.9
2915.5 6666.5 129.5
2874.5 6707.4 129.6
2871.0 6790.8 131.1
2863.4 6679.3 129.0
2862.1 6738.2 130.0
2856.4 6810.1 131.2
2855.3 6694.8 129.0
2853.0 6824.5 131.5
2850.5 6666.7 129.5
2831.8 6549.6 132.1
2830.7 6512.9 132.3
2794.8 6676.6 129.3
2784.6 6722.4 128.3
2775.0 6812.0 129.9
2773.4 6775.4 129.2
2761.6 6768.5 128.8
2729.7 6807.8 129.1
2694.8 6708.4 128.2
2675.1 6712.1 128.1
2650.3 6736.5 127.1
2529.1 6808.7 127.3
2498.5 6815.0 127.6
2496.2 6838.5 128.2
2469.5 6810.0 128.0
2455.5 6796.5 128.4
2429.3 6777.2 129.0
2411.1 6704.1 128.2
2388.5 6827.2 129.4
2332.3 6658.1 126.7
2299.7 6591.0 126.0
2265.0 6526.5 126.8
2254.4 6768.5 129.2
-5446.3 -6355.5 37.3
-5615.1 -7252.2 25.0
-3977.8 7800.4 96.5
-5968.5 -7116.6 20.3
-5934.8 -7116.8 21.2
-5917.5 -7128.6 21.8
2948.1 6918.1 135.0
2940.7 6882.7 134.1
2928.3 6700.8 130.4
2851.8 6852.7 132.0
2641.5 6789.8 127.3
2608.2 7112.7 135.5
2571.9 7059.7 133.6
2520.9 6981.7 131.5
2518.4 6951.7 130.8
2516.8 7033.6 132.7
2443.3 7060.9 133.7
2373.3 7148.8 135.1
2482.5 6817.5 127.8
2459.9 6800.7 128.3
2437.9 6712.5 129.2
2329.2 6864.6 130.3
2288.4 6850.2 131.1
2261.7 6830.2 131.0
2242.9 6758.9 128.8
2662.1 7107.4 135.9
-5886.9 -7197.3 23.1
-5881.9 -7200.7 23.3
-5863.4 -7187.3 23.7
-5898.5 -7163.7 22.6
-5835.6 -7182.9 24.4
-5957.7 -7150.3 20.7
-6371.2 -6119.8 20.1
-6400.2 -6135.3 20.1
-5823.0 -7214.5 25.0
-5956.9 -7124.5 20.7
-5929.1 -7120.7 21.4
-6129.9 -6066.5 27.0
-6166.9 -6199.3 24.6
-5845.6 -7210.6 24.3
-5868.8 -7195.1 23.5
-5909.6 -7167.8 22.0
-2619.0 8486.7 102.2
-5951.0 -7128.4 20.9
-5892.0 -7146.0 22.6
-4788.4 -7683.6 25.7
-6468.5 -6000.2 22.8
-5902.0 -7187.2 22.6
-5896.9 -7190.6 22.7
-5841.4 -7178.9 24.2
-5824.0 -7190.9 24.8
2341.0 -6121.5 72.3
-5381.3 -8103.9 32.4
-5259.6 -6272.4 36.4
-5272.6 -6272.2 36.3
-5273.4 -6294.8 36.8
-5618.5 -7247.0 24.8
-4776.8 -7669.1 25.5
-4769.0 -7661.3 25.4
-6396.2 -5996.8 23.0
-6143.2 -6048.9 27.1
-6133.3 -6062.5 27.0
-6352.8 -6085.2 20.1
-6179.4 -6003.7 27.3
-6256.5 -6120.2 21.5
-6367.4 -6095.7 20.1
-6148.2 -6044.2 27.0
-6352.5 -6054.2 20.5
-6162.5 -6216.3 24.7
-6350.9 -6091.0 20.1
-6201.3 -6183.6 23.3
-6501.0 -6095.2 20.6
-6298.0 -6065.9 20.2
-6295.7 -6081.4 20.2
-6285.4 -6071.1 20.6
-5884.4 -7151.2 22.8
-6164.9 -6023.3 26.9
-5971.8 -6316.0 28.5
-6152.6 -6192.8 25.1
-6157.3 -6033.5 26.9
-6111.3 -6090.6 27.0
-6137.9 -6239.2 25.5
-6062.6 -6225.5 28.3
-6059.5 -6151.9 28.7
-6382.1 -6070.5 20.2
-6298.9 -6051.0 20.4
-6194.4 -6146.2 23.7
-6376.8 -6101.9 20.1
-6208.5 -6166.6 23.1
-6395.0 -6133.8 20.1
-6300.4 -6042.6 21.0
-6446.2 -5974.8 23.5
-6364.4 -6107.4 20.1
-6354.1 -6069.8 20.1
-6419.2 -5976.2 24.0
-5821.6 -7226.6 25.1
-6207.3 7802.1 91.3
-6213.0 7773.0 89.5
-6238.1 7750.9 88.5
-6394.5 -6074.5 20.2
-6140.6 -6053.0 27.1
-6182.4 -6211.9 23.9
-6223.7 -6165.3 22.6
-6204.7 -6171.6 23.3
-5939.4 -7136.3 21.3
-5962.7 -7120.6 20.5
-5962.6 -7132.5 20.2
-5945.6 -7143.8 20.8
-5937.6 -7163.8 21.4
-5899.5 -7140.9 22.3
-5858.9 -7167.0 23.6
-5926.8 -7155.8 21.5
-5812.3 -7198.9 25.2
-5631.9 -7227.0 24.8
-6227.9 -6151.7 22.5
-6145.7 -6188.4 25.4
-6153.7 -5995.8 28.6
-6161.5 -6027.2 26.9
-6078.4 -6239.0 27.7
-6433.3 -5989.9 23.6
-6389.1 -6080.1 20.1
-6381.5 -6081.8 20.1
-6380.6 -6110.1 20.1
-6383.0 -6097.8 20.1
-6290.2 -6037.1 21.8
-6363.6 -6063.8 20.3
-6355.8 -6081.2 20.1
-6493.2 -6102.8 20.3
-6360.8 -6061.2 20.4
-6296.6 -6057.5 20.2
-6343.8 -6099.8 20.0
-6376.0 -6070.0 20.2
-6203.2 -5974.0 29.1
-6345.0 -6053.3 20.5
-5857.3 -7202.8 23.8
-5625.5 -7237.1 24.8
-5266.0 -6270.3 36.3
2393.4 7122.3 135.1
2444.9 7138.5 135.3
2447.4 7119.3 134.9
2484.9 7042.2 133.1
2489.1 7006.7 132.2
2518.2 6966.0 131.1
2526.0 6958.8 130.9
2626.4 6994.6 132.6
2922.4 6956.8 135.6
-2233.2 5028.0 91.8
-6233.7 7762.0 89.3
2404.8 6770.9 129.4
-6470.6 -6097.3 20.2
-6476.7 -6013.0 22.5
2738.6 6777.2 128.6
2774.7 6792.4 129.5
2775.5 6745.7 128.6
2892.4 6781.7 131.3
-6188.9 -6185.0 23.8
-6348.6 -6074.5 20.1
-6373.5 -6112.0 20.1
-6192.0 -5988.6 28.2
-6423.7 -6145.6 20.2
-6197.7 -5980.7 28.7
-6403.2 -5989.1 23.4
-6194.8 -5984.2 28.5
-6375.2 -6095.0 20.1
-6216.7 -6176.4 22.8
-6382.8 -6090.0 20.1
-6345.5 -6079.3 20.1
-6368.0 -6063.8 20.3
-6389.1 -6085.2 20.1
-6151.4 -6039.6 27.0
-6114.5 -6086.0 26.9
-6127.6 -6218.0 26.0
-5881.0 -7175.5 23.2
-5886.9 -7171.5 23.0
-5968.2 -7128.7 20.0
-5254.6 -6373.1 38.4
-5249.1 -6366.5 38.3
-6118.9 -6080.1 27.0
-6189.3 -5991.4 28.0
-6199.8 -5977.5 28.9
-5262.4 -6278.6 36.5
-5268.8 -6280.2 36.5
-5284.8 -6283.9 36.5
-4781.1 -7674.1 25.6
-2616.7 8465.8 101.9
-2556.1 8499.7 97.2
-2219.3 5028.3 92.0
-2237.8 5042.3 91.9
-6332.3 4532.1 54.8
-5828.9 -7210.5 24.8
-5834.7 -7206.6 24.7
-5869.5 -7183.5 23.5
-5833.7 -7218.5 24.7
-5863.2 -7198.8 23.7
-5940.6 -7112.9 21.0
-5973.9 -7124.9 19.8
2899.8 6585.2 131.1
2892.6 6548.3 131.4
2312.3 6544.1 126.9
2257.2 6505.7 127.0
2249.1 6533.2 126.5
2230.8 6652.2 126.6
2212.7 6627.2 126.3
2972.3 6816.6 133.3
2956.8 6817.5 133.1
2944.7 6906.8 134.7
2917.2 6979.6 136.0
2913.3 6891.8 133.8
2910.7 6919.9 134.6
2908.3 6836.8 132.6
2906.9 6944.0 135.2
2898.3 6701.7 129.9
2871.2 6726.5 129.9
2836.8 6767.6 130.1
2794.6 6845.3 130.9
2776.0 6841.6 130.6
2770.5 6761.5 128.9
2744.1 6812.0 129.4
2696.3 6718.4 127.8
2686.0 6729.5 127.3
2671.5 6748.4 126.9
2823.8 6962.0 134.5
2768.8 7010.5 135.0
2740.7 7017.1 134.8
2710.9 7017.7 134.4
2679.9 6991.2 133.3
2550.1 7119.1 134.9
2514.7 6990.8 131.7
2487.0 7025.2 132.7
2467.9 7014.3 132.5
2432.2 7088.9 134.5
2420.2 7095.2 134.6
2412.2 7165.4 134.7
2393.2 7185.8 133.9
2388.9 7130.2 135.2
2375.5 7144.4 135.3
2678.4 6838.7 129.1
2641.5 6880.6 129.7
2620.6 6801.1 127.3
2502.7 6753.7 128.1
2489.5 6739.0 128.9
2367.8 6878.3 129.8
2355.6 6900.7 130.4
2353.1 6885.7 130.0
2278.3 6792.2 130.1
2268.5 6983.3 132.8
2266.5 6765.3 129.2
2226.0 6743.6 128.2
2191.6 6723.2 127.9
2184.9 6642.3 126.6
2174.9 6724.0 127.9
2171.5 6623.4 126.4
2167.7 6693.4 127.4
2165.0 6648.2 126.8
2153.9 6642.3 126.7
2144.1 6710.4 127.8
2133.0 6681.4 127.5
2131.1 6628.9 126.7
2118.3 6625.3 126.7
2113.5 6646.3 127.1
2092.3 6646.5 127.2
2083.7 6654.3 127.3
2083.1 6578.0 126.3
2070.9 6638.3 127.2
2066.3 6658.3 127.5
2055.2 6620.0 127.0
2049.3 6632.8 127.2
2019.6 6633.5 127.4
2003.2 6582.4 127.0
2002.2 6713.1 128.6
1982.2 6648.6 127.9
-5945.2 -7132.3 21.1
-5874.6 -7191.2 23.2
-5967.8 -7143.5 20.3
-5939.9 -7147.6 21.0
-5806.5 -7202.8 25.4
-4795.9 -7691.6 25.7
-5386.4 -8116.8 33.0
2434.5 7193.2 133.1
-5269.0 -6384.7 38.5
-5261.4 -6379.2 38.5
-5249.9 -6334.8 37.6
-5257.4 -6332.4 37.6
-5440.9 -6344.5 37.1
-5447.9 -6338.7 37.0
-5444.7 -6363.6 37.5
-5435.7 -6397.6 38.2
-6173.6 7777.7 88.5
-6212.8 7830.1 93.2
-6241.5 7787.9 91.5
-6260.0 7762.2 89.8
-5891.9 -7193.9 22.9
-5876.8 -7204.1 23.4
-5846.4 -7198.8 24.3
-5852.2 -7194.8 24.1
-5892.7 -7167.6 22.8
-5904.4 -7159.8 22.4
-5910.2 -7155.9 22.2
-5916.0 -7151.9 22.0
-5927.7 -7144.1 21.6
-5933.5 -7140.2 21.5
-5828.4 -7222.1 24.9
-5839.0 -7215.0 24.5
-5898.6 -7175.1 22.4
-5892.5 -7179.3 22.6
-5886.5 -7183.3 22.8
-5881.2 -7186.8 23.0
-5956.9 -7136.2 20.4
-5951.2 -7140.0 20.6
-5962.7 -7146.9 20.5
-5952.7 -7153.7 20.9
-5932.6 -7167.2 21.5
-5915.7 -7163.7 21.7
-5952.1 -7105.0 20.6
-5906.0 -7136.4 22.1
-5853.1 -7171.0 23.8
-5847.3 -7174.9 24.0
-5829.8 -7186.9 24.6
-5866.5 -7161.8 23.4
-2604.9 7005.2 89.6
-6182.7 7765.6 88.0
-6200.5 7780.3 89.6
-6203.1 7759.3 88.2
-6213.6 7798.9 91.3
-6222.7 7817.5 92.9
-6230.5 7752.3 88.3
-3875.7 8033.6 107.6
-3928.8 8151.9 108.3
-4001.8 8244.3 107.9
-3952.2 7809.4 97.3
-3986.0 7785.3 96.4
-3979.6 7810.6 96.7
-5723.9 1102.8 66.7
-4762.6 -7652.5 25.5
2599.4 6958.0 131.2
2591.2 6975.0 131.6
2585.5 6966.6 131.3
2578.4 7016.2 132.5
2571.7 6985.1 131.6
2569.2 7008.6 132.2
2555.5 6972.3 131.1
2553.6 7020.0 132.3
2552.6 6918.1 129.8
2533.3 7029.6 132.5
2527.5 6921.0 130.0
2526.8 6972.3 131.2
2525.6 7022.9 132.4
2520.1 7043.5 132.9
2518.2 7016.8 132.3
2511.3 6975.2 131.4
2505.6 6983.4 131.6
2505.2 6913.0 129.9
2501.0 7030.3 132.7
2500.4 7006.3 132.1
2499.8 6990.1 131.8
2498.3 7056.7 133.4
2493.1 6909.5 129.9
2486.1 6991.8 131.9
2483.8 7014.7 132.4
2478.4 7006.7 132.3
2476.7 7020.4 132.6
2470.4 7058.2 133.5
2468.5 7030.1 132.9
2465.6 7047.3 133.3
2460.9 7057.6 133.6
2449.6 7051.5 133.5
2448.7 7037.0 133.1
2425.5 7059.1 133.8
2449.7 6943.2 130.9
2404.8 6989.2 132.2
2360.1 6913.5 130.7
2352.8 6937.8 131.3
2351.8 6673.1 126.9
2344.5 6896.5 130.3
2340.7 6871.3 130.0
2336.5 6669.9 126.8
2330.1 6844.8 130.4
2317.6 6676.6 126.9
2308.4 6747.7 128.9
2297.4 6922.7 131.2
2292.9 6977.4 132.5
2292.2 6880.3 130.9
2290.6 6669.5 126.8
2288.1 6985.3 132.7
2285.2 6955.1 132.0
2284.1 6963.6 132.2
2282.5 6887.7 131.0
2281.2 6915.1 131.1
2276.5 6668.9 126.8
2275.7 6904.0 131.0
2269.4 6886.4 131.2
2264.6 6752.5 128.8
2264.3 6791.2 129.9
2263.3 6966.4 132.4
2253.8 6891.4 131.5
2249.9 6801.4 130.1
2249.3 6746.5 128.5
2246.0 6967.3 132.5
2233.7 6716.5 127.5
2233.0 6751.9 128.5
2229.0 6894.6 131.8
2216.1 6895.9 131.8
2206.7 6874.5 131.6
2204.0 6726.3 127.9
2198.9 6697.8 127.3
2166.1 6735.8 128.2
2154.2 6721.1 127.9
2133.9 6883.5 131.9
2104.4 6702.3 127.9
2002.9 6722.1 128.7
1993.0 6726.2 128.8
2596.0 6765.4 126.1
2532.6 6822.6 127.6
2516.9 6760.4 127.6
2514.8 6815.0 127.5
2489.2 6800.3 127.7
2470.2 6819.2 128.0
2459.1 6738.1 129.4
2451.5 6718.4 129.9
2449.6 6788.3 128.5
2444.2 6725.7 130.0
2429.5 6719.0 129.3
2425.5 6704.5 128.5
2409.2 6696.1 127.9
2392.0 6844.1 129.3
2391.8 6701.6 128.0
2382.6 6694.9 127.7
2251.5 6642.9 126.5
2209.6 6637.7 126.4
2207.3 6649.7 126.6
2151.6 6633.0 126.6
2145.7 6651.3 126.9
2141.1 6638.1 126.8
2133.0 6644.2 126.9
2125.0 6652.0 127.1
2122.5 6637.2 126.9
2108.6 6632.8 126.9
2107.6 6622.5 126.7
2106.1 6657.2 127.3
2102.1 6638.3 127.0
2091.5 6637.5 127.1
2078.7 6623.2 126.9
2072.6 6647.5 127.3
2063.8 6645.7 127.3
2058.8 6633.3 127.2
2040.5 6632.2 127.3
2033.0 6647.5 127.6
2030.9 6638.9 127.4
2021.2 6646.7 127.6
2009.9 6647.3 127.7
2007.0 6636.2 127.5
1999.0 6619.2 127.3
2620.6 7098.4 135.3
2617.5 7070.0 134.5
2601.2 7087.7 134.8
2587.8 7073.2 134.2
2560.5 7076.9 133.9
2560.3 7094.9 134.4
2505.0 7112.7 134.6
2502.1 7083.8 134.0
2492.5 7112.7 134.7
2482.0 7105.2 134.6
2464.5 7128.1 135.1
2460.5 7151.9 135.1
2458.4 7137.9 135.3
2455.4 7125.4 135.0
2452.1 7066.4 133.8
2451.9 7147.7 135.2
2446.7 7153.5 135.0
2444.1 7074.8 134.1
2442.7 7125.7 135.1
2439.6 7160.6 134.9
2437.8 7132.4 135.2
2434.7 7119.0 135.0
2431.7 7154.0 135.0
2427.1 7078.8 134.2
2422.5 7070.0 134.1
2415.6 7191.8 133.3
2413.5 7075.7 134.2
2407.9 7185.9 133.8
2407.6 7199.0 133.0
2405.5 7171.8 134.6
2397.6 7100.2 134.7
2391.7 7172.7 134.5
2385.2 7166.9 134.7
2367.2 7153.5 135.0
2280.7 7128.4 135.3
2272.4 7142.5 135.1
2507.5 6996.0 131.9
2504.2 7100.4 134.4
2502.7 6970.4 131.3
2494.7 6998.3 132.0
2493.1 6983.2 131.6
2489.2 7098.4 134.4
2480.1 7062.4 133.6
2471.1 6909.0 130.0
2462.9 7035.5 133.0
2429.8 7139.7 135.3
2412.3 7083.8 134.4
2406.2 7105.3 134.8
2382.8 7147.0 135.2
2367.8 6897.5 130.3
2362.1 6675.0 127.0
2347.6 6685.7 127.2
2322.9 6667.6 126.8
2304.8 6675.2 126.9
2290.8 6594.6 125.9
2287.5 6972.0 132.4
2285.9 6867.8 131.1
2283.2 6938.6 131.7
2279.5 6737.4 128.4
2271.0 6995.3 133.1
2263.9 6777.8 129.5
2262.5 6480.0 127.7
2262.1 6462.8 128.1
2256.8 6974.5 132.6
2249.1 7118.8 134.8
2196.1 6838.3 130.9
2068.2 6627.6 127.0
2065.7 6616.0 126.9
2052.9 6642.5 127.4
2000.3 6685.0 128.3
1998.7 6704.2 128.5
1998.6 6601.7 127.2
2944.9 6730.6 131.2
2923.5 6921.1 134.8
2921.3 6691.1 130.1
2895.0 6567.6 131.3
2883.9 6814.1 131.8
2864.7 6845.8 132.1
2852.5 6760.2 130.2
2851.6 6774.7 130.5
2849.7 6729.1 129.6
2837.0 6577.2 131.9
2835.1 6687.2 128.7
2804.2 6855.8 131.3
2758.2 6617.1 131.2
2756.4 6804.4 129.4
2750.1 6630.2 130.9
2725.0 6674.7 129.6
2713.9 6662.8 130.1
2683.6 6692.1 129.0
2650.9 6797.4 127.6
2648.0 6787.2 127.3
2805.9 6969.0 134.4
2757.6 7016.8 135.0
2721.3 7033.1 135.0
2658.7 7081.1 135.4
2634.2 6988.2 132.5
2623.3 7124.6 135.8
2588.2 6936.8 130.5
2569.6 6969.8 131.1
2542.1 6985.7 131.4
2532.5 7017.7 132.3
-2170.0 6553.9 94.6
-2076.2 6501.5 96.5
-2026.2 6584.3 101.4
-2219.5 5048.6 92.1
-2224.8 5040.9 92.0
-2235.3 5047.1 92.0
-2232.0 5052.8 92.1
-2229.2 5034.6 91.9
-3921.0 8174.3 108.8
-3963.2 8189.0 108.1
-3962.5 7831.0 97.7
-4340.9 8341.9 111.7
2979.3 6864.2 134.3
2973.4 6872.3 134.4
2971.0 6894.2 134.8
2967.5 6831.6 133.5
2967.1 6802.8 133.0
2963.6 6884.7 134.5
2959.2 6773.0 132.3
2957.5 6844.3 133.6
2950.8 6805.6 132.7
2946.0 6834.2 133.2
2940.7 6776.5 132.0
2935.3 6718.0 130.8
2926.8 6948.5 135.5
2918.1 6945.5 135.4
2911.5 6869.2 133.3
2903.0 6905.5 134.1
2898.0 6847.5 132.7
2896.3 6877.1 133.2
2892.2 6857.9 132.8
2883.4 6867.5 132.8
2882.6 6793.6 131.4
2880.4 6768.4 130.8
2879.5 6852.3 132.4
2876.9 6841.2 132.2
2875.2 6827.1 131.9
2873.0 6755.0 130.5
2872.3 6815.3 131.6
2870.2 6773.0 130.8
2858.6 6750.0 130.1
2857.5 6714.8 129.4
2849.5 6797.3 130.9
2843.1 6702.1 128.9
2841.4 6750.4 129.8
2839.0 6789.5 130.5
2837.9 6732.6 129.4
2807.4 6873.9 131.9
2787.0 6854.7 131.1
2783.9 6697.8 128.4
2781.0 6833.3 130.4
2779.4 6709.6 128.0
2774.7 6733.7 128.4
2770.8 6826.5 130.1
2766.1 6803.4 129.6
2764.5 6791.6 129.3
2762.2 6779.0 129.0
2761.9 6816.8 129.8
2755.1 6788.5 129.1
2752.2 6771.7 128.7
2749.1 6827.2 129.8
2744.4 6785.1 128.9
2727.1 6792.9 128.7
2707.2 6698.9 128.6
2691.7 6699.1 128.6
2686.1 6718.8 127.8
2667.7 6734.9 127.2
2659.9 6711.5 128.2
2659.5 6805.0 127.9
2658.6 6754.9 126.8
2656.7 6788.8 127.5
2656.6 6724.5 127.6
2652.7 6705.2 128.5
2649.4 6746.0 126.7
2648.6 6755.4 126.7
2640.1 6742.5 126.9
2637.1 6783.0 127.0
2624.6 6726.5 127.7
2793.4 6909.7 132.6
2789.7 6919.5 132.9
2787.4 6943.4 133.5
2747.2 6967.2 133.6
2719.7 6959.9 133.0
2677.6 6856.2 129.6
2675.3 6881.6 130.2
2876.3 6457.7 131.6
2843.8 6592.8 131.5
2829.2 6588.5 131.7
2820.7 6485.3 132.2
2805.5 6502.7 132.5
2324.3 6563.7 126.7
2307.4 6551.7 126.7
2306.4 6583.3 126.2
2299.1 6551.8 126.7
2272.5 6517.2 127.0
2267.9 6588.5 125.8
2264.5 6567.0 126.1
2120.0 6587.2 126.1
2056.4 6575.1 126.5
2910.5 6643.3 130.2
2854.9 6647.2 130.3
2849.7 6630.5 130.7
2842.1 6616.3 131.0
2836.8 6654.4 130.1
2834.2 6630.2 130.7
2830.3 6667.0 129.6
2826.8 6601.5 131.4
2800.6 6631.0 130.7
2796.7 6643.3 130.5
2784.6 6686.5 128.9
2783.3 6610.6 131.3
2716.5 6683.2 129.2
2705.0 6681.9 129.3
2700.9 6670.0 129.9
2697.2 6690.2 129.0
2687.1 6680.6 129.4
2671.4 6685.0 129.3
2657.9 6690.4 129.1
-4270.2 5202.2 71.1
-6186.7 7786.1 89.5
-6186.9 7793.9 90.1
-6191.4 7800.5 90.7
-6192.9 7783.2 89.5
-6194.2 7762.0 88.1
-6203.4 7814.4 92.0
-6217.5 7826.5 93.3
-6226.1 7766.2 89.4
-6254.3 7756.7 89.4
-6256.7 7767.5 90.0
-6028.5 -6256.0 28.9
-5957.9 -7101.1 20.4
-4763.0 -7392.6 25.2
-5396.9 -8114.5 32.9
-5621.9 -7241.6 24.7
-5629.0 -7231.7 24.8
2934.2 6998.5 136.5
2672.0 7066.6 135.2
2850.2 7102.4 137.6
2811.8 6992.3 135.1
2798.3 7035.9 135.9
2775.1 6998.7 134.8
2749.7 7009.4 134.7
2741.3 7030.0 135.2
2725.1 7019.8 134.7
2724.5 7128.9 136.9
2719.8 7090.3 136.1
2700.7 7060.1 135.4
2688.5 7075.2 135.6
2672.6 7145.2 136.5
2640.5 7040.8 134.1
2630.1 7054.1 134.3
2630.1 7084.0 135.1
-3915.5 5268.4 80.8
-3978.9 7816.6 96.8
-2575.5 8526.6 96.4
-2570.7 8484.5 100.3
2311.4 6566.1 126.5
2440.8 6858.5 129.0
2594.3 6839.0 127.9
2660.4 6884.8 130.1
2375.2 7159.5 134.9
2435.6 7182.0 133.8
2547.1 7029.4 132.5
2631.8 6736.4 127.2
2857.7 6786.0 130.8
2939.6 6755.4 131.6
2953.1 6897.1 134.5
-5819.1 -7496.5 25.4
-4749.4 -7434.6 25.8
-4765.9 -7677.7 25.4
-5447.0 -6347.5 37.2
-2611.6 8476.5 101.9
-2558.9 8467.2 100.7
-2023.3 7113.1 100.3
-2065.5 6522.3 97.6
-6173.1 7768.2 87.9
-6196.3 7807.3 91.3
-6206.8 7775.9 89.5
-6208.6 7822.0 92.7
-6221.4 7769.8 89.5
-6223.0 7754.1 88.5
-6226.6 7810.2 92.5
-6230.8 7791.1 91.3
-6235.5 7797.1 91.9
-6244.9 7748.6 88.7
-2723.4 7293.5 77.9
-2721.6 7308.4 77.6
-2719.7 7323.3 76.9
-2717.9 7338.2 76.4
-2716.1 7353.1 75.9
-2714.2 7367.9 75.4
-2712.4 7382.8 74.9
-2710.6 7397.7 74.4
-2708.8 7412.6 73.9
-2721.9 7413.9 72.6
-2736.9 7413.4 71.2
-2751.9 7413.5 69.8
-2766.7 7415.4 69.8
-2781.6 7417.4 70.3
-2796.5 7419.3 71.9
-2811.4 7421.2 73.6
-2826.2 7423.2 74.3
-2841.1 7425.1 74.6
-2864.8 7428.2 75.1
-2839.2 8598.0 107.8
-2824.6 8594.2 107.5
-2810.1 8590.4 107.2
-2795.6 8586.6 106.9
-2781.1 8582.8 106.6
-2766.6 8579.1 106.3
-2752.1 8575.3 106.0
-2737.6 8571.5 105.7
-2723.0 8567.7 105.4
-2695.6 8560.5 104.8
-2578.3 8809.7 99.2
-2579.0 8794.7 99.7
-2579.8 8779.7 99.2
-2580.5 8764.7 98.4
-2581.2 8749.7 97.7
-2582.0 8734.8 96.9
-2584.0 8720.0 96.3
-2588.2 8705.6 95.8
-2592.5 8691.2 95.4
-2598.5 8671.0 95.6
-6153.7 6106.8 67.9
-6165.4 6116.3 67.8
-6177.0 6125.7 67.7
-6188.7 6135.2 67.6
-6200.3 6144.6 67.5
-6212.0 6154.1 67.4
-6223.6 6163.5 67.2
-6235.3 6173.0 67.1
-6246.9 6182.4 66.6
-6258.6 6191.9 66.0
-6270.2 6201.3 65.6
-6281.8 6210.8 65.1
-6293.5 6220.3 64.6
-6305.1 6229.7 64.0
-6316.8 6239.2 63.8
-6318.0 6246.4 63.9
-6303.5 6250.2 63.9
-6289.0 6254.0 64.3
-6274.5 6257.9 64.8
-6260.0 6261.7 65.0
-6245.5 6265.5 65.3
-6231.0 6269.4 65.5
-6216.5 6273.2 65.7
-6202.0 6277.0 66.0
-6187.5 6280.9 66.2
-6173.0 6284.7 66.6
-6158.7 6289.1 67.1
-6144.7 6294.4 67.3
-6130.6 6299.6 67.6
-6116.6 6304.9 67.8
-6102.5 6310.1 68.1
-6088.4 6315.3 68.3
-6074.4 6320.6 68.6
-6060.3 6325.8 68.7
-6046.3 6331.1 69.0
-6025.4 6338.9 69.3
-5788.6 -7292.1 26.1
-5790.6 -7306.9 26.1
-5792.7 -7321.8 26.0
-5794.8 -7336.7 26.0
-5796.8 -7351.5 25.9
-5800.4 -7376.9 25.6
-5807.9 -7514.1 25.6
-5805.7 -7499.2 25.6
-5803.5 -7484.4 25.7
-5801.3 -7469.6 25.7
-5799.1 -7454.7 25.7
-5796.9 -7439.9 25.6
-5794.6 -7425.1 25.6
-5792.4 -7410.2 25.5
-5790.2 -7395.4 25.6
-5788.0 -7380.5 25.8
-5785.8 -7365.7 26.0
-5783.6 -7350.9 26.1
-5781.4 -7336.0 26.3
-5779.2 -7321.2 26.3
-5775.2 -7293.9 26.4
-5808.3 -7423.3 25.4
-5813.1 -7458.1 25.4
-5694.5 620.0 57.4
-5683.8 609.5 57.8
-5673.0 599.0 58.2
-5661.8 589.1 58.6
-5649.8 580.2 58.5
-5637.7 571.3 58.5
-5616.1 551.6 58.4
-6797.0 8106.3 90.1
-6807.3 8117.3 90.5
-6817.5 8128.2 90.8
-6827.8 8139.2 91.1
-6838.0 8150.1 91.4
-6848.3 8161.1 91.7
-6858.5 8172.0 92.1
-6868.8 8183.0 92.4
-6879.0 8194.0 92.8
-6889.9 8205.6 94.1
-5637.4 4346.2 51.6
-5634.8 4361.0 50.8
-5632.1 4375.7 50.1
-5629.5 4390.5 49.7
-5626.9 4405.3 49.3
-5624.2 4420.0 48.9
-5621.6 4434.8 48.4
-5618.9 4449.6 48.0
-5616.3 4464.3 47.6
-5613.7 4479.1 47.1
-5611.0 4493.9 46.6
-5608.4 4508.6 46.0
-5605.8 4523.4 45.7
-5603.1 4538.2 45.5
-5599.9 4556.3 45.3
-6298.0 8299.4 100.3
-6302.3 8325.2 99.8
-6550.0 8232.2 93.9
-6556.7 8245.6 93.9
-6568.4 8251.6 93.6
-6572.6 8266.0 94.2
-6576.9 8280.4 95.7
-6577.0 8295.3 97.1
-6576.4 8310.3 97.6
-6575.9 8325.3 98.0
-6575.3 8340.3 98.4
-6564.4 8344.3 98.0
-6549.5 8343.9 97.5
-6534.5 8343.5 97.8
-6519.5 8343.1 98.0
-6504.5 8342.8 98.2
-6489.5 8342.4 98.3
-6474.5 8342.0 98.4
-6459.5 8341.6 98.4
-6444.5 8341.2 98.5
-6429.5 8340.9 98.5
-6414.5 8340.5 98.5
-6389.8 8339.9 99.2
-2384.0 7086.2 88.7
-2369.1 7087.2 89.0
-2354.1 7088.2 89.7
-2339.3 7087.3 90.7
-2324.7 7083.7 91.6
-2310.2 7080.1 92.6
-2295.6 7076.5 93.6
-2280.9 7077.8 94.6
-2266.1 7080.5 95.5
-2251.4 7083.2 96.5
-2236.8 7080.5 97.1
-2222.4 7076.6 97.3
-2208.5 7071.2 97.6
-2195.2 7064.2 97.8
-2181.9 7057.3 98.0
-2167.5 7054.3 98.4
-2152.5 7053.7 98.7
-2137.5 7053.2 99.0
-2122.6 7052.2 99.4
-2108.0 7050.5 99.7
-2098.0 7042.7 99.9
-2083.7 7047.5 100.1
-2069.5 7052.3 100.6
-2055.4 7057.2 100.7
-2041.0 7059.2 100.7
-2026.3 7059.6 100.8
-2012.0 7064.1 100.9
-1997.5 7067.1 100.9
-1982.5 7067.5 101.0
-1967.5 7066.4 101.1
-1937.7 7063.9 101.6
-4296.9 8715.3 116.3
-4305.9 8727.3 116.2
-4314.8 8739.4 116.1
-4323.7 8751.4 116.0
-4332.6 8763.5 116.0
-4341.6 8775.5 116.0
-4350.5 8787.6 115.9
-4359.4 8799.6 115.9
-4368.4 8811.7 115.9
-4377.3 8823.7 115.9
-4386.2 8835.8 115.8
-4395.2 8847.8 115.8
-4404.1 8859.9 115.8
-4413.0 8871.9 115.8
-4422.0 8884.0 115.7
-4430.9 8896.0 115.7
-4439.8 8908.1 115.6
-4448.8 8920.1 115.5
-4457.7 8932.2 115.3
-4466.6 8944.2 115.2
-4478.7 8960.6 115.0
-3456.7 6342.4 61.0
-3469.1 6333.9 60.3
-3481.4 6325.5 59.7
-3493.8 6317.0 59.0
-3506.2 6308.5 58.4
-3518.6 6300.1 57.9
-3531.5 6291.2 58.8
-3832.7 7946.9 106.5
-3819.1 7953.2 107.1
-3805.5 7959.5 107.7
-3791.9 7965.8 107.7
-3765.1 7978.3 106.9
-6886.1 3862.7 57.5
-6872.0 3857.6 57.7
-6857.9 3852.5 57.9
-6843.8 3847.4 58.1
-6829.7 3842.4 58.3
-6815.6 3837.3 58.5
-6801.5 3832.2 58.7
-6787.4 3827.1 58.9
-6773.3 3822.0 59.1
-6759.1 3816.9 59.3
-6745.0 3811.8 59.5
-6730.9 3806.7 59.7
-6716.8 3801.7 59.9
-6702.7 3796.6 60.1
-6688.6 3791.5 60.4
-6670.0 3784.8 60.6
-5829.4 5862.0 70.4
-5815.4 5856.8 70.3
-5801.3 5851.5 70.2
-5787.2 5846.3 70.1
-5773.2 5841.1 70.1
-5747.3 5831.5 69.9
-6331.4 6229.6 63.4
-6319.8 6220.1 63.6
-6308.2 6210.6 64.2
-6296.6 6201.0 64.7
-6285.0 6191.5 65.2
-6273.4 6182.0 65.7
-6261.8 6172.5 66.2
-6250.2 6163.0 66.5
-6238.6 6153.5 66.6
-6227.0 6144.0 66.7
-6215.4 6134.5 66.8
-6203.8 6125.0 66.9
-6192.2 6115.4 67.0
-6180.6 6105.9 67.1
-6169.0 6096.4 67.2
-6157.4 6086.9 67.3
-6140.4 6072.9 67.5
-4195.7 8532.0 113.5
-4174.6 8543.4 113.3
-4186.1 8563.5 114.1
-4196.9 8557.3 114.1
-2655.8 8989.0 102.4
-2657.8 8974.2 101.6
-2659.9 8959.3 101.1
-2661.9 8944.5 100.6
-2663.9 8929.6 100.2
-2666.0 8914.7 99.4
-2668.0 8899.9 98.9
-2670.0 8885.0 99.2
-2672.1 8870.2 99.6
-2674.1 8855.3 99.9
-2676.1 8840.4 100.5
-2678.2 8825.6 101.1
-2680.2 8810.7 101.7
-2682.2 8795.8 102.3
-2684.3 8781.0 102.9
-2688.0 8753.9 104.0
-4313.5 8344.3 111.4
-4312.6 8359.3 111.6
-4311.7 8374.3 111.8
-4310.9 8389.3 112.1
-4310.0 8404.2 112.2
-4309.2 8419.2 112.3
-4308.1 8437.2 112.4
-3995.5 7789.1 96.8
-3996.6 7806.0 97.2
-6305.7 8347.6 99.3
-6315.2 8366.5 98.9
-6758.3 8044.0 88.6
-6768.4 8055.0 89.3
-6778.5 8066.1 89.7
-6788.6 8077.2 90.0
-6798.7 8088.3 90.3
-6808.7 8099.4 90.6
-6818.8 8110.5 90.9
-6828.9 8121.6 91.2
-6839.0 8132.7 91.5
-6849.1 8143.8 91.8
-6859.2 8154.9 92.2
-6869.3 8166.0 92.5
-6879.4 8177.0 92.8
-6889.5 8188.1 93.0
-6899.6 8199.2 93.9
-6909.7 8210.3 95.1
-6919.8 8221.4 96.3
-6929.9 8232.5 97.4
-6940.0 8243.6 98.1
-6950.2 8254.6 98.5
-6970.4 8275.2 98.9
-6709.5 8641.6 104.5
-6709.1 8634.4 104.6
-6659.0 8634.6 103.4
-6643.6 8606.4 102.9
-6641.2 8591.6 103.0
-6638.9 8576.8 103.1
-6634.1 8563.5 103.0
-6620.2 8560.9 102.5
-6605.4 8562.7 101.9
-6590.5 8564.5 101.7
-6575.6 8566.2 101.7
-6563.6 8570.9 101.8
-6560.0 8599.9 102.5
-6701.9 7570.2 63.3
-6687.6 7565.7 64.1
-6673.3 7561.2 64.9
-6658.9 7556.7 65.5
-6644.6 7552.3 66.5
-6630.3 7547.8 67.5
-6616.0 7543.3 67.8
-6601.7 7538.9 68.0
-6581.4 7532.5 68.4
-5695.6 662.8 57.3
-5690.4 648.7 57.4
-5684.9 634.8 57.6
-5675.1 623.5 58.0
-5665.0 612.4 58.4
-5653.3 603.0 58.4
-5641.6 593.6 58.3
-5629.7 584.4 58.3
-5617.3 590.5 58.1
-5604.5 598.3 58.1
-5590.4 597.6 58.3
-5575.8 594.3 58.5
-5555.2 591.3 58.7
-5439.2 -6411.6 38.4
-5417.1 -6409.0 38.5
-5921.7 5924.1 70.7
-5935.0 5931.2 70.6
-5944.6 5925.2 70.3
-5952.3 5912.3 70.0
-5944.4 5903.1 69.9
-5923.1 5889.8 70.2
-4322.6 8341.4 111.5
-4313.1 8349.8 111.5
-4312.3 8364.7 111.7
-4311.4 8379.7 111.9
-4310.6 8394.7 112.1
-4309.7 8409.7 112.2
-4308.1 8437.2 112.4
-3897.9 8565.8 112.2
-3901.5 8551.3 111.8
-3905.2 8536.7 111.5
-3908.8 8522.2 111.1
-3912.9 8508.2 110.8
-3927.4 8512.1 110.7
-3941.9 8515.9 110.6
-3956.4 8519.8 110.5
-3970.9 8523.6 110.4
-3985.3 8527.5 110.2
-3999.8 8531.3 110.0
-4014.3 8535.2 109.8
-4021.5 8524.9 109.6
-4029.4 8512.3 109.3
-4042.0 8511.5 109.1
-4056.4 8515.9 108.8
-4070.7 8520.4 109.2
-4085.0 8524.8 109.9
-4087.7 8535.7 110.2
-4083.9 8550.2 110.4
-4080.1 8564.7 110.6
-4076.3 8579.2 110.7
-4072.5 8593.7 110.9
-4086.1 8597.9 111.5
-4084.3 8613.2 111.9
-4017.5 8536.0 109.8
-4013.8 8550.6 110.0
-4010.2 8565.1 110.2
-4006.6 8579.7 110.4
-4002.3 8594.0 110.7
-3997.7 8608.3 110.9
-3993.1 8622.6 111.0
-3988.6 8636.9 111.2
-3981.9 8658.0 111.4
-5824.1 5878.2 70.9
-5810.1 5873.0 70.8
-5796.0 5867.8 70.8
-5782.0 5862.6 70.7
-5767.9 5857.4 70.6
-5742.0 5847.8 70.3
-4001.0 7790.8 97.1
-4001.8 7802.0 97.3
-5497.2 5809.3 69.7
-5482.4 5807.0 69.9
-5467.6 5804.8 70.0
-5452.8 5802.5 70.2
-5437.9 5800.2 70.4
-5423.1 5797.9 70.5
-5408.3 5795.7 70.7
-5393.5 5793.4 70.9
-5378.6 5791.1 71.1
-5363.8 5788.8 71.3
-5338.8 5785.0 71.5
-6624.2 5479.8 43.0
-6615.2 5491.8 43.4
-6606.2 5503.8 43.7
-6597.2 5515.8 44.0
-6588.2 5527.8 44.4
-6579.2 5539.8 44.7
-6570.2 5551.8 45.0
-6561.2 5563.8 45.3
-6552.2 5575.8 45.7
-6543.2 5587.8 46.0
-6534.1 5599.8 46.3
-6525.1 5611.8 46.7
-6516.1 5623.8 47.0
-6507.1 5635.8 47.3
-6489.9 5658.7 48.1
-4858.5 5231.8 50.0
-4843.9 5235.3 51.3
-4829.4 5238.8 51.8
-4814.8 5242.3 52.2
-4800.2 5245.8 52.5
-4785.6 5249.2 52.8
-4771.0 5252.7 53.2
-4756.4 5256.2 53.6
-4741.8 5259.7 54.0
-4727.2 5263.2 54.4
-4701.5 5269.3 55.0
-4455.8 5209.1 63.7
-4440.9 5211.0 64.1
-4426.0 5212.9 64.6
-4418.0 5202.0 66.0
-4411.5 5188.5 67.6
-4400.8 5184.6 68.5
-4376.0 5192.5 68.7
-4423.5 5213.2 64.7
-4422.7 5228.2 63.4
-4419.3 5241.4 62.3
-4405.7 5247.7 62.1
-4392.1 5254.0 62.0
-4378.5 5260.3 61.9
-4364.9 5266.7 61.9
-4350.7 5271.3 61.9
-4336.0 5274.2 62.2
-4322.1 5271.1 63.1
-4302.5 5261.5 64.6
-2488.4 7047.7 89.3
-2503.3 7047.0 89.1
-2518.3 7046.4 89.1
-2533.3 7045.7 89.0
-2548.3 7045.1 88.8
-2563.3 7044.5 88.4
-2578.3 7043.8 88.0
-2593.3 7043.2 87.6
-2608.3 7042.6 87.2
-2623.2 7041.9 86.8
-2638.2 7041.3 85.8
-2653.2 7040.5 84.8
-2668.2 7039.8 83.8
-2683.2 7039.0 82.9
-2698.1 7038.2 82.1
-2713.1 7037.4 81.5
-2728.1 7036.7 81.0
-2740.9 7025.9 81.1
-2109.4 6717.8 102.0
-2116.8 6704.7 101.8
-2124.1 6691.7 101.7
-2130.4 6678.1 101.3
-2135.5 6664.0 100.0
-2140.6 6649.9 99.4
-2145.7 6635.8 98.7
-2150.8 6621.7 97.9
-2155.9 6607.6 97.2
-2161.0 6593.5 96.5
-2166.9 6579.7 95.7
-2172.7 6565.9 95.0
-2183.9 6539.7 93.5
-5733.7 5863.7 70.2
-5718.9 5861.2 70.2
-5704.1 5858.7 70.3
-5689.3 5856.3 70.4
-5674.5 5853.8 70.5
-5659.7 5851.4 70.6
-5644.9 5848.9 70.6
-5630.1 5846.4 70.7
-5615.3 5844.0 70.8
-5600.5 5841.5 70.9
-5585.7 5839.0 70.9
-5570.9 5836.6 71.0
-5556.1 5834.1 70.9
-5541.3 5831.6 70.5
-5526.5 5829.2 70.3
-5511.7 5826.7 70.0
-5497.0 5824.3 70.0
-5482.2 5821.8 70.1
-5467.4 5819.3 70.3
-5452.6 5816.9 70.5
-5437.8 5814.4 70.6
-5423.0 5811.9 70.8
-5408.2 5809.5 71.0
-5393.4 5807.0 71.2
-5378.6 5804.5 71.4
-5355.9 5800.8 71.6
-5674.9 5841.3 70.3
-5660.2 5838.6 70.4
-5645.4 5835.8 70.4
-5630.7 5833.1 70.5
-5615.9 5830.4 70.6
-5601.2 5827.7 70.7
-5586.4 5825.0 70.7
-5571.7 5822.2 70.8
-5556.9 5819.5 70.3
-5533.0 5815.1 69.9
-2669.1 8190.2 86.6
-2676.2 8160.9 84.9
-2762.6 8850.2 103.5
-2748.1 8846.2 103.0
-2733.7 8842.3 102.5
-2719.2 8838.4 102.0
-2691.0 8830.7 101.3
-2689.1 8742.8 104.4
-2690.1 8727.8 105.0
-2691.1 8712.9 105.1
-2692.1 8697.9 105.0
-2693.1 8682.9 105.0
-2694.1 8668.0 105.0
-2695.1 8653.0 105.0
-2696.1 8638.0 105.0
-2694.6 8623.1 105.0
-2692.7 8608.3 104.9
-2689.5 8582.7 104.7
-6550.0 8232.2 93.9
-6535.0 8232.9 94.6
-6520.0 8233.7 95.2
-6505.1 8234.5 95.8
-6490.1 8235.3 96.4
-6475.1 8236.1 96.6
-6460.1 8236.9 97.2
-6457.2 8248.1 97.6
-6458.6 8263.0 97.5
-6460.1 8277.9 97.5
-6461.5 8292.8 97.7
-6454.5 8300.5 97.9
-6439.5 8301.2 97.9
-6424.6 8302.0 98.3
-6409.6 8302.7 98.8
-6394.6 8303.5 99.3
-6379.6 8304.2 99.7
-6381.6 8318.0 99.6
-6571.5 7993.0 92.8
-6573.8 7978.2 92.7
-6576.1 7963.4 92.5
-6578.4 7948.6 92.2
-6580.7 7933.8 90.8
-6583.0 7918.9 90.1
-6585.4 7904.1 89.3
-6587.7 7889.3 88.6
-6590.0 7874.5 87.7
-6592.3 7859.6 86.9
-6589.8 7846.5 86.4
-6578.7 7836.4 86.2
-6567.6 7826.3 85.9
-6556.6 7816.2 85.6
-6545.5 7806.0 85.3
-6534.4 7795.9 85.2
-6523.4 7785.8 85.7
-6512.3 7775.7 86.2
-6501.2 7765.6 86.6
-6490.1 7755.4 87.0
-6475.8 7752.9 87.5
-6460.8 7751.8 87.7
-6445.9 7750.8 88.0
-6427.5 7749.5 88.0
-1926.6 7074.8 102.1
-1914.7 7083.9 102.6
-1902.7 7092.9 103.1
-1890.7 7102.0 103.4
-1901.1 7106.1 103.1
-1915.8 7109.3 102.7
-1930.5 7112.4 102.3
-1945.1 7115.6 102.0
-1959.8 7118.7 101.6
-1974.5 7121.6 101.4
-1989.3 7124.3 101.1
-2004.0 7127.1 100.9
-2018.7 7129.9 100.7
-2033.6 7131.9 100.4
-2048.5 7133.7 100.2
-2063.4 7135.6 99.9
-2078.3 7137.5 99.6
-2093.1 7139.3 99.4
-2108.0 7141.0 99.2
-2122.9 7142.7 98.9
-2137.8 7144.4 98.7
-2152.8 7146.1 98.5
-2167.7 7147.8 98.2
-2182.6 7149.5 98.0
-2197.4 7151.5 97.8
-2212.2 7154.1 97.5
-2226.9 7156.8 97.3
-2241.8 7159.1 97.1
-2256.6 7161.5 96.2
-2271.4 7163.8 95.2
-2286.2 7166.2 94.3
-2301.0 7168.8 93.3
-2315.8 7171.3 92.4
-2330.3 7174.8 92.1
-2344.3 7180.2 92.0
-2370.5 7186.6 91.6
-2520.0 7132.9 84.9
-2505.1 7130.8 85.1
-2490.2 7129.6 85.2
-2475.2 7129.1 85.3
-2460.2 7128.3 85.5
-2445.6 7125.7 85.7
-2431.4 7120.9 86.0
-2417.5 7115.6 86.3
-2400.8 7098.5 87.7
-2131.8 7052.8 99.2
-2127.7 7038.4 99.4
-2123.6 7023.9 99.6
-2119.5 7009.5 99.7
-2115.4 6995.1 100.6
-2126.7 6992.8 100.4
-2141.7 6993.5 99.9
-2156.7 6994.2 99.3
-2179.0 6995.3 98.7
-2120.4 6719.2 101.7
-2126.3 6705.5 101.6
-2132.3 6691.7 101.4
-2138.2 6678.0 101.0
-2144.2 6664.2 99.6
-2149.4 6650.1 99.1
-2154.5 6636.0 98.4
-2161.4 6617.3 97.4
-1278.2 4418.8 107.4
-1263.3 4417.2 107.1
-1248.4 4415.5 106.8
-1233.5 4413.9 106.4
-1221.3 4415.9 106.2
-1219.1 4430.7 106.0
-1216.8 4445.6 105.8
-1214.5 4460.4 105.6
-1212.3 4475.2 105.4
-1210.0 4490.1 105.3
-1205.8 4517.4 104.9
-3348.1 5975.9 72.2
-3343.1 5990.0 71.9
-3338.0 6004.2 71.7
-3332.9 6018.3 71.2
-3327.8 6032.4 70.4
-3322.7 6046.5 69.7
-3308.6 6047.5 70.9
-3294.2 6043.6 72.6
-3279.7 6039.7 73.8
-3265.2 6035.9 74.8
-3250.7 6032.0 75.7
-3236.2 6028.1 76.8
-3222.6 6026.8 77.8
-3213.7 6038.8 77.7
-3204.8 6050.9 77.6
-3195.9 6063.0 77.3
-3187.0 6075.1 77.1
-3178.1 6087.1 76.8
-3169.2 6099.2 76.5
-3160.3 6111.3 76.2
-3151.4 6123.4 76.0
-3142.5 6135.4 75.7
-3131.7 6132.6 76.2
-3119.9 6123.2 77.1
-3108.2 6113.8 78.0
-3096.5 6104.5 78.9
-3084.9 6095.0 79.8
-3065.6 6073.4 81.6
-6982.8 7254.4 58.6
-6976.8 7268.1 58.5
-6970.9 7281.9 58.3
-6964.9 7295.6 58.2
-6958.9 7309.4 58.1
-6952.9 7323.2 57.9
-6946.9 7336.9 57.8
-6940.9 7350.7 57.7
-6935.0 7364.4 57.6
-6929.0 7378.2 57.6
-6923.0 7391.9 57.5
-6914.3 7411.8 57.5
-3175.2 6053.5 78.6
-3165.8 6065.1 78.3
-3156.3 6076.8 78.1
-3146.9 6088.4 77.9
-3137.4 6100.1 77.6
-3119.1 6122.6 77.2
-2362.0 6919.4 99.5
-2372.4 6930.2 99.1
-2382.8 6941.0 98.5
-2393.3 6951.7 98.0
-2403.7 6962.5 97.4
-2414.2 6973.3 96.4
-2424.6 6984.0 95.3
-2435.1 6994.8 94.2
-2445.5 7005.6 93.1
-2456.0 7016.3 92.0
-2472.8 7033.7 90.5
-4331.4 5203.6 69.2
-4297.0 5209.8 69.6
-2496.4 7303.7 89.3
-2490.1 7290.1 90.0
-2483.8 7276.4 90.7
-2477.5 7262.8 91.4
-2464.8 7255.4 92.1
-2451.4 7248.5 92.5
-2438.1 7241.6 92.8
-2434.1 7227.6 92.3
-2431.0 7212.9 91.4
-2444.8 7215.9 91.1
-2459.3 7219.7 90.9
-2473.9 7223.0 90.7
-2488.9 7222.7 90.2
-2503.9 7222.3 89.5
-2518.0 7227.0 89.3
-2531.9 7232.6 88.8
-2545.8 7238.3 88.0
-2560.2 7239.1 87.1
-2575.0 7236.6 86.0
-2589.8 7234.1 84.9
-2604.7 7233.2 84.0
-2619.7 7233.7 83.6
-2634.7 7234.1 83.3
-2660.1 7234.9 82.7
-2302.3 8130.1 81.1
-2308.2 8116.2 80.2
-2314.1 8102.4 79.3
-2319.9 8088.6 78.3
-2325.8 8074.8 77.4
-2331.7 8061.0 78.1
-2343.2 8033.8 80.1
-2677.8 8828.1 101.0
-2663.1 8825.4 100.7
-2648.3 8822.6 100.4
-2633.6 8819.9 100.1
-2618.8 8817.2 99.8
-2604.1 8814.4 99.6
-2578.3 8809.7 99.2
-2736.3 8775.7 104.5
-2721.6 8772.8 104.2
-2695.2 8767.6 103.7
-2831.9 8619.4 108.2
-2827.3 8633.7 108.4
-2820.8 8644.8 108.4
-2805.9 8642.4 108.0
-2791.1 8640.1 107.6
-2776.3 8637.8 107.2
-2761.5 8635.4 106.8
-2747.3 8634.6 106.4
-2736.6 8641.8 106.1
-2721.7 8639.9 105.7
-2706.9 8637.9 105.3
-2692.0 8636.2 104.9
-2677.0 8635.2 104.0
-2652.2 8633.5 101.4
-4237.4 8598.7 115.4
-4244.5 8612.0 115.8
-4251.5 8625.2 116.1
-4258.5 8638.5 116.2
-4265.5 8651.8 116.2
-4272.5 8665.0 116.2
-4282.6 8684.1 116.3
-5386.5 4834.6 42.5
-5372.7 4828.7 43.4
-5358.9 4822.8 44.0
-5345.1 4816.9 44.5
-5331.3 4811.0 45.0
-5317.5 4805.1 45.6
-5303.7 4799.3 46.3
-5289.8 4794.0 46.9
-5274.8 4792.5 47.5
-5259.9 4791.0 47.4
-5245.0 4789.5 47.2
-5233.4 4780.9 47.2
-5221.7 4782.4 47.0
-5209.3 4790.9 47.0
-5197.0 4799.4 47.7
-5184.6 4807.9 48.4
-5172.2 4816.4 49.2
-5159.9 4824.9 49.9
-5147.5 4833.4 50.5
-5135.1 4841.8 51.1
-5122.8 4850.3 51.7
-5109.8 4857.7 52.3
-5095.8 4863.0 53.0
-5081.8 4868.3 53.7
-5067.6 4873.1 54.4
-5052.7 4874.0 55.2
-5037.7 4874.9 56.0
-5022.7 4875.8 56.8
-5007.7 4876.7 57.6
-4992.8 4877.6 58.4
-4977.8 4878.4 59.2
-4962.8 4879.3 59.9
-4947.8 4880.2 60.7
-4932.9 4881.1 61.5
-4917.9 4882.0 62.3
-4902.9 4882.9 63.1
-4887.9 4883.8 63.8
-4873.0 4884.7 64.6
-4858.0 4885.6 65.4
-4843.0 4886.5 66.2
-4828.1 4887.4 66.8
-4813.1 4888.2 67.1
-4798.1 4889.1 67.1
-4783.1 4890.0 67.1
-4768.2 4890.9 67.1
-4753.2 4891.8 67.4
-4738.2 4892.7 67.8
-4723.2 4893.6 68.2
-4696.2 4895.2 69.2
-5672.8 8981.4 109.1
-5667.8 8967.3 109.4
-5662.8 8953.1 109.7
-5657.8 8939.0 110.1
-5652.8 8924.8 110.3
-5647.8 8910.7 110.2
-5639.1 8886.3 109.9
-4560.9 5178.7 64.8
-4546.3 5181.8 65.0
-4531.6 5184.9 65.2
-4516.9 5187.9 65.4
-4498.4 5191.8 65.5
-6272.1 5431.4 52.6
-6286.7 5428.2 52.4
-6301.4 5425.0 52.2
-6316.0 5421.7 52.0
-6330.7 5418.5 51.8
-6345.3 5415.2 51.6
-6360.0 5412.0 51.4
-6374.6 5408.7 51.0
-6389.3 5405.5 50.6
-6403.9 5402.3 50.3
-6418.5 5399.0 50.0
-6433.2 5395.8 49.7
-6447.8 5392.5 49.3
-6449.0 5384.4 49.2
-6439.8 5372.6 49.2
-6430.5 5360.8 49.1
-6415.8 5359.6 49.3
-6400.8 5358.9 49.5
-6385.8 5358.2 49.8
-6370.9 5357.6 50.0
-6356.5 5361.6 50.3
-6342.1 5366.0 50.7
-6327.8 5370.4 50.9
-6313.5 5374.8 51.0
-6299.1 5379.2 51.2
-6284.8 5383.6 51.4
-6270.4 5388.0 51.6
-6256.0 5392.5 51.8
-5318.6 4873.6 43.9
-5305.3 4880.5 44.0
-5292.0 4887.4 43.9
-5278.7 4894.3 43.9
-5265.4 4901.2 44.1
-5252.1 4908.1 44.4
-5238.7 4915.0 44.8
-5225.4 4921.9 45.1
-5212.1 4928.8 45.4
-5198.8 4935.7 45.8
-5185.5 4933.6 46.5
-5172.2 4926.6 47.4
-5159.0 4919.6 48.4
-5145.7 4912.6 49.3
-5132.4 4905.6 50.2
-5119.2 4898.6 51.2
-5110.1 4905.6 51.3
-5103.0 4918.8 51.2
-5095.9 4932.0 51.3
-5088.7 4945.1 51.4
-5081.6 4958.3 51.5
-5074.4 4971.5 51.3
-5067.3 4984.7 50.9
-5060.2 4997.9 50.6
-5059.3 5011.1 50.1
-5066.5 5024.3 49.1
-5073.7 5037.4 48.1
-5080.9 5050.6 47.1
-5093.7 5073.9 44.9
-6901.5 8218.2 95.4
-6908.3 8225.5 96.2
-6932.5 8251.9 98.9
-6719.2 8110.8 87.8
-6718.1 8125.7 88.2
-6718.9 8140.7 88.5
-6719.7 8155.7 88.7
-6720.7 8170.7 88.7
-6722.2 8185.6 89.0
-6723.7 8200.5 90.4
-6724.4 8215.2 92.7
-6715.6 8227.4 94.0
-6708.2 8240.4 95.5
-6700.0 8256.2 97.3
-4255.8 8604.8 115.7
-4262.8 8618.1 116.0
-4269.8 8631.3 116.0
-4276.8 8644.6 116.1
-4283.8 8657.9 116.1
-4290.8 8671.1 116.2
-4297.8 8684.4 116.2
-4306.3 8696.7 116.2
-4315.0 8708.9 116.2
-4323.7 8721.1 116.1
-4332.5 8733.4 116.0
-4341.2 8745.6 115.9
-4349.9 8757.8 115.9
-4358.6 8770.0 116.0
-4367.3 8782.2 116.0
-4376.1 8794.4 116.0
-4384.8 8806.6 116.0
-4393.5 8818.8 115.9
-4402.2 8831.0 115.9
-4410.9 8843.2 115.9
-4419.6 8855.4 115.8
-4428.4 8867.6 115.8
-4437.1 8879.8 115.8
-4445.8 8892.0 115.8
-4454.5 8904.2 115.7
-4463.2 8916.5 115.6
-4471.9 8928.7 115.4
-4480.7 8940.9 115.3
-4489.4 8953.1 115.1
-4498.1 8965.3 115.0
-4506.8 8977.5 114.8
-4515.5 8989.7 114.7
-4524.3 9001.9 114.5
-4533.0 9014.1 114.4
-4541.7 9026.3 114.2
-4550.4 9038.5 114.1
-4559.4 9050.6 113.2
-4568.3 9062.6 112.1
-4577.2 9074.7 111.2
-4584.7 9087.7 110.5
-4591.9 9100.8 110.4
-4598.6 9114.2 110.4
-4606.9 9122.4 110.3
-5066.7 -8278.9 40.4
-5103.7 -8267.4 40.4
-5151.0 -8232.0 39.9
-5195.5 -8236.1 40.0
-5148.5 -8221.5 39.5
-5187.5 -8220.4 39.4
-5200.0 -8225.6 39.6
-5165.8 -8202.0 38.7
-5230.6 -8205.3 38.4
-5194.1 -8188.1 37.9
-4857.8 -7918.0 22.1
-4871.4 -7905.4 22.1
-4851.8 -7886.1 21.9
-4868.5 -7886.9 22.0
-4914.7 -7883.4 22.4
-4925.7 -7886.6 22.7
-4977.8 -7884.5 21.6
-4986.7 -7890.4 21.6
-4858.6 -7872.1 22.2
-4888.8 -7875.7 22.2
-4945.3 -7874.3 22.1
-5023.5 -7877.4 20.1
-5050.9 -7870.0 20.3
-5000.9 -7854.5 19.9
-5080.9 -7855.0 21.3
-4850.3 -7839.8 22.8
-4894.7 -7842.3 22.8
-4932.2 -7842.9 22.2
-4963.7 -7841.5 21.0
-4976.4 -7841.3 20.5
-5008.2 -7842.0 19.3
-5016.8 -7842.7 19.5
-5065.5 -7842.3 20.6
-4856.2 -7826.6 23.0
-4868.0 -7824.8 23.1
-4918.7 -7823.9 22.8
-4945.2 -7827.0 21.9
-4856.7 -7813.7 23.3
-4865.0 -7814.9 23.3
-4915.7 -7814.0 22.9
-4931.7 -7810.9 22.7
-4939.4 -7815.5 22.4
-5050.3 -7815.8 20.1
-5067.4 -7816.3 20.4
-5074.5 -7816.4 20.5
-5126.4 -7813.5 23.1
-4865.3 -7794.2 23.4
-4887.5 -7796.1 23.3
-4901.5 -7798.1 23.4
-4917.3 -7799.8 23.1
-4977.7 -7799.8 21.0
-4993.0 -7801.6 20.4
-5076.3 -7800.6 20.7
-4856.2 -7784.2 23.6
-4956.4 -7785.6 22.1
4886.9 5761.7 126.8
4824.9 5761.1 124.6
4807.9 5774.4 124.5
4779.3 5779.2 124.1
4867.9 5790.4 125.8
4842.4 5792.1 125.4
4765.2 5795.2 124.1
4896.9 5803.8 126.7
4866.6 5806.1 126.0
4813.3 5806.0 125.1
4901.0 5824.2 126.9
4869.9 5825.9 126.4
4810.4 5824.8 125.3
4763.3 5820.2 124.5
4717.9 5819.4 123.4
4686.2 5824.6 122.5
4852.4 5841.0 126.3
4792.9 5835.5 125.2
4776.9 5831.5 124.9
4694.0 5832.8 122.8
4677.4 5837.3 122.6
4660.2 5832.5 122.4
4868.1 5855.1 126.8
4751.0 5848.0 124.7
4670.1 5849.0 122.7
4868.8 5861.5 126.9
4836.8 5863.9 126.4
4746.4 5867.6 124.9
4721.7 5867.5 124.5
4676.9 5862.0 123.2
4663.5 5862.8 122.9
4881.6 5878.6 127.4
4856.4 5883.5 127.0
4820.2 5877.5 126.3
4805.0 5883.3 126.1
4796.2 5884.1 126.0
4779.5 5876.2 125.6
4708.7 5885.5 124.5
4655.7 5881.7 123.1
4839.9 5894.1 126.9
4810.3 5892.4 126.4
4780.6 5900.5 126.0
4765.7 5892.6 125.6
4706.1 5891.4 124.6
4678.8 5899.6 124.2
4853.2 5910.6 127.4
4798.6 5908.5 126.4
4752.7 5908.1 125.6
4738.4 5909.3 125.4
4716.2 5906.1 125.0
4822.4 5926.3 127.1
4798.7 5926.2 126.7
4762.0 5921.5 126.0
4750.3 5926.3 125.9
4735.0 5921.7 125.5
4679.0 5921.8 124.6
4840.3 5941.4 127.6
4793.3 5944.6 126.9
4782.7 5943.3 126.7
4827.2 5974.3 127.6
4796.4 5969.1 127.1
4765.8 5971.7 126.6
4705.6 5968.2 125.7
4765.5 5982.2 126.7
4811.0 5997.8 127.6
4791.5 6001.1 127.2
4776.2 5996.8 127.0
4734.1 6004.7 126.1
4708.7 6000.2 125.7
4732.6 6014.5 126.0
4820.8 6062.6 127.2
4807.1 6072.1 127.0
4825.2 6095.9 127.2
4814.6 6104.8 127.0
4793.3 6109.4 126.7
-985.3 2846.3 88.8
-989.6 2871.3 88.0
-991.0 2887.1 87.6
-1045.4 2885.8 86.7
-1032.2 2904.8 86.4
-1042.7 2905.8 86.2
-1061.5 2904.0 86.0
-1108.4 2905.4 85.5
-1138.6 2914.1 84.9
-1155.4 2918.6 84.6
-1080.0 2932.4 85.0
-1136.7 2964.1 83.2
-1134.0 2980.1 82.5
-5652.4 -5202.8 50.5
-5625.7 -5185.4 51.6
-5643.6 -5181.7 51.2
-5631.7 -5165.7 51.8
-5640.0 -5171.0 51.5
-5656.6 -5170.4 51.0
-5644.9 -5157.9 51.6
-5582.1 -5139.9 53.7
-5601.4 -5134.2 53.3
-5612.8 -5143.8 52.8
-5647.1 -5141.0 51.9
-5686.8 -5135.4 50.9
-5585.7 -5127.1 53.9
-5597.3 -5120.6 53.7
-5625.3 -5106.8 53.2
-5658.3 -5110.9 52.1
-5593.0 -5090.1 53.9
-5627.8 -5098.1 53.2
-5597.3 -5079.3 53.6
-5656.1 -5076.6 52.1
-5672.9 -5076.4 51.7
-5585.9 -5065.0 53.6
-5599.0 -5065.1 53.2
-5580.6 -5051.4 53.4
-5608.3 -5046.6 52.6
-5629.8 -5049.7 52.1
-5639.2 -5053.7 52.0
-5565.4 -5031.6 53.3
-5566.3 -5020.7 53.1
-5615.7 -5019.1 51.8
-5646.3 -5015.8 51.0
-5668.5 -5018.3 50.5
-5582.0 -5003.3 52.3
-5601.7 -5005.5 51.9
-5623.3 -4999.2 51.2
-5639.6 -5004.1 50.9
-5689.9 -5003.3 49.7
-5585.6 -4989.2 51.9
-5596.3 -4990.2 51.7
-5671.3 -4988.1 49.8
-5599.4 -4977.2 51.3
-5628.6 -4973.4 50.5
-5673.8 -4969.4 49.3
-5690.6 -4974.7 49.1
-5675.3 -4963.7 49.2
-5698.2 -4954.8 48.4
-5614.0 -4946.6 50.3
-5630.7 -4942.3 49.8
-5641.0 -4947.9 49.7
-5596.9 -4925.0 50.3
-5642.8 -4924.9 49.1
-5676.8 -4930.7 48.4
-5701.1 -4926.7 47.8
-5572.1 -4917.5 50.7
-5586.9 -4913.9 50.3
-5629.9 -4915.5 49.3
-5644.9 -4914.9 48.9
-5685.7 -4914.0 47.9
-5569.6 -4897.5 50.3
-5661.9 -4879.8 47.7
-5526.9 -4850.3 50.4
-5565.3 -4856.9 49.6
-5580.1 -4849.2 49.0
-5668.3 -4854.9 47.0
-5539.2 -4839.3 49.8
-5596.3 -4835.9 48.4
-5667.9 -4836.0 46.6
-5686.2 -4839.1 46.2
-5511.1 -4825.3 50.2
-5565.7 -4822.3 48.8
-5611.2 -4822.1 47.7
-5626.5 -4819.2 47.3
-5537.2 -4808.0 49.2
-5616.6 -4812.7 47.4
-5555.7 -4797.7 48.5
-5608.9 -4796.4 47.2
-5656.2 -4796.6 46.1
-5569.7 -4781.8 47.8
-5578.2 -4783.2 47.7
-5595.4 -4782.0 47.2
-5643.6 -4778.6 46.4
-5627.2 -4744.2 46.4
-5683.0 -4749.0 45.3
-5595.8 -4730.6 46.8
-5614.4 -4738.5 46.6
-5645.5 -4737.8 45.9
-5662.2 -4735.9 45.6
-5669.8 -4721.0 45.2
-5642.3 -4707.9 45.6
7425.8 147.8 124.2
7419.2 167.1 124.5
7403.7 163.4 124.0
7441.2 182.9 125.3
7430.9 184.7 125.3
7418.6 179.1 124.8
7385.2 193.8 124.6
7142.9 198.1 125.4
7417.1 213.5 125.7
7386.9 212.2 125.2
7368.3 210.2 124.8
7173.2 213.7 125.5
7416.6 223.9 125.9
7387.6 221.5 125.4
7341.5 224.7 124.8
7164.3 223.9 126.6
6921.2 230.1 120.9
7412.9 243.5 126.0
7357.1 236.1 125.2
7325.0 238.1 124.8
7216.1 235.6 124.6
7126.5 236.0 126.5
6923.3 244.9 120.9
7389.1 253.7 125.6
7236.7 259.8 123.7
7208.0 250.6 125.2
7178.6 257.3 126.9
7130.1 254.0 127.4
7118.6 257.3 126.4
6978.8 251.9 120.7
6965.8 251.4 120.9
6935.8 255.2 121.0
6917.0 259.3 121.0
7411.3 273.8 125.6
7398.2 272.2 125.4
7383.6 270.6 125.2
7371.7 274.8 125.0
7178.1 266.7 127.0
7128.0 271.3 126.1
7442.6 286.0 125.9
7411.8 281.2 125.5
7370.7 284.5 125.0
7275.0 285.6 124.2
7232.3 288.1 124.3
7204.1 285.7 125.8
7127.1 283.2 125.2
7115.5 283.6 124.4
7042.8 282.1 120.2
7021.1 288.6 120.4
7010.0 290.1 120.6
6936.3 285.0 121.0
7398.5 303.2 125.2
7320.0 301.7 124.7
7311.0 300.0 124.6
7204.9 298.7 125.9
7157.6 298.4 126.2
7132.0 303.5 124.2
7040.9 300.3 120.3
7026.1 300.3 120.5
7009.8 300.0 120.7
7396.9 319.1 125.3
7295.8 318.0 124.5
7262.7 317.7 124.1
7185.9 312.9 127.1
7143.9 318.0 124.0
6996.0 314.4 121.0
6946.8 314.2 121.1
7433.7 325.8 125.5
7401.2 334.3 125.3
7383.6 327.9 125.2
7357.0 330.9 125.0
7275.1 333.1 124.4
7263.9 333.2 124.2
7231.9 330.7 124.7
7220.0 334.7 125.4
7117.3 331.9 121.6
7089.5 330.3 121.0
7073.7 327.6 120.8
7035.3 325.9 120.6
6990.2 327.8 121.2
6967.6 330.1 121.3
6952.6 333.8 121.2
6858.0 331.9 120.2
7321.6 341.6 124.8
7279.5 348.6 124.5
7266.6 348.0 124.4
7173.3 344.9 124.2
7104.4 342.7 121.2
7072.6 349.7 121.0
7007.9 343.7 121.1
6980.8 349.0 121.5
6903.3 343.5 121.1
6878.0 340.8 120.6
7431.0 359.5 125.4
7371.2 363.6 125.2
7324.9 364.6 124.8
7160.8 359.0 122.6
7096.6 364.2 121.3
7055.5 363.2 120.9
7041.7 356.9 120.8
6862.3 362.4 120.3
7473.7 374.9 125.3
7383.4 380.1 125.0
7343.4 378.0 125.0
7307.1 378.0 124.7
7297.7 374.5 124.7
7235.3 375.0 125.0
7141.3 372.9 121.9
7133.9 375.7 121.7
6982.2 377.9 121.6
6964.2 376.7 121.5
6795.9 371.4 118.9
7492.8 386.8 125.3
7431.1 389.5 124.7
7400.9 388.4 124.6
7382.4 389.4 124.7
7327.1 394.4 124.8
7310.7 389.6 124.8
7293.7 394.9 124.7
7266.6 388.1 124.5
7231.4 385.3 125.3
7164.3 386.7 122.4
7070.6 386.0 121.3
7052.4 392.5 121.2
7036.4 386.8 121.1
6996.6 391.1 121.6
6983.8 390.9 121.7
6946.5 388.6 121.4
6922.4 393.8 121.3
6861.6 388.9 120.2
6755.2 389.0 118.0
7439.7 406.3 124.7
7385.9 402.1 124.2
7373.5 408.6 124.1
7335.9 409.4 124.3
7322.7 400.3 124.7
7172.6 401.5 122.5
7074.1 406.3 121.5
6991.0 406.7 121.7
6967.3 406.6 121.6
6936.5 401.1 121.4
6922.8 405.4 121.4
6877.2 400.3 120.6
6736.5 405.1 117.6
7596.5 423.7 125.9
7583.3 420.4 125.7
7568.2 424.9 125.5
7551.5 424.3 125.3
7521.5 416.3 125.2
7502.0 422.4 125.0
7490.5 419.3 125.0
7455.3 424.1 124.7
7432.8 416.2 124.5
7417.0 421.2 124.3
7261.1 418.9 124.4
7191.9 415.3 122.9
7157.1 425.0 122.3
7126.0 425.0 122.0
7026.5 418.9 121.5
6994.4 421.1 121.8
6979.4 423.0 121.7
6944.7 415.5 121.4
6904.5 420.7 121.1
6815.4 419.7 119.2
6737.4 419.6 117.6
6707.7 424.5 116.5
7590.1 435.2 125.8
7549.0 439.2 125.3
7502.5 431.9 124.9
7458.4 434.6 124.6
7359.6 435.6 123.4
7338.7 432.5 123.5
7208.1 430.6 123.2
7156.3 436.8 122.4
7130.5 430.6 122.1
7040.1 431.9 121.5
7011.6 431.0 121.8
6779.8 436.4 118.5
6741.8 440.0 117.7
7519.6 448.2 124.9
7449.3 451.3 124.4
7368.2 453.1 123.4
7326.3 450.5 123.0
7307.2 449.3 123.2
7292.4 448.1 123.3
7221.1 454.0 123.2
7209.3 447.9 123.1
7186.2 451.4 122.7
7127.6 452.6 122.3
7026.6 447.3 121.8
6990.5 452.9 121.9
6904.4 452.4 121.1
6885.9 446.5 120.7
6872.9 454.5 120.4
6842.5 449.7 119.8
6798.7 452.0 118.9
7582.2 462.9 125.7
7368.5 467.1 123.3
7337.9 467.2 122.9
7310.0 467.7 122.5
7279.9 469.3 122.6
7237.3 464.8 122.8
7200.5 466.3 122.9
7145.1 468.9 122.5
7058.4 466.2 121.8
7026.4 468.1 122.0
6995.6 465.4 122.0
6936.2 464.0 121.6
6916.8 466.0 121.4
6892.3 465.6 120.8
6844.8 465.9 119.8
6780.1 461.9 118.5
6740.8 467.8 118.1
7620.2 478.2 126.2
7598.7 478.6 125.9
7568.4 479.2 125.5
7491.0 483.3 124.5
7477.3 483.8 124.3
7461.5 479.1 124.1
7343.1 483.5 122.8
7328.3 481.8 122.6
7280.3 480.0 122.4
7263.2 476.0 122.6
7220.4 481.2 122.7
7084.6 477.5 122.1
7022.6 480.8 122.1
6944.8 485.0 121.7
6938.8 479.8 121.6
6919.9 476.0 121.4
6908.9 484.7 121.2
6879.1 478.2 120.5
6844.5 479.8 119.8
6810.0 479.3 119.1
6804.3 478.0 119.0
6782.4 482.6 118.7
7579.7 491.7 125.6
7567.3 497.8 125.4
7503.2 493.6 124.6
7493.0 491.3 124.5
7444.3 497.6 123.8
7418.2 494.9 123.7
7395.4 490.2 123.5
7359.2 496.9 123.0
7335.1 496.5 122.7
7311.3 498.7 122.6
7232.3 497.6 122.5
7118.7 490.2 122.5
6991.3 496.7 122.0
6977.6 496.5 121.9
6948.1 491.4 121.7
6930.0 495.8 121.6
6922.1 497.1 121.4
6885.4 496.5 120.7
6846.4 497.8 119.8
6801.3 493.9 119.1
6770.2 492.8 118.8
6742.8 496.2 118.6
7609.8 513.3 126.0
7577.8 508.7 125.6
7534.3 506.0 125.0
7520.0 505.9 124.8
7507.9 511.6 124.6
7431.0 511.4 123.6
7387.7 506.5 123.3
7369.7 511.0 123.0
7289.7 509.6 122.7
7253.4 505.5 122.6
7235.0 511.8 122.6
7203.8 506.6 122.5
7193.2 505.5 122.6
7142.6 505.6 122.8
7072.9 509.7 122.3
7039.7 506.2 122.1
7021.6 507.3 122.3
6992.8 514.9 122.1
6968.3 510.9 121.9
6947.0 513.0 121.7
6818.6 505.5 119.4
6796.9 511.2 119.3
7582.4 525.5 125.6
7566.9 526.7 125.4
7529.9 527.0 124.9
7404.2 527.7 123.3
7387.9 529.4 123.1
7373.5 525.0 122.9
7353.7 527.3 122.9
7283.7 523.4 122.8
7265.9 528.8 122.8
7200.4 521.6 122.7
7139.9 526.4 122.6
7057.9 524.7 122.3
7021.7 526.2 122.3
6968.8 528.7 121.9
6944.7 525.0 121.8
6917.3 522.9 121.3
6906.4 522.6 121.1
6878.1 526.0 120.5
6829.9 520.5 119.7
6814.3 520.5 119.6
6785.1 528.3 119.4
7591.7 540.5 125.8
7575.8 535.9 125.5
7560.2 535.7 125.3
7536.0 536.2 125.0
7439.8 537.2 123.7
7380.0 540.9 123.1
7356.1 537.4 123.0
7219.3 541.9 122.9
7171.5 544.6 122.8
7155.7 535.8 122.6
7110.1 538.0 122.7
7038.4 540.3 122.4
7013.3 540.5 122.4
6915.2 537.4 121.3
6801.6 539.6 119.7
6772.0 536.8 119.7
6744.2 542.8 119.6
7534.6 554.2 125.4
7461.3 559.9 124.6
7446.7 554.9 124.3
7428.9 559.9 124.2
7382.7 554.5 123.3
7373.2 559.1 123.4
7313.7 554.6 123.2
7239.4 552.9 123.1
7101.0 559.2 122.7
7070.9 553.8 122.6
7028.8 558.9 122.5
7004.7 554.6 122.3
6991.6 553.0 122.2
6975.7 554.4 122.1
6894.0 560.0 120.9
6878.7 557.7 120.8
6844.1 554.3 120.3
6833.3 557.7 120.1
6756.6 558.5 120.4
7569.0 566.7 125.8
7538.0 566.5 125.6
7491.7 568.7 125.2
7457.0 570.3 124.9
7410.9 570.6 123.9
7401.6 572.0 123.6
7324.4 565.2 123.4
7268.1 566.1 123.3
7216.3 571.3 123.2
7160.0 566.3 122.9
7129.8 574.4 122.9
7083.7 574.0 122.7
7067.5 568.5 122.6
7036.1 567.3 122.5
6931.9 565.9 121.6
6923.6 565.5 121.4
6909.0 570.3 121.2
6825.4 572.9 120.6
6801.1 567.0 120.5
6765.1 574.5 120.9
7641.1 581.9 126.3
7568.5 581.4 125.8
7534.1 587.2 125.5
7429.1 584.6 124.6
7403.9 582.0 123.7
7382.8 584.9 123.7
7358.6 585.0 123.7
7239.0 589.9 123.4
7218.7 583.5 123.3
7201.3 581.3 123.2
7187.5 582.9 123.2
7145.6 586.6 123.1
7057.1 581.2 122.6
6932.8 583.9 121.7
6856.7 587.8 121.0
6765.1 585.6 121.2
7640.7 600.2 126.2
7611.1 601.3 126.0
7599.3 598.3 125.9
7562.2 598.6 125.7
7538.7 598.5 125.5
7416.6 595.8 124.1
7335.6 600.8 123.9
7280.7 598.9 123.7
7247.9 596.1 123.5
7203.5 598.5 123.4
7141.2 603.0 122.9
7087.4 599.1 122.6
7066.2 596.0 122.5
7012.5 599.9 122.3
6996.6 601.6 122.2
6979.2 599.4 122.1
6909.4 596.9 121.4
6888.9 603.7 121.4
6860.0 602.5 121.4
6843.5 600.4 121.4
6829.0 599.5 121.5
7684.0 614.8 126.4
7582.9 616.7 125.7
7564.8 619.8 125.6
7533.6 611.0 125.4
7520.6 619.1 125.3
7463.2 617.4 124.9
7429.4 619.4 124.5
7410.3 619.6 124.3
7388.4 612.5 124.1
7368.8 613.4 124.1
7340.4 612.5 124.0
7297.1 614.5 123.9
7235.4 613.3 123.5
7200.3 618.9 123.2
7179.4 618.3 123.0
7156.2 616.2 122.9
7126.7 617.0 122.7
7066.5 613.7 122.3
7040.7 618.7 122.1
7019.9 614.0 122.1
6982.5 612.5 121.9
6963.3 619.3 122.0
6870.9 617.3 121.8
6857.6 618.4 121.9
6800.1 617.5 122.1
7697.8 627.7 126.4
7687.6 633.1 126.3
7635.8 634.6 126.0
7608.2 634.3 125.8
7582.6 634.9 125.6
7565.6 626.8 125.5
7487.4 626.3 125.0
7457.9 629.7 124.8
7426.0 627.0 124.4
7414.7 628.0 124.4
7379.7 631.1 124.3
7247.8 628.8 123.4
7142.3 632.2 122.6
7050.2 635.1 121.9
7037.1 631.1 122.0
6893.3 633.9 121.7
6782.2 633.5 122.7
6765.9 627.9 122.3
6741.5 627.8 121.0
7672.9 641.9 126.2
7623.8 646.0 125.8
7608.9 645.4 125.7
7560.8 646.9 125.4
7478.1 648.5 124.9
7445.1 646.7 124.7
7434.6 646.1 124.6
7410.1 646.7 124.4
7380.1 647.5 124.1
7265.6 643.9 123.4
7238.7 648.8 123.1
7216.8 641.7 123.0
7193.4 646.7 122.8
7142.8 643.2 122.5
7099.7 645.2 122.2
7084.0 644.9 122.1
7053.5 648.2 121.8
6848.1 644.9 122.2
6814.4 648.5 122.5
7638.8 658.1 125.9
7567.8 663.8 125.5
7530.9 661.2 125.2
7413.6 664.8 124.5
7367.9 658.7 124.0
7252.5 663.7 123.0
7176.6 657.0 122.6
7084.9 664.8 121.8
7072.6 661.0 121.8
7044.6 655.6 121.7
7006.1 664.9 121.4
6994.1 661.1 121.7
6887.5 660.0 121.9
6814.9 659.3 122.4
6782.7 658.6 122.5
7627.5 673.2 125.8
7583.0 673.7 125.6
7569.3 679.1 125.6
7418.1 672.8 124.6
7355.3 679.4 124.0
7328.6 671.2 123.7
7291.4 679.6 123.3
7238.1 679.2 122.8
7173.2 671.1 122.4
7130.5 674.5 122.0
7111.5 672.6 121.9
7038.0 673.7 121.5
7012.3 674.3 121.4
6995.5 674.3 121.8
6966.0 678.1 122.6
6908.8 679.6 121.8
6879.0 671.8 122.0
6858.2 676.7 121.9
6843.3 670.7 122.1
6829.4 676.7 122.0
6744.6 679.2 122.5
7673.7 688.0 126.2
7629.4 686.7 125.9
7612.2 691.0 125.9
7589.8 692.4 125.8
7439.8 689.6 124.9
7429.0 695.0 124.8
7414.3 691.4 124.7
7352.9 692.3 124.0
7342.2 690.3 123.9
7298.7 688.7 123.5
7283.8 693.4 123.3
7250.2 689.9 123.0
7094.9 690.0 121.6
7088.4 686.6 121.6
7067.6 686.4 121.5
7057.5 686.3 121.4
7025.9 694.6 121.3
7010.5 691.1 121.6
6919.8 688.1 121.6
6903.7 686.5 121.7
6877.5 694.0 121.6
6863.4 690.0 121.7
6828.9 689.3 121.8
6799.9 692.9 121.9
6782.0 691.2 122.0
7545.3 701.3 125.6
7502.6 702.6 125.4
7486.6 704.6 125.3
7430.3 700.3 124.9
7402.1 703.3 124.6
7117.6 701.3 121.7
7099.7 706.0 121.5
7088.5 704.0 121.4
6975.0 702.8 122.6
6920.6 703.2 121.6
6854.8 703.8 121.4
6845.4 705.5 121.4
6834.6 704.6 121.5
6794.9 703.0 121.8
6768.7 704.9 121.9
6756.1 703.9 122.0
7682.8 718.3 126.2
7642.2 719.6 126.1
7625.0 718.5 126.0
7520.5 721.8 125.5
7502.0 722.1 125.5
7478.9 721.6 125.3
7442.9 721.8 125.1
7416.1 723.4 124.9
7389.5 722.1 124.6
7357.4 719.6 124.2
7313.7 718.7 123.8
7264.7 717.5 123.3
7222.5 722.2 122.9
7185.9 719.1 122.5
6962.9 717.0 123.1
6885.2 721.5 121.0
6854.7 719.4 121.2
6787.4 724.0 121.5
7653.4 736.0 126.1
7531.9 739.6 125.6
7503.8 736.4 125.5
7433.4 730.8 125.1
7416.6 734.5 125.0
7293.6 732.4 123.9
7233.4 738.9 123.7
7205.1 737.9 123.4
7113.9 732.1 122.4
7057.2 734.6 122.0
7041.5 730.7 121.5
7011.5 737.7 122.1
6998.2 737.9 122.4
6860.4 738.7 120.8
6816.2 738.0 121.1
6771.3 736.1 121.5
6740.4 736.3 121.7
6697.4 730.5 122.0
7717.8 747.2 126.4
7703.9 748.7 126.4
7614.3 745.6 126.0
7566.2 752.3 125.8
7509.4 754.2 125.6
7455.3 746.2 125.4
7410.2 751.7 125.7
7395.8 755.1 125.8
7388.2 745.8 125.3
7372.7 753.1 125.5
7314.2 747.6 124.8
7254.1 748.4 124.3
7231.1 753.8 124.3
7222.5 754.0 124.3
7129.5 751.6 123.4
7041.9 750.1 122.1
7014.3 751.0 122.2
6966.6 749.1 123.3
6945.3 750.8 123.2
6755.8 748.3 121.4
6663.2 750.2 121.4
7671.9 767.0 126.2
7649.6 770.1 126.2
7635.5 767.5 126.1
7595.6 767.9 126.0
7505.7 761.6 125.6
7474.5 764.9 125.5
7457.4 767.7 125.8
7432.8 763.2 126.2
7417.5 767.1 126.5
7321.5 760.2 125.4
7310.4 763.5 125.4
7266.4 765.5 125.1
7238.1 769.3 125.1
7218.3 763.4 124.6
7177.6 769.9 124.6
7073.6 761.0 123.3
6967.3 763.0 123.5
6878.1 764.2 121.4
6803.3 768.8 121.5
6753.6 764.9 121.6
6739.6 766.0 121.7
7725.8 778.0 126.5
7701.7 782.2 126.4
7672.1 776.9 126.3
7655.1 782.4 126.3
7638.9 777.0 126.2
7605.9 777.5 126.1
7547.4 782.1 125.9
7499.7 780.6 125.7
7460.1 778.4 125.9
7367.2 778.9 126.6
7359.5 779.1 126.5
7322.1 778.4 126.2
7246.4 776.5 125.4
7239.5 776.8 125.4
7148.1 781.9 124.9
7038.2 783.2 123.0
7025.7 784.1 122.9
6960.3 782.8 123.8
6892.7 778.5 122.3
6841.3 783.1 121.7
6697.5 776.3 122.0
7700.9 796.6 126.4
7624.3 791.1 126.2
7612.9 798.6 126.2
7589.8 796.1 126.1
7551.3 797.1 126.0
7516.1 793.3 125.8
7383.5 792.4 127.3
7367.3 793.2 127.2
7359.0 796.3 127.2
7260.2 796.1 126.4
7251.9 793.4 126.2
7214.9 795.3 126.0
7162.2 793.4 125.5
7132.1 796.8 125.3
7100.8 796.2 125.0
7042.7 790.8 123.3
6952.3 799.4 124.2
6917.4 793.2 123.5
6794.9 790.9 122.1
6721.4 797.7 122.2
6710.8 790.3 122.1
6690.4 797.7 122.2
7605.4 810.0 126.2
7595.9 814.8 126.1
7504.0 809.0 125.9
7444.5 812.3 126.9
7372.2 812.5 128.0
7337.9 811.4 127.7
7224.5 813.5 126.9
7200.5 811.6 126.6
7162.7 810.3 126.2
7131.6 807.6 125.8
7115.8 811.7 125.8
7073.7 812.4 125.1
7043.2 808.6 123.8
7025.7 814.4 123.8
6999.6 813.3 123.5
6920.9 806.8 123.9
6907.8 807.1 123.6
6825.6 807.7 122.3
6771.7 806.8 122.5
7695.3 827.7 126.0
7621.5 830.1 125.9
7610.8 826.8 126.0
7508.2 829.0 126.0
7472.6 822.9 126.6
7458.4 823.8 126.9
7381.5 829.7 128.6
7325.2 823.4 128.1
7229.8 829.4 127.6
7217.3 829.2 127.5
7133.4 825.2 126.5
7112.9 823.1 126.3
7085.2 821.8 125.7
7013.7 826.7 124.0
6975.3 821.7 123.9
6967.4 827.8 124.2
6923.3 821.3 124.2
6872.0 829.4 123.0
6815.8 827.5 122.8
6772.4 828.2 122.9
6707.2 829.5 122.4
6663.9 829.7 121.4
7731.4 844.9 125.7
7683.6 840.3 125.8
7594.6 843.5 125.7
7518.6 842.1 125.9
7484.7 836.4 126.4
7471.3 839.9 126.8
7439.8 838.9 127.6
7412.3 837.2 128.1
7404.1 842.1 128.4
7384.8 836.9 128.7
7351.1 841.7 129.1
7341.3 840.6 129.0
7310.7 842.7 128.8
7238.3 839.1 128.1
7216.6 840.9 128.0
7205.1 842.2 127.9
7104.5 842.5 126.8
7082.8 840.9 126.3
7065.1 836.6 125.4
7043.7 844.4 124.9
7029.1 836.9 124.5
7008.7 841.6 124.3
6995.6 841.4 124.3
6920.9 841.6 124.3
6886.9 841.7 123.5
6876.9 841.6 123.2
6697.8 843.1 122.3
7717.8 858.1 125.5
7699.1 850.3 125.7
7669.4 855.0 125.6
7643.4 858.0 125.5
7620.7 859.8 125.5
7553.3 851.3 125.7
7484.8 850.5 126.2
7416.6 850.1 128.3
7396.8 855.3 128.8
7309.2 853.6 129.3
7267.8 852.5 128.9
7233.6 859.7 128.9
7118.8 854.1 127.5
7022.7 860.1 125.1
6965.4 856.2 124.6
6774.5 852.4 122.9
6743.6 853.9 122.8
6722.3 851.9 122.5
6694.3 855.0 122.2
6679.1 858.8 121.7
7729.3 874.8 125.3
7703.4 869.9 125.4
7607.4 865.6 125.5
7597.1 872.2 125.5
7559.8 866.9 125.7
7551.9 870.1 125.7
7516.5 873.9 125.8
7490.6 874.6 125.9
7433.0 874.6 127.6
7399.7 870.7 128.7
7385.4 874.7 129.2
7354.5 869.9 129.9
7337.7 874.0 130.4
7292.5 872.6 130.0
7282.2 872.6 129.9
7261.4 874.6 129.8
7248.5 870.4 129.5
7215.8 871.9 129.2
7155.1 870.3 128.6
7084.2 867.6 127.1
7071.6 866.3 126.5
7027.5 870.8 125.5
6991.4 871.5 125.1
6846.1 867.0 123.2
7745.2 881.2 125.2
7731.1 881.7 125.2
7687.7 882.1 125.2
7643.0 889.1 125.3
7536.4 887.3 125.7
7519.6 888.9 125.8
7505.7 888.5 125.9
7412.8 882.5 128.1
7385.3 887.5 128.9
7343.1 882.6 130.4
7289.7 888.8 130.6
7262.6 882.1 130.1
7249.6 887.1 130.2
7218.3 886.0 129.9
7160.4 889.4 129.5
6844.9 882.2 123.5
6832.8 881.1 123.3
6816.6 883.8 123.2
6752.2 883.4 122.7
6725.9 885.4 122.6
6662.2 881.4 121.2
7747.7 901.7 125.0
7733.9 904.4 124.9
7687.6 905.0 125.1
7672.7 895.6 125.2
7620.6 903.7 125.3
7610.1 904.1 125.4
7599.0 904.2 125.4
7569.4 900.2 125.5
7472.2 902.1 126.1
7433.0 904.8 127.2
7411.8 899.0 128.0
7310.1 903.0 131.1
7296.6 900.4 130.9
7267.9 900.6 130.8
7191.9 904.4 130.4
7177.1 901.5 130.1
7164.6 900.5 130.0
7082.4 900.6 128.0
7012.4 903.4 126.1
6989.9 896.9 125.6
6961.8 902.9 125.5
6906.9 897.3 124.6
6878.1 902.6 124.3
6840.6 898.8 123.8
6784.7 897.0 123.0
6774.4 901.6 123.0
7743.6 918.2 124.7
7698.2 917.8 124.8
7598.6 919.7 125.0
7577.6 913.5 125.2
7401.7 911.1 128.3
7365.5 911.5 129.5
7275.8 914.0 131.0
7267.9 911.2 130.9
7218.5 913.7 130.7
7185.7 919.3 130.5
7058.6 913.6 127.5
7035.3 916.7 126.9
7028.9 917.2 126.8
6993.1 911.6 126.0
6949.8 918.0 125.8
6811.6 913.5 123.7
6708.8 914.0 122.3
7744.0 925.3 124.9
7734.0 934.3 124.7
7696.4 933.8 124.4
7650.5 934.8 124.5
7628.3 925.7 124.8
7610.9 932.2 124.6
7577.6 928.8 124.8
7539.3 933.8 125.2
7462.8 926.6 126.4
7442.6 932.6 127.0
7386.8 932.1 128.7
7352.1 925.4 129.9
7305.9 931.9 131.4
7279.6 934.3 131.3
7268.1 929.4 131.1
7244.9 930.3 130.9
7156.2 930.7 130.5
7146.5 929.8 130.4
7111.6 926.8 129.5
7026.8 925.4 127.0
6964.1 928.2 126.1
6876.1 925.2 124.7
6809.9 932.4 124.0
6800.6 926.1 123.8
6781.6 926.1 123.5
6713.1 928.0 122.4
6677.4 926.0 121.8
7716.0 943.5 124.1
7695.7 944.4 124.2
7687.5 944.0 124.2
7590.9 941.5 124.5
7568.8 947.9 124.8
7521.8 941.7 125.5
7459.9 942.7 126.5
7433.2 946.6 127.3
7366.1 944.1 129.4
7356.0 941.4 129.7
7340.9 949.6 130.2
7278.4 946.9 131.5
7246.4 942.6 131.1
7223.0 943.0 130.9
7103.8 944.8 129.5
7080.4 949.3 129.2
7071.3 942.1 129.0
7037.6 945.0 127.8
6875.3 943.7 125.0
6827.8 949.6 124.6
6724.4 948.8 122.9
7628.9 961.1 124.0
7562.2 964.5 125.1
7553.1 958.3 125.2
7499.9 956.3 126.0
7430.1 956.4 127.5
7417.4 956.1 127.8
7399.2 959.3 128.4
7338.9 964.8 130.2
7305.7 955.3 131.4
7278.1 962.1 131.7
7192.9 956.2 130.8
7100.3 962.0 129.6
7049.7 963.7 128.9
7038.1 956.2 128.3
6983.6 964.4 127.3
6800.5 964.3 124.5
6782.2 962.2 124.3
6706.2 957.8 122.2
6697.2 959.3 122.1
6684.5 959.3 122.0
7698.9 978.1 124.2
7650.6 971.9 123.7
7593.3 975.2 124.6
7578.4 978.5 124.9
7538.7 972.2 125.5
7463.8 979.3 126.7
7430.1 971.4 127.5
7369.3 973.1 129.3
7336.9 978.0 130.3
7293.2 976.4 131.7
7189.7 971.0 130.7
7159.7 974.0 130.5
7112.8 970.9 130.0
7072.8 978.2 129.3
6979.8 980.1 127.6
6847.5 971.3 125.2
6802.0 979.5 124.8
6769.1 973.6 124.3
6739.5 975.1 123.8
7530.0 991.6 125.8
7463.9 988.7 126.8
7416.4 986.3 128.0
7354.0 994.1 129.8
7253.9 993.7 131.9
7232.1 989.3 131.6
7169.7 990.1 130.6
7035.5 995.0 129.0
7005.7 989.1 128.2
6993.2 985.5 127.9
6848.4 994.8 125.7
7620.8 1007.6 123.9
7610.2 1004.2 124.4
7532.3 1003.3 125.8
7442.3 1006.7 127.3
7404.5 1000.7 128.4
7373.6 1002.0 129.3
7311.5 1007.7 131.1
7251.0 1002.3 132.0
7234.5 1008.8 131.8
7221.9 1002.0 131.6
7178.2 1006.6 131.0
7162.2 1007.6 130.8
7149.3 1002.0 130.5
7085.3 1001.0 129.6
6966.7 1004.3 128.0
6849.1 1002.3 126.0
7604.9 1021.1 123.9
7529.7 1020.8 126.0
7523.0 1020.4 126.1
7457.3 1019.6 127.1
7444.8 1017.7 127.3
7381.9 1024.0 129.2
7368.7 1024.1 129.6
7319.8 1015.3 130.9
7313.2 1021.7 131.2
7266.0 1024.8 132.4
7245.1 1017.1 132.0
7217.8 1023.9 131.7
7200.0 1019.6 131.4
7145.5 1019.0 130.6
7134.2 1018.2 130.5
7041.7 1023.0 129.3
7022.8 1020.1 129.1
6978.0 1021.4 128.7
6939.2 1015.3 127.9
7493.2 1034.5 126.7
7444.9 1037.2 127.5
7352.1 1034.3 130.1
7220.6 1034.0 131.8
7190.0 1038.9 131.4
7146.3 1036.6 130.8
7052.2 1036.9 129.7
6997.4 1035.1 129.3
6966.5 1033.1 129.0
6949.8 1030.2 128.6
6819.1 1034.6 126.3
7554.2 1051.3 124.2
7535.0 1054.7 124.7
7514.8 1047.9 125.6
7491.1 1050.1 126.3
7479.0 1049.0 126.7
7427.5 1048.5 127.9
7412.0 1047.9 128.4
7370.9 1051.6 130.0
7309.4 1052.9 132.2
7263.5 1048.6 132.6
7223.7 1046.7 131.9
7187.0 1049.9 131.4
7172.3 1053.2 131.2
7140.7 1046.9 130.8
7134.0 1049.3 130.7
7082.0 1045.8 130.0
7056.4 1054.4 130.3
7012.6 1050.9 129.9
6922.7 1053.2 128.7
6846.0 1054.0 127.3
7620.9 1060.8 121.0
7608.9 1060.9 122.1
7594.6 1069.4 122.2
7509.3 1062.7 125.2
7444.2 1061.5 127.3
7428.0 1069.4 127.6
7418.9 1062.5 128.1
7397.6 1069.2 128.6
7379.8 1060.5 129.8
7368.5 1066.1 130.0
7329.2 1062.8 131.6
7239.4 1069.8 132.2
7204.3 1068.2 131.8
7187.3 1066.9 131.5
7145.3 1067.1 130.9
7086.0 1069.9 130.5
6976.7 1069.0 130.3
6947.4 1060.3 129.6
6938.4 1060.9 129.4
7589.9 1076.5 122.1
7461.8 1076.0 126.2
7419.2 1079.0 127.5
7260.6 1084.3 131.9
7247.1 1081.0 132.0
7220.4 1079.5 132.0
7209.1 1082.5 132.0
7156.0 1081.9 131.2
7143.9 1079.8 131.0
7073.3 1084.4 130.9
7043.8 1084.6 131.1
6918.6 1083.2 129.6
6781.2 1079.9 126.3
7592.4 1093.6 120.6
7458.2 1094.3 125.8
7446.4 1091.5 126.4
7430.6 1093.5 126.8
7388.0 1096.3 127.7
7359.4 1099.2 128.4
7321.8 1095.2 130.2
7247.4 1090.4 131.8
7223.9 1090.9 131.8
7204.6 1092.4 131.8
7144.4 1098.6 131.1
7057.2 1093.0 131.2
7025.1 1093.7 131.4
7012.2 1091.3 131.2
6996.0 1098.9 131.4
6948.6 1096.6 130.9
6889.3 1091.4 129.2
6873.8 1094.2 129.0
6768.3 1095.9 125.6
7579.9 1108.0 121.0
7530.3 1114.3 122.6
7505.9 1111.1 123.6
7416.7 1106.1 126.8
7366.2 1110.9 127.8
7274.7 1112.5 130.2
7125.5 1108.0 131.1
7110.4 1112.7 131.3
7059.4 1112.7 131.6
7039.2 1114.7 131.8
7021.3 1105.2 131.7
6977.3 1110.8 131.7
6953.5 1108.1 131.3
6935.2 1113.6 131.1
6887.3 1115.0 129.9
6831.4 1112.4 128.7
7446.1 1124.0 125.6
7386.8 1127.7 126.8
7368.0 1123.4 127.4
7279.8 1127.9 129.8
7265.5 1125.0 130.4
7209.0 1127.9 130.8
7191.5 1122.7 130.9
7127.3 1122.8 131.4
7100.5 1123.2 131.6
7026.3 1126.2 132.1
6983.7 1128.1 132.3
6962.0 1129.2 132.2
6841.6 1122.4 129.2
6832.5 1123.4 129.1
6819.3 1129.5 128.5
6785.7 1121.1 126.3
7519.8 1140.7 122.9
7507.2 1140.4 123.3
7387.3 1139.1 126.5
7313.7 1144.9 128.1
7282.1 1140.0 129.3
7222.3 1140.8 130.9
7206.5 1137.6 131.0
7084.2 1143.1 132.1
7021.0 1140.3 132.5
7013.6 1135.9 132.4
6962.1 1136.7 132.4
6920.4 1135.5 131.4
6887.1 1140.0 130.6
7531.4 1152.9 122.6
7521.6 1156.0 122.9
7402.0 1152.9 125.7
7367.0 1156.0 126.3
7341.9 1156.0 126.8
7322.9 1158.8 127.3
7283.7 1160.0 128.6
7268.0 1151.6 129.3
7245.7 1153.3 129.9
7020.1 1158.5 132.9
7007.5 1158.5 133.0
6994.7 1155.7 133.0
6979.1 1157.0 133.2
7548.5 1167.1 122.2
7503.8 1174.2 123.4
7485.2 1170.3 123.8
7464.0 1171.8 124.3
7442.3 1170.1 124.7
7344.6 1173.5 126.2
7188.7 1167.0 131.1
7171.7 1172.8 131.4
7111.3 1167.6 132.2
7082.1 1167.0 132.5
7043.2 1166.9 132.8
6981.7 1166.9 133.3
7548.9 1184.7 122.2
7442.0 1188.9 124.6
7430.4 1185.2 124.8
7415.6 1189.7 124.9
7365.0 1189.0 125.2
7349.9 1182.1 125.7
7341.3 1181.4 126.0
7326.5 1189.8 126.3
7310.0 1188.1 126.8
7253.8 1183.1 128.8
7159.9 1183.9 131.3
7081.3 1186.8 132.3
7073.7 1187.7 132.4
7036.9 1181.5 133.0
7022.3 1188.3 133.0
6952.4 1186.0 134.0
6921.2 1183.8 132.9
6902.1 1186.2 132.1
6893.3 1186.6 131.7
7462.7 1201.0 124.3
7445.1 1202.4 124.5
7357.1 1202.0 125.7
7312.8 1200.5 126.9
7193.8 1197.6 130.2
7160.3 1201.4 130.7
7132.2 1202.0 131.2
7112.3 1203.5 131.5
6990.4 1195.9 133.3
6984.4 1199.3 133.3
6963.1 1197.7 133.4
6950.3 1203.5 133.4
7476.7 1213.8 124.0
7349.9 1210.4 126.0
7293.6 1211.4 127.5
7282.4 1211.1 127.8
7267.8 1215.8 128.2
7235.6 1217.5 129.1
7203.6 1214.3 129.9
7142.0 1219.7 130.5
7372.5 1233.1 125.4
7312.2 1230.0 127.0
7248.9 1232.1 128.7
7221.7 1226.6 129.4
7143.3 1226.7 130.6
7308.3 1243.3 127.1
7155.8 1241.2 130.9
7141.6 1242.1 130.9
7402.2 1256.2 125.0
7349.9 1259.8 126.0
7296.8 1260.0 127.4
7193.3 1256.2 130.1
7171.9 1258.4 130.7
7401.1 1275.9 125.0
7388.1 1278.8 125.0
7372.8 1272.2 125.4
7324.2 1277.9 126.7
7311.5 1273.4 127.0
7221.1 1272.3 129.4
7186.3 1274.5 130.3
7145.8 1277.5 131.3
7353.1 1286.4 125.9
7307.1 1289.9 127.1
7297.4 1287.1 127.4
7268.8 1287.4 128.1
7222.4 1286.2 129.3
7159.4 1291.8 130.9
7380.7 1309.8 125.2
7342.1 1300.1 126.2
7290.0 1306.2 127.5
7231.6 1307.8 129.1
7216.8 1302.5 129.4
7155.0 1300.8 131.0
7371.4 1320.6 125.2
7321.1 1323.6 126.4
7282.4 1323.5 127.4
7262.4 1316.1 128.2
7384.7 1337.3 124.9
7364.8 1339.5 124.6
7268.2 1339.6 127.3
7178.4 1333.7 129.8
7205.3 1349.4 128.7
7338.5 1362.5 124.2
7267.7 1367.8 126.5
-3058.5 7381.7 68.2
-3053.5 7391.1 67.9
-3042.3 7407.2 67.6
-3025.9 7424.4 67.6
-2978.7 7448.7 69.4
-3013.9 7448.0 67.5
-3042.0 7452.8 67.0
-3467.3 -5585.2 37.8
-3452.5 -5575.2 38.3
-3388.7 -5497.7 42.3
-3422.1 -5437.0 43.0
-3419.4 -5427.8 42.7
-3279.2 -5408.8 45.6
-3326.1 -5405.5 44.3
-3429.9 -5410.2 42.2
-3273.0 -5393.6 45.2
-3418.1 -5399.3 42.6
-3280.1 -5380.5 44.6
-3346.0 -5367.7 44.2
-3357.6 -5366.7 44.1
-3308.8 -5352.8 44.9
-3297.1 -5334.3 45.6
-3310.6 -5338.4 45.3
-3341.2 -5332.6 45.2
-3392.2 -5317.6 45.2
-3373.0 -5302.9 45.8
-3403.2 -5300.9 45.5
-3354.4 -5285.5 46.4
-3402.2 -5287.7 45.9
-3347.2 -5272.1 46.9
-3354.6 -5278.3 46.6
-3377.3 -5275.5 46.5
-3378.0 -5258.5 47.0
-3390.6 -5258.0 46.9
-3358.8 -5242.8 47.6
-3389.2 -5226.6 47.8
-4869.7 -7512.4 25.2
-4872.3 -7501.0 25.3
6626.3 -6584.9 75.7
6639.1 -6569.5 76.1
6623.0 -6565.9 76.9
2130.7 -6120.5 67.1
2093.4 -6114.4 67.7
2110.1 -6101.4 67.6
2048.9 -6105.0 68.5
2135.7 -6090.9 67.3
2101.5 -6084.8 67.9
2093.7 -6092.5 68.0
2046.1 -6090.6 68.7
2034.5 -6083.8 68.9
2106.5 -6059.3 68.1
6172.1 -2973.3 100.6
6181.0 -2964.7 101.1
6124.3 -2957.0 99.5
6225.4 -2944.3 101.5
6210.8 -2945.1 101.5
6140.5 -2912.8 100.1
6147.5 -2898.0 100.5
6118.9 -2890.6 101.0
6217.3 -2870.5 102.0
6200.3 -2852.9 101.9
6152.5 -2858.5 101.5
6122.8 -2858.9 101.8
6194.5 -2826.2 101.9
6123.6 -2825.1 102.5
6105.4 -2825.1 102.6
6135.4 -2813.7 102.5
6108.9 -2812.3 102.7
6185.7 -2796.4 102.4
6166.4 -2794.7 102.5
6147.6 -2792.7 102.6
6118.2 -2800.3 102.7
6208.2 -2783.4 102.6
6088.0 -2776.6 103.1
6210.2 -2769.2 102.8
6171.1 -2769.4 102.9
6140.8 -2763.9 103.1
6127.3 -2768.7 103.1
6107.2 -2763.5 103.2
6166.6 -2747.8 103.2
6198.4 -2734.4 103.3
6138.8 -2731.7 103.6
6104.9 -2733.7 103.7
6194.9 -2703.2 103.8
6193.1 -2687.2 104.0
6162.5 -2679.5 104.2
6142.1 -2678.5 104.0
6061.2 -2676.6 103.5
6134.6 -2665.8 103.9
6126.7 -2660.5 103.9
6108.6 -2656.8 103.8
6066.0 -2663.5 103.6
6166.7 -2649.2 104.0
6136.9 -2649.6 103.9
6111.7 -2651.1 103.8
6092.5 -2648.5 103.7
6177.6 -2630.0 103.9
6169.8 -2626.6 103.9
6139.1 -2628.0 103.7
6075.5 -2630.3 103.5
6064.9 -2628.4 103.4
6179.1 -2618.6 103.8
6147.8 -2619.0 103.7
6064.1 -2617.0 103.3
6184.2 -2605.5 103.8
6164.2 -2601.8 103.7
6110.0 -2605.0 103.5
6087.8 -2601.2 103.4
6122.0 -2591.1 103.5
6075.9 -2583.1 103.5
6065.6 -2591.1 103.5
6172.0 -2572.9 103.5
6134.2 -2570.0 103.4
-6603.5 -8468.7 45.8
-6504.2 -8451.2 46.9
-6531.4 -8447.4 47.1
-6566.1 -8455.4 46.1
-6609.4 -8447.8 45.1
-6529.3 -8436.9 47.0
-6577.5 -8436.9 45.8
-6593.3 -8432.0 45.2
-6515.5 -8426.5 46.7
-5273.1 -7000.3 26.0
-5269.7 -6981.8 26.5
-4420.1 -7110.4 31.1
-4388.1 -7096.8 33.7
-4416.9 -7091.4 32.7
-4437.8 -7096.7 31.4
-4453.9 -7094.0 30.8
-4364.8 -7074.2 36.0
-4391.8 -7078.0 34.7
-4449.6 -7076.7 32.3
-4361.7 -7045.8 36.7
-4446.6 -7046.4 34.1
-4467.8 -7049.7 33.1
-4402.9 -7038.1 35.9
-4446.4 -7032.6 34.8
-4463.7 -7021.0 34.5
-4480.4 -7022.7 34.0
-4423.5 -7001.5 35.0
-4482.7 -7003.2 33.9
-4491.3 -7000.6 33.7
-4467.8 -6985.3 33.9
-4493.7 -6989.5 33.6
-4408.8 -6974.2 34.9
-4500.8 -6970.5 33.4
-4434.3 -6958.8 34.2
-4485.2 -6962.8 33.4
-4469.2 -6946.4 33.4
-4524.8 -6943.3 33.1
-4439.9 -6931.6 33.8
-4483.0 -6933.2 33.1
-4492.6 -6929.5 33.1
-4507.2 -6931.7 33.1
-4388.6 -6909.5 34.5
-4455.5 -6911.6 33.2
-4485.1 -6911.0 33.0
-4376.9 -6894.1 34.5
-4416.7 -6901.6 33.8
-4449.1 -6901.9 33.2
-4524.9 -6896.7 32.8
-4544.5 -6896.3 32.7
-4402.0 -6884.7 33.9
-4515.0 -6881.8 32.7
-4545.8 -6883.0 32.6
-4419.4 -6869.5 33.4
-4454.6 -6865.9 32.7
-4492.1 -6869.3 32.6
-4521.7 -6872.7 32.6
-4544.8 -6868.6 32.5
-4388.6 -6850.9 33.7
-4416.9 -6853.5 33.2
-4526.1 -6858.5 32.5
-4544.1 -6857.5 32.4
-4423.0 -6839.3 32.9
-4431.5 -6840.5 32.8
-4509.4 -6843.6 32.4
-4527.1 -6835.8 32.3
-4574.0 -6842.9 32.3
-4377.2 -6821.4 33.6
-4389.3 -6819.0 33.3
-4419.1 -6823.9 32.8
-4559.4 -6827.4 32.2
-4465.0 -6791.1 32.1
-4491.7 -6792.7 32.1
-4542.4 -6793.3 32.0
-4557.4 -6798.8 32.0
-4436.8 -6782.7 32.1
-4515.7 -6782.1 31.9
-5505.4 -6402.2 38.0
-5521.5 -6400.1 37.9
-5565.3 -6395.4 37.6
-5496.9 -6378.9 37.6
-5506.4 -6369.7 37.4
-5595.8 -6370.6 37.1
-5483.9 -6354.1 37.2
-5577.1 -6350.1 36.7
-5548.9 -6334.5 36.5
-5562.8 -6333.8 36.5
-5590.6 -6339.7 36.5
-5481.8 -6319.1 36.5
-5512.0 -6318.0 36.4
-5543.0 -6326.9 36.4
-5575.5 -6325.6 36.3
-5604.5 -6325.4 36.2
-5623.9 -6326.8 36.2
-5527.3 -6311.7 36.2
-5186.4 -7455.8 25.3
1591.2 5634.5 128.2
1589.6 5651.9 128.1
1590.8 5666.3 128.1
1576.5 5684.3 128.0
1589.4 5692.7 128.3
1576.6 5694.8 128.1
-5928.4 -8544.6 46.6
-5863.1 -8508.6 46.1
-5956.9 -8516.3 46.1
-5895.6 -8499.6 45.9
-5984.2 -8497.3 45.7
-5901.1 -8479.6 45.5
-5917.6 -8477.6 45.5
-5945.6 -8486.1 45.6
-5970.5 -8480.1 45.4
-5987.4 -8484.8 45.5
-5882.5 -8467.8 45.3
-5894.9 -8467.2 45.3
-5914.6 -8462.7 45.2
-6001.0 -8462.0 45.0
-5895.9 -8451.4 45.0
-5928.6 -8455.1 45.0
-5953.3 -8453.9 45.0
-5970.7 -8452.5 44.9
-5916.2 -8441.1 44.8
-5943.7 -8432.9 44.1
-5954.8 -8440.8 44.4
-5988.3 -8440.1 44.2
-5968.1 -8417.2 43.3
-5990.0 -8420.9 43.4
-5958.5 -8396.1 42.9
-5971.1 -8381.4 42.7
-99.2 940.0 70.4
-115.9 942.9 70.2
-129.5 940.2 70.2
-94.1 957.4 70.0
-129.7 958.1 69.7
-145.6 959.2 69.7
-54.9 968.1 70.4
-64.0 975.6 70.0
-86.9 970.2 69.8
-114.2 968.5 69.4
-37.9 990.8 70.1
-109.2 983.5 69.1
-50.0 1002.1 69.6
-80.3 998.4 69.1
-41.9 1011.7 69.6
-68.7 1018.2 68.8
-92.6 1019.2 68.3
8.0 1027.6 71.3
-40.8 1031.5 69.4
-111.5 1034.4 67.7
-67.7 1048.0 68.2
-2122.0 5046.0 93.1
-2076.3 5059.4 93.6
-2108.1 5083.4 93.5
-2139.5 5078.0 93.2
-2065.6 5094.9 94.0
-2157.8 5113.2 94.3
-2169.8 5112.4 94.2
-2109.0 5121.8 95.0
-2123.8 5121.4 94.9
-2195.5 5128.2 95.1
-2094.4 5142.1 96.3
-2107.7 5136.2 95.9
-2122.7 5143.0 96.1
-2094.1 5152.6 96.7
-2119.8 5151.8 96.5
-2134.3 5156.9 96.6
-2156.2 5153.3 96.3
-2165.0 5154.8 96.4
-2183.8 5152.0 96.1
-2213.5 5158.2 96.2
-2107.0 5171.4 97.3
-2203.2 5171.9 96.6
-2211.1 5166.4 96.4
-2105.4 5181.0 97.6
-2126.9 5188.4 97.6
-2184.1 5186.7 97.1
-2208.8 5195.8 97.0
-2179.4 5210.3 97.6
-2154.0 5224.7 98.1
-2196.1 5240.9 98.0
-4567.2 -7030.2 31.6
-4564.7 -7014.3 32.2
-4587.2 -7007.5 32.2
-4553.7 -6976.8 32.5
-4566.7 -6986.2 32.4
-4556.3 -6963.1 32.5
-4568.1 -6950.0 32.3
-4580.1 -6953.3 32.2
-5474.5 -6551.2 34.6
-5481.1 -6543.5 34.9
-5495.3 -6535.6 35.1
-5482.3 -6526.2 35.8
-5493.0 -6519.9 36.0
-5449.6 -6510.4 37.1
-5525.7 -6489.5 36.5
-5460.7 -6475.1 37.8
-5489.3 -6477.6 37.3
-5535.7 -6478.8 36.6
-5490.0 -6462.9 37.8
-5513.4 -6459.8 37.5
-5525.8 -6466.8 37.1
-5540.0 -6463.5 36.9
-5553.5 -6461.4 36.8
-5466.3 -6444.6 38.7
-5509.1 -6444.9 38.1
-5528.7 -6445.7 37.7
-5537.0 -6445.2 37.6
-5478.4 -6433.5 38.5
-5549.5 -6436.6 37.7
-5477.8 -6415.8 38.4
-2458.7 -3578.8 73.8
-2521.7 -3579.9 73.4
-2443.5 -3551.7 73.9
-2503.5 -3553.5 73.7
-2560.7 -3554.4 73.4
-2505.7 -3534.9 73.1
-2520.7 -3537.2 73.1
-2551.8 -3530.8 72.8
-2560.3 -3539.7 73.0
-2576.5 -3531.8 72.7
-2454.8 -3525.5 73.1
-2471.1 -3523.0 73.0
-2462.2 -3505.9 72.7
-2469.4 -3503.0 72.6
-2518.6 -3504.5 72.4
-2536.8 -3503.5 72.2
-2477.6 -3489.5 72.4
-2537.9 -3493.3 72.1
-2498.7 -3474.0 72.0
-6165.2 -8712.3 49.5
-6202.9 -8716.7 49.5
-6218.5 -8712.5 49.4
-6168.8 -8699.2 49.3
-6213.7 -8704.4 49.3
-6234.5 -8700.3 49.2
-6187.2 -8689.6 49.1
-6200.2 -8689.8 49.1
-6227.2 -8685.6 49.0
-6180.5 -8653.8 48.2
-6198.8 -8654.3 48.2
-6075.1 -8636.6 48.0
-6097.8 -8636.7 48.0
-6112.1 -8640.2 48.0
-6168.4 -8637.0 47.9
-6051.6 -8622.4 47.7
-6158.0 -8623.0 47.6
-6097.4 -8609.4 47.4
-6156.4 -8607.1 47.3
-6005.1 -8595.2 47.4
-6046.1 -8598.7 47.4
-6062.2 -8600.2 47.4
-6081.9 -8600.2 47.4
-6141.3 -8595.3 47.0
-6183.8 -8595.6 47.0
-6006.3 -8578.9 47.1
-6096.4 -8576.8 46.9
-6143.3 -8579.5 46.9
-6151.9 -8585.0 46.9
-6173.3 -8585.2 46.8
-6034.2 -8563.7 46.8
-6090.8 -8567.4 46.8
-6122.2 -8560.4 46.6
-6150.9 -8565.0 46.6
-6080.3 -8550.1 46.5
-5993.7 -8539.1 46.4
-6008.4 -8536.8 46.4
-6045.1 -8538.5 46.3
-6060.0 -8534.8 46.2
-6078.6 -8531.4 46.1
-5986.7 -8521.0 46.1
-6020.8 -8522.0 46.1
-6054.1 -8516.6 45.9
-6076.3 -8522.7 46.0
-6092.9 -8521.9 45.9
-6127.7 -8522.2 45.9
-6015.0 -8502.5 45.7
-6061.8 -8502.2 45.7
-6091.3 -8508.0 45.7
-6142.9 -8501.1 45.5
-6032.2 -8487.9 45.4
-6045.5 -8487.4 45.4
-6037.9 -8470.8 45.1
-6090.8 -8472.3 45.1
-6105.6 -8473.1 45.1
