2348.1 8689.6 43.2
2335.9 8667.0 42.4
2340.6 8675.9 42.7
2343.5 8680.5 42.9
1211.3 1822.6 17.0
-2922.7 2631.6 19.0
1230.6 1747.1 17.3
1217.3 1804.2 17.0
1214.5 1812.9 16.9
1207.7 1831.6 17.1
1202.4 1847.3 17.2
1193.0 1874.1 17.5
4408.0 -5685.9 17.1
3739.3 -6488.5 16.0
4222.3 -7242.6 12.2
4225.6 -7195.1 12.5
4244.7 -7189.6 12.2
4252.4 -7209.5 11.6
4253.4 -7150.0 12.9
4260.7 -7116.1 13.1
4261.7 -7135.4 12.8
4269.3 -7226.0 11.5
4282.7 -7314.1 11.8
4290.5 -7353.1 11.5
619.0 7649.6 19.1
6615.2 5511.1 49.8
6233.9 6072.6 46.4
6129.2 6372.0 57.4
6106.9 6353.4 57.5
6206.5 6189.1 50.7
6184.8 6218.8 52.2
6172.2 6251.2 54.2
6171.9 6333.7 59.0
1489.8 5418.2 16.9
4733.6 2820.7 32.8
-2344.2 8341.2 14.1
2277.4 3513.0 29.7
2192.8 3627.3 29.8
1509.1 -348.1 19.2
1507.5 -369.6 19.3
1494.6 -378.9 19.4
1265.9 1685.5 17.1
1599.1 331.9 16.5
1589.0 309.7 15.6
1586.6 330.7 16.2
1474.6 123.9 16.1
1479.1 189.7 15.8
1363.7 -679.0 18.0
1595.5 310.0 15.7
750.3 -2653.0 14.9
-3161.5 3072.2 16.8
-91.4 -3386.3 19.0
-90.9 -3375.5 18.9
-194.1 -3270.0 18.3
4098.6 4199.9 20.1
4060.9 4171.7 19.4
4021.0 4141.9 19.3
3948.0 4087.7 20.3
4015.5 4196.8 19.9
4007.1 4210.7 20.0
3998.4 4224.7 20.2
4023.2 4196.0 20.0
4008.5 4217.7 20.1
4003.4 4224.5 20.2
3999.8 4231.2 20.2
3837.8 4057.1 19.2
3815.3 4084.7 19.5
3813.1 4051.8 19.2
3794.9 4051.0 19.3
3792.9 4017.3 19.0
3766.8 4011.5 19.0
3757.0 4002.8 19.0
3756.4 3985.4 18.8
3753.3 4046.7 19.4
3748.5 3995.2 18.9
3740.1 4004.4 19.1
3734.2 4030.3 19.4
3988.4 4240.5 20.1
3979.8 4254.1 19.5
3966.0 4274.8 19.4
3943.2 4305.2 19.3
3941.4 4306.8 19.2
3934.0 4315.4 19.2
3930.9 4317.6 19.2
3925.4 4322.1 19.3
3919.3 4327.3 19.4
3914.4 4331.8 19.5
3909.8 4336.0 19.6
3902.7 4342.0 19.8
3897.2 4347.0 19.9
3879.3 4362.1 20.3
3873.3 4368.2 20.4
3867.5 4373.5 20.5
3849.3 4390.0 21.0
3840.2 4398.4 21.1
3911.2 4338.5 19.7
3905.6 4343.1 19.8
3899.6 4348.2 19.9
3892.6 4354.9 20.1
3869.6 4375.7 20.5
3857.6 4386.6 20.8
3852.5 4391.9 21.0
3882.7 4375.5 20.4
3871.7 4385.4 20.7
3857.2 4399.2 21.1
3853.0 4404.0 21.2
3849.2 4407.0 21.2
3843.7 4422.0 21.4
3994.4 4237.7 20.2
3989.8 4245.2 20.0
3985.5 4252.0 19.6
3981.1 4259.2 19.5
3975.9 4265.9 19.5
3971.4 4272.8 19.5
3967.2 4279.6 19.5
3962.1 4285.9 19.5
3957.4 4292.3 19.4
3928.9 4330.7 19.4
3925.3 4333.6 19.5
3911.4 4346.8 19.8
3908.1 4349.5 19.9
3831.9 4388.2 21.1
3831.2 4381.6 20.9
3828.7 4385.9 21.0
3828.2 4379.4 20.9
3821.5 4375.0 20.9
3818.9 4379.2 21.0
3980.4 4330.1 19.1
3977.5 4351.1 19.9
3974.9 4348.9 19.8
3972.1 4324.9 19.1
3970.9 4346.4 19.7
3966.6 4343.9 19.4
4246.9 4405.8 20.9
4234.5 4326.3 20.0
4217.3 4313.8 20.1
4212.3 4310.5 20.1
4178.6 4301.5 20.2
4173.5 4255.5 20.6
1943.8 -753.2 13.4
3851.3 4481.1 22.0
3835.8 4464.0 21.9
3280.8 4477.5 37.2
3548.1 4481.0 26.8
3496.9 4401.9 27.3
3662.8 4458.7 23.1
3636.0 4499.0 24.3
3676.7 4438.5 22.8
3673.9 4443.4 22.8
6066.1 6326.9 57.4
3520.1 3712.1 19.5
3499.4 3727.6 19.6
3497.7 3706.3 19.4
711.7 -832.3 15.5
1639.0 257.0 15.7
1649.4 234.5 15.5
1588.2 321.4 15.9
1857.1 4876.1 20.1
1613.3 4219.6 12.3
2296.2 3491.0 29.4
2435.4 4814.6 30.5
2518.5 4578.1 30.7
2516.1 4584.5 30.7
2514.6 4589.9 30.8
2615.3 4662.6 31.5
2614.5 4667.9 31.5
1588.6 315.5 15.8
270.3 -423.7 16.1
664.0 -553.1 16.1
4499.6 3124.2 24.3
1741.3 4179.3 15.3
1754.6 4174.4 15.6
1759.5 4185.1 15.6
1701.9 4232.2 14.1
1729.9 4236.6 14.8
1760.8 4236.4 15.3
-3138.5 2709.8 20.0
1858.2 4964.5 19.7
1848.2 4939.4 19.7
1845.6 5013.2 19.3
2422.9 4886.5 27.0
2413.6 4896.5 26.5
2374.5 4877.5 27.6
2307.4 4867.1 28.0
2297.7 4856.5 27.8
618.2 3152.8 16.0
53.0 4173.8 18.1
33.3 4199.8 18.5
654.0 3248.4 16.8
2286.8 4318.6 26.1
1782.3 4243.7 15.9
1749.0 4244.4 15.3
1738.4 4243.7 15.1
1627.3 4216.6 12.7
3927.6 4322.9 19.3
3861.3 4378.6 20.7
3890.7 4352.5 20.0
4230.0 4322.6 20.0
2197.0 4464.3 25.1
3277.7 4452.0 37.6
3282.0 4455.3 37.6
30.6 4197.0 18.5
4249.4 3369.3 21.6
3601.0 4447.4 24.2
3546.8 4488.9 27.0
3575.0 4442.0 24.9
3613.3 4538.3 25.0
3618.1 4530.8 24.9
3621.7 4525.5 24.8
3622.2 4519.4 24.8
3649.8 4477.9 23.6
3847.2 4396.7 21.1
3843.7 4394.8 21.1
652.5 4293.6 17.8
1244.9 1712.0 17.2
17.1 4174.4 18.1
23.5 4165.6 17.9
29.5 4156.9 17.8
187.1 4053.3 16.6
167.2 4081.4 16.7
161.2 4089.0 16.7
150.3 4104.6 16.9
140.8 4092.4 16.6
1333.5 1555.8 18.2
-935.6 2737.5 15.9
2146.9 3691.4 28.3
2233.6 3569.7 30.3
2158.0 3676.2 28.7
619.4 3148.6 16.0
684.0 3186.2 16.6
701.7 3148.6 16.5
172.8 4073.1 16.6
2430.9 4093.5 31.8
2428.0 4112.2 31.6
2425.7 4125.9 31.2
1977.7 -134.9 13.8
626.7 -618.0 15.9
1352.6 -669.3 18.0
1499.4 -779.1 16.1
1524.2 -869.2 16.2
1480.2 -845.0 15.6
1637.0 6947.9 20.0
1436.5 -248.8 18.6
1974.4 -736.3 12.4
1536.2 -789.2 17.0
1369.5 -790.3 16.9
2270.1 3521.4 29.8
2142.3 3698.4 28.1
2343.3 4868.9 28.1
2613.7 4673.6 31.5
2438.6 4726.4 30.2
2433.8 4718.9 30.0
2426.4 4723.1 29.8
2394.6 4715.6 29.3
3951.3 -5810.8 16.1
3595.3 -5768.4 16.3
4387.5 -5694.1 17.0
3478.6 -5560.9 14.9
1856.2 -350.2 17.8
1813.5 -382.7 18.4
3738.4 -6464.4 15.9
4210.5 -7121.3 14.5
4358.0 3267.1 23.8
4755.4 2789.4 33.2
4688.0 2892.1 31.1
4360.1 -5705.2 16.9
3000.8 2679.7 17.8
3005.6 2656.5 17.7
6163.7 6063.4 47.9
6191.1 6195.4 51.2
6116.6 6377.1 56.9
3018.6 2653.6 17.7
633.3 -598.4 15.8
622.8 -603.6 15.8
629.8 -605.0 15.9
734.3 -2625.4 16.1
4220.4 -7226.7 12.1
4217.5 -7205.7 12.4
2067.9 8136.0 39.3
-234.6 -3254.6 18.2
4312.6 -7440.1 11.0
4277.5 -7283.0 12.0
4264.0 -7175.3 12.1
4244.0 -7169.5 12.7
661.1 -524.2 16.2
659.0 3243.3 16.9
4330.0 -5717.8 16.3
4344.2 -5741.4 16.3
-3139.6 3082.7 16.9
-3172.4 3066.0 16.8
-3277.9 7975.1 16.2
724.2 -830.9 15.4
651.0 -424.8 16.4
654.8 -462.1 16.7
720.6 -805.2 16.0
664.5 -618.2 16.0
656.3 -478.4 16.8
2435.3 4847.4 29.0
2418.0 4903.0 26.2
1479.8 -368.4 19.4
1465.9 -350.0 19.3
4295.1 -7372.4 11.5
4288.9 -7343.3 11.6
4280.7 -7304.4 11.8
4274.2 -7265.1 11.8
4245.3 -7139.7 13.3
4244.5 -7199.3 12.0
4244.3 -7179.6 12.5
4215.5 -7196.9 12.7
4214.7 -7191.0 12.8
4213.5 -7182.0 13.1
-143.6 -3316.7 18.3
3629.1 -5669.9 13.2
3643.1 -5664.4 13.0
3650.9 -5733.0 14.2
3698.3 -5701.0 12.6
4203.4 -7116.0 14.8
4310.5 -7430.2 11.1
-3151.6 3077.3 16.8
-3192.6 3050.2 16.7
1800.1 120.8 13.0
1805.5 133.0 13.1
1807.6 128.0 13.0
1814.1 113.3 12.9
-2811.2 2179.7 16.6
-47.8 -3450.5 19.7
-78.0 -3391.7 19.2
4644.2 2949.2 29.3
4598.7 2993.8 27.6
-2922.5 2636.6 18.9
-4646.7 2089.3 18.5
3004.3 2662.2 17.8
3002.9 2668.5 17.8
2980.7 2662.6 17.5
1985.6 -187.1 14.8
1668.3 217.7 15.6
1577.3 308.5 15.3
-2314.8 7570.1 14.8
1479.2 184.0 15.8
2611.0 4537.0 31.0
793.0 8007.8 21.5
339.6 8142.8 18.6
6080.4 6336.7 57.4
6183.0 6388.9 58.1
6079.6 6217.4 54.8
6109.4 6224.4 53.6
6170.1 6209.6 52.1
6148.7 6239.4 53.8
6057.1 6374.1 55.9
6051.2 6355.9 56.1
5979.5 6447.0 55.3
5880.3 6515.4 52.4
5981.7 6551.4 52.4
1293.6 5833.1 18.2
1869.4 4851.4 20.4
1861.7 4940.1 19.9
1853.4 4901.7 19.9
2438.3 4837.4 29.5
2360.2 4881.7 27.4
5890.5 6550.3 51.2
2176.0 8093.1 40.2
691.7 3169.1 16.6
662.6 3235.0 16.9
626.3 3132.1 16.0
667.6 -588.3 15.6
1281.2 -704.0 17.8
1751.7 -172.4 18.1
39.9 4191.0 18.4
-113.3 -3345.6 18.4
-131.6 -3320.4 18.3
-195.2 -3277.6 18.3
625.6 7658.6 19.0
1635.7 4218.7 12.8
1769.5 4235.9 15.5
1716.1 4234.6 14.5
1672.7 4227.3 13.5
1331.2 -649.7 18.0
-374.1 4081.7 16.6
1343.5 -687.4 18.0
1395.0 -782.1 17.0
1494.5 -327.5 19.2
1464.1 -745.6 16.6
1355.0 -767.8 17.4
1583.0 314.7 15.6
1812.4 4152.1 17.0
620.4 4136.0 17.5
1842.0 5040.7 19.1
1710.1 171.7 14.1
244.2 -390.2 16.3
250.3 -389.1 16.2
2152.1 3684.3 28.5
2168.6 3660.9 29.0
2251.8 3544.1 30.0
1576.2 320.2 15.7
1471.5 126.3 16.1
1632.3 249.8 15.5
1675.2 225.1 15.6
1337.4 1548.6 18.3
1341.0 1541.2 18.4
141.4 4110.9 16.9
293.8 2899.1 16.0
672.1 -637.9 16.0
958.6 -964.4 15.8
4252.8 -7230.3 11.7
4221.6 -7165.7 13.3
4212.3 -7174.7 13.3
4339.6 -5713.7 16.5
4337.0 -5729.2 16.5
4364.0 -5757.6 16.1
1366.6 -762.7 17.5
1353.4 -752.8 17.8
1491.0 -761.7 16.5
1466.4 -759.1 16.3
1453.6 -751.4 16.8
1532.7 -797.6 16.7
1522.6 -780.7 16.8
1517.0 -777.5 16.6
1513.6 -786.4 16.3
1511.9 -774.5 16.5
1470.0 -839.5 16.0
1405.9 -813.3 17.0
1396.7 -795.7 17.0
1351.3 -777.8 17.0
1340.3 -758.1 17.7
1326.2 -760.5 17.6
1464.4 -824.8 15.9
1425.0 -811.5 17.1
3397.2 -6159.0 14.2
4302.8 -7401.4 11.3
4292.7 -7362.7 11.5
3644.5 -5678.1 13.0
3646.2 -5754.8 15.4
3706.2 -5690.8 12.4
3814.3 -5690.6 11.7
3816.2 -5725.0 13.2
4279.1 -7294.5 11.9
4270.9 -7244.0 11.7
4262.2 -7145.6 12.7
4261.3 -7125.7 13.0
4253.1 -7160.1 12.7
4252.6 -7219.5 11.6
4252.4 -7179.8 12.3
4244.3 -7229.4 11.8
4230.6 -7224.7 11.9
4229.1 -7216.9 11.9
4227.8 -7209.9 12.1
4226.8 -7202.6 12.3
4222.7 -7172.6 13.1
4219.1 -7151.0 13.7
4216.4 -7136.9 14.1
4416.0 -5710.0 16.7
4412.1 -5697.7 16.9
4349.8 -5709.3 16.7
4364.2 -5748.4 16.2
4359.3 -5759.5 16.1
3658.7 -6659.5 15.5
3701.9 -6471.1 15.9
256.0 -3363.9 21.7
4286.4 -7333.6 11.6
4244.5 -7219.0 11.7
4219.1 -7219.2 12.1
731.8 -2620.3 16.4
741.1 -2640.2 15.3
746.2 -2648.9 15.0
-218.7 -3269.0 18.2
653.4 -449.2 16.6
659.5 -508.2 16.5
1426.9 -246.8 18.6
1432.4 -242.8 18.5
1441.5 -255.7 19.0
1456.1 -275.3 19.2
1470.3 -294.9 19.1
1475.4 -301.8 19.1
1408.2 -269.7 19.2
1413.7 -277.5 19.4
1415.4 -255.1 18.7
1418.9 -284.9 19.4
1423.8 -291.3 19.3
623.3 -623.2 15.8
664.4 -639.5 16.0
1518.5 -789.3 16.4
1525.9 -793.8 16.5
1529.5 -785.6 16.9
1479.3 -767.2 16.2
1484.6 -757.6 16.5
1444.3 -814.0 16.8
1451.3 -817.9 16.5
1440.3 -824.3 17.1
245.8 -384.4 16.3
598.3 -642.5 15.8
1450.8 -356.7 19.4
1453.1 -360.0 19.4
1449.3 -302.0 19.2
1485.0 -314.9 19.2
1489.7 -321.0 19.2
1499.5 -334.5 19.2
1501.6 -373.8 19.3
1513.2 -365.3 19.3
1514.4 -355.1 19.2
1432.6 -303.5 19.2
1440.0 -313.8 19.3
1443.7 -318.9 19.3
1450.9 -329.1 19.3
1455.8 -335.7 19.3
1460.8 -342.0 19.3
1471.3 -356.7 19.3
1420.6 -251.3 18.7
1446.5 -262.3 19.3
1594.3 322.2 16.1
1582.3 320.9 15.8
1576.9 314.3 15.5
1810.5 121.1 12.9
1505.2 -770.3 16.4
1502.3 -774.9 16.2
1478.3 -754.1 16.5
1473.0 -763.1 16.2
1471.7 -750.3 16.5
1457.8 -742.3 16.8
1513.3 -863.5 15.9
1505.0 -864.8 15.8
1429.7 -823.8 17.1
1415.2 -817.9 17.0
1819.1 -361.1 18.5
1956.8 -733.9 12.9
1959.4 -761.6 13.0
1940.1 -744.1 13.4
1936.9 -734.4 13.4
1930.7 -718.4 13.5
1933.3 -724.2 13.5
1537.9 -801.1 16.9
1542.6 -792.7 17.2
1548.8 -796.3 17.4
43.3 4180.4 18.2
1749.2 -175.5 18.3
5954.0 6602.5 50.0
5954.6 6601.4 50.0
6025.7 6617.9 50.3
6023.0 6614.4 50.4
5965.7 6588.8 50.7
6389.1 5530.1 48.8
1797.3 4158.2 16.6
6507.7 5150.7 59.0
6514.2 5075.1 61.7
6406.2 5074.9 61.3
6468.7 5119.1 60.0
6425.6 5106.1 60.3
1646.1 4220.2 13.0
1644.6 4226.7 13.0
1634.8 4223.9 12.7
1614.6 4213.8 12.4
1606.5 4213.5 12.3
3936.0 4312.1 19.1
1569.8 329.1 15.8
1483.6 5416.8 16.9
2370.0 4804.5 29.1
1593.3 331.1 16.3
6222.6 8133.5 41.7
6229.8 8131.6 41.9
6236.8 8129.7 42.0
6244.1 8127.8 42.2
6286.7 8129.4 42.2
2251.0 4319.4 25.5
2260.0 4320.9 25.6
2338.6 4648.6 28.1
1828.1 4799.4 20.0
1831.0 5061.8 19.0
1832.8 5051.0 18.9
1834.0 5042.5 19.0
1836.7 5021.4 19.1
1843.3 5033.0 19.1
1837.4 5014.0 19.1
1847.2 4948.0 19.6
1859.6 4954.7 19.8
1863.6 4931.2 19.9
6787.9 4319.4 46.7
6111.6 6356.1 57.5
6089.8 6343.1 57.4
6085.1 6340.3 57.4
6079.3 6415.5 56.4
6165.8 6332.0 59.0
6087.8 6399.6 56.5
6204.2 6393.4 58.5
6439.1 6570.7 57.5
6448.6 6564.9 57.7
6096.0 6339.9 57.7
6103.8 6373.6 56.7
6128.9 6344.9 58.3
6124.1 6327.7 58.7
6119.2 6387.2 57.0
6164.8 6334.0 59.1
6172.7 6326.1 58.5
6165.9 6316.2 58.0
6196.2 6224.0 52.4
6083.6 6219.3 54.6
6193.1 6249.9 53.9
6175.6 6189.9 51.2
6182.4 6191.4 51.1
6085.1 6405.5 56.5
3705.9 -6481.9 16.0
3743.5 -6475.6 15.9
3749.6 -6507.1 16.1
2394.3 4883.2 27.3
2402.0 4885.3 27.1
6070.2 6330.2 57.4
6013.9 6545.8 53.0
5993.2 6540.3 53.0
5877.7 6527.3 51.9
5896.3 6521.4 52.4
5890.2 6518.9 52.4
5878.9 6518.1 52.3
5877.6 6520.1 52.2
5895.3 6500.7 53.2
5898.4 6501.3 53.2
5910.2 6466.2 54.5
5898.2 6568.1 50.6
6002.9 6500.0 54.7
6000.7 6500.4 54.7
6000.1 6434.5 55.4
6009.7 6436.6 55.6
6012.3 6424.0 55.4
6007.1 6442.8 55.6
6012.5 6404.7 55.3
6023.5 6453.0 56.0
6025.0 6443.4 55.9
6051.6 6371.7 55.8
6045.9 6369.1 55.8
6053.9 6365.5 55.9
845.6 3683.6 16.3
3639.9 -5674.9 13.1
3653.2 -5672.3 12.9
3666.7 -5679.9 12.8
2179.0 3646.7 29.3
2284.6 3505.4 29.6
-153.4 -3295.7 18.5
-173.3 -3289.0 18.5
-40.8 -3446.1 19.8
-108.8 -3363.3 18.6
-126.9 -3338.3 18.3
87.1 -3233.4 19.5
764.1 -2668.3 14.7
1409.6 -259.5 18.8
1404.3 -263.7 19.0
1484.4 -374.7 19.4
708.4 -806.4 16.0
615.5 3157.9 15.9
1465.7 -287.9 19.1
1781.7 5100.8 17.9
1787.3 5098.8 17.9
1799.2 5087.3 18.4
1862.6 4895.5 20.1
1868.2 4859.4 20.4
652.5 -625.9 15.9
649.4 -641.8 15.9
669.0 -607.5 15.9
1338.0 -743.2 17.8
1313.2 -726.1 17.8
1296.1 -714.0 17.8
1340.5 -770.3 17.3
4717.1 2846.5 32.4
4301.5 3316.8 23.6
4327.3 3294.7 24.2
3011.3 2651.8 17.6
3010.0 2657.7 17.7
3000.5 2655.1 17.6
3001.8 2674.1 17.8
2987.0 2655.1 17.5
3018.0 2659.5 17.8
1196.2 1864.5 17.4
1223.1 1787.0 17.0
1229.2 1751.2 17.3
1325.9 1570.4 17.7
4453.4 3190.9 24.0
4466.7 3165.2 24.1
4520.6 3096.8 24.8
4559.7 3036.3 26.1
4579.4 3021.2 26.7
4621.9 2970.9 28.5
4420.0 -5721.9 16.6
4398.2 -5689.9 17.1
4369.2 -5755.3 16.1
-854.1 2769.4 15.7
229.7 2886.1 16.2
-965.6 2726.9 16.0
-913.3 2746.1 15.9
1795.2 4242.3 16.1
1748.7 4236.6 15.1
1738.9 4237.1 14.9
1701.2 4237.7 14.3
1671.9 4233.0 13.6
1753.3 4187.1 15.5
1756.3 4185.9 15.5
1762.2 4184.0 15.7
2380.0 4799.7 29.3
2302.7 4865.6 27.9
2309.0 4859.7 28.0
2320.3 4862.4 28.3
2340.2 4876.1 27.8
1727.1 162.5 13.7
3749.5 4012.4 19.1
3765.8 3994.2 18.8
3770.5 4063.2 19.5
3811.7 4032.4 19.0
3820.4 4041.2 19.1
3985.6 4115.5 19.9
3504.4 3731.6 19.6
3274.6 4449.3 37.6
6199.2 6250.9 53.9
6122.1 6211.5 52.9
6173.1 6188.1 51.2
6198.9 6183.8 50.6
3492.4 4409.6 27.5
3814.6 4447.4 21.7
3822.1 4381.4 21.0
3832.9 4468.0 21.9
3922.0 4336.7 19.6
3951.7 4300.3 19.4
3841.7 4412.4 21.3
3875.8 4382.2 20.6
3915.9 4334.2 19.6
3921.6 4329.0 19.4
3938.5 4309.4 19.2
3952.3 4293.8 19.3
3983.7 4248.0 19.7
3993.4 4232.7 20.2
4002.1 4218.2 20.1
1359.2 1506.1 18.9
1344.4 1534.2 18.5
1307.3 1608.4 17.2
6303.1 5599.6 46.7
3825.0 -5699.9 12.0
3659.3 -5675.9 12.9
3635.1 -5671.6 13.1
3623.1 -5680.5 13.2
1615.0 265.9 15.4
1656.2 241.9 15.7
1695.9 206.8 14.9
1689.1 199.4 14.9
1719.0 176.5 14.0
2139.0 4447.6 24.2
2424.0 4716.3 29.7
2445.1 4721.7 30.4
2459.2 4725.3 30.9
2467.5 4726.2 31.2
2479.1 4704.4 31.8
4402.4 3237.2 23.9
4428.3 3214.4 24.0
770.9 -2670.7 14.7
-4483.6 -1518.1 17.1
6255.3 8126.6 42.3
6448.8 6562.2 57.9
620.2 7662.3 19.0
621.7 3142.7 16.0
625.0 3136.6 15.9
630.3 3122.7 16.0
629.0 3128.2 16.0
613.6 3161.7 15.9
661.0 3239.2 16.9
664.9 3230.0 16.9
669.3 3219.6 16.9
666.7 3225.8 16.9
672.2 3213.3 16.8
674.5 3207.9 16.8
679.8 3196.4 16.6
681.6 3191.7 16.6
686.8 3180.0 16.6
689.3 3174.5 16.7
694.0 3163.7 16.6
696.3 3158.3 16.6
698.7 3153.3 16.5
257.6 2891.8 16.2
329.9 2906.6 15.9
2198.1 3619.1 29.9
2174.4 3652.2 29.2
3640.8 4492.0 24.2
3629.2 4509.4 24.5
3946.3 4301.5 19.4
3880.5 4365.8 20.3
3861.8 4395.8 21.0
3824.7 4383.1 21.0
3965.8 4312.2 19.3
4224.5 4319.0 20.0
4018.1 4203.7 19.9
1845.1 5021.0 19.2
3829.0 4050.4 19.1
3822.9 4075.9 19.4
3796.8 4068.9 19.5
3794.1 4035.2 19.1
2993.0 2653.1 17.5
2983.6 2659.2 17.5
2971.6 2674.7 17.7
1795.1 4235.3 15.9
1503.4 -845.2 15.4
1460.2 -755.4 16.6
1320.1 -666.5 18.0
2399.7 4723.6 29.4
2440.5 4828.4 30.0
2436.9 4867.3 28.0
2399.9 4892.6 26.8
2418.0 4816.5 30.1
2394.7 4803.6 29.6
4233.1 -7240.4 12.1
4244.0 -7159.6 12.9
3907.1 -6495.8 16.0
4263.2 -7165.4 12.4
4267.4 -7206.0 11.3
4267.9 -7216.1 11.4
4272.8 -7255.3 11.8
138.8 4108.6 16.8
2415.4 4889.0 26.9
2416.5 4898.3 26.4
2429.3 4866.0 28.0
2432.6 4820.6 30.4
2439.9 4857.2 28.5
4197.7 -7114.4 15.0
4218.5 -7143.9 13.8
4245.2 -7149.1 13.2
1847.6 -396.9 17.7
6181.4 6169.9 50.9
6240.2 6200.5 50.6
6214.0 6249.3 53.7
6087.0 6219.3 54.4
6166.8 6208.7 52.1
6001.4 6495.4 54.9
6006.0 6499.6 54.8
6131.4 6340.0 58.5
6091.0 6402.1 56.5
1342.2 -659.6 18.0
1332.9 -677.5 18.0
1323.8 -733.6 17.8
1284.0 -731.8 17.6
1297.1 -741.0 17.6
1297.3 -728.7 17.7
5952.0 6586.1 50.6
4193.0 4341.6 20.1
4136.1 4227.7 20.5
4011.2 4204.1 19.9
3975.1 4261.1 19.4
3962.2 4280.6 19.5
3956.5 4288.1 19.4
3885.0 4357.3 20.1
3842.2 4401.5 21.2
3846.5 4409.6 21.2
3919.6 4339.1 19.6
3917.5 4341.0 19.7
3834.6 4384.2 21.0
3825.3 4377.2 20.9
3961.6 4340.8 19.3
3803.7 4045.0 19.2
3790.9 4058.7 19.4
3780.3 4070.4 19.5
3772.9 4079.8 19.7
4297.3 -7381.8 11.4
4379.3 3258.6 23.7
1594.8 316.0 15.9
1575.7 329.7 15.9
2345.4 8685.1 43.0
1769.6 4243.3 15.6
6250.6 8126.4 42.3
1953.3 -760.4 13.1
1947.5 -757.5 13.3
1938.2 -738.7 13.4
4307.9 -7420.4 11.2
4305.3 -7411.3 11.2
4300.0 -7391.8 11.4
4284.5 -7323.8 11.7
1984.1 -128.3 14.0
2421.2 4810.7 30.2
4405.4 -5729.3 16.5
4376.7 -5698.4 17.0
4351.2 -5753.9 16.1
1864.4 4922.4 20.0
1864.1 4885.2 20.2
2112.7 4446.2 23.8
677.3 3201.9 16.7
2228.6 3577.5 30.4
144.3 4087.2 16.6
4013.2 4211.2 20.0
3949.2 4297.8 19.3
6571.8 5122.1 60.2
6095.1 6393.0 56.6
6089.1 6335.1 57.7
1479.9 171.4 15.7
1516.0 134.8 15.6
6395.0 5121.0 59.7
4392.4 -5269.2 15.4
3729.8 -6470.0 15.9
4275.6 -7274.1 11.9
4270.0 -7235.4 11.6
4265.6 -7194.7 11.7
4264.5 -7185.5 11.9
4262.5 -7155.0 12.6
4253.9 -7140.1 13.0
4252.7 -7199.8 11.8
4252.7 -7189.6 12.0
4252.5 -7169.7 12.5
4243.7 -7208.9 11.8
4231.4 -7232.2 12.0
4224.8 -7187.6 12.7
4223.3 -7180.4 12.9
4221.2 -7233.5 12.1
4220.3 -7158.4 13.5
4218.3 -7212.6 12.2
4214.7 -7129.5 14.3
6123.1 6356.4 57.8
6100.1 6382.5 56.6
6336.0 5113.9 59.8
1588.6 4215.9 11.9
757.4 -2661.7 14.8
739.1 -2633.8 15.7
254.7 -411.9 16.2
99.1 -486.0 17.3
95.1 -466.0 17.9
5978.5 6404.4 54.8
632.3 4131.6 17.5
1624.5 278.6 15.5
2974.1 2670.3 17.6
2977.3 2666.5 17.6
-3182.8 3057.8 16.7
1812.4 117.4 12.9
1941.6 -748.3 13.4
1497.6 -766.0 16.4
1486.1 -770.8 16.2
1519.9 -878.3 16.3
1487.2 -849.1 15.4
1462.6 -835.4 16.3
1384.6 -800.4 16.9
1369.6 -777.6 17.0
1326.0 -748.3 17.7
1311.7 -750.7 17.6
1488.6 -837.7 15.2
1408.4 -802.8 17.0
1446.3 -322.8 19.3
1460.9 -281.8 19.1
-2908.3 2642.6 18.8
2303.3 3482.4 29.3
2163.5 3668.3 28.8
1479.7 177.4 15.7
1312.5 1598.6 17.2
1303.6 1615.3 17.2
50.1 4171.0 18.0
4.1 4192.3 18.4
193.5 4043.9 16.6
136.0 4106.2 16.8
6048.5 6363.1 55.8
6422.7 5051.3 62.2
1861.2 4905.1 20.0
2264.7 3528.2 29.8
2137.8 3705.1 28.0
2475.9 4714.9 31.6
2447.4 4729.2 30.5
2393.9 4707.4 29.2
2612.6 4586.2 31.5
2512.7 4596.4 30.9
3002.6 2649.6 17.5
-6664.2 -3425.1 26.8
1300.6 1621.9 17.2
2994.6 2647.7 17.4
274.2 -417.0 16.0
249.4 -409.5 16.3
103.2 -506.6 16.6
299.6 -351.6 15.4
1436.3 -308.6 19.3
1380.8 -772.8 17.1
1492.2 -774.9 16.2
1544.6 -804.8 17.1
1507.8 -782.8 16.2
1452.6 -830.3 16.7
1383.7 -787.3 17.0
1311.7 -738.5 17.7
1282.8 -718.8 17.7
1268.7 -708.1 17.7
1477.4 -832.1 15.5
613.8 7653.5 19.0
617.1 7658.0 19.0
624.3 7645.8 19.1
630.8 7654.8 19.0
638.2 4114.0 17.6
143.5 4112.8 16.9
156.5 4095.8 16.8
178.3 4065.5 16.6
182.1 4060.4 16.6
-3.3 4201.1 18.5
23.0 4206.9 18.6
26.2 4208.9 18.7
37.0 4188.6 18.3
46.1 4182.6 18.2
544.4 3725.3 18.9
541.8 3732.0 18.9
663.2 -604.7 15.8
652.1 -435.2 16.5
665.3 -566.1 15.9
1268.5 -721.3 17.6
2257.5 3536.3 29.9
2221.7 3586.3 30.3
2215.3 3594.8 30.2
2203.6 3611.5 30.0
2186.3 3635.6 29.6
1311.6 -3525.7 15.4
1582.7 308.8 15.4
1581.1 330.2 16.1
1522.9 309.3 14.3
1855.6 4983.0 19.6
1370.0 -3394.2 16.2
-3447.0 8395.5 15.4
3006.9 2650.6 17.6
3659.9 4463.0 23.2
3971.0 4267.2 19.4
3855.3 4384.5 20.8
3886.8 4360.4 20.2
3875.5 4369.9 20.4
3863.4 4381.1 20.7
3879.3 4378.6 20.5
3914.5 4343.7 19.7
2963.8 2665.9 17.4
2508.2 4600.4 30.9
1610.7 4204.7 12.4
1782.1 4235.6 15.7
659.4 -610.4 15.9
662.5 -630.1 16.0
658.3 -617.8 16.0
666.1 -576.9 15.8
668.3 -597.4 15.7
670.2 -617.4 16.0
671.3 -628.2 16.0
4535.4 3075.4 24.9
4772.4 2764.5 33.7
6617.2 5479.5 50.8
6532.2 5519.1 49.6
1866.6 4866.9 20.3
1865.8 4911.6 20.1
1865.3 4877.8 20.2
1861.0 4847.5 20.3
1859.7 4858.3 20.2
1858.6 4865.5 20.2
1854.9 4891.4 20.0
2419.0 4889.2 26.9
2405.7 4806.4 29.8
2399.5 4811.4 29.7
2392.7 4809.1 29.6
1496.9 -854.2 15.4
-457.0 4165.1 17.5
-405.5 4139.4 17.6
2338.2 8671.5 42.6
1480.2 -308.3 19.1
1267.1 -694.8 17.7
1529.1 -859.1 16.2
592.1 -649.2 15.8
3654.0 4471.6 23.3
3645.8 4484.0 23.9
3632.1 4504.3 24.4
3625.9 4514.5 24.6
3547.3 4486.9 27.0
3545.5 4485.6 27.0
3543.8 4486.5 27.1
2464.3 4753.1 30.9
2461.5 4762.2 30.8
2458.6 4771.2 30.8
1307.7 -3513.8 15.5
1243.5 1715.0 17.2
351.8 8118.1 17.2
3545.4 4487.9 27.1
3668.7 4449.6 22.9
6115.2 6385.4 56.9
6059.6 6367.6 56.0
5898.2 6495.3 53.5
5901.6 6488.1 53.8
6021.5 6618.5 50.2
3867.1 4390.0 20.8
3905.0 4352.1 19.9
3716.7 4031.8 19.5
1857.0 4972.7 19.6
1853.7 4997.4 19.5
1852.3 5007.0 19.4
1849.5 4929.7 19.7
1845.7 4957.9 19.5
1843.9 4969.9 19.5
1842.1 4982.0 19.4
1841.3 4986.8 19.3
1838.2 5007.7 19.2
1840.4 5053.1 19.1
1839.6 5062.2 19.1
1835.7 5029.7 19.0
1824.1 5044.0 18.8
10.7 4183.3 18.2
153.2 4100.3 16.8
137.2 4097.8 16.7
3635.8 -5659.4 13.1
3650.1 -5741.1 14.7
3655.1 -5743.4 14.8
3657.5 -5684.6 12.9
3665.5 -5687.8 12.8
3687.0 -5696.7 12.6
3741.5 -5690.8 12.1
3791.8 -5706.7 12.4
3793.7 -5694.2 11.9
3795.7 -5717.0 12.9
3800.9 -5706.6 12.4
3801.1 -5695.2 11.9
3803.4 -5689.1 11.6
3809.0 -5731.8 13.6
3829.9 -5700.2 12.0
3937.2 -3705.7 9.4
3944.9 -3692.9 9.5
3952.7 -3680.0 9.5
3960.4 -3667.2 9.5
3968.1 -3654.3 9.3
3975.6 -3641.3 9.3
3983.1 -3628.3 9.3
3990.6 -3615.3 9.3
4002.8 -3594.2 9.4
1848.4 3176.6 12.3
1851.4 3169.8 12.4
1856.1 3167.9 12.6
1861.8 3167.2 12.8
1868.2 3166.4 13.0
1871.2 3163.8 13.1
1876.5 3158.7 13.2
1882.7 3152.2 13.4
1887.4 3142.0 13.5
1891.7 3130.9 13.6
1893.3 3121.8 13.5
1893.3 3111.6 13.4
1895.0 3101.0 13.4
1899.1 3088.2 13.6
1904.9 3078.5 13.8
1991.7 3109.5 17.0
1984.6 3122.7 16.8
1977.4 3135.9 16.8
1970.3 3149.1 16.7
1963.1 3162.3 16.2
1956.0 3175.5 15.6
1948.8 3188.6 15.4
1941.7 3201.8 15.3
1931.2 3221.2 15.1
1908.7 3210.3 14.3
1918.1 3215.0 14.6
2159.7 2849.9 15.0
2166.3 2836.5 14.6
2172.9 2823.0 14.2
2173.9 2812.3 13.8
2159.2 2809.6 13.7
2144.4 2806.8 13.7
2120.0 2802.3 13.6
6307.3 5048.2 62.0
6286.2 5077.3 60.9
6008.2 6466.2 56.0
6095.3 6565.0 53.4
6078.0 6596.2 51.9
5947.5 6463.7 55.0
5979.6 6477.1 55.3
5988.4 6483.0 55.2
5994.0 6488.1 55.1
5955.2 6427.4 54.6
3527.6 4360.7 24.9
3519.9 4373.5 25.6
3505.8 4396.9 26.8
6151.2 6339.2 59.0
6173.6 6354.0 59.1
6178.8 6354.5 59.2
6197.9 6351.2 59.7
6202.4 6350.8 59.7
6211.1 6352.3 59.7
6242.2 6378.3 59.9
6247.7 6381.6 59.9
6258.2 6380.5 60.2
6261.2 6384.2 60.1
6262.1 6389.5 60.0
6184.8 6262.8 54.7
6210.3 6279.2 55.4
4012.2 -3577.7 9.5
4019.9 -3564.9 9.3
4027.7 -3552.0 9.0
4035.4 -3539.2 8.7
4042.4 -3525.9 8.4
4049.3 -3512.6 8.2
4056.3 -3499.3 8.1
4062.9 -3485.8 8.1
4069.4 -3472.3 8.0
4075.9 -3458.8 8.2
4082.1 -3445.2 8.4
4088.1 -3431.4 8.6
4094.0 -3417.6 8.9
4099.5 -3403.7 9.0
4104.8 -3389.6 9.2
4110.2 -3375.6 9.3
4115.5 -3361.6 9.5
4120.3 -3347.4 9.5
4125.0 -3333.1 9.1
4133.3 -3307.8 8.3
2018.9 3125.8 18.1
2011.8 3139.0 18.1
2004.7 3152.2 17.7
1997.6 3165.4 16.9
1990.5 3178.6 16.8
1983.4 3191.8 16.6
1976.3 3205.0 16.5
1969.1 3218.3 16.4
1961.3 3232.8 16.3
-3418.0 8377.8 15.7
-3423.9 8391.6 15.5
-3429.9 8405.4 15.1
-3435.8 8419.2 14.9
-3441.7 8433.0 14.9
-3448.1 8448.0 15.0
6164.0 6467.7 58.2
6178.5 6454.4 58.3
6123.8 6581.1 53.2
6113.9 6604.4 52.1
3497.6 4347.8 26.1
3490.1 4360.8 26.8
3476.6 4384.3 28.1
6134.9 6768.1 47.3
6148.7 6774.2 47.3
6143.7 6785.2 46.8
-2447.2 4197.7 16.9
-2459.2 4188.8 16.2
-2471.3 4179.8 15.5
-2483.3 4170.8 14.9
-2495.3 4161.8 14.4
-2507.3 4152.9 14.1
-2520.1 4145.0 14.3
-2532.9 4137.2 14.4
-2545.7 4129.4 14.7
-2558.5 4121.5 15.0
-2571.3 4113.7 15.2
-2584.1 4105.8 15.4
-2596.8 4097.9 15.6
-2609.5 4089.9 15.8
-2622.1 4081.9 15.7
-2634.8 4073.9 15.6
-2647.5 4065.8 15.4
-2660.2 4057.9 15.3
-2672.9 4049.9 15.4
-2685.6 4041.9 15.5
-2698.3 4033.9 15.5
-2711.0 4026.0 15.7
-2723.7 4018.0 16.0
-2736.4 4010.0 16.2
-2749.2 4002.1 16.5
-2761.9 3994.2 16.7
-2774.7 3986.3 16.9
-2787.4 3978.4 17.1
-2800.2 3970.5 17.2
-2796.7 3965.2 17.2
-2783.9 3973.1 17.1
-2771.2 3981.0 16.9
-2758.4 3988.9 16.8
-2745.7 3996.9 16.6
-2733.0 4004.8 16.3
-2720.2 4012.7 16.0
-2707.5 4020.6 15.8
-2694.7 4028.5 15.6
-2682.0 4036.5 15.5
-2669.3 4044.4 15.4
-2656.5 4052.3 15.4
-2643.8 4060.2 15.3
-2631.0 4068.1 15.5
-2618.3 4076.1 15.6
-2605.6 4084.0 15.8
-2592.8 4091.9 15.6
-2580.1 4099.8 15.4
-2567.4 4107.7 15.1
-2554.6 4115.6 14.9
-2541.9 4123.6 14.6
-2529.1 4131.5 14.3
-2516.6 4139.7 14.5
-2504.2 4148.1 14.4
-2491.8 4156.5 14.4
-2479.3 4164.9 15.0
-2467.4 4174.0 15.6
-2455.4 4183.0 16.3
-2447.2 4197.7 16.9
1838.7 3053.9 11.4
1853.4 3056.6 12.0
1868.2 3059.3 12.5
1882.9 3062.0 13.0
1897.7 3064.7 13.5
1894.3 3077.5 13.4
1886.1 3098.8 13.1
1963.8 3091.2 15.9
1956.7 3104.4 15.7
1949.7 3117.7 15.5
1942.6 3130.9 15.4
1935.6 3144.1 15.3
1928.5 3157.4 15.2
1921.5 3170.6 14.7
1914.4 3183.9 14.3
1904.0 3203.5 14.1
-329.5 4681.7 15.3
-361.6 4695.6 15.2
-378.4 4705.0 15.3
-385.3 4711.2 15.3
-393.0 4724.7 15.2
-407.3 4748.9 15.1
-431.6 4777.0 14.9
-436.3 4782.8 15.0
-441.3 4777.7 15.0
-417.5 4751.7 15.1
-406.2 4736.9 15.2
-397.9 4721.1 15.3
-387.0 4704.8 15.3
-373.7 4694.7 15.3
-331.9 4677.4 15.4
-329.5 4681.7 15.3
1941.7 3079.1 15.1
1963.8 3091.2 15.9
1991.7 3109.5 17.0
2018.9 3125.8 18.1
2043.4 3140.1 18.5
2041.1 3153.8 18.3
2034.5 3167.2 18.1
2027.2 3178.5 18.0
2019.8 3187.8 17.8
2010.0 3194.0 17.6
1998.1 3198.4 17.2
1988.1 3203.1 16.9
1978.5 3209.3 16.6
1973.4 3211.4 16.5
1750.2 3014.6 8.0
1748.8 3029.5 8.3
1747.4 3044.5 8.6
1746.0 3059.4 9.0
1744.6 3074.3 8.9
1743.2 3089.3 8.8
1741.9 3104.2 8.7
1740.0 3119.1 8.7
1737.9 3134.0 8.7
1735.9 3148.8 8.8
1733.8 3163.7 8.8
1731.8 3178.5 8.9
1729.4 3193.3 9.0
1726.4 3208.0 9.0
1723.4 3222.7 9.1
1720.4 3237.4 9.2
1717.5 3252.1 9.2
1713.5 3266.6 9.2
1709.5 3281.1 9.3
1705.5 3295.5 9.1
1701.5 3310.0 8.9
1696.7 3324.2 8.7
1691.9 3338.4 8.5
1687.1 3352.6 8.3
1682.3 3366.8 8.4
1676.8 3380.8 8.5
1671.2 3394.7 8.3
1665.6 3408.6 8.0
1660.0 3422.5 7.6
1654.4 3436.4 7.3
1648.7 3450.3 7.0
1642.1 3463.8 6.9
1635.5 3477.2 7.8
1628.8 3490.7 8.0
1622.2 3504.1 8.5
1615.4 3517.5 9.0
1608.0 3530.6 9.5
1600.6 3543.6 10.0
1593.3 3556.7 10.4
1585.9 3569.8 10.3
1578.7 3582.9 10.2
1571.5 3596.1 10.1
1564.3 3609.2 10.0
1557.1 3622.4 10.0
1549.9 3635.5 9.9
1542.6 3648.7 9.8
1535.4 3661.8 10.0
1528.1 3674.9 10.2
1520.9 3688.1 10.1
1513.6 3701.2 9.3
1506.4 3714.3 8.6
1499.1 3727.5 7.8
1491.9 3740.6 7.1
1485.2 3754.0 6.3
1479.1 3767.7 6.3
1472.9 3781.3 6.8
1466.9 3795.1 7.3
1461.4 3809.1 7.8
1456.0 3823.0 8.3
1450.5 3837.0 8.8
1445.1 3851.0 9.3
1439.6 3865.0 9.6
1434.2 3878.9 9.4
1428.9 3893.0 9.2
1424.4 3907.3 9.0
1419.9 3921.6 8.7
1415.4 3935.9 8.5
1410.9 3950.2 8.3
1406.4 3964.5 8.2
1402.0 3978.9 8.1
1397.5 3993.2 8.0
1393.0 4007.5 7.8
1388.8 4021.9 7.9
1384.8 4036.3 8.0
1380.8 4050.8 8.1
1376.9 4065.3 8.4
1372.8 4079.7 8.8
1368.7 4094.1 9.2
1364.6 4108.6 9.5
1360.5 4123.0 9.4
1356.5 4137.4 9.0
1352.0 4151.8 8.8
1347.5 4166.1 9.0
1343.0 4180.4 9.2
1338.5 4194.7 9.4
1334.9 4185.3 9.3
1339.3 4171.0 9.1
1343.6 4156.6 8.9
1348.0 4142.2 8.9
1352.3 4127.9 9.4
1356.6 4113.5 9.7
1361.0 4099.2 9.3
1365.3 4084.8 9.0
1369.7 4070.4 8.6
1374.0 4056.1 8.3
1378.4 4041.7 8.0
1382.9 4027.4 8.1
1387.4 4013.1 7.9
1391.9 3998.8 7.9
1396.4 3984.5 8.1
1401.0 3970.2 8.2
1405.5 3955.9 8.3
1410.0 3941.6 8.4
1414.5 3927.3 8.6
1419.0 3913.0 8.9
1423.5 3898.7 9.1
1428.0 3884.4 9.4
1432.4 3870.0 9.6
1437.1 3855.8 9.5
1442.3 3841.7 9.0
1447.4 3827.6 8.5
1452.5 3813.5 8.0
1457.6 3799.4 7.5
1463.3 3785.6 7.0
1469.5 3771.9 6.5
1475.7 3758.2 6.2
1481.9 3744.6 6.8
1488.7 3731.2 7.6
1495.6 3717.9 8.3
1502.5 3704.6 9.1
1509.5 3691.3 9.9
1516.4 3678.0 10.3
1523.5 3664.7 10.1
1530.9 3651.7 9.9
1538.4 3638.7 9.7
1545.8 3625.7 9.8
1553.3 3612.7 9.8
1560.7 3599.6 9.9
1568.1 3586.6 10.0
1575.5 3573.6 10.1
1583.0 3560.5 10.3
1590.4 3547.5 10.2
1597.8 3534.4 9.7
1604.7 3521.1 9.2
1611.5 3507.8 8.7
1618.4 3494.4 8.2
1625.1 3481.1 7.9
1631.7 3467.6 7.5
1638.3 3454.1 7.2
1644.9 3440.6 7.4
1650.9 3426.9 7.7
1656.6 3413.0 8.0
1662.4 3399.2 8.4
1667.9 3385.2 8.7
1672.7 3371.0 8.5
1677.5 3356.8 8.5
1682.3 3342.6 8.4
1687.1 3328.4 8.6
1691.5 3314.0 8.8
1695.7 3299.6 9.0
1699.8 3285.2 9.2
1703.6 3270.7 9.2
1707.1 3256.1 9.2
1710.6 3241.5 9.1
1714.2 3227.0 9.1
1717.7 3212.4 9.0
1720.5 3197.7 8.9
1723.2 3182.9 8.9
1725.9 3168.1 8.8
1728.6 3153.4 8.7
1730.8 3138.5 8.7
1732.5 3123.7 8.6
1734.3 3108.8 8.6
1736.0 3093.9 8.7
1737.7 3079.0 8.8
1739.1 3064.0 8.9
1740.5 3049.1 8.8
1741.9 3034.2 8.3
1750.2 3014.6 8.0
6590.9 7208.7 29.9
6592.2 7193.8 30.1
6593.6 7178.8 29.7
6596.4 7164.1 29.2
6600.0 7149.6 29.1
6605.2 7129.1 30.2
6350.7 5082.9 60.9
5601.6 -248.4 26.5
5595.2 -234.9 26.0
5588.7 -221.3 25.6
5582.3 -207.8 25.2
5575.9 -194.2 24.7
5569.4 -180.7 24.3
5563.0 -167.1 23.9
5550.9 -141.6 22.9
-2454.8 4216.1 16.9
-2465.6 4205.6 16.2
-2476.7 4195.5 15.6
-2488.8 4186.6 15.2
-2500.9 4177.9 14.9
-2513.7 4170.0 14.4
-2526.4 4162.0 14.3
-2539.1 4154.1 14.4
-2551.8 4146.1 14.7
-2564.6 4138.2 14.9
-2577.3 4130.3 15.1
-2590.0 4122.3 15.4
-2602.8 4114.4 15.6
-2615.5 4106.4 15.8
-2628.2 4098.5 15.8
-2640.9 4090.6 15.7
-2653.7 4082.6 15.6
-2666.4 4074.7 15.4
-2679.1 4066.7 15.4
-2691.8 4058.8 15.5
-2704.6 4050.9 15.6
-2717.3 4042.9 15.6
-2730.0 4035.0 15.8
-2742.7 4027.0 16.1
-2755.5 4019.1 16.4
-2768.2 4011.2 16.6
-2780.9 4003.2 16.7
-2793.6 3995.2 16.9
-2806.3 3987.3 17.1
-2819.0 3979.3 17.3
-2831.9 3971.6 17.3
-2844.9 3964.0 17.3
-2857.8 3956.4 17.3
-2870.7 3948.8 17.2
-2883.6 3941.2 17.1
-2896.6 3933.6 17.0
-2908.7 3925.8 17.0
-2897.9 3924.5 16.8
-2885.2 3932.4 16.9
-2872.4 3940.3 17.1
-2859.6 3948.2 17.2
-2846.9 3956.0 17.3
-2834.1 3963.9 17.3
-2821.3 3971.8 17.3
-2808.6 3979.7 17.3
-2795.8 3987.5 17.1
-2783.0 3995.4 16.8
-2770.3 4003.3 16.6
-2757.5 4011.2 16.5
-2744.7 4019.0 16.2
-2731.9 4026.9 15.9
-2719.2 4034.8 15.7
-2706.4 4042.7 15.5
-2693.6 4050.5 15.4
-2680.9 4058.4 15.4
-2668.1 4066.3 15.3
-2655.4 4074.2 15.4
-2642.6 4082.1 15.5
-2629.9 4090.0 15.7
-2617.1 4097.9 15.8
-2604.4 4105.8 15.7
-2591.6 4113.7 15.4
-2578.9 4121.6 15.2
-2566.1 4129.5 15.0
-2553.4 4137.4 14.8
-2540.6 4145.3 14.5
-2527.9 4153.2 14.3
-2515.2 4161.3 14.1
-2503.0 4169.9 14.4
-2490.7 4178.5 14.9
-2478.6 4187.4 15.3
-2466.9 4196.8 16.0
-2454.8 4216.1 16.9
-4467.6 5337.7 19.3
-4480.8 5330.5 19.5
-4493.9 5323.3 19.7
-4505.6 5315.7 19.9
-4494.6 5315.0 19.7
-4481.4 5322.2 19.5
-4467.6 5337.7 19.3
-2817.2 -941.1 32.9
-2821.3 -926.7 33.2
-2825.3 -912.3 33.5
-2829.4 -897.8 33.6
-2833.5 -883.4 32.9
-2837.6 -869.0 32.3
-2839.0 -855.9 32.0
-2824.8 -851.2 32.4
-2810.6 -846.4 32.8
-2812.6 -823.4 32.5
3802.8 4381.4 21.1
3788.5 4376.8 21.2
3774.8 4371.2 21.3
3750.0 4354.4 21.3
6263.5 6371.1 60.2
6252.0 6373.0 60.3
6247.6 6372.1 60.2
6222.0 6349.5 59.4
6212.6 6344.9 59.2
6201.5 6342.9 59.2
6181.4 6346.1 59.5
6149.6 6001.1 47.4
6168.1 6018.3 47.8
6171.9 6021.7 47.8
6189.7 6038.6 46.4
6043.9 6184.1 55.6
6066.3 6195.0 55.2
6031.5 6271.1 56.9
6058.7 6277.7 57.0
6031.9 6275.1 57.1
6060.2 6282.2 57.2
1935.5 3078.1 14.9
1928.7 3091.5 14.6
1922.0 3104.9 14.4
1915.2 3118.3 14.2
1908.4 3131.7 14.2
1901.7 3145.1 14.1
1894.9 3158.5 13.9
1888.1 3171.8 13.8
1876.3 3195.3 13.1
3567.7 -4413.2 11.4
3574.7 -4400.0 10.9
3581.8 -4386.8 10.5
3588.9 -4373.5 10.5
3597.7 -4357.2 10.2
3921.6 -3734.3 9.3
3914.1 -3747.3 9.4
3906.6 -3760.3 9.7
3899.1 -3773.3 10.0
3891.7 -3786.3 10.0
3884.2 -3799.3 10.1
3876.7 -3812.3 10.2
3869.3 -3825.3 10.3
3861.8 -3838.3 10.3
3854.3 -3851.3 10.3
3846.8 -3864.3 10.3
3839.4 -3877.3 10.3
3831.9 -3890.3 10.3
3824.4 -3903.3 10.3
3816.9 -3916.3 10.3
3809.5 -3929.3 10.2
3802.0 -3942.3 10.5
3794.5 -3955.4 10.5
3787.0 -3968.4 10.5
3779.6 -3981.4 10.4
3772.1 -3994.4 10.4
3764.6 -4007.4 10.3
3757.2 -4020.4 10.3
3749.7 -4033.4 10.5
3742.2 -4046.4 10.8
3735.2 -4059.6 11.1
3728.7 -4073.1 11.5
3722.1 -4086.6 11.9
3715.7 -4100.2 12.3
3709.6 -4113.9 12.6
3703.5 -4127.6 12.2
3697.5 -4141.4 11.4
3692.5 -4155.5 10.5
3687.4 -4169.6 9.7
3682.4 -4183.7 8.8
3677.3 -4197.8 8.0
3672.2 -4212.0 7.7
3667.2 -4226.1 7.6
3659.0 -4248.9 7.3
6020.7 6383.4 55.4
6026.9 6369.7 55.5
6033.1 6356.1 55.6
6039.4 6342.5 56.2
6045.9 6328.3 56.9
6163.7 6709.2 49.7
6174.1 6714.1 49.7
5933.6 6459.8 54.8
5950.8 6429.8 54.6
-2535.8 8344.3 14.1
-2522.8 8351.7 14.0
-2509.7 8359.1 14.1
-2487.3 8371.8 14.3
-2022.3 4821.2 17.8
-2030.4 4808.6 17.6
-2038.6 4796.0 17.2
-2046.8 4783.4 16.8
-2055.0 4770.8 16.4
-2063.1 4758.3 16.0
-2071.3 4745.7 15.6
-2079.5 4733.1 15.3
-2087.7 4720.5 15.1
-2095.8 4708.0 14.9
-2104.0 4695.4 14.7
-2112.2 4682.8 14.7
-2120.3 4670.2 14.8
-2128.5 4657.6 14.9
-2136.7 4645.1 15.0
-2144.8 4632.5 15.0
-2153.0 4619.9 15.1
-2161.2 4607.3 15.2
-2169.3 4594.7 15.2
-2177.7 4582.3 15.2
-2186.1 4569.9 15.3
-2194.5 4557.4 15.3
-2202.8 4544.9 15.3
-2211.0 4532.4 15.3
-2219.3 4519.8 15.4
-2227.5 4507.3 15.4
-2235.7 4494.8 15.5
-2235.2 4502.1 15.4
-2227.1 4514.7 15.4
-2218.9 4527.3 15.3
-2210.7 4539.9 15.3
-2202.6 4552.5 15.3
-2194.4 4565.1 15.2
-2186.2 4577.6 15.2
-2178.0 4590.2 15.2
-2169.7 4602.7 15.2
-2161.5 4615.2 15.1
-2153.3 4627.8 15.1
-2145.2 4640.4 15.0
-2137.1 4653.0 14.9
-2128.9 4665.6 14.8
-2120.8 4678.2 14.8
-2112.7 4690.8 14.7
-2104.4 4703.4 14.8
-2096.2 4715.9 15.0
-2088.0 4728.5 15.2
-2079.9 4741.1 15.4
-2071.8 4753.7 15.8
-2063.6 4766.3 16.2
-2055.5 4778.9 16.6
-2047.4 4791.5 17.1
-2039.2 4804.1 17.4
-2022.3 4821.2 17.8
1904.9 3078.5 13.8
1935.5 3078.1 14.9
-1838.6 -7818.4 32.5
-1836.2 -7833.2 32.6
-1833.9 -7848.0 32.7
-1831.5 -7862.8 32.7
-1831.5 -7877.2 32.7
-1839.6 -7889.7 32.7
-1847.8 -7902.3 32.8
-1856.0 -7914.9 32.9
-1864.2 -7927.5 32.9
-1872.4 -7940.0 33.1
-1880.5 -7952.6 33.7
-1888.7 -7965.2 34.2
-1896.9 -7977.7 34.5
-1905.1 -7990.3 34.9
-1913.3 -8002.9 35.3
-1921.5 -8015.5 35.3
-1929.6 -8028.0 35.1
-1937.8 -8040.6 35.0
-1933.4 -8050.4 35.1
-1920.7 -8058.5 35.4
-1906.3 -8067.7 35.7
6355.3 5086.7 60.8
6345.6 5100.3 60.3
6078.2 6061.8 51.0
6102.5 6087.5 51.0
6526.5 7007.8 33.9
6537.0 7018.5 33.8
6548.5 7028.1 33.9
6561.1 7036.2 34.2
6574.5 7043.0 33.7
6587.9 7049.7 33.3
6601.3 7056.4 32.8
6614.7 7063.1 32.1
6628.2 7069.9 31.1
6641.6 7076.6 30.1
6655.0 7083.3 29.3
6668.4 7090.0 29.0
6681.8 7096.8 28.7
6695.2 7103.5 28.5
6708.2 7110.9 28.5
6721.2 7118.4 28.4
6734.2 7126.0 28.2
6747.1 7133.5 28.1
6766.6 7144.9 27.8
6078.9 6060.6 50.9
6089.2 6071.4 51.4
6099.6 6082.3 51.3
6098.5 6092.9 51.2
6087.8 6103.4 51.7
6104.7 6124.9 51.8
6149.2 6357.2 58.4
6162.9 6363.2 58.5
6176.7 6369.2 58.6
6202.4 6380.5 58.9
6146.0 6363.9 58.1
6159.7 6370.1 58.2
6173.3 6376.3 58.3
-4947.5 5778.4 31.2
-4962.0 5774.4 31.7
-4976.4 5770.4 32.1
-4990.3 5766.1 32.6
-4986.2 5751.7 32.7
-4980.1 5740.9 32.6
-4979.0 5752.4 32.5
-4977.2 5763.5 32.3
-4962.9 5767.9 31.8
-4947.5 5778.4 31.2
4084.2 -2504.0 10.3
4077.9 -2490.4 10.6
4071.5 -2476.8 10.4
4065.1 -2463.3 10.2
4058.3 -2449.9 9.9
4051.3 -2436.6 9.7
4044.2 -2423.4 9.5
4036.9 -2410.3 9.2
4029.6 -2397.2 9.0
4021.9 -2384.3 8.7
4014.0 -2371.6 8.4
4005.8 -2359.0 8.2
3997.6 -2346.5 7.9
3989.4 -2333.9 7.6
3981.0 -2321.5 7.5
3972.4 -2309.2 7.3
3963.9 -2296.9 7.3
3955.3 -2284.5 7.5
3946.3 -2272.6 7.7
3936.9 -2260.9 7.9
3927.5 -2249.2 8.1
3918.1 -2237.5 8.2
3908.7 -2225.8 7.9
3899.3 -2214.1 7.7
3889.9 -2202.4 7.5
3880.5 -2190.8 7.3
3871.0 -2179.1 7.2
3861.6 -2167.5 7.3
3852.1 -2155.8 7.6
3842.6 -2144.2 7.8
3833.2 -2132.5 7.7
3823.7 -2120.9 7.7
3814.3 -2109.2 7.6
3804.8 -2097.6 7.5
3795.2 -2086.1 7.5
3785.7 -2074.5 7.4
3776.1 -2063.0 7.4
3766.7 -2051.3 7.5
3757.2 -2039.6 7.5
3746.1 -2025.9 7.5
6167.0 6730.5 49.0
6153.1 6724.8 49.0
6139.3 6719.0 49.0
6123.6 6712.6 49.0
-2467.1 8498.1 15.3
-2458.9 8485.6 15.2
-2450.6 8473.0 15.2
-2442.4 8460.5 15.1
-2425.3 8438.5 14.9
5627.6 -264.5 27.6
5621.2 -251.0 27.1
5614.8 -237.4 26.7
5608.3 -223.9 26.3
5601.9 -210.3 25.8
5595.5 -196.7 25.4
5589.1 -183.2 25.0
5582.6 -169.6 24.5
5576.2 -156.1 24.1
5566.0 -134.7 23.0
-3384.3 8812.1 11.5
-3379.3 8808.4 11.6
-3374.6 8801.7 11.5
-3370.7 8792.2 11.3
4036.0 -3559.3 9.0
4043.4 -3546.2 8.7
4050.5 -3533.0 8.4
4057.5 -3519.7 8.1
4064.6 -3506.5 7.8
4071.3 -3493.1 7.8
4077.7 -3479.5 7.7
4084.1 -3466.0 7.8
4090.4 -3452.3 8.1
4096.3 -3438.6 8.3
4102.2 -3424.8 8.6
4107.9 -3410.9 8.8
4113.3 -3396.9 8.9
4118.6 -3382.9 9.1
4123.9 -3368.8 9.2
4129.1 -3354.8 9.4
4134.1 -3340.6 9.2
4138.8 -3326.4 8.7
4143.4 -3312.1 8.2
4147.5 -3297.7 7.7
4151.4 -3283.2 7.6
4155.2 -3268.7 7.9
4159.1 -3254.2 8.3
4162.7 -3239.6 8.7
4166.2 -3225.0 8.7
4169.0 -3210.3 9.1
4171.8 -3195.6 9.4
4174.5 -3180.8 9.8
4177.3 -3166.1 10.2
4179.8 -3151.3 10.3
4181.8 -3136.4 10.4
4183.8 -3121.6 10.5
4185.7 -3106.7 10.6
4187.0 -3091.7 10.5
4188.3 -3076.8 10.3
4189.6 -3061.9 10.1
4190.9 -3046.9 9.9
4191.4 -3031.9 9.7
4191.8 -3016.9 9.9
4192.1 -3001.9 9.7
4192.5 -2986.9 9.7
4192.5 -2971.9 9.6
4192.0 -2957.0 9.6
4191.5 -2942.0 9.6
4191.1 -2927.0 9.6
4190.6 -2912.0 9.7
4190.1 -2897.0 9.9
4189.3 -2882.0 10.0
4188.3 -2867.0 10.2
4187.3 -2852.1 10.3
4186.2 -2837.1 10.4
4184.0 -2822.3 10.6
4181.7 -2807.5 10.7
4179.4 -2792.6 10.9
4176.8 -2777.9 11.1
4174.0 -2763.1 11.3
4170.9 -2748.5 11.5
4167.9 -2733.8 11.7
4164.8 -2719.1 11.9
4161.7 -2704.4 11.5
4158.1 -2689.9 10.7
4154.0 -2675.4 10.4
4149.8 -2661.0 10.0
4145.7 -2646.6 9.6
4141.4 -2632.2 9.2
4136.4 -2618.1 8.8
4131.5 -2603.9 8.3
4126.6 -2589.7 8.1
4121.7 -2575.6 8.4
4116.4 -2561.5 8.8
4110.9 -2547.6 9.1
4105.4 -2533.6 9.5
4099.8 -2519.7 9.9
4094.1 -2505.8 10.3
4088.0 -2492.1 10.8
4081.7 -2478.5 10.5
4075.4 -2464.9 10.3
4068.6 -2451.5 10.1
4061.8 -2438.2 9.8
4054.7 -2425.0 9.6
4047.5 -2411.8 9.4
4040.2 -2398.7 9.1
4032.7 -2385.7 8.9
4024.9 -2372.9 8.6
4016.7 -2360.3 8.3
4008.5 -2347.7 8.1
4000.3 -2335.2 7.8
3992.1 -2322.6 7.6
3983.6 -2310.3 7.4
3975.0 -2298.0 7.3
3966.4 -2285.7 7.6
3957.9 -2273.4 7.8
3948.5 -2261.7 8.0
3939.1 -2250.0 8.2
3929.7 -2238.3 8.4
3920.3 -2226.6 8.2
3910.9 -2214.9 8.0
3901.4 -2203.3 7.8
3892.0 -2191.6 7.6
3882.6 -2179.9 7.4
3873.2 -2168.3 7.2
3863.7 -2156.6 7.5
3854.2 -2145.0 7.7
3844.8 -2133.3 7.7
3835.3 -2121.7 7.6
3825.9 -2110.1 7.5
3816.4 -2098.4 7.5
3806.9 -2086.8 7.4
3797.3 -2075.3 7.3
3787.8 -2063.7 7.4
3778.2 -2052.1 7.4
3768.8 -2040.4 7.4
3752.8 -2020.5 7.4
4135.0 -3301.6 8.1
4138.9 -3287.1 7.7
4142.8 -3272.6 8.1
4146.6 -3258.1 8.4
4150.4 -3243.6 8.8
4154.0 -3229.0 8.9
4157.0 -3214.4 9.0
4159.8 -3199.6 9.4
4162.6 -3184.9 9.8
4165.3 -3170.1 10.1
4168.1 -3155.4 10.3
4170.1 -3140.5 10.4
4172.2 -3125.7 10.5
4174.2 -3110.8 10.6
4175.6 -3095.9 10.5
4176.9 -3080.9 10.3
4178.2 -3066.0 10.1
4179.5 -3051.0 9.9
4180.3 -3036.1 9.7
4180.7 -3021.1 10.0
4181.0 -3006.1 9.9
4181.4 -2991.1 9.8
4181.6 -2976.1 9.7
4181.2 -2961.1 9.7
4180.7 -2946.1 9.6
4180.2 -2931.1 9.6
4179.7 -2916.1 9.7
4179.2 -2901.1 9.9
4178.5 -2886.2 10.0
4177.6 -2871.2 10.2
4176.6 -2856.2 10.3
4175.6 -2841.2 10.4
4173.5 -2826.4 10.6
4171.2 -2811.6 10.7
4168.9 -2796.8 10.9
4166.4 -2782.0 11.0
4163.6 -2767.2 11.3
4160.6 -2752.5 11.5
4157.5 -2737.9 11.7
4154.4 -2723.2 11.9
4151.3 -2708.5 11.8
4147.8 -2693.9 10.9
4143.7 -2679.5 10.2
4139.5 -2665.1 9.9
4135.4 -2650.7 9.5
4131.1 -2636.3 9.1
4126.2 -2622.1 8.6
4121.3 -2608.0 8.2
4116.4 -2593.8 7.8
4111.5 -2579.6 8.1
4106.3 -2565.5 8.4
4101.1 -2551.5 8.8
4095.9 -2537.4 9.2
4087.5 -2514.7 9.8
6183.0 6342.5 59.4
6189.9 6329.2 58.5
6196.8 6315.9 57.7
6203.7 6302.5 56.9
6211.4 6287.6 55.9
6217.4 6271.0 54.9
-2364.6 8332.9 14.1
-2368.3 8340.4 14.2
-2365.2 8352.0 14.2
-2367.3 8359.2 14.3
-2379.2 8375.8 14.4
-2383.0 8379.1 14.4
3909.5 -3777.0 9.5
3901.9 -3790.0 9.6
3894.4 -3802.9 9.7
3886.8 -3815.9 9.8
3879.3 -3828.9 9.9
3871.7 -3841.8 9.9
3864.2 -3854.8 9.9
3856.6 -3867.7 9.9
3849.0 -3880.7 9.9
3841.5 -3893.6 9.9
3833.9 -3906.6 9.9
3826.4 -3919.6 9.9
3818.8 -3932.5 9.8
3811.3 -3945.5 10.1
3803.7 -3958.4 10.0
3796.1 -3971.4 10.0
3788.6 -3984.3 10.0
3781.0 -3997.3 9.9
3773.5 -4010.3 9.9
3765.9 -4023.2 9.9
3758.4 -4036.2 10.1
3750.8 -4049.1 10.4
3743.7 -4062.4 10.8
3737.5 -4076.0 11.1
3731.3 -4089.6 11.5
3725.1 -4103.3 11.9
3718.9 -4116.9 12.2
3712.6 -4130.6 11.6
3706.5 -4144.3 10.8
3701.3 -4158.3 10.0
3696.0 -4172.4 9.2
3690.7 -4186.4 8.3
3685.5 -4200.5 7.5
3680.2 -4214.5 7.3
3674.9 -4228.6 7.1
3669.7 -4242.6 7.0
3660.7 -4264.4 6.8
6105.1 6391.3 56.7
6093.4 6419.0 56.6
6087.6 6432.8 56.7
6081.8 6446.6 56.8
6075.9 6460.5 56.9
6070.1 6474.3 56.7
6061.9 6493.8 55.8
6429.9 6912.2 38.4
6439.8 6923.4 37.8
6449.8 6934.6 37.2
6459.8 6945.8 36.7
6469.8 6957.0 36.0
6479.8 6968.2 35.3
6489.7 6979.4 34.6
6499.7 6990.6 34.2
6509.7 7001.8 33.9
6519.7 7013.0 33.5
6530.1 7023.7 33.4
6541.3 7033.7 33.5
6553.6 7042.2 33.9
6566.8 7049.3 33.6
6580.2 7056.0 33.3
6593.6 7062.6 33.0
6607.1 7069.3 32.6
6620.5 7076.0 31.7
6633.9 7082.7 30.8
6647.4 7089.4 29.9
6660.8 7096.0 29.5
6674.2 7102.7 29.2
6687.6 7109.4 28.9
6700.7 7116.8 28.9
6713.6 7124.5 28.8
6726.4 7132.2 28.6
6739.3 7139.9 28.4
6761.6 7153.1 28.0
-2797.8 -822.0 32.8
-2792.5 -843.4 33.3
-2777.0 -839.6 33.7
-2001.1 4834.1 17.6
-2009.1 4821.4 17.6
-2017.0 4808.7 17.6
-2024.9 4795.9 17.2
-2032.8 4783.2 16.9
-2040.7 4770.4 16.4
-2048.6 4757.7 16.0
-2056.5 4744.9 15.6
-2064.6 4732.3 15.2
-2072.8 4719.7 15.0
-2081.0 4707.2 14.8
-2089.2 4694.6 14.6
-2097.3 4682.0 14.6
-2105.5 4669.4 14.7
-2113.7 4656.9 14.8
-2121.9 4644.3 14.9
-2130.1 4631.7 15.0
-2138.3 4619.2 15.1
-2146.5 4606.6 15.1
-2154.7 4594.1 15.2
-2162.9 4581.5 15.2
-2171.1 4569.0 15.1
-2179.4 4556.4 15.1
-2187.6 4543.9 15.1
-2195.8 4531.3 15.1
-2204.0 4518.8 15.2
-2212.3 4506.3 15.4
-2220.5 4493.7 15.5
-2228.7 4481.2 15.7
-2230.6 4469.9 15.3
-2222.0 4480.2 15.6
-2213.8 4492.8 15.4
-2205.7 4505.4 15.2
-2197.6 4518.0 15.1
-2189.4 4530.6 14.9
-2181.3 4543.2 14.8
-2173.1 4555.8 14.9
-2165.0 4568.4 14.9
-2156.8 4581.0 15.0
-2148.7 4593.6 15.2
-2140.6 4606.2 15.1
-2132.4 4618.8 15.1
-2124.3 4631.4 15.0
-2116.1 4644.0 14.9
-2108.0 4656.6 14.8
-2099.8 4669.2 14.7
-2091.7 4681.8 14.6
-2083.6 4694.4 14.6
-2075.4 4707.0 14.8
-2067.3 4719.6 15.0
-2059.1 4732.1 15.2
-2051.0 4744.7 15.6
-2042.8 4757.3 16.0
-2034.7 4769.9 16.4
-2026.6 4782.5 16.8
-2018.4 4795.1 17.1
-2010.3 4807.7 17.5
-2002.1 4820.3 17.5
-2001.1 4834.1 17.6
-4734.2 6155.9 25.5
-4731.5 6141.2 25.3
-4728.8 6126.4 25.1
-4726.2 6111.7 25.0
-4713.2 6115.5 24.7
-4699.2 6121.0 24.4
-4685.3 6126.5 24.1
-4671.4 6132.1 23.8
-4670.7 6143.7 23.9
-4675.7 6157.8 24.1
-4670.2 6167.4 24.1
-4664.6 6153.5 23.8
-4659.0 6139.5 23.6
-4662.4 6129.5 23.5
-4676.4 6123.9 23.8
-4690.3 6118.3 24.1
-4704.2 6112.7 24.5
-4718.1 6107.1 24.8
-4730.5 6104.8 25.1
-4734.9 6119.1 25.3
-4737.4 6133.9 25.4
-4734.2 6155.9 25.5
-4516.1 5313.3 20.0
-4529.0 5305.6 20.2
-4541.9 5298.0 20.4
-4554.8 5290.3 20.5
-4567.8 5282.7 20.5
-4571.1 5272.8 20.4
-4558.7 5278.7 20.4
-4545.8 5286.4 20.4
-4532.9 5294.1 20.2
-4520.0 5301.8 20.0
-4516.1 5313.3 20.0
-4585.8 5272.0 20.4
-4598.8 5264.5 20.2
-4611.9 5257.1 20.0
-4624.9 5249.7 19.7
-4634.4 5241.1 19.5
-4624.4 5240.0 19.6
-4611.7 5248.1 19.8
-4599.1 5256.1 20.1
-4585.8 5272.0 20.4
-4587.4 5205.2 19.3
-4601.2 5199.2 19.0
-4615.0 5193.3 18.8
-4628.7 5187.4 18.6
-4635.8 5195.9 18.7
-4640.1 5210.3 18.9
-4644.3 5224.7 19.2
-4651.1 5232.1 19.2
-4656.6 5222.5 19.0
-4670.2 5216.1 18.8
-4681.1 5208.2 18.6
-4673.6 5203.5 18.6
-4659.6 5208.6 18.8
-4646.4 5211.9 18.9
-4642.0 5197.5 18.7
-4637.6 5183.2 18.5
-4633.2 5168.9 18.3
-4628.8 5154.5 18.1
-4624.4 5140.2 17.9
-4620.0 5125.8 17.8
-4615.6 5111.5 18.0
-4611.2 5097.2 18.1
-4606.8 5082.8 18.2
-4602.4 5068.5 18.2
-4596.2 5057.4 18.2
-4596.7 5069.7 18.2
-4600.9 5084.1 18.1
-4605.2 5098.5 18.1
-4609.5 5112.8 18.0
-4613.7 5127.2 17.8
-4618.0 5141.6 17.9
-4622.3 5156.0 18.2
-4626.5 5170.4 18.4
-4620.4 5180.3 18.6
-4607.1 5187.2 18.8
-4593.8 5194.2 19.0
-4587.4 5205.2 19.3
1869.5 3192.5 12.9
1876.3 3195.3 13.1
1895.9 3205.0 13.8
-2461.4 8500.3 15.2
-2453.1 8487.7 15.2
-2444.8 8475.2 15.1
-2436.6 8462.7 15.1
-2427.2 8451.0 15.0
-2417.9 8439.2 14.9
-2409.3 8427.0 14.8
-2395.6 8407.4 14.6
1757.5 -6810.1 17.7
1772.5 -6809.6 17.7
1787.5 -6809.1 17.6
1802.5 -6808.5 17.5
1817.5 -6807.9 17.3
1832.4 -6807.0 17.1
1847.4 -6806.3 16.9
1862.4 -6805.6 16.8
1877.4 -6805.0 16.5
1892.4 -6804.4 16.2
1912.7 -6811.5 15.8
1897.7 -6812.2 16.1
1882.7 -6812.8 16.4
1867.7 -6813.4 16.7
1852.7 -6814.1 16.9
1837.7 -6814.7 17.1
1822.8 -6815.6 17.3
1807.8 -6816.3 17.5
1792.8 -6816.9 17.6
1777.8 -6817.4 17.7
2048.7 -6786.4 17.1
2063.1 -6782.4 17.3
2077.4 -6777.9 17.4
2091.6 -6772.8 17.6
2105.4 -6766.9 17.7
2119.1 -6760.9 17.7
2132.6 -6754.3 17.7
2145.9 -6747.5 17.7
2158.8 -6739.8 17.4
2171.4 -6731.7 17.2
2183.8 -6723.2 16.9
2196.0 -6714.5 16.6
2208.2 -6705.8 16.4
2219.9 -6696.4 16.2
2231.6 -6687.0 16.0
2243.3 -6677.7 15.8
2255.2 -6668.4 15.7
2266.9 -6659.1 15.7
2278.5 -6649.7 15.8
2290.8 -6641.0 15.9
2303.2 -6632.5 16.1
2315.7 -6624.3 16.3
2328.3 -6616.1 16.6
2340.9 -6608.0 16.7
2353.5 -6599.9 16.6
2366.2 -6591.9 16.6
2378.9 -6583.9 16.6
2391.6 -6575.9 16.4
2404.2 -6567.8 16.3
2416.9 -6559.8 16.2
2429.6 -6551.8 16.0
2442.4 -6544.0 16.0
2455.5 -6536.7 15.8
2469.1 -6530.4 15.5
2483.1 -6525.0 15.3
2497.2 -6520.0 15.1
2511.8 -6516.6 15.2
2526.4 -6513.2 15.3
2541.1 -6510.0 15.4
2555.7 -6506.8 15.6
2570.4 -6503.8 15.7
2585.1 -6500.7 15.9
2599.6 -6496.8 16.0
2613.7 -6491.8 16.2
2627.3 -6485.7 16.3
2640.3 -6478.1 16.5
2653.1 -6470.2 16.6
2665.7 -6462.1 16.7
2678.2 -6454.0 16.9
2690.8 -6445.8 17.1
2702.9 -6437.0 17.3
2714.5 -6427.4 17.5
2726.1 -6417.9 17.6
2736.6 -6407.2 17.7
2746.5 -6396.0 17.7
2756.5 -6384.8 17.7
2766.4 -6373.5 17.8
2776.3 -6362.3 17.9
2786.2 -6351.0 18.0
2797.0 -6340.6 18.2
2824.3 -6328.9 18.5
2812.1 -6337.7 18.3
2801.0 -6347.8 18.2
2790.4 -6358.4 18.1
2780.5 -6369.6 18.0
2770.6 -6380.9 17.9
2760.6 -6392.1 17.8
2750.7 -6403.3 17.8
2740.8 -6414.6 17.8
2730.0 -6425.0 17.8
2718.5 -6434.5 17.6
2706.9 -6444.1 17.4
2694.7 -6452.8 17.2
2682.1 -6461.0 17.0
2669.5 -6469.1 16.8
2656.9 -6477.3 16.7
2644.1 -6485.1 16.5
2631.2 -6492.7 16.4
2617.6 -6498.9 16.2
2603.5 -6503.9 16.1
2589.1 -6508.1 15.9
2574.4 -6511.1 15.8
2559.7 -6514.2 15.6
2545.1 -6517.3 15.4
2530.4 -6520.6 15.3
2515.8 -6523.9 15.2
2501.2 -6527.3 15.2
2487.0 -6532.0 15.4
2473.0 -6537.4 15.6
2459.4 -6543.7 15.9
2446.3 -6551.0 16.0
2433.5 -6558.8 16.0
2420.8 -6566.8 16.1
2408.1 -6574.9 16.2
2395.5 -6582.9 16.3
2382.8 -6590.9 16.3
2370.1 -6598.9 16.4
2357.4 -6606.9 16.4
2344.8 -6615.0 16.4
2332.1 -6623.1 16.3
2319.6 -6631.3 16.1
2307.1 -6639.6 16.0
2294.7 -6648.1 15.8
2282.5 -6656.8 15.7
2270.9 -6666.2 15.6
2259.1 -6675.5 15.6
2247.3 -6684.7 15.8
2235.5 -6694.1 15.9
2223.9 -6703.5 16.1
2212.1 -6712.9 16.3
2199.9 -6721.5 16.6
2187.7 -6730.2 16.8
2175.3 -6738.7 17.1
2162.7 -6746.9 17.4
2149.8 -6754.5 17.6
2136.5 -6761.3 17.7
2123.0 -6767.9 17.7
2109.3 -6774.0 17.7
2095.5 -6779.9 17.6
2081.4 -6785.0 17.4
2067.1 -6789.6 17.3
-182.5 -7202.7 37.9
-167.7 -7200.1 37.6
-152.9 -7197.5 37.3
-138.1 -7194.9 37.0
-123.4 -7192.2 36.9
-108.6 -7189.5 36.8
-93.9 -7186.8 36.6
-79.1 -7184.1 35.9
-64.5 -7180.6 35.1
-50.3 -7176.1 34.2
-36.7 -7169.8 33.7
-23.2 -7163.1 33.2
-9.7 -7156.5 32.6
3.7 -7149.9 32.1
17.4 -7143.9 31.7
31.7 -7139.3 31.5
46.0 -7134.8 31.3
60.5 -7131.2 31.0
75.3 -7128.6 30.4
90.1 -7126.0 29.8
104.9 -7123.4 29.2
119.6 -7120.8 28.6
134.4 -7118.2 28.0
149.2 -7115.6 27.5
164.0 -7113.0 26.9
178.7 -7110.4 26.3
193.5 -7107.8 26.2
208.3 -7105.2 26.8
223.1 -7102.7 27.4
237.9 -7100.2 28.0
252.6 -7097.7 28.5
267.4 -7095.2 28.6
282.2 -7092.7 28.8
297.0 -7090.2 28.9
311.8 -7087.7 29.0
326.6 -7085.2 29.0
341.4 -7082.7 28.9
356.2 -7080.2 28.7
371.0 -7077.7 28.6
385.8 -7075.2 28.6
400.4 -7071.8 29.0
414.8 -7067.7 29.6
429.0 -7062.9 30.2
443.1 -7057.9 30.8
457.1 -7052.5 31.4
471.1 -7047.1 31.9
485.1 -7041.7 32.1
499.1 -7036.3 32.2
513.1 -7030.8 32.3
526.9 -7025.0 32.4
540.7 -7019.1 32.5
554.5 -7013.3 32.5
568.3 -7007.4 32.6
582.2 -7001.7 32.5
596.2 -6996.4 32.4
610.3 -6991.2 32.4
624.6 -6986.8 32.3
639.0 -6982.6 32.2
653.5 -6978.8 32.0
668.1 -6975.4 31.6
682.7 -6972.0 31.2
697.3 -6968.6 30.8
712.0 -6965.1 30.4
726.6 -6961.7 30.1
741.2 -6958.3 29.8
755.8 -6954.9 29.5
770.4 -6951.5 28.9
785.0 -6948.0 28.0
799.6 -6944.6 27.1
814.2 -6941.2 26.3
828.8 -6937.8 25.6
843.4 -6934.3 25.2
858.0 -6930.9 24.7
872.6 -6927.5 24.2
887.2 -6924.1 23.9
901.8 -6920.7 23.5
916.4 -6917.2 23.2
931.0 -6913.8 22.8
945.8 -6911.4 22.4
960.7 -6909.3 22.0
975.5 -6907.3 21.6
990.4 -6905.2 21.2
1005.2 -6903.1 20.8
1020.0 -6900.6 20.6
1034.8 -6898.1 20.4
1049.6 -6895.6 20.2
1064.4 -6893.1 20.0
1079.2 -6890.6 19.7
1093.8 -6887.1 19.4
1108.3 -6883.5 19.2
1122.9 -6879.9 19.0
1137.4 -6876.3 18.8
1152.0 -6872.7 18.6
1166.6 -6869.1 18.4
1181.1 -6865.5 18.3
1195.7 -6861.9 18.2
1210.2 -6858.1 18.1
1224.7 -6854.4 18.1
1239.3 -6850.6 18.0
1253.8 -6846.9 18.1
1268.3 -6843.2 18.5
1282.8 -6839.4 18.8
1297.4 -6835.7 19.2
1311.8 -6831.8 19.2
1326.3 -6827.9 19.2
1340.9 -6824.1 19.1
1355.5 -6820.9 18.8
1370.1 -6817.6 18.4
1384.7 -6814.1 18.2
1399.3 -6810.5 18.1
1413.9 -6806.9 17.9
1428.5 -6803.9 17.8
1443.2 -6800.9 17.8
1458.1 -6799.5 17.7
1473.1 -6798.9 17.6
1488.1 -6798.4 17.5
1503.1 -6798.0 17.3
1518.1 -6798.3 17.0
1533.1 -6798.5 16.7
1548.1 -6798.7 16.4
1563.1 -6798.8 16.4
1578.1 -6798.9 16.3
1593.1 -6799.4 16.2
1608.1 -6800.1 16.2
1623.1 -6800.8 16.2
1638.0 -6801.9 16.2
1653.0 -6803.0 16.1
1667.9 -6804.5 16.2
1682.8 -6806.3 16.4
1697.7 -6807.8 16.6
1712.7 -6809.0 16.9
1727.6 -6809.8 17.3
1742.5 -6818.1 17.5
1727.5 -6817.8 17.2
1712.6 -6817.0 17.0
1697.6 -6815.8 16.7
1682.7 -6814.3 16.4
1667.8 -6812.6 16.3
1652.9 -6811.0 16.1
1637.9 -6809.9 16.1
1623.0 -6808.8 16.1
1608.0 -6808.1 16.1
1593.0 -6807.4 16.1
1578.0 -6806.9 16.2
1563.0 -6806.8 16.4
1548.0 -6806.7 16.5
1533.0 -6806.5 16.8
1518.0 -6806.3 17.1
1503.0 -6806.0 17.4
1488.0 -6806.4 17.6
1473.0 -6807.0 17.7
1458.0 -6807.5 17.8
1443.2 -6809.1 17.9
1428.5 -6812.1 17.9
1413.8 -6815.2 18.0
1399.2 -6818.8 18.1
1384.7 -6822.4 18.2
1370.1 -6825.8 18.5
1355.4 -6829.1 18.8
1340.8 -6832.4 19.1
1326.3 -6836.2 19.0
1311.8 -6840.1 19.0
1297.3 -6844.0 19.0
1282.8 -6847.7 18.7
1268.3 -6851.4 18.4
1253.7 -6855.2 18.1
1239.2 -6858.9 18.0
1224.7 -6862.6 18.0
1210.2 -6866.4 18.1
1195.6 -6870.1 18.1
1181.1 -6873.8 18.3
1166.5 -6877.4 18.5
1152.0 -6881.0 18.7
1137.4 -6884.6 18.9
1122.8 -6888.2 19.0
1108.3 -6891.8 19.2
1093.7 -6895.4 19.4
1079.1 -6898.8 19.7
1064.3 -6901.3 20.0
1049.5 -6903.7 20.2
1034.7 -6906.2 20.3
1019.9 -6908.7 20.5
1005.1 -6911.2 20.7
990.3 -6913.3 21.1
975.4 -6915.3 21.5
960.6 -6917.4 22.0
945.7 -6919.5 22.4
931.0 -6922.0 22.8
916.3 -6925.5 23.2
901.7 -6928.9 23.5
887.1 -6932.3 23.8
872.5 -6935.7 24.2
857.9 -6939.2 24.7
843.3 -6942.6 25.1
828.7 -6946.0 25.6
814.1 -6949.4 26.2
799.5 -6952.8 27.1
784.9 -6956.3 27.9
770.3 -6959.7 28.7
755.7 -6963.1 29.2
741.1 -6966.5 29.5
726.5 -6970.0 29.9
711.9 -6973.4 30.2
697.3 -6976.8 30.6
682.7 -6980.2 31.0
668.1 -6983.6 31.4
653.5 -6987.1 31.8
639.0 -6991.0 32.1
624.6 -6995.1 32.2
610.3 -6999.7 32.2
596.3 -7005.0 32.3
582.2 -7010.2 32.4
568.4 -7016.1 32.4
554.6 -7021.9 32.4
540.8 -7027.8 32.3
527.0 -7033.6 32.2
513.2 -7039.5 32.1
499.2 -7044.9 32.0
485.2 -7050.3 31.8
471.2 -7055.7 31.5
457.2 -7061.1 31.1
443.2 -7066.5 30.4
429.0 -7071.3 29.8
414.8 -7076.2 29.2
400.3 -7080.0 28.7
385.7 -7083.3 28.2
370.9 -7085.8 28.3
356.1 -7088.3 28.4
341.3 -7090.8 28.6
326.5 -7093.3 28.7
311.7 -7095.8 28.6
296.9 -7098.3 28.5
282.1 -7100.8 28.5
267.4 -7103.3 28.4
252.6 -7105.8 28.2
237.8 -7108.3 27.7
223.0 -7110.8 27.1
208.2 -7113.4 26.6
193.4 -7116.0 26.1
178.7 -7118.6 26.2
163.9 -7121.2 26.8
149.1 -7123.7 27.3
134.3 -7126.3 27.9
119.6 -7128.9 28.4
104.8 -7131.5 29.0
90.0 -7134.1 29.6
75.2 -7136.7 30.2
60.5 -7139.3 30.8
46.0 -7143.2 31.0
31.7 -7147.7 31.2
17.4 -7152.3 31.3
3.9 -7158.7 31.9
-9.6 -7165.4 32.4
-23.0 -7172.0 33.0
-36.5 -7178.6 33.5
-50.3 -7184.5 34.2
-64.6 -7188.9 35.0
-79.2 -7192.3 35.8
-94.0 -7195.0 36.5
-108.7 -7197.7 36.6
-123.5 -7200.4 36.7
-138.2 -7203.0 37.0
-153.0 -7205.6 37.3
-878.0 7428.7 13.8
-4203.8 -2151.0 25.7
-3991.9 -2120.2 23.2
-3996.6 -2102.4 25.3
-4143.8 -2105.4 28.4
-4162.7 -2110.0 27.8
-4174.7 -2110.0 27.5
-4205.7 -2108.9 26.9
-4217.4 -2104.9 26.8
-3953.8 -2085.8 23.6
-3962.9 -2093.1 23.6
-3980.4 -2093.7 24.9
-4010.4 -2087.7 27.9
-4051.7 -2091.7 30.7
-4104.5 -2092.0 29.6
-4117.9 -2093.3 29.3
-4176.4 -2092.0 28.0
-4222.1 -2092.9 27.0
-4345.7 -2088.6 24.4
-3892.6 -2071.3 21.7
-3938.0 -2075.4 23.4
-4042.0 -2078.8 31.2
-4068.4 -2077.5 30.8
-4084.5 -2074.4 30.6
-4298.5 -2074.7 25.9
-3895.2 -2056.9 21.8
-3909.4 -2063.3 22.3
-3962.7 -2064.3 26.4
-4044.5 -2061.1 31.8
-4060.4 -2061.2 31.5
-4103.8 -2061.0 30.5
-4119.1 -2062.7 30.1
-4174.7 -2063.1 28.9
-4187.8 -2064.7 28.6
-4314.0 -2061.6 25.9
-4330.1 -2065.3 25.4
-3890.2 -2047.5 22.4
-3906.7 -2042.1 24.2
-3925.3 -2042.5 25.7
-4014.7 -2043.2 32.6
-4026.7 -2040.7 32.8
-4043.0 -2044.6 32.4
-4083.9 -2048.7 31.3
-4150.8 -2047.7 29.9
-4178.8 -2045.8 29.3
-4202.0 -2048.2 28.7
-4216.6 -2050.1 28.4
-4293.9 -2045.8 25.2
-3925.4 -2029.7 26.9
-3952.2 -2033.5 28.7
-3968.3 -2033.1 30.0
-4012.0 -2027.5 33.5
-4172.9 -2030.9 29.6
-4251.0 -2027.7 25.0
-4295.8 -2032.7 23.3
-4313.0 -2029.8 22.0
-3966.5 -2014.9 31.6
-4066.5 -2016.0 32.7
-4253.7 -2017.3 23.4
-4263.2 -2013.6 22.4
-4282.2 -2017.7 22.0
-4301.1 -2014.5 20.5
-4309.9 -2017.5 20.4
-3999.9 -2003.0 34.5
-4097.2 -1996.0 28.9
-4283.9 -2004.5 20.4
-3993.7 -1989.8 33.5
-4029.4 -1984.6 31.0
-4149.6 -1984.5 24.5
-4161.0 -1986.1 24.1
-3924.5 -1971.1 25.5
-3935.4 -1970.8 27.1
-4052.2 -1975.1 28.5
-4104.6 -1966.8 24.5
-4126.9 -1970.9 23.9
-4037.0 -1959.1 26.9
-4054.7 -1951.9 25.1
-4066.3 -1957.8 25.4
-4087.1 -1952.1 23.5
-4116.2 -1956.0 22.4
-4150.6 -1956.7 21.4
-4158.7 -1950.7 21.4
-4189.5 -1956.4 21.2
-3970.2 -1939.2 25.8
-4103.4 -1937.9 21.8
-3964.2 -1925.8 23.8
-4009.3 -1920.6 21.6
-4025.9 -1923.6 21.7
-4052.4 -1922.0 21.7
-4141.4 -1926.5 21.5
-3956.0 -1906.0 21.4
-3981.0 -1907.4 21.4
-4013.1 -1913.2 21.5
-4052.2 -1909.9 21.6
-3955.7 -1894.3 21.1
-4060.3 -1896.8 21.4
-4012.9 -1876.4 21.0
-3968.0 -1864.9 20.7
-3995.6 -1861.1 20.8
-4009.2 -1870.0 21.0
-2506.1 -9197.7 51.4
-2631.0 -9200.3 47.9
-2496.0 -9186.3 51.7
-2586.4 -9180.6 49.5
-2610.9 -9183.9 48.5
-2491.7 -9162.1 51.9
-2504.5 -9155.5 51.6
-2521.9 -9151.9 51.2
-2538.1 -9151.8 50.8
-2552.5 -9150.8 50.4
-2621.9 -9149.8 47.6
-2657.6 -9147.3 46.1
-2668.8 -9149.2 45.7
-2540.6 -9141.1 50.8
-2555.8 -9133.2 50.1
-2471.5 -9124.1 52.6
-2584.4 -9121.6 48.8
-2625.4 -9126.6 47.2
-2652.2 -9123.5 45.9
-2471.9 -9107.3 52.4
-2523.1 -9111.5 51.1
-2550.5 -9107.7 49.8
-2578.4 -9108.6 48.6
-2622.3 -9109.4 46.8
-2669.4 -9110.2 44.8
-2518.0 -9096.7 50.9
-2653.4 -9096.8 45.1
-2540.3 -9080.7 49.4
-2580.6 -9077.2 47.5
-2555.7 -9063.6 48.2
-2586.0 -9066.2 47.0
-2593.6 -9064.4 46.6
-2657.9 -9061.6 44.2
-2505.7 -9043.4 48.9
-2524.6 -9043.0 48.7
-2533.4 -9044.8 48.6
-2570.3 -9047.4 47.0
-2507.6 -9030.8 48.3
-2565.1 -9031.4 46.8
-2656.7 -9029.0 43.6
-2690.8 -9035.6 42.5
-2518.8 -9016.2 47.7
-2580.3 -9014.3 45.9
-2597.2 -9019.6 45.4
-2610.9 -9020.1 45.0
-2549.9 -9003.1 46.1
-2561.9 -9005.6 46.0
-2585.7 -9006.2 45.3
-2614.8 -9004.9 44.5
-2682.0 -9004.6 42.2
-2698.8 -9004.8 41.6
-2551.0 -8988.7 45.3
-2596.5 -8990.7 44.0
-2628.8 -8988.7 43.1
-2654.9 -8991.9 42.5
-2614.2 -8968.1 43.9
-2653.7 -8973.4 42.7
-2671.0 -8972.2 42.2
-2688.5 -8973.3 41.7
-2704.5 -8969.5 41.1
-2718.3 -8969.4 40.6
-2622.1 -8956.6 43.8
-2641.2 -8952.2 43.3
-2715.2 -8952.4 40.6
-2563.9 -8938.1 45.4
-2636.9 -8944.6 43.4
-2682.9 -8939.3 41.7
-2705.7 -8944.7 40.9
-2611.1 -8930.6 44.3
-2659.5 -8912.4 42.1
-2669.7 -8909.4 41.7
-2726.7 -8909.6 39.6
-2703.1 -8892.9 40.1
-2674.9 -8886.2 40.9
-2720.4 -8877.3 39.1
-2735.5 -8884.7 38.8
-2657.8 -8868.8 41.1
-2668.8 -8867.5 40.7
-2759.0 -8869.1 38.2
-2626.7 -8854.6 41.7
-2765.9 -8853.4 38.0
-2777.7 -8852.1 37.8
-2644.2 -8840.2 40.9
-2668.6 -8832.6 39.8
-2682.2 -8833.7 39.4
-2703.2 -8834.1 39.0
-2658.4 -8821.4 39.9
-2759.4 -8822.2 37.9
-2779.8 -8826.2 37.6
-2789.9 -8823.5 37.4
-2672.3 -8804.1 39.5
-2685.2 -8806.7 39.2
-2760.4 -8808.9 37.8
-2690.1 -8790.8 39.4
-2698.4 -8792.2 39.2
-2788.2 -8792.6 37.6
-2816.8 -8794.8 37.0
-2689.5 -8773.9 39.7
-2762.2 -8779.1 38.3
-2780.5 -8776.9 38.0
-2794.0 -8780.7 37.7
-2671.4 -8758.8 40.0
-2750.4 -8759.1 38.7
-2762.8 -8766.6 38.5
-2780.8 -8766.9 38.0
-2826.5 -8762.7 37.0
-2834.5 -8758.2 36.8
-2847.4 -8758.3 36.5
-2686.3 -8745.1 39.9
-2730.2 -8751.0 39.2
-2777.9 -8743.3 38.0
-2760.1 -8736.9 38.5
-2807.0 -8732.8 37.4
-2852.4 -8736.3 36.3
-2702.6 -8720.9 40.2
-2865.2 -8719.4 36.2
-2749.8 -8703.8 39.7
-2736.1 -8687.8 40.4
-2744.3 -8690.6 40.1
-2795.4 -8687.9 38.7
-2821.5 -8686.2 37.9
-2727.0 -8673.1 40.0
-2766.0 -8675.3 39.7
-2777.0 -8671.5 39.4
-2817.1 -8675.8 38.2
-2833.5 -8674.8 37.7
-2781.4 -8659.5 39.2
-2839.3 -8657.2 37.7
-2747.4 -8643.4 39.4
-2762.2 -8643.5 39.4
-2794.6 -8638.7 38.7
-2803.2 -8641.6 38.6
-2763.8 -8628.2 39.2
-2825.0 -8626.3 38.0
-2833.3 -8626.4 37.9
-2802.2 -8615.4 38.1
-2819.9 -8607.2 37.6
-2822.4 -8585.5 37.3
2293.3 7494.9 20.8
2326.1 7508.3 20.4
2295.0 7534.7 20.2
2294.1 7550.2 19.9
2275.4 7553.5 19.7
2295.4 7567.1 19.7
2268.8 7561.8 19.5
2246.7 7570.0 20.0
2265.7 7576.0 20.0
2336.9 7595.1 19.7
2327.6 7594.3 19.7
2276.9 7592.3 20.4
2233.8 7590.6 20.8
2328.0 7610.7 19.7
2291.0 7612.0 20.8
2268.4 7614.9 21.1
2323.2 7627.1 20.1
2260.5 7627.0 21.6
2231.5 7622.2 21.8
2325.4 7641.4 20.4
2299.0 7641.7 21.3
2239.8 7637.6 22.2
2311.1 7659.3 21.3
2298.0 7672.4 22.2
2283.7 7673.7 22.7
2292.6 7695.6 23.2
2270.2 7730.6 24.9
2250.9 7732.0 25.3
2247.4 7746.0 26.0
2222.3 7772.8 27.8
2189.6 7773.6 28.7
2041.6 7778.5 34.0
2029.4 7771.4 33.6
2015.1 7775.1 34.5
1991.7 7779.8 35.8
2177.5 7787.1 30.6
2148.3 7788.6 31.7
2101.2 7788.8 33.2
2052.0 7792.0 35.1
2039.6 7793.2 35.7
2022.2 7787.1 35.6
2015.1 7789.9 36.1
2146.9 7803.0 33.3
2119.4 7804.7 34.3
2068.8 7808.9 36.4
2054.0 7804.4 36.4
2026.7 7801.0 36.9
1981.2 7806.2 39.0
2145.5 7823.8 34.7
2129.7 7824.5 35.5
2099.3 7820.6 36.7
2070.8 7824.0 38.0
2027.9 7820.0 38.9
2012.0 7835.1 41.1
1975.4 7830.4 41.8
2113.5 7846.1 37.2
2073.6 7854.5 39.6
2054.7 7852.6 40.6
1950.8 7847.5 44.4
2120.0 7867.5 36.9
2089.8 7862.7 38.7
2069.7 7865.8 39.9
1976.6 7866.2 45.3
1920.6 7865.6 46.3
2006.0 7875.3 43.5
1980.5 7883.5 44.8
1931.9 7884.1 47.1
1919.0 7875.8 46.6
1894.4 7883.5 46.4
2086.0 7898.6 38.6
2057.8 7893.4 40.3
1995.6 7893.8 43.6
1984.8 7890.2 44.3
1915.3 7890.2 47.0
2037.4 7909.0 40.9
2021.4 7908.5 41.7
1906.7 7921.9 47.4
1888.9 7928.2 47.4
-4096.5 6742.6 17.5
-4093.6 6760.7 17.2
3459.8 -4458.8 13.3
3450.8 -4466.5 13.6
3524.9 -4429.6 13.1
3507.6 -4431.0 13.3
3430.8 -4436.9 14.0
3522.8 -4415.5 12.9
3512.3 -4422.2 13.4
3463.1 -4417.6 14.1
3449.9 -4384.9 14.9
3496.7 -4370.0 13.6
3465.3 -4378.4 14.3
3452.3 -4369.1 15.0
3421.3 -4371.0 14.7
3435.3 -4358.3 14.9
1460.6 6436.3 28.4
1460.7 6444.1 28.2
1428.0 6443.2 29.2
1397.8 6450.7 29.6
1378.5 6443.1 30.0
1460.3 6465.1 27.7
1440.4 6464.7 28.3
1415.1 6464.0 29.0
1457.7 6477.7 27.4
1513.9 6496.4 26.1
1500.3 6496.9 26.3
1460.5 6495.5 27.3
1446.1 6496.7 27.7
1518.4 6509.1 26.3
1505.8 6507.8 26.2
1516.3 6517.3 26.3
1470.0 6519.5 27.2
1578.0 6535.8 26.8
1545.8 6533.0 26.7
1514.6 6538.1 26.5
1529.2 6554.7 26.8
1498.3 6549.6 26.6
1576.3 6569.7 26.3
1550.4 6570.1 26.5
1620.7 6585.7 25.6
1610.4 6579.4 25.8
1595.9 6581.9 25.9
1578.7 6583.2 26.1
1667.4 6598.3 24.8
1641.0 6592.8 25.4
1620.2 6599.1 25.6
1579.8 6596.8 26.0
1685.1 6611.6 24.3
1653.2 6624.2 24.7
1617.1 6631.5 25.3
1684.7 6641.7 23.8
1662.4 6638.9 24.3
1634.8 6637.0 24.9
1753.5 6659.6 23.6
1726.9 6657.1 23.7
1738.2 6670.1 23.8
1789.7 6703.0 23.6
1757.8 6702.3 23.0
1742.4 6702.9 23.1
1802.4 6720.2 23.8
1788.5 6712.2 23.5
1814.0 6735.5 24.0
1801.9 6735.0 23.7
1789.8 6728.2 23.4
1842.5 6761.3 23.6
1826.7 6765.0 23.2
1785.9 6778.6 22.1
1783.5 6792.9 21.4
3771.1 -5458.9 13.0
3713.6 -5455.8 13.5
3752.8 -5442.5 13.0
3724.9 -5441.1 13.4
3713.4 -5447.5 13.4
3756.4 -5432.1 13.1
3737.2 -5431.0 13.4
3790.7 -5412.4 13.1
3773.3 -5417.1 13.3
3739.5 -5411.2 14.0
3722.8 -5416.2 14.1
3710.5 -5417.8 14.2
3786.3 -5399.9 13.5
3737.9 -5402.1 14.2
3723.8 -5397.1 14.6
3715.2 -5403.0 14.6
3696.5 -5388.7 15.1
3783.8 -5374.8 13.6
3767.1 -5374.6 13.8
3694.4 -5366.2 14.8
3767.1 -5350.9 13.3
3743.3 -5352.6 13.7
3726.8 -5358.6 14.1
3774.6 -5344.2 13.0
3713.0 -5339.7 14.2
3723.0 -5275.9 13.4
3721.5 -5269.9 13.4
665.3 -3801.2 18.9
5563.2 -5938.8 29.1
5509.9 -5939.1 29.1
5686.7 -5925.2 26.6
5657.8 -5929.4 27.0
5608.0 -5923.4 29.4
5548.6 -5930.8 30.5
5521.3 -5928.4 31.0
5682.0 -5908.5 28.8
5672.7 -5909.8 29.0
5699.0 -5897.7 29.3
5683.2 -5896.4 30.1
5659.1 -5892.8 31.5
5624.5 -5898.3 32.0
5493.2 -5893.6 36.7
5474.3 -5894.7 36.4
5458.2 -5894.1 35.7
5690.9 -5875.9 32.1
5637.2 -5876.5 34.3
5630.6 -5883.5 33.7
5535.0 -5884.7 36.5
5461.9 -5881.2 38.2
5399.1 -5877.3 33.5
5698.2 -5865.8 32.9
5608.6 -5863.0 37.0
5592.3 -5865.3 37.2
5580.2 -5862.1 38.0
5531.6 -5862.9 39.4
5518.4 -5861.1 40.0
5490.6 -5869.8 39.8
5398.6 -5863.8 35.1
5346.2 -5863.2 30.7
5687.3 -5851.5 35.0
5655.5 -5854.3 36.0
5638.3 -5846.1 37.7
5627.1 -5846.1 38.1
5607.5 -5848.8 38.7
5597.8 -5852.7 38.6
5580.1 -5846.9 40.0
5520.1 -5849.6 41.5
5473.5 -5849.4 42.9
5460.9 -5855.0 41.6
5431.0 -5847.1 40.0
5313.7 -5850.5 29.5
5659.9 -5835.1 38.0
5626.1 -5839.8 38.9
5599.8 -5836.3 40.4
5430.4 -5832.1 41.9
5396.8 -5834.0 38.7
5389.6 -5836.7 37.8
5326.0 -5835.7 32.4
5651.9 -5821.6 39.9
5595.8 -5825.8 41.8
5479.9 -5817.5 46.8
5434.8 -5819.2 43.9
5415.0 -5825.0 41.5
5375.8 -5822.5 38.4
5704.2 -5808.1 38.3
5685.5 -5802.5 39.7
5599.4 -5807.5 43.7
5523.4 -5805.4 47.0
5486.7 -5809.3 47.6
5444.1 -5809.0 46.0
5381.8 -5808.3 40.7
5373.9 -5810.3 39.8
5298.1 -5808.2 32.5
5713.4 -5790.9 39.1
5553.7 -5793.1 47.2
5524.1 -5787.4 49.1
5509.6 -5793.0 49.0
5426.3 -5788.6 47.1
5416.2 -5793.7 45.6
5396.8 -5787.0 44.7
5373.5 -5788.8 42.1
5307.1 -5792.6 34.7
5286.2 -5789.8 32.7
5578.1 -5778.9 47.4
5546.5 -5778.6 49.1
5536.3 -5780.5 49.4
5526.2 -5774.8 50.5
5510.1 -5774.5 51.2
5430.2 -5774.1 49.3
5381.9 -5779.6 43.8
5369.0 -5772.0 42.9
5336.6 -5780.6 38.8
5282.0 -5780.8 32.9
5232.8 -5777.6 27.9
5487.8 -5756.5 54.0
5443.0 -5757.5 52.0
5312.5 -5756.7 38.1
5293.4 -5758.9 35.9
5265.1 -5765.3 32.3
5547.8 -5744.9 51.6
5536.2 -5749.6 51.9
5264.7 -5745.7 33.2
5225.7 -5745.3 29.0
5533.2 -5727.7 52.6
5496.2 -5735.8 54.2
5396.5 -5732.3 47.2
5314.3 -5733.4 38.7
5249.7 -5734.5 31.8
5239.2 -5732.5 30.7
5402.5 -5713.3 47.5
5356.4 -5715.6 42.9
5340.4 -5716.1 41.3
5314.2 -5714.4 38.6
5298.9 -5716.3 37.1
5225.4 -5718.3 29.4
5206.1 -5717.9 27.4
5412.8 -5698.2 48.3
5355.8 -5698.7 42.5
5327.8 -5703.0 39.8
5308.0 -5696.4 37.7
5294.7 -5705.7 36.5
5277.6 -5696.3 34.6
5253.9 -5703.8 32.3
5195.4 -5702.4 26.4
5361.0 -5684.8 42.8
5329.2 -5687.0 39.6
5216.4 -5686.9 28.4
5307.4 -5674.3 37.2
5247.2 -5666.8 31.5
5222.6 -5674.6 29.1
5203.5 -5670.8 28.0
5383.6 -5641.7 44.5
5353.3 -5638.7 41.7
5343.7 -5640.2 40.8
5269.9 -5638.1 33.8
5231.5 -5639.0 31.1
5176.1 -5641.4 28.6
5159.2 -5640.8 27.1
5336.3 -5630.3 40.1
5329.5 -5629.6 39.5
5296.2 -5628.8 36.3
5157.6 -5628.8 27.4
5358.2 -5612.0 41.8
5337.4 -5615.1 40.0
5321.9 -5614.6 38.6
5293.5 -5606.3 36.0
5279.2 -5612.4 34.8
5159.2 -5612.2 27.9
5342.1 -5596.7 40.1
5164.3 -5592.8 28.0
5146.8 -5592.1 26.9
5352.9 -5581.8 41.1
5345.0 -5585.6 40.4
5313.8 -5578.3 38.8
5264.7 -5580.7 35.3
5219.9 -5582.6 31.9
5203.9 -5576.2 31.1
5147.8 -5577.9 27.4
5356.3 -5564.5 42.3
5344.0 -5567.5 41.3
5312.8 -5570.2 39.1
5266.9 -5561.2 36.5
5150.0 -5565.1 28.0
5354.9 -5550.1 42.9
5308.2 -5555.3 39.6
5248.5 -5546.6 35.9
5238.3 -5548.6 35.0
5224.7 -5546.7 34.1
5345.1 -5538.4 42.9
5261.3 -5533.1 37.5
5204.9 -5537.0 33.1
5345.0 -5525.0 43.6
5306.5 -5524.1 41.1
5253.3 -5516.8 37.8
5175.2 -5515.9 31.9
5343.6 -5508.4 44.3
5254.8 -5503.1 38.6
5240.3 -5508.1 37.2
5216.7 -5508.6 35.4
5206.0 -5509.6 34.6
5188.2 -5505.0 33.5
5324.9 -5487.4 44.2
5226.1 -5487.8 37.2
5201.9 -5489.1 35.3
3870.4 -6.6 26.0
3844.9 -8.2 26.4
3869.7 13.9 25.8
3888.6 23.6 25.4
3932.3 35.3 24.6
3893.1 40.6 25.0
3877.1 56.4 25.3
3864.6 51.1 25.6
3891.0 65.6 24.9
3873.7 71.7 25.2
3946.4 88.1 23.5
3891.6 85.5 24.7
3863.0 84.6 25.4
3922.9 102.2 23.9
3885.0 97.2 24.8
3856.4 96.2 25.4
3859.5 114.4 25.2
3841.1 111.9 25.6
3953.2 127.1 23.1
3929.8 124.8 23.6
3923.4 126.4 23.8
3870.1 127.5 24.9
3863.2 126.9 25.0
3963.7 148.7 22.7
3945.1 146.2 23.1
3963.9 156.1 22.7
3951.8 156.1 22.9
3917.7 162.5 23.6
3953.3 178.6 22.7
3930.2 172.0 23.3
3901.7 169.4 23.9
3878.7 177.8 24.4
3909.6 188.4 23.6
3939.1 200.1 22.9
3991.7 222.3 22.2
3976.8 224.1 22.5
3916.4 224.1 23.5
3901.8 234.6 23.5
3893.7 231.5 23.6
3990.3 249.8 22.6
3932.6 245.5 23.3
3905.3 251.3 23.3
3961.9 263.5 23.0
3902.4 264.0 23.1
3947.5 278.8 23.0
3878.7 277.0 22.9
4023.5 299.1 22.4
3982.6 306.2 22.7
3968.7 306.7 22.7
3870.0 311.8 22.5
3979.6 324.3 22.5
3961.6 319.5 22.5
3877.4 321.6 22.4
3977.4 334.7 22.3
3930.0 340.4 22.2
3909.4 335.3 22.2
3885.9 337.4 22.2
3874.6 343.2 22.1
3944.9 358.7 22.0
3946.7 364.9 21.9
3840.8 366.5 21.7
3875.0 380.4 21.6
3847.4 380.7 21.5
3890.4 398.8 21.4
3864.0 396.1 21.3
3501.6 664.9 19.1
3537.2 679.3 18.1
3515.4 682.5 18.3
3503.5 678.9 18.6
3532.9 689.4 17.8
3522.7 693.6 17.8
3536.2 706.3 17.2
3489.9 703.8 18.0
3530.1 721.8 17.0
368.4 3773.1 19.3
402.0 3783.0 18.9
359.0 3780.2 19.1
434.9 3799.7 18.7
480.1 3830.0 18.2
490.5 3845.5 17.9
470.7 3843.3 17.8
463.2 3841.5 17.8
440.6 3846.1 17.7
444.9 3863.5 17.8
397.1 3878.4 17.3
314.7 3871.0 16.2
390.1 3889.7 16.9
339.8 3884.3 16.3
449.7 3903.9 17.7
413.8 3903.9 17.4
395.8 3907.4 17.2
350.2 3900.4 16.7
342.9 3906.2 16.8
307.0 3907.1 16.4
413.2 3917.8 17.5
404.0 3919.8 17.4
338.8 3922.9 16.8
461.6 3936.1 18.0
443.7 3931.4 17.8
434.4 3935.9 17.7
310.0 3936.6 17.0
278.6 3936.1 17.0
389.2 3949.7 17.5
313.3 3960.9 17.4
402.8 3979.7 17.9
356.1 3981.0 17.7
6242.3 -274.5 40.3
6281.5 -261.8 40.8
6343.3 -240.5 40.9
6323.8 -242.7 40.8
6311.0 -246.9 40.7
6288.0 -245.4 40.4
6266.6 -245.8 40.0
6219.1 -239.4 38.8
6347.4 -225.0 40.5
6219.2 -228.7 38.4
6177.5 -225.5 37.5
6354.9 -213.1 40.2
6312.4 -217.3 39.8
6296.4 -212.7 39.4
6282.5 -217.1 39.4
6253.2 -211.3 38.6
6219.4 -217.0 38.1
6160.3 -209.0 36.6
6360.9 -198.1 39.8
6283.5 -200.3 38.8
6363.2 -168.7 38.9
6309.3 -171.2 38.3
6190.5 -171.9 36.1
6159.9 -172.6 35.5
6136.5 -167.3 34.8
6303.0 -157.6 37.7
6281.7 -156.0 37.4
6179.5 -151.0 35.2
6167.7 -149.1 34.9
6183.1 -142.5 35.1
6168.0 -142.4 34.7
6343.1 -121.0 37.2
6299.8 -123.3 36.6
6280.3 -119.8 36.2
6242.1 -122.6 35.7
6234.0 -107.5 35.1
6228.0 -106.8 34.9
6298.4 -97.3 35.9
6299.9 -79.8 35.9
6287.4 -80.9 35.6
6296.3 -66.3 35.8
2237.4 523.9 9.3
2282.3 531.6 9.0
2258.9 535.6 9.4
2245.1 538.7 9.7
2228.1 534.9 9.7
2263.1 552.9 9.9
2248.8 583.4 11.2
2237.3 577.3 11.4
2261.5 597.4 10.9
2325.1 613.7 10.5
2305.9 611.1 10.1
2281.4 607.8 10.6
2205.8 606.4 11.8
2231.5 622.8 11.4
2198.4 620.1 11.6
2186.3 628.5 11.3
2170.0 623.8 11.5
2319.9 637.2 10.4
2218.7 637.3 10.9
2207.2 643.9 10.7
2185.3 643.2 10.8
2205.6 654.8 10.7
2174.8 653.1 10.9
2158.1 653.7 11.0
2320.1 672.4 10.7
2236.8 671.1 10.7
2206.6 664.8 10.8
2190.7 669.6 10.9
2153.1 670.7 11.0
2263.2 681.5 10.6
2215.7 679.8 10.9
2124.2 688.2 10.8
2319.9 703.4 11.3
2234.1 701.0 10.9
2183.9 702.8 10.9
2214.8 714.8 11.1
2191.3 715.5 11.1
2158.8 709.6 10.9
2144.1 712.7 10.9
2132.1 710.0 10.9
2277.3 732.0 11.3
2249.7 724.8 11.3
2173.8 732.5 11.1
2139.0 733.2 11.1
2102.4 731.7 11.0
2319.7 748.0 11.8
2293.0 742.4 11.5
2263.8 745.2 11.3
2173.8 744.5 11.2
2153.1 746.7 11.2
2143.1 746.5 11.2
2097.8 743.9 11.0
2281.7 760.3 11.7
2244.2 759.6 11.4
2232.6 755.0 11.4
2207.2 762.7 11.9
2160.5 757.1 11.3
2098.0 756.8 11.1
2228.7 770.5 11.4
2162.5 773.6 11.8
2123.8 776.6 11.5
2085.9 775.0 11.4
2258.3 794.4 11.9
2234.4 789.1 11.7
2185.6 784.5 12.2
2305.3 803.7 12.4
2277.0 808.7 12.3
2077.9 805.5 12.1
2063.5 805.6 12.0
2296.1 820.6 12.6
2229.5 815.8 12.0
2173.6 816.8 12.0
2159.0 821.5 12.3
2146.8 817.6 12.7
2265.8 835.9 12.5
2244.9 838.0 12.4
2190.7 838.6 12.0
2160.6 839.4 12.1
2082.6 838.6 12.3
2294.8 851.4 13.0
2231.5 849.1 12.4
2187.1 850.9 12.1
2130.8 851.5 12.5
2109.2 845.2 12.4
2064.0 847.5 12.0
2278.9 866.6 13.0
2174.9 860.9 12.1
2281.7 876.2 13.2
2734.6 5923.8 42.1
2724.7 5922.6 42.0
2740.7 5955.4 42.5
2725.6 5955.5 42.3
2678.6 5957.4 41.9
2742.6 5983.1 42.8
2741.3 6003.5 43.0
2694.3 6000.8 42.1
2668.4 6001.1 41.5
2740.0 6016.8 42.8
2649.3 6014.9 40.6
2802.9 6034.6 43.9
2706.5 6033.7 41.5
2676.0 6036.1 40.7
2648.5 6032.6 40.1
2638.4 6033.4 39.8
2711.2 6048.0 41.2
2682.9 6047.8 40.5
2647.8 6043.7 39.7
2634.3 6047.6 39.3
2765.4 6058.0 43.1
2616.4 6057.3 39.2
2829.2 6076.0 45.4
2741.1 6079.0 43.9
2725.2 6081.4 43.6
2680.0 6072.7 41.9
2614.1 6079.1 40.0
2605.4 6077.0 39.7
2826.2 6089.3 45.9
2674.7 6089.3 42.2
2653.9 6090.5 41.5
2632.4 6094.1 40.7
2772.6 6118.5 45.5
2750.1 6141.1 44.9
2719.0 6137.5 43.8
2705.6 6135.9 43.3
2676.7 6139.8 42.3
2587.4 6101.0 39.1
2553.3 6098.3 37.9
2558.2 6118.7 37.9
2577.6 6128.3 38.7
2557.7 6131.6 37.7
2618.4 6156.7 40.2
2571.5 6164.5 38.0
2796.7 6180.9 46.2
2779.8 6181.0 45.6
2755.2 6178.6 44.8
2742.1 6177.4 44.4
2627.9 6172.2 40.4
2613.9 6179.7 39.9
2786.3 6193.4 45.7
2765.7 6195.2 45.0
2754.0 6196.1 44.6
2740.5 6194.0 44.1
2661.6 6189.1 41.5
2646.2 6187.9 41.0
2614.3 6194.5 39.8
2587.0 6190.2 38.5
2568.9 6196.1 37.7
2693.0 6207.2 42.4
2613.8 6206.2 39.9
2604.4 6203.0 39.5
2735.0 6222.3 43.8
2673.7 6225.8 41.9
2665.8 6222.3 41.6
2591.4 6216.9 39.1
2740.6 6240.0 44.1
2681.4 6237.4 42.2
2661.9 6236.6 41.6
2719.6 6253.0 43.5
2703.0 6246.7 42.9
2697.2 6255.5 42.8
2682.6 6248.3 42.3
2678.6 6262.9 42.3
2651.0 6268.7 41.4
2645.6 6279.5 41.3
2662.5 6298.1 42.0
2634.2 6293.4 41.1
4148.5 -6423.9 15.3
4168.1 -6409.7 13.8
4165.8 -6401.5 13.9
-4157.5 -6925.1 40.5
-4163.5 -6892.2 39.3
-4174.1 -6877.1 38.9
-4193.8 -6848.1 38.1
-4160.0 -6831.7 37.2
-3124.6 2963.9 17.0
-3155.6 2963.0 16.9
-3123.3 2976.9 17.0
-3140.1 2981.8 16.9
-3149.4 2983.1 16.9
-3135.9 2999.9 16.9
-3166.8 2991.2 16.8
-3126.3 3007.3 16.9
-2150.0 5691.2 16.5
-2165.9 5690.0 16.5
411.0 5015.3 13.2
1266.0 8524.7 33.7
1245.6 8524.5 33.6
1263.2 8538.2 33.5
1720.5 -98.1 15.9
1679.3 -103.2 16.1
1681.2 -90.1 15.7
1664.7 -72.8 15.9
1705.7 -41.0 14.7
1665.6 -46.0 15.3
1708.2 -17.2 14.1
1650.5 -17.7 15.1
1646.9 -1.9 15.1
1677.5 16.6 14.5
1660.8 21.0 14.7
1637.6 21.5 15.1
-1999.0 7518.5 15.8
-2029.1 7519.6 15.8
-1982.6 7534.4 15.9
-2008.4 7535.2 15.8
-1951.9 7546.7 16.2
1908.1 -716.0 14.1
1914.0 -702.0 13.9
1911.4 -655.0 14.7
1910.6 -637.0 14.9
1908.1 -623.8 15.0
522.6 8076.9 17.5
525.1 8090.1 17.9
554.9 8113.3 19.0
494.4 8106.4 18.6
4381.6 -466.7 29.6
4331.2 -469.6 30.4
4467.0 -457.0 28.1
4437.2 -453.0 28.5
4418.2 -454.8 28.8
4378.1 -449.7 29.3
4477.1 -435.8 27.6
4407.4 -439.7 28.6
4393.6 -439.7 28.8
4373.3 -419.8 28.7
4434.3 -407.5 27.6
4393.8 -412.8 28.2
4362.1 -406.7 28.6
4419.5 -395.8 27.5
4411.3 -396.3 27.6
4363.6 -394.9 28.3
4410.8 -381.9 27.3
4396.0 -375.3 27.4
4362.2 -379.6 28.0
4342.1 -378.5 28.2
4327.0 -351.7 27.9
878.7 7979.8 21.9
905.4 7989.9 22.2
871.7 7988.1 22.0
977.0 8002.4 22.9
966.6 8002.8 22.8
900.8 8020.0 22.6
952.5 8034.2 23.1
908.8 8032.8 22.8
961.0 8049.4 23.3
951.7 8053.4 23.3
936.9 8047.0 23.1
895.4 8047.7 22.9
4474.8 -8838.0 18.5
4462.1 -8827.2 18.4
4465.1 -8812.9 18.4
4463.9 -8796.0 18.5
4445.2 -8739.4 19.2
4434.6 -8718.8 19.4
4414.1 -8703.5 19.4
4412.4 -8693.3 19.4
4403.5 -8664.1 19.6
4387.1 -8629.4 19.0
4371.2 -8616.1 18.9
4358.4 -8543.5 18.5
4340.4 -8531.7 18.4
4344.7 -8511.1 18.1
4326.2 -8494.0 17.9
4313.4 -8464.3 17.7
4297.2 -8451.1 17.6
-4096.8 6885.2 16.0
-4054.2 6922.8 16.1
-4037.1 6938.0 16.0
-4083.8 6942.4 16.1
-4101.7 6944.9 16.2
-4112.8 6939.1 16.2
-4055.9 6953.9 16.0
-4081.7 6956.7 16.2
-4042.0 6971.2 16.0
-4099.1 6968.6 16.5
-4127.6 6970.8 16.7
-4139.7 6973.3 16.7
-4100.3 6986.7 16.7
-4114.5 6985.8 16.8
-4146.4 6987.0 16.9
-4109.2 7004.6 16.9
-4126.0 7000.0 17.0
5129.6 -8363.0 14.2
5122.7 -8351.2 14.7
5146.2 -8323.6 16.3
5136.9 -8320.5 16.0
5117.1 -8324.9 15.6
5134.0 -8303.0 15.8
5098.4 -8309.8 14.9
5131.0 -8293.4 15.6
5150.5 -8276.7 15.9
4498.0 -8795.1 18.5
4465.5 -8726.9 19.3
4465.2 -8704.6 19.5
-3186.0 8492.2 13.3
-3221.5 8521.3 11.9
-3230.0 8517.8 11.7
-3250.5 8524.1 11.0
-3218.9 8532.4 11.6
-3217.3 8549.0 11.2
-3232.4 8551.0 10.8
-3235.7 8568.1 10.1
-3247.9 8568.4 10.1
-3243.3 8612.6 11.1
-3264.6 8610.3 10.9
-3294.1 8613.8 10.1
-3267.0 8626.4 11.4
-3289.8 8622.9 11.0
-3307.2 8638.0 11.2
-3319.7 8650.8 10.6
-3291.5 8673.3 12.7
-3273.1 8680.8 13.0
-3324.2 8696.1 11.5
-3334.3 8717.9 11.5
-3337.5 8728.3 11.4
-3355.0 8755.9 11.3
-3349.1 8771.4 11.4
-3370.2 8775.6 11.0
-3347.7 8791.1 12.0
-3353.8 8802.5 12.1
-3352.7 8819.3 12.4
-3399.0 8822.9 11.2
-3364.4 8833.5 12.6
-3394.3 8838.9 11.6
-3362.4 8850.9 13.1
-3430.5 8862.6 11.4
-3441.3 8879.2 12.4
-3471.2 8883.2 12.3
-3456.1 8911.3 13.5
-3472.8 8908.6 13.1
-3459.3 8924.7 13.7
-3471.3 8925.3 13.6
-3409.0 9017.3 14.1
-3399.3 9030.5 14.6
-3457.1 9026.8 14.0
-3430.0 9045.8 14.8
-3458.0 9042.0 14.3
-3397.8 9061.7 14.7
-3351.9 9077.3 13.8
-3341.7 9109.9 13.2
-3338.4 9118.9 13.1
-3348.3 9140.1 13.2
-3296.2 9149.6 12.5
-3311.4 9151.2 12.7
-3326.9 9149.8 12.9
-3336.5 9151.5 13.1
-3350.1 9151.0 13.3
-3349.7 9161.3 13.3
-3296.9 9177.1 12.3
-1183.5 8753.5 13.4
-1217.7 8759.8 13.0
-1185.8 8766.1 13.4
-1228.3 8785.6 13.0
-1224.8 8797.0 13.2
-1187.4 8812.2 13.8
-1197.7 8813.8 13.7
-1157.4 8826.6 14.2
-1195.3 8826.8 13.9
-1153.2 8841.1 14.5
-1089.3 8863.9 15.1
-1154.6 8864.8 14.7
-1168.2 8859.8 14.5
-1182.7 8861.5 14.5
-1211.8 8858.8 14.3
-1121.0 8871.5 14.9
-1138.1 8877.6 14.8
-1198.2 8875.2 14.4
-1045.0 8888.9 15.6
-1077.4 8886.4 15.3
-1188.6 8888.6 14.5
-1203.6 8888.2 14.4
-1210.9 8890.2 14.4
-1108.4 8907.0 15.2
-1123.9 8906.2 15.0
-1186.7 8908.3 14.6
-1119.5 8915.5 15.1
-1179.2 8921.6 14.7
-1112.1 8935.8 15.3
-1154.7 8937.2 14.9
-1109.2 8953.1 15.4
2092.7 -996.5 10.2
2083.1 -991.8 10.1
2140.5 -975.5 10.9
2124.2 -979.9 10.7
2201.1 -961.7 11.7
2178.7 -963.4 11.5
2157.5 -964.4 11.2
2123.7 -965.0 10.9
2195.2 -946.1 11.9
2140.8 -945.0 11.4
2108.7 -947.5 11.0
2088.8 -947.5 10.8
2066.6 -950.8 10.6
2231.1 -937.0 12.3
2136.7 -931.0 11.5
2077.2 -938.7 10.8
2050.4 -932.5 10.7
2232.5 -923.3 12.5
2164.8 -923.2 11.9
2121.5 -915.6 11.6
2256.9 -906.6 13.0
2214.0 -899.9 12.6
2203.6 -900.6 12.5
2185.3 -907.0 12.3
2165.3 -906.0 12.1
2139.3 -909.3 11.8
2125.9 -905.9 11.8
2094.9 -905.9 11.5
2076.6 -902.7 11.3
2058.7 -900.4 11.1
2303.9 -889.2 13.1
2288.8 -888.2 13.1
2064.1 -884.9 11.2
2048.0 -889.6 11.1
2035.6 -891.0 10.9
2254.8 -869.9 12.6
2239.5 -876.1 12.9
2169.3 -879.4 12.3
2098.6 -874.8 11.6
2062.3 -879.3 11.2
2035.9 -876.4 11.0
2347.2 -855.4 11.7
2337.5 -864.2 12.1
2257.0 -855.0 12.1
2215.0 -864.4 12.6
2199.2 -856.2 12.4
2188.2 -863.4 12.5
2151.8 -858.9 12.2
2107.1 -856.5 11.8
2095.5 -859.1 11.6
2081.3 -857.8 11.5
2049.5 -859.6 11.2
2344.8 -847.7 11.5
2336.1 -846.2 11.5
2320.2 -841.6 11.4
2308.0 -845.6 11.6
2289.3 -840.0 11.5
2272.7 -845.3 11.7
2245.6 -847.3 11.9
2163.8 -846.0 12.2
2155.6 -840.1 12.0
2140.3 -844.4 12.1
2106.6 -840.5 11.8
2033.0 -848.2 11.1
2299.4 -831.7 11.2
2268.6 -828.0 11.2
2261.8 -828.1 11.2
2239.6 -827.0 11.2
2210.0 -834.7 11.6
2203.1 -827.8 11.4
2149.6 -825.5 11.5
2122.7 -827.9 11.7
2094.2 -831.4 11.7
2064.2 -833.8 11.4
2352.9 -817.0 11.6
2261.9 -813.6 11.4
2211.8 -810.7 11.3
2113.4 -819.7 11.5
2078.1 -810.7 11.3
2367.3 -801.7 11.9
2231.4 -802.6 11.4
2167.2 -799.1 11.4
2158.2 -796.4 11.4
2109.5 -799.3 11.3
2064.8 -803.6 11.2
2038.6 -798.6 11.1
2331.7 -780.9 12.2
2300.6 -788.7 11.8
2286.1 -787.6 11.8
2242.1 -788.1 11.7
2187.4 -784.6 11.6
2426.9 -770.0 11.3
2377.0 -766.1 12.2
2361.4 -773.4 12.3
2262.3 -765.0 12.0
2247.7 -774.2 11.9
2211.3 -768.3 11.9
2196.1 -766.2 11.9
2167.8 -765.2 11.8
2151.9 -767.8 11.8
2142.3 -767.5 11.8
2106.5 -772.0 11.6
2079.2 -773.5 11.6
2052.6 -767.9 11.5
2422.1 -753.0 11.6
2406.8 -758.9 11.8
2397.9 -750.0 12.1
2359.2 -759.4 12.6
2329.2 -757.6 12.7
2290.9 -754.4 12.5
2214.4 -750.4 12.1
2154.4 -750.1 12.0
2134.1 -755.9 11.9
2126.3 -759.4 11.8
2068.0 -756.2 11.7
2035.6 -752.0 11.3
2469.3 -741.0 10.8
2448.9 -743.9 11.2
2419.4 -738.2 11.8
2408.1 -735.4 12.1
2316.3 -744.4 12.9
2301.7 -738.9 13.0
2226.5 -735.7 12.4
2136.4 -735.9 12.2
2124.0 -742.0 12.1
2106.9 -735.9 12.1
2053.3 -735.3 11.6
2481.5 -725.8 10.6
2466.4 -719.9 10.9
2455.3 -720.6 11.1
2423.0 -725.4 11.8
2409.7 -727.1 12.0
2394.8 -722.0 12.4
2374.6 -725.5 12.8
2254.2 -723.6 12.9
2229.6 -728.0 12.6
2199.8 -726.1 12.5
2134.9 -729.7 12.3
2097.4 -723.9 12.1
2046.9 -729.3 11.6
2546.5 -705.9 9.3
2529.5 -710.3 9.6
2473.3 -705.8 10.8
2438.3 -709.9 11.5
2391.3 -714.0 12.4
2365.4 -709.2 13.0
2331.2 -708.2 13.6
2304.0 -709.8 13.6
2262.5 -709.8 13.3
2224.3 -706.1 13.1
2149.6 -713.3 12.5
2587.3 -690.6 8.5
2498.4 -696.6 10.3
2479.4 -699.4 10.7
2441.8 -699.2 11.4
2409.4 -697.9 12.1
2351.4 -692.1 13.1
2318.7 -692.9 13.3
2229.7 -694.6 13.1
2212.2 -699.5 13.1
2091.8 -691.2 12.5
2082.1 -698.3 12.3
2047.5 -697.5 12.1
2585.3 -677.9 8.6
2575.1 -682.6 8.8
2469.0 -679.3 10.9
2405.5 -677.2 12.2
2398.2 -682.8 12.4
2318.1 -676.6 12.9
2303.0 -679.2 13.0
2284.0 -677.7 12.9
2254.4 -678.5 12.8
2246.0 -679.5 12.8
2148.8 -675.2 12.7
2142.0 -683.4 12.8
2127.6 -684.6 12.7
2560.2 -659.9 9.1
2496.4 -663.5 10.4
2480.1 -667.4 10.7
2420.3 -667.1 11.9
2285.9 -669.1 12.8
2184.8 -663.2 12.3
2499.1 -648.9 10.4
2465.6 -654.2 11.0
2456.9 -654.6 11.2
2442.9 -648.1 11.5
2427.3 -649.8 11.6
2332.4 -645.7 12.1
2262.9 -650.1 12.3
2225.6 -652.5 12.3
2214.2 -653.0 12.2
2185.2 -650.2 12.1
2500.3 -634.0 10.4
2380.8 -637.1 11.6
2353.5 -637.0 11.8
2305.6 -635.2 12.0
2275.6 -634.8 12.1
2216.6 -635.6 11.9
2193.7 -635.5 11.9
2560.0 -619.2 9.2
2271.0 -616.4 11.8
2179.9 -617.3 11.6
2171.4 -621.9 11.8
2150.7 -617.0 12.0
2526.6 -601.4 9.9
2441.4 -602.6 10.4
2404.8 -603.4 10.7
2382.0 -608.8 10.9
2361.0 -599.8 10.9
2303.8 -602.2 11.3
2275.7 -606.3 11.5
2260.2 -605.7 11.5
2240.8 -608.5 11.5
2173.0 -606.0 11.6
2158.1 -607.6 11.8
2501.7 -589.3 9.7
2428.1 -589.3 10.2
2394.5 -592.9 10.5
2383.3 -587.4 10.4
2241.2 -590.7 11.2
2203.3 -589.4 11.1
2170.5 -585.3 11.4
2150.0 -593.4 11.8
2548.1 -576.1 9.6
2500.2 -575.6 9.6
2457.0 -570.6 9.7
2398.5 -579.7 10.1
2239.6 -578.6 11.0
2225.5 -576.2 10.9
2185.1 -573.7 11.1
2166.1 -577.3 11.4
2526.2 -559.0 9.6
2517.7 -557.1 9.6
2497.0 -555.2 9.6
2420.3 -560.7 9.7
2375.3 -555.2 9.8
2317.4 -560.7 10.2
2306.8 -555.5 10.2
2225.7 -560.4 10.6
2170.4 -563.0 11.2
2466.9 -543.7 9.7
2454.1 -540.8 9.7
2428.3 -546.9 9.7
2346.7 -543.6 9.8
2303.7 -542.2 9.9
2529.9 -534.7 9.7
2502.9 -528.0 9.9
2480.7 -531.7 9.8
2439.3 -533.0 9.8
2394.5 -527.4 9.9
2308.4 -529.1 9.9
2423.2 -517.6 10.1
2407.9 -519.4 10.1
2390.1 -517.6 10.1
2322.9 -518.1 10.1
2299.5 -514.7 10.2
2530.5 -500.8 10.4
2511.4 -498.9 10.5
2441.8 -496.7 10.5
2318.8 -502.0 10.2
2286.6 -497.1 9.8
2479.8 -487.1 10.7
2473.6 -484.3 10.8
2422.5 -481.4 10.7
2246.5 -479.9 10.1
2527.6 -470.2 11.0
2515.4 -469.5 11.1
2496.6 -467.4 11.0
2472.7 -469.9 10.9
2435.4 -467.6 10.5
2390.1 -469.6 10.1
2382.9 -472.3 10.1
2329.4 -473.6 9.7
2436.0 -456.8 10.2
2361.8 -455.2 9.6
2305.9 -457.0 9.1
2287.5 -457.9 9.5
2517.6 -441.2 10.6
2440.3 -436.8 9.8
2407.4 -439.3 9.6
2390.1 -442.2 9.5
2379.5 -439.3 9.4
2359.4 -444.7 9.3
2482.6 -427.3 10.0
2470.9 -425.9 9.9
2419.4 -425.8 9.4
2314.3 -428.4 9.2
2300.1 -428.0 9.5
2493.9 -413.4 9.8
2423.1 -408.6 9.1
2410.4 -411.6 9.0
2345.0 -413.4 8.7
2486.6 -399.1 9.4
2467.6 -394.6 9.2
2438.6 -394.7 8.9
2423.0 -391.7 8.7
2484.0 -360.8 8.7
2468.3 -362.3 8.5
2455.3 -367.2 8.5
2497.9 -353.6 8.7
2469.8 -338.7 8.1
2469.6 -320.6 8.2
2378.5 -315.4 8.6
2485.1 -300.4 8.2
2479.9 -277.3 8.2
2469.5 -277.0 8.3
2457.4 -244.8 8.2
2473.3 -215.9 8.2
2436.7 -214.8 9.5
-3541.2 7377.0 16.8
-3415.4 7391.2 20.2
-3413.2 7403.6 20.2
-3399.4 7416.9 19.5
-3463.5 7413.7 19.4
-3399.8 7436.3 19.6
-3413.4 7433.1 20.1
-3433.0 7435.8 20.4
-3268.7 7452.4 17.7
-3389.9 7447.6 19.2
-3413.0 7449.2 20.1
-3281.2 7464.5 18.1
-3312.3 7463.5 18.6
-3331.2 7458.6 18.7
-3370.3 7460.0 18.8
-3405.2 7463.7 19.8
-3429.1 7458.5 20.1
-3312.6 7496.3 19.7
-3339.5 7491.0 19.4
-3357.8 7489.3 19.2
-3301.1 7505.5 19.9
-3389.1 7518.6 19.0
-3326.9 7558.1 20.1
-3383.8 7555.0 18.8
-3404.5 7556.8 18.9
-3417.9 7550.2 18.7
-3434.3 7552.9 18.6
-3361.8 7570.0 19.4
-3344.5 7580.0 19.8
-3458.6 7582.4 18.2
-3362.0 7601.5 19.0
-3406.4 7595.0 18.2
-3422.2 7603.1 17.7
-3437.4 7593.3 18.0
-3446.4 7595.0 18.0
-3431.8 7616.8 17.3
-3398.0 7631.3 17.7
-3416.9 7630.3 17.4
-3444.1 7627.7 16.8
-3405.8 7643.8 17.3
-242.4 -3672.6 19.3
-217.4 -3664.6 19.3
144.5 -3620.3 19.3
146.0 -3596.3 19.6
130.8 -3582.6 19.5
160.0 -3564.5 19.6
128.0 -3569.3 19.5
172.8 -3549.0 19.7
146.5 -3553.9 19.6
143.6 -3531.3 19.7
185.9 -3490.5 20.2
140.0 -3474.0 20.2
184.0 -3465.2 20.6
-4028.3 -6977.1 40.8
-4059.1 -6979.2 41.3
-4093.5 -6978.2 41.7
-4029.8 -6962.9 40.3
1529.0 -1224.0 17.8
1509.9 -1224.8 17.9
1462.3 -1201.8 18.0
4069.1 -6770.9 15.7
4115.0 -6753.5 15.0
2033.8 -362.4 14.9
1989.6 -368.7 15.6
1972.3 -368.3 15.8
2034.2 -355.1 14.8
2034.2 -332.3 14.7
1994.9 -335.2 15.4
1972.9 -333.1 15.7
1976.0 -320.1 15.6
2024.0 -294.6 14.6
451.6 -657.3 14.8
440.6 -648.5 14.7
412.8 -649.6 14.8
395.1 -650.6 14.9
376.3 -649.1 15.0
484.4 -641.6 14.6
428.7 -640.1 14.8
398.9 -637.5 15.0
376.6 -639.5 15.1
406.2 -623.4 14.8
397.8 -622.7 14.9
375.2 -623.9 15.0
376.6 -609.3 15.1
464.2 -590.6 14.7
437.7 -590.1 14.8
422.7 -589.7 14.8
499.7 -576.3 15.1
455.1 -575.5 14.6
420.3 -576.4 14.6
397.3 -577.3 14.7
383.3 -574.7 14.7
481.1 -566.1 15.0
439.9 -568.1 14.5
427.4 -562.0 14.5
464.5 -532.8 15.4
485.3 -519.3 16.0
-3957.5 5329.9 16.7
-3995.5 5329.2 16.7
-3965.0 5349.3 16.6
-3971.4 5343.3 16.7
-3995.6 5350.6 16.6
-4037.2 5344.6 16.6
-4063.5 5344.0 16.5
-4001.9 5366.8 16.5
-3993.8 5375.0 16.5
-4024.1 5380.4 16.5
-3950.3 5395.9 16.6
-3996.3 5393.2 16.5
-4032.8 5391.5 16.5
-3962.5 5408.5 16.6
-3987.6 5423.1 16.6
-4037.0 5427.0 16.6
-3979.5 5438.5 16.7
-4008.6 5440.4 16.7
-3987.5 5447.6 16.7
1130.8 -444.8 17.0
1127.4 -424.3 17.4
1112.3 -420.3 17.2
1114.4 -403.1 17.7
1098.3 -406.7 17.3
1115.9 -387.1 18.0
1101.6 -388.7 17.7
1129.0 -374.0 18.5
1061.0 -373.6 17.1
1133.1 -360.6 18.9
1058.9 -364.5 16.9
1024.6 -356.6 16.1
1104.4 -342.3 17.6
1069.9 -344.0 16.9
1040.2 -342.1 16.5
1117.1 -328.5 17.7
1069.1 -325.6 17.1
1056.7 -329.7 16.9
1036.8 -329.0 16.6
995.8 -327.4 16.1
1040.2 -317.2 16.8
980.0 -311.6 15.9
1115.0 -295.9 17.8
922.9 -299.7 15.6
1086.4 -288.8 17.3
1046.7 -280.5 17.0
1031.3 -284.4 16.8
1014.4 -289.1 16.5
970.5 -285.9 16.1
1061.5 -272.2 17.1
966.1 -267.0 16.0
918.5 -268.8 15.6
905.5 -274.2 15.5
1100.1 -250.2 17.4
1043.9 -259.1 16.8
985.9 -257.3 16.2
1090.1 -243.0 17.2
1075.5 -240.9 17.1
982.6 -243.5 16.3
1088.1 -225.9 17.3
1061.1 -222.8 17.0
1027.5 -220.1 16.7
1016.2 -226.4 16.6
1070.0 -212.4 17.1
1040.9 -205.4 16.9
977.4 -207.0 16.4
1027.1 -195.8 16.9
955.8 -191.5 16.4
-2175.9 7883.3 13.1
-2199.4 7893.9 13.1
-2223.0 7912.3 13.2
-2197.4 7933.3 12.8
-2214.8 7943.4 13.0
-2223.2 7942.4 13.1
