-1351.2 -7073.4 17.4
-1355.7 -7055.0 17.3
-1355.8 -7023.2 17.3
-1241.9 -7893.4 19.7
-1257.5 -7940.4 18.8
-1354.5 -7734.3 19.5
-1341.4 -7721.1 19.0
-1352.8 -7725.7 19.3
-1345.1 -7713.0 19.1
-1421.1 -8090.5 17.4
-1434.3 -8089.1 17.6
-1414.9 -8081.1 17.3
-1433.2 -8080.3 17.6
-1464.9 -8051.6 18.1
-1462.6 -8040.5 18.6
-2069.4 -7419.3 13.0
-2071.9 -7409.7 13.3
-2123.1 -7408.9 12.8
-2129.7 -7410.8 12.7
-2080.4 -7398.6 13.5
-2138.6 -7404.7 12.4
-2118.9 -7390.4 12.6
-2152.4 -7393.9 12.1
-2162.5 -7392.9 11.9
-2081.7 -7383.8 13.3
-2030.1 -7370.3 14.4
-2089.9 -7373.1 13.4
-2099.9 -7374.4 13.2
-2110.8 -7368.4 13.2
-2070.7 -7358.2 14.0
-2093.7 -7359.7 13.6
-2104.0 -7360.2 13.5
-2113.5 -7360.8 13.3
-2093.7 -7348.9 13.8
-2162.6 -7333.6 13.1
-4839.0 -4299.4 15.1
-4840.5 -4288.5 15.3
-4922.4 -4249.1 17.4
-4920.5 -4241.2 17.4
-4924.8 -4233.7 17.5
-4831.9 -4275.9 15.5
-4839.2 -4264.3 15.8
-4840.1 -4255.4 16.0
-1782.5 -7763.0 20.9
-1959.0 -7616.6 13.1
-1958.5 -7608.1 13.0
-1946.9 -7601.8 13.5
-1952.2 -7586.7 13.1
-1957.3 -7578.0 12.9
-1999.8 -7578.7 11.1
-1941.9 -7568.9 13.5
-1952.0 -7570.7 13.1
-1961.0 -7570.1 12.7
-1981.4 -7571.2 11.8
-1988.6 -7569.8 11.5
-2000.9 -7571.5 11.0
-1959.5 -7561.2 12.7
-1969.0 -7559.6 12.3
-1988.4 -7559.3 11.5
-2007.4 -7555.7 10.7
-1952.0 -7548.1 13.5
-1970.0 -7545.5 12.7
-2000.0 -7547.0 11.3
-2011.9 -7538.5 10.8
-1939.3 -7525.7 14.8
-1950.4 -7530.9 14.1
-1956.5 -7527.6 13.9
-1998.5 -7531.3 11.6
-1996.1 -7521.9 11.5
-2029.7 -7468.1 12.1
-1991.3 -7410.1 14.5
-1999.7 -7411.3 14.2
-2009.7 -7411.3 13.9
-2009.2 -7398.9 14.2
-2018.5 -7401.0 13.9
-2026.0 -7397.4 13.7
-1978.7 -7385.8 15.4
-2012.1 -7391.2 14.3
-2017.5 -7387.0 14.3
-1981.6 -7379.3 15.5
-1763.1 -7167.1 19.3
-1733.5 -7153.5 19.1
-1740.8 -7156.4 19.1
-1752.9 -7157.5 19.2
-1784.5 -7155.5 19.4
-1795.3 -7158.8 19.5
-1751.9 -7147.2 19.2
-1780.4 -7147.5 19.5
-1740.9 -7136.8 19.3
-1783.3 -7138.4 19.7
-1801.0 -7133.4 20.0
-1811.6 -7135.9 20.1
-1821.8 -7132.3 20.2
-1761.0 -7123.3 19.8
-1773.6 -7124.3 19.9
-1790.6 -7122.7 20.1
-1821.8 -7126.8 20.3
-1709.8 -7116.1 19.4
-1719.5 -7115.5 19.5
-1734.6 -7114.1 19.7
-1751.6 -7113.4 19.9
-1780.7 -7112.5 20.2
-1812.1 -7118.1 20.4
-1730.9 -7104.7 19.8
-1810.4 -7104.3 20.6
-1800.2 -7095.8 20.6
-1800.8 -7082.7 20.7
-1585.2 -7042.8 19.2
-1879.2 -7114.3 20.3
-1850.4 -7093.4 20.4
-1857.8 -7090.3 20.4
-1878.8 -7094.5 20.3
-1890.6 -7094.9 20.2
-1846.1 -7081.5 20.4
-1858.4 -7080.8 20.4
-1899.8 -7083.9 20.2
-1854.4 -7073.6 20.4
-1866.4 -7073.1 20.3
-1880.4 -7071.6 20.2
-1888.8 -7075.1 20.2
-1828.8 -7061.8 20.5
-1864.9 -7065.3 20.3
-1839.6 -7051.6 20.4
-1860.4 -7053.5 20.3
-1870.6 -7050.1 20.3
-1876.9 -7052.2 20.2
-1887.0 -7055.7 20.2
-1837.9 -7045.3 20.4
-1847.2 -7042.0 20.4
-1856.3 -7045.5 20.4
-1835.8 -7031.1 20.1
-1866.8 -7029.7 19.8
-1837.0 -7026.0 20.0
-1733.3 -8248.6 13.7
-1741.8 -8248.9 13.6
-1689.9 -8195.0 15.4
-1704.2 -8111.5 16.7
-1707.1 -8100.4 16.7
-1696.7 -8079.9 17.1
-1635.1 -8075.2 18.4
-1696.2 -8072.8 17.2
-1706.3 -8071.6 16.9
-1737.5 -8001.2 16.2
-1768.4 -8002.6 15.5
-1689.8 -7973.6 17.6
-1664.0 -7922.4 18.7
-1811.8 -7913.9 15.4
-1813.2 -7905.6 15.5
-1675.5 -7893.0 18.7
-1813.1 -7896.9 15.5
-1819.2 -7896.2 15.4
-1831.3 -7893.5 15.2
-1680.1 -7887.2 18.7
-1732.5 -7867.2 18.5
-1832.0 -7865.5 16.6
-1689.5 -7855.9 20.0
-1722.7 -7843.8 20.0
-1599.2 -7811.0 24.2
-1697.9 -7810.2 22.3
-1598.1 -7795.7 25.1
-1594.3 -7761.5 25.1
-1665.1 -7729.6 25.2
-1650.6 -7716.1 24.9
-1657.5 -7719.0 24.9
-1689.5 -7733.5 24.9
-1708.7 -7733.2 24.2
-1680.1 -7725.6 24.9
-1690.5 -7726.3 24.7
-1712.5 -7722.3 23.9
-1691.5 -7714.6 24.3
-1699.7 -7715.4 24.2
-1657.3 -7701.3 24.3
-1682.1 -7705.8 24.1
-1696.7 -7704.2 23.8
-1646.8 -7697.6 24.3
-1657.6 -7691.9 24.0
-1679.8 -7694.4 23.7
-1688.6 -7696.4 23.7
-1652.3 -7684.0 23.8
-1679.9 -7685.0 23.4
-1690.8 -7686.4 23.3
-1666.5 -7651.9 22.4
-1661.6 -7643.1 22.1
-1670.4 -7644.6 22.1
-1670.6 -7637.3 21.8
-1677.4 -7632.7 21.5
-1706.3 -7694.3 23.3
-1698.0 -7681.4 23.0
-1689.0 -7641.1 21.7
-1779.2 -7365.4 17.6
-1728.0 -7342.4 17.8
-1754.1 -7342.0 17.7
-1744.3 -7333.4 17.7
-1745.2 -7326.6 17.7
-1629.4 -7242.1 18.2
-1640.1 -7242.6 18.3
-1650.9 -7237.8 18.6
-1669.6 -7242.0 18.7
-1677.6 -7236.6 19.0
-1633.5 -7206.3 19.1
-1629.1 -7194.4 19.0
-1638.3 -7196.4 19.1
-1643.0 -7197.4 19.1
-1636.2 -7189.1 19.0
-1736.5 -7184.9 19.3
-1643.6 -7176.5 18.9
-1733.1 -7178.0 19.3
-2062.9 -8328.9 13.2
-2070.9 -8324.0 13.3
-2068.5 -8305.2 13.4
-2102.2 -8305.1 13.7
-2060.9 -8298.3 13.4
-2082.1 -8294.6 13.6
-2084.3 -8285.0 13.3
-2079.3 -8275.5 13.0
-2091.5 -8274.5 13.1
-2112.1 -8265.9 13.0
-2122.0 -8267.9 13.1
-2070.5 -8255.3 12.4
-2101.2 -8254.3 12.6
-2070.1 -8245.6 12.1
-2073.2 -8237.0 11.9
-2121.6 -8238.4 12.5
-2081.1 -8226.1 11.7
-5192.3 -4429.8 14.5
-5191.9 -4419.0 14.4
-5198.7 -4413.7 14.3
-5178.5 -4409.3 14.3
-5192.2 -4407.6 14.2
-5200.2 -4403.6 14.2
-5182.1 -4395.7 14.1
-5201.9 -4393.6 14.0
-5131.2 -4389.0 14.6
-5150.5 -4385.1 14.0
-5171.0 -4386.1 13.9
-5178.4 -4388.8 14.0
-5147.3 -4376.2 14.2
-5113.1 -4366.8 15.2
-5119.4 -4368.4 15.0
-5133.0 -4369.9 14.6
-5140.4 -4369.6 14.4
-5157.1 -4369.1 13.9
-5097.2 -4359.7 15.7
-5107.4 -4359.0 15.4
-5118.6 -4357.9 15.1
-5131.0 -4354.3 14.8
-5141.8 -4358.7 14.4
-5153.1 -4355.5 14.2
-5089.1 -4345.8 16.0
-5141.6 -4347.4 14.6
-4985.1 -4564.0 14.2
-4946.9 -4547.7 15.0
-5075.6 -4547.7 10.6
-4950.1 -4533.2 14.6
-5068.6 -4533.7 10.5
-4939.6 -4526.4 14.7
-4944.4 -4521.2 14.4
-5076.6 -4524.4 10.1
-5089.7 -4523.5 10.1
-5059.4 -4516.6 10.6
-4955.7 -4502.9 13.7
-5068.8 -4495.2 11.5
-5076.2 -4492.1 11.6
-5083.7 -4495.4 11.5
-5069.9 -4481.9 12.1
-5018.0 -4471.4 12.6
-5035.0 -4473.9 12.5
-5046.8 -4472.2 12.5
-5018.3 -4467.3 12.8
-5044.5 -4462.7 12.8
-5065.8 -4466.6 12.6
-4986.0 -4454.3 13.2
-4999.9 -4456.8 13.1
-5013.9 -4452.0 13.2
-5026.4 -4456.1 13.0
-5043.9 -4454.2 13.1
-5028.3 -4442.7 13.6
-5034.5 -4447.5 13.4
-5058.6 -4437.7 13.8
-5018.1 -4421.4 14.4
-5029.4 -4423.9 14.3
-5045.8 -4422.8 14.4
-5054.9 -4425.6 14.3
-5016.6 -4414.5 14.7
-5023.6 -4413.6 14.7
-5038.7 -4415.8 14.7
-5045.6 -4415.5 14.7
-5028.8 -4407.1 15.0
-5019.4 -4392.1 15.4
-5093.6 -4394.8 14.8
-5018.4 -4385.1 15.7
-5025.3 -4386.4 15.6
-5100.0 -4382.3 15.2
-5098.6 -4372.1 15.6
-5056.8 -4343.9 16.9
-4624.3 -4393.8 14.7
-4642.7 -4393.2 14.3
-4600.9 -4357.8 15.0
-4608.8 -4357.9 14.8
-4598.8 -4344.2 15.0
-4600.1 -4330.0 14.9
-4619.4 -4329.8 14.5
-4652.0 -4298.0 14.7
-4659.7 -4301.7 14.7
-4739.0 -4302.5 14.9
-4744.4 -4290.6 14.9
-4774.8 -4516.0 16.4
-4643.6 -4657.9 17.0
-4643.8 -4647.1 16.9
-4651.6 -4649.1 17.0
-4624.5 -4641.0 16.9
-4664.6 -4637.3 16.9
-4650.0 -4628.7 16.9
-4600.5 -4619.6 16.8
-4635.4 -4617.7 16.8
-4640.5 -4619.2 16.8
-4680.7 -4620.1 16.8
-4600.0 -4599.1 16.7
-4634.0 -4601.4 16.7
-4652.7 -4592.8 16.7
-4625.4 -4582.3 16.6
-4634.8 -4576.6 16.6
-4649.8 -4576.7 16.6
-4629.8 -4569.3 16.5
-4651.2 -4567.2 16.5
-4651.3 -4560.2 16.5
-4724.7 -4558.5 16.6
-4650.3 -4549.0 16.4
-4722.5 -4547.6 16.8
-4734.7 -4550.0 16.9
-4673.8 -4541.9 16.3
-4659.0 -4529.2 16.3
-4673.2 -4530.7 16.3
-4653.0 -4507.5 16.3
-4772.2 -4507.3 16.2
-4643.4 -4498.4 16.3
-4653.6 -4502.9 16.4
-4661.8 -4503.1 16.5
-4743.0 -4498.6 16.1
-4769.8 -4501.9 16.1
-4642.9 -4492.8 16.4
-4652.1 -4488.9 16.3
-4663.9 -4488.6 16.3
-4713.5 -4491.1 16.1
-4762.0 -4488.2 15.7
-4731.9 -4478.4 15.6
-4751.7 -4479.7 15.6
-4669.0 -4468.4 15.7
-4715.1 -4467.6 15.4
-4632.6 -4461.6 15.7
-4671.4 -4457.8 15.4
-4635.2 -4451.8 15.4
-4695.4 -4443.0 14.9
-4733.7 -4443.2 14.4
-4770.9 -4442.9 14.2
-4714.5 -4431.9 14.3
-4720.5 -4432.0 14.2
-4731.8 -4429.4 14.2
-4739.6 -4429.9 14.2
-4771.2 -4430.3 14.2
-4719.8 -4421.5 14.2
-1682.6 -6971.4 18.9
-1713.3 -6960.4 18.4
-1721.4 -6960.4 18.4
-1561.1 -6952.5 17.4
-1571.1 -6951.8 17.4
-1614.8 -6947.5 17.3
-1735.5 -6948.9 17.7
-1752.6 -6947.9 17.6
-1603.7 -6942.2 17.5
-1622.7 -6942.3 17.4
-1736.0 -6943.7 17.4
-1603.2 -6928.3 17.8
-1619.9 -6930.0 17.7
-1590.4 -6919.4 18.0
-1605.3 -6920.2 17.9
-1715.1 -6917.9 17.2
-1746.1 -6917.8 16.9
-1591.8 -6912.4 18.1
-1603.1 -6910.4 18.1
-1704.5 -6909.2 17.4
-1722.2 -6909.2 17.2
-1734.0 -6908.0 17.1
-1613.2 -6898.4 18.3
-1673.9 -6897.4 18.0
-1685.2 -6903.8 17.7
-1694.9 -6902.3 17.6
-1711.5 -6901.1 17.5
-1720.6 -6904.0 17.3
-1739.9 -6900.0 17.2
-1681.4 -6893.7 17.9
-1692.6 -6889.8 17.9
-1701.9 -6888.7 17.8
-1740.1 -6890.2 17.3
-1690.5 -6878.0 18.1
-1685.4 -6873.3 18.2
-1695.9 -6870.9 18.2
-1700.8 -6868.6 18.2
-1740.7 -6873.1 17.6
-1702.0 -6859.8 18.3
-1709.7 -6861.2 18.2
-1571.9 -8012.6 19.9
-1580.3 -7954.5 20.3
-1632.8 -7909.5 19.5
-1632.9 -7899.8 19.6
-1663.4 -7901.3 18.9
-1562.7 -7999.2 20.2
-1479.8 -7908.6 23.1
-1533.9 -7905.1 21.9
-1542.2 -7898.7 21.7
-1521.0 -7848.7 23.7
-1543.7 -7806.5 25.5
-1585.0 -7733.2 24.3
-1594.3 -7673.0 24.1
-1556.0 -7647.4 23.2
-1474.6 -7735.7 22.1
-1461.2 -7699.0 21.6
-1471.5 -7698.2 21.8
-1481.1 -7694.0 22.0
-1495.5 -7688.5 22.2
-1480.9 -7679.5 21.9
-1496.5 -7676.3 22.2
-1502.2 -7680.1 22.3
-1484.5 -7666.6 21.9
-1515.2 -7658.4 22.5
-1521.2 -7654.6 22.6
-1502.9 -7648.2 22.2
-1513.2 -7639.9 22.3
-1638.5 -7687.8 24.1
-1566.0 -7643.2 23.4
-1528.6 -7617.2 22.5
-1586.1 -7525.2 19.0
-1602.9 -7439.7 19.1
-1609.6 -7440.7 19.0
-1590.5 -7430.8 19.2
-1582.6 -7421.3 19.2
-1591.4 -7421.4 19.1
-1593.0 -7383.2 18.9
-1605.5 -7369.7 18.7
-1615.6 -7369.6 18.6
-1634.7 -7371.4 18.4
-1604.1 -7358.6 18.6
-1621.0 -7359.1 18.5
-1634.4 -7362.9 18.4
-1632.0 -7350.8 18.3
-1545.4 -7272.8 18.7
-1546.8 -7265.8 18.7
-1545.7 -7255.6 18.6
-1551.1 -7244.9 18.5
-1437.9 -7094.7 18.2
-1447.2 -7096.4 18.3
-1436.8 -7088.6 18.2
-1451.8 -7086.9 18.2
-1507.5 -7073.5 18.2
-1452.9 -7068.6 18.0
-1508.9 -7029.1 17.8
-2341.3 -7887.3 13.9
-2299.8 -7881.2 13.2
-2361.1 -7849.1 14.1
-2359.8 -7830.2 14.0
-2363.1 -7816.8 14.1
-1477.2 -7584.2 21.3
-1421.5 -7192.6 19.2
-1438.1 -7144.3 18.4
-2416.5 -7758.7 14.8
-2367.8 -7745.1 14.1
-2375.8 -7744.8 14.2
-2406.0 -7745.9 14.6
-2421.7 -7743.5 14.8
-2359.6 -7735.8 13.8
-2385.9 -7738.0 14.3
-2396.8 -7733.9 14.3
-2409.3 -7736.1 14.6
-2416.1 -7738.8 14.7
-2430.3 -7736.8 14.7
-2435.6 -7734.9 14.7
-2325.8 -7725.5 13.0
-2341.0 -7724.1 13.2
-2345.8 -7724.0 13.3
-2378.6 -7724.1 13.8
-2400.0 -7728.2 14.2
-2419.1 -7728.3 14.4
-2320.6 -7718.8 12.8
-2329.9 -7718.4 12.9
-2348.5 -7718.0 13.2
-2396.1 -7719.1 13.9
-2420.9 -7705.5 13.7
-2428.0 -7704.7 13.8
-2411.6 -7694.9 13.4
-2416.0 -7688.3 13.2
-2425.5 -7688.4 13.3
-2430.4 -7678.1 13.1
-2518.9 -7645.4 13.4
-2428.1 -7638.2 12.5
-2440.8 -7640.1 12.6
-2439.7 -7627.7 12.5
-2459.7 -7624.8 12.6
-1457.6 -7895.4 23.7
-1401.2 -7828.1 24.5
-1436.2 -7798.1 23.9
-1436.0 -7772.1 22.9
-1442.5 -7774.0 23.1
-1449.8 -7777.2 23.4
-1453.0 -7757.7 22.6
-2275.1 -7878.4 12.9
-2320.9 -7786.9 13.3
-2291.6 -7744.6 12.9
-2367.8 -7901.5 14.4
-1628.1 -7532.9 18.7
-1632.0 -7519.1 18.2
-1807.6 -8335.2 12.1
-1728.3 -8277.1 13.8
-1782.1 -8172.7 14.1
-1785.8 -8135.1 14.6
-1508.0 -8617.6 13.2
-1488.0 -8608.3 13.4
-1511.9 -8608.3 13.3
-1456.5 -8585.6 14.0
-1528.4 -8585.0 13.7
-1447.1 -8575.1 14.7
-1529.1 -8578.5 13.8
-1511.5 -8566.6 13.9
-1492.2 -8550.1 14.9
-1356.5 -8439.1 15.3
-1382.3 -8420.5 15.2
-1401.5 -8376.8 15.5
-1435.9 -8340.4 15.7
-1445.9 -8335.1 15.8
-1453.4 -8339.1 15.5
-1445.1 -8317.7 16.2
-1456.1 -8316.7 16.2
-1505.7 -8336.7 14.9
-1514.3 -8335.8 14.8
-1522.9 -8332.5 14.8
-1506.4 -8325.9 15.1
-1504.8 -8317.9 15.4
-1504.6 -8302.4 15.9
-1518.4 -8301.8 15.7
-1535.1 -8284.9 15.9
-1544.7 -8277.7 16.0
-1572.4 -8430.9 14.7
-1580.8 -8427.3 14.8
-1571.1 -8422.9 14.6
-1579.0 -8421.8 14.8
-1549.5 -8407.8 14.3
-1571.2 -8412.6 14.6
-1582.3 -8408.6 14.8
-1588.4 -8407.2 14.9
-1599.8 -8412.8 14.8
-1562.2 -8403.2 14.5
-1568.7 -8402.6 14.6
-1590.9 -8401.3 15.0
-1598.6 -8403.8 14.8
-1613.0 -8402.3 14.7
-1527.3 -8377.4 14.2
-1518.6 -8370.5 14.2
-1520.0 -8362.6 14.3
-1532.9 -8359.0 14.3
-1542.6 -8361.2 14.3
-1531.7 -8351.9 14.3
-1233.8 -8152.1 16.7
-1244.2 -8138.5 16.7
-1236.5 -8121.8 16.6
-1245.5 -8100.4 17.1
-1245.1 -8094.3 17.1
-1094.6 -8179.7 19.6
-1099.2 -8179.1 19.7
-1133.2 -8174.8 19.0
-1153.8 -8179.7 18.9
-1112.2 -8167.4 19.4
-1172.8 -8158.3 17.6
-1019.1 -8136.7 19.0
-1028.6 -8129.2 18.9
-1052.8 -8126.4 18.6
-1062.5 -8130.2 18.6
-1071.4 -8127.7 18.5
-1020.2 -8120.0 18.8
-1029.8 -8116.0 18.7
-1053.5 -8115.5 18.5
-1062.5 -8115.2 18.4
-1072.2 -8115.0 18.4
-1014.2 -8104.0 18.6
-1033.7 -8109.9 18.6
-1069.1 -8108.6 18.3
-1100.6 -8108.4 18.1
-1009.0 -8095.6 18.6
-1029.4 -8095.3 18.4
-1054.5 -8100.1 18.3
-1059.3 -8099.2 18.2
-1073.7 -8099.3 18.1
-1088.3 -8100.5 18.0
-1099.4 -8097.5 17.9
-1012.8 -8089.7 18.4
-1024.2 -8090.0 18.3
-1040.2 -8087.8 18.2
-1050.0 -8088.6 18.2
-1058.8 -8089.4 18.1
-1089.6 -8090.3 17.9
-1100.5 -8085.8 17.8
-1184.5 -8090.6 17.2
-1024.8 -8079.1 18.6
-1032.9 -8074.5 18.7
-1069.3 -8078.4 18.1
-1188.2 -8076.4 17.0
-992.0 -8064.8 19.5
-1074.3 -8069.3 18.4
-5208.0 -4073.3 16.5
-4788.7 -4544.9 17.0
-4803.7 -4549.6 17.1
-4768.4 -4534.8 16.9
-4780.7 -4539.0 16.9
-4799.1 -4539.1 16.9
-4809.4 -4536.9 16.8
-4768.2 -4526.2 16.7
-4783.1 -4527.9 16.7
-4774.7 -4520.8 16.6
-4778.6 -4517.6 16.4
-4790.0 -4518.3 16.4
-4799.0 -4517.6 16.3
-4851.6 -4510.2 15.4
-4803.1 -4495.0 15.5
-4811.0 -4480.5 14.8
-4890.6 -4418.7 14.0
-4904.3 -4414.3 14.1
-2119.2 -7345.6 13.5
-2118.8 -7339.4 13.6
-2005.7 -7328.9 16.2
-2079.0 -7327.1 14.6
-1996.8 -7316.7 16.7
-2017.1 -7306.1 16.6
-2026.9 -7311.2 16.2
-2033.2 -7307.1 16.2
-2048.1 -7308.9 15.8
-2054.5 -7310.7 15.6
-2062.8 -7310.2 15.4
-2089.2 -7305.1 15.0
-2018.9 -7296.3 16.9
-2034.9 -7297.0 16.5
-2047.0 -7294.9 16.3
-2068.0 -7297.9 15.7
-2033.1 -7290.9 16.7
-2045.2 -7288.1 16.5
-2089.4 -7287.3 15.5
-2075.7 -7278.9 16.1
-2093.4 -7277.8 15.7
-1965.1 -7325.9 17.2
-1978.2 -7324.4 16.9
-944.3 -8228.5 21.5
-852.4 -8209.6 21.4
-892.9 -8207.7 21.0
-906.5 -8211.7 21.0
-912.0 -8206.8 20.9
-876.3 -8200.9 20.9
-894.2 -8199.5 21.0
-953.2 -8197.8 20.3
-872.0 -8187.4 20.9
-905.9 -8186.2 20.5
-926.4 -8188.1 20.4
-946.7 -8188.7 20.2
-992.7 -8186.2 19.9
-852.0 -8176.7 20.8
-903.9 -8177.4 20.4
-946.0 -8180.0 20.1
-856.0 -8171.8 20.7
-896.1 -8166.9 20.3
-932.3 -8169.2 20.1
-893.8 -8159.0 20.2
-936.5 -8159.9 19.9
-942.3 -8162.4 19.9
-976.4 -8161.7 19.7
-853.2 -8148.5 20.4
-863.8 -8150.0 20.3
-911.0 -8145.9 19.9
-923.8 -8150.7 19.9
-942.1 -8151.8 19.8
-976.7 -8152.2 19.5
-902.9 -8135.9 19.9
-936.4 -8138.2 19.6
-832.0 -8127.0 20.3
-841.6 -8128.8 20.2
-932.6 -8130.3 19.6
-882.3 -8117.4 19.8
-926.1 -8119.1 19.5
-932.8 -8118.3 19.4
-801.9 -8107.6 20.1
-815.6 -8109.7 20.1
-873.1 -8110.0 19.7
-887.1 -8108.2 19.6
-926.9 -8107.1 19.3
-936.2 -8106.3 19.2
-796.9 -8099.1 20.4
-805.6 -8102.1 20.2
-875.4 -8096.9 19.6
-916.8 -8096.0 19.1
-766.8 -8086.9 21.1
-771.4 -8089.1 21.0
-845.5 -8087.6 20.3
-854.0 -8089.5 20.1
-924.7 -8090.6 19.3
-934.5 -8088.9 19.2
-754.7 -8081.5 21.1
-831.6 -8077.4 20.9
-861.5 -8078.7 20.5
-752.4 -8071.5 21.1
-825.5 -8068.2 21.0
-917.1 -8071.4 20.1
-796.4 -8055.9 21.1
-817.3 -8057.3 21.0
-925.3 -8055.9 20.7
-937.1 -8057.7 20.5
-793.9 -8051.0 21.1
-816.3 -8051.2 21.1
-922.6 -8051.5 20.8
-931.6 -8048.1 20.8
-943.6 -8049.3 20.8
-984.7 -8045.8 20.4
-772.5 -8039.7 21.2
-796.5 -8038.7 21.1
-862.0 -8040.3 21.0
-936.9 -8037.6 20.8
-946.9 -8036.5 20.8
-957.2 -8036.3 20.8
-985.8 -8037.4 20.7
-782.2 -8029.8 21.2
-833.6 -8026.5 21.1
-854.7 -8032.2 21.0
-876.6 -8029.6 21.0
-936.5 -8025.9 20.8
-953.2 -8030.6 20.8
-823.6 -8018.3 21.1
-846.0 -8020.7 21.0
-866.6 -8022.1 21.0
-876.7 -8021.2 21.0
-883.0 -8019.0 21.0
-893.1 -8017.5 20.9
-953.0 -8020.6 20.8
-960.7 -8020.3 20.8
-813.3 -8006.9 21.4
-826.2 -8010.2 21.2
-903.7 -8012.3 20.9
-960.8 -8008.0 20.8
-836.2 -7998.3 21.3
-876.0 -7996.1 21.2
-881.7 -8002.3 21.1
-896.3 -7997.7 21.1
-907.2 -7999.2 21.0
-913.9 -8000.5 21.0
-944.6 -7997.5 20.9
-964.2 -8001.6 20.8
-834.4 -7991.1 21.3
-872.9 -7988.5 21.2
-883.2 -7986.3 21.2
-945.0 -7986.6 21.0
-950.8 -7989.9 21.0
-961.1 -7986.7 21.0
-895.9 -7976.0 21.1
-902.4 -7977.4 21.1
-917.3 -7978.6 21.1
-921.6 -7979.8 21.1
-934.8 -7978.5 21.0
-942.3 -7977.3 21.0
-957.2 -7978.8 21.0
-965.5 -7981.7 20.9
-845.6 -7972.1 21.3
-855.2 -7970.6 21.3
-873.2 -7966.5 21.2
-925.5 -7970.8 21.1
-932.3 -7965.9 21.0
-943.8 -7968.5 21.0
-862.6 -7959.7 21.2
-926.9 -7959.4 21.0
-932.4 -7957.1 21.0
-865.6 -7946.5 21.2
-923.1 -7951.7 21.1
-962.7 -7947.8 20.9
-972.6 -7945.8 20.9
-867.0 -7942.4 21.2
-2087.6 -7761.9 14.0
-2095.4 -7762.6 13.9
-2065.6 -7750.3 14.3
-2076.4 -7746.6 14.2
-2085.4 -7746.9 14.2
-2065.8 -7736.8 14.4
-2073.7 -7731.6 14.2
-2081.4 -7731.0 14.1
-2094.5 -7735.7 14.1
-2102.4 -7733.7 14.0
-2077.4 -7723.9 14.0
-2084.2 -7721.4 13.9
-2093.5 -7724.9 13.9
-2082.0 -7704.2 13.5
-2105.3 -7705.2 13.3
-2086.0 -7684.7 12.9
-2091.6 -7680.7 12.7
-2114.2 -7680.8 12.5
-2122.3 -7681.5 12.5
-2107.3 -7672.1 12.3
-2117.4 -7675.9 12.4
-2101.8 -7665.2 12.2
-2048.0 -7723.9 14.2
-2057.3 -7719.7 14.1
-2035.1 -7712.6 14.1
-2048.4 -7710.9 13.9
-2053.6 -7713.3 13.9
-2055.6 -7698.9 13.6
-2029.7 -7694.2 13.7
-2059.3 -7691.2 13.3
-2478.1 -8007.4 17.0
-2505.0 -7955.9 16.8
-2425.5 -7949.7 15.4
-2429.1 -7928.3 15.4
-2339.5 -8086.8 15.7
-2300.8 -8076.5 14.8
-2309.2 -8078.1 15.0
-2346.8 -8062.7 15.9
-2358.0 -8066.8 16.1
-2369.4 -8063.3 16.2
-2377.8 -8067.6 16.4
-2318.8 -8053.7 15.2
-2322.1 -8047.9 15.2
-2326.3 -8043.3 15.1
-2341.7 -8045.7 15.4
-2322.5 -8037.7 15.0
-2347.4 -8037.8 15.4
-2358.9 -8031.6 15.4
-2366.9 -8013.1 15.2
-2380.7 -8003.6 15.3
-2352.4 -7991.8 14.7
-2369.4 -7993.7 15.0
-2377.2 -7995.3 15.1
-2387.0 -7998.2 15.3
-2329.2 -7984.1 14.2
-2338.2 -7985.7 14.3
-2361.1 -7984.8 14.7
-2367.2 -7986.4 14.8
-2380.1 -7986.2 15.0
-2330.7 -7975.9 14.1
-2339.5 -7976.2 14.2
-2350.1 -7977.0 14.4
-2356.5 -7972.9 14.5
-2350.8 -7962.4 14.3
-2359.2 -7965.5 14.4
-1192.7 -7853.3 20.0
-1208.9 -7854.8 20.0
-1123.7 -7806.9 19.5
-1113.7 -7794.2 19.5
-1123.7 -7796.2 19.5
-1161.0 -7795.0 19.4
-1133.1 -7785.1 19.5
-1140.4 -7783.4 19.5
-1138.5 -7773.8 19.5
-1154.3 -7773.3 19.5
-1190.2 -7777.8 19.4
-1198.2 -7773.9 19.4
-1213.8 -7777.3 19.3
-1148.9 -7764.8 19.5
-1192.7 -7763.7 19.4
-1203.5 -7768.4 19.3
-1209.7 -7769.6 19.3
-1192.2 -7753.4 19.3
-1214.2 -7754.8 19.1
-1163.9 -7743.9 19.5
-1187.9 -7743.1 19.3
-1220.2 -7746.7 19.0
-1159.7 -7738.1 19.5
-1183.3 -7737.8 19.3
-1190.0 -7734.0 19.2
-1201.1 -7739.0 19.1
-1212.8 -7734.0 19.0
-1157.8 -7729.5 19.5
-1174.0 -7724.2 19.3
-1193.1 -7729.7 19.1
-1211.0 -7727.1 18.9
-1241.5 -7726.0 18.6
-1198.5 -7713.6 19.0
-1212.5 -7716.1 18.8
-1203.8 -7706.9 18.9
-1208.9 -7708.5 18.8
-1208.8 -7686.8 18.8
-1204.2 -7678.9 18.9
-1208.4 -7677.3 18.9
-2219.7 -8347.0 14.5
-2223.1 -8327.4 14.7
-2159.2 -8276.5 13.6
-2241.6 -8276.1 14.6
-2248.9 -8274.2 14.8
-2228.6 -8266.1 14.4
-2252.2 -8264.5 14.8
-2210.1 -8257.6 14.1
-2220.4 -8259.9 14.2
-2231.9 -8256.8 14.5
-2240.2 -8257.4 14.6
-2262.4 -8256.4 15.0
-2141.7 -8246.8 12.8
-2189.9 -8246.2 13.7
-2203.0 -8248.8 13.9
-2209.5 -8249.7 14.1
-2220.1 -8250.0 14.2
-2233.0 -8249.1 14.5
-2237.7 -8245.8 14.6
-2269.3 -8250.0 15.1
-2302.6 -8243.9 15.9
-2188.9 -8235.8 13.7
-2210.9 -8236.0 14.1
-2222.3 -8235.6 14.3
-2288.7 -8237.5 15.7
-2297.0 -8234.7 15.8
-2228.3 -8227.2 14.6
-2238.4 -8224.1 14.9
-2248.8 -8230.4 15.0
-2281.9 -8228.4 15.7
-2290.4 -8228.5 15.7
-2157.5 -8217.1 13.2
-2220.7 -8218.2 14.7
-2212.5 -8206.2 14.8
-2221.8 -8199.9 15.1
-2044.1 -7057.4 19.2
-1994.2 -7047.1 19.3
-2006.6 -7052.9 19.3
-2044.5 -7052.7 19.1
-1993.4 -7042.8 19.2
-2002.4 -7041.2 19.2
-2012.0 -7039.9 19.1
-2022.2 -7038.8 19.0
-1994.7 -7027.0 19.0
-2006.4 -7031.9 19.0
-1996.4 -7019.1 18.9
-2005.9 -7018.9 18.8
-1951.4 -7003.9 18.8
-1931.8 -6996.1 18.8
-1920.0 -6983.5 18.7
-1941.4 -6985.6 18.6
-1969.2 -6983.6 18.5
-1912.8 -6970.6 18.4
-1922.1 -6975.8 18.6
-1929.6 -6973.4 18.5
-1918.5 -6962.0 17.9
-1931.3 -6962.9 17.9
-1947.9 -6964.9 18.0
-1969.7 -6964.5 17.9
-1932.4 -6952.9 17.3
-1938.9 -6950.8 17.2
-1949.1 -6936.7 16.9
-1946.5 -6925.5 16.6
-2083.2 -7072.1 19.0
-2097.3 -7067.9 18.8
-2086.7 -7062.4 19.1
-2099.0 -7028.1 18.6
-2144.5 -7027.0 18.4
-2068.5 -7019.5 18.6
-2074.6 -7016.6 18.5
-2085.2 -7021.5 18.5
-2102.7 -7020.5 18.4
-2073.5 -7007.6 18.4
-2086.0 -7011.5 18.4
-2105.7 -7010.2 18.3
-2114.5 -7007.4 18.2
-2122.7 -7006.2 18.1
-1998.4 -7001.7 18.6
-2078.4 -6998.0 18.2
-2114.2 -7001.0 18.1
-2066.7 -6990.2 18.2
-2075.7 -6989.1 18.1
-2087.9 -6990.7 18.1
-2098.1 -6988.1 18.0
-2106.8 -6990.1 18.0
-2062.4 -6977.7 18.0
-2075.0 -6981.0 18.0
-2142.0 -6977.2 17.6
-2140.5 -6969.6 17.5
-2151.2 -6935.2 16.6
-2170.6 -6939.7 16.7
-2142.9 -6927.5 16.4
-2172.9 -6928.5 16.4
-2204.5 -6924.9 16.3
-2168.0 -6917.4 16.2
-2181.6 -6914.8 16.1
-2189.7 -6916.9 16.1
-2162.7 -6905.0 15.9
-2171.6 -6907.8 15.9
-2183.9 -6904.6 15.9
-2203.7 -6910.1 16.0
-2153.7 -6900.1 15.8
-2172.4 -6900.0 15.8
-2178.5 -6895.2 15.7
-2189.1 -6898.3 15.7
-2200.5 -6898.3 15.7
-2213.3 -6896.1 15.6
-2173.5 -6890.5 15.6
-2199.2 -6887.0 15.4
-2218.8 -6888.4 15.5
-2230.9 -6889.4 15.5
-2169.0 -6876.3 15.2
-2203.8 -6875.5 15.2
-2209.4 -6874.8 15.2
-2223.2 -6874.8 15.1
-2168.9 -6869.1 15.1
-2190.9 -6870.8 15.1
-2208.4 -6868.8 15.0
-2220.5 -6868.3 15.0
-2160.7 -6860.2 15.0
-2168.5 -6860.3 14.9
-2173.0 -6847.7 14.9
-1257.0 -7518.4 18.6
-1237.0 -7512.7 19.2
-1245.6 -7512.5 18.9
-1257.3 -7499.7 18.5
-1264.8 -7496.4 18.3
-1262.5 -7472.4 18.4
-4780.5 -4419.3 14.1
-4805.9 -4388.2 14.3
-4784.8 -4378.9 14.4
-4792.5 -4379.2 14.5
-4804.0 -4381.6 14.5
-2180.3 -7367.9 12.2
-2178.0 -7361.1 12.3
-2190.0 -7357.3 12.2
-2161.7 -7318.6 13.4
-2172.2 -7318.5 13.2
-2178.5 -7318.1 13.2
-2150.8 -7290.1 14.1
-2159.0 -7288.3 14.0
-2147.0 -7277.5 14.5
-2169.4 -7275.4 14.1
-2181.9 -7278.9 13.9
-2158.8 -7268.5 14.5
-2186.1 -7266.2 14.1
-2201.4 -7265.0 13.9
-2160.6 -7257.1 14.8
-2212.4 -7258.1 13.8
-2181.2 -7245.0 14.7
-2190.6 -7248.8 14.4
-2196.4 -7246.6 14.3
-2216.7 -7251.2 13.9
-2150.5 -7239.4 15.6
-2210.7 -7240.1 14.2
-2218.5 -7239.6 14.1
-2102.1 -7227.9 17.0
-2106.9 -7228.4 16.9
-2197.3 -7227.0 14.9
-2207.8 -7227.8 14.6
-2219.3 -7230.9 14.3
-2162.6 -7219.9 15.9
-2182.1 -7217.6 15.5
-2189.3 -7220.3 15.3
-2201.4 -7216.2 15.1
-2158.3 -7207.7 16.0
-2187.0 -7207.6 15.6
-2142.2 -7198.3 16.4
-2158.4 -7199.4 16.1
-2179.3 -7199.7 15.8
-2136.4 -7184.9 16.9
-2158.4 -7189.3 16.4
-2169.0 -7184.6 16.3
-2229.2 -7190.3 15.2
-1982.4 -7176.0 19.0
-2031.6 -7180.5 18.5
-2042.5 -7177.6 18.4
-2150.5 -7177.0 16.8
-2207.8 -7179.5 15.8
-1967.4 -7169.2 19.1
-1978.4 -7167.2 19.0
-2021.9 -7167.3 18.6
-2141.6 -7165.5 17.3
-1976.1 -7159.5 19.0
-1996.6 -7158.1 18.9
-2016.4 -7156.9 18.7
-2027.7 -7156.5 18.6
-2138.0 -7157.4 17.4
-1979.0 -7147.5 19.0
-1987.8 -7146.9 18.9
-2040.2 -7148.9 18.6
-2051.8 -7149.8 18.4
-2167.8 -7150.2 17.2
-2036.8 -7139.1 18.6
-2051.0 -7139.2 18.5
-2151.8 -7136.1 17.4
-2158.0 -7138.6 17.3
-2022.5 -7128.1 18.7
-2028.4 -7125.0 18.6
-2141.7 -7129.4 17.6
-2039.8 -7116.8 18.6
-2048.6 -7118.8 18.5
-2057.1 -7115.8 18.4
-2131.9 -7119.6 17.7
-2057.2 -7109.4 18.5
-2107.0 -7105.4 18.1
-2097.4 -7099.9 18.2
-2039.6 -7077.2 19.4
-2345.2 -7397.8 10.2
-2267.6 -7388.7 11.3
-2308.0 -7387.8 11.2
-2336.4 -7388.3 10.3
-2344.3 -7391.2 10.2
-2222.1 -7382.0 10.6
-2232.7 -7378.6 10.6
-2242.8 -7381.3 10.6
-2258.2 -7383.1 11.0
-2263.4 -7380.4 11.1
-2274.2 -7381.7 11.4
-2284.4 -7381.3 11.7
-2292.0 -7378.7 11.9
-2313.0 -7377.0 11.5
-2324.0 -7383.0 10.7
-2343.1 -7383.5 10.1
-2352.2 -7377.4 9.9
-2223.9 -7373.4 10.8
-2245.5 -7372.9 10.8
-2263.6 -7369.5 11.0
-2295.4 -7367.8 11.9
-2316.3 -7372.1 11.6
-2322.9 -7367.3 11.6
-2344.7 -7369.2 10.5
-2224.3 -7362.6 11.1
-2233.1 -7357.1 11.0
-2251.9 -7359.7 11.1
-2271.8 -7360.0 11.2
-2288.0 -7360.8 11.6
-2322.4 -7362.5 11.7
-2333.8 -7361.7 11.4
-2343.2 -7361.8 11.0
-2354.1 -7357.7 10.7
-2223.9 -7351.3 11.4
-2287.0 -7350.2 11.5
-2313.0 -7353.1 12.2
-2324.3 -7349.7 12.1
-2362.1 -7351.2 10.7
-2303.1 -7340.2 11.8
-2328.2 -7342.2 12.2
-2351.7 -7338.0 11.7
-2367.4 -7339.3 11.0
-2277.8 -7329.9 11.8
-2305.4 -7329.1 11.9
-2311.9 -7328.7 12.0
-2332.8 -7327.8 12.5
-2347.8 -7331.4 12.0
-2355.9 -7332.4 11.7
-2196.2 -7320.7 12.8
-2268.2 -7322.3 11.9
-2272.9 -7322.9 11.9
-2317.8 -7321.8 12.1
-2367.7 -7322.6 11.7
-2192.2 -7312.5 13.1
-2253.9 -7311.9 12.0
-2274.4 -7311.6 12.2
-2297.0 -7307.6 12.4
-2306.3 -7310.7 12.3
-2316.5 -7307.6 12.4
-2193.4 -7303.4 13.2
-2204.5 -7303.2 13.1
-2216.5 -7297.3 13.0
-2272.8 -7297.7 12.4
-2282.2 -7299.0 12.5
-2303.7 -7297.3 12.6
-2245.7 -7288.4 12.5
-2263.7 -7291.4 12.5
-2293.1 -7293.4 12.6
-2367.2 -7293.5 12.8
-2212.2 -7278.7 13.4
-2222.1 -7283.0 13.2
-2246.8 -7282.1 12.6
-2256.7 -7280.2 12.7
-2296.8 -7279.2 12.9
-2221.9 -7272.4 13.4
-2235.5 -7273.4 13.1
-2243.5 -7270.5 12.9
-2253.9 -7270.4 12.9
-2253.2 -7262.4 13.0
-2262.9 -7259.6 13.1
-2304.9 -7249.5 13.6
-2354.0 -7271.6 13.0
-2365.6 -7276.9 12.9
-2353.6 -7263.9 12.9
-2343.9 -7222.9 12.4
-2284.5 -7213.1 13.5
-2273.9 -7206.1 13.6
-2323.1 -7194.5 12.7
-2234.1 -7184.9 15.1
-2291.5 -7186.7 13.3
-2216.0 -7171.7 15.7
-2285.6 -7175.0 13.6
-2322.6 -7177.5 12.8
-2331.6 -7171.7 12.6
-2213.2 -7161.6 15.9
-2223.1 -7164.5 15.6
-2293.1 -7164.7 13.6
-2307.9 -7164.0 13.1
-2322.5 -7162.7 12.9
-2332.4 -7165.5 12.6
-2213.5 -7153.1 16.0
-2265.0 -7156.0 14.5
-2286.0 -7156.1 13.9
-2315.1 -7155.9 13.0
-2323.2 -7153.6 12.9
-2342.6 -7154.1 12.5
-2187.4 -7141.5 16.8
-2224.7 -7147.0 15.7
-2272.7 -7146.0 14.4
-2285.7 -7146.6 14.0
-2311.5 -7143.4 13.4
-2323.2 -7147.4 12.9
-2167.7 -7135.2 17.2
-2177.2 -7135.4 17.1
-2224.2 -7137.9 15.8
-2241.5 -7135.2 15.4
-2255.8 -7134.5 15.0
-2262.8 -7137.0 14.8
-2277.6 -7132.9 14.4
-2297.9 -7137.8 13.8
-2307.0 -7134.1 13.6
-2316.5 -7137.8 13.3
-2347.9 -7134.1 12.5
-2222.9 -7125.7 16.1
-2234.8 -7123.8 15.8
-2243.7 -7128.0 15.5
-2273.6 -7125.0 14.7
-2282.0 -7121.8 14.5
-2303.9 -7123.8 13.8
-2206.8 -7114.4 16.7
-2223.6 -7112.7 16.3
-2295.7 -7115.4 14.2
-2313.2 -7116.8 13.7
-2212.8 -7103.3 16.7
-2236.2 -7106.2 16.1
-2256.0 -7103.7 15.6
-2265.5 -7102.9 15.3
-2286.3 -7104.9 14.7
-2301.7 -7107.5 14.2
-2192.4 -7095.1 17.1
-2211.7 -7092.1 16.8
-2233.2 -7092.1 16.4
-2242.4 -7094.0 16.2
-2266.6 -7092.9 15.5
-2105.8 -7083.5 18.4
-2161.9 -7084.8 17.7
-2174.8 -7084.7 17.5
-2196.6 -7083.3 17.1
-2215.3 -7085.2 16.8
-2223.4 -7081.4 16.7
-2257.6 -7083.2 16.0
-2285.3 -7083.0 15.2
-2292.6 -7087.5 14.9
-2175.5 -7073.3 17.6
-2213.1 -7072.9 16.9
-2227.6 -7073.0 16.7
-2246.0 -7077.8 16.3
-2265.4 -7074.0 15.9
-2294.5 -7072.6 15.1
-2314.9 -7076.2 14.5
-2166.8 -7061.3 17.8
-2177.2 -7065.6 17.6
-2202.8 -7063.4 17.2
-2222.9 -7062.0 16.8
-2237.6 -7064.9 16.5
-2271.3 -7061.8 16.0
-2296.9 -7064.0 15.2
-2303.8 -7062.8 15.1
-2317.2 -7066.0 14.6
-2226.4 -7055.3 16.8
-2233.4 -7054.3 16.7
-2255.4 -7052.0 16.3
-2267.3 -7055.8 16.1
-2287.8 -7052.2 15.7
-2165.3 -7044.1 17.9
-2175.7 -7043.6 17.8
-2185.0 -7045.1 17.6
-2202.1 -7047.6 17.3
-2256.6 -7047.7 16.3
-2274.0 -7044.1 16.1
-2293.7 -7043.2 15.7
-2306.0 -7046.9 15.3
-2153.9 -7035.9 18.2
-2204.6 -7036.5 17.3
-2216.8 -7033.2 17.1
-2255.9 -6984.7 16.5
-2265.5 -6985.8 16.4
-2244.9 -6944.5 16.9
-2253.5 -6935.9 16.8
-1582.2 -6870.7 19.0
-1578.9 -6860.7 19.0
-1579.2 -6851.6 19.1
-1592.1 -6850.7 19.2
-1599.9 -6848.2 19.3
-1589.2 -6844.3 19.2
-1601.5 -6838.3 19.3
-1628.5 -6843.7 19.4
-1653.1 -6831.1 19.4
-1718.6 -6799.8 19.5
-1650.1 -6791.9 20.4
-1678.2 -6779.3 20.7
-1640.0 -6772.0 20.5
-1662.1 -6769.4 20.8
-1670.3 -6769.0 20.9
-1639.7 -6759.7 20.6
-1662.1 -6759.4 20.9
-1669.7 -6761.4 20.9
-1682.2 -6760.0 21.1
-1644.3 -6751.5 20.8
-1672.5 -6749.1 21.1
-1533.0 -6740.1 16.7
-1552.1 -6740.9 17.3
-1681.9 -6742.1 21.3
-1691.6 -6741.4 21.4
-1542.0 -6732.6 16.9
-1629.6 -6732.8 20.0
-1643.5 -6733.5 20.5
-1650.2 -6730.7 20.7
-1668.3 -6728.3 21.2
-1683.4 -6734.1 21.4
-1639.0 -6721.9 20.2
-1648.9 -6720.3 20.5
-1663.8 -6720.2 21.0
-1673.4 -6724.3 21.3
-1682.1 -6719.2 21.5
-1623.5 -6708.2 19.4
-1628.1 -6710.3 19.6
-1663.0 -6713.5 20.8
-1683.5 -6714.1 21.5
-1731.0 -6709.4 22.2
-1618.8 -6700.8 19.2
-1652.0 -6700.3 20.3
-1669.7 -6700.1 20.8
-1681.0 -6702.8 21.2
-1693.4 -6703.5 21.7
-1609.4 -6694.2 18.8
-1691.1 -6680.8 21.2
-1698.8 -6672.1 21.4
-1712.3 -6671.4 21.8
-1752.4 -6669.8 22.9
-1699.0 -6659.8 21.2
-1709.6 -6658.8 21.5
-1759.1 -6659.7 23.0
-1691.1 -6651.9 20.8
-1712.7 -6651.8 21.5
-1762.5 -6652.9 23.2
-1690.4 -6637.9 20.5
-1700.7 -6641.0 20.9
-1734.6 -6643.0 22.1
-1614.3 -6630.8 18.1
-1622.9 -6629.6 18.3
-1631.3 -6633.5 18.5
-1693.0 -6630.1 20.5
-1713.6 -6631.1 21.2
-1702.6 -6618.1 20.6
-1709.7 -6620.0 20.9
-1728.5 -6611.2 21.4
-1789.1 -6610.8 23.4
-1691.4 -6601.1 20.4
-1701.5 -6600.7 20.7
-1711.8 -6601.4 21.0
-1719.9 -6599.7 21.2
-1729.2 -6598.5 21.5
-1752.0 -6599.9 22.1
-1688.8 -6589.9 20.5
-1699.4 -6593.5 20.7
-1721.3 -6591.0 21.3
-1702.7 -6582.6 20.8
-1709.9 -6578.1 20.9
-1720.9 -6579.1 21.3
-1734.4 -6583.9 21.7
-1754.6 -6584.4 22.3
-1728.8 -6572.1 21.4
-1739.4 -6570.6 21.6
-1370.4 -7162.2 18.9
-1367.7 -7155.2 18.8
-1390.6 -7041.5 17.3
-1388.8 -7023.4 17.1
-1392.1 -7015.9 17.1
-1404.0 -6973.7 17.3
-1419.0 -6960.0 17.5
-1411.5 -6955.6 17.6
-1442.5 -6951.9 17.6
-1449.2 -6956.1 17.6
-1411.5 -6944.7 17.8
-1419.0 -6940.2 17.8
-1432.3 -6941.4 17.8
-1439.5 -6942.0 17.8
-1450.0 -6944.5 17.7
-1429.0 -6932.2 18.0
-1449.8 -6930.1 17.6
-1421.4 -6922.2 17.9
-1432.1 -6920.4 17.8
-1443.0 -6924.2 17.7
-1474.0 -6926.1 17.7
-1420.4 -6915.1 17.9
-1429.9 -6911.3 17.8
-1439.3 -6914.1 17.7
-1457.7 -6896.4 17.7
-1450.1 -6881.3 17.8
-1443.2 -6873.2 17.7
-1453.9 -6874.8 17.8
-1460.9 -6871.5 17.9
-1447.5 -6864.3 17.6
-1451.2 -6854.0 17.6
-1457.6 -6841.7 17.5
-1487.3 -7360.5 19.6
-1477.2 -7346.5 19.4
-1485.5 -7350.5 19.5
-1465.1 -7342.6 19.2
-1471.4 -7339.3 19.2
-1367.4 -7426.8 18.4
-1439.3 -7401.9 19.4
-1450.7 -7392.7 19.5
-1457.4 -7394.3 19.6
-1357.3 -7457.4 18.3
-1355.2 -7507.2 18.8
-1373.6 -7505.7 19.0
-1385.3 -7596.4 19.4
-1447.0 -7581.6 20.7
-1390.4 -7903.1 23.4
-1401.2 -7898.9 24.0
-1376.7 -7893.1 23.5
-1492.4 -7993.0 21.8
-1489.1 -7982.3 22.1
-1487.8 -7968.2 22.3
-1569.0 -8074.2 19.3
-1333.9 -8322.2 16.9
-1404.4 -8275.8 17.2
-1335.6 -8244.9 17.5
-1346.2 -8232.2 17.7
-1364.9 -8233.1 17.8
-1344.7 -8225.1 17.6
-1334.8 -8216.8 17.5
-1348.0 -8216.7 17.5
-1649.1 -8169.0 16.9
-1533.4 -8146.4 18.2
-1677.3 -8242.7 14.4
-1598.2 -8462.5 14.7
-1603.9 -8462.0 14.7
-1596.5 -8443.0 14.8
-1618.1 -8421.7 14.5
-1626.5 -8398.3 14.5
-1719.7 -8444.3 13.2
-1681.6 -8418.9 13.7
-1704.5 -8378.6 13.5
-1710.2 -8375.7 13.4
-1680.1 -8358.5 13.8
-1705.8 -8356.3 13.5
-1808.2 -8391.2 12.0
-1808.9 -8379.5 12.1
-1798.5 -8374.9 12.2
-1853.2 -8300.5 12.1
-1845.4 -8259.4 12.6
-1861.0 -8190.4 12.2
-1870.6 -8192.1 12.1
-1856.6 -8141.8 12.7
-1761.5 -7578.9 18.4
-1792.2 -7512.8 15.7
-1803.0 -7511.4 15.7
-1812.0 -7510.2 15.7
-1767.4 -7499.4 15.8
-1856.1 -7368.1 18.2
-1899.8 -7678.4 15.9
-1900.9 -7663.7 15.7
-1879.1 -6959.1 17.8
-1880.0 -6953.1 17.5
-1857.3 -6931.4 16.9
-1849.3 -6921.8 16.7
-1858.1 -6923.7 16.7
-1864.7 -6919.6 16.6
-1846.7 -6914.5 16.5
-1855.6 -6909.5 16.4
-1865.1 -6915.2 16.5
-1859.2 -6904.4 16.4
-1865.6 -6904.0 16.4
-1917.4 -6900.3 16.1
-1796.3 -6889.9 16.7
-1808.2 -6890.8 16.6
-1837.1 -6895.2 16.5
-1848.7 -6891.8 16.4
-1856.2 -6893.4 16.4
-1864.8 -6890.2 16.3
-1877.4 -6895.5 16.3
-1887.2 -6894.1 16.2
-1794.3 -6881.5 16.9
-1814.6 -6884.4 16.6
-1839.6 -6882.1 16.5
-1850.0 -6882.9 16.4
-1856.4 -6880.5 16.4
-1878.7 -6884.4 16.3
-1797.1 -6869.9 17.1
-1819.4 -6873.2 16.8
-1835.8 -6873.8 16.6
-1857.5 -6869.1 16.4
-1874.5 -6875.1 16.3
-1797.2 -6860.6 17.2
-1818.5 -6864.6 16.9
-1825.7 -6861.5 16.9
-1850.4 -6860.7 16.6
-1805.3 -6855.2 17.2
-1817.7 -6855.2 17.1
-1860.4 -6854.4 16.6
-1774.8 -6841.8 17.8
-1789.4 -6844.2 17.6
-1794.3 -6841.1 17.6
-1815.1 -6844.4 17.3
-1779.4 -6829.3 18.0
-1796.1 -6831.6 17.7
-1815.4 -6834.3 17.5
-1787.3 -6824.1 17.9
-1798.2 -6824.7 17.8
-1064.8 -7177.4 19.1
-1086.3 -7179.5 18.8
-1104.2 -7174.4 18.6
-1114.1 -7177.3 18.4
-1120.8 -7179.2 18.3
-1094.9 -7164.0 18.8
-1109.7 -7165.6 18.6
-1126.3 -7166.7 18.3
-1060.3 -7158.1 19.1
-1071.3 -7160.2 19.2
-1082.5 -7160.3 19.0
-1091.2 -7158.3 18.9
-1113.1 -7159.4 18.6
-1121.5 -7155.8 18.5
-1132.0 -7158.2 18.3
-1105.9 -7144.2 18.8
-1112.7 -7147.1 18.7
-1133.5 -7144.4 18.4
-1036.0 -7139.6 18.8
-1061.4 -7138.7 18.9
-1080.9 -7139.2 18.9
-1100.7 -7135.0 18.9
-1135.3 -7135.6 18.4
-1125.6 -7125.3 18.7
-1130.7 -7127.9 18.6
-1064.6 -7116.8 18.5
-1082.0 -7115.5 18.6
-1095.6 -7115.1 18.6
-1085.4 -7107.6 18.5
-1095.0 -7109.6 18.6
-1102.4 -7107.8 18.6
-1110.9 -7110.5 18.6
-1064.3 -7100.4 18.3
-1073.3 -7100.3 18.3
-1156.1 -7167.7 17.9
-1224.6 -7144.9 17.3
-1199.4 -7476.6 19.2
-1138.1 -7467.5 18.9
-1139.4 -7462.4 19.0
-1145.9 -7456.6 19.0
-1188.6 -7459.6 18.3
-1197.5 -7457.5 18.3
-1214.8 -7459.0 18.6
-1190.6 -7448.8 18.6
-1196.9 -7449.8 18.4
-1209.5 -7447.3 18.3
-1190.8 -7441.5 18.8
-1216.4 -7439.3 18.4
-1190.3 -7428.6 19.2
-1158.3 -7409.3 20.1
-1165.1 -7397.9 20.3
-1159.1 -7346.5 20.7
-1164.7 -7352.3 20.6
-1164.8 -7342.1 20.7
-1198.2 -7318.3 20.8
-1160.9 -7308.3 20.3
-1189.6 -7307.1 20.4
-1218.7 -7308.0 20.9
-1180.5 -7302.2 20.2
-1190.3 -7301.4 20.2
-1186.4 -7289.6 20.2
-1195.5 -7288.4 20.3
-1218.8 -7289.7 20.4
-1226.0 -7289.6 20.5
-1238.3 -7292.2 20.9
-1247.8 -7292.8 21.0
-1190.4 -7282.7 20.1
-1195.6 -7282.6 20.2
-1228.0 -7281.7 20.3
-1239.6 -7277.2 20.4
-1277.7 -7278.6 21.0
-1215.7 -7272.8 20.2
-4791.6 -5066.7 9.0
-4814.8 -5063.4 8.9
-4792.8 -5053.5 8.6
-4800.4 -5053.2 8.6
-4821.9 -5052.1 8.6
-4766.5 -5044.7 7.6
-4770.7 -5042.1 7.6
-4763.8 -5035.7 7.6
-4845.1 -5032.6 8.1
-4781.7 -5024.4 7.6
-4824.2 -5027.3 8.0
-4834.1 -5024.5 7.9
-4821.8 -5016.6 7.8
-4836.2 -5016.8 7.9
-4752.9 -5003.6 8.2
-4765.8 -5005.8 8.0
-4803.4 -4997.3 7.9
-4815.7 -4995.1 7.9
-4856.0 -4993.8 8.1
-4804.7 -4986.5 8.0
-4772.8 -4975.2 8.0
-4796.8 -4972.0 8.1
-4804.1 -4976.9 8.0
-4813.7 -4977.1 8.1
-4854.8 -4974.6 8.4
-4793.8 -4964.0 8.1
-4834.6 -4961.0 8.4
-4840.8 -4962.9 8.5
-4805.9 -4952.5 8.0
-4832.9 -4956.5 8.4
-4841.6 -4952.2 8.6
-4793.9 -4946.6 8.0
-4830.2 -4946.7 8.4
-4843.9 -4945.4 8.7
-4830.2 -4931.9 8.5
-4842.0 -4937.5 8.7
-4811.4 -4926.9 8.1
-4833.2 -4924.6 8.6
-4698.6 -4865.6 10.8
-4694.2 -4858.7 11.2
-4702.8 -4855.4 11.0
-4711.9 -4856.5 10.7
-4692.0 -4850.5 11.5
-4704.2 -4847.9 11.2
-4704.7 -4840.8 11.3
-4709.2 -4838.2 11.2
-4664.5 -4828.5 13.1
-4679.7 -4826.0 12.6
-4703.3 -4826.4 11.7
-4711.1 -4826.5 11.4
-4723.9 -4826.1 10.9
-4730.8 -4828.2 10.6
-4744.8 -4830.7 10.0
-4711.7 -4816.3 11.6
-4731.8 -4817.0 10.9
-4740.2 -4820.8 10.5
-4753.5 -4817.6 10.1
-4671.6 -4810.9 13.3
-4712.8 -4810.3 11.8
-4722.8 -4811.3 11.4
-4732.1 -4807.8 11.2
-4673.7 -4795.6 13.6
-4678.7 -4798.2 13.3
-4703.9 -4795.1 12.6
-4732.3 -4800.1 11.5
-4738.7 -4800.8 11.2
-4750.2 -4798.3 10.9
-4769.6 -4795.0 10.4
-4664.6 -4789.8 14.1
-4694.7 -4787.2 13.2
-4749.9 -4786.9 11.4
-4760.0 -4788.7 11.0
-4780.4 -4786.5 10.4
-4753.9 -4778.9 11.5
-4762.4 -4779.0 11.3
-4779.8 -4780.1 10.6
-4792.8 -4778.1 10.3
-4801.5 -4780.0 9.9
-4743.1 -4769.5 12.3
-4749.8 -4765.7 12.3
-4768.4 -4769.6 11.5
-4788.8 -4768.8 10.9
-4802.7 -4769.8 10.4
-4809.5 -4771.2 10.1
-4821.7 -4769.0 9.8
-4801.6 -4758.5 11.0
-4812.5 -4761.0 10.5
-4753.8 -4750.6 13.0
-4799.1 -4751.2 11.5
-4809.0 -4747.8 11.4
-4754.1 -4739.4 13.6
-4759.4 -4737.0 13.6
-4782.8 -4737.4 12.8
-4792.1 -4735.1 12.6
-4803.6 -4725.0 12.8
-4782.7 -4718.6 13.9
-4814.7 -4715.1 13.0
-4879.7 -4720.2 10.2
-4788.3 -4707.6 14.3
-4818.3 -4706.5 13.2
-4798.4 -4696.0 14.5
-4814.3 -4695.6 13.9
-4804.3 -4689.5 14.6
-4811.5 -4689.3 14.4
-4831.6 -4689.4 13.6
-4931.7 -4676.9 10.4
-4851.0 -4670.6 13.3
-4843.3 -4656.9 13.9
-4849.1 -4657.7 13.7
-4890.2 -4628.6 14.4
-1351.3 -7669.1 18.9
-1357.3 -7670.3 19.1
-1339.3 -7659.2 18.6
-1362.0 -7660.9 19.3
-1331.8 -7609.9 18.5
-1337.5 -7588.6 18.5
-1339.4 -7583.3 18.4
-1337.2 -7573.4 18.3
-1286.4 -7543.8 17.5
-863.6 -7609.2 20.2
-872.8 -7609.9 20.2
-891.9 -7606.3 20.2
-879.4 -7598.5 20.2
-834.1 -7587.2 20.3
-844.6 -7588.6 20.3
-1002.6 -7748.4 19.8
-993.1 -7727.1 19.8
-993.1 -7715.2 19.8
-1001.6 -7707.2 19.8
-1015.8 -7698.4 19.8
-961.9 -7688.4 19.9
-979.6 -7687.1 19.9
-991.2 -7687.2 19.9
-1003.2 -7688.2 19.9
-954.2 -7676.7 20.0
-1010.3 -7678.4 19.9
-1020.2 -7678.7 19.8
-1033.3 -7674.8 19.8
-903.6 -7670.4 20.0
-1010.7 -7667.3 19.9
-1034.5 -7668.4 19.8
-1041.0 -7665.1 19.8
-941.2 -7660.6 20.0
-955.1 -7654.8 20.0
-971.2 -7659.3 20.0
-1023.6 -7658.3 19.9
-1046.1 -7659.3 19.8
-925.2 -7649.8 20.0
-970.4 -7649.3 20.0
-921.0 -7639.6 20.1
-935.6 -7640.0 20.0
-954.5 -7637.7 20.0
-963.3 -7637.9 20.0
-986.1 -7635.3 20.0
-993.6 -7636.9 20.0
-1035.0 -7640.2 19.9
-1094.6 -7635.9 19.4
-935.5 -7625.4 20.1
-945.0 -7626.7 20.1
-951.2 -7628.0 20.0
-959.8 -7625.8 20.0
-985.9 -7625.0 20.0
-991.5 -7627.3 20.0
-1040.3 -7625.5 19.9
-1053.6 -7624.4 19.8
-1082.8 -7624.6 19.5
-1093.0 -7627.0 19.4
-933.5 -7617.4 20.1
-941.7 -7618.8 20.1
-965.2 -7618.8 20.0
-972.5 -7614.7 20.0
-989.8 -7619.7 20.0
-1013.8 -7619.8 20.0
-1022.3 -7617.4 19.9
-1050.3 -7619.7 19.8
-1062.4 -7619.2 19.7
-1070.3 -7616.8 19.5
-935.4 -7605.8 20.1
-953.5 -7606.9 20.1
-973.0 -7606.2 20.0
-994.2 -7609.6 20.0
-1042.9 -7604.7 19.7
-1053.2 -7605.6 19.6
-1063.5 -7609.1 19.6
-1070.7 -7610.1 19.5
-954.7 -7600.5 20.1
-985.6 -7598.5 20.0
-991.6 -7599.1 20.0
-1034.9 -7595.5 19.8
-1041.0 -7595.1 19.7
-1055.7 -7596.4 19.5
-1060.8 -7596.9 19.5
-944.8 -7587.8 20.1
-960.0 -7584.5 20.1
-971.2 -7588.8 20.1
-979.6 -7584.6 20.1
-990.9 -7590.1 20.0
-1004.3 -7584.1 20.0
-1016.1 -7584.7 19.9
-1032.2 -7586.3 19.7
-1042.5 -7586.2 19.6
-952.1 -7579.8 20.1
-963.5 -7576.7 20.1
-1012.4 -7576.6 19.8
-1022.6 -7577.9 19.7
-1033.7 -7574.7 19.6
-983.3 -7568.7 20.1
-1001.9 -7564.9 19.9
-1011.7 -7570.1 19.8
-1030.3 -7566.0 19.6
-981.4 -7558.1 20.0
-1013.1 -7558.3 19.7
-1020.9 -7559.7 19.6
-1065.1 -7556.5 19.6
-965.2 -7549.6 20.1
-1015.0 -7545.8 19.6
-1034.9 -7544.6 19.6
-991.3 -7537.3 19.8
-1073.1 -7529.6 19.7
-963.4 -7516.5 19.9
-972.8 -7516.6 19.8
