-6652.1 -1806.5 36.7
-6622.3 -1799.8 37.2
-6630.9 -1795.8 37.1
-6653.0 -1798.4 36.7
-6659.6 -1801.2 36.6
-6669.5 -1798.6 36.4
-6688.3 -1795.8 36.0
-6639.7 -1790.4 37.0
-6672.2 -1791.6 36.3
-6681.1 -1785.7 36.2
-6687.1 -1790.5 36.0
-6651.3 -1777.6 36.9
-6662.5 -1777.3 36.6
-6678.3 -1777.3 36.3
-6689.4 -1782.3 36.0
-6700.1 -1780.6 35.8
-6639.1 -1766.4 37.1
-6652.0 -1766.1 36.9
-6667.2 -1770.7 36.6
-6710.0 -1770.3 35.7
-6717.9 -1766.5 35.5
-6648.6 -1761.8 37.0
-6666.8 -1758.7 36.6
-6688.9 -1762.1 36.2
-6711.2 -1757.0 35.7
-6716.9 -1757.2 35.6
-6730.8 -1759.2 35.3
-6641.7 -1749.5 37.2
-6647.4 -1750.8 37.1
-6662.4 -1752.2 36.8
-6671.7 -1749.3 36.6
-6692.9 -1747.7 36.2
-6712.6 -1751.9 35.7
-6652.3 -1735.7 37.0
-6668.7 -1739.2 36.7
-6692.9 -1740.1 36.2
-6699.2 -1741.8 36.1
-6719.0 -1738.4 35.7
-6658.4 -1731.6 37.0
-6669.7 -1726.6 36.8
-6698.7 -1728.5 36.2
-6650.8 -1718.1 37.1
-6687.2 -1720.4 36.4
-6733.0 -1719.4 35.5
-6650.6 -1710.5 37.2
-6812.1 -1754.6 33.7
-6781.0 -1746.3 34.3
-6787.6 -1748.1 34.2
-6772.1 -1737.8 34.6
-6789.9 -1739.0 34.2
-6809.1 -1738.3 33.8
-6771.3 -1726.5 34.7
-6800.7 -1727.7 34.0
-6805.8 -1727.8 33.9
-6777.9 -1717.3 34.6
-6785.9 -1717.7 34.4
-6777.8 -1705.2 34.6
-6788.0 -1704.1 34.4
-6807.0 -1702.9 34.1
-6768.2 -1693.6 34.9
-6807.6 -1694.7 34.1
-6761.8 -1687.6 35.1
-6771.1 -1683.6 34.9
-6771.5 -1675.7 34.9
-6792.0 -1678.0 34.5
-6777.9 -1665.5 34.9
-6800.7 -1667.8 34.4
-6699.8 -1655.4 36.5
-6740.5 -1614.7 35.9
-6926.7 -1960.9 32.3
-6904.3 -1951.5 32.0
-6905.7 -1945.5 31.8
-6914.5 -1945.4 31.8
-6870.0 -1930.8 31.5
-6909.1 -1937.3 31.5
-6918.6 -1936.2 31.5
-6854.7 -1923.6 31.8
-6879.0 -1920.9 31.3
-6896.2 -1925.9 31.2
-6919.0 -1921.6 31.1
-6869.7 -1914.8 31.6
-6878.8 -1914.5 31.4
-6886.0 -1914.1 31.2
-6898.7 -1910.7 31.0
-6917.1 -1912.5 30.8
-6859.3 -1901.4 31.8
-6870.5 -1901.6 31.6
-6877.6 -1904.7 31.4
-6885.2 -1901.1 31.3
-6857.5 -1891.9 31.9
-6889.5 -1891.5 31.3
-6897.7 -1895.3 31.1
-6855.7 -1874.7 32.1
-6870.3 -1872.1 31.8
-6905.9 -1859.7 31.1
-6913.5 -1860.6 30.9
-6894.3 -1852.6 31.4
-6907.1 -1855.3 31.1
-6918.5 -1853.3 30.9
-6517.6 -1773.5 39.0
-6507.5 -1765.9 39.2
-6528.7 -1766.6 38.9
-6507.4 -1756.2 39.3
-6517.0 -1734.4 39.2
-6537.0 -1737.3 38.9
-6507.2 -1729.7 39.4
-6527.0 -1727.6 39.1
-6514.9 -1717.8 39.3
-6507.7 -1708.3 39.5
-6518.2 -1705.9 39.3
-6522.9 -1707.7 39.2
-6536.6 -1704.8 39.0
-6516.1 -1697.0 39.4
-6515.3 -1688.8 39.4
-6513.3 -1678.6 39.5
-6534.7 -1674.4 39.2
-6506.4 -1667.8 39.7
-6536.6 -1669.3 39.2
-6546.1 -1669.3 39.0
-6518.8 -1657.5 39.5
-6527.9 -1654.9 39.4
-6539.0 -1654.6 39.2
-6525.5 -1643.4 39.5
-6539.5 -1643.2 39.2
-6516.3 -1637.0 39.6
-6528.8 -1639.5 39.4
-6537.6 -1639.3 39.3
-6519.3 -1627.9 39.6
-6427.2 -1583.5 41.3
-6439.7 -1502.5 40.4
-6862.8 -1771.7 32.5
-6861.3 -1762.0 32.6
-6941.9 -1777.2 31.1
-6916.2 -1313.6 37.0
-6921.4 -1314.6 37.0
-6896.9 -1304.3 37.3
-6861.9 -1289.9 37.6
-6825.1 -1273.9 37.6
-6851.7 -1274.3 37.9
-6937.0 -1269.9 37.8
-6833.2 -1260.1 38.1
-6853.7 -1263.9 38.2
-6860.5 -1265.7 38.2
-6933.1 -1262.7 38.1
-6833.6 -1254.7 38.2
-6867.1 -1250.4 38.7
-6902.5 -1250.2 38.9
-6926.9 -1253.8 38.5
-6935.4 -1253.8 38.2
-6860.7 -1245.8 38.8
-6884.4 -1243.7 39.1
-6910.9 -1243.0 39.0
-6834.8 -1231.9 38.8
-6884.1 -1233.1 39.4
-6906.7 -1235.7 39.3
-6916.4 -1230.9 39.3
-6933.4 -1233.7 38.7
-6863.9 -1219.3 39.5
-6885.5 -1223.6 39.7
-6921.9 -1219.9 39.4
-6931.1 -1224.3 39.0
-6865.4 -1212.3 39.7
-6877.1 -1214.3 39.8
-6884.9 -1214.1 39.9
-6905.5 -1213.0 39.9
-6914.7 -1214.2 39.7
-6840.6 -1203.6 39.6
-6881.6 -1202.6 40.2
-6903.4 -1202.0 40.2
-6911.6 -1202.1 40.1
-6920.9 -1201.9 39.8
-6863.3 -1194.9 40.1
-6872.6 -1191.0 40.4
-6886.5 -1193.8 40.5
-6902.9 -1194.0 40.5
-6925.8 -1193.2 39.8
-6862.4 -1181.6 40.5
-6874.3 -1179.6 40.7
-6891.8 -1184.6 40.8
-6906.4 -1182.5 40.7
-6925.2 -1185.1 40.0
-6876.9 -1171.0 40.9
-6896.5 -1171.7 41.1
-6841.3 -1161.9 40.7
-6861.1 -1154.2 41.0
-6843.8 -1142.5 40.8
-6853.3 -1141.8 40.9
-6215.5 -1602.5 44.5
-6194.9 -1593.0 44.8
-6213.1 -1596.0 44.6
-6225.3 -1590.6 44.4
-6245.9 -1589.6 44.1
-6191.6 -1580.6 44.8
-6203.1 -1582.8 44.7
-6225.6 -1582.3 44.3
-6232.4 -1583.2 44.3
-6240.5 -1582.2 44.1
-6224.3 -1574.1 44.3
-6233.5 -1573.5 44.2
-6259.9 -1691.8 43.5
-6273.8 -1691.7 43.2
-6292.4 -1690.1 43.0
-6219.0 -1680.0 44.2
-6231.3 -1683.4 44.0
-6254.3 -1685.5 43.6
-6269.0 -1684.0 43.4
-6253.0 -1675.6 43.6
-6242.5 -1664.9 43.9
-6263.7 -1663.6 43.5
-6273.5 -1660.8 43.4
-6234.5 -1654.1 44.0
-6239.1 -1652.4 44.0
-6251.7 -1652.0 43.8
-6259.4 -1653.5 43.6
-6269.6 -1656.0 43.5
-6199.6 -1643.8 44.6
-6224.7 -1644.7 44.2
-6253.5 -1646.0 43.8
-6263.7 -1642.8 43.6
-6192.6 -1632.0 44.8
-6209.2 -1636.0 44.5
-6264.4 -1632.6 43.6
-6274.2 -1631.1 43.5
-6234.7 -1623.7 44.2
-6263.9 -1623.2 43.7
-6230.4 -1615.9 44.2
-6834.6 -1712.9 33.4
-6839.6 -1701.5 33.4
-6860.6 -1660.1 32.4
-6879.8 -1661.4 32.1
-6814.9 -1651.4 34.1
-6825.1 -1655.8 33.7
-6840.8 -1650.2 33.1
-6864.2 -1655.6 32.2
-6901.0 -1653.0 32.2
-6833.2 -1644.5 33.3
-6843.6 -1644.0 32.9
-6914.9 -1645.9 32.4
-6803.0 -1630.0 34.4
-6913.9 -1604.0 32.9
