1919.3 6592.6 12.8
1916.6 6600.0 12.6
1939.2 6618.5 12.6
1927.3 6624.2 12.4
1974.3 6634.6 12.8
1944.5 6632.2 12.5
1979.2 6644.2 12.7
1959.1 6642.9 12.5
1949.4 6638.9 12.4
1918.6 6661.4 12.2
1919.9 6674.5 12.4
1917.0 6702.8 12.6
1958.6 6713.6 12.3
1351.2 5800.4 14.6
1354.6 5805.2 14.2
1341.4 5809.2 14.1
1325.1 5808.6 14.4
1312.3 5809.7 14.5
1351.8 5816.5 13.5
1332.8 5818.5 13.6
1301.8 5814.4 14.3
1382.2 5830.2 12.2
1332.5 5830.4 12.8
1319.6 5826.0 13.3
1315.0 5828.1 13.2
1280.1 5829.0 13.6
1274.6 5828.9 13.7
1259.8 5828.8 13.9
1242.6 5828.7 14.1
1371.7 5839.8 11.7
1335.2 5840.6 12.1
1313.1 5837.6 12.6
1295.2 5837.4 12.9
1232.2 5836.0 13.8
1369.6 5850.3 11.0
1355.1 5844.7 11.6
1315.2 5845.7 12.1
1304.2 5845.7 12.2
1293.8 5850.2 12.0
1284.2 5846.0 12.4
1273.3 5847.3 12.5
1261.0 5850.3 12.5
1251.8 5849.9 12.6
1312.9 5855.2 11.5
1305.3 5856.8 11.5
1272.4 5858.8 11.8
1264.6 5858.9 11.9
1255.1 5855.5 12.2
1361.9 5870.5 10.1
1272.8 5868.4 11.9
1259.1 5865.2 12.1
1255.1 5868.7 12.2
1149.3 5864.3 14.3
1144.9 5866.8 14.4
1140.0 5874.7 14.6
1115.1 5889.1 15.2
1119.0 5897.5 15.2
1111.6 5898.4 15.2
1109.0 5909.1 15.2
1109.8 5915.9 15.2
1414.1 5937.0 10.9
1119.3 5940.0 15.0
1414.8 5947.9 11.3
1161.5 5947.6 14.7
1152.1 5948.4 14.8
1139.4 5945.3 14.9
1130.9 5944.7 15.0
1422.7 5959.6 11.6
1151.8 5960.2 14.8
1419.6 5964.0 11.8
1124.8 5965.7 14.9
1419.8 5974.9 12.2
1162.9 5976.4 14.7
1154.3 5979.3 14.7
1132.0 5976.9 14.9
1422.4 5989.4 12.7
1409.6 5989.6 12.9
1154.4 5990.5 14.7
1151.7 6006.4 14.7
1139.3 6007.6 14.7
1443.5 6020.2 12.2
1434.7 6014.5 12.4
1423.8 6020.3 12.5
1142.8 6020.0 14.7
1430.0 6025.5 12.3
1423.7 6025.4 12.4
1409.8 6024.6 12.7
1331.3 6029.7 13.5
1272.0 6029.8 13.6
1151.1 6024.3 14.6
1445.4 6035.8 12.1
1428.9 6035.2 12.2
1421.4 6035.8 12.3
1414.4 6039.9 12.3
1390.5 6038.4 12.7
1363.3 6037.1 13.2
1345.4 6039.5 13.2
1331.3 6037.6 13.3
1302.8 6034.9 13.3
1283.6 6034.6 13.4
1271.9 6038.3 13.5
1263.6 6034.2 13.6
1250.1 6040.5 13.6
1239.9 6039.3 13.7
1211.2 6037.4 14.1
1201.5 6040.0 14.3
1191.1 6040.5 14.4
1165.3 6040.4 14.7
1149.4 6037.3 14.7
1454.3 6048.4 12.4
1409.0 6049.9 12.2
1400.3 6044.0 12.5
1362.9 6049.4 12.9
1352.1 6048.8 12.9
1340.3 6050.2 12.9
1330.3 6046.4 13.0
1322.6 6046.1 13.0
1305.0 6048.9 13.1
1294.0 6048.3 13.2
1281.4 6046.5 13.3
1271.2 6044.0 13.4
1252.7 6049.4 13.7
1240.8 6047.6 13.8
1214.7 6048.3 14.3
1194.1 6050.3 14.6
1181.7 6045.3 14.6
1161.1 6044.2 14.7
1472.0 6059.7 12.7
1463.5 6060.0 12.6
1449.4 6054.0 12.4
1439.6 6055.6 12.4
1395.1 6055.1 12.4
1384.0 6057.0 12.5
1362.5 6054.7 12.7
1352.4 6059.5 12.6
1331.8 6059.6 12.8
1321.7 6059.6 13.0
1282.5 6056.7 13.4
1275.1 6060.3 13.6
1234.2 6055.8 14.2
1209.6 6058.8 14.6
1202.3 6058.0 14.6
1184.8 6058.8 14.7
1171.6 6060.3 14.8
1162.1 6059.7 14.8
1444.3 6069.2 12.7
1433.8 6064.7 12.5
1425.2 6068.6 12.5
1410.0 6065.9 12.4
1391.8 6068.8 12.3
1373.5 6070.2 12.4
1350.9 6069.0 12.7
1295.2 6068.1 13.5
1243.4 6067.1 14.4
1231.8 6068.4 14.5
1219.5 6067.9 14.6
1171.4 6068.3 14.9
1473.3 6077.6 13.0
1431.0 6075.7 12.7
1374.5 6077.4 12.6
1363.0 6078.1 12.7
1342.8 6075.8 13.0
1329.9 6078.0 13.2
1324.8 6079.0 13.3
1312.3 6076.9 13.4
1299.4 6076.7 13.6
1264.4 6078.6 14.3
1249.7 6079.4 14.5
1234.4 6079.9 14.7
1221.1 6077.4 14.7
1181.2 6076.4 14.9
1173.5 6077.6 14.9
1484.1 6085.4 13.2
1474.0 6087.3 13.2
1464.9 6089.4 13.1
1440.7 6085.3 12.9
1393.6 6090.4 12.6
1384.0 6088.0 12.6
1361.5 6085.9 12.9
1355.3 6084.1 13.0
1345.4 6087.7 13.2
1321.4 6084.3 13.4
1312.4 6086.7 13.6
1304.3 6087.3 13.8
1294.4 6088.7 14.0
1269.6 6088.1 14.5
1264.5 6089.2 14.6
1253.4 6090.4 14.7
1229.6 6087.8 14.8
1219.9 6087.8 14.8
1214.2 6084.5 14.8
1203.6 6089.1 14.9
1169.3 6087.6 15.0
1481.3 6096.6 13.3
1444.0 6097.5 13.0
1371.2 6094.3 12.9
1310.8 6096.1 13.9
1291.0 6096.2 14.4
1278.9 6095.5 14.5
1250.9 6098.9 14.8
1243.1 6098.7 14.8
1222.5 6096.5 14.9
1190.2 6096.4 15.0
1461.2 6109.2 13.2
1444.9 6106.3 13.0
1391.9 6105.4 12.9
1362.7 6108.7 13.3
1340.8 6105.2 13.6
1331.2 6109.0 14.0
1319.3 6106.3 14.1
1309.1 6106.1 14.3
1303.1 6107.0 14.5
1291.8 6108.0 14.6
1279.3 6104.0 14.7
1200.6 6107.8 15.1
1474.2 6120.5 13.4
1399.5 6115.4 13.0
1334.7 6119.0 14.2
1314.8 6116.3 14.5
1303.9 6120.4 14.7
1269.5 6116.6 14.8
1240.9 6117.4 15.0
1231.6 6117.9 15.0
1224.5 6114.1 15.0
1213.4 6120.4 15.1
1199.9 6115.9 15.1
1185.2 6114.7 15.2
1470.9 6129.7 13.4
1464.1 6129.7 13.3
1452.9 6125.6 13.2
1419.6 6130.5 13.0
1409.0 6125.0 13.0
1371.3 6129.4 13.8
1359.0 6125.2 13.9
1352.9 6128.6 14.2
1342.9 6127.9 14.4
1334.1 6125.2 14.5
1293.7 6128.1 14.8
1261.0 6125.6 15.0
1249.5 6126.9 15.0
1240.5 6127.2 15.1
1232.0 6125.8 15.1
1218.9 6126.0 15.1
1200.2 6124.1 15.2
1191.8 6128.9 15.3
1472.6 6138.1 13.6
1415.0 6139.3 13.2
1384.6 6139.0 13.9
1370.2 6135.0 14.0
1363.0 6139.4 14.3
1351.0 6134.2 14.4
1312.4 6134.3 14.8
1270.4 6139.6 15.0
1262.9 6136.3 15.0
1241.7 6136.5 15.1
1233.0 6137.9 15.2
1480.5 6146.3 13.9
1415.3 6147.8 13.5
1381.1 6150.3 14.3
1332.3 6147.7 14.8
1311.7 6144.2 14.9
1302.2 6148.4 15.0
1224.5 6150.4 15.3
1202.6 6148.0 15.4
1194.2 6144.9 15.4
1484.2 6156.4 14.2
1449.4 6154.3 13.6
1441.8 6159.5 13.7
1424.7 6159.7 13.7
1341.6 6160.0 14.9
1329.7 6160.1 14.9
1310.7 6154.2 15.0
1292.2 6158.7 15.1
1239.5 6154.7 15.3
1231.6 6158.7 15.4
1211.4 6154.6 15.4
1199.7 6156.3 15.5
1490.2 6164.8 14.5
1398.8 6170.3 14.6
1362.4 6166.7 14.9
1352.8 6167.8 14.9
1321.9 6169.4 15.1
1309.1 6166.2 15.1
1299.7 6168.6 15.1
1291.4 6165.4 15.2
1252.3 6167.1 15.3
1239.4 6165.1 15.4
1233.8 6167.6 15.4
1221.9 6168.7 15.5
1491.7 6179.1 14.9
1463.2 6179.9 14.6
1429.8 6177.7 14.3
1422.0 6175.8 14.3
1409.7 6178.0 14.7
1404.6 6175.2 14.7
1320.4 6178.2 15.1
1314.1 6175.8 15.1
1301.3 6177.6 15.2
1260.6 6174.8 15.4
1240.5 6180.5 15.5
1229.2 6180.1 15.5
1480.7 6184.9 15.0
1470.1 6189.0 14.9
1463.7 6188.9 14.8
1454.3 6185.0 14.6
1414.9 6185.4 14.8
1365.4 6189.1 15.0
1352.1 6188.1 15.1
1300.3 6188.1 15.3
1259.4 6184.9 15.5
1253.9 6187.4 15.5
1233.9 6188.3 15.6
1453.9 6195.7 14.9
1392.2 6200.3 15.0
1384.7 6198.3 15.0
1369.2 6198.0 15.1
1360.2 6196.9 15.1
1333.7 6198.4 15.3
1314.5 6200.0 15.3
1300.9 6200.1 15.4
1283.0 6194.7 15.4
1250.9 6198.2 15.6
1243.6 6194.0 15.6
1220.5 6195.0 15.7
1452.9 6207.6 15.4
1443.1 6204.9 15.0
1393.7 6207.7 15.1
1380.2 6204.7 15.1
1359.8 6208.7 15.2
1333.2 6205.9 15.3
1325.1 6204.4 15.3
1302.2 6210.5 15.5
1282.9 6207.4 15.5
1273.0 6205.5 15.6
1259.1 6208.5 15.6
1380.0 6219.2 15.2
1352.9 6219.2 15.3
1340.5 6219.1 15.4
1324.7 6218.5 15.5
1303.9 6216.5 15.5
1294.5 6220.5 15.6
1284.2 6214.6 15.6
1263.7 6218.2 15.7
1429.1 6227.0 15.5
1413.3 6226.8 15.3
1379.3 6227.4 15.3
1364.6 6228.1 15.4
1332.6 6226.6 15.5
1274.7 6225.7 15.7
1262.9 6225.3 15.8
1480.5 6237.1 16.2
1461.0 6237.5 15.9
1449.2 6239.0 16.0
1444.4 6236.7 15.9
1403.2 6235.1 15.5
1393.6 6239.8 15.5
1372.4 6233.9 15.4
1334.3 6234.7 15.5
1322.8 6239.9 15.6
1311.6 6236.9 15.7
1304.6 6236.7 15.7
1293.8 6238.7 15.8
1253.2 6235.4 15.9
1501.1 6248.9 16.5
1493.8 6248.9 16.2
1373.1 6246.1 15.5
1364.0 6250.0 15.5
1354.4 6248.9 15.6
1319.5 6244.2 15.7
1290.0 6248.7 15.8
1279.3 6246.7 15.9
1263.3 6244.2 15.9
1519.2 6256.8 16.8
1513.2 6259.8 16.5
1490.7 6260.1 16.4
1322.7 6257.3 15.8
1314.3 6255.3 15.8
1301.1 6260.5 15.9
1284.1 6254.9 15.9
1503.1 6264.1 16.4
1490.5 6270.0 16.5
1474.8 6264.4 16.4
1372.3 6267.8 16.2
1360.0 6269.2 16.1
1341.1 6269.3 15.9
1331.3 6265.3 15.8
1322.8 6267.3 15.9
1501.7 6279.4 16.7
1490.9 6278.3 16.6
1463.3 6278.3 16.6
1360.2 6275.7 16.3
1309.1 6277.9 16.0
1523.0 6290.4 16.9
1484.7 6286.8 16.8
1470.9 6286.2 16.7
1463.0 6284.7 16.7
1370.5 6289.5 16.6
1362.7 6287.3 16.5
1353.6 6283.9 16.5
1345.1 6290.1 16.5
1332.5 6290.5 16.4
1529.6 6295.5 17.0
1521.4 6299.0 17.0
1468.9 6299.0 16.9
1461.0 6295.2 16.8
1353.8 6298.1 16.7
1343.7 6296.3 16.6
1352.2 6308.6 16.8
1400.3 6320.3 17.1
1381.2 6319.0 17.1
1543.4 6327.1 17.5
1402.6 6324.3 17.2
1399.1 6340.0 17.4
1389.8 6336.7 17.3
1549.0 6345.8 17.5
1403.3 6345.4 17.5
1405.0 6359.6 17.7
1555.1 6367.9 16.9
1555.2 6376.8 16.7
1473.1 6378.9 17.3
1551.4 6388.4 16.4
1543.2 6385.2 16.6
1522.8 6395.4 16.5
1493.4 6397.4 16.7
1484.6 6395.7 16.8
-490.3 514.9 19.8
-539.4 540.8 19.4
-1506.0 194.0 21.3
-1506.3 222.5 20.8
-1177.5 282.6 21.4
-1205.1 281.4 21.5
-1213.0 281.4 21.5
-1140.1 173.7 23.5
-1136.6 187.8 23.6
-1134.8 158.3 23.5
-366.7 165.5 20.1
-385.3 165.7 20.1
-367.8 210.3 19.2
-345.2 221.4 19.0
-370.0 225.1 19.3
-339.6 243.4 19.0
-346.4 245.1 19.0
-425.8 241.4 19.3
-308.1 252.0 18.7
-335.1 251.5 18.9
-344.7 254.2 18.9
-366.9 252.9 19.0
-318.5 266.0 19.0
-328.9 261.8 19.0
-335.7 261.8 19.0
-377.1 261.4 19.3
-320.1 272.4 19.3
-324.6 271.5 19.3
-386.0 273.4 19.8
-398.0 276.1 20.0
-405.8 273.0 19.9
-390.8 279.8 20.0
-397.7 281.2 20.1
-370.1 294.1 20.3
-386.2 291.0 20.4
-358.8 304.9 20.5
-430.8 349.9 21.3
-1180.4 185.4 23.1
-1187.8 184.9 23.0
-1198.7 179.2 23.0
-1172.6 193.0 23.2
-1178.7 190.6 23.1
-1198.3 201.3 23.0
-1218.0 211.3 22.8
-1321.7 202.6 22.0
-1329.0 200.0 22.0
-1331.0 213.0 21.7
-1324.0 224.5 21.5
-1320.2 259.8 20.7
-1366.5 -522.3 19.4
-1371.1 -524.1 19.3
-1384.1 -524.7 19.1
-1394.1 -527.1 19.0
-1341.5 -515.5 19.8
-1363.7 -516.5 19.5
-1299.5 539.7 20.6
-1297.5 546.1 20.5
-1288.8 556.5 20.4
-1296.2 559.7 20.4
-1288.9 567.8 20.5
-1294.4 571.2 20.6
-1285.5 578.7 20.6
-1245.6 596.5 20.5
-1266.9 619.6 20.7
-1344.3 640.8 21.3
-1256.9 646.2 20.5
-1334.0 649.6 21.1
-1319.8 656.5 21.0
-1237.5 667.9 20.3
-1201.8 -510.6 19.4
-1234.8 -510.7 19.7
-1244.4 -513.0 19.8
-1178.1 -504.9 19.2
-1192.3 -500.9 19.3
-1226.2 -500.1 19.7
-1236.2 -505.7 19.7
-1245.9 -503.3 19.8
-1137.3 -492.4 18.7
-1155.3 -491.1 19.0
-1203.5 -491.3 19.5
-1283.5 -495.7 20.2
-1167.2 -482.7 19.1
-1173.3 -482.3 19.2
-1208.3 -479.9 19.6
-1225.9 -471.8 19.8
-1172.0 -459.7 19.3
-663.1 -775.9 20.6
-615.9 -767.3 21.8
-634.8 -767.3 21.3
-654.3 -770.8 20.8
-253.3 -159.2 19.4
-265.6 -161.0 19.3
-224.5 -147.7 19.6
-237.3 -149.0 19.7
-256.4 -150.1 19.4
-264.4 -147.3 19.4
-225.0 -141.9 19.8
-232.3 -137.9 19.8
-247.2 -143.0 19.6
-255.4 -137.5 19.5
-264.5 -137.0 19.4
-218.2 -127.2 19.9
-223.1 -132.6 19.9
-233.7 -132.8 19.8
-255.4 -127.0 19.6
-211.9 -123.0 20.0
-262.3 -111.5 19.8
-272.6 -113.0 19.7
-264.6 -99.1 20.0
-277.7 -101.6 19.9
-257.8 -90.4 20.1
-358.3 -90.5 19.9
-365.0 -92.6 19.9
-253.7 -80.8 20.3
-346.5 -80.6 20.1
-354.5 -80.7 20.1
-274.9 -72.4 20.3
-286.8 -72.8 20.3
-314.6 -67.1 20.3
-326.0 -69.1 20.3
-354.6 -67.4 20.3
-253.1 -61.7 20.5
-266.2 -58.0 20.6
-277.2 -60.6 20.5
-283.7 -62.9 20.5
-308.4 -63.2 20.4
-313.7 -58.3 20.5
-227.5 -53.5 20.7
-232.3 -49.4 20.8
-245.2 -52.2 20.7
-256.3 -53.4 20.6
-262.9 -53.3 20.6
-302.3 -51.4 20.6
2231.5 6468.9 18.7
2076.6 6470.4 17.0
2065.6 6469.9 17.0
2061.8 6470.1 16.9
2229.9 6476.2 18.5
2239.7 6489.8 18.5
2227.2 6494.9 18.3
2046.6 6498.3 16.2
2246.3 6510.1 18.3
2239.7 6509.5 18.2
2228.5 6510.3 18.1
2241.3 6520.3 18.1
2048.0 6520.4 15.4
2240.3 6528.2 17.9
2230.5 6527.7 17.8
2218.7 6539.8 17.5
2206.3 6547.1 17.2
2201.8 6545.9 17.2
2166.6 6551.1 16.6
2086.3 6548.6 15.6
2166.3 6555.3 16.6
2160.0 6554.6 16.5
2091.2 6554.9 15.6
2080.9 6560.6 15.4
2086.5 6570.1 15.3
-280.9 -163.0 19.1
-283.4 -155.2 19.1
-278.1 -148.0 19.2
-341.8 -118.8 19.5
-298.2 -103.2 19.8
-317.9 -95.1 19.9
-1234.1 523.9 20.6
2195.5 6325.0 19.8
2185.0 6329.0 19.7
2165.3 6328.1 19.5
2209.8 6334.5 19.8
2194.0 6334.4 19.7
2182.2 6336.6 19.6
2159.7 6338.6 19.4
2145.5 6337.2 19.3
2182.5 6346.4 19.5
2135.3 6344.6 19.1
2119.6 6345.3 19.0
2112.5 6348.1 18.9
2101.8 6349.1 18.8
2181.9 6358.6 19.2
2114.4 6355.1 18.8
2194.4 6365.6 19.1
2185.0 6367.2 19.0
2135.9 6368.4 18.7
2112.4 6366.4 18.5
2105.8 6369.7 18.4
2045.0 6367.1 18.1
2204.3 6376.0 19.1
2193.7 6377.7 19.0
2175.1 6379.3 18.9
2165.6 6377.4 18.8
2152.0 6380.1 18.7
2144.9 6377.8 18.7
2135.1 6378.6 18.6
2109.6 6377.1 18.4
2056.1 6377.0 18.0
2044.2 6375.7 18.0
2022.8 6376.7 17.8
2016.1 6375.2 17.8
2200.6 6390.2 19.0
2160.5 6387.2 18.7
2155.2 6387.7 18.7
2130.0 6387.0 18.5
2121.8 6387.0 18.5
2055.8 6385.9 18.0
2030.4 6389.6 17.8
1999.9 6390.2 17.6
1981.3 6389.5 17.4
2201.1 6394.6 19.0
2193.8 6400.0 18.9
2151.3 6394.4 18.6
2033.1 6394.4 17.8
2004.8 6398.5 17.6
1973.1 6395.3 17.3
1960.0 6397.2 17.2
1954.3 6398.6 17.2
2210.5 6409.9 19.0
2169.6 6404.1 18.7
2160.8 6405.1 18.7
2123.2 6405.6 18.4
2113.5 6409.1 18.3
2051.9 6404.7 17.9
2044.5 6406.9 17.8
2023.1 6406.6 17.7
2015.5 6405.2 17.6
1961.3 6409.8 17.2
1953.6 6409.8 17.1
2202.3 6416.5 18.9
2083.2 6416.0 18.0
2073.1 6414.2 17.9
2062.3 6415.3 17.8
2039.9 6417.4 17.6
2019.9 6414.6 17.5
2014.8 6417.7 17.4
2005.0 6414.7 17.4
1994.1 6419.9 17.3
1975.7 6419.1 17.1
1955.2 6419.8 17.0
1940.0 6415.8 16.9
2213.6 6430.1 18.9
2201.2 6425.1 18.8
2025.2 6428.7 17.3
1996.1 6427.4 17.1
1961.2 6428.7 16.9
2230.4 6434.7 19.0
2222.4 6439.2 18.9
2025.2 6434.3 17.3
2012.3 6437.5 17.2
2003.7 6435.6 17.1
1980.4 6437.2 16.9
1961.2 6435.5 16.7
1908.5 6312.2 18.0
1920.6 6324.7 18.1
1910.0 6325.6 18.0
1898.3 6322.7 17.9
1921.2 6332.8 18.0
1911.7 6347.7 17.6
1928.7 6354.3 17.5
1911.5 6354.1 17.4
1900.6 6362.4 17.1
1891.5 6363.9 17.0
1871.3 6364.2 16.9
2320.1 6521.7 18.7
2320.3 6531.1 18.7
2414.7 6542.3 18.4
2320.0 6540.9 18.8
2419.3 6553.4 18.4
2428.8 6559.8 18.3
2404.9 6560.3 18.4
2325.1 6562.7 18.9
2436.6 6569.2 18.3
2426.8 6569.6 18.3
2334.9 6568.9 18.9
2326.2 6570.2 19.0
2410.7 6582.5 18.5
2398.3 6583.3 18.6
2357.5 6580.9 18.9
2315.8 6579.3 18.9
2395.5 6590.3 18.7
2374.7 6591.3 18.8
2368.0 6591.5 18.8
2355.1 6589.5 18.8
2419.3 6597.5 18.6
2386.6 6602.7 18.5
2380.0 6603.3 18.4
2359.3 6601.6 18.3
2334.7 6601.2 18.1
2438.6 6611.1 18.5
2396.8 6612.9 18.1
2379.7 6609.3 18.1
2368.8 6610.8 18.0
2325.8 6611.7 17.6
2450.4 6620.8 18.2
2436.0 6617.9 18.2
2417.0 6623.5 17.8
2337.6 6622.3 17.2
2475.9 6629.7 18.0
2446.5 6627.7 17.9
2417.2 6629.2 17.6
2387.6 6629.8 17.3
2365.0 6633.3 17.0
2434.7 6638.6 17.3
2415.7 6638.2 17.2
2404.9 6639.7 17.0
2464.9 6647.8 17.2
2449.2 6653.8 16.8
2416.3 6650.2 16.7
2507.1 6370.5 18.5
2504.1 6377.4 18.6
2506.6 6389.5 18.5
2351.9 6388.2 19.0
2502.3 6398.9 18.5
2345.2 6397.7 19.0
2332.5 6398.8 19.0
2507.0 6408.6 18.4
2367.7 6410.3 19.0
2371.5 6420.0 18.9
2305.8 6417.3 19.2
2372.6 6431.5 18.8
2294.0 6427.1 19.1
2487.0 6440.7 18.4
2453.9 6440.8 18.5
2434.7 6435.2 18.5
2425.1 6436.9 18.6
2415.0 6436.3 18.6
2407.5 6439.1 18.6
2394.7 6435.5 18.7
2385.3 6439.8 18.7
2475.5 6449.9 18.4
2453.6 6447.3 18.5
2432.4 6445.7 18.5
2416.3 6450.1 18.6
2406.4 6445.6 18.6
2392.3 6446.1 18.7
2341.6 6450.5 18.8
2335.7 6449.9 18.8
2324.8 6450.3 18.9
2317.6 6451.7 18.9
2437.9 6459.4 18.5
2407.9 6458.5 18.6
2355.6 6458.5 18.7
2346.0 6459.4 18.8
2337.2 6457.6 18.8
2372.5 6465.2 18.7
2336.8 6468.9 18.8
2316.4 6468.0 18.8
2312.8 6479.9 18.8
2311.5 6486.4 18.8
-553.6 765.5 18.9
-548.0 774.8 18.6
-494.5 833.4 18.0
-522.4 836.3 17.8
-544.4 836.1 17.7
-505.9 843.8 18.1
-547.1 844.0 17.9
-508.8 858.3 18.4
-525.9 854.4 18.2
-556.9 856.3 18.1
-567.3 855.9 18.1
-508.5 866.7 18.6
-526.7 867.5 18.5
-538.8 868.1 18.5
-505.9 875.4 18.8
-534.7 873.1 18.6
-545.2 878.5 18.7
-556.3 877.4 18.6
-525.0 886.6 19.0
-524.6 895.7 19.2
-536.7 897.4 19.2
-446.3 907.7 20.2
-518.2 903.3 19.5
-526.5 903.6 19.5
-438.3 917.8 20.6
-448.5 917.1 20.5
-453.2 917.3 20.5
-464.2 918.9 20.3
-472.6 915.3 20.3
-435.4 927.8 20.4
-447.2 924.3 20.5
-455.6 924.4 20.4
-517.0 928.3 19.4
-522.5 923.8 19.4
-546.9 927.1 19.0
-484.1 935.1 19.8
-504.7 938.1 19.4
-537.2 935.7 19.0
-543.1 935.3 18.9
-427.2 948.3 19.5
-447.3 944.0 19.8
-493.7 946.4 19.4
-452.5 957.8 19.2
-486.2 955.6 19.4
-494.3 958.5 19.2
-436.4 965.9 18.9
-444.2 968.2 18.8
-406.8 978.8 18.8
-404.4 988.0 18.6
-417.5 985.4 18.6
-427.9 989.3 18.5
-413.4 998.8 18.6
-406.6 1003.8 18.6
-418.2 1006.0 18.5
-428.6 1003.6 18.4
-394.4 1014.8 18.7
-404.5 1016.4 18.7
-427.7 1018.5 18.5
-434.2 1017.6 18.4
-457.0 1014.8 18.2
-468.4 1017.9 18.1
-397.6 1025.8 18.8
-423.1 1024.7 18.6
-433.0 1025.9 18.6
-457.3 1023.5 18.3
-465.8 1028.2 18.4
-388.4 1033.6 19.1
-395.8 1036.4 19.1
-446.3 1037.2 18.8
-458.0 1032.8 18.6
-477.6 1033.1 18.4
-482.8 1036.2 18.3
-508.9 1036.3 17.9
-423.5 1043.6 19.1
-463.8 1044.1 18.6
-498.8 1048.8 18.0
-508.5 1046.3 17.8
-377.9 1058.9 19.8
-506.9 1053.7 17.8
-365.6 1065.7 19.8
-487.2 1064.1 18.0
-517.9 1062.9 17.5
-525.0 1067.4 17.4
-373.7 1075.7 19.5
-484.2 1075.2 18.0
-508.1 1077.2 17.6
-484.6 1084.3 17.8
-346.3 1113.7 19.1
-344.8 1138.5 18.9
-355.1 1136.2 19.1
-326.0 1167.3 18.0
-324.3 1173.4 17.8
-556.4 1205.2 16.8
-377.1 1218.4 18.1
-403.9 1216.6 17.9
-404.4 1223.4 17.9
-445.4 1235.5 17.7
-425.0 1248.0 17.8
-398.6 1255.7 17.8
-416.0 1253.0 17.8
-1049.4 -748.3 19.0
-1036.3 -706.8 19.0
-1055.6 -694.8 19.0
-1069.9 -699.1 19.1
-1028.2 -668.6 19.0
-1193.9 -201.1 20.4
-1201.9 -199.2 20.5
-1201.2 -194.3 20.5
-1214.6 -192.4 20.7
-1213.7 -182.6 20.7
-1224.4 -180.1 20.9
-1224.8 -168.6 20.9
-1259.2 -170.3 21.3
-1241.3 -143.7 21.2
-1254.4 -143.6 21.3
-1282.8 -102.2 21.6
-1039.9 -275.2 19.9
-1033.7 -254.8 20.2
-1043.9 -252.7 20.2
-1044.5 -242.9 20.4
-1052.0 -242.3 20.3
-1019.6 -213.7 20.8
-653.1 -357.6 19.6
-632.2 -351.6 19.5
-665.0 -347.8 19.6
-636.5 -342.7 19.6
-646.6 -338.9 19.6
-652.7 -338.4 19.6
-642.8 -330.4 19.6
-651.0 -328.0 19.6
-660.6 -332.2 19.6
-672.4 -332.8 19.6
-676.1 -278.2 19.7
-681.9 -279.5 19.7
-665.9 -268.1 19.6
-671.6 -272.2 19.6
-664.6 -262.4 19.6
-670.5 -262.4 19.6
-683.8 -252.3 19.7
-690.4 -249.8 19.8
-696.3 -230.3 20.3
1842.9 6449.9 15.5
1843.7 6458.2 15.2
1830.9 6461.6 14.9
1831.5 6482.1 14.1
1831.8 6502.5 13.3
1842.3 6532.1 12.5
1831.2 6537.5 12.3
1873.2 6546.0 12.8
1892.1 6557.9 12.9
1894.8 6571.1 12.8
1871.0 6570.0 12.5
-194.8 32.1 20.5
-214.9 27.0 20.6
-212.1 39.4 20.3
-210.7 52.3 20.1
-222.6 47.9 20.1
-216.4 58.8 19.9
-150.0 -2.8 21.6
-188.3 13.2 21.1
-172.0 71.9 19.9
-517.6 319.0 20.1
-477.2 325.2 20.5
-483.0 326.7 20.6
-493.5 326.5 20.5
-533.1 348.8 18.7
-548.4 347.5 18.4
-472.5 358.3 19.9
-485.8 356.2 19.7
-496.5 353.6 19.5
-523.8 353.1 18.8
-552.3 374.2 17.9
-563.8 374.8 17.9
-483.8 388.0 18.6
-538.6 388.6 17.9
-564.0 386.6 17.8
-482.4 395.0 18.4
-563.1 398.0 17.7
-576.1 403.5 17.9
-534.0 412.5 18.1
-544.7 413.9 18.2
-575.0 414.5 18.5
-502.8 428.8 18.7
-518.1 428.9 18.9
-526.9 423.9 18.6
-546.3 428.8 19.1
-554.1 423.1 18.9
-566.4 423.0 19.0
-573.5 423.4 19.1
-535.1 436.1 19.5
-557.8 436.4 19.7
-563.1 438.3 19.9
-578.0 436.3 19.7
-586.9 436.0 19.6
-572.7 444.9 19.9
-1034.9 477.6 20.9
-973.7 496.5 19.6
-968.2 538.2 19.4
-958.3 545.0 19.1
-1322.7 -360.4 20.6
-21.7 -246.4 19.3
-28.2 -226.9 19.4
17.0 -203.8 19.7
-49.3 -201.3 19.1
-84.7 -205.5 19.9
-114.0 -205.1 21.1
-12.2 -191.8 19.7
-18.5 -191.6 19.6
-38.2 -196.5 19.2
-51.0 -194.6 19.2
-104.0 -195.2 21.1
-112.1 -196.5 21.1
40.2 -185.2 19.9
-52.0 -185.7 19.7
-59.5 -187.1 20.0
-101.4 -182.3 21.3
-152.0 -185.2 21.9
-13.7 -173.3 19.7
-28.7 -174.4 19.6
-40.4 -173.4 20.0
-51.9 -176.0 20.4
-99.9 -173.6 21.7
-149.1 -174.1 21.3
-160.9 -174.7 21.2
-41.4 -165.1 20.6
-98.3 -161.0 21.9
-111.5 -164.3 21.7
-161.5 -163.0 21.2
-42.1 -153.9 21.0
-53.5 -154.8 20.9
-58.3 -156.6 20.9
-69.7 -153.2 21.2
-88.2 -154.5 21.8
-103.8 -155.8 21.4
-38.8 -142.3 20.9
-61.9 -145.0 21.2
-297.1 293.3 19.0
-307.7 301.9 19.5
-312.0 305.7 19.7
-304.8 312.9 19.5
-315.8 322.6 20.0
-317.0 330.7 20.1
-312.4 345.7 20.1
-317.7 361.8 20.0
-323.4 375.0 18.7
-304.9 384.0 17.9
-317.3 383.0 18.2
-322.3 382.6 18.3
-334.4 385.9 18.5
-345.0 381.9 18.7
-307.7 406.2 17.7
-313.9 406.7 17.9
-335.3 401.8 18.3
-265.4 416.9 16.8
-284.8 414.4 17.2
-317.0 411.1 17.9
-324.4 410.7 18.0
-346.9 411.9 18.4
-306.8 426.6 17.5
-304.5 431.5 17.4
-322.0 434.6 17.7
-333.3 435.9 17.9
-357.4 434.0 18.4
-276.8 444.0 16.7
-283.0 440.5 16.9
-317.5 442.8 17.5
-333.5 440.5 17.8
-354.0 446.1 18.2
-284.1 455.9 16.7
-296.2 451.5 17.0
-314.4 451.7 17.4
-322.5 455.2 17.5
-353.0 454.3 18.1
-282.9 464.8 16.6
-305.7 466.0 17.0
-314.9 460.3 17.3
-292.0 474.0 16.7
-306.7 474.2 16.9
-314.4 473.7 17.1
-323.5 476.3 17.2
-284.4 484.3 16.4
-295.5 481.5 16.6
-315.2 484.6 17.0
-296.0 490.2 16.6
-286.9 501.3 16.4
-294.8 506.7 16.4
-256.0 440.8 16.3
-215.1 460.6 15.9
-264.3 469.7 16.3
-227.9 494.9 15.9
-236.1 499.2 16.0
-258.4 499.9 16.1
-268.8 499.7 16.2
-223.5 507.8 15.8
-253.9 505.9 16.1
-193.5 517.1 15.6
-257.5 516.6 16.1
-52.2 -444.3 19.8
-24.7 -426.9 19.8
-32.5 -425.2 20.1
-22.1 -386.1 19.6
-10.6 -377.5 19.6
-60.5 -378.4 20.4
-55.4 -358.6 19.5
-62.1 -324.3 19.1
-69.2 -326.2 19.4
-80.0 -328.0 20.1
-73.9 -318.9 19.4
-65.3 -276.3 18.9
-52.0 -255.3 19.0
-14.7 60.0 21.9
-23.3 79.6 21.5
0.9 91.6 21.6
-18.7 88.4 21.4
-22.6 92.8 21.3
-8.1 100.9 21.4
-17.0 100.8 21.3
-88.4 100.9 20.4
-26.1 110.8 21.1
-5.0 122.8 21.2
-76.0 122.6 20.3
-7.2 133.7 21.0
-27.3 134.0 20.8
-84.6 154.0 19.8
-98.3 153.6 19.6
-3.9 159.8 20.8
-43.2 174.4 20.1
-64.6 174.6 19.8
-52.6 183.3 19.8
-55.1 199.6 19.6
-75.5 222.2 19.1
-114.0 223.4 18.6
-88.4 231.1 18.8
-17.5 242.8 19.5
-26.7 239.9 19.4
-97.7 241.3 18.5
-32.7 258.8 19.1
-27.6 282.0 18.9
-14.8 293.1 18.9
-23.4 290.6 18.8
-5.4 302.4 18.9
3.5 313.3 18.9
-1516.9 -83.7 20.7
-1504.2 -72.5 20.7
-1515.7 -76.3 20.7
-1529.8 -76.3 20.6
-987.5 -577.1 18.8
-995.5 -581.0 18.9
-1005.1 -576.0 18.9
-1013.4 -566.5 18.8
-1025.0 -566.7 18.9
-1027.1 -560.1 18.8
-978.7 -544.7 18.2
-986.1 -545.5 18.2
-975.9 -538.1 18.0
-989.5 -525.8 17.9
-948.5 -519.3 17.9
-954.4 -515.8 17.9
-978.7 -520.0 17.7
-969.4 -510.3 17.7
-964.4 -820.5 19.6
-986.5 -825.1 19.3
-944.6 -812.3 19.8
-998.3 -800.3 19.2
-1004.8 -801.1 19.2
-1005.3 -792.6 19.2
-939.3 -773.5 19.8
-929.1 -763.5 19.8
-949.2 -759.3 19.7
-957.5 -759.7 19.7
-914.8 -752.5 19.7
-924.3 -750.4 19.7
-938.9 -752.1 19.8
-949.5 -749.8 19.7
-937.9 -740.5 19.7
-950.3 -741.1 19.7
-954.5 -739.7 19.7
-967.7 -739.8 19.6
-989.9 -745.2 19.3
-936.7 -722.3 19.6
-945.8 -722.3 19.6
-965.4 -721.0 19.6
-970.7 -714.1 19.5
-946.9 -705.3 19.5
-955.3 -702.8 19.5
-965.1 -692.6 19.4
-917.4 -683.5 19.5
-928.9 -683.9 19.4
-939.8 -681.3 19.4
-964.6 -684.6 19.4
-934.5 -673.2 19.4
-949.1 -660.0 19.3
-947.6 -653.8 19.3
-915.9 -642.8 19.3
-1094.5 -700.9 18.6
-1107.0 -697.2 18.5
-1113.1 -699.9 18.5
-1083.0 -679.0 19.0
-1075.3 -669.5 19.0
-1084.1 -671.1 19.0
-1089.0 -658.6 19.0
-1087.4 -652.0 19.0
-1087.9 -640.5 18.9
1778.1 6174.2 17.2
1795.8 6184.8 17.4
1779.4 6185.1 17.2
1768.2 6182.1 17.1
1789.1 6201.0 17.4
1779.2 6199.1 17.4
1765.7 6200.9 17.3
1756.6 6202.5 17.2
1757.7 6245.0 17.0
1656.0 6240.9 16.8
1646.1 6241.2 16.7
1786.8 6249.2 17.1
1661.0 6255.3 16.9
1768.2 6260.9 17.2
1656.9 6265.2 17.0
1757.1 6272.6 17.3
1776.2 6279.9 17.3
1769.0 6281.5 17.4
1760.2 6279.8 17.3
1657.6 6283.4 17.2
1646.9 6279.7 17.2
1757.7 6295.2 17.4
1656.3 6304.8 17.5
1651.3 6301.2 17.4
1738.9 6312.3 17.4
1731.8 6312.8 17.4
1473.2 5375.7 14.8
1524.7 5385.3 16.3
1442.1 5385.3 14.0
1522.9 5395.9 16.3
1513.9 5394.1 16.2
1507.8 5394.7 16.2
1466.3 5395.3 15.3
1452.6 5393.6 14.7
1542.4 5405.4 16.4
1535.7 5406.2 16.3
1514.8 5404.8 16.1
1506.0 5404.9 16.0
1484.3 5404.4 15.6
1473.4 5401.4 15.4
1432.1 5416.8 14.1
1552.4 5432.9 16.0
1546.1 5432.1 15.9
1416.7 5444.1 13.2
1392.9 5440.5 12.7
1402.6 5451.8 12.7
1582.5 5464.2 15.6
1392.0 5462.3 12.2
1387.7 5465.7 12.0
1498.2 5475.4 14.4
1442.9 5475.6 13.0
1416.4 5476.7 12.4
1593.1 5483.7 15.3
1503.8 5480.6 14.4
1483.3 5483.9 13.8
1463.3 5480.8 13.4
1455.4 5483.5 13.1
1395.3 5486.7 11.6
1583.0 5496.3 15.1
1574.8 5496.2 15.1
1452.8 5493.5 12.8
1583.8 5503.5 15.0
1563.7 5504.7 14.9
1557.4 5503.9 14.9
1542.8 5503.0 14.8
1477.3 5506.6 13.1
1466.4 5500.7 13.0
1406.0 5504.8 11.4
1394.9 5503.9 11.2
1602.8 5515.6 15.0
1592.2 5516.1 14.9
1584.1 5510.9 14.9
1577.8 5511.0 14.9
1546.7 5511.5 14.7
1538.1 5514.2 14.5
1477.7 5515.3 13.0
1464.4 5512.5 12.7
1457.9 5513.2 12.5
1433.1 5512.8 11.9
1416.4 5514.7 11.4
1406.9 5513.7 11.2
1555.7 5520.5 14.7
1544.8 5520.4 14.5
1534.7 5522.4 14.2
1462.8 5524.6 12.4
1448.0 5521.4 12.1
1432.1 5524.4 11.6
1415.1 5525.8 11.1
1402.6 5526.5 10.8
1515.2 5531.3 13.5
1493.8 5534.1 12.9
1476.2 5535.6 12.5
1454.5 5536.0 11.9
1504.6 5546.6 12.9
1497.3 5540.8 12.9
1465.4 5542.3 12.0
1438.2 5545.7 11.3
1518.2 5555.5 13.1
1496.7 5553.3 12.6
1483.5 5551.6 12.3
1463.4 5555.8 11.7
1454.2 5553.5 11.5
1442.8 5554.4 11.3
1525.4 5565.7 13.0
1508.4 5565.5 12.7
1496.8 5565.7 12.5
1485.7 5562.2 12.2
1468.0 5565.2 12.0
1412.9 5560.9 11.0
1494.4 5571.9 12.6
1455.1 5575.4 12.0
1523.2 5584.8 13.4
1517.9 5583.6 13.3
1494.3 5580.6 12.8
1482.4 5583.5 12.7
1474.1 5586.4 12.6
1446.5 5585.8 12.1
1517.8 5592.8 13.5
1467.2 5595.0 12.7
1453.8 5594.4 12.5
1441.9 5594.5 12.3
1434.6 5594.7 12.2
1428.1 5593.4 12.0
1428.1 5606.1 12.3
1433.2 5610.4 12.5
1673.3 5652.1 15.1
1681.9 5671.8 15.1
1676.4 5673.9 15.0
1685.5 5682.5 15.2
1677.7 5680.4 15.0
1661.9 5681.1 14.7
1653.9 5681.4 14.6
1683.6 5694.8 15.2
1662.7 5691.8 14.7
1683.5 5702.1 15.2
1663.4 5703.9 14.7
1654.2 5703.1 14.5
1465.6 5712.6 13.4
1492.8 5724.4 13.5
1484.2 5723.9 13.5
1473.0 5726.4 13.4
1475.2 5736.7 13.5
1475.6 5745.9 13.5
1502.9 5783.8 10.6
1497.4 5784.4 10.5
1504.8 5793.0 9.7
1516.2 5803.1 9.6
1505.1 5811.6 9.1
1514.5 5822.3 8.9
1503.6 5823.0 8.6
1518.1 5845.2 8.9
1512.7 5864.0 8.8
1752.3 5904.9 19.2
1747.8 5902.5 19.0
1724.7 5904.4 18.9
1714.0 5905.0 18.9
1594.7 5903.7 14.3
1564.9 5902.0 12.7
1533.6 5905.6 11.2
1762.3 5916.2 19.7
1732.5 5916.2 19.5
1725.8 5910.6 19.2
1616.1 5913.2 15.7
1598.2 5911.7 14.7
1554.7 5914.9 12.6
1687.1 5924.8 19.4
1663.6 5926.1 18.3
1644.8 5925.9 17.6
1635.9 5923.9 17.1
1623.4 5924.5 16.4
1618.1 5926.6 16.2
1585.2 5923.2 14.4
1571.9 5922.5 13.7
1674.1 5934.6 18.4
1656.9 5935.2 17.9
1636.1 5933.2 17.3
1572.4 5935.5 14.2
1544.7 5934.1 12.7
1534.7 5933.3 12.2
1683.7 5940.6 18.8
1634.2 5942.9 17.1
1625.3 5946.5 16.8
1596.9 5944.5 15.7
1584.3 5940.9 14.9
1555.3 5945.4 13.6
1537.5 5940.9 12.6
1682.3 5956.1 18.4
1677.8 5952.7 18.2
1664.8 5951.7 17.8
1645.0 5953.3 17.2
1616.0 5952.2 16.4
1593.7 5952.4 15.7
1571.9 5952.9 14.7
1553.4 5951.8 13.7
1678.1 5962.2 18.0
1664.3 5965.5 17.5
1635.0 5960.9 16.8
1622.0 5962.9 16.3
1615.3 5964.6 16.1
1573.6 5962.5 14.9
1562.2 5963.8 14.5
1685.6 5972.4 18.4
1672.5 5973.2 17.6
1657.9 5970.9 17.2
1642.6 5976.3 16.7
1617.7 5976.4 16.0
1586.0 5972.0 15.1
1575.5 5975.8 14.7
1555.5 5976.7 14.1
1665.2 5986.7 17.1
1658.0 5984.6 17.0
1643.7 5986.8 16.5
1637.2 5982.3 16.4
1593.5 5982.0 15.1
1576.2 5982.6 14.6
1554.7 5983.7 14.0
1637.2 5994.1 16.2
1614.6 5990.5 15.6
1607.7 5996.8 15.3
1593.1 5991.9 14.9
1586.4 5994.0 14.7
1563.7 5992.3 14.1
1676.7 6004.5 17.1
1647.9 6001.8 16.3
1626.4 6002.1 15.7
1617.7 6006.4 15.4
1607.8 6002.9 15.2
1598.4 6005.1 14.8
1572.3 6003.9 14.1
1673.4 6015.6 16.8
1653.7 6012.9 16.3
1647.0 6011.8 16.1
1636.6 6015.6 15.7
1623.1 6013.7 15.4
1592.3 6013.6 14.5
1573.9 6014.6 13.9
1567.7 6016.1 13.7
1646.2 6022.2 15.9
1618.2 6022.9 15.1
1602.4 6021.3 14.6
1592.8 6021.2 14.4
1585.0 6021.4 14.1
1576.5 6021.7 13.9
1563.2 6022.5 13.7
1672.0 6033.9 16.4
1664.1 6034.6 16.2
1655.0 6032.8 15.9
1617.6 6034.7 14.8
1582.6 6033.6 14.0
1774.4 6046.3 18.0
1768.2 6044.7 18.0
1756.0 6046.2 17.8
1695.6 6043.9 18.0
1674.8 6044.1 16.3
1667.7 6041.9 16.1
1654.9 6045.2 15.7
1626.0 6046.8 14.8
1615.2 6044.4 14.6
1603.7 6045.5 14.3
1588.5 6045.7 14.1
1572.1 6042.3 13.9
1784.1 6054.3 17.7
1753.6 6052.8 17.5
1748.4 6055.8 17.4
1732.7 6056.6 17.2
1707.4 6053.9 18.1
1697.7 6052.7 18.0
1683.3 6053.8 16.7
1656.6 6053.3 15.6
1643.0 6050.3 15.3
1618.0 6056.3 14.6
1606.6 6055.6 14.4
1583.3 6050.3 14.1
1576.7 6053.4 14.0
1655.2 6066.4 15.3
1582.3 6063.8 14.1
1786.5 6072.9 17.4
1771.9 6076.9 17.1
1753.9 6071.8 16.9
1735.5 6071.9 16.6
1725.0 6070.4 16.6
1633.7 6071.9 14.9
1623.2 6075.3 14.7
1618.3 6074.5 14.7
1586.6 6071.8 14.2
1792.1 6085.8 17.4
1766.3 6083.0 17.0
1758.4 6083.2 16.9
1734.5 6081.5 16.5
1662.9 6082.5 15.3
1645.9 6083.1 15.1
1605.8 6083.9 14.6
1582.0 6085.7 14.2
1784.5 6090.3 17.2
1736.6 6091.8 16.4
1623.9 6091.4 14.8
1597.5 6091.7 14.5
1734.7 6102.6 16.4
1594.7 6101.4 14.5
1792.3 6112.1 17.2
1793.8 6121.2 17.3
1775.4 6131.3 17.0
1793.9 6142.6 17.3
1778.3 6143.8 17.1
1627.9 6140.5 15.4
1602.6 6141.6 15.0
1615.5 6152.6 15.3
1634.4 6195.5 16.3
2162.4 6646.8 16.1
2190.3 6657.7 17.0
2251.8 6668.8 16.6
2250.3 6677.2 16.4
2212.4 6677.2 17.1
2203.6 6676.3 17.3
2190.3 6677.3 17.1
2173.5 6675.2 16.7
2233.6 6687.4 16.4
2181.9 6688.0 17.0
2182.9 6695.0 17.0
2174.3 6697.8 16.8
2225.4 6709.4 16.6
2165.2 6707.9 16.6
2205.5 6715.0 16.8
2235.2 6546.4 17.6
2245.0 6568.2 18.0
2243.8 6577.1 18.0
2233.9 6577.0 17.8
2226.7 6577.6 17.6
2163.0 6575.3 16.2
2231.0 6585.5 17.7
2224.5 6582.7 17.6
2204.2 6583.8 16.9
2172.5 6588.3 16.1
2166.6 6584.0 16.1
2156.3 6587.0 15.9
2272.6 6597.7 18.5
2254.2 6596.8 18.3
2200.8 6595.1 16.9
2192.1 6594.8 16.6
2182.4 6593.5 16.3
2171.5 6596.8 16.0
2165.1 6594.6 15.9
2296.6 6607.0 17.7
2281.8 6605.3 18.0
2276.8 6604.5 18.2
2265.6 6605.3 18.3
2172.4 6607.6 16.1
2151.9 6603.3 15.6
2305.0 6612.8 17.4
2295.0 6614.2 17.5
2236.1 6615.9 18.0
2206.5 6617.5 17.2
2136.6 6616.4 15.2
2310.9 6623.6 17.0
2274.1 6633.0 17.3
2131.9 6646.8 15.2
-124.3 -418.5 19.7
-146.4 -403.0 19.5
-285.0 -620.5 18.8
-267.2 -542.3 18.8
-274.7 -541.3 18.8
-295.0 -540.1 18.8
-304.8 -541.8 18.8
-292.8 -532.3 18.9
-311.9 -529.1 18.8
-287.3 -524.1 18.9
-296.3 -512.9 19.0
-315.3 -513.4 18.9
-355.0 -509.7 18.9
-305.9 -500.4 19.0
-313.3 -501.7 19.0
-323.2 -498.8 19.0
-322.5 -495.0 19.0
-232.6 -480.9 18.8
-314.7 -483.8 19.0
-326.1 -482.1 19.0
-234.7 -472.5 18.7
-255.5 -472.9 18.8
-304.2 -470.2 18.9
-315.0 -471.2 19.0
-326.1 -472.9 19.0
-302.8 -462.2 18.9
-312.3 -462.5 19.0
-273.3 -440.7 18.8
-235.0 -434.5 18.5
-231.3 -424.2 18.3
-1559.5 71.6 21.9
-1569.0 77.4 21.9
-1537.3 86.6 22.0
-1548.1 85.3 22.0
-1540.7 95.5 22.0
-1558.1 93.9 22.0
-1581.0 93.3 21.9
-212.2 -448.9 18.1
-147.8 -427.2 19.1
-157.8 -426.6 18.9
-156.8 -416.9 19.2
-143.0 -336.4 21.7
-151.6 -339.4 21.3
-167.3 -325.8 21.0
-178.4 -327.9 20.3
-280.9 -270.2 18.5
-282.0 -260.3 18.6
-148.9 -250.3 21.9
-163.2 -247.5 22.7
-169.0 -247.4 23.1
-280.7 -248.2 18.7
-217.1 -225.7 22.2
-569.5 -350.4 19.5
-543.8 -269.1 19.3
-555.5 -263.0 19.3
-488.7 -693.9 19.2
-500.9 -695.3 19.2
-492.0 -685.9 19.2
-359.8 -676.3 18.9
-407.1 -675.6 19.3
-449.3 -673.1 19.1
-498.6 -672.5 19.0
-331.7 -662.5 18.8
-382.5 -667.0 19.0
-400.5 -666.3 19.2
-406.5 -663.0 19.2
-460.4 -663.1 19.1
-469.6 -667.6 19.0
-476.7 -663.2 19.0
-359.0 -653.0 18.8
-366.3 -657.1 18.8
-418.5 -653.3 19.2
-458.2 -653.6 19.2
-480.9 -655.0 19.0
-500.6 -653.8 18.9
-472.2 -648.3 19.1
-476.2 -642.9 19.1
-491.0 -648.7 19.0
-358.3 -636.8 18.9
-469.1 -636.7 19.2
-497.6 -633.1 19.1
-327.4 -623.6 18.9
-360.9 -627.4 18.9
-380.0 -627.3 18.9
-347.1 -618.6 18.9
-357.2 -618.3 18.9
-371.9 -618.0 18.9
-378.5 -617.2 18.9
-460.7 -613.3 19.3
-470.0 -612.2 19.3
-374.3 -597.8 19.0
-382.7 -592.7 19.0
-394.6 -592.4 19.0
-355.4 -586.3 19.0
-372.3 -586.0 19.0
-397.0 -584.0 19.0
-374.0 -577.6 19.0
-394.0 -577.0 19.0
-425.1 -575.8 19.0
-437.0 -577.1 19.0
-401.6 -568.5 19.0
-363.4 -556.2 19.0
-396.5 -552.6 19.1
-414.1 -552.1 19.1
-455.8 -557.2 19.1
-464.2 -556.6 19.1
-487.3 -555.6 19.3
-493.1 -557.5 19.4
-505.5 -556.2 19.4
-392.0 -545.2 19.1
-404.0 -543.3 19.1
-431.7 -544.2 19.1
-447.7 -543.1 19.1
-484.0 -546.9 19.2
-375.2 -534.4 19.0
-396.8 -535.4 19.1
-433.8 -533.3 19.1
-447.8 -533.7 19.1
-466.9 -533.9 19.1
-477.1 -536.5 19.1
-481.5 -536.5 19.2
-507.5 -532.6 19.4
-383.9 -527.6 19.0
-393.2 -524.1 19.0
-427.7 -528.0 19.1
-436.2 -525.3 19.1
-447.6 -527.7 19.1
-421.7 -516.9 19.1
-443.8 -518.0 19.1
-471.6 -512.7 19.2
-487.7 -512.3 19.1
-415.1 -507.2 19.1
-437.3 -505.6 19.2
-445.1 -507.7 19.2
-477.2 -503.9 19.2
-484.7 -508.0 19.2
-421.8 -494.2 19.1
-456.3 -494.9 19.2
-442.1 -486.4 19.2
-457.7 -484.6 19.2
-428.1 -476.4 19.0
-436.0 -473.6 19.1
-415.2 -430.6 19.2
-493.6 -432.7 19.2
-484.8 -424.7 19.1
-495.8 -424.9 19.2
-476.2 -413.1 19.2
-494.0 -410.3 19.2
-494.5 -406.8 19.2
-483.5 -391.6 19.3
-497.4 -391.8 19.3
-485.7 -365.1 19.3
-561.5 -715.9 20.0
-539.2 -709.6 19.4
-513.7 -697.9 19.3
-534.6 -700.0 19.3
-540.5 -696.7 19.2
-572.2 -695.3 19.2
-533.1 -689.4 19.2
-538.4 -675.2 19.1
-549.8 -674.9 19.1
-572.6 -675.0 19.1
-553.7 -667.8 19.0
-561.2 -669.8 19.0
-548.9 -657.8 18.9
-558.6 -660.0 18.9
-550.8 -647.0 18.8
-518.2 -639.1 18.9
-534.0 -635.7 18.9
-551.6 -627.0 18.8
-582.4 -629.7 18.7
-549.3 -614.1 18.9
-543.3 -606.6 19.0
-578.1 -606.7 18.8
-551.4 -596.4 19.0
-562.7 -598.2 18.9
-578.7 -599.9 18.8
-589.7 -598.0 18.8
-544.0 -585.2 19.1
-591.6 -588.2 18.8
-554.6 -577.0 19.0
-571.4 -578.9 19.0
-593.6 -569.7 18.9
-550.6 -559.9 19.1
-568.9 -558.1 19.1
-582.8 -556.6 19.0
-553.3 -510.5 19.4
-532.6 -498.1 19.4
-540.9 -496.8 19.5
-573.9 -406.1 19.4
-1407.6 -54.3 21.2
-315.8 68.9 20.4
-313.9 78.1 20.4
-324.3 78.2 20.5
-1414.9 304.2 19.3
-1426.9 305.7 19.2
-1407.5 310.5 19.1
-1417.6 315.7 19.0
-1411.0 324.4 18.9
-271.9 -18.6 21.1
-316.5 -3.2 20.7
-384.2 1.9 20.3
-314.8 10.8 20.4
-276.0 19.0 20.4
-282.8 19.0 20.4
-274.4 31.4 20.2
-336.2 31.4 20.1
-334.8 38.6 20.2
-1238.7 344.3 20.8
-1249.3 347.1 20.7
-1239.9 366.8 20.6
-1340.1 378.2 20.0
-1369.3 384.4 19.6
-1374.5 386.9 19.6
-1288.6 396.5 20.1
-1337.3 393.9 20.1
-1374.8 397.8 19.9
-1338.2 402.6 20.4
-1345.0 403.6 20.4
-1308.6 412.6 20.1
-1318.2 417.9 20.2
-1356.6 414.2 20.7
-1366.4 417.4 20.8
-1249.3 417.6 20.5
-550.9 467.4 20.3
-563.6 477.0 20.0
-581.5 474.9 19.9
-571.4 484.0 19.8
-590.1 497.7 19.4
-601.0 494.9 19.2
-630.5 494.4 18.7
-642.0 492.7 18.6
-661.4 498.0 18.5
-579.2 506.5 19.4
-593.9 505.4 19.1
-602.1 503.5 19.0
-622.2 503.4 18.8
-672.7 503.4 18.6
-689.8 508.1 18.7
-710.0 506.4 18.6
-543.0 514.7 19.6
-582.3 514.6 19.2
-605.3 517.9 19.0
-609.8 514.4 18.9
-703.1 515.5 18.8
-715.6 516.2 18.8
-197.3 -534.4 18.7
-170.9 -505.8 17.8
-187.8 -505.0 18.1
-201.8 -507.1 18.5
-137.2 -492.4 18.1
-149.9 -494.4 18.0
-176.2 -495.1 17.8
-188.9 -493.0 18.0
-209.5 -497.6 18.6
-149.8 -482.8 18.0
-157.7 -484.2 18.0
-176.1 -483.6 17.9
-188.2 -487.2 17.9
-96.5 -474.1 19.0
-135.7 -477.1 18.4
-148.8 -476.7 18.1
-352.0 -165.9 18.8
-370.3 -160.0 18.9
-389.9 -139.9 19.1
2138.8 6787.8 18.5
2131.4 6788.9 18.4
2152.3 6800.5 19.3
2138.8 6802.8 19.0
2179.0 6820.7 20.6
2171.1 6842.5 20.9
2170.0 6849.4 21.1
2105.2 6789.0 17.8
2085.1 6790.4 17.3
2112.1 6802.5 18.4
2105.3 6798.2 18.1
2079.5 6803.4 17.6
2072.3 6802.9 17.4
2073.5 6810.9 17.6
-968.2 -420.0 17.9
-947.0 -410.9 18.1
-978.7 -411.6 18.0
-949.3 -404.2 18.2
-960.5 -397.9 18.3
-968.4 -401.0 18.2
-978.7 -398.8 18.2
-951.1 -394.3 18.3
-1001.6 -361.6 18.7
-977.5 -353.0 18.9
-987.3 -348.8 18.9
-1002.4 -353.5 18.8
-615.8 -219.0 20.0
-636.3 -214.7 20.3
-634.1 -204.4 20.4
-635.5 -193.2 19.9
-648.6 -180.5 19.8
-666.1 -183.1 20.0
-642.4 -174.3 19.8
-436.4 6.7 20.5
-440.2 14.9 20.6
-468.9 27.1 21.0
-476.3 26.9 21.1
-424.8 33.3 20.8
-437.1 36.4 20.9
-477.2 35.4 21.2
-460.9 48.0 21.2
-464.8 45.9 21.2
-420.0 74.6 21.0
-425.8 97.9 20.9
-824.5 -802.2 20.1
-882.1 -802.4 20.0
-785.1 -791.8 20.1
-829.7 -793.8 20.0
-863.6 -796.0 19.9
-853.6 -784.2 19.9
-862.8 -780.6 19.9
-822.1 -774.5 20.0
-845.6 -777.0 19.9
-874.3 -770.7 19.8
-870.3 -760.5 19.8
-829.4 -755.0 19.9
-855.7 -756.0 19.9
-865.6 -753.7 19.8
-845.8 -703.4 19.6
-865.4 -703.9 19.6
-873.2 -706.4 19.7
-851.8 -696.7 19.6
-859.3 -673.1 19.3
-865.2 -666.4 19.2
-855.7 -651.2 18.9
-772.8 -494.1 18.4
-768.6 -480.3 18.5
-749.6 -473.3 18.6
-803.0 -475.8 18.3
-760.1 -463.4 18.6
-769.1 -460.8 18.6
-758.9 -451.5 18.6
-768.9 -453.0 18.6
-745.2 -446.2 18.7
-759.8 -440.8 18.7
-745.1 -431.7 18.8
-753.5 -422.2 18.8
-759.1 -420.4 18.8
-792.2 -405.4 18.7
-636.2 -481.3 19.1
-648.2 -479.2 19.1
-646.0 -470.1 19.1
-657.0 -458.2 19.1
-652.4 -452.2 19.2
-738.6 -506.1 18.5
-707.0 -501.1 18.7
-667.3 -489.9 18.9
-678.3 -488.4 18.9
-696.9 -486.2 18.8
-661.2 -481.1 19.0
-685.3 -479.5 18.9
-993.5 -651.3 19.2
-995.3 -639.0 19.2
-1005.6 -633.4 19.2
-507.9 41.2 21.5
-507.8 53.4 21.6
-1091.9 48.4 23.9
-1090.2 60.6 23.8
-1100.6 55.2 23.9
-1094.0 65.5 23.7
-1094.9 76.6 23.7
-1094.6 89.9 23.7
-1102.8 91.1 23.7
-1113.0 96.5 23.6
-1090.3 110.6 23.7
-1099.0 104.9 23.7
-515.3 86.9 21.4
-583.0 83.7 21.7
-582.0 92.0 21.6
-528.1 105.8 21.3
-532.6 104.7 21.3
-587.9 107.0 21.5
-595.5 106.7 21.6
-587.2 114.2 21.5
-593.5 111.6 21.5
-515.3 126.8 21.0
-586.4 122.7 21.4
-542.4 132.5 21.1
-537.1 141.8 21.0
-542.2 143.2 21.0
-553.6 144.3 21.1
-565.4 147.2 21.1
-515.9 152.7 20.8
-545.3 152.6 21.0
-556.9 153.2 21.0
-566.7 154.7 21.0
-583.1 153.8 21.1
-593.3 154.7 21.1
-596.6 162.5 21.0
-567.1 174.6 20.8
-576.2 176.6 20.7
-595.2 175.5 20.8
-477.8 -257.9 19.0
-455.0 -247.0 19.0
-465.7 -249.2 19.0
-476.4 -238.7 19.0
-484.9 -237.1 19.0
-446.1 -189.2 19.6
-597.8 -427.2 19.5
-796.2 674.6 20.2
-807.7 675.6 19.9
-817.7 675.8 19.6
-831.9 677.6 19.4
-797.3 685.0 20.4
-825.3 687.0 19.8
-835.3 686.1 19.6
-847.8 685.4 19.6
-862.5 686.4 19.4
-766.4 699.5 21.7
-783.8 695.3 21.0
-803.1 700.6 20.8
-845.0 696.5 19.8
-836.9 709.6 20.1
-845.7 710.7 19.8
-855.6 706.0 19.6
-867.3 706.2 19.5
-877.7 709.5 19.3
-792.2 720.5 21.7
-823.4 719.1 20.7
-846.7 716.3 20.0
-874.5 714.9 19.4
-782.6 724.5 22.1
-815.2 728.1 21.2
-844.6 726.3 20.3
-897.0 727.8 19.1
-905.6 725.8 18.9
-796.7 736.1 22.3
-817.7 736.0 21.5
-821.6 734.6 21.3
-872.7 739.1 19.9
-794.0 747.8 22.8
-801.8 750.1 22.6
-836.0 746.5 21.3
-847.8 750.6 20.9
-853.8 746.7 20.6
-865.3 747.1 20.2
-876.2 745.8 19.8
-912.6 750.0 19.0
-814.5 760.0 22.1
-823.7 756.7 21.9
-873.4 757.4 20.1
-905.7 758.9 19.1
-915.3 756.3 19.1
-823.2 764.4 21.5
-832.2 765.9 21.2
-855.6 769.3 20.3
-865.8 764.9 20.4
-877.5 768.0 19.8
-837.3 775.1 19.8
-853.7 779.1 19.5
-862.2 779.7 19.4
-898.0 776.3 19.1
-816.2 784.3 19.8
-848.0 788.6 19.5
-822.7 794.5 19.7
-833.0 796.4 19.6
-848.1 796.9 19.4
-862.6 796.0 19.3
-825.9 807.7 19.5
-834.3 810.7 19.5
-852.1 804.4 19.3
-899.3 596.3 17.5
-879.3 606.2 17.0
-877.2 611.8 17.0
-937.0 611.2 18.4
-885.2 620.5 17.2
-899.9 620.5 17.4
-929.1 622.1 18.1
-928.6 634.1 18.1
-938.9 634.8 18.2
-935.4 640.5 18.1
-927.0 696.1 18.6
-918.6 712.2 18.7
-929.7 720.2 18.9
-850.5 192.6 20.7
-848.3 203.0 20.6
-846.6 214.4 20.4
-880.5 222.3 20.5
2311.6 6324.3 19.5
-1192.7 -33.9 23.1
-1204.4 -34.6 23.1
-1178.2 -21.2 23.4
-1195.7 -24.4 23.2
-1203.6 -22.4 23.3
-1212.4 -24.5 23.2
-1226.2 -24.9 22.8
-1182.1 -8.9 23.6
-1192.1 -10.3 23.5
-1205.2 -14.4 23.4
-1234.4 -14.2 22.8
-1176.0 -2.5 23.7
-1187.6 -3.0 23.7
-1195.7 -2.2 23.7
-1207.3 10.4 23.4
-1176.6 21.1 24.2
-1193.2 15.6 23.7
-1059.5 -182.6 21.2
-1099.2 -154.8 21.5
-1128.7 -132.3 21.8
-1150.5 -129.3 21.8
-1151.4 -114.7 22.0
-1167.2 -109.2 22.1
-1147.1 -99.2 22.2
-1021.6 -51.9 23.5
-1028.5 -34.4 23.8
-917.8 -118.9 22.7
-868.0 -92.2 23.2
-954.0 38.0 23.3
-1458.5 76.4 22.3
-1459.0 88.7 22.3
-1461.5 93.9 22.3
-1356.6 -169.1 21.1
-1341.4 -151.6 21.2
-1312.7 -241.0 21.0
-1322.1 -244.4 21.0
-1317.3 -170.4 21.2
-916.9 -230.1 20.8
-926.1 -232.3 20.7
-902.4 -218.6 21.0
-896.1 -208.4 21.2
-846.3 -181.4 21.7
-901.1 -122.9 22.7
-718.1 3.4 22.1
-884.2 -1.8 23.2
-952.2 48.2 23.3
-1105.7 -286.3 19.3
-1087.6 -324.5 18.8
-1077.8 -311.8 19.3
-1085.3 -303.8 19.4
-951.5 232.3 20.8
-1019.4 231.1 21.3
-1026.2 231.7 21.5
-1008.2 242.5 21.0
-947.9 248.1 20.6
-985.1 252.8 20.8
-999.0 254.1 20.8
-1020.1 250.5 21.0
-1026.2 253.2 21.0
-1037.1 248.9 21.1
-897.5 263.1 20.2
-910.0 260.9 20.3
-998.4 263.5 20.7
-1008.8 263.7 20.8
-901.2 270.5 20.1
-988.8 269.1 20.6
-996.0 268.1 20.7
-1005.0 268.5 20.7
-1020.1 268.9 20.8
-1028.3 273.7 20.8
-1036.7 271.8 20.8
-869.7 281.4 19.8
-1027.5 280.9 20.7
-1057.0 284.1 20.8
-1048.2 294.0 20.6
-1061.2 302.7 20.6
-1045.5 324.1 20.5
-1008.2 338.7 20.3
-1038.1 339.1 20.5
-1008.5 360.6 20.3
-1008.3 374.2 20.4
-1039.7 380.5 20.9
-1048.1 392.6 20.5
-1336.6 -446.2 20.3
-1345.8 -446.7 20.2
-1356.2 -451.9 20.2
-1385.2 -421.4 20.2
-1395.0 -408.8 20.2
-1400.3 -397.9 20.2
-1385.7 -389.8 20.3
-1399.3 -391.1 20.3
-1409.2 -378.3 20.3
-1409.7 -369.5 20.3
-1416.2 -369.1 20.3
-1376.6 -462.5 20.1
-1397.6 -459.6 20.0
-1417.7 -459.5 19.7
-1407.5 -438.4 20.1
-1400.0 -431.7 20.1
-1417.1 -417.1 20.1
-1439.5 -422.9 20.0
-1408.8 -407.2 20.2
-1426.0 -407.6 20.1
-1421.2 -397.4 20.2
-1421.7 -392.8 20.2
23.9 -76.6 20.7
13.9 -74.5 20.7
42.4 -65.1 20.9
2.5 -67.3 20.7
61.6 -1.8 21.5
61.3 6.0 21.5
-14.6 24.3 21.8
-26.0 27.7 21.9
-37.5 22.0 21.8
61.1 37.7 22.0
-37.7 32.4 22.0
-916.4 -615.3 18.8
-917.9 -608.1 18.7
-919.5 -592.9 18.4
-886.1 -584.6 18.4
-915.6 -584.7 18.3
-909.7 -563.6 18.2
-918.5 -567.4 18.0
-909.4 -559.0 18.3
-905.7 -546.8 18.3
-825.0 -409.2 18.5
-821.5 -400.7 18.6
-822.0 -389.2 18.6
-832.2 -390.9 18.6
-758.6 -407.0 18.9
-757.5 -402.7 18.9
-753.8 -390.9 19.0
-747.9 -369.6 19.1
-757.5 -361.5 19.1
-708.8 -349.1 19.4
-727.6 -347.2 19.3
-725.4 -342.2 19.3
-748.6 -341.3 19.2
-755.5 -341.6 19.2
-758.4 -330.6 19.2
-770.2 -331.7 19.2
-785.3 -320.7 19.1
-795.2 -318.4 19.1
-739.3 -306.8 19.4
-777.8 -307.7 19.2
-759.5 -301.5 19.4
-774.0 -290.9 19.6
-742.6 -204.4 20.8
-772.5 -193.9 21.1
-621.1 614.4 22.4
-1024.5 -318.3 19.3
-1036.2 -318.5 19.3
-1021.7 -286.5 19.8
-965.4 -274.5 20.1
-972.0 -276.8 20.0
-1026.3 -278.3 19.9
1841.8 6272.1 17.5
-1072.6 501.8 20.6
-1043.3 508.5 20.4
-1062.7 509.2 20.5
-1073.5 517.2 20.4
-1059.8 533.0 20.1
-1063.5 540.5 20.0
-1068.4 553.3 19.7
-1050.9 561.5 19.6
-1063.2 559.7 19.6
-1058.9 567.8 19.5
-1041.6 577.7 19.3
-1038.4 591.4 19.0
-1047.9 587.2 19.1
-1061.0 587.4 19.2
-1043.2 601.0 18.9
-1011.5 611.6 18.7
-249.3 558.1 15.9
-263.1 557.3 16.0
-292.8 558.8 16.3
-292.1 566.7 16.2
-301.3 565.2 16.3
-257.9 577.4 15.9
-271.4 578.1 16.0
-303.7 599.4 16.2
-258.7 608.6 15.8
-260.4 620.2 15.8
-270.3 619.6 15.9
-280.1 620.0 16.0
-263.0 627.0 15.8
-250.7 639.9 15.7
-283.3 639.9 16.6
-300.3 637.4 17.1
-283.4 649.9 16.9
-287.8 650.4 17.1
-241.8 656.3 15.8
-271.6 657.2 16.8
-278.0 655.5 16.9
-290.8 656.2 17.4
-230.8 667.0 15.7
-242.4 670.5 16.2
-251.3 666.4 16.4
-261.2 670.6 16.9
-242.2 676.2 16.4
-280.9 685.4 18.0
-942.7 -419.0 18.1
-922.6 -411.0 18.1
-120.3 -118.8 21.1
-132.5 -109.4 20.3
-69.0 -85.0 20.9
-82.2 -91.3 20.9
-98.8 -86.8 20.6
-112.8 -78.5 20.4
-131.3 -66.5 20.7
-134.0 -54.8 20.9
-138.4 -59.8 20.9
-129.9 -48.0 21.0
-124.3 -406.7 20.1
-130.9 -407.6 19.7
-128.7 -396.8 20.3
-127.9 -384.8 20.8
-287.4 192.9 19.3
-456.5 -73.6 20.0
-461.9 -68.2 20.1
-460.9 -61.2 20.2
-515.7 -117.0 20.3
-514.5 -108.6 20.3
-524.4 -108.2 20.4
-532.9 -97.4 20.3
-523.0 -91.8 20.3
-1454.6 -39.0 21.0
-1459.1 -36.6 20.9
-1458.6 -29.9 20.9
-1471.4 -30.6 20.9
-1472.4 -19.8 21.0
-1481.5 -19.2 20.9
-1441.8 -10.6 21.2
-1454.2 -10.4 21.1
-1463.7 -8.9 21.1
-1450.6 3.3 21.3
-1444.3 13.8 21.4
-1470.7 20.7 21.4
-879.4 -295.6 19.9
-858.0 -263.9 20.4
-1237.4 -704.3 20.4
-1245.7 -698.9 20.6
-1269.6 -679.8 20.9
-1176.1 -631.8 19.1
-1249.6 -630.0 20.1
-839.1 -490.1 18.1
-819.1 -484.3 18.2
-831.1 -482.7 18.1
-845.0 -485.5 18.1
-830.4 -465.1 18.2
-841.4 -452.6 18.2
-840.1 -444.4 18.3
-833.5 -433.6 18.4
-838.8 -430.3 18.4
-849.6 -430.5 18.3
-792.0 -479.8 18.4
-313.0 -287.1 18.6
-374.3 -275.4 18.8
-389.5 -274.7 18.8
-389.0 -264.9 18.8
-399.0 -269.6 18.8
-398.0 -258.9 18.8
-288.3 -244.2 18.7
-332.2 -250.2 18.6
-354.3 -235.0 18.6
-302.5 -227.8 18.6
-404.2 -228.9 18.8
-283.7 -217.5 18.9
-410.7 -219.1 18.8
-384.1 -456.1 19.1
-307.5 -443.6 18.9
-354.6 -443.5 19.0
-298.6 -435.8 18.9
-337.6 -431.2 19.0
-355.9 -431.1 19.0
-365.3 -433.9 19.1
-283.5 -425.2 18.8
-335.1 -426.2 18.9
-355.7 -422.0 19.0
-309.9 -416.1 18.9
-343.7 -411.3 18.9
-356.2 -414.1 19.0
-406.7 -413.5 19.1
-306.0 -401.6 18.8
-368.8 -400.1 19.0
-388.8 -404.2 19.1
-305.8 -393.0 18.8
-320.0 -393.6 18.8
-318.7 -381.0 18.8
-287.2 -371.2 18.7
-328.2 -373.0 18.8
-335.9 -369.6 18.8
-394.0 -371.0 19.0
-287.0 -363.7 18.7
-316.8 -362.1 18.8
-346.0 -365.1 18.9
-384.0 -364.2 19.0
-414.2 -359.8 19.1
-318.2 -349.7 18.8
-329.4 -353.4 18.8
-388.5 -350.5 19.0
-408.1 -351.1 19.0
-418.5 -351.0 19.0
-316.9 -340.5 18.7
-357.7 -345.0 18.9
-368.8 -343.4 18.9
-384.8 -340.5 18.9
-405.5 -341.7 19.0
-326.4 -331.3 18.7
-388.2 -332.8 18.9
-397.3 -330.8 18.9
-415.0 -335.4 19.0
-329.5 -323.4 18.7
-404.8 -321.3 18.9
-413.7 -320.6 19.0
-445.8 -319.8 19.1
-304.6 -311.0 18.6
-318.4 -312.0 18.7
-329.1 -312.5 18.7
-408.6 -313.4 18.9
-416.4 -309.6 19.0
-435.4 -315.6 19.0
-440.0 -300.5 19.0
-377.2 -294.3 18.8
-446.9 -293.5 19.0
-454.0 -294.0 19.0
-408.2 -279.8 18.9
-414.4 -274.2 18.9
-341.3 -305.5 18.7
-351.0 -298.7 18.7
-746.8 172.7 20.5
-767.0 175.0 20.3
-775.3 173.6 20.3
-751.5 183.3 20.2
-760.6 185.5 20.1
-709.1 192.7 20.3
-708.1 200.6 20.1
-716.2 206.2 19.9
-671.0 212.5 20.1
-699.8 232.1 19.5
-711.4 230.6 19.4
-725.4 274.2 19.1
-726.8 281.1 19.0
-821.3 283.5 19.5
-888.3 335.9 19.4
-897.0 335.2 19.5
-715.7 405.7 17.8
-716.8 412.9 17.8
-787.6 416.3 18.7
-756.7 420.6 18.2
-771.3 441.0 18.3
-416.3 145.5 20.4
-418.0 172.1 20.2
-437.4 170.6 20.3
-444.1 171.6 20.3
-426.0 183.2 19.9
-433.6 181.7 20.0
-445.4 180.9 20.0
-445.1 200.6 19.9
-454.0 199.9 20.0
-473.1 202.0 20.1
-427.6 212.3 19.8
-445.6 213.2 19.8
-474.9 214.3 19.9
-488.7 210.1 20.0
-503.2 213.3 19.9
-454.6 224.0 19.6
-464.1 222.4 19.7
-497.5 225.1 19.7
-515.0 225.5 19.8
-436.8 231.0 19.5
-469.1 231.5 19.6
-504.2 232.9 19.6
-513.2 233.5 19.6
-433.8 246.0 19.2
-464.9 242.2 19.4
-475.5 240.8 19.4
-485.2 245.9 19.6
-506.0 241.7 19.6
-517.7 243.9 19.8
-457.8 253.6 19.7
-463.1 251.0 19.6
-486.7 254.0 19.9
-497.6 255.5 20.0
-508.6 251.1 20.0
-517.5 255.5 20.2
-457.2 262.9 20.0
-489.5 259.5 20.1
-516.6 265.6 20.0
-468.0 270.6 20.3
-477.6 272.2 20.2
-506.5 269.8 20.0
-514.3 274.8 19.8
-459.1 285.3 20.0
-465.4 284.6 20.0
-484.8 283.7 19.8
-507.4 280.1 19.7
-523.9 281.8 19.5
-455.5 290.8 19.9
-538.4 294.3 19.0
-543.5 293.8 19.0
-568.5 292.6 18.8
-506.3 305.4 19.6
-553.9 301.1 19.2
-537.8 325.7 19.4
-547.2 326.0 19.2
-556.9 324.3 19.0
-544.4 333.2 19.0
-556.9 334.7 18.6
-583.5 344.9 18.0
-567.8 355.4 18.0
-577.3 350.0 18.0
-586.3 352.5 17.9
-440.3 63.0 21.2
-445.6 65.1 21.2
-428.6 76.3 21.0
-436.9 73.8 21.1
-836.2 -77.5 23.1
-622.8 -19.6 21.3
-677.9 20.3 22.1
-678.3 29.5 22.3
-667.4 41.7 22.4
-673.8 52.1 22.4
-680.6 49.0 22.5
-623.1 58.2 22.1
-672.5 58.5 22.3
-671.2 79.0 22.2
-618.5 94.2 21.8
-672.1 93.5 22.1
-678.8 91.4 22.1
-720.6 92.1 22.3
-623.0 103.0 21.7
-672.1 99.5 22.0
-711.8 102.7 22.0
-667.7 141.2 21.2
-750.6 140.1 20.9
-613.5 154.1 21.1
-620.4 153.1 21.1
-690.7 148.8 20.9
-710.5 154.3 20.8
-721.3 150.5 20.8
-688.9 164.2 20.7
-702.8 159.0 20.7
-622.5 183.1 20.7
-617.7 200.8 20.5
-700.8 171.1 20.6
-488.0 111.9 21.0
-496.6 129.4 20.9
-487.7 138.1 20.8
-491.9 142.0 20.8
-465.9 148.8 20.6
-471.8 149.1 20.7
-484.8 149.8 20.7
-495.4 148.1 20.8
-497.5 162.0 20.7
-496.2 169.4 20.5
-1261.8 93.0 23.1
-1251.7 103.3 23.1
-1266.8 101.9 23.0
-1278.7 103.7 23.0
-1270.3 113.8 23.0
-1236.7 124.5 23.0
-1427.0 150.4 22.1
-1409.8 210.6 21.1
-1425.0 213.5 21.0
-1418.4 222.3 20.8
-1429.5 232.6 20.5
