-3701.5 -1584.5 16.1
-3718.3 -1587.8 16.0
-3696.9 -1576.8 16.0
-3721.2 -1576.1 15.9
-3702.8 -1563.3 15.8
-3708.5 -1565.9 15.8
-3720.1 -1563.8 15.8
-3728.6 -1563.4 15.7
-3701.2 -1556.3 15.8
-3722.6 -1553.8 15.6
-3732.0 -1554.2 15.6
-3680.5 -1542.8 15.7
-3687.8 -1547.2 15.7
-3720.6 -1541.6 15.5
-3677.9 -1535.6 15.6
-3697.7 -1535.9 15.6
-3710.7 -1531.5 15.5
-3733.5 -1535.8 15.4
-3700.8 -1522.4 15.4
-3712.5 -1524.9 15.4
-3728.7 -1524.4 15.3
-3692.2 -1513.9 15.3
-3711.9 -1514.1 15.3
-3722.4 -1514.4 15.2
-3693.4 -1503.8 15.2
-3707.8 -1504.7 15.2
-3703.4 -1494.5 15.1
-3707.5 -1492.0 15.0
-3718.8 -1495.1 15.0
-3737.2 -1491.4 14.9
-3731.5 -1482.6 14.8
-3737.8 -1483.3 14.8
-3709.1 -1471.5 14.8
-3741.3 -1474.2 14.7
-3691.7 -1467.5 14.8
-3711.7 -1465.7 14.7
-3718.8 -1463.0 14.7
-3738.7 -1466.3 14.6
-3661.8 -1454.6 14.8
-3669.0 -1456.6 14.8
-3681.7 -1455.2 14.7
-3698.4 -1451.5 14.6
-3742.3 -1453.8 14.4
-3651.1 -1445.3 14.8
-3656.9 -1444.9 14.7
-3677.5 -1446.2 14.7
-3718.2 -1445.4 14.5
-3637.9 -1431.4 14.7
-3651.6 -1435.1 14.7
-3667.8 -1436.5 14.6
-3692.7 -1437.3 14.5
-3713.4 -1436.9 14.4
-3648.2 -1421.8 14.5
-3678.9 -1424.8 14.4
-3698.1 -1427.6 14.4
-3711.5 -1421.9 14.2
-3721.2 -1427.5 14.2
-3729.9 -1421.4 14.1
-3661.6 -1412.4 14.4
-3668.7 -1414.8 14.3
-3687.5 -1412.8 14.2
-3727.1 -1413.0 14.1
-3698.8 -1401.9 14.1
-3712.7 -1405.6 14.0
-3668.2 -1396.8 14.2
-3679.0 -1393.1 14.1
-3698.4 -1397.1 14.0
-3709.7 -1391.8 13.9
-3691.6 -1382.7 13.9
-3698.1 -1383.1 13.9
-3690.2 -1374.6 13.8
-3640.8 -1778.3 11.0
-3634.2 -1773.2 11.1
-3641.4 -1768.9 11.2
-3614.5 -1759.5 11.2
-3619.1 -1761.8 11.1
-3644.3 -1760.6 11.6
-3623.7 -1754.0 12.0
-3641.7 -1747.8 12.2
-3572.9 -1741.8 11.8
-3578.5 -1739.5 12.2
-3610.3 -1740.5 12.7
-3620.5 -1743.0 12.6
-3629.3 -1738.6 12.7
-3641.3 -1737.9 12.7
-3653.5 -1739.0 12.6
-3601.5 -1733.9 13.1
-3611.9 -1730.3 13.2
-3630.6 -1731.3 13.1
-3654.0 -1732.2 13.0
-3670.3 -1730.2 13.0
-3541.1 -1720.5 13.2
-3564.5 -1724.1 13.5
-3590.8 -1719.9 13.8
-3598.5 -1723.3 13.6
-3640.9 -1723.8 13.4
-3648.3 -1723.4 13.4
-3658.9 -1724.0 13.4
-3669.8 -1718.4 13.6
-3683.1 -1722.2 13.4
-3524.0 -1713.2 13.4
-3528.7 -1710.7 13.9
-3544.5 -1714.1 14.0
-3551.3 -1714.5 14.1
-3571.9 -1709.1 14.4
-3652.4 -1713.2 13.9
-3663.5 -1713.3 13.9
-3679.4 -1707.9 14.1
-3523.7 -1697.9 15.1
-3534.5 -1699.5 15.0
-3562.0 -1699.0 14.9
-3583.3 -1703.9 14.6
-3609.0 -1698.2 14.8
-3624.5 -1699.0 14.7
-3683.4 -1701.1 14.4
-3488.0 -1690.4 14.8
-3502.9 -1692.7 15.0
-3524.6 -1692.1 15.4
-3533.4 -1692.7 15.3
-3538.8 -1688.3 15.5
-3593.0 -1690.4 15.2
-3653.0 -1687.8 15.2
-3431.9 -1680.2 15.3
-3497.9 -1679.4 16.1
-3539.2 -1679.0 16.0
-3573.3 -1680.6 15.8
-3578.7 -1678.3 15.9
-3590.0 -1681.7 15.7
-3602.1 -1680.6 15.7
-3610.8 -1684.1 15.5
-3620.2 -1682.3 15.5
-3631.8 -1681.6 15.5
-3521.7 -1670.1 16.5
-3529.1 -1669.9 16.4
-3548.2 -1670.2 16.4
-3570.9 -1668.2 16.4
-3584.4 -1673.3 16.1
-3602.1 -1671.1 16.1
-3611.3 -1670.2 16.2
-3620.1 -1671.0 16.1
-3632.7 -1670.1 16.1
-3641.8 -1671.0 16.0
-3481.4 -1663.4 16.9
-3542.7 -1663.9 16.7
-3561.4 -1663.2 16.7
-3593.1 -1661.9 16.6
-3613.3 -1660.1 16.7
-3633.3 -1662.8 16.5
-3492.1 -1653.6 17.4
-3503.8 -1650.7 17.5
-3528.9 -1652.4 17.3
-3553.9 -1647.9 17.4
-3563.3 -1651.4 17.2
-3569.5 -1649.0 17.3
-3582.4 -1650.1 17.2
-3593.4 -1653.5 17.0
-3608.5 -1650.7 17.1
-3619.1 -1654.1 16.9
-3638.7 -1654.3 16.9
-3489.0 -1638.4 17.7
-3508.4 -1643.3 17.6
-3519.8 -1642.0 17.6
-3539.0 -1642.3 17.5
-3549.1 -1643.2 17.4
-3574.4 -1639.6 17.3
-3589.8 -1640.6 17.2
-3644.5 -1641.4 17.0
-3650.8 -1644.1 17.0
-3422.0 -1632.1 17.7
-3498.5 -1632.2 17.5
-3508.1 -1634.0 17.5
-3522.2 -1631.0 17.4
-3542.0 -1631.6 17.3
-3553.7 -1634.4 17.3
-3569.4 -1631.1 17.2
-3600.2 -1628.6 17.0
-3628.8 -1631.6 16.9
-3642.2 -1634.0 16.9
-3650.7 -1629.9 16.8
-3504.6 -1622.0 17.4
-3508.7 -1618.9 17.4
-3531.4 -1624.4 17.3
-3554.5 -1622.7 17.2
-3559.7 -1621.1 17.1
-3579.8 -1621.8 17.1
-3590.6 -1620.1 17.0
-3621.0 -1622.5 16.9
-3638.5 -1624.2 16.8
-3568.0 -1609.6 17.0
-3579.0 -1610.6 16.9
-3611.7 -1613.2 16.8
-3622.5 -1607.9 16.7
-3629.7 -1610.8 16.7
-3650.8 -1611.8 16.6
-3502.7 -1604.5 17.2
-3512.7 -1598.1 17.1
-3531.9 -1598.5 17.0
-3563.8 -1603.6 16.9
-3569.5 -1604.0 16.9
-3594.4 -1604.4 16.8
-3472.6 -1589.6 17.2
-3511.4 -1592.5 17.0
-3569.4 -1589.3 16.7
-3581.1 -1594.3 16.7
-3588.7 -1590.0 16.7
-3598.3 -1593.3 16.7
-3609.5 -1594.0 16.6
-3468.4 -1583.5 17.1
-3479.4 -1582.8 17.1
-3488.4 -1580.7 17.0
-3530.3 -1580.3 16.8
-3581.9 -1579.1 16.6
-3453.4 -1571.2 17.1
-3464.6 -1573.3 17.0
-3472.0 -1571.7 17.0
-3483.5 -1570.9 16.9
-3509.7 -1568.4 16.8
-3528.8 -1568.8 16.7
-3553.2 -1569.7 16.6
-3563.1 -1568.6 16.5
-3479.0 -1561.2 16.8
-3491.3 -1558.3 16.8
-3503.4 -1561.1 16.7
-3510.1 -1558.5 16.7
-3522.7 -1562.1 16.7
-3529.8 -1561.5 16.6
-3472.2 -1550.0 16.8
-3489.2 -1554.4 16.7
-3509.9 -1552.7 16.6
-3492.8 -1538.9 16.5
-3492.6 -1533.1 16.5
-3383.1 -1558.7 16.4
-3411.7 -1558.6 16.9
-3391.4 -1548.4 16.5
-3404.3 -1552.7 16.7
-3408.9 -1550.6 16.8
-3394.1 -1539.9 16.4
-3401.9 -1543.6 16.6
-3424.4 -1543.6 16.9
-3419.4 -1501.4 16.5
-3310.8 -1540.7 14.1
-3341.7 -1497.6 15.1
-3356.2 -1500.0 15.4
-3431.1 -1430.3 15.6
-3412.2 -1419.6 15.6
-3381.9 -1403.1 15.1
-3392.3 -1402.5 15.4
-3469.1 -1390.7 15.0
-3457.5 -1375.5 14.9
-3466.1 -1369.4 14.8
-3478.7 -1369.0 14.7
-3461.8 -1365.1 14.7
-3470.9 -1365.2 14.7
-3478.0 -1362.1 14.6
-3417.9 -1350.2 14.8
-3441.5 -1354.0 14.7
-3449.7 -1350.5 14.6
-3482.3 -1352.8 14.5
-3488.5 -1353.4 14.5
-3406.2 -1345.0 14.8
-3446.0 -1339.3 14.5
-3467.3 -1341.4 14.5
-3477.4 -1343.2 14.4
-3409.8 -1333.5 14.6
-3418.1 -1330.7 14.6
-3425.7 -1329.7 14.5
-3442.0 -1332.5 14.5
-3491.7 -1334.7 14.3
-3521.4 -1330.6 14.1
-3412.2 -1321.8 14.5
-3429.9 -1320.3 14.4
-3450.2 -1325.1 14.4
-3496.7 -1323.4 14.1
-3510.0 -1321.9 14.0
-3421.2 -1313.3 14.4
-3439.6 -1309.7 14.2
-3479.0 -1310.9 14.1
-3496.2 -1311.7 14.0
-3238.9 -1546.3 11.4
-3219.0 -1537.3 10.8
-3228.4 -1539.1 11.1
-3239.1 -1540.0 11.5
-3255.3 -1536.7 12.1
-3264.6 -1524.2 12.5
-3248.0 -1516.2 11.9
-3250.1 -1506.3 12.0
-3238.9 -1495.0 11.6
-3247.9 -1496.3 11.9
-3215.9 -1489.5 10.8
-3229.4 -1490.1 11.3
-3247.1 -1490.6 11.9
-3259.5 -1486.3 12.4
-3234.3 -1475.8 11.5
-3254.7 -1475.2 12.3
-3248.1 -1466.3 12.1
-3260.7 -1465.6 12.5
-3328.9 -1470.4 14.6
-3258.1 -1456.1 12.5
-3264.8 -1455.6 12.7
-3266.9 -1445.8 12.8
-3285.3 -1445.3 13.5
-3330.0 -1621.8 14.6
-3359.3 -1454.7 15.0
-3366.7 -1435.4 14.9
-3309.1 -1422.2 13.9
-3318.1 -1421.4 14.1
-3369.3 -1426.6 14.9
-3306.0 -1412.9 13.8
-3316.2 -1401.8 13.9
-3317.9 -1396.6 13.9
-3320.2 -1382.5 13.7
-3349.9 -1374.7 14.0
-3360.2 -1372.0 14.3
-3339.1 -1364.0 13.8
-3367.2 -1366.8 14.5
-3376.6 -1367.8 14.7
-3348.4 -1355.4 13.9
-3356.2 -1352.5 14.1
-3365.5 -1357.6 14.4
-3359.4 -1346.4 14.1
-3378.6 -1345.8 14.7
-3350.6 -1334.9 13.8
-3360.9 -1336.2 14.1
-3370.5 -1337.0 14.4
-3385.2 -1331.8 14.7
-3359.3 -1314.3 13.9
-3390.0 -1311.8 14.5
-3400.1 -1317.0 14.5
-3367.3 -1305.5 14.1
-3397.3 -1305.4 14.4
-3369.4 -1294.7 14.1
-3375.8 -1293.2 14.3
-3556.3 -1505.6 15.9
-3576.2 -1507.0 15.8
-3578.5 -1497.3 15.7
-3586.8 -1496.3 15.6
-3536.5 -1488.0 15.8
-3546.0 -1487.6 15.7
-3552.8 -1486.9 15.7
-3564.2 -1488.2 15.6
-3583.2 -1491.6 15.6
-3514.1 -1476.6 15.7
-3575.4 -1481.8 15.5
-3588.3 -1476.8 15.4
-3494.5 -1467.2 15.7
-3505.8 -1471.5 15.7
-3513.5 -1468.0 15.7
-3555.8 -1469.5 15.5
-3588.5 -1469.7 15.3
-3606.1 -1467.8 15.2
-3515.4 -1460.3 15.6
-3538.6 -1457.7 15.4
-3563.8 -1461.1 15.3
-3573.1 -1457.6 15.3
-3584.5 -1456.9 15.2
-3594.7 -1458.2 15.2
-3453.1 -1449.4 15.7
-3517.1 -1451.8 15.5
-3526.6 -1449.0 15.4
-3546.4 -1448.2 15.3
-3567.4 -1449.6 15.2
-3575.8 -1446.6 15.1
-3594.0 -1446.9 15.0
-3606.8 -1445.5 15.0
-3517.8 -1441.8 15.3
-3535.4 -1441.5 15.3
-3544.0 -1440.9 15.2
-3613.5 -1441.7 14.9
-3498.1 -1430.6 15.3
-3509.0 -1426.9 15.2
-3516.1 -1426.8 15.2
-3528.9 -1431.8 15.2
-3535.9 -1428.4 15.1
-3543.5 -1428.9 15.1
-3554.9 -1430.0 15.0
-3464.0 -1421.1 15.4
-3507.6 -1418.1 15.1
-3512.9 -1415.9 15.1
-3538.8 -1416.1 15.0
-3543.2 -1418.1 15.0
-3555.8 -1420.6 14.9
-3578.8 -1421.5 14.8
-3586.4 -1420.8 14.8
-3616.1 -1417.2 14.6
-3467.3 -1408.0 15.2
-3473.7 -1405.7 15.1
-3504.9 -1406.9 15.0
-3512.6 -1405.8 15.0
-3544.4 -1407.3 14.8
-3557.4 -1409.6 14.8
-3578.1 -1410.6 14.7
-3583.8 -1406.9 14.7
-3606.2 -1406.8 14.5
-3624.1 -1412.0 14.5
-3633.0 -1406.0 14.4
-3473.4 -1398.7 15.1
-3488.0 -1396.8 15.0
-3519.0 -1400.6 14.9
-3558.0 -1397.0 14.7
-3624.9 -1396.6 14.3
-3637.7 -1399.2 14.3
-3486.5 -1389.4 14.9
-3504.2 -1391.0 14.8
-3515.9 -1389.2 14.8
-3553.7 -1389.0 14.6
-3567.0 -1391.8 14.6
-3573.9 -1391.6 14.5
-3603.6 -1387.1 14.3
-3615.3 -1390.5 14.3
-3632.5 -1392.1 14.3
-3487.4 -1379.5 14.8
-3508.7 -1382.0 14.7
-3527.9 -1379.1 14.6
-3533.2 -1376.3 14.5
-3543.6 -1380.7 14.5
-3555.7 -1380.3 14.5
-3597.6 -1375.6 14.2
-3607.2 -1378.5 14.2
-3612.8 -1379.2 14.2
-3624.2 -1380.3 14.2
-3637.4 -1380.4 14.1
-3498.5 -1367.3 14.6
-3503.5 -1367.9 14.6
-3513.4 -1366.4 14.5
-3596.6 -1369.6 14.2
-3605.3 -1369.6 14.1
-3648.9 -1368.6 13.9
-3653.2 -1369.6 13.9
-3524.2 -1357.1 14.4
-3554.2 -1362.0 14.3
-3575.1 -1359.1 14.2
-3588.4 -1361.8 14.1
-3608.1 -1360.7 14.0
-3615.7 -1359.6 14.0
-3627.4 -1358.4 13.9
-3643.7 -1361.6 13.9
-3658.4 -1361.2 13.8
-3666.2 -1361.4 13.8
-3514.7 -1350.0 14.3
-3533.3 -1346.2 14.2
-3555.4 -1350.5 14.2
-3563.1 -1347.2 14.1
-3594.1 -1347.4 13.9
-3636.9 -1349.1 13.8
-3649.2 -1349.0 13.7
-3655.8 -1347.5 13.7
-3668.8 -1349.1 13.6
-3542.6 -1338.8 14.1
-3558.6 -1340.0 14.0
-3576.5 -1337.1 13.9
-3587.4 -1336.8 13.9
-3597.7 -1339.2 13.8
-3607.7 -1337.6 13.8
-3656.7 -1340.2 13.6
-3666.1 -1337.0 13.5
-3535.0 -1330.8 14.0
-3558.2 -1326.0 13.9
-3568.6 -1328.2 13.8
-3578.6 -1329.7 13.8
-3584.9 -1331.8 13.8
-3592.8 -1327.6 13.7
-3605.8 -1330.7 13.7
-3628.0 -1329.1 13.6
-3657.9 -1325.9 13.4
-3577.9 -1319.9 13.7
-3587.4 -1317.3 13.6
-3597.9 -1319.7 13.6
-3607.2 -1316.7 13.5
-3627.1 -1321.3 13.5
-3576.9 -1306.7 13.6
-3592.6 -1308.7 13.5
-3615.9 -1308.4 13.4
-3597.0 -1297.3 13.4
-3605.4 -1296.1 13.3
-3617.9 -1297.7 13.3
-3608.8 -1286.9 13.2
-3616.3 -1285.9 13.2
-3655.4 -1248.4 13.5
-3661.6 -1249.2 13.7
-3651.5 -1241.3 13.8
-3662.3 -1241.9 14.1
-3671.4 -1238.4 14.5
-3683.0 -1236.2 15.0
-3662.1 -1228.3 14.8
-3671.8 -1228.4 15.1
-3692.4 -1227.7 15.7
-3655.1 -1218.0 15.2
-3693.8 -1218.9 15.9
-3551.0 -1545.7 16.3
-3514.2 -1533.6 16.4
-3532.7 -1534.9 16.3
-3552.1 -1535.4 16.2
-3540.8 -1525.2 16.2
-3514.1 -1515.7 16.2
-3545.9 -1514.8 16.0
-3464.5 -1504.0 16.3
-3472.3 -1509.1 16.3
-3521.4 -1505.7 16.0
-3515.0 -1494.1 15.9
-3520.7 -1498.7 16.0
6848.2 -1477.3 32.9
6812.8 -1479.9 33.3
6856.0 -1469.9 32.8
6817.1 -1467.6 32.9
6804.4 -1468.6 33.2
6797.1 -1451.1 33.1
6865.3 -1440.2 33.3
6858.6 -1432.6 33.5
6744.0 -1406.6 33.6
6737.5 -1408.3 33.7
6754.0 -1396.7 33.8
6746.5 -1399.6 33.7
6734.5 -1394.8 33.8
6734.3 -1389.5 33.9
6725.4 -1386.4 33.9
6750.2 -1378.8 34.1
6766.5 -1358.4 34.5
6756.5 -1359.7 34.4
-3592.9 -1524.0 15.9
-3598.7 -1520.1 15.8
-3612.3 -1523.4 15.8
-3621.7 -1519.8 15.7
-3602.9 -1514.4 15.8
-3609.5 -1508.9 15.7
-3600.9 -1499.4 15.6
-3613.4 -1502.8 15.6
-3619.1 -1491.2 15.4
-3622.6 -1482.2 15.3
-3628.1 -1480.4 15.3
-3647.9 -1484.3 15.2
-3662.6 -1480.4 15.1
-3667.6 -1483.7 15.1
-3642.9 -1473.0 15.1
-3651.2 -1473.5 15.1
-3659.7 -1474.4 15.1
-3632.5 -1458.6 15.0
-3638.3 -1460.7 15.0
-3647.4 -1464.6 15.0
-3300.4 -1083.1 12.9
-3318.4 -1075.1 13.7
-3288.9 -1065.3 13.7
-3311.8 -1065.0 14.2
-3318.5 -1063.0 14.4
-3332.9 -1066.0 14.5
-3292.7 -1059.0 14.1
-3320.9 -1056.4 14.8
-3363.8 -1057.8 15.7
-3277.3 -1045.1 14.6
-3319.7 -1047.8 15.3
-3330.4 -1045.5 15.7
-3353.0 -1048.0 16.0
-3367.2 -1048.1 16.3
-3271.2 -1035.5 15.0
-3342.7 -1034.5 16.5
-3352.1 -1034.7 16.7
-3358.3 -1039.3 16.6
-3369.2 -1035.5 16.8
-3260.4 -1028.0 15.2
-3312.1 -1024.0 16.5
-3332.0 -1027.5 16.7
-3370.6 -1022.8 16.6
-3312.3 -1014.4 16.8
-3321.3 -1015.0 16.8
-3347.6 -1015.8 16.7
-3358.4 -1014.3 16.6
-3243.5 -1005.0 16.1
-3321.3 -1009.0 16.9
-3347.9 -1005.6 16.5
-3369.5 -1007.9 16.3
-3249.7 -993.6 16.9
-3298.0 -998.1 16.9
-3330.5 -998.2 16.6
-3227.5 -982.7 16.9
-3252.7 -988.3 16.9
-3260.2 -985.0 16.9
-3282.9 -986.9 16.9
-3293.1 -986.4 16.8
-3222.5 -973.6 17.0
-3243.5 -976.2 17.0
-3247.6 -977.4 17.0
-3263.7 -973.5 16.9
-3273.7 -973.1 16.8
-3291.1 -973.2 16.6
-3301.7 -974.3 16.5
-3429.0 -975.0 14.8
-3250.4 -965.4 16.9
-3290.4 -965.7 16.4
-3302.8 -962.8 16.2
-3212.3 -959.3 17.0
-3219.9 -954.5 17.0
-3238.5 -958.3 16.9
-3251.6 -955.2 16.7
-3282.0 -954.8 16.3
-3291.2 -957.5 16.2
-3300.3 -953.9 16.1
-3211.1 -942.9 17.0
-3263.5 -948.6 16.4
-3288.6 -944.8 16.0
-3298.6 -947.4 15.9
-3202.0 -935.0 16.9
-3232.2 -933.3 16.5
-3293.0 -932.8 15.7
-3302.5 -933.5 15.6
-3198.5 -925.9 16.8
-3219.8 -923.5 16.5
-3233.0 -929.0 16.4
-3237.5 -925.2 16.3
-3259.4 -926.4 16.0
-3272.6 -923.6 15.8
-3280.6 -925.8 15.7
-3187.9 -916.9 16.7
-3198.2 -914.2 16.6
-3221.0 -916.8 16.3
-3239.2 -918.8 16.1
-3290.3 -915.7 15.4
-3192.5 -908.8 16.5
-3247.9 -907.2 15.8
-3181.3 -898.8 16.5
-3192.9 -899.3 16.3
-3200.2 -894.9 16.1
-3222.6 -896.1 15.9
-3229.1 -895.1 15.8
-3251.4 -896.8 15.5
-3281.2 -893.9 15.1
-3289.6 -895.8 15.0
-3299.3 -894.7 14.9
-3169.5 -888.2 16.4
-3187.7 -886.7 16.1
-3203.6 -884.0 15.9
-3211.8 -886.5 15.8
-3251.4 -884.2 15.3
-3262.1 -886.1 15.2
-3271.3 -885.4 15.0
-3172.0 -878.0 16.1
-3182.6 -874.7 15.9
-3188.2 -875.5 15.9
-3197.6 -877.8 15.8
-3210.5 -873.9 15.6
-3221.4 -873.7 15.4
-3240.0 -877.6 15.3
-3249.3 -877.5 15.1
-3270.4 -879.2 14.9
-3187.7 -864.9 15.7
-3198.0 -869.0 15.6
-3222.7 -865.2 15.2
-3227.7 -867.0 15.2
-3241.2 -863.8 15.0
-3261.6 -865.6 14.7
-3308.4 -864.2 14.1
-3320.3 -867.6 14.0
-3353.0 -865.0 13.6
-3359.9 -867.1 13.5
-3390.0 -867.5 13.1
-3151.8 -854.1 15.9
-3158.3 -858.7 15.9
-3203.5 -858.3 15.3
-3213.2 -854.5 15.1
-3242.4 -853.5 14.7
-3248.8 -858.5 14.8
-3297.1 -855.5 14.1
-3310.3 -858.5 14.0
-3322.8 -856.4 13.8
-3329.0 -856.5 13.7
-3371.1 -859.2 13.2
-3383.4 -853.0 12.9
-3389.5 -853.9 12.9
-3157.5 -848.1 15.7
-3169.7 -845.4 15.5
-3200.7 -843.5 15.1
-3219.8 -846.5 14.9
-3257.6 -847.9 14.4
-3272.2 -848.8 14.3
-3291.9 -845.6 13.9
-3308.1 -847.3 13.8
-3331.1 -846.6 13.5
-3341.2 -845.1 13.3
-3348.7 -848.6 13.3
-3367.2 -845.8 13.0
-3383.6 -846.0 12.8
-3387.3 -842.8 12.7
-3193.7 -838.3 15.1
-3232.4 -838.0 14.6
-3271.2 -833.1 14.0
-3302.6 -836.6 13.6
-3320.5 -835.9 13.4
-3363.5 -838.9 12.9
-3369.2 -836.0 12.8
-3380.6 -837.7 12.6
-3137.7 -1900.3 10.3
-3106.6 -1892.2 9.7
-3120.8 -1888.6 9.9
-3138.7 -1889.8 10.1
-3100.8 -1880.2 9.5
-3121.0 -1882.3 9.8
-3150.7 -1883.6 10.2
-3107.3 -1874.1 9.5
-3116.4 -1872.0 9.6
-3161.1 -1870.5 10.2
-3170.3 -1871.5 10.3
-3176.7 -1870.8 10.4
-3099.4 -1858.1 9.5
-3108.9 -1861.2 9.5
-3186.8 -1858.1 10.4
-3198.9 -1864.1 10.7
-3150.4 -1850.4 9.8
-3161.2 -1848.4 9.9
-3099.7 -1839.1 9.5
-3109.9 -1838.7 9.6
-3118.2 -1844.2 9.6
-3196.5 -1841.3 10.3
-3195.4 -1828.9 10.1
-3121.5 -1823.1 9.7
-3097.3 -1808.8 9.6
-3200.9 -1809.0 10.0
-3207.0 -1811.0 10.0
-3089.5 -1798.6 9.6
-3098.1 -1798.5 9.6
-3115.6 -1801.6 9.7
-3095.0 -1788.6 9.6
-3209.9 -1793.8 9.8
-3100.9 -1782.3 9.6
-3117.0 -1778.1 9.5
-3200.2 -1783.1 9.6
-3118.5 -1774.1 9.4
-3129.8 -1771.8 9.4
-3137.5 -1770.0 9.3
-3146.5 -1772.4 9.4
-3168.3 -1770.2 9.4
-3106.0 -1764.1 9.2
-3116.9 -1760.5 9.2
-3138.6 -1762.5 9.3
-3145.5 -1751.5 9.2
-2977.7 -1433.4 11.6
-2965.4 -1419.3 12.4
-3010.0 -1397.7 10.1
-2931.6 -1386.6 13.2
-2975.9 -1386.6 11.6
-3054.7 -1336.8 9.3
-3007.1 -1325.8 9.8
-3056.6 -1326.1 9.3
-3009.3 -1316.3 9.7
-3015.2 -1320.8 9.6
-3035.0 -1319.0 9.4
-3065.4 -1321.1 9.0
-3074.0 -1319.8 8.9
-2999.4 -1305.7 9.7
-3009.6 -1306.6 9.5
-3019.3 -1308.9 9.4
-3068.3 -1305.2 8.8
-3009.6 -1300.5 9.5
-3020.0 -1301.1 9.3
-3074.2 -1295.9 8.7
-3004.6 -1287.1 9.4
-3015.4 -1289.3 9.2
-3077.2 -1289.2 8.9
-3097.6 -1285.3 9.1
-3004.4 -1276.2 9.2
-3029.3 -1279.8 9.0
-3055.0 -1276.9 9.0
-3076.3 -1275.0 9.2
-2987.8 -1267.0 9.3
-2995.3 -1265.8 9.2
-3009.8 -1269.6 9.1
-3034.4 -1267.9 9.0
-3069.2 -1267.6 9.3
-3083.9 -1265.3 9.4
-2979.9 -1260.7 9.3
-2989.2 -1257.1 9.2
-3005.8 -1256.3 9.0
-3018.3 -1261.3 9.0
-3028.3 -1260.1 9.1
-3037.2 -1255.7 9.2
-3049.1 -1259.3 9.3
-3055.4 -1258.2 9.3
-3065.9 -1256.4 9.4
-3077.6 -1257.8 9.5
-2987.0 -1249.7 9.1
-2999.8 -1250.3 9.1
-3010.1 -1245.1 9.2
-3015.8 -1247.3 9.2
-3044.2 -1249.5 9.4
-3056.6 -1250.2 9.5
-3064.6 -1247.6 9.6
-3078.4 -1249.2 9.7
-2989.4 -1238.5 9.2
-3008.0 -1240.5 9.3
-3040.2 -1239.7 9.6
-3054.8 -1239.9 9.7
-3068.6 -1237.5 9.8
-2986.1 -1229.6 9.4
-3005.7 -1225.0 9.6
-3084.3 -1229.1 10.1
-3039.6 -1220.1 9.9
-3066.2 -1217.6 10.1
-3036.2 -1210.3 10.1
-3048.2 -1209.8 10.1
-3074.7 -1205.1 10.2
-3490.6 -1887.1 10.3
-3464.9 -1878.2 9.6
-3464.4 -1866.2 9.7
-3471.1 -1859.3 9.7
-3471.2 -1848.8 9.8
-3434.2 -1889.8 9.4
-3425.8 -1884.6 9.1
-3323.5 -1868.8 6.3
-3325.7 -1822.0 8.1
6824.9 -1931.7 33.1
6806.5 -1930.9 33.6
6799.3 -1933.7 33.8
6830.3 -1920.2 33.0
6819.5 -1922.8 33.3
6805.0 -1923.2 33.6
6800.3 -1921.5 33.7
6785.0 -1917.3 34.1
6774.4 -1907.5 34.3
6839.8 -1898.1 32.7
6779.8 -1900.9 34.2
6837.7 -1881.5 32.5
6824.6 -1883.4 32.8
6818.7 -1880.8 32.9
6799.8 -1880.4 33.3
6774.9 -1880.0 33.8
6826.0 -1872.6 32.6
6834.6 -1863.1 32.2
6828.9 -1857.7 32.2
6827.8 -1847.9 32.1
6800.1 -1853.3 32.8
6835.9 -1837.7 31.7
6825.1 -1838.7 31.9
6818.8 -1839.5 32.1
6826.4 -1831.6 31.8
-3121.4 -1261.9 9.8
6891.9 -1704.5 31.4
6871.0 -1705.3 31.5
6857.4 -1705.9 31.6
6847.2 -1704.5 31.6
6829.1 -1704.4 31.5
6821.3 -1706.0 31.5
6903.3 -1695.8 31.7
6871.0 -1699.8 31.5
6848.8 -1698.0 31.7
6818.0 -1700.6 31.6
6800.4 -1699.9 31.5
6893.1 -1684.3 31.7
6838.3 -1686.7 31.8
6800.3 -1684.2 31.7
6778.2 -1686.3 31.6
6721.0 -1684.9 31.8
6908.6 -1677.7 32.1
6893.3 -1680.8 31.7
6852.0 -1679.4 31.8
6840.3 -1675.3 31.9
6829.0 -1676.5 31.9
6813.1 -1677.6 31.8
6792.2 -1680.9 31.7
6779.1 -1680.4 31.7
6730.4 -1675.7 31.7
6908.5 -1670.1 32.2
6887.1 -1665.7 31.8
6848.4 -1667.1 31.9
6773.2 -1670.1 31.7
6743.2 -1664.3 31.7
6727.1 -1666.3 31.8
6880.8 -1660.2 31.8
6861.0 -1657.2 31.8
6782.2 -1659.0 31.9
6733.1 -1658.9 31.7
6777.6 -1645.4 32.0
6737.0 -1650.0 31.9
6727.8 -1650.4 31.8
6778.1 -1636.5 32.1
6851.8 -1625.6 32.1
6753.4 -1628.9 32.1
6795.6 -1560.5 33.1
6793.2 -1551.0 33.2
6803.4 -1530.4 33.5
-3253.8 -1141.4 11.1
-3274.3 -1123.0 11.7
-3632.0 -1154.6 15.5
-3628.5 -1144.5 15.3
-3648.4 -1145.4 15.0
-3623.3 -1126.9 15.0
-3621.5 -1117.5 14.8
-3638.9 -1103.8 14.6
-3658.6 -1105.8 14.4
-3668.9 -1106.8 14.2
-3607.8 -1094.9 14.6
-3621.9 -1091.6 14.6
-3637.8 -1095.0 14.4
-3663.3 -1093.9 13.9
-3673.2 -1096.0 13.8
-3611.6 -1085.1 14.6
-3618.5 -1086.8 14.5
-3628.2 -1083.7 14.2
-3657.8 -1085.7 13.8
-3622.0 -1076.7 14.1
-3632.9 -1074.9 13.9
-3641.9 -1077.8 13.8
-3671.4 -1074.3 13.1
-3620.8 -1065.6 13.8
-3632.1 -1062.9 13.5
-3640.9 -1064.5 13.4
-3650.8 -1064.8 13.2
-3661.8 -1062.6 12.9
-3628.8 -1057.7 13.4
-3639.9 -1053.4 13.0
-3652.7 -1057.7 12.9
-3668.7 -1051.5 12.4
-3597.3 -1045.8 13.6
-3613.5 -1043.9 13.2
-3638.5 -1045.4 12.8
-3650.9 -1045.2 12.6
-3661.0 -1045.4 12.4
-3671.5 -1044.9 12.2
-3621.3 -1034.3 12.8
-3627.8 -1033.0 12.6
-3673.0 -1032.0 12.0
-3583.7 -1022.4 13.1
-3622.3 -1022.0 12.3
-3640.9 -1021.9 12.1
-3648.3 -1026.0 12.1
-3581.7 -1015.1 12.9
-3602.3 -1015.8 12.5
-3617.9 -1013.8 12.2
-3633.4 -1015.5 12.0
-3641.6 -1012.0 12.0
-3657.6 -1013.1 11.9
-3609.1 -1006.7 12.1
-3619.8 -1001.3 12.0
-3638.8 -1007.1 12.0
-3663.1 -1004.2 11.8
-3622.2 -995.5 11.9
-3630.4 -992.1 11.9
-3649.8 -997.8 11.8
-3618.3 -984.9 11.8
-3631.5 -985.2 11.8
-3643.1 -985.8 11.8
-3647.8 -983.3 11.7
-3630.7 -974.0 11.7
-3135.8 -1379.6 9.4
-3147.5 -1379.5 9.6
-3140.0 -1368.5 9.5
-3145.3 -1368.6 9.5
-3139.6 -1358.3 9.4
-3140.0 -1352.6 9.4
-3146.4 -1342.8 9.5
-3169.7 -1318.3 9.8
-3198.4 -1527.3 10.4
-3195.0 -1516.3 10.4
-3157.7 -1510.6 9.9
-3197.4 -1510.8 10.4
-3166.6 -1497.7 9.9
-3185.5 -1487.6 10.2
-3193.9 -1491.6 10.3
-3195.6 -1482.2 10.3
-3193.3 -1466.4 10.3
-3174.8 -1456.7 10.0
-3194.5 -1459.1 10.3
-3178.4 -1447.1 10.1
-3182.8 -1449.8 10.1
-3175.7 -1439.6 10.0
-3176.4 -1427.1 10.0
-3094.7 -1472.8 9.5
-3119.9 -1464.2 9.3
-3146.4 -1467.3 9.6
-3105.4 -1452.8 8.9
-3114.4 -1442.8 9.1
-3124.6 -1446.2 9.3
-3806.4 -1865.0 9.7
-3755.6 -1847.7 10.2
-3693.1 -1816.7 11.3
-3675.8 -1807.0 11.3
-3653.0 -1795.5 11.0
-3628.0 -1784.6 10.8
-3614.1 -1776.0 10.9
-3592.5 -1764.7 10.8
-3576.5 -1754.9 10.9
-3558.9 -1745.2 11.1
-3568.5 -1747.6 11.1
-3546.5 -1736.1 11.7
-3446.7 -1696.4 14.0
-3396.0 -1680.3 14.8
-3817.2 -1859.4 10.6
-3808.2 -1854.1 10.7
-3828.5 -1852.2 11.3
-3766.3 -1842.5 10.3
-3779.7 -1843.8 10.6
-3768.8 -1828.1 11.4
-3774.4 -1833.5 11.2
-3717.3 -1818.7 11.5
-3727.4 -1823.0 11.4
-3756.9 -1822.4 11.5
-3705.8 -1811.1 11.3
-3729.9 -1813.7 11.3
-3745.1 -1809.6 11.4
-3765.1 -1809.5 11.5
-3727.3 -1798.5 11.4
-3736.8 -1801.7 11.4
-3749.8 -1798.3 11.4
-3756.7 -1802.4 11.4
-3764.1 -1800.7 11.5
-3779.4 -1798.8 11.5
-3709.2 -1788.3 11.4
-3760.4 -1793.0 11.5
-3768.6 -1792.5 11.5
-3784.9 -1794.3 11.5
-3648.0 -1784.3 11.1
-3700.1 -1783.0 11.3
-3729.6 -1780.9 11.4
-3744.2 -1779.3 11.5
-3766.0 -1781.6 11.5
-3775.3 -1780.5 11.6
-3786.7 -1778.0 11.6
-3665.2 -1772.5 11.3
-3685.9 -1771.7 11.3
-3697.0 -1773.0 11.4
-3719.6 -1771.1 11.4
-3739.7 -1773.4 11.5
-3745.1 -1771.0 11.5
-3770.0 -1773.0 11.5
-3659.2 -1757.8 11.7
-3689.2 -1758.7 11.6
-3718.3 -1762.5 11.5
-3728.9 -1763.5 11.4
-3770.2 -1762.1 11.5
-3774.7 -1761.4 11.5
-3813.9 -1761.1 11.6
-3668.1 -1750.4 12.0
-3676.1 -1750.5 12.0
-3696.2 -1751.2 11.9
-3729.6 -1751.7 11.8
-3737.9 -1753.2 11.7
-3748.3 -1750.0 11.8
-3756.3 -1750.5 11.8
-3778.0 -1754.0 11.8
-3669.6 -1737.9 12.6
-3698.5 -1741.9 12.4
-3718.5 -1743.0 12.2
-3757.2 -1738.0 12.4
-3774.0 -1740.8 12.2
-3796.2 -1738.4 12.2
-3699.1 -1732.6 12.8
-3736.3 -1732.4 12.7
-3744.8 -1733.8 12.6
-3793.8 -1732.4 12.5
-3709.9 -1720.2 13.4
-3717.8 -1718.0 13.5
-3727.0 -1720.4 13.3
-3770.1 -1721.8 13.1
-3798.9 -1722.3 13.0
-3725.8 -1709.1 13.9
-3735.6 -1712.4 13.7
-3754.9 -1709.9 13.8
-3765.8 -1712.4 13.6
-3775.6 -1709.8 13.7
-3789.1 -1711.4 13.6
-3740.3 -1700.9 14.2
-3770.4 -1702.4 14.1
-3784.1 -1703.8 14.0
-3795.6 -1699.2 14.2
-3717.5 -1689.6 14.9
-3726.4 -1691.1 14.8
-3758.3 -1689.8 14.7
-3775.3 -1690.3 14.7
-3745.5 -1678.9 15.3
-3779.4 -1681.9 15.1
-3798.4 -1680.0 15.1
-3804.1 -1683.4 14.9
-3734.9 -1672.7 15.7
-3786.1 -1674.3 15.4
-3797.0 -1669.6 15.6
-3718.7 -1660.8 16.3
-3726.4 -1658.8 16.4
-3734.0 -1662.6 16.2
-3776.3 -1662.3 16.0
-3788.0 -1658.2 16.2
-3798.7 -1664.3 15.9
-3809.3 -1662.8 15.9
-3729.6 -1653.7 16.6
-3749.9 -1649.8 16.5
-3729.4 -1641.1 16.6
-3746.4 -1642.6 16.5
-3881.6 -1779.8 11.8
-3893.8 -1783.3 11.9
-3903.7 -1782.1 11.9
-3882.6 -1769.1 11.7
-3893.2 -1774.0 11.8
-3901.6 -1770.6 11.7
-3914.2 -1769.8 11.7
-3854.6 -1759.0 11.7
-3903.3 -1759.4 11.8
-3924.2 -1760.9 11.8
-3965.0 -1759.0 11.9
-3836.3 -1749.2 11.9
-3844.4 -1750.4 11.9
-3854.2 -1749.5 12.0
-3861.3 -1752.4 11.9
-3873.6 -1748.8 12.0
-3881.5 -1752.9 11.9
-3894.2 -1753.0 11.9
-3911.4 -1750.6 12.0
-3961.1 -1750.0 12.0
-3806.5 -1744.1 11.9
-3835.6 -1739.9 12.1
-3841.3 -1742.0 12.1
-3854.4 -1742.8 12.1
-3862.5 -1737.9 12.2
-3872.4 -1740.9 12.2
-3883.7 -1740.5 12.2
-3913.8 -1741.2 12.2
-3814.7 -1733.2 12.4
-3845.9 -1732.8 12.3
-3865.7 -1730.1 12.4
-3874.0 -1729.4 12.4
-3881.4 -1731.3 12.3
-3891.2 -1730.4 12.3
-3904.4 -1730.3 12.4
-3916.3 -1733.9 12.4
-3933.3 -1729.7 12.5
-3824.7 -1719.6 13.1
-3831.0 -1723.6 12.8
-3842.5 -1719.4 13.0
-3850.8 -1721.2 12.9
-3866.5 -1718.7 13.0
-3873.5 -1720.8 12.9
-3903.6 -1723.8 12.6
-3922.5 -1721.0 12.7
-3814.8 -1714.1 13.4
-3842.4 -1712.8 13.3
-3856.0 -1711.8 13.3
-3865.6 -1707.7 13.5
-3885.5 -1711.6 13.3
-3891.4 -1713.6 13.2
-3830.0 -1701.6 13.9
-3844.0 -1699.3 14.0
-3865.7 -1698.3 14.0
-3872.7 -1703.0 13.7
-3830.2 -1692.2 14.4
-3844.5 -1691.6 14.4
-3863.8 -1692.9 14.3
-3872.4 -1694.1 14.2
-3835.9 -1682.2 14.9
-3845.4 -1682.1 14.8
