-6712.9 -1037.4 39.0
-6729.3 -1025.4 39.3
-6689.8 -1020.3 38.7
-6733.0 -996.4 39.5
-6690.4 -991.4 38.9
-6711.8 -988.3 39.2
-6725.2 -987.0 39.4
-6741.7 -988.6 39.7
-6701.0 -956.2 39.3
-6701.7 -948.1 39.5
-6702.1 -937.0 39.7
-6714.6 -937.0 40.0
-6712.5 -925.3 40.1
-6709.9 -915.6 40.3
-6701.3 -905.8 40.3
-6715.4 -911.6 40.5
-6704.0 -890.4 40.7
-6711.9 -881.0 41.0
-6709.6 -866.8 41.3
-6743.3 -861.3 42.3
-6851.7 -2186.5 31.4
-6868.2 -2186.9 31.7
-6878.0 -2185.5 31.8
-6891.9 -2184.1 32.0
-6877.1 -2175.3 31.9
-6882.0 -2165.0 32.0
-6888.3 -2161.0 32.1
-6741.2 -2156.4 31.0
-6751.8 -2152.3 31.2
-6762.6 -2153.6 31.2
-6887.4 -2154.3 32.1
-6768.5 -2144.3 31.5
-6869.9 -2144.1 32.1
-6889.9 -2146.4 32.2
-6937.6 -786.3 44.2
-6907.4 -756.4 45.1
-6886.8 -748.4 45.4
-6908.9 -745.3 45.1
-6936.7 -701.0 44.6
-6935.5 -688.7 44.7
-6888.2 -616.2 46.1
-6827.6 -611.2 47.2
-6846.9 -609.2 46.9
-5878.9 -1291.3 51.2
-5890.9 -1289.9 51.0
-5883.5 -1280.6 50.6
-5893.0 -1281.7 50.5
-5857.6 -1275.0 50.7
-6068.3 -1686.8 46.5
-6055.2 -1678.9 46.5
-6059.0 -1669.5 46.5
-6030.8 -1571.6 48.0
-6030.6 -1563.2 48.0
-6028.2 -1551.8 47.9
-6071.3 -1627.3 46.6
-6098.6 -1610.5 46.3
-6098.9 -1601.1 46.3
-6088.6 -1588.1 46.4
-6106.2 -1588.5 46.1
-6100.7 -1311.7 44.3
-6095.2 -1266.0 44.3
-6090.1 -1245.6 43.6
-6079.7 -1233.3 43.2
-6094.9 -1233.2 42.7
-6079.1 -1224.6 42.7
-6086.4 -1222.1 42.4
-6099.0 -1220.3 42.0
-6079.6 -1214.8 42.2
-6087.2 -1215.9 42.1
-6096.7 -1214.7 41.9
-6056.6 -1204.9 42.4
-6075.4 -1202.5 42.0
-6075.5 -1193.6 41.8
-6065.1 -1183.7 41.8
-6088.7 -1162.4 41.1
-6016.6 -1150.6 42.9
-6025.5 -1151.3 42.7
-5954.6 -1133.8 44.3
-6130.7 -890.4 37.0
-6157.6 -887.8 36.4
-6188.1 -890.5 36.2
-6131.1 -878.5 36.6
-6166.4 -879.7 36.4
-6180.8 -880.9 36.5
-6200.0 -878.5 36.7
-6208.9 -878.8 36.8
-6220.9 -876.4 37.0
-6131.5 -868.6 36.4
-6148.6 -868.1 36.6
-6172.5 -866.6 36.9
-6210.8 -868.6 37.1
-6222.5 -870.9 37.1
-6136.3 -856.9 36.9
-6150.1 -859.9 36.9
-6157.1 -857.8 37.1
-6182.5 -860.6 37.1
-6188.3 -856.9 37.1
-6197.7 -859.9 37.1
-6079.1 -846.0 36.7
-6087.9 -851.2 36.6
-6140.1 -851.3 37.0
-6148.6 -850.5 37.0
-6056.9 -838.1 36.8
-6148.0 -835.6 37.0
-6159.7 -839.4 37.0
-6169.1 -841.1 37.0
-6057.5 -826.7 37.0
-6096.3 -825.8 37.0
-6129.2 -829.1 37.0
-6139.6 -828.6 37.0
-6056.4 -817.8 37.1
-6120.1 -817.1 37.2
-6130.2 -816.5 37.2
-6062.5 -810.6 37.2
-6068.3 -808.6 37.2
-6099.5 -808.9 37.2
-6082.0 -800.5 37.3
-6108.5 -799.5 37.3
-6119.6 -796.7 37.4
-6090.7 -787.4 37.3
-6117.5 -790.0 37.4
-6126.5 -786.8 37.4
-6140.8 -785.8 37.5
-6146.7 -791.3 37.5
-6159.1 -791.0 37.5
-6168.3 -787.6 37.5
-6071.1 -780.2 37.3
-6086.4 -779.5 37.4
-6129.0 -779.8 37.5
-6141.7 -778.4 37.5
-6147.9 -777.4 37.5
-6072.5 -768.2 37.5
-6082.2 -770.8 37.4
-6099.4 -771.0 37.4
-6106.9 -767.4 37.5
-6151.3 -771.7 37.6
-6051.6 -761.3 37.7
-6059.0 -758.6 37.7
-6066.3 -759.0 37.7
-6090.3 -757.0 37.5
-6099.5 -755.8 37.5
-6108.1 -762.0 37.5
-6119.5 -756.0 37.6
-6138.7 -756.6 37.6
-6010.9 -747.7 37.6
-6026.4 -750.0 37.7
-6039.6 -750.3 37.8
-6060.3 -749.4 37.8
-6072.3 -746.2 37.8
-6098.1 -751.6 37.6
-6111.3 -747.7 37.6
-6122.7 -750.2 37.6
-6011.0 -738.4 37.7
-6026.2 -741.5 37.8
-6062.5 -738.1 38.0
-6080.0 -737.8 37.9
-6119.1 -737.1 37.6
-5970.1 -727.5 37.6
-5978.3 -731.2 37.6
-5990.5 -727.7 37.7
-6018.0 -727.3 37.9
-6041.3 -726.9 38.0
-6051.1 -731.2 38.0
-6069.5 -731.2 38.0
-6108.6 -729.0 37.8
-5961.1 -719.4 37.6
-5978.2 -715.7 37.7
-6087.7 -721.0 38.1
-5981.0 -708.0 37.8
-6092.3 -710.8 38.2
-5962.1 -699.2 37.8
-5968.0 -696.5 37.9
-5979.6 -697.7 37.9
-6077.7 -695.7 38.5
-6098.1 -699.4 38.3
-5971.2 -687.5 38.0
-5978.7 -685.9 38.0
-6091.0 -685.6 38.5
-6691.6 -2370.5 31.1
-6643.1 -2361.3 31.8
-6654.8 -2363.7 31.6
-6671.2 -2363.6 31.4
-6574.4 -2350.1 32.7
-6586.1 -2353.5 32.5
-6605.4 -2353.6 32.3
-6616.4 -2355.4 32.2
-6623.1 -2355.8 32.1
-6631.6 -2350.9 32.2
-6660.8 -2353.7 31.8
-6676.6 -2353.9 31.7
-6545.6 -2340.8 33.3
-6555.7 -2340.6 33.2
-6573.5 -2342.5 33.0
-6581.3 -2341.8 32.9
-6600.5 -2346.4 32.6
-6632.0 -2343.8 32.4
-6641.0 -2342.3 32.4
-6666.7 -2343.8 32.1
-6672.9 -2344.1 32.0
-6681.1 -2345.2 31.9
-6471.4 -2330.9 34.1
-6491.1 -2331.5 33.9
-6553.5 -2335.0 33.3
-6572.6 -2331.8 33.1
-6581.7 -2330.8 33.0
-6596.6 -2331.7 32.9
-6604.0 -2333.6 32.9
-6612.3 -2330.5 32.8
-6693.4 -2334.0 32.1
-6434.7 -2324.5 34.5
-6445.0 -2326.2 34.4
-6473.3 -2322.7 34.2
-6481.1 -2322.5 34.1
-6522.1 -2321.8 33.7
-6553.7 -2321.2 33.4
-6576.8 -2321.9 33.2
-6586.1 -2323.1 33.1
-6594.7 -2324.7 33.0
-6602.7 -2324.5 32.9
-6613.6 -2323.6 32.8
-6635.3 -2323.1 32.6
-6644.3 -2321.1 32.6
-6653.9 -2323.7 32.4
-6665.9 -2323.1 32.3
-6671.5 -2323.3 32.3
-6686.4 -2322.1 32.1
-6692.6 -2325.0 32.1
-6466.8 -2312.0 34.4
-6481.3 -2313.8 34.3
-6490.4 -2315.7 34.1
-6524.6 -2311.4 33.9
-6543.4 -2314.7 33.6
-6556.0 -2314.7 33.5
-6574.7 -2310.8 33.4
-6586.3 -2316.5 33.2
-6594.9 -2314.7 33.1
-6602.5 -2311.0 33.1
-6632.5 -2315.0 32.8
-6670.7 -2316.6 32.4
-6692.7 -2312.8 32.2
-6476.4 -2306.3 34.4
-6482.8 -2300.8 34.4
-6493.5 -2306.7 34.2
-6505.3 -2302.3 34.2
-6524.2 -2304.0 34.0
-6555.0 -2306.5 33.7
-6573.3 -2306.4 33.5
-6581.5 -2305.5 33.4
-6606.5 -2300.2 33.3
-6612.0 -2305.8 33.1
-6622.1 -2305.7 33.0
-6642.9 -2306.2 32.8
-6653.0 -2302.8 32.8
-6665.0 -2301.5 32.7
-6671.2 -2304.6 32.6
-6687.0 -2300.5 32.5
-6696.6 -2302.1 32.3
-6444.5 -2292.7 34.9
-6462.0 -2290.2 34.8
-6472.9 -2291.1 34.7
-6652.0 -2296.3 32.9
-6665.5 -2291.4 32.8
-6685.8 -2294.8 32.6
-6692.7 -2296.1 32.5
-6701.7 -2293.1 32.4
-6444.7 -2282.1 35.1
-6463.0 -2285.0 34.9
-6475.2 -2282.7 34.8
-6585.8 -2285.6 33.7
-6593.5 -2283.4 33.6
-6601.1 -2285.2 33.5
-6621.1 -2280.3 33.4
-6635.3 -2282.1 33.2
-6670.4 -2285.7 32.8
-6684.8 -2286.0 32.6
-6697.0 -2281.4 32.5
-6454.6 -2271.0 35.2
-6463.8 -2272.9 35.1
-6475.1 -2274.8 34.9
-6564.4 -2274.1 34.1
-6575.3 -2272.4 34.0
-6592.1 -2275.9 33.8
-6602.4 -2270.3 33.6
-6623.6 -2273.7 33.4
-6663.3 -2271.3 32.9
-6671.7 -2272.2 32.8
-6691.3 -2273.6 32.5
-6702.7 -2270.6 32.4
-6455.9 -2265.7 35.2
-6464.8 -2262.0 35.2
-6594.2 -2260.2 33.7
-6616.3 -2260.7 33.4
-6621.1 -2264.0 33.4
-6636.1 -2264.5 33.2
-6645.6 -2264.0 33.1
-6680.4 -2262.7 32.6
-6696.5 -2265.7 32.5
-6446.2 -2250.9 35.5
-6472.1 -2253.2 35.2
-6564.2 -2253.1 34.0
-6576.3 -2252.0 33.8
-6580.7 -2254.2 33.8
-6594.5 -2254.1 33.6
-6601.8 -2250.3 33.5
-6612.1 -2251.0 33.3
-6626.5 -2255.8 33.2
-6671.3 -2251.0 32.6
-6692.4 -2253.3 32.3
-6453.9 -2240.6 35.7
-6573.8 -2244.4 33.7
-6601.6 -2246.4 33.4
-6613.0 -2243.6 33.2
-6672.7 -2242.5 32.4
-6684.9 -2243.1 32.3
-6491.6 -2235.9 35.1
-6513.3 -2234.8 34.6
-6522.1 -2231.7 34.4
-6536.8 -2231.3 34.1
-6544.6 -2232.8 34.0
-6563.5 -2231.7 33.7
-6571.0 -2235.2 33.6
-6605.5 -2231.1 33.1
-6612.7 -2233.9 33.1
-6632.6 -2231.8 32.8
-6546.9 -2221.0 34.0
-6552.7 -2225.2 33.8
-6572.1 -2221.4 33.5
-6582.4 -2224.2 33.3
-6613.5 -2224.6 32.9
-6630.9 -2224.7 32.7
-6643.8 -2223.4 32.5
-6574.9 -2215.1 33.5
-6584.9 -2211.7 33.3
-6610.9 -2212.1 32.8
-6620.8 -2214.9 32.7
-6360.7 -2167.6 39.0
-6373.6 -2163.8 39.2
-6373.5 -2157.6 39.6
-6284.6 -2143.7 41.0
-6439.6 -2146.4 38.5
-6281.1 -2138.6 41.3
-6291.9 -2136.1 41.4
-6269.6 -2128.0 42.1
-6289.3 -2129.7 41.9
-6274.9 -2118.2 42.7
-6292.5 -2117.1 42.7
-6295.3 -2106.9 43.3
