6735.5 -1129.0 36.7
6712.3 -1129.1 36.3
6702.0 -1130.7 36.1
6772.3 -1116.1 37.7
6763.6 -1121.4 37.4
6754.4 -1122.2 37.2
6725.9 -1120.2 36.8
6714.9 -1118.7 36.6
6751.3 -1108.7 37.5
6740.8 -1105.9 37.4
6731.5 -1107.5 37.2
6721.9 -1109.0 37.0
6714.2 -1108.6 36.9
6665.7 -1107.4 36.1
6792.2 -1101.3 38.4
6784.3 -1101.4 38.3
6772.9 -1101.9 38.1
6745.8 -1095.7 37.8
6731.6 -1102.2 37.3
6722.4 -1100.2 37.2
6710.8 -1098.4 37.1
6704.5 -1096.0 37.0
6696.7 -1097.8 36.8
6682.3 -1098.9 36.6
6775.2 -1091.1 38.2
6763.9 -1090.5 38.1
6752.9 -1089.9 37.9
6723.6 -1089.7 37.4
6701.7 -1090.0 37.0
6692.5 -1090.9 36.9
6681.8 -1086.7 36.7
6664.0 -1090.6 36.4
6810.7 -1080.3 38.8
6801.1 -1077.2 38.7
6792.0 -1079.5 38.5
6786.9 -1079.6 38.5
6812.1 -1068.2 38.9
6806.2 -1068.0 38.8
6805.5 -1057.7 38.8
6814.5 -1037.4 39.0
6793.1 -1039.5 38.6
6796.9 -1032.2 38.7
6780.5 -1026.5 38.5
6796.9 -1009.2 39.1
6786.5 -1008.6 39.0
6575.8 -956.6 35.1
6572.0 -931.5 34.8
6751.8 -920.5 39.7
6735.0 -918.6 39.2
6572.5 -916.2 34.7
6563.6 -917.2 34.5
6724.4 -906.7 38.9
6572.3 -908.2 34.7
6563.4 -908.0 34.5
6745.0 -897.7 39.5
6724.7 -897.5 39.0
6753.1 -886.2 39.8
6736.1 -891.1 39.3
6726.9 -892.1 39.1
6571.7 -886.1 34.5
6561.5 -887.6 34.2
6772.0 -877.1 40.4
6766.9 -878.8 40.2
6753.2 -880.2 39.9
6611.0 -882.2 35.7
6597.1 -876.1 35.1
6570.6 -876.7 34.3
6556.2 -882.0 33.9
6771.1 -871.5 40.4
6723.6 -869.6 39.0
6732.0 -856.8 39.0
6766.2 -850.9 40.0
6731.2 -841.1 38.7
6723.4 -836.0 38.3
6763.5 -827.5 39.9
6723.7 -830.1 38.2
6551.9 -832.2 34.0
6752.5 -815.8 39.3
6745.9 -821.8 38.8
6550.5 -820.2 34.1
6766.0 -807.9 40.1
6756.5 -811.0 39.5
6544.3 -807.7 34.1
6763.4 -797.0 39.9
6755.8 -800.1 39.5
6725.6 -795.8 37.7
6543.6 -798.2 34.2
6530.8 -798.0 34.1
6763.0 -791.3 39.8
6752.1 -788.3 39.2
6554.5 -788.0 34.4
6534.1 -786.8 34.2
6766.9 -778.6 39.6
6753.3 -780.9 39.0
6734.7 -778.4 38.1
6725.7 -781.2 37.8
6561.6 -777.3 34.5
6551.7 -776.4 34.4
6766.4 -771.8 39.4
6541.2 -769.2 34.3
6537.0 -770.5 34.3
6762.3 -757.5 38.8
6551.2 -757.7 34.1
6536.2 -755.7 33.9
6553.0 -749.1 33.9
6763.5 -739.1 38.5
6741.0 -737.5 37.5
6543.9 -740.9 33.8
6521.1 -736.9 33.7
6756.4 -728.0 38.3
6726.7 -729.5 36.9
6561.8 -726.5 34.0
6737.0 -717.1 37.5
6552.5 -717.7 34.0
6542.7 -718.2 33.9
6536.5 -719.1 33.9
6554.0 -708.3 34.0
6756.1 -696.7 38.7
6745.7 -700.2 38.1
6735.8 -696.8 37.7
6726.5 -695.9 37.3
6553.5 -699.7 34.1
6531.9 -699.0 33.9
6523.8 -700.1 33.9
6752.5 -690.6 38.6
6734.8 -689.7 37.7
6556.5 -690.7 34.1
6530.8 -687.0 34.0
6523.5 -691.1 33.9
6756.2 -681.9 38.8
6561.8 -678.9 34.1
6545.1 -679.8 34.0
6534.6 -679.5 34.0
6554.4 -672.1 34.1
6543.0 -669.2 34.1
6601.7 -656.3 34.5
6582.7 -658.8 34.3
6572.6 -658.3 34.2
6565.5 -657.1 34.2
6555.3 -659.4 34.1
6540.7 -660.3 34.1
6533.2 -661.9 34.0
6521.6 -660.6 34.0
6751.7 -649.4 39.2
6592.8 -646.9 34.5
6586.0 -652.3 34.3
6562.6 -649.8 34.2
6553.3 -649.9 34.1
6536.9 -650.1 34.1
6523.0 -645.7 34.0
6516.0 -651.0 33.9
6742.4 -640.3 39.1
6720.6 -640.7 38.3
6606.3 -639.4 35.0
6593.5 -636.0 34.8
6585.7 -636.0 34.6
6515.9 -640.6 33.9
6741.2 -631.3 39.3
6721.1 -625.9 38.7
6712.0 -629.5 38.3
6603.5 -628.6 35.2
6594.9 -632.0 34.9
6574.0 -627.0 34.6
6561.0 -626.1 34.3
6555.0 -630.7 34.2
6545.1 -629.3 34.1
6535.6 -632.0 34.1
6525.4 -630.6 34.0
6724.9 -618.5 39.1
6712.6 -620.9 38.6
6610.6 -621.8 35.6
6607.1 -616.6 35.6
6580.8 -617.0 35.0
6574.1 -621.5 34.7
6554.0 -617.1 34.2
6536.6 -620.4 33.9
6524.6 -619.9 33.7
6732.8 -610.8 39.6
6722.0 -609.0 39.2
6706.9 -610.9 38.7
6584.9 -607.4 35.3
6571.6 -612.1 34.8
6541.4 -610.3 33.8
6515.4 -611.4 33.2
6746.5 -599.9 40.4
6715.7 -601.1 39.2
6573.2 -600.5 34.9
6566.6 -597.0 34.7
6541.4 -598.5 33.8
6535.7 -602.2 33.6
6520.8 -601.1 33.1
6744.3 -591.4 40.5
6730.6 -589.0 40.1
6690.7 -576.7 38.7
6644.6 -578.0 37.4
6632.9 -578.6 37.1
6735.0 -566.3 40.6
6722.1 -569.9 40.0
6714.3 -569.0 39.7
6706.5 -567.7 39.3
6691.4 -570.7 38.7
6662.6 -571.8 37.8
6656.2 -569.3 37.7
6646.5 -570.8 37.5
6620.5 -569.5 36.8
6611.2 -566.3 36.6
6596.5 -568.2 36.3
6712.3 -562.1 39.6
6702.1 -559.8 39.1
6694.3 -556.7 38.8
6686.1 -556.7 38.4
6636.6 -559.5 37.3
6661.9 -551.3 38.0
6656.2 -551.7 37.9
6622.1 -551.7 37.0
6604.9 -545.7 36.6
6734.6 -542.0 40.5
6644.4 -538.7 37.7
6636.1 -540.7 37.4
6736.7 -528.8 40.5
6695.2 -528.1 39.0
6672.3 -527.8 38.4
6622.3 -529.8 37.2
6615.1 -530.8 37.0
6601.3 -531.7 36.6
6740.7 -520.1 40.6
6655.7 -519.6 38.1
6612.3 -518.8 37.0
6603.1 -518.6 36.8
6735.2 -510.5 40.4
6645.2 -507.1 37.9
6634.5 -510.8 37.6
6612.1 -508.4 37.1
6651.7 -499.9 38.1
6643.3 -501.1 37.9
6623.4 -499.4 37.4
6610.6 -498.1 37.1
6600.7 -500.3 36.9
6732.6 -487.3 40.2
6726.5 -486.6 40.1
6703.3 -488.0 39.5
6671.9 -488.5 38.7
6661.2 -485.9 38.5
6645.7 -486.9 38.1
6634.3 -487.1 37.8
6626.8 -485.9 37.6
6613.4 -492.1 37.2
6706.1 -479.6 39.6
6691.5 -477.1 39.3
6671.6 -476.6 38.8
6652.7 -482.3 38.3
6641.1 -478.3 38.0
6620.6 -481.5 37.5
6644.1 -471.0 38.1
6610.9 -469.9 37.3
6594.0 -469.6 36.9
6585.8 -469.2 36.7
6572.6 -466.2 36.4
6643.9 -457.4 38.3
6635.6 -458.2 38.1
6613.5 -456.4 37.6
6606.0 -456.6 37.4
6596.9 -460.2 37.1
6634.9 -452.0 38.2
6612.7 -447.4 37.8
6631.1 -441.2 38.4
6730.8 -428.8 41.1
-2430.5 -1480.7 12.5
-2395.5 -1473.8 13.2
-2415.3 -1472.3 12.8
-2429.3 -1473.3 12.5
-2436.1 -1467.8 12.4
-2387.6 -1460.2 13.4
-2419.5 -1460.7 12.7
-2405.3 -1448.3 13.0
-2440.3 -1453.8 12.3
-2420.1 -1441.9 12.7
-2424.8 -1441.0 12.6
-2438.6 -1438.4 12.3
-2463.9 -1437.9 11.8
-2370.4 -1428.0 13.8
-2379.7 -1428.1 13.6
-2387.7 -1433.7 13.4
-2417.9 -1431.5 12.8
-2459.2 -1429.6 11.9
-2364.5 -1420.8 14.1
-2378.6 -1423.5 13.7
-2437.2 -1422.1 12.4
-2444.0 -1422.2 12.2
-2468.0 -1422.9 11.7
-2359.8 -1411.9 14.4
-2370.4 -1409.8 14.2
-2379.5 -1411.2 13.9
-2390.2 -1412.6 13.6
-2394.6 -1411.1 13.5
-2409.8 -1410.8 13.0
-2436.5 -1410.6 12.4
-2459.2 -1412.5 11.9
-2369.2 -1402.5 14.4
-2376.6 -1400.4 14.2
-2386.4 -1399.2 14.0
-2407.7 -1402.8 13.3
-2416.7 -1403.0 13.1
-2448.2 -1402.8 12.2
-2457.8 -1402.0 12.0
-2467.1 -1400.0 11.8
-2376.9 -1392.4 14.4
-2385.6 -1393.2 14.1
-2395.2 -1388.2 14.1
-2409.8 -1394.1 13.5
-2376.5 -1382.1 14.7
-2388.3 -1383.2 14.4
-2410.3 -1381.9 13.8
-2476.6 -1382.3 11.6
-2389.9 -1368.8 14.7
-2404.3 -1368.0 14.3
-2414.7 -1373.6 13.8
-2416.9 -1358.8 14.1
-2438.1 -1362.9 13.2
-2588.3 -1357.8 11.6
-2617.2 -1358.0 11.7
-2626.9 -1358.6 11.8
-2665.3 -1359.3 12.1
-2403.9 -1352.9 14.7
-2417.3 -1352.5 14.2
-2438.4 -1353.1 13.4
-2448.8 -1347.8 13.2
-2467.3 -1347.6 12.5
-2476.3 -1348.7 12.2
-2538.1 -1352.7 11.3
-2548.1 -1351.0 11.4
-2587.5 -1350.2 11.7
-2607.5 -1350.4 11.8
-2618.6 -1350.8 11.8
-2645.8 -1349.3 12.1
-2669.6 -1348.8 12.3
-2396.4 -1340.1 15.3
-2406.2 -1342.0 14.9
-2415.2 -1339.2 14.7
-2446.0 -1341.3 13.5
-2457.3 -1342.9 13.1
-2556.0 -1341.6 11.6
-2585.8 -1342.7 11.7
-2594.0 -1343.8 11.8
-2606.7 -1342.4 11.9
-2626.0 -1342.4 12.0
-2637.2 -1338.2 12.1
-2649.5 -1338.7 12.3
-2658.7 -1343.9 12.3
-2454.3 -1328.2 13.8
-2474.6 -1329.9 12.9
-2557.5 -1330.5 12.3
-2579.3 -1329.4 12.3
-2587.6 -1332.1 12.1
-2660.2 -1328.5 12.3
-2669.8 -1328.9 12.4
-2679.8 -1330.1 12.5
-2419.9 -1319.5 15.4
-2430.0 -1321.7 15.0
-2437.0 -1322.2 14.7
-2446.5 -1323.0 14.3
-2468.0 -1318.1 13.5
-2475.4 -1321.0 13.1
-2489.5 -1320.2 13.0
-2537.8 -1318.8 13.0
-2605.4 -1321.0 12.4
-2635.3 -1320.8 12.0
-2656.7 -1318.8 12.1
-2666.8 -1321.0 12.2
-2674.3 -1321.1 12.3
-2437.0 -1308.3 15.2
-2443.9 -1309.0 14.8
-2498.7 -1309.7 13.7
-2534.0 -1313.4 13.4
-2544.3 -1310.4 13.6
-2558.3 -1311.9 13.3
-2579.9 -1311.7 12.9
-2585.2 -1311.7 12.8
-2595.6 -1313.2 12.6
-2609.1 -1310.5 12.4
-2629.4 -1311.3 12.0
-2646.0 -1311.6 11.9
-2657.9 -1308.0 12.0
-2676.9 -1310.4 12.1
-2430.0 -1302.3 15.6
-2537.1 -1301.6 13.8
-2559.1 -1302.3 13.3
-2576.4 -1302.8 13.0
-2589.8 -1303.2 12.7
-2615.2 -1302.2 12.3
-2637.5 -1301.8 11.9
-2647.5 -1302.7 11.8
-2655.9 -1302.9 11.9
-2668.8 -1301.4 11.9
-2435.6 -1287.8 15.7
-2457.4 -1289.8 15.0
-2468.5 -1291.4 14.9
-2488.3 -1293.0 14.7
-2495.0 -1291.6 14.6
-2507.9 -1288.6 14.4
-2548.2 -1289.7 13.6
-2564.4 -1292.6 13.3
-2620.5 -1291.0 12.2
-2639.1 -1287.7 11.9
-2869.6 -1441.8 14.6
-2884.3 -1440.0 14.7
-2903.5 -1441.6 14.8
-2835.6 -1434.6 15.4
-2846.5 -1433.7 15.3
-2856.9 -1431.4 15.3
-2907.3 -1433.1 15.0
-2825.9 -1418.4 16.4
-2839.4 -1420.9 16.1
-2855.7 -1422.9 15.8
-2907.1 -1421.6 15.3
-2916.2 -1421.2 15.0
-2923.9 -1421.7 14.6
-2824.4 -1412.4 16.6
-2836.8 -1410.8 17.2
-2845.4 -1411.7 17.6
-2867.8 -1409.6 18.7
-2909.7 -1409.5 16.3
-2914.9 -1414.0 15.5
-2925.9 -1414.2 14.7
-2833.7 -1399.2 16.8
-2846.5 -1399.0 17.4
-2854.7 -1403.4 17.9
-2877.5 -1398.8 17.1
-2889.1 -1400.0 16.9
-2908.5 -1402.7 16.6
-2836.9 -1390.2 16.8
-2846.7 -1391.1 16.9
-2865.4 -1391.2 16.3
-2879.6 -1392.7 16.0
-2888.5 -1388.7 15.1
-2897.3 -1391.6 15.2
-2906.7 -1389.6 14.6
-2813.9 -1384.0 15.5
-2849.6 -1384.5 15.7
-2858.8 -1379.9 14.7
-2867.9 -1381.4 14.6
-2877.5 -1379.5 14.0
-2889.1 -1383.5 14.2
-2917.5 -1379.1 12.5
-2807.9 -1373.5 15.0
-2836.6 -1374.1 14.5
-2857.5 -1369.7 13.4
-2867.5 -1373.0 13.2
-2875.0 -1370.5 12.9
-2807.9 -1361.6 14.2
-2827.6 -1360.1 13.9
-2849.7 -1364.5 13.8
-2855.4 -1359.9 13.7
-2866.0 -1358.3 13.5
-2895.4 -1361.5 12.7
-2919.7 -1364.1 11.9
-2824.7 -1349.9 13.1
-2848.8 -1349.8 12.9
-2875.9 -1353.3 13.0
-2819.2 -1338.5 12.3
-2823.5 -1343.9 12.6
-2850.0 -1339.9 12.1
-2855.4 -1339.6 12.0
-2865.3 -1343.8 12.3
-2889.9 -1344.2 12.1
-2894.4 -1339.4 11.7
-2796.8 -1331.5 12.5
-2808.2 -1330.5 12.3
-2827.1 -1328.8 12.1
-2837.0 -1333.8 12.0
-2846.4 -1333.6 11.9
-2857.5 -1329.0 11.7
-2867.2 -1333.8 11.6
-2873.4 -1333.3 11.6
-2887.4 -1334.1 11.4
-2906.3 -1329.8 11.1
-2917.2 -1333.3 11.0
-2805.0 -1320.1 12.2
-2824.0 -1318.3 12.0
-2849.0 -1324.0 11.7
-2886.8 -1324.7 11.3
-2916.7 -1319.0 10.8
-2795.3 -1309.6 12.2
-2804.9 -1312.2 12.1
-2828.4 -1310.5 11.8
-2875.0 -1314.1 11.3
-2884.3 -1308.8 11.1
-2895.3 -1312.0 11.0
-2904.5 -1310.7 10.9
-2915.0 -1308.5 10.7
-2794.2 -1302.7 12.2
-2806.6 -1302.5 12.0
-2829.0 -1301.1 11.7
-2849.3 -1302.4 11.5
-2854.2 -1302.6 11.4
-2865.2 -1300.7 11.3
-2897.2 -1302.1 10.9
-2915.3 -1301.5 10.6
-2874.9 -1291.4 11.0
-2908.1 -1291.0 10.6
-2829.6 -1281.9 11.5
-2848.3 -1279.0 11.2
-2870.0 -1284.1 11.0
-2875.3 -1284.8 10.9
-2894.1 -1281.0 10.6
-2906.1 -1279.1 10.5
-2919.6 -1281.2 10.3
-2816.2 -1271.1 11.5
-2846.1 -1273.2 11.1
-2853.9 -1270.2 11.0
-2888.8 -1269.1 10.6
-2893.7 -1273.9 10.6
-2907.3 -1272.7 10.4
-2796.7 -1258.4 11.6
-2805.1 -1262.7 11.5
-2819.2 -1260.2 11.3
-2879.0 -1258.2 10.6
-2885.8 -1264.0 10.5
-3443.9 -981.1 14.7
-3446.8 -971.5 14.4
-3472.5 -968.3 13.9
-3454.1 -958.3 14.1
-3468.4 -963.3 13.9
-3477.7 -961.5 13.6
-3445.5 -950.2 14.1
-3459.0 -953.1 13.9
-3437.6 -943.9 14.1
-3447.2 -940.8 13.9
-3473.3 -943.6 13.4
-3437.3 -927.3 13.8
-3458.5 -927.5 13.4
-3464.1 -929.9 13.3
-3457.2 -921.4 13.3
-3433.7 -908.2 13.4
-3446.8 -913.2 13.3
-3464.7 -912.6 13.0
-3413.1 -898.3 13.5
-3422.8 -889.7 13.2
-3414.6 -881.2 13.1
-3455.5 -882.3 12.6
-3487.5 -830.3 11.0
-3484.9 -823.6 10.9
-3109.4 -788.6 15.1
-3118.1 -793.7 15.1
-3124.9 -788.7 14.9
-3109.6 -779.0 14.9
-3119.5 -779.0 14.8
-3128.9 -778.7 14.7
-3133.2 -783.1 14.7
-3145.5 -778.8 14.5
-3154.3 -780.5 14.4
-3169.2 -780.7 14.2
-3188.8 -783.3 14.0
-3199.4 -780.1 13.8
-3205.2 -778.1 13.7
-3214.2 -783.7 13.7
-3229.3 -780.5 13.4
-3259.0 -779.9 13.0
-3264.5 -779.2 12.9
-3098.7 -768.3 15.0
-3114.6 -772.4 14.7
-3157.5 -773.6 14.2
-3168.0 -772.2 14.0
-3183.7 -771.3 13.8
-3197.4 -771.2 13.6
-3207.8 -769.9 13.5
-3214.4 -768.9 13.4
-3235.0 -770.4 13.1
-3255.5 -770.9 12.9
-3306.7 -771.7 12.2
-3329.4 -771.9 12.0
-3364.9 -772.9 11.5
-3376.8 -772.7 11.4
-3389.2 -771.2 11.2
-3445.6 -770.8 10.4
-3473.7 -768.6 10.0
-3094.5 -760.7 15.3
-3108.2 -760.0 15.1
-3125.9 -762.1 14.8
-3146.0 -760.4 14.6
-3156.5 -758.2 14.5
-3163.6 -759.2 14.4
-3198.0 -760.5 13.9
-3215.0 -759.1 13.7
-3226.3 -763.7 13.4
-3258.0 -758.6 13.1
-3273.3 -760.4 12.8
-3309.0 -763.5 12.3
-3333.3 -764.3 11.9
-3348.6 -763.1 11.7
-3364.7 -759.2 11.6
-3378.7 -761.6 11.4
-3386.2 -759.4 11.3
-3403.1 -762.0 11.0
-3425.6 -764.5 10.7
-3448.4 -760.5 10.4
-3467.6 -758.6 10.0
-3478.2 -758.3 9.8
-3088.6 -753.9 15.5
-3118.0 -748.5 15.2
-3128.6 -753.6 15.0
-3136.9 -751.3 14.9
-3155.3 -752.6 14.6
-3165.0 -749.4 14.6
-3176.0 -750.4 14.4
-3184.3 -748.1 14.3
-3194.5 -753.1 14.1
-3204.0 -753.4 13.9
-3229.6 -748.3 13.6
-3233.7 -754.6 13.5
-3244.4 -750.9 13.4
-3267.3 -750.2 13.1
-3276.1 -749.7 12.9
-3288.8 -753.5 12.8
-3304.3 -749.8 12.5
-3324.5 -752.2 12.2
-3354.7 -749.8 11.7
-3369.4 -748.1 11.5
-3373.7 -752.4 11.4
-3387.5 -753.4 11.2
-3409.6 -750.5 10.9
-3433.4 -750.8 10.4
-3465.2 -749.4 9.9
-3084.2 -742.1 15.8
-3097.5 -744.7 15.6
-3116.2 -740.8 15.3
-3137.3 -744.4 15.0
-3147.0 -739.0 14.8
-3154.2 -739.0 14.7
-3173.5 -744.4 14.5
-3203.7 -744.2 14.0
-3217.1 -743.8 13.8
-3237.7 -740.2 13.4
-3248.3 -741.1 13.3
-3255.4 -738.5 13.2
-3278.3 -741.9 12.8
-3313.1 -739.8 12.3
-3339.2 -741.8 11.9
-3347.6 -738.5 11.7
-3353.3 -739.3 11.6
-3376.6 -738.7 11.1
-3397.3 -744.7 10.9
-3405.3 -738.9 10.5
-3414.3 -742.8 10.5
-3429.6 -738.8 10.2
-3444.9 -743.5 10.1
-3086.9 -732.4 15.7
-3094.2 -732.3 15.6
-3103.6 -729.4 15.4
-3118.9 -733.8 15.2
-3124.2 -732.7 15.1
-3137.4 -731.7 14.9
-3168.6 -729.4 14.4
-3184.8 -733.3 14.2
-3196.9 -732.2 14.0
-3225.7 -729.0 13.5
-3255.3 -730.0 13.1
-3278.1 -732.6 12.8
-3285.0 -731.7 12.6
-3307.8 -733.8 12.3
-3348.9 -733.2 11.5
-3383.3 -732.3 10.7
-3404.1 -730.9 10.4
-3425.8 -729.8 10.2
-3436.2 -734.2 10.2
-3444.0 -728.2 10.1
-3466.7 -729.5 9.9
-3475.5 -729.1 9.9
-3093.1 -722.6 15.5
-3108.5 -718.1 15.3
-3119.4 -721.0 15.1
-3145.4 -718.9 14.7
-3156.5 -720.8 14.5
-3175.0 -723.7 14.3
-3184.8 -724.1 14.1
-3204.0 -721.8 13.8
-3213.3 -721.1 13.7
-3226.7 -719.4 13.4
-3246.7 -723.5 13.2
-3294.8 -719.0 12.1
-3316.8 -718.7 11.6
-3406.7 -720.8 10.4
-3468.7 -721.6 9.9
-3103.6 -710.6 15.3
-3126.5 -709.1 14.9
-3133.9 -712.5 14.8
-3147.6 -713.4 14.6
-3228.0 -709.7 13.1
-3249.7 -714.4 12.8
-3258.4 -714.2 12.7
-3268.8 -709.6 12.3
-3289.4 -714.4 12.0
-3295.6 -711.3 11.8
-3306.2 -713.9 11.7
-3319.6 -713.5 11.4
-3435.4 -712.2 10.2
-3447.7 -712.1 10.1
-3464.3 -708.4 9.9
-3125.8 -700.2 14.8
-3138.2 -700.5 14.6
-3168.3 -702.3 14.1
-3197.9 -702.6 13.5
-3215.8 -701.7 13.1
-3227.2 -700.1 12.8
-3234.7 -702.0 12.7
-3248.0 -701.4 12.4
-3257.2 -702.8 12.3
-3264.3 -700.5 12.1
-3296.1 -698.1 11.3
-3317.7 -699.6 11.1
-3416.5 -702.6 10.3
-3434.0 -703.0 10.2
-3449.4 -704.4 10.0
-3457.5 -701.2 10.0
-3465.9 -699.4 9.9
-3124.7 -693.0 14.6
-3157.0 -690.0 13.9
-3177.1 -692.8 13.6
-3186.3 -694.7 13.4
-3205.4 -693.1 13.0
-3237.6 -693.2 12.3
-3257.7 -690.9 11.8
-3265.9 -692.8 11.7
-3408.4 -689.2 10.4
-3415.3 -690.4 10.3
-3446.9 -690.5 10.1
-3156.5 -683.6 13.7
-3208.7 -680.7 12.4
-3225.2 -681.9 12.1
-3249.6 -683.5 11.6
-3259.6 -680.4 11.5
-3265.8 -681.6 11.5
-3274.0 -682.6 11.4
-3286.2 -679.8 11.3
-3295.5 -684.1 11.2
-3305.5 -679.4 11.1
-3316.4 -684.6 11.0
-3429.6 -679.0 10.2
-3434.1 -682.3 10.2
-3458.3 -680.5 10.0
-3163.4 -670.6 13.0
-3174.0 -671.2 12.8
-3206.2 -670.0 12.0
-3213.2 -670.3 11.9
-3224.1 -672.0 11.8
-3244.1 -674.0 11.6
-3295.9 -674.4 11.2
-3303.8 -669.0 11.1
-3407.3 -672.9 10.4
-3424.0 -668.2 10.2
-3433.7 -673.3 10.2
-3195.2 -659.2 12.0
-3217.1 -663.4 11.8
-3224.9 -659.7 11.8
-3253.2 -661.0 11.5
-3283.9 -662.5 11.3
-3305.0 -659.2 11.1
-3406.1 -662.8 10.4
-3417.3 -659.5 10.3
-3423.7 -663.4 10.2
-3219.1 -650.3 11.8
-3284.1 -653.0 11.3
-3303.6 -649.4 11.1
-3374.9 -650.2 10.6
-3386.7 -651.9 10.5
-3394.9 -653.9 10.4
-3415.1 -652.6 10.3
-3423.1 -649.6 10.2
-3447.7 -650.6 10.1
-3225.5 -643.9 11.7
-3235.2 -642.7 11.6
-3249.6 -642.4 11.5
-3265.1 -639.2 11.4
-3299.1 -642.3 11.2
-3307.0 -640.5 11.1
-3324.1 -641.5 11.0
-3378.7 -643.2 10.6
-3384.2 -644.0 10.5
-3393.5 -638.9 10.5
-3406.7 -641.5 10.4
-3417.7 -644.7 10.3
-3426.7 -644.2 10.2
-3438.4 -640.5 10.1
-3265.2 -634.1 11.4
-3278.1 -634.7 11.3
-3298.5 -628.9 11.2
-3338.5 -634.0 10.9
-3353.2 -632.5 10.8
-3367.9 -631.2 10.6
-3424.9 -634.5 10.2
-3329.3 -621.8 10.9
-3355.2 -622.9 10.7
-3366.4 -619.7 10.7
-3377.4 -621.3 10.6
-3393.6 -618.5 10.6
-3434.1 -621.6 10.3
-3447.5 -623.0 10.2
-3368.9 -610.8 10.9
-3377.1 -612.0 10.8
-3415.1 -614.5 10.6
-3423.8 -611.9 10.6
-3448.5 -612.0 10.4
-3388.7 -600.2 11.0
-3423.9 -598.7 10.8
-3438.8 -601.9 10.7
-3447.8 -602.2 10.6
-3580.6 -2060.3 9.3
-3590.1 -2059.8 9.1
6899.7 -1088.2 41.6
6891.3 -1087.8 41.3
6885.4 -1093.1 41.1
6924.2 -1076.9 41.7
6915.9 -1078.2 41.8
6900.5 -1081.2 41.6
6883.2 -1081.0 40.9
6932.3 -1069.0 41.7
6913.1 -1072.6 42.0
6904.6 -1071.2 41.6
6886.1 -1070.8 40.9
6874.7 -1072.2 40.5
6935.4 -1058.8 41.9
6915.6 -1062.8 42.0
6905.9 -1058.5 41.6
6950.3 -1051.6 41.9
6942.8 -1048.9 42.0
6921.3 -1050.3 42.1
6934.0 -1039.9 42.4
6913.9 -1039.4 41.7
6925.0 -1029.8 42.1
6913.1 -1033.2 41.7
6950.3 -1023.2 42.5
6909.9 -1018.1 41.7
6866.0 -1021.5 40.5
6845.9 -1017.8 40.1
6945.0 -1009.7 42.7
6880.2 -1009.6 41.1
6871.3 -1010.0 40.9
6820.4 -1007.1 39.7
6952.1 -997.0 43.0
6922.7 -999.9 42.3
6914.7 -998.1 42.2
6819.7 -1002.9 39.8
6940.2 -991.2 43.0
6931.5 -987.4 42.9
6922.4 -989.8 42.6
6909.8 -991.4 42.3
6881.1 -989.4 41.6
6852.0 -992.9 40.8
6843.0 -988.1 40.7
6943.7 -981.9 43.1
6911.5 -980.3 42.6
6864.6 -978.7 41.5
6925.9 -967.1 43.1
6891.3 -969.0 42.3
6870.1 -968.9 41.8
6944.3 -958.4 43.2
6935.1 -960.7 43.2
6923.2 -960.0 43.2
6913.4 -962.3 42.9
6882.4 -959.9 42.3
6875.2 -960.9 42.1
6905.0 -950.5 42.9
6890.2 -952.9 42.5
6880.5 -951.3 42.4
6876.3 -1099.3 40.8
6876.1 -1088.4 40.6
-2919.3 -1159.5 10.1
-2918.7 -1154.9 10.1
-2933.5 -1154.1 10.2
-2921.2 -1141.8 10.2
-2932.4 -1142.8 10.2
-2944.2 -1140.6 10.2
-2915.3 -1130.8 10.2
-2944.4 -1135.4 10.2
-2923.9 -1125.5 10.3
-2928.8 -1125.0 10.3
-2939.3 -1124.6 10.4
-2984.5 -1125.5 10.5
-2995.0 -1125.7 10.5
-2921.5 -1109.8 10.7
-2960.5 -1109.5 10.9
-3004.6 -1112.2 11.0
-2954.4 -1104.3 11.0
-2948.7 -1082.5 11.7
-2961.7 -1082.9 11.7
-2981.0 -1080.5 11.8
-3045.2 -1073.2 12.3
-3053.5 -1072.0 12.4
-3059.2 -1072.0 12.4
-2963.1 -1063.1 12.3
-2979.9 -1065.5 12.3
-3052.4 -1062.6 12.7
-3060.4 -1065.5 12.6
-2982.4 -1055.9 12.6
-3068.9 -1050.5 13.1
-2991.8 -1043.6 13.0
-3028.9 -1045.4 13.1
-2993.2 -1033.1 13.3
-3001.1 -1034.1 13.3
-3009.6 -1030.7 13.4
-3025.1 -1029.7 13.5
-3035.3 -1035.2 13.4
-3038.7 -1033.7 13.5
-3003.6 -1020.1 13.7
-3019.0 -1023.9 13.7
-3039.0 -1020.2 13.9
-3049.9 -1023.9 13.8
-3023.2 -1010.7 14.1
-3051.6 -1011.0 14.2
-3064.4 -1015.9 14.1
-3070.9 -1014.5 14.2
-3045.0 -1004.1 14.4
-3052.5 -1004.6 14.4
-3063.5 -1005.1 14.4
-3074.7 -1000.8 14.6
-3083.9 -999.5 14.7
-3032.0 -995.6 14.6
-3049.0 -994.4 14.7
-3069.6 -992.8 14.8
-3084.9 -994.5 14.8
-3065.0 -983.0 15.0
-3024.2 -971.5 15.3
-3042.9 -972.5 15.2
-3063.9 -975.1 15.1
-3028.9 -964.9 15.3
-3038.8 -965.3 15.3
-3055.2 -964.3 15.2
-2912.9 -1080.8 11.6
-2919.4 -1068.6 12.0
-2923.9 -1074.8 11.8
-2936.4 -1063.1 12.2
-2944.1 -1064.5 12.2
-2943.1 -1052.6 12.5
-2958.9 -1049.7 12.7
-2893.6 -1041.7 12.7
-2908.6 -1043.6 12.7
-2916.2 -1041.1 12.8
-2908.0 -1033.0 13.0
-2923.7 -1030.9 13.1
-2946.3 -1034.9 13.1
-2973.8 -1030.6 13.3
-2915.6 -1019.4 13.4
-2934.5 -1022.9 13.4
-2949.1 -1023.8 13.4
-2954.9 -1020.8 13.5
-2964.4 -1018.9 13.6
-2888.0 -1009.7 13.6
-2893.9 -1008.4 13.7
-2904.7 -1014.5 13.5
-2918.1 -1009.0 13.7
-2937.0 -1013.8 13.7
-2946.2 -1010.3 13.8
-2954.7 -1014.7 13.7
-2985.9 -1009.0 14.0
-2997.8 -1009.5 14.0
-2898.7 -1004.4 13.8
-2946.3 -998.5 14.2
-2964.1 -999.1 14.2
-2975.3 -999.8 14.2
-2895.0 -988.7 14.3
-2903.4 -992.1 14.2
-2913.2 -991.0 14.3
-2954.7 -993.3 14.4
-2989.3 -990.7 14.6
-2916.0 -980.5 14.6
-2929.4 -979.8 14.7
-2936.3 -979.1 14.7
-2956.1 -985.0 14.6
-2963.7 -979.2 14.8
-2976.5 -981.8 14.8
-2983.2 -978.4 14.9
-3003.9 -980.5 14.9
-2916.6 -972.0 14.8
-2925.9 -974.1 14.8
-2946.3 -974.2 14.9
-2953.2 -973.8 14.9
-2964.9 -974.9 14.9
-2975.8 -973.2 15.0
-2983.7 -972.2 15.1
-3009.4 -969.6 15.3
-3015.6 -974.8 15.2
-2957.6 -958.8 15.4
-2966.3 -964.6 15.3
-2975.3 -964.4 15.3
-3005.2 -960.1 15.5
-2934.6 -952.8 15.5
-2947.6 -948.5 15.7
-2953.3 -954.8 15.5
-2975.7 -949.4 15.7
-2993.7 -953.1 15.6
-3006.1 -953.7 15.5
-3014.2 -953.3 15.5
-2948.9 -940.2 15.9
-2957.5 -941.1 15.9
-2966.9 -942.2 15.8
-3008.3 -939.4 15.6
-2964.9 -934.1 15.9
-2988.9 -928.5 15.8
-3008.7 -933.7 15.7
-3037.0 -934.1 15.9
-3047.4 -931.8 16.2
-2995.3 -919.1 15.9
-3007.1 -922.0 15.9
-3029.1 -924.0 16.3
-2975.7 -908.5 16.1
-2983.6 -913.7 16.0
-3016.4 -909.5 16.8
-3027.2 -908.4 17.1
-3034.6 -912.8 17.0
-3007.9 -900.8 17.1
-3014.4 -900.4 17.1
-3025.6 -898.7 17.1
-2996.6 -894.4 17.1
-3008.2 -890.1 17.2
-3005.6 -883.0 17.2
-4130.6 -1490.2 13.3
-4114.3 -1469.9 13.9
-4120.4 -1471.6 14.0
-4144.3 -1467.8 13.9
-4176.5 -1471.2 13.6
-4111.6 -1457.4 14.2
-4145.8 -1459.5 13.7
-4163.5 -1457.8 13.6
-4193.2 -1456.2 13.5
-4137.0 -1447.0 13.6
-4174.9 -1447.2 13.5
-4194.4 -1448.0 13.6
-4100.8 -1441.0 14.0
-4116.1 -1437.2 13.7
-4131.0 -1437.1 13.6
-4164.8 -1438.1 13.5
-4181.0 -1441.9 13.5
-4195.2 -1437.7 13.7
-4113.7 -1432.2 13.7
-4135.3 -1428.2 13.6
-4156.6 -1430.0 13.6
-4170.7 -1428.2 13.6
-4186.4 -1430.3 13.7
-4192.6 -1428.5 13.8
-4200.4 -1429.6 13.8
-4230.4 -1432.0 13.9
-4092.7 -1416.3 13.7
-4102.2 -1422.5 13.7
-4126.2 -1421.1 13.6
-4140.8 -1419.6 13.6
-4161.3 -1418.5 13.7
-4185.0 -1420.2 13.8
-4275.9 -1397.5 13.1
-4283.9 -1396.5 13.1
-4276.7 -1390.9 13.1
-4300.5 -1387.5 12.9
-4264.4 -1381.0 13.0
-4301.5 -1379.1 12.8
-4271.1 -1372.0 12.9
-4282.2 -1370.0 12.8
-4296.0 -1368.6 12.7
-4275.1 -1356.6 12.7
-4281.8 -1360.5 12.7
-4295.4 -1357.5 12.5
-4291.1 -1346.0 12.4
-4310.5 -1350.7 12.2
-4290.3 -1340.5 12.3
-4312.4 -1340.2 12.0
-4072.2 -1329.9 14.0
-4273.4 -1326.8 12.2
-4281.3 -1328.9 12.2
-4291.8 -1328.6 12.0
-4301.0 -1328.8 11.9
-4314.1 -1329.5 11.9
-4271.7 -1318.4 12.1
-4292.9 -1321.0 11.9
-4272.4 -1311.3 11.9
-4301.4 -1307.9 12.0
-4310.9 -1309.0 12.1
-4274.3 -1299.6 11.9
-4284.0 -1302.1 11.9
-4316.3 -1296.7 12.2
-4315.0 -1288.3 12.4
-4326.8 -1289.2 12.6
-4324.9 -1277.0 12.9
-4322.1 -1270.4 13.0
-4331.8 -1267.1 13.3
-4343.6 -1271.4 13.4
-4312.1 -1258.8 13.2
-4330.8 -1259.8 13.3
-4343.9 -1259.6 13.4
-4352.2 -1256.6 13.4
-4184.7 -1250.1 11.8
-4203.0 -1252.2 11.8
-4216.7 -1250.2 11.9
-4326.4 -1246.9 13.3
-4352.4 -1251.3 13.4
-4191.5 -1240.1 11.8
-4201.5 -1239.5 11.9
-4325.6 -1237.0 13.3
-4342.3 -1239.5 13.4
-4355.8 -1236.3 13.4
-4385.3 -1236.5 13.4
-4203.0 -1231.0 11.9
-4214.6 -1231.1 12.1
-4220.5 -1232.4 12.1
-4323.2 -1230.8 13.3
-4334.4 -1232.4 13.3
-4353.1 -1227.5 13.3
-4376.2 -1227.7 13.3
-4380.4 -1226.4 13.3
-4394.8 -1229.4 13.2
-4326.1 -1221.2 13.3
-4342.3 -1220.9 13.3
-4376.3 -1219.4 13.1
-4390.7 -1220.4 13.0
-4232.7 -1211.4 12.9
-4243.8 -1208.2 13.0
-4271.6 -1208.9 13.1
-4306.4 -1207.1 13.2
-4315.7 -1209.6 13.2
-4326.8 -1206.4 13.2
-4345.5 -1210.8 13.2
-4356.4 -1210.5 13.1
-4363.2 -1209.6 13.0
-4370.8 -1206.9 12.9
-4385.1 -1208.6 12.8
-4411.8 -1206.2 12.8
-4293.4 -1202.5 13.1
-4325.1 -1202.5 13.2
-4336.3 -1198.7 13.0
-4344.8 -1202.0 13.0
-4365.6 -1198.0 12.7
-4392.7 -1198.9 12.7
-4413.1 -1197.1 13.0
-4421.7 -1196.5 13.1
-4431.4 -1197.7 13.2
-4274.1 -1187.9 13.0
-4296.2 -1189.6 13.1
-4301.3 -1189.3 13.1
-4312.7 -1186.3 13.0
-4335.8 -1192.4 12.9
-4353.2 -1188.1 12.6
-4364.7 -1189.0 12.5
-4391.3 -1188.6 12.8
-4426.6 -1186.1 13.3
-4431.7 -1190.1 13.3
-4302.7 -1179.1 12.9
-4371.8 -1176.1 12.8
-4436.1 -1181.9 13.4
-4321.9 -1170.3 12.5
-4334.4 -1170.5 12.5
-4375.7 -1168.5 13.0
-4403.1 -1169.9 13.2
-4426.2 -1169.8 13.4
-4431.3 -1172.1 13.4
-4340.9 -1161.3 12.7
-4356.2 -1158.2 13.0
-4373.6 -1156.5 13.1
-4402.2 -1159.4 13.3
-4424.3 -1159.5 13.5
-4354.8 -1152.0 13.0
-4391.6 -1146.4 13.4
-4402.5 -1152.2 13.4
-4415.1 -1148.0 13.3
-4341.9 -1136.7 13.1
-4353.9 -1137.5 13.2
-4382.6 -1142.6 13.3
-4393.7 -1140.4 13.3
-4366.3 -1129.2 13.2
-4383.4 -1130.3 13.0
-4392.2 -1118.6 12.6
-2572.7 -1277.2 13.2
-2582.1 -1270.1 13.1
-2592.8 -1270.9 12.8
-2602.7 -1268.8 12.7
-2615.3 -1271.2 12.4
-2628.1 -1269.2 12.2
-2631.8 -1272.1 12.1
-2665.3 -1270.1 11.5
-2567.2 -1262.0 13.4
-2577.0 -1260.1 13.2
-2616.2 -1258.8 12.4
-2625.1 -1259.5 12.3
-2633.2 -1259.8 12.1
-2654.0 -1259.0 11.7
-2662.2 -1260.1 11.6
-2676.5 -1258.0 11.3
-2693.7 -1261.2 11.5
-2566.4 -1252.3 13.4
-2618.1 -1246.4 12.5
-2634.7 -1251.0 12.1
-2647.8 -1246.3 11.9
-2666.3 -1246.8 11.6
-2675.2 -1251.0 11.4
-2683.5 -1249.6 11.3
-2708.1 -1251.5 11.5
-2563.2 -1240.1 13.5
-2665.7 -1240.3 11.6
-2677.7 -1237.0 11.4
-2692.4 -1238.3 11.2
-2563.1 -1226.8 13.6
-2593.0 -1228.1 13.0
-2604.2 -1231.1 12.8
-2636.7 -1229.0 12.2
-2673.5 -1228.9 11.5
-2706.9 -1226.1 11.1
-2716.1 -1227.9 11.2
-2726.6 -1230.8 11.3
-2587.6 -1217.1 13.2
-2615.3 -1217.5 12.6
-2627.5 -1221.7 12.4
-2661.6 -1219.9 11.8
-2688.1 -1217.6 11.3
-2703.6 -1221.7 11.0
-2723.1 -1219.8 11.1
-2612.7 -1209.0 12.7
-2634.6 -1211.0 12.3
-2657.8 -1207.0 11.9
-2686.9 -1209.2 11.3
-2706.4 -1206.5 11.0
-2715.3 -1209.7 10.9
-2732.4 -1212.2 11.1
-2573.0 -1197.7 13.5
-2638.2 -1199.4 12.3
-2676.0 -1199.9 11.6
-2705.7 -1196.2 11.1
-2736.9 -1197.5 10.9
-2581.9 -1189.5 13.4
-2597.3 -1191.3 13.1
-2602.4 -1186.3 13.0
-2612.7 -1191.4 12.8
-2655.7 -1186.8 12.0
-2671.6 -1191.0 11.7
-2695.5 -1191.0 11.3
-2712.4 -1186.4 11.0
-2735.0 -1191.9 10.8
-2742.4 -1187.8 10.8
-2585.2 -1179.5 13.4
-2597.5 -1178.0 13.1
-2644.6 -1181.4 12.3
-2675.1 -1182.3 11.7
-2692.8 -1177.7 11.4
-2706.1 -1180.3 11.1
-2744.8 -1178.9 10.7
-2578.0 -1170.0 13.5
-2595.9 -1172.1 13.2
-2614.6 -1167.0 12.9
-2624.0 -1170.7 12.7
-2658.0 -1172.2 12.0
-2666.8 -1168.5 11.9
-2672.3 -1171.3 11.8
-2692.5 -1168.1 11.4
-2705.3 -1166.8 11.2
-2724.7 -1171.2 10.8
-2737.6 -1169.5 10.6
-2584.5 -1158.9 13.5
-2627.7 -1159.9 12.7
-2638.0 -1156.7 12.5
-2665.1 -1161.2 12.0
-2672.9 -1158.2 11.8
-2691.9 -1158.2 11.5
-2743.1 -1155.8 10.5
-2604.7 -1150.9 13.1
-2618.0 -1149.2 12.9
-2627.9 -1151.5 12.7
-2646.7 -1151.3 12.3
-2663.4 -1151.3 12.0
-2673.2 -1148.7 11.9
-2708.1 -1149.6 11.2
-2712.4 -1148.9 11.1
-2727.2 -1152.2 10.8
-2742.5 -1148.8 10.6
-2587.8 -1137.3 13.5
-2605.2 -1136.3 13.2
-2634.3 -1139.4 12.6
-2702.5 -1135.9 11.4
-2715.6 -1138.1 11.1
-2734.8 -1139.7 10.8
-2593.3 -1130.1 13.4
-2617.3 -1127.3 13.0
-2643.9 -1132.0 12.5
-2685.6 -1131.5 11.7
-2715.4 -1127.1 11.2
-2734.4 -1128.9 10.8
-2757.8 -1126.7 10.4
-2624.1 -1116.2 12.9
-2636.1 -1116.4 12.6
-2646.8 -1119.5 12.4
-2664.3 -1120.7 12.1
-2696.9 -1117.4 11.5
-2703.3 -1117.0 11.4
-2747.6 -1117.1 10.6
-2612.5 -1108.4 12.9
-2623.1 -1106.9 12.6
-2634.6 -1109.8 12.5
-2644.9 -1109.8 12.3
-2654.7 -1109.3 12.1
-2663.1 -1107.6 11.9
-2677.5 -1106.6 11.6
-2697.3 -1112.4 11.4
-2707.6 -1110.1 11.2
-2712.2 -1109.3 11.1
-2724.3 -1108.7 10.8
-2742.7 -1107.4 10.6
-2766.3 -1109.4 10.3
-2615.9 -1100.3 12.6
-2635.1 -1100.9 12.2
-2642.8 -1098.5 12.0
-2667.6 -1096.7 11.6
-2675.3 -1099.9 11.5
-2683.5 -1101.7 11.4
-2696.7 -1098.4 11.3
-2742.1 -1099.7 10.7
-2755.7 -1100.9 10.5
-2604.9 -1088.4 12.5
-2626.9 -1092.1 12.2
-2631.8 -1087.4 12.2
-2645.5 -1092.0 12.0
-2673.0 -1087.1 11.7
-2685.3 -1088.1 11.6
-2694.2 -1086.2 11.5
-2702.4 -1086.4 11.4
-2714.5 -1091.3 11.2
-2757.3 -1091.0 10.8
-2768.0 -1090.2 10.7
-2627.5 -1077.2 12.4
-2645.5 -1076.7 12.2
-2654.9 -1079.7 12.1
-2682.3 -1077.0 11.8
-2692.5 -1076.0 11.7
-2703.2 -1079.0 11.5
-2712.7 -1080.6 11.4
-2726.3 -1080.1 11.3
-2777.4 -1077.4 11.0
-2783.0 -1077.4 11.1
-2647.6 -1067.4 12.3
-2658.0 -1067.0 12.2
-2673.2 -1066.1 12.1
-2724.7 -1066.1 11.7
-2734.6 -1066.9 11.6
-2754.7 -1071.8 11.3
-2761.9 -1070.9 11.2
-2776.1 -1067.2 11.3
-2782.3 -1070.7 11.2
-2644.3 -1060.2 12.5
-2668.1 -1058.3 12.2
-2687.8 -1059.9 12.0
-2704.1 -1056.0 12.1
-2712.4 -1059.9 11.9
-2724.5 -1057.0 11.9
-2734.3 -1056.8 11.9
-2767.5 -1056.9 11.5
-2777.0 -1061.7 11.4
-2787.4 -1057.9 11.7
-2803.4 -1060.1 11.8
-2637.6 -1048.3 12.8
-2645.7 -1051.8 12.6
-2655.0 -1049.2 12.5
-2677.8 -1049.7 12.4
-2724.5 -1046.5 12.2
-2741.9 -1049.4 12.0
-2784.7 -1047.5 11.9
-2651.7 -1039.3 12.8
-2696.7 -1041.6 12.5
-2717.9 -1040.6 12.4
-2725.4 -1042.1 12.3
-2742.9 -1041.8 12.2
-2767.0 -1037.3 12.0
-2791.6 -1041.2 12.2
-2808.1 -1039.3 12.4
-2718.2 -1029.5 12.7
-2722.5 -1030.2 12.7
-2736.2 -1028.9 12.5
-2777.3 -1029.2 12.3
-2793.2 -1031.6 12.5
-2816.0 -1027.4 12.8
-2826.4 -1031.9 12.7
-2677.4 -1017.7 13.2
-2695.7 -1017.5 13.2
-2703.9 -1019.1 13.1
-2737.5 -1021.7 12.7
-2745.0 -1021.0 12.6
-2753.2 -1017.2 12.5
-2765.4 -1018.9 12.5
-2802.3 -1016.9 13.1
-2833.9 -1020.4 13.1
-2685.4 -1005.9 13.5
-2715.0 -1006.2 13.3
-2734.6 -1011.7 12.9
-2767.8 -1011.0 12.7
-2791.7 -1009.9 13.1
-2802.6 -1011.8 13.2
-2812.6 -1011.9 13.2
-2822.0 -1012.1 13.3
-2843.3 -1008.8 13.5
-2695.4 -1000.7 13.6
-2705.1 -995.8 13.7
-2715.2 -1002.3 13.4
-2722.0 -1001.2 13.3
-2732.6 -1001.3 13.2
-2756.0 -1002.3 12.9
-2788.0 -998.7 13.3
-2795.1 -996.7 13.5
-2802.2 -997.0 13.6
-2814.1 -1000.1 13.6
-2834.8 -999.7 13.7
-2856.7 -997.1 13.9
-2713.4 -988.1 13.7
-2733.3 -990.0 13.4
-2775.1 -989.0 13.3
-2783.6 -987.2 13.5
-2794.2 -986.6 13.8
-2806.4 -991.7 13.8
-2825.1 -991.4 13.9
-2834.6 -991.7 13.9
-2857.0 -989.7 14.1
-2861.5 -989.2 14.1
-2774.3 -977.3 13.6
-2822.4 -976.1 14.4
-2837.2 -981.3 14.3
-2844.5 -981.9 14.3
-2733.9 -969.3 13.8
-2756.5 -970.9 13.7
-2783.5 -968.8 14.0
-2796.2 -970.4 14.3
-2802.1 -966.0 14.5
-2814.5 -972.2 14.4
-2833.1 -966.6 14.7
-2846.4 -968.3 14.7
-2852.6 -968.9 14.7
-2887.0 -969.4 14.8
-2745.8 -958.0 14.0
-2752.5 -956.2 14.1
-2776.8 -962.3 14.1
-2785.3 -959.4 14.3
-2795.6 -960.7 14.5
-2837.4 -961.1 14.9
-2843.0 -956.4 15.0
-2857.9 -960.6 15.0
-2863.7 -957.6 15.1
-2887.1 -959.6 15.1
-2896.7 -958.0 15.2
-2756.9 -946.4 14.4
-2807.9 -946.3 15.2
-2845.1 -947.7 15.3
-2877.4 -951.0 15.3
-2887.4 -948.8 15.4
-2903.0 -948.0 15.5
-2766.8 -938.5 14.6
-2782.3 -936.6 14.9
-2792.8 -938.3 15.0
-2806.3 -936.8 15.4
-2825.4 -938.9 15.5
-2832.5 -941.7 15.4
-2854.7 -938.6 15.6
-2865.7 -937.3 15.7
-2884.7 -936.9 15.8
-2914.3 -941.1 15.8
-2784.2 -926.2 15.2
-2794.6 -926.8 15.4
-2805.5 -926.1 15.7
-2836.2 -932.1 15.7
-2845.3 -930.1 15.8
-2853.0 -932.3 15.8
-2885.2 -932.2 15.9
-2901.7 -931.2 16.0
-2912.0 -929.7 16.1
-2784.0 -919.9 15.3
-2796.4 -917.9 15.7
-2805.3 -917.7 15.9
-2816.8 -920.4 16.0
-2847.0 -919.6 16.1
-2867.7 -918.1 16.3
-2883.2 -917.5 16.3
-2902.5 -921.4 16.3
-2916.5 -921.5 16.3
-2923.3 -921.7 16.2
-2934.0 -915.9 16.2
-2785.1 -911.4 15.7
-2792.6 -910.5 15.8
-2823.8 -911.1 16.3
-2843.9 -912.0 16.4
-2877.5 -908.3 16.6
-2885.6 -905.9 16.6
-2923.3 -908.2 16.4
-2934.3 -912.2 16.3
-2817.4 -896.9 16.7
-2845.7 -896.0 16.8
-2886.6 -896.9 16.6
-2896.1 -900.2 16.6
-2917.6 -896.1 16.5
-2944.6 -899.8 16.3
-2826.8 -890.2 16.9
-2847.9 -888.3 16.9
-2907.0 -886.3 16.6
-2943.1 -887.4 16.6
-2827.1 -877.1 17.1
-2834.7 -876.4 17.1
-2845.2 -878.9 17.0
-2902.1 -880.8 16.7
-2915.8 -880.1 16.6
-2943.4 -875.8 17.2
-2951.8 -881.1 17.1
-2962.8 -879.9 17.2
-2831.8 -871.4 17.1
-2842.1 -868.3 17.1
-2886.4 -868.8 16.9
-2905.4 -866.1 17.0
-2947.7 -867.3 17.2
-2967.9 -872.2 17.2
-2845.6 -860.3 17.2
-2876.7 -859.0 17.0
-2915.7 -858.6 17.2
-2935.7 -858.8 17.3
-2963.0 -855.8 17.3
-2977.7 -861.7 17.3
-2997.9 -856.6 17.3
-2846.1 -851.8 17.2
-2865.8 -850.8 17.1
-2874.9 -850.0 17.2
-2886.8 -851.9 17.2
-2927.5 -852.3 17.3
-2985.5 -846.8 17.4
-3005.8 -848.6 17.4
-2877.1 -837.1 17.3
-2885.3 -839.0 17.3
-2907.3 -839.8 17.3
-2915.8 -839.2 17.3
-2924.1 -841.0 17.3
-2933.3 -837.8 17.4
-2943.4 -842.3 17.3
-2973.0 -838.4 17.4
-2986.6 -837.4 17.4
-3034.9 -835.9 17.1
-2867.2 -829.3 17.3
-2876.1 -830.5 17.3
-2901.7 -830.8 17.4
-2921.9 -831.6 17.4
-2943.5 -826.7 17.4
-2971.6 -829.0 17.4
-2997.6 -826.6 17.3
-3005.6 -829.0 17.3
-3015.0 -831.9 17.2
-3032.9 -828.0 16.9
-2882.1 -819.7 17.4
-2896.5 -815.8 17.4
-2914.1 -822.2 17.4
-2968.1 -818.6 17.5
-2972.8 -821.4 17.5
-2984.6 -821.2 17.4
-2992.7 -820.3 17.3
-3012.0 -819.3 17.0
-3025.1 -818.7 16.8
-3036.8 -817.7 16.7
-3043.5 -821.4 16.6
-2914.9 -811.6 17.5
-2947.9 -806.2 17.5
-2955.7 -811.7 17.5
-2967.0 -812.4 17.4
-2993.3 -810.1 17.1
-3006.6 -808.1 16.8
-3032.4 -810.4 16.6
-3047.2 -808.8 16.3
-3053.8 -811.1 16.3
-3067.3 -806.7 16.0
-2884.4 -797.5 17.5
-2907.6 -799.2 17.5
-2915.1 -798.0 17.5
-2922.2 -799.4 17.5
-2941.7 -796.8 17.4
-2967.9 -800.5 17.2
-2974.6 -801.0 17.1
-3005.7 -798.9 16.7
-3027.4 -802.0 16.5
-3055.0 -798.7 16.0
-3073.8 -796.5 15.7
-2907.6 -790.5 17.6
-2914.9 -791.0 17.6
-2974.0 -788.8 16.9
-3016.4 -792.3 16.4
-3034.1 -791.4 16.1
-3041.7 -789.9 16.0
-3056.8 -792.3 15.9
-3062.4 -786.6 15.7
-3086.0 -786.4 15.4
-2932.5 -782.3 17.3
-2953.2 -777.0 16.9
-2968.1 -781.7 16.8
-3011.5 -781.0 16.2
-3033.6 -778.2 15.9
-3075.8 -780.0 15.4
-3082.3 -777.6 15.2
-2904.2 -767.7 17.7
-2917.3 -771.4 17.4
-2925.6 -769.2 17.4
-2953.1 -771.0 17.0
-2963.3 -770.4 16.8
-2975.2 -770.4 16.7
-2986.7 -771.5 16.5
-2991.8 -768.5 16.5
-3007.5 -769.1 16.3
-3072.1 -768.3 15.4
-3085.7 -770.4 15.2
-2921.8 -760.2 17.6
-2935.1 -758.8 17.5
-3013.1 -756.2 16.5
-3076.5 -756.7 15.6
-2917.3 -748.8 17.9
-2928.0 -750.2 17.8
-2933.6 -748.4 17.7
-2954.5 -747.6 17.5
-2967.8 -750.9 17.2
-2976.9 -747.9 17.2
-2983.7 -748.2 17.1
-2993.5 -749.3 16.9
-3027.5 -749.5 16.4
-3032.9 -752.2 16.3
-3043.9 -749.0 16.2
-3065.1 -751.1 15.9
-3076.0 -747.6 15.8
-2925.4 -740.3 18.0
-2954.7 -739.4 17.6
-2977.4 -739.9 17.3
-2987.8 -738.6 17.2
-3015.0 -738.7 16.8
-3046.2 -737.9 16.4
-3074.0 -738.4 15.9
-2956.0 -729.4 17.7
-2965.6 -728.1 17.5
-2984.8 -731.4 17.3
-3003.0 -732.4 17.0
-3017.5 -731.5 16.8
-3034.6 -731.8 16.5
-2963.1 -722.2 17.5
-2972.1 -720.4 17.4
-2993.8 -721.6 17.0
-3007.5 -716.0 16.8
-2954.0 -708.0 17.6
-2975.6 -709.3 17.2
-2982.4 -707.4 17.1
-2991.7 -711.1 17.0
-3026.0 -711.3 16.5
-2965.2 -699.6 17.3
-2995.2 -696.6 16.8
-3002.5 -698.3 16.7
-2977.3 -688.7 17.0
-4048.5 -1287.2 13.0
-4046.8 -1280.2 12.9
-4058.2 -1278.4 12.9
-4062.5 -1279.8 12.8
-4074.6 -1277.8 12.8
-4085.0 -1279.5 12.8
-4096.4 -1281.0 12.7
-4047.7 -1272.0 12.8
-4062.5 -1265.5 12.7
-4077.3 -1271.3 12.7
-4086.0 -1270.6 12.7
-4104.9 -1268.2 12.6
-4033.0 -1259.2 12.8
-4086.3 -1261.9 12.6
-4093.1 -1261.1 12.6
-4115.2 -1260.8 12.5
-4036.5 -1251.0 12.7
-4068.5 -1246.5 12.5
-4075.4 -1245.8 12.5
-4097.1 -1251.4 12.5
-4106.8 -1247.4 12.4
-4126.0 -1246.6 12.3
-4133.1 -1246.2 12.3
-4143.3 -1250.1 12.2
-4043.7 -1237.4 12.5
-4074.5 -1236.4 12.4
-4084.0 -1242.1 12.4
-4092.8 -1237.9 12.4
-4137.0 -1241.0 12.1
-4156.0 -1237.3 11.9
-4164.2 -1237.2 11.8
-4018.7 -1226.1 12.5
-4026.3 -1229.5 12.5
-4036.0 -1231.3 12.5
-4045.3 -1228.2 12.5
-4057.7 -1229.1 12.4
-4064.7 -1229.1 12.4
-4072.5 -1229.2 12.4
-4087.6 -1231.7 12.3
-4106.4 -1230.3 12.2
-4144.4 -1229.5 11.8
-4154.3 -1231.3 11.8
-4163.1 -1225.7 11.7
-4175.6 -1228.5 11.8
-4047.4 -1219.3 12.4
-4067.2 -1221.6 12.3
-4088.3 -1217.6 12.2
-4148.7 -1217.9 11.7
-4166.2 -1215.7 11.8
-4177.3 -1217.5 11.9
-4024.5 -1211.8 12.4
-4036.8 -1211.1 12.3
-4058.5 -1208.6 12.2
-4077.8 -1210.7 12.2
-4086.3 -1212.2 12.1
-4115.8 -1211.5 11.8
-4135.8 -1209.5 11.7
-4146.6 -1210.7 11.7
-4154.5 -1206.6 11.8
-4164.4 -1209.8 11.8
-4177.7 -1209.3 12.0
-4184.2 -1210.3 12.1
-4033.9 -1200.8 12.3
-4058.6 -1199.2 12.1
-4085.9 -1196.0 11.9
-4093.6 -1199.1 11.8
-4126.3 -1202.1 11.7
-4145.2 -1201.5 11.8
-4185.3 -1201.9 12.3
-4197.4 -1198.7 12.6
-4202.9 -1196.7 12.8
-4212.8 -1198.8 12.9
-4054.1 -1185.7 12.0
-4068.2 -1186.5 11.9
-4076.0 -1185.6 11.8
-4084.5 -1188.2 11.7
-4092.7 -1188.3 11.6
-4113.3 -1189.3 11.7
-4128.3 -1187.8 11.8
-4132.9 -1186.2 11.8
-4142.7 -1186.9 11.9
-4154.6 -1189.5 12.1
-4197.1 -1190.9 12.8
-4205.2 -1186.0 12.8
-4065.7 -1176.8 11.7
-4073.5 -1176.9 11.6
-4102.2 -1177.0 11.7
-4127.3 -1181.5 11.8
-4135.1 -1176.5 12.1
-4148.1 -1178.3 12.3
-4158.5 -1178.7 12.4
-4197.2 -1181.5 12.8
-4208.8 -1180.8 12.8
-4217.2 -1180.1 12.9
-4226.8 -1175.8 12.9
-4236.8 -1181.3 12.9
-4093.1 -1168.3 11.7
-4115.7 -1167.7 11.9
-4142.2 -1168.9 12.4
-4163.7 -1170.9 12.7
-4203.8 -1168.3 12.8
-4233.6 -1168.9 12.9
-4127.7 -1159.6 12.4
-4154.5 -1161.0 12.6
-4176.6 -1160.5 12.7
-4183.2 -1159.8 12.8
-4193.7 -1155.6 12.8
-4215.3 -1156.5 12.8
-4226.3 -1156.7 12.8
-4157.3 -1148.7 12.7
-4164.7 -1149.8 12.7
-4177.7 -1151.2 12.7
-4184.7 -1147.1 12.7
-4212.5 -1149.2 12.8
-4224.8 -1149.5 12.8
-4232.7 -1148.7 12.8
-4247.8 -1150.2 12.7
-4186.8 -1135.8 12.7
-4195.0 -1139.4 12.7
-4216.2 -1141.7 12.8
-4234.2 -1139.5 12.6
-4247.7 -1136.3 12.4
-4238.7 -1127.4 12.3
-4243.7 -1129.9 12.3
-4185.4 -1119.0 12.6
-4195.6 -1121.9 12.6
-4205.7 -1118.4 12.4
-4184.4 -1111.8 12.4
-4205.8 -1110.0 12.2
-4217.2 -1111.0 12.1
-4186.6 -1097.8 12.1
-4085.0 -1090.3 12.3
-4104.6 -1086.5 12.3
-4176.2 -1090.3 12.0
-4197.7 -1081.9 12.4
-4145.9 -1067.1 12.1
-4167.2 -1066.1 12.3
-4184.9 -1071.0 12.4
-2744.2 -1967.4 6.3
-2752.4 -1961.9 6.4
-2758.4 -1962.3 6.3
-2730.7 -1953.9 7.2
-2760.6 -1957.1 6.7
-2733.6 -1945.6 7.5
-2750.6 -1936.4 8.1
-4047.1 -1806.1 12.6
-4030.7 -1796.1 12.3
-4035.1 -1793.3 12.2
-4058.9 -1796.2 12.4
-4016.7 -1783.7 12.2
-4029.5 -1775.8 12.1
-4035.6 -1773.3 12.0
-4048.4 -1774.9 12.1
-4054.8 -1778.2 12.1
-4080.6 -1778.6 12.2
-4005.2 -1764.6 11.9
-4030.4 -1767.8 11.9
-4040.1 -1768.6 12.0
-4050.1 -1764.5 12.0
-4068.5 -1764.4 12.0
-4089.8 -1765.5 12.1
-4029.8 -1753.9 12.0
-4039.6 -1754.2 12.1
-4046.5 -1758.2 12.0
-4089.2 -1754.4 12.2
-4015.4 -1745.1 12.2
-4030.5 -1743.7 12.3
-4038.0 -1745.6 12.2
-4076.9 -1748.4 12.2
-4099.8 -1743.4 12.3
-4015.6 -1734.7 12.5
-4035.3 -1732.3 12.6
-4051.1 -1734.6 12.6
-4054.6 -1735.4 12.5
-4076.4 -1735.7 12.6
-4109.4 -1738.8 12.5
-4119.4 -1737.1 12.5
-4016.5 -1726.3 12.7
-4068.6 -1725.0 12.8
-4099.4 -1726.5 12.9
-4109.3 -1727.4 12.8
-4119.4 -1726.3 12.9
-4139.6 -1722.6 13.0
-4030.6 -1714.2 12.9
-4047.2 -1718.3 13.0
-4059.5 -1712.5 13.0
-4068.0 -1717.7 13.0
-4075.6 -1718.5 13.0
-4096.8 -1718.6 13.0
-4108.5 -1718.5 13.1
-4117.3 -1716.3 13.1
-4067.6 -1706.7 13.1
-4076.7 -1708.3 13.1
-4089.3 -1708.3 13.2
-4100.8 -1706.5 13.2
-4111.1 -1702.7 13.3
-4121.0 -1706.6 13.3
-4148.3 -1708.8 13.3
-4036.5 -1698.0 13.5
-4070.2 -1698.9 13.3
-4075.2 -1695.1 13.5
-4096.4 -1698.6 13.3
-4110.1 -1698.6 13.3
-4129.8 -1693.1 13.4
-4147.2 -1697.7 13.4
-4075.6 -1683.0 14.1
-4006.7 -1184.3 12.2
-4035.5 -1174.4 12.0
-3984.4 -1161.7 12.1
-4003.1 -1159.7 12.0
-4037.1 -1161.3 11.8
-4054.7 -1162.8 11.6
-4062.4 -1165.4 11.6
-3983.3 -1154.5 12.0
-4003.1 -1151.5 11.9
-4022.3 -1152.3 11.7
-4032.8 -1154.9 11.7
-4042.0 -1153.1 11.5
-4056.3 -1151.5 11.6
-4076.2 -1149.7 11.7
-4081.3 -1155.2 11.7
-3991.0 -1145.2 11.9
-4005.8 -1143.9 11.8
-4026.9 -1145.0 11.5
-4046.2 -1141.6 11.6
-4054.8 -1145.9 11.6
-4086.7 -1142.5 12.1
-4035.8 -1131.1 11.6
-4042.8 -1132.0 11.6
-4074.0 -1132.9 12.1
-4086.6 -1135.9 12.3
-4046.6 -1124.3 11.8
-4061.5 -1124.0 12.1
-4076.6 -1121.3 12.3
-4053.6 -1114.0 12.2
-4099.0 -1070.4 12.3
-4108.4 -1068.1 12.2
-4099.8 -1058.3 12.0
-4124.2 -1063.2 11.9
-4095.4 -1050.6 11.9
-4114.6 -1053.1 11.9
-4135.6 -1052.1 12.2
-4126.5 -1038.4 12.3
-4114.1 -1034.1 12.2
-4138.4 -1029.3 12.2
-4074.0 -1010.1 12.1
-4056.6 -1002.0 12.0
-4070.3 -1001.6 12.0
-4074.1 -1001.4 11.9
-4055.8 -993.0 11.8
-4069.1 -989.9 11.7
-4038.8 -981.9 11.7
-4044.6 -978.7 11.6
-4025.1 -972.6 11.6
-4036.4 -968.5 11.5
-4044.9 -968.3 11.5
-4048.7 -960.3 11.4
-3989.2 -952.9 11.4
-4026.7 -952.8 11.4
-4039.2 -943.7 11.2
-4045.7 -944.0 11.2
-4346.9 -1378.0 12.4
-4363.6 -1374.7 12.1
-4356.7 -1370.3 12.1
-4372.0 -1367.6 12.1
-4386.6 -1370.9 12.1
-4394.7 -1370.6 12.2
-4331.5 -1356.0 12.1
-4346.5 -1354.5 12.0
-4356.9 -1361.1 12.0
-4372.1 -1359.7 12.1
-4393.1 -1355.1 12.3
-4415.7 -1361.0 12.3
-4421.1 -1354.8 12.5
-4447.0 -1359.6 12.9
-4452.1 -1359.4 13.0
-4332.1 -1347.9 11.9
-4365.7 -1350.9 12.1
-4416.0 -1349.5 12.6
-4422.4 -1349.5 12.7
-4432.5 -1346.2 13.0
-4446.0 -1347.7 13.2
-4452.6 -1350.8 13.3
-4465.0 -1344.9 13.7
-4346.3 -1338.4 12.1
-4350.6 -1339.6 12.1
-4407.0 -1337.0 12.8
-4426.1 -1336.0 13.2
-4452.8 -1340.2 13.6
-4463.2 -1337.4 13.8
-4335.5 -1325.3 12.1
-4381.7 -1328.6 12.5
-4392.4 -1327.0 12.8
-4424.5 -1330.3 13.3
-4431.3 -1328.7 13.5
-4474.7 -1329.7 13.8
-4483.3 -1327.2 13.9
-4342.7 -1318.7 12.2
-4366.7 -1320.3 12.5
-4456.0 -1319.4 13.8
-4481.8 -1307.2 13.9
-4491.3 -1310.6 13.9
-4502.4 -1304.8 13.9
-4342.5 -1297.3 12.7
-4364.2 -1300.1 13.0
-4386.0 -1295.9 13.5
-4465.0 -1299.9 13.8
-4482.4 -1297.6 13.8
-4492.8 -1299.7 13.9
-4446.4 -1286.1 13.7
-4497.0 -1290.5 13.6
-4355.0 -1278.0 13.4
-4375.2 -1276.6 13.5
-4464.6 -1274.8 13.6
-4362.5 -1271.1 13.4
-4384.4 -1270.8 13.5
-4393.6 -1266.0 13.6
-4395.7 -1259.5 13.5
-4461.3 -1258.8 13.2
-4401.7 -1246.5 13.5
-4465.6 -1249.0 13.0
-4403.9 -1237.5 13.3
-4456.9 -1238.1 12.8
-4440.7 -1228.0 12.8
-2278.5 -2516.0 9.3
-2263.6 -2509.6 9.4
-2273.9 -2507.9 9.3
-2292.7 -2506.5 9.2
-2264.7 -2497.8 9.3
-2273.5 -2498.0 9.2
-2282.3 -2495.9 9.2
-2292.4 -2502.1 9.1
-2256.7 -2492.5 9.3
-2263.0 -2491.6 9.3
-2274.1 -2492.3 9.2
-2305.6 -2490.8 9.0
-2275.6 -2476.4 9.1
-2298.3 -2480.5 9.0
-2314.6 -2478.3 8.8
-2275.6 -2467.5 9.0
-2297.5 -2471.9 8.9
-2318.6 -2467.3 8.7
-2323.2 -2472.4 8.7
-2273.1 -2457.5 9.0
-2287.5 -2462.0 8.9
-2294.7 -2456.7 8.8
-2323.5 -2461.8 8.7
-2337.9 -2457.5 8.4
-2297.2 -2449.5 8.8
-2305.5 -2447.9 8.7
-2316.9 -2449.3 8.6
-2322.4 -2450.5 8.5
-2345.0 -2445.8 8.2
-2266.9 -2440.9 8.9
-2273.6 -2436.5 8.8
-2313.4 -2442.2 8.5
-2326.7 -2437.6 8.3
-2333.4 -2439.4 8.3
-2253.1 -2430.6 9.0
-2275.7 -2428.0 8.7
-2287.3 -2430.3 8.6
-2307.6 -2427.6 8.4
-2327.8 -2428.5 8.2
-2337.4 -2431.8 8.1
-2347.1 -2426.0 8.0
-2353.1 -2429.9 7.9
-2365.4 -2431.7 7.8
-2245.7 -2416.7 8.9
-2268.0 -2419.9 8.7
-2294.1 -2421.4 8.5
-2305.1 -2419.6 8.3
-2338.1 -2416.5 7.9
-2348.6 -2419.5 7.9
-2364.9 -2417.1 7.7
-2214.6 -2407.9 9.1
-2246.1 -2410.5 8.8
-2277.6 -2406.4 8.4
-2336.3 -2409.3 7.9
-2355.3 -2411.7 7.7
-2295.2 -2401.4 8.2
-2312.6 -2402.1 8.0
-2346.8 -2398.9 7.6
-2373.5 -2399.0 7.7
-2354.5 -2386.9 7.9
-2374.6 -2386.0 8.0
-2344.9 -2379.6 8.0
-2398.2 -2376.6 8.3
-2402.5 -2381.3 8.2
-2352.7 -2369.9 8.3
-2408.3 -2365.9 8.6
-2157.0 -2359.3 9.1
-2358.5 -2361.4 8.5
-2368.3 -2356.7 8.7
-2383.2 -2356.8 8.7
-2393.2 -2356.9 8.8
-2155.6 -2351.2 9.0
-2345.5 -2352.2 8.7
-2353.8 -2347.1 8.9
-2417.5 -2348.3 9.0
-2144.3 -2336.9 9.0
-2346.7 -2338.4 9.0
-2355.2 -2337.7 9.1
-2366.9 -2340.4 9.1
-2373.7 -2339.5 9.1
-2397.3 -2338.4 9.0
-2408.3 -2338.8 9.0
-2416.6 -2339.0 9.0
-2422.2 -2336.2 9.0
-2133.1 -2332.3 9.0
-2155.6 -2327.7 8.7
-2357.2 -2327.3 9.1
-2375.5 -2328.6 9.1
-2384.4 -2329.1 9.0
-2405.8 -2330.1 9.0
-2415.1 -2329.2 9.1
-2426.3 -2329.9 9.1
-2432.9 -2331.3 9.2
-2386.9 -2318.0 9.1
-2407.6 -2318.1 9.2
-2435.9 -2321.8 9.3
-2363.2 -2306.5 9.1
-2372.5 -2305.8 9.1
-2396.8 -2309.3 9.2
-2418.7 -2309.7 9.3
-2428.1 -2305.9 9.4
-2435.3 -2310.0 9.4
-2355.6 -2301.1 9.1
-2422.1 -2295.8 9.5
-2438.1 -2296.7 9.6
-2452.6 -2297.0 9.7
-2358.0 -2291.3 9.2
-2367.7 -2288.6 9.3
-2374.1 -2288.4 9.3
-2384.0 -2291.2 9.4
-2407.7 -2290.2 9.5
-2412.8 -2286.9 9.6
-2438.1 -2287.0 9.7
-2453.1 -2290.0 9.8
-2353.4 -2275.9 9.4
-2372.3 -2280.8 9.4
-2396.5 -2279.3 9.6
-2406.9 -2282.4 9.6
-2412.2 -2280.0 9.7
-2425.2 -2282.3 9.7
-2432.7 -2278.1 9.8
-2443.8 -2277.6 9.9
-2458.6 -2278.1 10.0
-2346.6 -2269.4 9.4
-2367.9 -2267.3 9.6
-2373.1 -2267.5 9.6
-2403.8 -2268.0 9.8
-2417.8 -2266.3 9.9
-2433.4 -2269.4 9.9
-2443.5 -2265.8 10.0
-2453.6 -2267.0 10.0
-2473.2 -2269.9 10.1
-2347.3 -2258.9 9.5
-2356.1 -2259.2 9.6
-2368.6 -2258.7 9.7
-2385.6 -2258.8 9.8
-2424.0 -2257.0 10.0
-2434.1 -2260.9 10.0
-2403.3 -2250.0 10.0
-2477.5 -2247.8 10.2
-2484.9 -2246.1 10.2
-2385.9 -2241.7 10.0
-2394.5 -2239.5 10.0
-2414.3 -2240.3 10.1
-2382.6 -2229.1 10.0
-2397.5 -2229.5 10.1
-2414.5 -2229.1 10.1
-2227.8 -2216.2 9.4
-2342.1 -2216.5 10.0
-2376.5 -2220.8 10.0
-2382.7 -2216.0 10.1
-2406.0 -2218.8 10.1
-2236.2 -2208.8 9.5
-2242.8 -2211.3 9.5
-2276.1 -2209.0 9.7
-2307.3 -2209.0 9.9
-2312.1 -2207.9 10.0
-2406.4 -2212.2 10.2
-2266.2 -2198.6 9.8
-2384.4 -2196.1 10.2
-2398.6 -2200.6 10.2
-2407.4 -2198.2 10.2
-2277.6 -2190.0 10.0
-2304.1 -2192.4 10.0
-2317.6 -2185.8 10.1
-2327.1 -2188.4 10.1
-2365.6 -2191.4 10.1
-2373.6 -2191.2 10.2
-2408.0 -2186.1 10.2
-2272.4 -2181.8 10.0
-2296.3 -2176.8 10.1
-2302.5 -2181.5 10.0
-2316.4 -2176.0 10.1
-2347.5 -2178.6 10.2
-2352.8 -2181.4 10.2
-2366.3 -2180.8 10.2
-2374.5 -2180.0 10.2
-2383.5 -2177.9 10.2
-2396.5 -2181.2 10.2
-2523.8 -2176.5 9.2
-2262.7 -2169.5 10.0
-2285.8 -2168.8 10.1
-2295.9 -2167.3 10.1
-2367.3 -2170.2 10.2
-2384.8 -2171.5 10.1
-2396.2 -2171.2 10.0
-2502.7 -2166.2 9.1
-2512.5 -2171.8 9.2
-2222.4 -2156.4 10.0
-2238.5 -2156.7 10.0
-2243.5 -2156.2 10.0
-2262.1 -2156.8 10.1
-2296.1 -2158.9 10.1
-2336.1 -2157.0 10.0
-2387.0 -2159.9 9.8
-2405.9 -2161.5 9.7
-2445.7 -2156.1 9.2
-2466.0 -2157.0 9.1
-2482.3 -2157.6 9.0
-2522.9 -2161.9 8.8
-2232.6 -2146.9 10.0
-2244.8 -2152.2 10.0
-2265.5 -2152.1 10.1
-2278.7 -2148.1 10.1
-2286.0 -2150.2 10.1
-2293.7 -2148.3 10.1
-2463.3 -2146.3 8.8
-2485.9 -2148.9 8.7
-2513.2 -2146.7 8.5
-2535.5 -2146.0 8.3
-2213.2 -2137.7 10.0
-2223.5 -2141.3 10.0
-2236.6 -2136.0 10.0
-2244.8 -2140.8 10.0
-2255.6 -2140.4 10.0
-2264.6 -2136.0 10.0
-2284.4 -2138.5 9.9
-2296.6 -2139.4 9.9
-2446.0 -2139.6 8.8
-2466.2 -2142.3 8.7
-2478.7 -2139.4 8.6
-2488.0 -2139.4 8.5
-2492.6 -2137.2 8.5
-2518.5 -2136.3 8.4
-2523.6 -2141.5 8.4
-2222.6 -2126.1 10.0
-2257.8 -2132.1 9.9
-2305.4 -2127.2 9.5
-2324.6 -2127.7 9.3
-2464.2 -2127.0 8.6
-2477.3 -2129.7 8.5
-2486.9 -2127.2 8.5
-2502.2 -2126.3 8.4
-2517.2 -2126.6 8.4
-2528.0 -2129.5 8.3
-2533.9 -2130.4 8.3
-2226.0 -2121.1 9.9
-2252.6 -2122.0 9.7
-2274.0 -2117.4 9.4
-2306.4 -2118.0 9.2
-2315.2 -2118.2 9.2
-2454.8 -2118.4 8.6
-2475.4 -2119.1 8.5
-2486.6 -2121.6 8.5
-2498.6 -2119.5 8.4
-2535.2 -2118.0 8.2
-2546.1 -2118.1 8.2
-2237.4 -2109.6 9.5
-2244.5 -2112.0 9.5
-2276.0 -2106.0 9.3
-2312.9 -2110.9 9.2
-2458.2 -2106.6 8.5
-2468.5 -2112.2 8.5
-2473.1 -2107.6 8.5
-2482.2 -2108.2 8.4
-2543.6 -2107.8 8.2
-2245.5 -2097.0 9.4
-2257.2 -2097.3 9.4
-2273.3 -2100.4 9.3
-2286.0 -2101.3 9.2
-2316.0 -2098.2 9.1
-2475.7 -2100.5 8.4
-2487.1 -2096.8 8.4
-2527.9 -2099.0 8.2
-2554.5 -2099.2 8.1
-2242.5 -2089.3 9.4
-2263.4 -2087.3 9.3
-2275.5 -2089.5 9.3
-2305.2 -2086.9 9.1
-2457.0 -2090.8 8.5
-2487.5 -2087.0 8.3
-2514.3 -2090.2 8.2
-2547.3 -2091.5 8.1
-2555.2 -2089.3 8.1
-2255.5 -2076.4 9.2
-2265.8 -2078.7 9.2
-2272.6 -2078.3 9.1
-2312.9 -2079.4 9.0
-2323.1 -2076.0 8.9
-2467.5 -2078.9 8.4
-2477.8 -2079.5 8.4
-2507.8 -2080.4 8.2
-2523.8 -2081.7 8.2
-2567.7 -2076.2 8.0
-2267.9 -2069.3 9.0
-2283.6 -2069.4 9.0
-2297.6 -2070.2 8.9
-2313.3 -2070.0 8.9
-2327.6 -2068.0 8.8
-2456.9 -2070.5 8.4
-2463.9 -2068.6 8.3
-2478.6 -2066.5 8.2
-2488.5 -2068.6 8.2
-2497.3 -2069.8 8.2
-2514.8 -2070.1 8.2
-2543.5 -2071.0 8.0
-2563.7 -2070.9 8.0
-2264.5 -2058.1 8.9
-2274.9 -2060.5 8.9
-2296.1 -2061.1 8.8
-2318.5 -2058.0 8.7
-2328.0 -2058.7 8.7
-2467.0 -2061.2 8.2
-2476.6 -2059.6 8.2
-2552.4 -2060.6 7.9
-2277.9 -2047.1 8.7
-2315.3 -2050.3 8.6
-2323.1 -2051.6 8.6
-2333.3 -2050.0 8.5
-2347.6 -2049.9 8.5
-2394.6 -2046.3 8.3
-2458.2 -2052.3 8.1
-2467.7 -2047.5 8.2
-2472.8 -2049.5 8.1
-2482.7 -2047.2 8.1
-2493.3 -2047.5 8.1
-2516.4 -2050.5 8.0
-2525.7 -2050.9 8.0
-2535.9 -2047.7 8.0
-2557.9 -2049.3 7.9
-2302.9 -2039.5 8.6
-2344.0 -2040.6 8.5
-2358.2 -2037.5 8.5
-2372.5 -2039.0 8.4
-2386.3 -2037.9 8.4
-2417.5 -2039.7 8.3
-2457.5 -2039.1 8.2
-2497.8 -2039.8 8.1
-2502.3 -2036.9 8.2
-2515.8 -2040.5 8.1
-2526.1 -2041.4 8.1
-2533.6 -2041.3 8.1
-2583.1 -2040.5 7.9
-2293.8 -2031.9 8.7
-2325.9 -2031.4 8.6
-2337.6 -2028.4 8.6
-2375.0 -2029.3 8.5
-2385.3 -2025.9 8.5
-2407.5 -2028.6 8.4
-2425.9 -2028.2 8.4
-2447.4 -2028.3 8.3
-2457.9 -2031.0 8.3
-2466.6 -2028.2 8.3
-2478.3 -2029.9 8.3
-2495.2 -2030.3 8.2
-2532.2 -2027.2 8.1
-2548.7 -2031.7 8.0
-2563.3 -2030.6 8.0
-2573.3 -2028.6 7.9
-2586.0 -2029.7 7.9
-2594.4 -2031.3 7.9
-2375.7 -2016.3 8.6
-2392.6 -2017.8 8.5
-2404.4 -2022.1 8.5
-2417.8 -2022.2 8.4
-2428.6 -2020.1 8.4
-2432.4 -2021.7 8.4
-2444.7 -2018.6 8.4
-2466.2 -2019.9 8.4
-2488.0 -2017.1 8.3
-2513.9 -2018.6 8.2
-2546.4 -2016.0 8.0
-2558.5 -2019.5 8.0
-2308.0 -2006.9 8.8
-2368.4 -2006.8 8.7
-2374.6 -2008.0 8.7
-2384.4 -2012.4 8.6
-2414.4 -2010.2 8.5
-2465.0 -2009.3 8.4
-2478.5 -2011.0 8.3
-2498.7 -2008.7 8.3
-2518.5 -2012.3 8.2
-2526.1 -2012.2 8.1
-2545.4 -2011.7 8.1
-2566.0 -2007.2 8.1
-2578.4 -2009.9 8.1
-2585.8 -2007.1 8.1
-2595.6 -2011.0 8.0
-2603.3 -2008.8 8.0
-2314.4 -1997.8 8.9
-2328.4 -2000.3 8.8
-2336.0 -2001.4 8.8
-2353.5 -1998.7 8.8
-2375.6 -2000.9 8.7
-2388.3 -1997.7 8.7
-2454.4 -1998.6 8.5
-2506.7 -1997.8 8.2
-2514.1 -2000.6 8.2
-2522.2 -1997.2 8.2
-2532.1 -1999.8 8.1
-2552.6 -1996.7 8.1
-2584.9 -1998.0 8.1
-2595.3 -2001.4 8.1
-2603.3 -2001.3 8.1
-2407.1 -1991.0 8.7
-2413.3 -1988.5 8.6
-2422.5 -1991.2 8.6
-2443.4 -1992.3 8.5
-2463.0 -1991.7 8.4
-2474.3 -1986.2 8.4
-2495.1 -1992.2 8.3
-2512.7 -1990.3 8.2
-2528.7 -1991.0 8.2
-2558.5 -1986.5 8.2
-2594.9 -1988.6 8.2
-2337.6 -1978.2 9.0
-2354.2 -1981.3 8.9
-2365.4 -1979.8 8.9
-2413.7 -1979.2 8.6
-2425.5 -1981.3 8.6
-2435.2 -1977.6 8.6
-2456.2 -1979.6 8.5
-2467.6 -1980.2 8.4
-2476.6 -1982.0 8.4
-2502.2 -1980.4 8.3
-2522.9 -1982.4 8.3
-2548.5 -1977.2 8.3
-2558.0 -1976.7 8.3
-2576.6 -1980.2 8.2
-2608.5 -1980.0 8.2
-2616.9 -1976.1 8.3
-2404.3 -1968.6 8.7
-2437.2 -1967.3 8.5
-2456.5 -1972.1 8.5
-2467.8 -1968.8 8.4
-2477.8 -1971.6 8.4
-2487.3 -1966.5 8.4
-2504.6 -1968.0 8.4
-2514.7 -1971.7 8.3
-2526.2 -1970.2 8.3
-2545.0 -1970.3 8.3
-2557.4 -1970.8 8.3
-2572.4 -1969.6 8.3
-2588.0 -1965.8 8.3
-2612.4 -1965.9 8.3
-2622.9 -1968.4 8.3
-2385.9 -1957.0 8.8
-2406.2 -1958.2 8.7
-2443.3 -1960.6 8.5
-2475.3 -1957.4 8.4
-2507.4 -1960.3 8.4
-2513.8 -1958.6 8.4
-2524.6 -1957.4 8.4
-2535.8 -1959.1 8.4
-2548.2 -1961.8 8.4
-2557.5 -1960.8 8.4
-2565.8 -1961.7 8.4
-2593.1 -1958.5 8.4
-2606.8 -1957.3 8.4
-2616.8 -1959.5 8.4
-2367.6 -1952.3 8.9
-2374.0 -1950.3 8.8
-2387.9 -1949.6 8.8
-2395.2 -1951.1 8.7
-2406.0 -1949.5 8.7
-2424.2 -1951.6 8.6
-2438.5 -1945.9 8.6
-2446.3 -1951.0 8.5
-2482.2 -1946.5 8.5
-2546.3 -1950.3 8.4
-2564.6 -1950.0 8.4
-2583.3 -1947.9 8.4
-2602.3 -1947.5 8.5
-2615.7 -1948.9 8.6
-2622.1 -1951.1 8.6
-2634.7 -1946.0 8.8
-2384.8 -1938.2 8.8
-2397.5 -1940.7 8.7
-2405.8 -1936.3 8.7
-2413.0 -1942.2 8.7
-2425.8 -1937.3 8.6
-2442.2 -1942.3 8.5
-2456.5 -1938.5 8.6
-2494.8 -1935.9 8.6
-2517.1 -1937.1 8.5
-2537.6 -1938.4 8.5
-2546.4 -1937.4 8.5
-2552.2 -1938.8 8.5
-2568.1 -1936.1 8.6
-2598.5 -1936.9 8.8
-2617.8 -1940.3 8.8
-2626.6 -1940.5 8.9
-2393.4 -1929.6 8.8
-2426.3 -1927.1 8.6
-2436.3 -1929.3 8.6
-2448.4 -1930.5 8.6
-2457.3 -1931.8 8.6
-2472.3 -1929.3 8.6
-2485.6 -1925.9 8.6
-2494.6 -1927.4 8.6
-2503.3 -1928.1 8.6
-2526.2 -1926.1 8.6
-2556.3 -1928.6 8.7
-2566.6 -1932.2 8.7
-2575.7 -1926.9 8.9
-2593.6 -1930.2 9.0
-2403.3 -1921.1 8.7
-2435.5 -1918.3 8.7
-2477.3 -1916.2 8.7
-2497.6 -1917.4 8.7
-2542.8 -1917.9 8.9
-2573.8 -1920.4 9.1
-2586.0 -1921.4 9.2
-2594.6 -1922.2 9.2
-2603.6 -1917.1 9.4
-2617.2 -1921.9 9.4
-2623.5 -1919.0 9.5
-2428.7 -1910.8 8.8
-2467.3 -1910.8 8.7
-2488.3 -1909.0 8.8
-2503.7 -1911.5 8.8
-2516.9 -1909.5 9.0
-2527.3 -1909.3 9.1
-2537.3 -1908.0 9.2
-2575.6 -1908.4 9.5
-2584.0 -1910.0 9.5
-2594.4 -1910.1 9.5
-2614.1 -1907.0 9.8
-2625.5 -1912.3 9.7
-2435.7 -1898.7 8.8
-2445.5 -1901.3 8.8
-2453.2 -1901.0 8.8
-2466.2 -1902.1 8.8
-2477.1 -1896.5 9.1
-2485.5 -1896.4 9.1
-2507.5 -1900.0 9.2
-2515.9 -1902.4 9.2
-2537.7 -1898.9 9.4
-2552.4 -1898.2 9.6
-2577.1 -1898.6 9.8
-2593.3 -1898.8 9.9
-2607.8 -1902.0 9.9
-2626.7 -1899.5 10.1
-2634.4 -1899.5 10.2
-2438.2 -1890.9 8.9
-2446.4 -1887.0 9.1
-2468.5 -1885.9 9.3
-2486.3 -1887.4 9.4
-2506.9 -1887.0 9.6
-2525.2 -1887.0 9.7
-2535.8 -1890.0 9.7
-2557.0 -1888.7 9.9
-2563.8 -1888.5 9.9
-2592.4 -1886.8 10.2
-2612.8 -1889.8 10.3
-2637.3 -1888.1 10.5
-2655.0 -1886.7 9.8
-2477.4 -1876.2 9.7
-2488.5 -1878.7 9.7
-2526.7 -1878.5 10.0
-2566.4 -1877.7 10.3
-2576.0 -1880.4 10.3
-2627.3 -1882.2 10.6
-2635.7 -1876.3 10.7
-2656.2 -1876.1 9.9
-2474.9 -1871.4 9.8
-2484.5 -1870.7 9.9
-2508.5 -1867.0 10.2
-2524.0 -1870.3 10.2
-2537.2 -1869.8 10.3
-2546.8 -1871.8 10.3
-2556.2 -1871.6 10.4
-2566.6 -1866.3 10.6
-2598.5 -1870.0 10.7
-2608.1 -1871.4 10.8
-2622.5 -1870.3 10.9
-2634.6 -1871.1 10.8
-2488.4 -1860.7 10.2
-2503.4 -1861.0 10.3
-2512.8 -1861.9 10.3
-2542.5 -1857.2 10.7
-2553.8 -1862.0 10.6
-2568.6 -1860.8 10.8
-2575.5 -1857.6 10.9
-2607.8 -1861.4 11.1
-2634.0 -1860.1 11.0
-2488.1 -1852.0 10.4
-2494.0 -1849.6 10.5
-2504.2 -1848.9 10.6
-2526.8 -1846.7 10.9
-2538.6 -1850.7 10.8
-2558.3 -1848.8 11.1
-2565.9 -1850.4 11.1
-2582.7 -1846.6 11.3
-2606.6 -1850.0 11.4
-2502.9 -1840.8 10.9
-2518.6 -1836.3 11.1
-2524.2 -1841.5 11.0
-2534.7 -1836.3 11.2
-2583.3 -1836.4 11.6
-2528.5 -1829.1 11.4
-2547.7 -1830.3 11.5
-2553.8 -1831.1 11.5
-2566.1 -1827.2 11.7
-3918.2 -2070.8 9.9
-3915.4 -2059.7 9.9
-3915.7 -2039.8 10.0
-3924.0 -2042.0 10.2
-2766.5 -1247.4 11.8
-2783.2 -1251.4 11.7
-2794.3 -1248.2 11.5
-2758.9 -1236.8 11.7
-2795.4 -1236.9 11.3
-2838.6 -1238.8 10.8
-2845.5 -1241.3 10.8
-2864.1 -1237.9 10.5
-2857.0 -1229.9 10.5
-2866.0 -1228.8 10.3
-2876.8 -1229.9 10.2
-2754.0 -1217.7 11.3
-2769.3 -1218.8 11.4
-2775.1 -1216.8 11.3
-2798.3 -1215.9 11.0
-2803.5 -1217.5 11.0
-2875.9 -1222.3 10.1
-2893.2 -1221.1 9.9
-2906.8 -1219.7 9.7
-2756.5 -1206.9 11.2
-2774.5 -1209.6 11.2
-2805.0 -1206.6 10.8
-2825.1 -1205.7 10.6
-2785.3 -1199.0 11.0
-2798.8 -1200.2 10.8
-2803.4 -1196.1 10.7
-2813.2 -1197.0 10.6
-2826.2 -1197.7 10.5
-2848.3 -1201.3 10.2
-2853.2 -1201.3 10.2
-2883.1 -1201.4 9.8
-2899.2 -1195.7 9.5
-2906.4 -1201.8 9.5
-2799.0 -1187.1 10.7
-2813.5 -1188.5 10.5
-2824.6 -1189.4 10.4
-2833.9 -1189.2 10.3
-2865.1 -1185.8 9.8
-2874.4 -1187.8 9.7
-2888.1 -1186.4 9.5
-2775.5 -1176.4 10.8
-2797.9 -1177.6 10.6
-2804.8 -1179.6 10.5
-2826.9 -1179.1 10.2
-2847.9 -1176.4 9.9
-2868.3 -1176.2 9.7
-2876.1 -1180.8 9.6
-2884.3 -1179.4 9.6
-2908.1 -1182.3 9.7
-2797.7 -1167.5 10.4
-2805.1 -1167.7 10.3
-2827.4 -1168.3 10.1
-2846.6 -1168.5 9.8
-2873.6 -1167.0 9.7
-2885.6 -1168.0 9.8
-2898.6 -1170.4 9.8
-2908.3 -1170.3 9.9
-2787.8 -1157.8 10.4
-2807.7 -1156.8 10.2
-2829.3 -1156.8 9.9
-2853.4 -1161.8 9.7
-2863.9 -1161.3 9.8
-2872.9 -1156.5 9.9
-2883.9 -1156.8 10.0
-2783.3 -1146.8 10.4
-2797.6 -1148.6 10.2
-2815.6 -1149.1 10.0
-2826.3 -1151.2 9.9
-2839.3 -1150.7 9.8
-2869.4 -1148.7 10.0
-2877.1 -1149.4 10.0
-2894.3 -1152.0 10.1
-2785.2 -1140.3 10.3
-2815.3 -1138.9 9.9
-2825.0 -1137.3 9.9
-2835.1 -1139.4 10.0
-2847.2 -1135.9 10.0
-2889.0 -1137.4 10.1
-2898.5 -1141.5 10.2
-2808.5 -1131.4 9.9
-2813.0 -1131.8 9.9
-2835.0 -1129.3 10.1
-2844.7 -1125.7 10.1
-2857.4 -1131.2 10.1
-2878.4 -1126.1 10.1
-2894.6 -1129.7 10.2
-2906.6 -1127.8 10.2
-2794.9 -1120.0 10.0
-2885.8 -1118.7 10.3
-2906.9 -1121.5 10.3
-2818.4 -1107.8 10.4
-2827.2 -1110.6 10.3
-2837.1 -1111.6 10.3
-2855.9 -1111.1 10.4
-2867.1 -1110.5 10.5
-2887.3 -1108.2 10.6
-2904.8 -1111.5 10.6
-2794.1 -1100.9 10.5
-2804.5 -1096.5 10.7
-2819.1 -1101.4 10.6
-2836.5 -1099.5 10.7
-2849.4 -1098.3 10.8
-2868.1 -1100.2 10.8
-2807.0 -1089.6 10.9
-2828.1 -1086.8 11.1
-2876.4 -1088.3 11.2
-2826.4 -1079.2 11.3
-2848.4 -1082.2 11.3
-2852.8 -1081.9 11.3
-2863.6 -1081.7 11.3
-2888.0 -1076.7 11.6
-2893.4 -1077.4 11.6
-2828.5 -1069.1 11.6
-2837.5 -1067.8 11.7
-2863.9 -1070.3 11.7
-2883.8 -1066.6 11.9
-2898.4 -1072.2 11.8
-2828.8 -1061.6 11.8
-2834.5 -1056.1 12.0
-2865.4 -1062.0 11.9
-2888.6 -1062.1 12.0
-2863.8 -1027.5 13.0
-3035.7 -2328.3 9.3
-3046.7 -2333.8 9.0
-3012.8 -2317.9 9.9
-3033.5 -2323.0 9.5
-3044.8 -2321.4 9.3
-3023.6 -2313.2 9.9
-3035.3 -2308.4 9.8
-3045.9 -2308.3 9.7
-2974.2 -2299.4 11.0
-3042.4 -2302.4 9.9
-2957.3 -2288.3 11.5
-2965.0 -2288.5 11.4
-2972.5 -2288.0 11.3
-2996.3 -2290.0 10.9
-3002.8 -2293.6 10.7
-3026.0 -2293.5 10.3
-3034.1 -2288.7 10.3
-3046.6 -2287.7 10.2
-3037.3 -2281.9 10.5
-2904.7 -2268.2 12.7
-3023.2 -2267.9 11.0
-3043.1 -2270.4 10.7
-3054.5 -2273.4 10.4
-3063.0 -2270.2 10.4
-2887.4 -2260.9 12.5
-2904.7 -2259.1 12.5
-3066.4 -2261.5 10.6
-2895.0 -2249.5 12.2
-3004.0 -2253.3 11.7
-3014.3 -2248.3 11.7
-3035.6 -2253.0 11.2
-3045.2 -2252.4 11.1
-3065.8 -2253.1 10.8
-3026.6 -2239.9 11.7
-3032.1 -2241.7 11.6
-3047.2 -2238.8 11.4
-3063.7 -2237.7 11.2
-2893.4 -2232.0 11.8
-3032.9 -2230.8 11.8
-3072.9 -2227.7 11.3
-3007.6 -2221.0 11.9
-3016.3 -2221.9 11.9
-3033.1 -2219.1 11.9
-2896.7 -2211.8 11.3
-2901.7 -2209.4 11.2
-2934.1 -2210.3 11.4
-2972.4 -2210.2 11.5
-2997.1 -2208.8 11.5
-3033.9 -2210.0 11.7
-3042.5 -2212.8 11.8
-3065.5 -2211.9 11.8
-3072.1 -2210.0 11.8
-2897.9 -2201.4 11.0
-2906.0 -2200.9 11.0
-2912.5 -2200.2 11.1
-2932.6 -2198.5 11.1
-2946.5 -2198.1 11.1
-2952.1 -2202.5 11.2
-2987.8 -2199.0 11.3
-2997.8 -2200.5 11.3
-3015.1 -2197.3 11.3
-3064.6 -2201.9 11.6
-2991.6 -2188.2 11.0
-3014.1 -2192.1 11.2
-3042.9 -2190.7 11.2
-3067.4 -2191.3 11.3
-3072.6 -2193.0 11.4
-2904.7 -2182.8 10.6
-2981.9 -2182.8 10.8
-2995.6 -2183.8 10.9
-2985.7 -2173.1 10.6
-3003.9 -2173.1 10.7
-3047.8 -2172.6 11.0
-3052.0 -2169.3 11.0
-2985.9 -2162.2 10.6
-3055.4 -2162.2 11.0
-3066.8 -2157.4 11.1
-3071.9 -2158.7 11.1
-2992.4 -2148.4 10.6
-3005.1 -2150.0 10.7
-3063.2 -2152.2 11.1
-2996.4 -2139.0 10.6
-3007.6 -2139.4 10.7
-3011.8 -2141.8 10.7
-3026.6 -2141.7 10.8
-3034.8 -2143.0 10.9
-3045.9 -2141.2 10.9
-3055.1 -2140.6 11.0
-3062.6 -2142.2 11.0
-3074.8 -2142.2 11.1
-3012.5 -2128.2 10.7
-3031.6 -2129.0 10.8
-3045.4 -2128.2 10.9
-3057.1 -2133.7 11.0
-2945.8 -2797.2 6.6
-2849.1 -2782.1 6.4
-2876.9 -2781.8 6.7
-2918.7 -2783.2 6.0
-2875.2 -2774.8 6.4
-2888.6 -2775.0 6.0
-2919.2 -2775.1 6.0
-2947.9 -2774.2 6.7
-2957.4 -2772.3 6.9
-2850.9 -2767.7 6.4
-2860.7 -2763.8 6.3
-2958.9 -2767.6 6.9
-2848.6 -2757.8 6.3
-2907.3 -2755.9 5.8
-2915.2 -2756.2 6.0
-2928.6 -2757.0 6.3
-2956.8 -2753.0 6.9
-2848.5 -2747.2 7.2
-2897.8 -2748.1 6.0
-2906.0 -2744.5 6.0
-2927.6 -2746.5 6.3
-2956.0 -2744.8 6.9
-2789.4 -2733.5 10.0
-2829.6 -2735.1 9.0
-2848.6 -2734.7 8.3
-2885.1 -2737.3 6.9
-2911.2 -2734.2 6.3
-2917.7 -2735.5 6.4
-2936.5 -2736.9 6.7
-2947.4 -2735.8 7.0
-2958.0 -2735.3 7.2
-2795.4 -2723.2 10.7
-2810.2 -2726.5 10.0
-2826.7 -2725.4 9.5
-2835.6 -2722.7 9.3
-2857.3 -2727.1 8.3
-2867.0 -2724.0 8.1
-2890.6 -2727.7 7.1
-2905.2 -2724.7 6.7
-2917.0 -2724.7 6.6
-2940.6 -2724.9 7.1
-2956.2 -2725.7 7.3
-2836.1 -2714.3 9.6
-2858.0 -2718.0 8.7
-2958.3 -2714.1 7.6
-2967.2 -2718.1 7.7
-2800.2 -2702.4 11.4
-2811.0 -2706.1 10.8
-2810.6 -2693.5 11.4
-2905.6 -2696.9 7.8
-2917.1 -2695.9 7.5
-2931.0 -2692.6 7.6
-2935.6 -2693.1 7.6
-2805.2 -2686.1 11.0
-2898.8 -2684.8 8.6
-2919.5 -2682.2 8.0
-2936.8 -2682.4 7.9
-2949.9 -2682.3 8.1
-2906.2 -2675.6 8.7
-2920.8 -2672.3 8.3
-2947.5 -2674.6 8.3
-2957.3 -2675.2 8.4
-2910.5 -2664.2 9.0
-2961.3 -2664.6 8.7
-2689.4 -2653.2 8.6
-2701.2 -2658.1 8.9
-2916.0 -2658.2 9.1
-2930.4 -2655.3 8.7
-2935.6 -2654.3 8.5
-2650.6 -2642.2 8.1
-2700.3 -2645.5 8.3
-2901.3 -2646.7 9.9
-2909.9 -2644.0 9.8
-2918.8 -2645.2 9.5
-2646.4 -2636.4 8.2
-2679.5 -2638.0 8.1
-2698.7 -2635.0 8.2
-2716.0 -2635.6 8.3
-2908.0 -2632.7 9.3
-2858.8 -2615.2 8.9
-2836.9 -2602.5 8.7
-2737.9 -2596.0 8.9
-2737.4 -2585.6 9.1
-2737.0 -2573.0 9.4
-2670.1 -2535.7 10.2
-2717.3 -2536.9 10.1
-2681.2 -2522.5 10.5
-2695.9 -2525.0 10.4
-2521.2 -2436.1 9.9
-2529.8 -2432.1 10.1
-2541.0 -2436.3 10.3
-2548.9 -2432.5 10.5
-2515.2 -2425.0 9.8
-2527.2 -2423.2 10.1
-2545.5 -2424.9 10.5
-2505.4 -2417.8 9.7
-2521.2 -2414.7 10.0
-2550.0 -2413.9 10.6
-2536.0 -2406.1 10.4
-2546.2 -2405.6 10.6
-2510.8 -2394.2 10.0
-2514.9 -2392.5 10.0
-2547.0 -2397.4 10.7
-2785.8 -2392.5 12.1
-2525.3 -2386.3 10.3
-2545.1 -2374.6 10.8
-2789.0 -2375.4 11.8
-2531.1 -2362.7 10.6
-2539.2 -2366.9 10.7
-2786.9 -2366.7 12.1
-2799.3 -2365.8 11.9
-2789.8 -2353.0 12.4
-2788.9 -2344.8 12.6
-2797.1 -2347.4 12.4
-2807.8 -2342.5 12.4
-2787.1 -2332.0 13.0
-2800.9 -2337.3 12.6
-2808.6 -2326.4 12.8
-2791.2 -2317.8 13.3
-2816.3 -2313.9 13.0
-2690.4 -2306.5 13.0
-2709.3 -2305.1 13.0
-2726.9 -2305.4 13.0
-2746.5 -2307.9 13.2
-2760.9 -2304.3 13.1
-2779.4 -2304.9 13.2
-2785.6 -2306.2 13.2
-2809.6 -2307.1 13.3
-2816.5 -2306.6 13.2
-2685.5 -2293.7 12.6
-2700.9 -2295.2 12.7
-2717.3 -2295.1 12.8
-2767.4 -2296.2 12.9
-2775.7 -2295.2 12.9
-2790.0 -2297.7 13.1
-2818.3 -2293.3 13.0
-2825.6 -2292.3 13.0
-2680.3 -2281.8 12.3
-2688.8 -2286.1 12.5
-2705.4 -2284.9 12.5
-2718.5 -2284.3 12.5
-2741.3 -2287.1 12.6
-2767.4 -2285.3 12.7
-2778.8 -2282.0 12.6
-2798.6 -2287.8 12.8
-2805.9 -2282.3 12.7
-2826.8 -2284.8 12.9
-2830.5 -2277.3 12.7
-2786.1 -2265.2 12.2
-2799.2 -2265.9 12.3
-2830.7 -2266.4 12.4
-2610.7 -2253.1 10.7
-2619.4 -2252.3 10.9
-2806.8 -2257.1 12.1
-2826.1 -2256.0 12.1
-2595.5 -2241.9 10.3
-2609.4 -2246.3 10.6
-2599.3 -2234.8 10.2
-2788.6 -2235.1 11.5
-2806.4 -2234.4 11.6
-2830.9 -2231.7 11.6
-2607.2 -2224.7 10.1
-2791.4 -2226.5 11.3
-2820.8 -2225.2 11.4
-2827.2 -2226.8 11.4
-2838.0 -2227.4 11.5
-2859.2 -2224.8 11.5
-2617.6 -2216.2 10.1
-2811.3 -2215.8 11.1
-2821.5 -2218.3 11.2
-2825.7 -2216.3 11.2
-2841.1 -2213.8 11.2
-2847.3 -2214.1 11.2
-2856.4 -2213.2 11.2
-2867.6 -2214.2 11.3
-2789.3 -2204.3 10.8
-2818.3 -2205.6 10.9
-2835.1 -2207.9 11.0
-2845.6 -2203.5 10.9
-2868.4 -2205.9 11.1
-2801.3 -2197.9 10.7
-2807.0 -2195.1 10.6
-2828.3 -2192.5 10.6
-2838.3 -2193.4 10.7
-2846.8 -2192.0 10.7
-2865.5 -2196.9 10.8
-2798.2 -2187.4 10.4
-2810.3 -2187.2 10.4
-2848.7 -2186.5 10.5
-2877.2 -2183.3 10.5
-2809.6 -2175.1 10.1
-2829.8 -2174.2 10.2
-2835.3 -2177.6 10.3
-2846.4 -2177.1 10.3
-2858.7 -2176.3 10.3
-2786.0 -2164.4 9.8
-2828.1 -2166.8 10.0
-2857.0 -2164.2 10.0
-2878.6 -2165.2 10.1
-2886.1 -2164.9 10.1
-2789.6 -2154.4 9.6
-2801.4 -2153.4 9.6
-2815.0 -2155.8 9.7
-2830.1 -2157.9 9.8
-2849.5 -2152.8 9.7
-2795.3 -2143.7 9.4
-2830.0 -2143.6 9.6
-2839.5 -2146.2 9.7
-2875.7 -2144.7 9.9
-2810.0 -2137.7 9.5
-2815.0 -2137.9 9.5
-2840.9 -2135.0 9.7
-2847.0 -2132.0 9.7
-2790.0 -2123.5 9.3
-2798.2 -2123.9 9.4
-2806.5 -2123.6 9.4
-2816.8 -2124.9 9.5
-2839.4 -2125.4 9.6
6730.1 -1937.2 35.4
6715.7 -1920.8 35.8
6689.6 -1739.9 33.2
6677.9 -1740.9 33.4
6716.4 -1729.2 32.6
6697.8 -1729.3 33.0
6687.6 -1727.8 33.2
6308.4 -1565.1 41.1
6344.9 -1559.8 39.1
6323.4 -1558.3 40.6
6318.0 -1559.5 40.9
6292.8 -1559.2 42.3
6415.7 -1519.8 37.3
6434.2 -1496.5 37.6
6426.5 -1496.4 38.2
6416.6 -1496.6 38.8
6435.4 -1487.4 38.0
6425.1 -1490.4 38.6
6414.9 -1490.9 39.3
6438.1 -1476.7 38.1
6192.4 -1429.0 55.3
6192.7 -1418.6 55.5
6383.3 -1407.7 45.1
6377.2 -1405.6 45.7
6365.5 -1406.8 46.7
6343.4 -1408.0 48.6
6293.6 -1407.4 52.3
6208.2 -1405.1 55.4
6193.4 -1405.8 55.9
6386.4 -1739.5 38.9
6378.1 -1733.8 38.7
6383.6 -1729.2 38.6
6378.5 -1729.2 38.6
6387.3 -1718.5 38.3
6438.0 -1705.3 38.0
6404.6 -1706.1 38.0
6458.4 -1684.6 36.7
6455.3 -1673.4 35.9
6449.0 -1614.6 34.2
-3598.5 -780.9 9.0
-3652.2 -782.2 9.2
-3599.2 -773.5 8.9
-3652.5 -775.7 8.9
-3596.5 -763.8 8.7
-3621.3 -761.2 8.5
-3631.4 -762.0 8.5
-3621.5 -751.6 8.3
-3627.1 -750.1 8.3
-3648.7 -749.7 8.2
-4088.0 -1802.9 12.7
-4085.4 -1794.1 12.5
-4095.2 -1790.3 12.4
-4111.2 -1782.9 12.3
-4117.4 -1781.9 12.3
-4099.7 -1772.1 12.1
-4119.0 -1768.9 12.1
-4126.5 -1773.0 12.2
-4118.5 -1760.2 12.2
-4130.5 -1764.6 12.2
-4146.4 -1758.3 12.2
-4128.6 -1754.0 12.2
-4138.4 -1749.8 12.3
-4147.1 -1754.2 12.3
-4140.5 -1744.3 12.3
-4159.2 -1741.3 12.4
-4221.4 -1699.3 13.7
-4227.1 -1694.5 13.7
-4240.5 -1688.7 13.8
-4245.6 -1688.5 13.8
-4257.2 -1670.9 14.1
-4267.1 -1672.3 14.0
-4268.9 -1662.7 14.1
-4281.2 -1651.5 14.1
-4297.5 -1624.6 13.8
-4311.3 -1624.4 13.8
-4319.6 -1623.8 13.7
-4330.7 -1609.5 13.5
-4340.7 -1609.8 13.5
-4348.5 -1602.3 13.4
-4356.1 -1584.7 13.2
-4379.6 -1569.3 13.1
-4405.1 -1549.8 13.5
-4418.6 -1540.7 13.6
-4426.1 -1541.7 13.7
-4438.5 -1531.2 13.8
-4448.1 -1521.1 13.6
-4449.2 -1513.0 13.5
-4461.4 -1510.7 13.4
-4494.9 -1483.0 12.7
-4099.9 -2183.3 14.0
-4124.6 -2184.4 14.8
-4135.4 -2183.2 15.0
-4145.2 -2184.1 15.4
-4156.6 -2184.3 15.7
-4166.4 -2182.6 16.0
-4094.9 -2177.7 13.7
-4106.4 -2174.5 13.9
-4116.5 -2174.0 14.2
-4137.7 -2177.9 15.0
-4150.0 -2176.4 15.3
-4167.9 -2172.2 15.7
-4180.3 -2176.2 16.2
-4095.4 -2163.5 13.2
-4107.3 -2167.2 13.7
-4119.8 -2166.0 14.0
-4140.6 -2167.4 14.7
-4149.8 -2165.6 14.9
-4080.5 -2156.8 12.6
-4115.0 -2155.6 13.6
-4125.6 -2152.1 13.8
-4158.6 -2155.3 14.9
-4166.9 -2152.9 15.0
-4177.0 -2155.2 15.4
-4188.8 -2152.5 15.7
-4200.9 -2152.6 16.0
-4128.1 -2145.3 13.6
-4141.0 -2144.8 14.0
-4129.4 -2137.9 13.5
-4149.9 -2134.6 14.0
-4155.6 -2136.8 14.2
-4169.9 -2134.4 14.5
-4177.5 -2131.7 14.7
-4187.7 -2135.4 15.1
-4196.5 -2136.0 15.4
-4205.5 -2137.3 15.7
-4214.8 -2133.5 15.8
-4096.1 -2122.6 12.8
-4105.5 -2128.2 12.9
-4119.2 -2124.0 13.2
-4140.9 -2124.1 13.6
-4158.7 -2124.2 13.9
-4186.3 -2125.1 14.7
-4208.1 -2123.8 15.3
-4218.5 -2122.0 15.6
-4229.1 -2124.8 16.0
-4100.1 -2116.3 13.0
-4105.0 -2115.5 13.1
-4119.3 -2113.0 13.4
-4125.4 -2117.4 13.4
-4136.8 -2111.9 13.7
-4155.2 -2117.1 14.0
-4187.6 -2117.8 14.6
-4199.1 -2112.0 14.9
-4207.1 -2114.9 15.0
-4237.5 -2117.2 16.0
-4114.7 -2102.3 13.5
-4179.4 -2105.4 14.6
-4205.9 -2102.3 15.2
-4109.8 -2092.0 13.5
-4119.2 -2097.0 13.6
-4148.5 -2092.0 14.3
-4157.2 -2096.6 14.3
-4169.1 -2096.8 14.6
-4176.2 -2092.4 14.8
-4196.7 -2093.0 15.1
-4210.5 -2092.4 15.4
-4259.5 -2094.3 16.2
-4128.0 -2087.8 13.9
-4136.7 -2087.5 14.1
-4166.0 -2085.8 14.7
-4176.2 -2085.6 14.9
-4219.2 -2082.6 15.7
-4266.3 -2084.6 16.6
-4140.0 -2075.3 14.3
-4157.0 -2078.0 14.6
-4220.4 -2071.7 15.8
-4125.7 -2064.2 14.0
-4150.8 -2066.2 14.5
-4134.8 -2053.8 14.1
-4148.6 -2054.4 14.3
-4154.7 -2051.8 14.4
-4175.9 -2057.9 14.9
-4186.7 -2054.5 15.1
-4195.4 -2052.7 15.2
-4216.1 -2054.6 15.6
-4235.2 -2054.4 16.0
-4177.1 -2042.3 14.8
-4186.5 -2045.2 15.0
-4205.9 -2046.2 15.3
-4235.5 -2043.1 15.9
-4266.7 -2042.2 16.4
-4160.2 -2035.2 14.4
-4168.7 -2033.1 14.6
-4180.0 -2035.1 14.8
-4230.7 -2037.7 15.8
-4250.0 -2038.2 16.1
-4259.4 -2034.9 16.3
-4270.8 -2036.0 16.5
-4148.7 -2024.4 14.2
-4157.3 -2022.5 14.4
-4210.3 -2022.9 15.4
-4215.0 -2022.4 15.5
-4230.9 -2028.1 15.8
-4159.7 -2017.4 14.5
-4170.9 -2012.5 14.7
-4180.8 -2013.8 14.8
-4186.1 -2014.5 14.9
-4165.8 -2007.8 14.5
-4216.2 -2004.0 15.4
-4170.2 -1996.2 14.6
-4180.5 -1993.1 14.8
-4209.5 -1998.0 15.3
-4229.5 -1997.7 15.6
-4191.0 -1981.9 14.9
-4209.0 -1982.9 15.2
-4195.0 -1974.7 15.0
-4205.3 -1976.4 15.2
-4384.0 -1802.4 15.9
-4435.4 -1782.6 16.3
-4449.2 -1784.7 16.5
-4434.5 -1775.6 16.3
-4454.9 -1773.9 16.5
-4463.9 -1774.1 16.6
-4437.0 -1762.7 16.2
-4453.6 -1767.3 16.4
-4469.3 -1767.9 16.6
-4476.7 -1766.4 16.7
-4439.3 -1753.2 16.1
-4424.4 -1743.8 15.9
-4444.0 -1744.8 16.1
-4446.4 -1736.7 16.1
-4434.7 -1723.7 15.8
-4424.7 -1702.4 15.1
-4387.7 -1673.8 14.3
-4367.0 -1665.3 13.8
-4376.4 -1663.7 13.8
-4387.8 -1662.3 13.8
-4396.7 -1662.5 13.7
6185.4 -2073.7 53.8
6202.5 -2065.7 53.2
6170.5 -2064.1 53.5
6232.4 -2052.5 51.0
6192.1 -2055.1 52.6
6234.9 -2040.9 50.6
6214.7 -2042.9 51.2
6194.7 -2044.1 51.8
6234.1 -2035.5 50.4
6225.5 -2033.0 50.6
6216.3 -2032.6 50.8
6194.3 -2034.4 51.4
6266.0 -2023.2 49.2
6236.4 -2022.5 49.9
6193.8 -2023.4 51.0
6236.7 -2004.0 49.3
6194.8 -2005.0 50.4
6232.7 -1991.1 49.0
6220.8 -1994.7 49.4
6283.7 -1985.4 47.5
6204.6 -1986.6 49.5
6282.3 -1971.3 47.1
6235.9 -1972.0 48.3
6222.8 -1974.1 48.7
6212.8 -1976.9 49.0
6206.6 -1973.5 49.0
6251.8 -1960.8 47.5
6240.6 -1962.7 47.8
6292.2 -1950.4 46.2
6263.1 -1956.8 47.1
6245.8 -1955.7 47.5
6234.8 -1957.1 47.8
6271.5 -1945.6 46.5
6253.1 -1942.3 46.9
6241.5 -1944.6 47.2
6206.4 -1942.9 48.0
6280.3 -1934.7 45.9
6224.1 -1932.7 47.3
6216.8 -1934.8 47.5
6202.1 -1937.0 47.9
6205.0 -1926.5 47.5
6275.4 -1910.8 45.1
6261.2 -1913.3 45.6
6313.4 -1901.6 43.8
6240.4 -1903.2 45.6
6216.3 -1902.5 46.3
6303.9 -1893.6 43.6
6242.9 -1891.2 45.3
6324.1 -1886.9 42.9
6304.5 -1880.7 43.3
6251.1 -1881.5 44.9
6381.8 -1874.0 40.9
6354.5 -1872.0 41.6
6341.1 -1874.7 42.1
6251.9 -1876.1 44.6
6243.1 -1872.2 44.7
6370.7 -1863.4 40.9
6361.1 -1860.8 41.1
6341.4 -1864.2 41.7
6273.1 -1860.6 43.4
6393.7 -1855.2 40.0
6353.9 -1851.5 41.0
6340.8 -1855.9 41.5
6321.9 -1852.9 41.9
6291.9 -1852.8 42.7
6286.4 -1856.0 42.9
6264.7 -1851.3 43.4
6245.2 -1851.8 43.9
6370.8 -1846.5 40.4
6354.7 -1845.5 40.8
6340.5 -1845.0 41.2
6331.7 -1840.8 41.3
6316.1 -1840.7 41.8
6291.2 -1846.7 42.6
6276.4 -1844.4 42.9
6380.6 -1832.4 39.8
6340.8 -1836.7 41.0
6331.8 -1833.5 41.3
6281.1 -1835.6 42.8
6383.4 -1825.6 39.7
6375.2 -1825.4 40.0
6365.0 -1826.3 40.3
6345.7 -1825.3 40.9
6331.2 -1824.9 41.3
6325.1 -1824.4 41.5
6303.0 -1823.8 42.2
6294.9 -1821.6 42.4
6371.8 -1810.8 40.1
6323.6 -1811.6 41.6
6360.3 -1802.7 40.5
6333.6 -1806.4 41.3
6323.8 -1800.7 41.2
6316.5 -1803.6 41.4
6301.7 -1803.2 41.5
6366.5 -1795.0 40.3
6355.3 -1790.9 40.4
6316.8 -1796.9 40.9
6343.4 -1783.5 40.5
6330.2 -1784.2 40.6
-3697.3 -1002.3 11.7
-3706.6 -1006.1 11.7
-3687.9 -995.1 11.7
-3693.1 -996.6 11.7
-3707.0 -995.8 11.6
-3712.7 -997.8 11.6
-3757.9 -954.4 11.1
-3768.2 -956.6 11.2
-3763.5 -943.5 11.2
-3763.4 -938.0 11.1
-3707.3 -915.2 10.9
-3713.2 -912.4 10.9
-3726.3 -912.2 11.0
-3747.8 -918.2 11.0
-3714.7 -904.1 10.9
-3747.2 -907.4 11.0
-3738.4 -892.9 10.9
-3743.8 -898.3 10.9
6451.5 -2066.7 45.8
6359.8 -2065.5 48.2
6346.0 -2063.5 48.5
6336.1 -2066.7 48.8
6441.4 -2052.8 45.6
6425.6 -2053.6 46.1
6419.5 -2055.8 46.3
6410.9 -2056.8 46.6
6380.9 -2055.3 47.3
6345.8 -2057.0 48.3
6330.0 -2053.5 48.6
6449.1 -2046.2 45.2
6441.6 -2044.2 45.4
6406.5 -2046.5 46.3
6397.1 -2043.4 46.5
6387.3 -2047.2 46.9
6379.8 -2042.0 46.9
6447.4 -2024.9 44.6
6429.5 -2026.7 45.1
6401.0 -2022.9 45.7
6435.6 -2017.0 44.6
6421.3 -2013.6 44.9
6437.5 -2004.8 44.2
6361.7 -2028.3 46.9
6353.6 -2027.4 47.1
6339.7 -2029.0 47.5
6383.0 -2020.0 46.1
6342.1 -2020.9 47.2
6409.9 -2001.0 44.8
6382.0 -1997.9 45.4
6422.9 -1987.6 44.0
6408.0 -1990.1 44.5
6420.5 -1983.1 43.9
6412.4 -1978.7 44.0
6437.8 -1973.3 43.2
6429.1 -1973.1 43.4
6371.6 -1970.4 44.9
6403.4 -1963.7 43.8
6389.3 -1963.4 44.2
6442.0 -1953.7 42.5
6408.0 -1951.0 43.3
6392.0 -1952.9 43.8
6443.7 -1941.0 42.1
6397.6 -1941.8 43.3
6382.1 -1938.6 43.5
6373.1 -1939.6 43.8
6428.0 -1930.2 42.1
6418.9 -1920.5 42.0
6399.0 -1920.9 42.5
6421.2 -1912.3 41.7
6382.3 -1909.9 42.5
6399.5 -1901.1 41.7
6377.4 -1899.0 42.1
6601.2 -2180.9 44.9
6590.6 -2178.5 45.2
6583.0 -2182.2 45.5
6515.5 -2177.3 47.3
6583.8 -2172.1 45.4
6552.3 -2167.9 46.3
6545.2 -2168.7 46.5
6522.6 -2170.8 47.1
6512.7 -2171.0 47.4
6621.8 -2160.8 44.3
6591.7 -2162.8 45.1
6581.2 -2159.1 45.4
6576.5 -2160.4 45.5
6561.7 -2162.6 46.0
6554.0 -2161.2 46.2
6533.2 -2163.1 46.8
6615.5 -2152.1 44.4
6594.2 -2148.3 45.0
6571.7 -2150.4 45.6
6555.5 -2148.2 46.1
6546.5 -2149.3 46.3
6531.1 -2151.1 46.8
6525.9 -2149.4 46.9
6505.9 -2150.2 47.5
6633.5 -2142.7 43.5
6622.8 -2141.3 43.8
6580.8 -2143.0 45.1
6571.4 -2141.2 45.3
6563.2 -2137.9 45.5
6555.4 -2141.5 45.8
6543.9 -2143.4 46.3
6524.0 -2142.1 46.8
6502.5 -2142.0 47.4
6624.6 -2127.5 43.2
6602.5 -2131.5 44.0
6594.9 -2130.0 44.2
6555.9 -2129.7 45.4
6544.8 -2132.8 45.9
6511.5 -2130.2 46.8
6492.2 -2130.4 47.4
6623.9 -2119.2 42.9
6596.5 -2123.3 43.9
6584.5 -2121.4 44.2
6571.9 -2121.5 44.6
6561.4 -2121.1 44.9
6534.1 -2117.8 45.7
6515.0 -2120.6 46.4
6504.1 -2121.6 46.7
6482.9 -2118.3 47.3
6613.5 -2110.9 42.9
6577.2 -2109.2 44.0
6565.1 -2113.1 44.5
6551.9 -2108.8 44.8
6546.3 -2108.0 44.9
6537.1 -2107.0 45.2
6525.6 -2109.7 45.6
6503.1 -2109.6 46.4
6497.0 -2113.0 46.7
6482.4 -2107.0 46.9
6475.0 -2109.4 47.2
6615.6 -2101.6 42.5
6601.2 -2100.8 43.0
6594.9 -2103.0 43.2
6576.5 -2097.1 43.6
6552.1 -2098.2 44.4
6527.2 -2099.2 45.2
6511.4 -2098.1 45.7
6483.6 -2099.4 46.6
6587.0 -2092.3 43.1
6536.3 -2088.3 44.5
6515.9 -2090.4 45.2
6496.4 -2088.8 45.8
6484.0 -2088.5 46.2
6610.6 -2078.5 42.0
6604.0 -2080.0 42.2
6565.4 -2082.3 43.4
6546.8 -2080.9 43.9
6533.7 -2079.2 44.3
6482.0 -2079.5 45.9
6550.7 -2071.5 43.5
6547.2 -2070.9 43.6
6505.9 -2073.2 44.9
6481.4 -2068.0 45.5
6552.1 -2057.3 43.1
6542.6 -2060.2 43.5
6532.7 -2057.5 43.7
6524.1 -2062.2 44.1
6504.9 -2060.2 44.6
6482.5 -2060.7 45.2
6550.9 -2048.9 42.9
6532.0 -2051.7 43.5
6503.4 -2050.9 44.3
6494.3 -2049.4 44.5
6480.8 -2053.3 45.0
6472.5 -2052.0 45.2
6542.5 -2041.7 42.9
6532.3 -2041.3 43.1
6523.6 -2037.0 43.2
6513.1 -2041.5 43.7
6506.8 -2037.9 43.8
6516.8 -2030.1 43.2
6493.2 -2027.7 43.8
6534.5 -2022.3 42.4
6506.2 -2022.8 43.3
6493.6 -2018.7 43.5
6482.7 -2020.8 43.9
6534.1 -2012.0 42.1
6525.0 -2009.9 42.3
6511.9 -2009.7 42.7
6503.5 -2013.4 43.0
6481.3 -2011.2 43.6
6472.6 -2007.4 43.7
6531.5 -2000.8 41.8
6493.1 -1997.2 42.8
6486.8 -2002.3 43.1
6471.8 -2001.3 43.5
6542.9 -1992.6 41.2
6533.2 -1993.4 41.5
6516.2 -1990.5 41.9
6504.3 -1992.1 42.3
6490.9 -1988.6 42.5
6484.4 -1988.5 42.7
6531.8 -1977.6 41.1
6514.2 -1978.5 41.6
6504.0 -1978.8 41.9
6492.1 -1983.4 42.3
6531.0 -1972.6 41.0
6505.8 -1969.2 41.6
-3954.2 -1095.6 11.4
-3973.5 -1095.2 11.4
-3986.7 -1095.7 11.5
-4043.2 -1094.7 12.2
-3966.5 -1085.4 11.5
-3981.7 -1084.2 11.7
-3937.6 -1074.3 11.3
-3956.3 -1078.5 11.5
-4017.2 -1077.0 12.1
-3883.5 -1069.5 11.6
-3895.5 -1069.0 11.6
-3905.5 -1068.6 11.5
-3934.8 -1066.9 11.4
-3957.1 -1066.5 11.7
-3967.5 -1067.7 11.9
-3993.9 -1065.6 12.0
-4013.7 -1069.0 12.1
-4021.8 -1068.2 12.1
-3882.4 -1053.8 11.5
-3892.4 -1056.2 11.4
-3911.8 -1056.2 11.3
-3935.1 -1059.7 11.5
-3966.9 -1059.8 11.9
-3995.1 -1054.7 12.0
-4023.5 -1059.6 12.1
-3835.0 -1043.9 11.6
-3886.4 -1049.7 11.3
-3895.3 -1049.2 11.3
-3912.8 -1045.6 11.5
-3922.4 -1047.2 11.6
-3946.8 -1049.3 11.9
-3976.2 -1048.9 11.9
-3993.0 -1049.8 12.0
-4015.1 -1049.8 12.0
-4033.7 -1048.5 12.1
-4052.8 -1047.8 12.1
-3844.7 -1038.2 11.5
-3852.9 -1039.1 11.5
-3865.0 -1039.5 11.4
-3887.6 -1038.4 11.3
-3891.5 -1037.3 11.3
-3902.9 -1037.6 11.5
-3915.8 -1035.6 11.7
-3921.9 -1038.8 11.8
-3976.4 -1033.5 11.9
-3982.2 -1036.1 11.9
-3993.7 -1038.0 11.9
-3855.0 -1029.4 11.3
-3902.6 -1026.4 11.7
-3921.4 -1024.1 11.7
-3987.8 -1028.1 11.9
-3856.9 -1017.7 11.2
-3872.6 -1019.8 11.4
-3905.4 -1019.7 11.7
-3912.1 -1016.6 11.7
-3925.0 -1015.2 11.7
-3996.1 -1019.3 11.9
-3874.7 -1006.0 11.6
-3887.4 -1005.7 11.6
-3897.1 -1005.7 11.6
-3915.8 -1007.0 11.7
-3923.2 -1005.7 11.7
-3902.8 -995.0 11.6
-3923.3 -996.5 11.7
-3935.9 -999.9 11.7
-3946.7 -995.5 11.7
-3935.6 -988.2 11.7
-3944.8 -989.4 11.7
-3952.2 -975.4 11.5
-3966.2 -979.9 11.5
