3725.9 2444.6 73.0
3722.2 2441.7 72.9
3801.8 2479.0 73.5
3779.0 2503.2 72.9
3770.5 2504.9 72.9
3770.0 2508.5 72.9
3815.6 2705.4 75.9
3805.6 2705.3 75.8
3797.9 2708.4 75.8
3793.3 2724.0 75.7
3796.9 2738.1 75.7
2812.6 2639.0 71.8
2818.0 2649.4 71.8
2805.4 2649.2 71.7
-6560.6 -7123.0 38.3
-6574.1 -7123.2 38.2
-6594.0 -7122.1 38.2
-6603.9 -7124.8 38.1
-6563.1 -7114.6 38.3
-6581.3 -7112.5 38.2
-6610.8 -7111.2 38.1
-6586.5 -7105.7 38.2
-6593.3 -7106.2 38.2
-6603.5 -7104.9 38.1
-6522.6 -7093.4 38.4
-6534.1 -7093.5 38.3
-6564.9 -7093.4 38.3
-6574.7 -7094.6 38.2
-6580.9 -7092.0 38.2
-6613.8 -7089.7 38.1
-6620.6 -7093.0 38.1
-6644.2 -7095.9 38.0
-6655.2 -7095.1 38.0
-6532.4 -7080.4 38.4
-6571.2 -7080.0 38.2
-6586.4 -7083.6 38.2
-6591.9 -7080.0 38.2
-6601.9 -7084.3 38.1
-6643.5 -7085.8 38.0
-6594.2 -7075.2 38.2
-6603.9 -7075.5 38.1
-6540.2 -7065.6 38.3
-6555.7 -7063.7 38.3
-6562.9 -7064.0 38.3
-6571.3 -7066.2 38.2
-6580.7 -7060.1 38.2
-6672.3 -7064.4 37.9
-6694.6 -7061.4 37.9
-6553.1 -7055.3 38.4
-6611.4 -7051.6 38.2
-6690.9 -7054.2 37.9
-6706.5 -7050.3 37.8
-6703.8 -7045.8 37.9
-6784.8 -7211.8 36.8
-6762.8 -7207.2 36.6
-6772.8 -7202.3 36.6
-6718.6 -7193.5 36.8
-6777.0 -7196.3 36.5
-6787.9 -7196.1 36.5
-6713.7 -7184.6 36.8
-6748.9 -7186.2 36.6
-6763.8 -7186.8 36.5
-6772.7 -7184.1 36.4
-6742.9 -7171.8 36.6
-6698.9 -7164.3 37.4
-6742.9 -7153.6 36.7
-6728.1 -7145.2 37.1
-6786.5 -7127.2 36.3
3807.3 2704.8 75.8
3798.3 2702.6 75.8
3812.3 2712.3 75.8
3793.7 2714.9 75.7
3884.1 2728.7 76.2
3795.6 2727.9 75.7
3813.1 2734.6 75.8
3893.2 2746.4 76.3
3876.4 2744.5 76.2
3804.3 2746.9 75.7
3797.7 2745.5 75.7
3897.5 2756.4 76.4
3885.0 2758.6 76.3
3878.1 2755.6 76.3
3806.9 2753.5 75.8
3875.1 2768.2 76.4
3895.8 2776.2 76.6
3785.6 2774.7 75.9
3784.5 2784.3 76.0
3878.0 2793.0 76.6
3864.1 2792.9 76.5
3842.3 2792.4 76.4
3832.8 2795.3 76.3
3825.7 2793.2 76.3
3815.7 2795.4 76.2
3775.0 2793.9 76.0
3895.3 2802.2 76.8
3827.2 2802.6 76.4
3767.1 2807.1 76.1
3832.8 2815.2 76.5
3813.6 2818.0 76.4
3804.0 2815.6 76.4
3788.2 2816.2 76.3
3775.5 2813.4 76.2
3766.3 2817.3 76.1
3834.9 2823.6 76.6
3826.3 2827.0 76.6
3815.6 2822.9 76.5
3778.0 2822.5 76.3
3762.9 2827.9 76.2
3812.4 2835.1 76.6
3782.7 2836.9 76.4
3777.1 2832.4 76.3
3755.7 2835.3 76.2
3846.3 2847.1 76.8
3832.1 2846.8 76.8
3813.3 2842.6 76.6
3803.6 2848.1 76.6
3792.9 2847.5 76.5
3752.7 2845.3 76.2
3858.2 2857.1 76.9
3846.9 2856.2 76.8
3835.9 2854.9 76.8
3776.6 2854.3 76.3
3762.2 2858.3 76.2
3754.4 2852.9 76.1
3876.0 2865.1 77.0
3868.1 2865.2 76.9
3844.6 2867.8 76.7
3833.5 2866.4 76.6
3816.0 2866.6 76.5
3763.0 2867.4 76.1
3756.9 2866.3 76.1
3866.2 2876.4 76.8
3843.3 2878.8 76.6
3818.1 2876.8 76.4
3796.9 2874.1 76.3
3755.8 2876.5 76.0
3868.0 2887.9 76.7
3854.6 2883.8 76.7
3838.4 2886.4 76.5
3823.0 2888.5 76.4
3808.4 2886.6 76.3
3787.3 2883.5 76.1
3776.2 2882.3 76.1
3748.1 2886.5 75.8
3808.3 2897.7 76.2
3785.9 2896.0 76.0
3773.5 2893.9 75.9
3757.7 2898.1 75.8
3747.4 2893.9 75.7
3737.8 2895.6 75.4
3803.3 2906.0 76.1
3753.9 2902.6 75.6
3744.0 2905.5 75.3
3725.4 2903.5 75.1
3842.4 2916.2 76.3
3834.2 2914.5 76.2
3803.5 2917.0 76.0
3772.5 2914.4 75.8
3747.8 2917.0 75.2
3737.2 2916.4 75.1
3723.0 2917.5 74.9
3777.5 2926.0 75.7
3762.3 2924.8 75.3
3758.3 2926.3 75.2
3743.7 2925.2 75.0
3734.6 2923.8 74.9
3832.5 2933.2 76.1
3827.1 2933.2 76.0
3804.1 2934.5 75.8
3776.5 2936.2 75.4
3767.4 2933.9 75.2
3756.7 2935.8 75.0
3654.9 2438.5 72.3
3638.4 2461.3 72.4
3639.4 2481.9 72.6
3628.4 2478.0 72.5
3618.7 2480.1 72.5
3639.9 2492.4 72.6
3631.7 2488.3 72.6
3623.1 2488.6 72.5
3634.3 2497.3 72.6
3623.4 2503.0 72.6
3622.1 2519.2 72.7
3611.5 2521.0 72.7
3602.1 2531.9 72.9
3590.8 2531.8 72.9
3677.0 2470.2 72.5
3677.2 2480.2 72.6
3709.7 2492.4 72.7
3691.6 2495.9 72.8
3718.2 2505.1 72.9
3711.4 2504.7 72.8
3687.5 2501.7 72.8
3759.8 2524.4 73.0
3742.5 2524.4 73.0
-6762.0 -6959.5 37.7
-6747.3 -6951.9 37.5
-6802.0 -6949.2 36.9
-6812.8 -6952.2 36.8
-6843.9 -6936.8 36.1
-6861.6 -6926.3 35.5
-6873.9 -6927.3 35.1
-6771.2 -6917.0 37.1
-6781.3 -6917.9 37.2
-6795.0 -6917.1 36.9
-6806.7 -6916.3 36.7
-6716.0 -6910.2 36.5
-6722.9 -6910.0 36.5
-6763.7 -6906.0 36.8
-6775.5 -6910.2 37.0
-6807.2 -6909.8 36.7
-6812.5 -6907.8 36.6
-6852.1 -6906.9 35.9
-6716.1 -6898.4 36.3
-6722.5 -6901.0 36.4
-6733.4 -6896.6 36.4
-6743.8 -6896.3 36.5
-6752.7 -6901.4 36.7
-6772.2 -6901.8 36.8
-6801.2 -6898.2 36.7
-6813.1 -6895.7 36.5
-6836.0 -6897.2 36.1
-6746.6 -6889.4 36.4
-6755.0 -6886.1 36.4
-6773.7 -6888.8 36.6
-6796.1 -6886.4 36.8
-6824.3 -6886.8 36.3
-6805.0 -6878.3 36.6
-6811.3 -6882.3 36.5
-6755.6 -6870.0 36.1
-6764.7 -6866.8 36.1
-6773.9 -6869.6 36.3
-6784.9 -6871.1 36.4
-6795.5 -6860.3 36.3
-6800.7 -6859.1 36.3
-6795.2 -6851.9 36.1
-6752.7 -6819.3 35.3
-6742.6 -6677.1 34.4
-6747.5 -6681.8 34.5
-6733.4 -6667.1 34.5
-6778.4 -6672.9 34.3
-6742.6 -6648.3 34.4
-6748.6 -6648.1 34.4
-6781.4 -6641.9 34.1
-6925.6 -6382.2 33.8
-6924.1 -6373.4 33.8
-6875.8 -6362.5 33.2
-6904.2 -6366.2 33.5
-6914.4 -6367.3 33.7
-6925.3 -6364.6 33.8
-6880.4 -6287.1 33.9
-6896.0 -6292.1 33.9
-6911.5 -6291.3 33.9
-6918.1 -6288.6 34.0
-6930.4 -6290.9 34.0
-6936.9 -6291.0 34.0
-6846.5 -6278.0 33.6
-6857.0 -6278.1 33.6
-6886.3 -6278.0 34.0
-6900.3 -6275.9 34.0
-6909.9 -6279.2 34.0
-6916.9 -6276.3 34.0
-6857.9 -6268.7 33.7
-6880.9 -6266.1 33.8
-6724.6 -6822.1 35.5
-6709.1 -6810.9 35.5
-6722.4 -6811.7 35.4
-6743.5 -6785.3 35.2
-6649.8 -6799.4 35.7
-6701.7 -6792.8 35.4
-6610.3 -6781.4 35.8
-6621.6 -6779.7 35.8
-6704.4 -6784.9 35.4
-6633.0 -6773.1 35.7
-6648.9 -6772.9 35.6
-6658.2 -6770.6 35.5
-6667.8 -6772.0 35.5
-6683.6 -6772.0 35.4
-6689.3 -6774.0 35.4
-6692.3 -6751.0 35.2
-6632.4 -6743.1 35.5
-6643.0 -6741.9 35.4
-6654.4 -6739.4 35.4
-6663.9 -6743.7 35.3
-6632.1 -6731.1 35.4
-6654.2 -6733.6 35.3
-6651.6 -6722.1 35.2
-6660.5 -6719.4 35.2
-6698.2 -6710.4 35.0
-6681.7 -6699.3 35.0
-6849.4 -6846.4 35.7
-6866.8 -6847.6 35.4
-6811.6 -6836.3 36.0
-6846.5 -6838.0 35.7
-6887.1 -6838.9 34.8
-6790.0 -6828.3 35.7
-6808.2 -6828.4 35.8
-6838.4 -6827.0 35.8
-6867.6 -6816.8 35.3
-6890.5 -6816.3 34.7
-6850.9 -6811.4 35.6
-6867.1 -6811.7 35.3
-6881.4 -6812.5 35.0
-6895.8 -6810.6 34.6
-6908.1 -6810.3 34.1
-6850.3 -6801.5 35.5
-6855.3 -6800.2 35.4
-6866.8 -6796.4 35.2
-6907.9 -6798.2 34.1
-6771.6 -6792.4 35.1
-6848.2 -6791.5 35.5
-6877.6 -6788.6 35.0
-6888.5 -6787.1 34.8
-6908.6 -6789.9 34.1
-6801.1 -6780.5 34.9
-6818.5 -6777.4 35.0
-6831.1 -6778.7 35.2
-6837.1 -6779.0 35.2
-6867.3 -6782.0 35.2
-6879.6 -6777.9 34.9
-6890.8 -6782.3 34.8
-6787.2 -6767.7 34.8
-6816.6 -6771.7 34.9
-6848.4 -6769.8 35.1
-6860.1 -6768.7 35.2
-6869.3 -6771.2 35.1
-6788.5 -6759.8 34.8
-6817.1 -6759.4 34.7
-6826.5 -6759.9 34.8
-6838.2 -6761.9 34.9
-6867.9 -6762.1 35.1
-6840.2 -6751.7 34.7
-6800.8 -6736.8 34.6
-6810.7 -6739.7 34.6
-6920.9 -6780.7 33.8
-6917.6 -6765.5 33.9
-6860.7 -6750.2 34.9
-6841.2 -6741.6 34.6
-6868.2 -6740.6 34.8
-6883.9 -6742.6 34.7
-6907.5 -6743.7 34.3
-6848.9 -6729.7 34.4
-6860.3 -6731.3 34.6
-6878.7 -6733.8 34.8
-6890.3 -6732.7 34.6
-6910.5 -6734.3 34.2
-6850.1 -6723.9 34.3
-6859.2 -6723.7 34.4
-6879.4 -6719.9 34.5
-6913.0 -6724.5 34.1
-6891.1 -6713.2 34.5
-6908.4 -6710.8 34.2
-6869.0 -6701.6 34.1
-6877.6 -6701.4 34.2
-6901.8 -6704.5 34.3
-6913.0 -6705.0 34.1
-6857.9 -6693.0 34.0
-6897.9 -6695.7 34.3
-6933.0 -6690.0 33.5
-6888.8 -6681.3 33.9
-6922.7 -6682.1 33.8
-6877.7 -6671.8 33.8
-6923.7 -6675.7 33.8
-6899.1 -6665.8 33.7
-6917.9 -6665.2 33.9
-6931.3 -6664.2 33.6
-6940.0 -6659.9 33.3
-6922.4 -6653.2 33.7
-6921.7 -6644.1 33.5
-6932.3 -6642.5 33.5
-6908.9 -6478.8 33.6
-6972.6 -6471.3 33.2
-6952.1 -6441.6 33.1
3239.8 2590.3 75.4
3280.6 2623.0 74.5
3276.1 2634.0 74.5
3237.1 2634.5 75.1
-6847.4 -7254.0 37.0
-6860.9 -7250.4 37.0
-6866.7 -7248.6 36.9
-6898.0 -7254.2 36.7
-6869.2 -7244.7 36.9
-6888.8 -7241.0 36.9
-6901.2 -7241.7 36.8
-6878.0 -7231.7 36.9
-6889.3 -7228.4 36.9
-6910.2 -7234.6 36.8
-6891.8 -7223.7 36.9
-6929.1 -7203.8 36.8
-6783.2 -7358.2 36.2
-6815.4 -7361.8 35.9
-6764.8 -7348.3 36.5
-6761.9 -7338.5 36.6
-6776.3 -7331.5 36.6
-6781.0 -7329.7 36.6
-6824.5 -7308.7 36.5
-6741.9 -7311.4 37.2
-6735.4 -7284.7 37.5
-6771.8 -7283.7 37.2
-6735.1 -7272.2 37.5
-6772.0 -7274.3 37.3
-6782.0 -7274.6 37.3
-6735.2 -7262.7 37.5
-6761.3 -7260.0 37.4
-6772.0 -7261.5 37.4
-6784.2 -7259.4 37.3
-6755.3 -7255.3 37.4
-6784.5 -7251.0 37.3
-6774.4 -7240.3 37.3
-6792.7 -7243.5 37.3
-6833.2 -7245.2 37.1
-6772.2 -7232.2 37.2
-6784.3 -7235.1 37.3
-6794.5 -7233.3 37.3
-6804.5 -7229.3 37.2
-6814.8 -7234.6 37.2
-6820.9 -7235.3 37.2
-6840.4 -7231.3 37.1
-6791.1 -7222.7 37.0
-6804.2 -7223.1 37.1
-6795.6 -7214.8 36.9
-6801.0 -7210.7 36.8
-6814.9 -7203.3 36.7
-6820.2 -7200.3 36.7
-6881.1 -7201.0 36.9
-6832.0 -7194.9 36.6
-6844.8 -7191.1 36.6
-6832.1 -7183.7 36.4
-6842.8 -7185.1 36.5
-6880.3 -7174.0 36.4
-6833.5 -7160.7 36.0
-6801.2 -7154.0 36.2
-6825.4 -7155.3 36.0
-6795.4 -7139.5 36.2
-6802.9 -7139.2 36.2
-6803.0 -7130.6 36.2
-6823.1 -7130.4 36.0
-6815.2 -7121.5 36.1
-6864.8 -7121.8 35.8
-6814.5 -7115.3 36.1
-6780.4 -7118.5 36.6
-6783.6 -7106.7 36.7
-6784.8 -7095.0 36.9
-6799.2 -7096.2 36.6
-6763.4 -7087.1 37.4
-6774.8 -7089.1 37.2
-6793.9 -7085.5 36.8
-6804.7 -7089.3 36.6
-6778.9 -7077.0 37.3
-6809.2 -7075.1 36.7
-6769.0 -7069.4 37.6
-6732.3 -7051.3 37.7
-6739.4 -7052.1 37.7
-6718.1 -7042.2 37.8
-6728.4 -7040.9 37.8
-6738.6 -7039.5 37.8
-6752.1 -7039.2 37.7
-6757.9 -7042.7 37.7
-6738.8 -7028.2 37.9
-6753.5 -7030.9 37.8
-6758.8 -7029.7 37.8
-6709.4 -7011.1 38.1
-6721.5 -7012.7 38.1
-6937.5 -7508.7 33.9
-6929.5 -7412.5 34.2
-6939.3 -7414.4 34.1
-6941.4 -7374.6 34.7
-6912.0 -7366.6 35.0
-6940.0 -7366.3 34.8
-6915.1 -7358.4 35.1
-6934.9 -7358.4 34.9
-6932.1 -7347.5 35.1
-6931.2 -7338.8 35.2
-6942.1 -7333.1 35.2
-6884.4 -7326.6 35.8
-6924.0 -7312.9 35.6
-6935.5 -7315.0 35.5
-6931.4 -7302.9 35.7
-6932.4 -7294.6 35.8
-6925.6 -7284.8 36.0
-6935.5 -7285.9 35.9
-6930.7 -7272.7 36.1
-6744.4 -7559.6 36.8
-6756.4 -7557.2 36.8
-6762.2 -7547.7 36.8
-6785.1 -7548.1 36.7
-6767.7 -7535.4 36.7
-6774.2 -7536.7 36.6
-6782.8 -7539.2 36.6
-6735.4 -7530.2 36.8
-6743.3 -7530.2 36.7
-6754.7 -7530.7 36.7
-6768.3 -7526.1 36.6
-6727.9 -7517.4 36.7
-6757.4 -7516.8 36.5
-6777.1 -7516.9 36.4
-6727.4 -7511.1 36.7
-6757.7 -7505.8 36.4
-6777.8 -7506.0 36.2
-6834.0 -7511.2 35.8
-6736.3 -7499.5 36.4
-6757.9 -7500.2 36.3
-6783.1 -7496.3 35.9
-6814.6 -7496.6 35.5
-6823.5 -7500.7 35.5
-6831.9 -7498.3 35.4
-6736.6 -7491.7 36.3
-6776.8 -7490.9 35.8
-6793.4 -7488.8 35.5
-6844.8 -7488.6 35.1
-6713.8 -7479.8 36.2
-6728.2 -7480.0 36.0
-6826.4 -7477.6 35.2
-6845.6 -7477.8 35.0
-6855.4 -7479.6 34.9
-6873.9 -7476.1 34.6
-6884.6 -7481.3 34.5
-6892.5 -7481.4 34.4
-6705.3 -7465.9 36.0
-6713.6 -7465.7 36.0
-6723.4 -7470.0 35.9
-6777.1 -7466.6 35.6
-6785.4 -7468.6 35.6
-6792.8 -7465.8 35.4
-6822.7 -7468.2 35.1
-6835.7 -7469.6 35.0
-6857.3 -7465.4 34.6
-6877.8 -7469.5 34.4
-6883.2 -7465.6 34.3
-6724.0 -7459.9 36.0
-6738.4 -7461.9 35.9
-6752.2 -7456.5 35.8
-6766.0 -7456.4 35.6
-6775.9 -7456.5 35.5
-6787.1 -7459.5 35.4
-6796.9 -7456.4 35.2
-6822.0 -7461.2 35.0
-6843.4 -7457.3 34.7
-6855.2 -7459.0 34.5
-6867.6 -7460.2 34.4
-6877.6 -7459.0 34.3
-6896.0 -7456.9 34.0
-6908.1 -7458.8 33.9
-6717.6 -7446.5 36.1
-6762.0 -7451.2 35.6
-6794.7 -7451.4 35.2
-6805.3 -7448.2 35.0
-6827.8 -7447.4 34.7
-6834.3 -7450.2 34.7
-6848.2 -7451.2 34.5
-6852.6 -7447.5 34.4
-6872.9 -7446.4 34.2
-6694.1 -7439.8 36.3
-6743.2 -7436.6 35.6
-6754.7 -7441.0 35.5
-6762.8 -7440.1 35.4
-6778.1 -7437.7 35.2
-6783.9 -7438.5 35.1
-6793.1 -7441.2 35.0
-6855.4 -7441.2 34.4
-6863.2 -7438.3 34.4
-6887.3 -7435.6 34.3
-6896.7 -7440.4 34.1
-6703.8 -7428.8 36.0
-6768.4 -7427.2 35.3
-6814.1 -7428.3 35.0
-6866.5 -7425.8 34.6
-6885.4 -7428.7 34.4
-6775.5 -7420.3 35.4
-6814.9 -7419.9 35.1
-6847.8 -7415.5 34.9
-6854.8 -7420.2 34.7
-6865.9 -7420.8 34.6
-6882.4 -7419.6 34.5
-6728.5 -7410.3 35.9
-6755.1 -7407.4 35.7
-6846.7 -7405.4 35.0
-6867.0 -7410.1 34.8
-6886.2 -7408.9 34.6
-6895.9 -7408.5 34.6
-6824.5 -7398.8 35.3
-6854.1 -7399.5 35.0
-6866.9 -7401.0 34.9
-6823.9 -7387.0 35.4
-6842.9 -7389.4 35.3
-6854.2 -7389.3 35.2
-6876.5 -7391.6 35.0
-6835.7 -7378.6 35.5
-6843.8 -7380.6 35.4
-6862.9 -7381.9 35.2
-6834.7 -7368.9 35.6
-6837.1 -7356.8 35.8
-6846.2 -7361.3 35.6
-6703.8 -6977.2 37.6
-6622.9 -6965.7 37.4
-6652.1 -6962.9 37.4
-6683.6 -6963.0 37.4
-6622.8 -6956.8 37.4
-6652.4 -6954.5 37.3
-6672.0 -6954.9 37.2
-6716.4 -6957.8 37.3
-6570.3 -6946.2 37.3
-6622.4 -6944.1 37.2
-6632.2 -6946.9 37.2
-6661.8 -6944.4 37.1
-6690.4 -6948.7 37.1
-6566.0 -6938.8 37.2
-6575.5 -6936.1 37.1
-6614.0 -6937.5 37.1
-6625.5 -6933.3 37.0
-6634.5 -6937.7 37.1
-6642.1 -6933.5 37.0
-6655.8 -6939.2 37.1
-6666.5 -6935.8 37.0
-6554.9 -6924.6 37.0
-6561.9 -6923.6 37.0
-6585.1 -6923.6 36.9
-6594.7 -6926.2 37.0
-6630.6 -6925.7 36.9
-6651.0 -6928.4 36.9
-6663.6 -6925.5 36.8
-6674.2 -6929.1 36.9
-6682.7 -6924.4 36.8
-6584.9 -6913.5 36.8
-6590.9 -6913.4 36.8
-6614.4 -6913.5 36.7
-6623.1 -6918.2 36.8
-6633.9 -6913.5 36.7
-6664.7 -6916.7 36.7
-6671.2 -6913.2 36.7
-6553.1 -6905.6 36.8
-6581.4 -6908.2 36.7
-6635.7 -6904.9 36.6
-6585.7 -6896.2 36.6
-6614.4 -6893.2 36.5
-6642.3 -6895.9 36.4
-6525.1 -6883.4 36.8
-6532.7 -6885.2 36.8
-6551.9 -6885.4 36.7
-6560.5 -6885.8 36.7
-6575.5 -6887.1 36.6
-6605.9 -6884.3 36.4
-6623.2 -6887.6 36.4
-6675.0 -6889.0 36.3
-6500.3 -6877.4 36.9
-6525.2 -6873.1 36.8
-6536.2 -6875.4 36.7
-6581.9 -6879.5 36.5
-6662.0 -6877.9 36.2
-6506.2 -6864.8 36.9
-6535.7 -6867.4 36.7
-6543.9 -6866.4 36.7
-6566.0 -6865.6 36.6
-6572.4 -6868.2 36.5
-6623.3 -6864.5 36.3
-6461.4 -6858.0 37.1
-6511.0 -6857.5 36.8
-6525.4 -6857.8 36.7
-6561.1 -6857.7 36.5
-6574.5 -6856.6 36.5
-6422.8 -6843.5 37.6
-6443.6 -6844.8 37.2
-6450.5 -6843.5 37.2
-6461.3 -6845.9 37.1
-6495.1 -6848.7 36.9
-6503.2 -6845.8 36.8
-6530.3 -6848.5 36.7
-6574.0 -6848.4 36.4
-6585.9 -6844.0 36.4
-6592.9 -6847.6 36.3
-6601.3 -6847.5 36.3
-6426.2 -6837.1 37.6
-6430.6 -6836.0 37.6
-6456.3 -6839.1 37.1
-6464.5 -6837.7 37.1
-6481.9 -6838.4 37.0
-6495.8 -6838.5 36.9
-6511.0 -6834.2 36.8
-6522.8 -6837.5 36.7
-6530.3 -6836.9 36.7
-6552.6 -6833.7 36.5
-6584.8 -6836.5 36.3
-6590.8 -6833.8 36.3
-6604.5 -6837.2 36.2
-6435.1 -6823.8 37.5
-6455.9 -6823.6 37.3
-6461.1 -6825.3 37.1
-6481.1 -6825.1 36.9
-6493.7 -6824.7 36.9
-6516.6 -6823.8 36.7
-6545.4 -6823.1 36.5
-6554.4 -6828.7 36.5
-6594.3 -6828.8 36.3
-6602.2 -6824.8 36.2
-6445.9 -6818.2 37.4
-6454.4 -6818.0 37.3
-6482.7 -6813.7 36.9
-6494.8 -6813.2 36.8
-6501.6 -6817.8 36.8
-6523.1 -6815.8 36.7
-6553.4 -6818.4 36.5
-6390.9 -6809.0 37.9
-6402.5 -6806.2 37.8
-6416.4 -6803.6 37.7
-6430.3 -6805.8 37.5
-6442.3 -6808.9 37.4
-6465.2 -6809.0 37.2
-6473.7 -6805.5 37.2
-6486.6 -6803.1 37.0
-6513.6 -6806.3 36.7
-6533.6 -6804.1 36.6
-6392.7 -6797.5 37.9
-6441.5 -6797.8 37.4
-6461.5 -6796.7 37.3
-6475.3 -6798.4 37.1
-6480.2 -6793.5 37.1
-6522.7 -6794.0 36.6
-6531.8 -6793.5 36.6
-6540.1 -6793.6 36.5
-6550.6 -6796.8 36.5
-6374.5 -6787.8 38.0
-6414.8 -6787.0 37.7
-6435.0 -6788.6 37.5
-6466.2 -6784.6 37.2
-6475.5 -6785.6 37.1
-6524.6 -6783.0 36.7
-6541.4 -6784.5 36.5
-6552.5 -6788.6 36.4
-6352.3 -6773.1 38.1
-6411.9 -6775.5 37.7
-6425.0 -6778.8 37.6
-6452.2 -6776.5 37.3
-6472.2 -6778.5 37.2
-6493.4 -6777.3 37.0
-6500.8 -6773.1 36.9
-6582.7 -6775.0 36.2
-6395.1 -6768.0 37.8
-6401.4 -6766.4 37.7
-6414.9 -6769.4 37.6
-6423.7 -6763.1 37.5
-6454.3 -6768.3 37.3
-6464.1 -6766.9 37.2
-6471.2 -6766.1 37.1
-6492.1 -6765.4 37.0
-6525.2 -6763.0 36.7
-6535.7 -6769.2 36.6
-6364.3 -6758.8 37.9
-6405.4 -6755.0 37.6
-6442.0 -6757.7 37.4
-6462.1 -6753.1 37.2
-6474.8 -6753.6 37.1
-6480.6 -6759.1 37.1
-6492.6 -6757.5 37.0
-6502.5 -6754.2 36.9
-6524.7 -6758.8 36.7
-6413.1 -6744.2 37.5
-6435.7 -6743.3 37.4
-6443.9 -6743.7 37.3
-6461.4 -6747.8 37.2
-6483.6 -6743.1 37.0
-6491.4 -6746.7 37.0
-6501.4 -6748.5 36.9
-6384.0 -6733.9 37.7
-6424.9 -6737.0 37.4
-6455.1 -6739.5 37.3
-6465.2 -6736.6 37.2
-6485.5 -6734.9 37.0
-6490.4 -6735.1 37.0
-6464.0 -6723.3 37.1
-6541.3 -6727.1 36.5
-6462.3 -6714.7 37.1
-6483.2 -6716.0 37.0
-6474.8 -6707.8 37.0
-6465.4 -6697.5 37.2
-6430.7 -6684.2 37.6
-6443.6 -6689.3 37.4
-6471.3 -6689.6 37.2
-6443.9 -6676.0 37.5
-6931.7 -7052.2 35.4
-6930.0 -7039.3 35.3
-6914.5 -7030.7 35.1
-6935.0 -7029.1 35.4
-6905.9 -7023.1 35.0
-6936.1 -7019.0 35.3
-6915.0 -7013.5 35.0
-6921.0 -7012.3 35.0
-6902.1 -6935.0 34.5
-6941.8 -6934.4 34.9
-6871.7 -6915.9 35.2
-6881.3 -6916.8 34.8
-6942.9 -6914.9 34.8
-6872.9 -6903.5 35.2
-6942.7 -6905.1 34.7
-6872.8 -6896.7 35.2
-6945.1 -6889.0 34.7
-6893.1 -6866.6 34.5
-6902.1 -6866.2 34.2
-6909.6 -6867.6 34.2
-6750.6 -6862.1 35.9
-6658.1 -6793.0 35.7
-6668.9 -6795.8 35.6
-6934.8 -7173.8 36.3
-6927.8 -7164.3 36.1
-6932.6 -7151.7 36.1
-6935.5 -7141.9 36.1
-6935.8 -7090.0 35.8
-6925.0 -7084.5 35.5
-6925.6 -7070.6 35.4
-6886.3 -7063.6 35.1
-6891.6 -7061.3 35.1
-6871.4 -7051.5 34.9
-6887.8 -7050.7 35.0
-6854.1 -7045.4 35.5
-6872.8 -7045.3 34.9
-6883.7 -7045.4 34.9
-6846.3 -7035.7 35.8
-6847.9 -7021.3 35.8
-6809.4 -7017.3 37.1
-6799.0 -7004.4 37.2
-6828.3 -7008.1 36.5
-6781.0 -6994.0 37.5
-6787.3 -6997.7 37.4
-6808.1 -6996.1 37.0
-6781.0 -6984.1 37.4
-6819.0 -6989.8 36.8
-6770.9 -6978.1 37.6
-6774.8 -6975.1 37.5
-6789.3 -6965.4 37.2
3617.0 2651.5 74.1
3585.6 2656.3 73.7
3636.5 2667.4 74.3
3625.2 2666.3 74.2
3611.4 2665.9 74.0
3589.0 2664.9 73.8
3725.2 2676.9 74.9
3705.9 2676.7 74.9
3695.4 2677.2 74.9
3678.7 2676.3 74.8
3658.6 2677.0 74.7
3647.7 2672.8 74.4
3628.8 2676.4 74.2
3615.1 2676.8 74.1
3596.8 2671.6 73.9
3757.7 2687.4 75.3
3739.9 2681.5 75.0
3728.8 2681.5 74.9
3699.6 2686.1 74.9
3626.0 2685.7 74.2
3617.7 2685.0 74.1
3600.7 2682.6 73.9
3586.2 2684.9 73.8
3581.2 2681.7 73.7
3769.7 2693.6 75.5
3737.3 2692.6 75.0
3715.1 2694.7 74.9
3709.4 2696.6 74.9
3698.0 2692.1 74.9
3677.3 2693.6 74.8
3640.8 2693.1 74.5
3619.1 2695.6 74.2
3590.2 2696.8 73.8
3546.8 2696.0 73.3
3536.5 2694.5 73.1
3529.3 2697.5 73.0
3736.3 2705.4 75.1
3731.1 2704.3 75.0
3710.8 2708.1 74.9
3680.1 2705.3 74.9
3648.5 2701.6 74.7
3628.2 2701.7 74.4
3615.6 2707.2 74.3
3598.6 2703.0 74.0
3576.2 2702.5 73.7
3555.4 2703.5 73.4
3550.4 2706.4 73.4
3758.6 2715.9 75.5
3747.2 2715.2 75.3
3726.7 2715.8 75.0
3690.4 2711.9 74.9
3677.3 2717.8 74.9
3669.4 2716.8 74.8
3660.0 2714.0 74.8
3638.4 2713.6 74.7
3607.0 2713.0 74.2
3587.1 2712.6 73.9
3560.9 2713.4 73.5
3776.8 2724.0 75.7
3767.1 2723.3 75.6
3757.8 2727.7 75.5
3718.9 2727.3 75.0
3707.3 2724.9 75.0
3701.3 2725.0 75.0
3677.6 2723.8 74.9
3659.8 2726.4 74.9
3639.1 2723.2 74.8
3617.9 2725.5 74.5
3586.7 2726.2 74.0
3545.6 2723.1 73.3
3776.8 2735.5 75.6
3767.5 2731.5 75.6
3745.8 2735.4 75.4
3738.2 2735.1 75.3
3725.7 2733.3 75.1
3709.3 2736.5 75.0
3688.1 2737.9 75.0
3668.2 2737.2 74.9
3659.2 2736.1 74.9
3647.1 2731.5 74.9
3619.1 2734.5 74.6
3610.4 2733.7 74.5
3579.7 2736.6 74.0
3560.7 2732.0 73.7
3770.5 2745.6 75.6
3757.5 2743.4 75.5
3747.7 2741.6 75.5
3728.5 2741.8 75.2
3711.3 2745.2 75.1
3697.0 2746.3 75.0
3665.1 2742.3 74.9
3647.3 2746.3 75.0
3636.7 2746.0 75.0
3610.7 2746.8 74.6
3598.0 2745.0 74.4
3591.1 2745.8 74.3
3576.7 2744.4 74.0
3765.1 2751.4 75.5
3746.7 2752.3 75.5
3741.5 2753.8 75.4
3725.7 2751.5 75.2
3717.6 2754.1 75.2
3680.5 2757.1 75.0
3650.9 2755.3 75.0
3637.9 2756.0 75.0
3617.2 2754.9 74.8
3608.6 2757.9 74.7
3599.6 2757.0 74.5
3576.3 2754.3 74.1
3567.8 2753.8 74.0
3768.6 2763.6 75.6
3747.6 2767.1 75.4
3736.2 2761.6 75.4
3718.2 2763.8 75.2
3699.6 2763.1 75.1
3691.3 2766.1 75.0
3661.0 2768.1 75.1
3651.6 2763.8 75.1
3630.5 2762.5 75.1
3596.9 2762.9 74.5
3590.1 2761.8 74.4
3578.9 2761.8 74.2
3767.7 2774.4 75.7
3758.7 2776.5 75.7
3747.9 2775.1 75.5
3735.1 2777.6 75.4
3725.6 2774.9 75.3
3718.7 2774.4 75.3
3700.0 2777.3 75.2
3686.8 2773.4 75.1
3659.8 2776.4 75.1
3650.3 2773.9 75.1
3590.3 2771.7 74.5
3580.3 2774.5 74.5
3766.6 2783.9 75.9
3748.5 2783.2 75.7
3737.6 2784.8 75.6
3700.3 2783.2 75.2
3691.5 2787.8 75.3
3669.7 2783.6 75.2
3661.3 2782.2 75.1
3646.1 2782.8 75.1
3610.7 2781.7 75.0
3599.3 2785.0 74.9
3587.8 2782.0 74.7
3749.8 2793.7 75.9
3737.5 2792.0 75.7
3708.9 2794.5 75.5
3678.9 2795.5 75.4
3671.6 2794.0 75.4
3658.5 2793.4 75.4
3647.8 2798.0 75.4
3639.7 2795.8 75.3
3627.1 2794.4 75.3
3569.5 2793.3 74.7
3748.4 2805.9 75.9
3741.1 2805.3 75.9
3730.4 2806.0 75.8
3719.7 2805.6 75.7
3687.2 2806.9 75.6
3640.9 2804.3 75.4
3618.4 2806.2 75.3
3567.2 2803.6 74.8
3728.5 2816.3 75.9
3710.7 2811.5 75.8
3695.8 2811.7 75.7
3686.5 2813.8 75.7
3679.7 2815.0 75.6
3667.7 2816.2 75.6
3655.5 2816.8 75.5
3648.9 2817.2 75.5
3641.3 2817.2 75.5
3618.2 2816.8 75.4
3607.2 2812.2 75.3
3595.2 2815.6 75.3
3588.9 2815.7 75.2
3576.2 2814.7 75.0
3748.7 2825.2 76.1
3729.4 2827.8 76.0
3705.0 2821.8 75.8
3700.0 2824.0 75.8
3688.2 2822.6 75.7
3676.7 2822.9 75.7
3667.6 2827.6 75.7
3637.5 2822.4 75.5
3617.6 2821.7 75.4
3576.5 2824.4 75.2
3569.8 2824.3 75.2
3741.5 2831.8 76.1
3721.6 2833.2 76.0
3709.6 2837.3 75.9
3697.2 2834.4 75.8
3658.4 2833.5 75.7
3645.2 2835.5 75.6
3636.4 2836.8 75.6
3619.6 2835.0 75.5
3726.8 2846.5 76.0
3715.1 2846.3 75.9
3701.5 2847.7 75.7
3686.6 2842.9 75.7
3659.1 2848.1 75.5
3641.6 2842.4 75.5
3617.5 2843.3 75.3
3607.7 2842.2 75.3
3576.1 2842.9 75.2
3729.6 2853.0 76.0
3708.4 2855.2 75.7
3685.9 2853.0 75.5
3636.2 2852.3 75.3
3618.0 2856.6 75.1
3600.7 2853.9 75.1
3566.5 2856.9 75.0
3560.6 2852.0 75.1
3729.0 2865.4 75.8
3698.4 2865.5 75.4
3687.9 2866.1 75.3
3661.6 2863.9 75.2
3646.7 2861.8 75.1
3627.6 2866.0 75.0
3606.1 2865.5 74.9
3568.2 2866.4 74.8
3726.2 2872.7 75.6
3700.6 2873.6 75.3
3616.4 2874.9 74.8
3607.0 2877.3 74.7
3600.1 2873.9 74.7
3541.5 2877.5 74.6
3720.6 2885.8 75.3
3701.1 2885.5 75.1
3679.7 2885.1 74.9
3670.1 2881.6 74.9
3659.5 2884.4 74.8
3618.8 2883.2 74.6
3601.7 2886.1 74.5
3586.8 2884.4 74.5
3536.3 2881.8 74.5
3708.8 2894.9 75.0
3697.1 2893.7 74.9
3686.0 2896.6 74.7
3678.7 2895.8 74.7
3655.2 2891.5 74.6
3651.3 2894.7 74.6
3639.9 2894.0 74.5
3630.9 2894.7 74.5
3598.8 2891.8 74.4
3589.4 2894.9 74.3
3535.8 2893.2 74.3
3661.5 2901.7 74.6
3650.6 2901.5 74.5
3638.3 2902.1 74.4
3629.4 2907.4 74.3
3579.1 2902.6 74.1
3540.2 2908.0 74.0
3670.7 2917.9 74.5
3657.0 2915.1 74.4
3625.2 2912.3 74.3
3611.5 2915.3 74.2
3577.3 2914.0 74.0
3566.8 2911.6 74.0
3529.3 2915.5 73.9
3695.6 2923.6 74.6
3688.6 2924.3 74.6
3680.0 2923.2 74.5
3665.1 2927.6 74.4
3639.4 2923.8 74.3
3601.5 2923.4 74.1
3578.9 2921.8 74.0
3567.6 2922.8 73.9
3550.1 2923.5 73.9
3525.9 2924.3 73.9
3676.2 2933.8 74.4
3665.1 2936.3 74.3
3651.6 2932.3 74.3
3635.3 2932.2 74.2
3617.0 2937.5 74.1
3598.2 2933.6 74.0
3588.4 2935.7 73.9
3580.2 2937.4 73.9
3547.8 2935.8 73.9
3539.5 2935.9 73.9
3531.5 2937.9 73.9
3517.6 2931.5 73.9
3689.4 2943.4 74.5
3651.5 2942.4 74.2
3638.4 2944.1 74.1
3621.5 2947.8 74.0
3595.7 2944.7 73.9
3576.9 2942.3 73.9
3531.4 2943.5 73.9
3658.6 2955.6 74.2
3635.8 2952.0 74.1
3629.6 2955.6 74.0
3620.8 2953.3 74.0
3567.5 2953.1 73.9
3555.6 2957.9 73.8
3548.5 2955.3 73.8
3526.4 2957.6 73.8
3520.9 2952.7 73.8
3687.9 2965.8 74.3
3680.1 2964.7 74.3
3667.0 2966.5 74.1
3660.9 2962.0 74.1
3611.5 2966.0 73.8
3589.6 2967.7 73.8
3568.8 2963.3 73.8
3546.7 2962.4 73.8
3540.2 2965.3 73.8
3527.7 2962.2 73.8
3520.8 2964.9 73.8
3687.9 2972.9 74.3
3677.0 2972.8 74.2
3670.7 2976.1 74.1
3655.6 2978.0 74.0
3638.8 2977.6 73.9
3631.6 2975.6 73.9
3595.6 2972.2 73.8
3586.3 2975.1 73.8
3579.3 2973.6 73.8
3565.6 2978.0 73.8
3549.6 2975.5 73.8
3540.3 2972.4 73.8
3529.9 2978.0 73.7
3520.5 2972.1 73.7
3668.1 2981.7 74.1
3651.4 2981.9 73.9
3640.5 2981.5 73.9
3600.7 2981.5 73.8
3551.3 2986.4 73.8
3538.0 2984.8 73.8
3529.8 2986.4 73.8
3520.5 2981.5 73.6
3667.5 2995.7 74.0
3660.4 2995.7 73.9
3647.2 2995.8 73.8
3641.1 2995.6 73.8
3628.1 2995.6 73.8
3608.9 2996.7 73.8
3595.8 2996.6 73.8
3580.7 2995.4 73.8
3571.0 2995.7 73.8
3557.2 2998.1 73.8
3546.7 2994.0 73.8
3538.4 2997.1 73.8
3519.5 2993.0 73.7
3665.5 3005.8 73.9
3636.1 3008.1 73.8
3615.8 3002.5 73.8
3609.8 3004.5 73.8
3585.5 3003.0 73.8
3557.4 3003.3 73.8
3545.5 3002.6 73.8
3535.2 3001.5 73.9
3528.9 3006.7 73.9
3516.3 3004.6 73.7
3669.9 3016.5 74.1
3661.2 3013.6 74.0
3647.0 3015.8 73.8
3597.1 3015.8 73.8
3578.7 3011.7 73.8
3559.3 3012.3 73.9
3547.9 3015.1 73.9
3537.1 3015.8 73.9
3531.7 3017.2 73.9
3517.1 3011.4 73.8
3667.4 3022.2 74.2
3658.6 3023.0 74.0
3636.2 3027.8 73.8
3606.2 3023.6 73.8
3597.8 3022.8 73.9
3586.1 3026.9 73.9
3566.4 3025.6 73.9
3559.9 3023.0 73.9
3546.3 3021.5 73.9
3665.1 3034.6 74.2
3661.4 3034.7 74.2
3651.2 3034.4 74.0
3629.2 3035.5 73.9
3609.8 3034.8 73.9
3599.1 3035.2 73.9
3586.6 3033.3 73.9
3550.4 3031.7 73.9
3657.9 3046.6 74.3
3640.1 3042.4 73.9
3630.7 3045.4 73.9
3595.9 3047.4 73.9
3636.2 3056.5 74.0
3638.9 3063.6 74.1
3580.6 2538.4 72.8
3564.7 2535.0 72.6
3551.1 2550.0 72.5
3578.1 2555.8 72.9
3581.5 2568.5 73.0
3574.4 2565.6 72.9
3549.4 2568.6 72.7
3544.1 2567.3 72.6
3574.3 2576.3 73.0
3562.1 2576.5 72.9
3554.5 2575.6 72.8
3540.4 2577.3 72.7
3574.1 2587.2 73.1
3549.2 2589.0 72.9
3562.5 2600.8 73.1
3549.4 2598.1 73.0
3533.1 2598.4 72.9
3523.7 2600.2 72.9
3669.7 2536.6 73.0
3670.6 2542.9 73.1
3689.6 2558.0 73.3
3678.3 2559.2 73.3
3669.9 2553.4 73.3
3745.1 2562.9 73.5
3710.6 2575.4 73.6
3680.7 2575.6 73.6
3608.7 2574.1 73.4
3766.1 2583.0 73.8
3747.8 2586.3 73.8
3736.6 2584.5 73.8
3725.9 2588.8 73.8
3710.6 2589.2 73.8
3675.7 2585.8 73.7
3650.8 2583.8 73.7
3599.3 2586.5 73.4
3795.1 2595.2 74.0
3787.0 2598.7 74.0
3745.5 2594.1 73.9
3720.5 2597.9 73.9
3699.0 2596.5 73.9
3688.2 2599.4 73.9
3680.6 2595.5 73.9
3665.5 2593.1 73.8
3621.0 2596.8 73.8
3605.2 2595.9 73.6
3740.8 2604.0 74.0
3705.1 2608.4 74.1
3689.9 2604.2 74.0
3649.4 2607.6 74.0
3626.7 2608.8 73.9
3605.3 2603.9 73.6
3590.2 2606.3 73.5
3816.1 2618.1 74.0
3726.4 2615.2 74.2
3719.5 2619.0 74.2
3690.3 2618.4 74.2
3656.7 2618.9 74.2
3646.6 2613.5 74.1
3607.3 2618.2 73.8
3597.5 2617.2 73.7
3586.1 2619.4 73.5
3578.3 2613.9 73.4
3808.1 2628.8 74.2
3740.7 2623.7 74.3
3721.0 2625.0 74.3
3669.2 2628.5 74.3
3647.6 2626.9 74.3
3631.4 2626.7 74.1
3718.5 2637.5 74.5
3711.1 2636.5 74.5
3697.1 2638.8 74.5
3677.3 2635.0 74.4
3639.2 2636.7 74.3
3739.3 2648.5 74.6
3725.2 2648.8 74.6
3699.4 2644.5 74.6
3660.5 2646.0 74.5
3639.4 2646.5 74.4
3741.3 2655.6 74.8
3715.0 2655.5 74.8
3708.6 2653.1 74.7
3687.1 2654.9 74.8
