5631.3 -6490.3 23.4
5690.8 -6395.2 23.5
5267.0 -6400.1 22.4
5404.0 -6000.4 22.1
5659.8 -6825.2 25.5
5707.2 -6828.3 25.8
5710.8 -6822.8 25.9
5821.6 -6798.4 26.0
5821.8 -6789.7 26.0
5814.2 -6780.2 26.2
-724.4 -5272.1 61.4
467.0 -5296.5 44.3
-40.4 -5050.0 50.0
501.2 -5379.4 43.6
506.5 -5346.5 43.7
-4494.1 6667.6 48.3
-3739.3 8433.4 52.8
-3610.0 8685.7 55.1
-3508.2 -2513.2 46.7
-3406.4 -3330.2 49.5
-4843.1 -3403.0 52.7
-4766.6 -3394.7 53.0
-871.0 -4378.9 63.5
988.6 -5452.5 41.0
-3266.5 -3423.3 47.7
-2012.6 -3618.6 56.5
-1945.5 -3699.1 58.1
-2364.0 -258.6 49.5
-3836.7 8840.5 52.5
-3785.9 8598.6 51.0
-3780.9 8550.5 51.0
-3763.2 8666.7 50.7
-3406.6 8748.0 58.2
-4270.1 8751.4 47.2
-3068.3 -3390.1 49.1
-3465.2 -2571.6 45.8
-3497.7 -2525.2 46.2
-3508.8 -2929.9 45.5
-5005.6 -3518.7 52.3
-5050.5 -3508.7 51.3
-3447.4 -3519.4 52.1
-4620.7 -3920.0 60.7
-5012.8 -3244.2 50.4
-4701.3 -3293.8 50.3
-4505.0 -3298.3 49.6
-4487.2 -3205.0 48.1
-4825.9 -3649.4 57.2
-4624.4 -3733.1 62.0
-4631.7 -3586.4 55.2
-2533.5 -417.4 48.3
-2428.9 -353.4 48.0
-1255.3 -3742.9 62.9
-743.2 -5294.0 61.9
-199.2 -4866.7 52.3
-1185.4 -3727.6 64.3
-944.3 -4281.8 64.5
-892.9 -4425.7 63.1
5409.8 -6006.8 22.0
5337.8 -5780.3 23.2
5722.7 -6227.5 25.1
4617.2 -6899.9 28.5
4620.8 -6975.8 27.8
-5692.0 -5431.0 69.3
-5736.3 -5399.7 68.6
-5822.1 -5495.7 67.8
-5990.5 -5469.4 65.0
-6011.7 -5408.8 63.2
-5798.8 -5028.6 63.9
-3554.9 -2468.0 49.3
-3422.9 -3368.3 50.6
-5009.7 -3458.4 50.0
-4586.4 -4003.7 63.3
-4989.3 -3137.5 49.4
-4592.1 -3692.0 58.3
-4552.9 -3833.9 61.8
6666.8 -7960.8 20.6
6230.4 -7200.0 22.8
-3733.3 8731.7 50.4
-3766.7 8674.6 50.5
-3480.7 -2547.8 46.1
-3430.8 -3214.8 46.2
-3901.3 -3627.2 61.9
-4490.1 -3160.8 50.3
-4545.7 -3867.0 60.7
-5021.8 -3227.6 50.5
-4766.3 -3383.3 52.7
-4651.2 -3213.4 47.7
5458.0 -5960.1 21.7
5918.5 -5937.4 24.5
5951.6 -5910.1 24.6
6226.0 -5915.9 25.2
6496.1 -5889.0 23.8
6498.9 -5896.2 23.7
6489.2 -5920.3 23.6
-5044.6 -3686.3 51.5
-3891.9 -3636.1 61.5
-4719.0 -3955.9 59.4
-4629.2 -3755.1 63.9
-4598.8 -3706.8 59.6
-4794.5 -3684.4 58.5
-4719.3 -3823.2 60.7
-4680.8 -3568.9 55.8
-3588.0 8792.7 57.0
-3496.9 8733.7 57.2
-3616.8 8672.8 54.8
5406.0 -5512.1 23.0
5433.3 -5513.7 23.7
161.8 -5202.4 46.9
896.7 -6396.7 46.8
5404.5 -5741.3 21.4
5240.6 -6161.7 21.3
5014.6 -5888.9 25.3
5045.5 -5939.7 23.9
5069.0 -5958.1 23.6
-4262.8 8815.5 47.9
-4070.9 8682.8 48.7
-4103.9 8685.8 48.8
-5007.1 -3450.4 49.8
-3904.2 -3624.1 61.7
-3274.7 -3422.5 47.7
-3486.7 -2541.3 46.2
-4528.7 -3276.4 48.5
-4481.9 -3286.9 49.9
-4790.0 -3712.7 58.7
5708.3 -6219.2 24.8
5840.5 -6621.5 25.8
5665.6 -6755.3 25.5
5465.3 -5679.1 22.2
5451.2 -5690.6 22.0
5046.2 -5926.4 24.1
-871.1 -5622.4 66.8
5925.2 -5925.3 24.4
5648.2 -6832.3 25.6
-5840.1 -4793.8 62.9
-3740.8 8672.9 50.9
-3635.6 8656.3 54.1
6487.1 -7449.0 18.5
6124.5 -7182.7 23.9
5278.0 -7358.3 24.6
-1917.7 -3603.1 58.2
-184.5 -4883.3 52.0
-1519.1 -3660.4 60.3
-350.1 -4116.0 57.5
-1226.4 -3638.0 63.1
-1216.6 -3634.8 63.3
-1217.7 -3721.3 63.7
-982.9 -4159.3 66.2
-2583.2 -5763.0 54.7
-1043.8 -6183.6 69.5
-953.1 -4293.3 64.6
-2050.0 -3610.7 56.3
100.6 -5242.3 46.5
23.4 -5235.7 46.7
-5993.0 -5478.9 65.2
-1233.7 -5256.1 69.4
5659.6 -5521.3 29.2
-1626.9 -3658.5 59.8
-4740.9 -3827.0 59.6
-1283.3 -5368.9 68.0
-875.9 -4374.1 63.7
-1671.9 -3646.4 59.5
4953.0 -1834.4 36.1
4945.6 -1766.9 37.0
90.8 -5154.8 46.7
-272.6 -4819.1 53.4
295.0 -5059.0 49.5
-26.6 -5437.7 50.0
-334.8 -4684.3 56.6
5821.5 -7599.5 23.4
5687.4 -7777.7 22.4
5687.2 -7752.6 22.5
5648.6 -7688.3 23.3
5751.3 -7605.7 23.9
5628.1 -7514.8 24.3
5592.2 -7495.5 24.4
5911.7 -7741.6 21.9
6008.9 -7843.3 21.4
5602.4 -7432.7 24.5
5564.2 -7462.0 24.1
5605.7 -7422.8 24.5
6389.5 -8563.5 22.9
5502.3 -5645.4 23.6
5445.9 -5963.6 21.8
6370.1 -6226.8 22.4
6332.0 -7238.2 21.1
5849.6 -6585.2 25.1
5874.1 -6611.6 25.7
5715.3 -6436.6 23.4
5803.8 -6393.2 22.8
6695.5 -7639.4 18.1
5865.5 -6379.1 22.8
6899.1 -6002.5 21.0
5997.1 -6516.1 24.4
5656.7 -6866.3 25.2
5632.3 -6721.5 24.6
6125.4 -7112.8 23.9
927.2 -6376.7 47.4
-4718.1 -3575.6 57.9
-3898.1 -3630.8 61.8
-391.4 -4750.6 54.8
-790.2 -5345.1 63.2
388.6 -5337.0 44.5
-1047.0 -6058.5 69.3
-4229.3 8789.4 47.9
5675.9 -6397.1 23.4
6193.1 -6508.2 20.9
5708.6 -6497.5 23.1
890.2 -3958.4 45.8
6090.1 -7030.9 24.5
5923.5 -7503.2 22.5
-3504.6 8735.2 57.2
-3476.4 8713.6 57.0
-3709.9 8620.8 52.0
-3627.7 8641.4 54.3
-4344.1 8794.6 46.8
-4352.3 8806.4 46.8
-3488.8 8798.9 60.1
-3477.1 8821.1 60.0
-3708.9 8489.0 53.7
-3633.0 8593.1 53.8
-4182.5 8796.3 48.5
6764.0 -7607.8 17.7
-4196.5 6336.4 46.5
5349.8 -5733.1 22.7
5418.1 -5503.8 23.4
5870.9 -6033.5 25.9
5660.4 -5510.1 29.4
5413.3 -5959.7 22.1
5410.2 -5940.6 22.1
6150.5 -6779.2 23.7
6116.1 -6754.3 24.8
6379.3 -6172.0 23.0
6379.8 -6154.2 23.2
6348.1 -6114.2 23.9
6438.4 -6275.1 22.0
6206.9 -6325.8 20.4
6231.4 -6249.7 22.6
6361.4 -6213.4 22.5
6234.0 -6069.4 24.4
6433.5 -6113.9 23.4
5426.6 -7525.1 22.5
5270.8 -6407.7 22.3
5006.5 -7017.0 26.5
6866.7 -6028.8 21.0
5917.1 -6391.5 23.0
5680.4 -6404.4 23.4
5691.9 -6458.6 23.4
5801.3 -6383.1 23.0
5664.8 -6424.0 23.4
5521.1 -6935.5 24.3
-2525.3 -412.9 48.5
-2400.2 -370.8 47.9
5838.1 -7591.1 23.3
5576.0 -7470.1 24.2
5944.9 -6672.8 26.6
5683.2 -6412.3 23.5
5940.4 -6737.1 27.2
5777.0 -6553.7 24.2
5839.1 -6779.4 26.0
6698.8 -7688.5 18.5
6921.2 -7404.7 16.9
435.0 -5291.8 44.7
-451.6 -4715.3 55.1
528.7 -5019.8 47.1
86.6 -5576.2 50.5
-560.9 -4750.3 55.1
-1031.5 -6032.6 69.2
-1159.9 -5083.4 68.1
-3827.0 8853.3 53.2
-3880.8 8850.2 52.7
-3508.7 8736.2 57.2
-3776.3 8547.0 51.1
-3744.2 8698.9 50.7
-4351.3 8822.3 47.1
-4326.0 8639.5 46.9
-4293.0 8662.2 47.1
-4268.6 8840.0 48.1
-4278.1 8832.7 47.9
-2504.4 -416.2 48.6
-2509.1 -422.3 48.4
-2529.8 -426.7 48.2
5993.5 6563.8 57.2
-2428.1 -313.7 48.0
-2445.4 -364.1 48.5
-2407.6 -369.4 48.0
-2539.9 -415.5 48.3
-2350.5 -266.5 49.5
-2293.3 -270.2 50.0
-2291.4 -280.1 49.9
-2284.1 -248.9 50.5
-6706.6 528.4 53.0
-6709.4 515.0 52.3
-4493.8 6620.4 48.2
-4488.6 6674.8 48.1
-4104.8 8694.0 48.8
-4214.4 8821.8 48.5
-4220.7 8830.5 48.6
-4192.3 8774.2 48.2
-4317.9 8627.3 47.2
-4316.1 8610.9 47.5
-4308.4 8618.6 47.3
-4270.9 8627.3 47.0
-4277.7 8616.4 47.1
-4289.0 8665.8 47.1
-4282.2 8783.7 47.3
-4193.6 8805.5 48.5
-4195.9 8820.0 48.8
-4278.6 8847.7 48.1
-4288.5 8839.1 47.9
-4318.4 8843.2 47.6
-4244.7 8812.8 48.1
-4385.7 8816.4 46.7
-4389.3 8833.2 46.9
-4378.0 8827.3 46.9
-4549.8 8817.3 45.8
-4556.1 8809.1 45.8
-4257.8 8787.3 47.5
-4211.8 8751.0 47.9
-4208.4 8844.1 49.0
-5022.9 7274.2 61.6
-4997.7 7224.9 62.8
-5074.3 7118.6 64.8
-5080.4 7075.4 65.9
-6631.3 8628.3 45.3
-6599.1 8624.5 44.1
-3818.5 8736.4 48.8
-3771.6 8596.0 51.3
-3772.8 8653.7 51.0
-3638.0 8647.5 54.0
-3646.1 8635.9 53.6
-3626.2 8588.7 53.9
-3741.4 8846.7 53.4
-3890.5 8829.7 51.6
-3737.6 8598.0 52.1
-3702.8 8575.8 52.9
-3662.0 8683.6 53.5
-4064.7 8751.6 49.1
-4051.4 8735.3 48.8
-4032.2 8760.3 48.7
-3431.7 8743.7 57.9
-3401.8 8730.1 57.8
-3434.9 8655.6 56.4
-3517.4 8837.4 58.6
-3513.8 8739.8 57.2
-3500.5 8734.7 57.2
-3523.4 8592.0 55.1
-3498.4 8767.0 58.6
-3483.6 8676.1 56.5
4924.9 3854.7 52.8
-4612.6 8744.7 45.9
-3317.7 -3417.0 47.8
-3591.4 -2209.8 44.0
-3416.8 -3518.7 50.9
-2095.2 -3672.0 55.9
-1611.7 -3679.4 60.0
-942.6 -4293.2 64.6
-921.0 -4272.2 64.0
-910.4 -4256.0 64.2
-692.5 -2216.7 54.4
-4640.1 -3943.1 62.1
-4798.4 -3754.9 59.8
-4802.2 -3710.3 58.4
-4781.8 -3716.5 59.1
-4788.9 -3650.7 57.7
-4765.1 -3775.4 61.0
-4770.4 -3759.6 60.8
-4750.3 -3739.8 61.5
-4731.6 -3812.4 60.6
-4643.6 -3812.4 64.8
-4652.5 -3802.0 64.3
-4577.3 -3872.1 61.1
-4547.4 -3897.3 59.5
-4668.9 -3706.3 59.2
-4687.1 -3712.0 59.5
-4651.4 -3729.6 61.4
-4663.1 -3727.1 61.1
-4646.4 -3617.2 57.8
-4655.2 -3594.7 56.8
-6083.1 -5472.7 63.3
-6026.9 -5334.2 59.8
-6070.5 -5308.8 59.3
-5566.0 -5469.5 67.7
-5572.2 -5479.9 68.1
-5425.0 -5156.4 60.6
-5426.1 -5147.8 60.5
5844.3 -6390.7 22.5
5917.9 -6403.8 23.0
5922.6 -6411.8 23.0
5931.0 -6634.6 26.1
6085.8 -6608.2 24.1
6441.2 -7057.5 19.6
-6597.4 8703.6 45.2
4615.5 -6915.7 28.2
-870.7 -4374.6 63.6
-930.4 -4273.2 64.2
-978.0 -4292.5 64.6
-856.8 -4423.8 62.6
-1994.6 -3637.5 57.0
-2065.9 -3607.4 56.3
-1259.8 -3723.2 62.8
-1082.9 -3992.6 65.9
-952.0 -4211.2 65.4
-944.0 -4481.1 63.0
5657.1 -6430.5 23.4
5710.7 -6438.1 23.5
5596.4 -6682.9 23.3
5678.9 -6392.0 23.3
-4650.1 -3997.6 63.0
-4625.9 -4042.3 63.6
-4660.0 -4014.5 62.7
-2733.4 -3311.8 53.2
-3415.4 -3290.1 48.9
-3415.9 -3391.9 50.9
-3429.8 -3328.2 50.1
-3481.8 -3063.4 46.1
-3497.8 -2983.6 46.2
-3451.5 -3508.7 52.0
-4345.9 8830.5 47.2
-4333.3 8825.0 47.2
-4285.4 8603.2 47.4
-4286.7 8650.8 47.1
-4309.8 8836.4 47.6
-4586.4 8749.3 46.3
-4487.4 6662.6 48.0
-4474.3 6662.8 47.5
-1155.4 -5076.4 68.1
-1651.3 -3003.2 54.3
6398.6 -6181.3 22.8
6428.7 -6301.7 21.6
5677.0 -6736.7 25.8
5667.4 -6864.4 25.3
5979.5 -6761.4 27.4
5575.2 -6883.1 24.2
6083.6 -6746.7 26.0
6172.6 -6755.0 23.4
841.2 -6395.8 45.9
722.6 -3996.5 47.0
724.4 -4004.4 47.0
2347.3 -5579.3 46.8
5604.8 -1981.3 32.9
-2403.8 -359.9 47.7
-932.4 -4304.9 64.5
6392.4 -6168.4 23.0
-936.3 -5616.8 66.9
6839.5 -6033.0 21.1
6842.9 -6040.6 21.1
-3723.1 8495.4 53.0
-3722.5 8476.3 53.4
-3708.6 8498.4 53.6
-3745.6 8504.1 52.0
-3278.5 8353.8 55.9
-3742.3 8549.2 52.3
-3718.0 8549.8 53.1
5000.6 -7011.5 26.6
5281.0 -6403.1 22.4
5517.0 -6310.6 21.3
5548.8 -6297.8 21.4
5552.7 -6307.8 21.5
6220.0 -6242.0 22.8
6243.9 -6348.6 19.3
5746.3 -6291.7 24.9
5948.2 -7461.7 22.9
5685.7 -7786.9 22.3
5996.2 -7832.1 21.5
-5041.2 -3759.0 51.8
-5000.1 -3466.2 50.5
-4917.8 -3595.8 55.3
-4930.0 -3593.0 55.0
-5103.2 -3496.4 49.7
-5096.3 -3473.5 48.9
-4829.1 -3328.0 50.7
5979.8 -6739.0 27.5
5962.2 -6722.3 27.5
5958.6 -6716.3 27.5
5959.1 -6694.6 27.1
5771.1 -6734.2 27.2
5648.8 -6729.8 25.1
5651.6 -6711.6 24.9
5603.0 -6673.9 23.4
5585.6 -6669.0 23.1
6444.8 -6308.3 21.6
6433.1 -6343.9 21.2
6403.1 -6370.5 21.0
6229.7 -6309.4 20.7
-4840.2 -3397.2 52.6
-5023.1 -3178.6 50.1
-5003.1 -3270.5 50.4
-5018.9 -3233.2 50.5
-5099.9 -3485.8 49.3
-5027.4 -3302.8 50.7
-4849.7 -3307.5 50.0
-4845.0 -3316.9 50.3
-4809.0 -3380.4 52.4
-4758.5 -3369.0 52.3
-4713.5 -3274.7 50.2
-4708.5 -3299.6 50.5
-4709.6 -3291.7 50.4
-4722.4 -3281.1 50.2
-4715.3 -3296.1 50.4
-4675.0 -3203.8 47.8
-4547.9 -3304.7 48.5
-4512.5 -3294.0 49.3
-4502.4 -3289.3 49.5
-4465.2 -3279.2 49.9
-4484.5 -3189.6 48.7
6034.0 -6704.5 27.1
-874.1 -6259.3 70.5
-3545.5 8826.6 58.2
-3616.8 8637.6 54.6
-4201.3 8811.4 48.6
-4204.0 8757.0 48.0
-3726.4 8431.6 53.4
-4100.5 8675.5 48.8
6688.4 -7898.0 20.1
6690.1 -7756.7 18.9
6381.8 -6147.6 23.3
5893.9 -5981.9 25.0
6492.4 -5879.4 23.9
6489.5 -5883.5 23.9
6488.9 -5912.9 23.6
6491.3 -5904.8 23.7
6225.2 -5950.7 25.2
6224.3 -6072.5 24.4
6208.9 -6089.4 24.9
6239.6 -6128.2 23.8
6251.3 -6133.0 23.7
5644.4 -5542.0 28.6
6246.8 -6356.6 19.2
6490.5 -7452.5 18.5
6546.1 -7402.0 19.0
6758.7 -7732.5 18.8
6725.2 -7688.9 18.6
4957.6 -1841.3 36.0
5630.2 -7700.7 23.0
5274.7 -7354.5 24.7
-6005.6 -5498.7 65.3
-5838.5 -5035.1 64.0
-6682.0 -8457.1 38.4
-3844.4 8829.7 51.9
-4163.7 8848.8 50.0
-5060.9 7122.5 64.8
-4539.2 -1939.9 68.9
1722.8 -1530.7 53.9
5270.4 -6392.9 22.5
5218.2 -6940.2 24.9
5238.3 -6910.6 24.6
5225.7 -6932.0 24.7
6227.2 -7194.3 22.9
6018.8 -6812.8 25.4
6028.7 -6848.6 25.1
6071.0 -7031.1 24.7
6171.3 -6761.7 23.4
5983.3 -6765.4 27.4
5174.5 -7238.4 24.6
5172.9 -7206.6 24.8
5169.9 -7219.7 24.7
-2324.6 -3101.4 52.3
-2265.3 -3520.4 55.5
-4088.5 8670.7 48.8
-4178.2 8823.6 49.0
-2537.6 -427.8 48.1
-2534.5 -404.1 48.5
-2501.9 -400.0 48.9
-2283.8 -261.0 50.3
-2312.0 -299.1 49.4
-2374.4 -272.1 49.2
-1270.2 -5373.9 68.0
-1034.5 -6015.9 69.0
-1237.5 -3779.4 63.2
-4491.2 -3292.8 49.9
-4593.2 -3721.2 60.1
-4566.4 -3844.2 62.0
5799.5 -6651.2 26.2
5709.3 -6441.0 23.5
5922.0 -6647.8 26.1
5931.1 -6425.5 23.2
5844.7 -6590.4 25.2
-3605.2 -2202.2 44.1
5345.4 -5739.4 22.8
5456.1 -5687.0 22.0
5461.4 -5682.9 22.1
5469.9 -5675.4 22.3
5406.0 -5738.3 21.4
5428.0 -5526.6 23.3
5428.0 -5500.7 23.7
5227.7 -6167.8 21.3
5251.9 -6159.4 21.3
5025.6 -5889.6 24.8
5038.1 -5907.3 24.7
5029.3 -5921.3 24.7
5057.2 -5939.0 23.8
-1258.0 -3740.8 62.9
-1621.0 -3674.3 59.9
-1681.8 -3643.7 59.4
-1906.0 -3697.9 58.5
-2531.7 -3253.5 55.4
-1817.8 -3573.5 59.6
-1814.9 -3556.5 59.6
-2516.3 -417.7 48.4
-4778.8 -3773.4 60.5
-4781.7 -3764.5 60.4
-4655.2 -3820.8 63.8
-4894.6 -3167.3 49.0
-4692.0 -3254.1 49.4
-6707.8 519.6 52.5
-1011.4 -4390.5 64.8
-985.5 -4334.5 64.8
267.2 -5094.9 48.4
103.1 -5225.1 46.5
389.8 -5215.3 45.6
-397.5 -4746.2 54.8
508.1 -5328.2 43.8
409.5 -4974.2 49.5
392.6 -5331.0 44.5
-149.5 -4898.7 52.2
-180.9 -4973.9 50.7
-222.7 -4926.0 51.0
-458.8 -4654.8 56.6
-464.6 -6147.5 60.2
173.3 -5179.6 47.0
1228.6 -4835.0 43.3
-5014.1 -3240.1 50.4
-5017.7 -3235.9 50.5
-4901.1 -3172.9 49.1
-4881.6 -3165.2 49.0
-2519.5 -425.4 48.3
-5692.1 -5448.3 69.3
-4704.9 -3951.5 60.0
-4673.7 -4022.7 62.1
-5090.0 -3509.6 50.5
-4715.5 -3284.4 50.3
-4519.1 -3281.3 48.9
-4579.2 -3719.6 59.1
-4585.1 -3703.6 58.5
-4746.4 -3720.1 59.7
-4717.7 -3811.6 61.2
-4677.8 -3773.5 64.4
-4671.6 -3758.4 63.8
-4673.7 -3581.6 56.6
-4635.9 -3493.3 50.9
-4990.9 -3477.5 51.1
6472.3 -6320.3 21.3
6214.9 -6280.5 22.3
-5579.6 -5488.7 68.1
399.8 -5216.4 45.5
485.7 -4866.7 47.5
107.1 -5125.4 47.2
398.5 -5324.9 44.5
-269.3 -4822.3 53.3
-901.7 -5608.1 66.8
5650.1 -5527.7 28.9
5356.5 -5724.9 22.5
5473.1 -5672.0 22.5
-3896.0 -3632.9 61.7
-5010.8 -3255.0 50.5
-5012.0 -3251.7 50.5
-4910.8 -3184.8 49.2
-4905.1 -3177.8 49.1
-5033.7 -3329.5 50.2
-5028.2 -3317.9 50.6
-4812.2 -3386.1 52.6
-4757.9 -3354.2 51.9
-4748.0 -3381.2 52.7
-4501.1 -3271.9 49.1
-4816.7 -3654.6 57.3
-4660.0 -3559.4 54.2
-4671.1 -3573.3 55.8
-1608.5 -3676.2 60.0
-2009.6 -3619.0 56.6
-2752.3 -3217.5 51.9
-3424.4 -3233.9 46.7
-3425.4 -3349.2 50.4
-3500.8 -2968.6 46.0
-3489.8 -3024.7 46.1
-1264.7 -3685.0 62.6
-1217.7 -3635.9 63.3
-1789.6 -3648.3 59.7
-2058.2 -3609.1 56.3
-1307.3 -3623.8 61.3
-3396.3 -3493.0 50.4
-3421.9 -3526.3 51.2
5568.8 -6894.2 24.2
5595.6 -6670.0 23.3
5602.1 -6697.5 23.3
-3752.6 8669.8 50.7
-3642.4 8621.2 53.7
-3622.2 8575.3 54.0
-3620.9 8587.0 54.1
5633.4 -7692.3 23.3
5600.8 -7503.3 24.4
5606.3 -7505.3 24.3
5454.4 -7476.5 23.1
5589.6 -7459.2 24.3
5567.7 -7454.3 24.2
-698.3 -2212.5 54.4
-698.3 -2218.5 54.3
-3541.2 -2487.9 48.4
5886.1 -7747.9 22.1
6907.4 -7743.0 18.0
6343.6 -7231.1 20.9
6374.0 -7099.7 19.9
6199.2 -6514.4 20.9
6253.4 -6343.6 19.6
6221.3 -6066.4 24.5
-4753.7 -3687.0 58.1
-4680.8 -3282.3 49.1
-4466.3 -3624.6 52.7
-4763.3 -3718.5 59.4
-4566.0 -3856.0 61.5
-4651.9 -3703.6 59.1
-1252.8 -3739.5 63.0
-1938.5 -3707.2 58.0
-4632.9 -3742.0 62.7
-4800.8 -3743.1 59.7
-4779.0 -3756.8 60.5
-4702.3 -3825.7 61.3
-4586.2 -3799.1 63.3
-4662.6 -3771.0 65.0
4949.5 -1844.4 36.0
5631.4 -1979.2 32.7
-479.6 -4729.9 55.0
-934.5 -4286.0 64.4
-979.4 -4294.9 64.6
-975.9 -4295.9 64.6
-987.3 -4581.4 65.7
-1046.7 -4479.2 63.4
6087.5 -6836.3 24.6
5977.0 -6757.8 27.4
5662.0 -6864.6 25.3
5719.9 -6818.2 26.0
5802.1 -6758.7 26.5
5711.0 -6777.7 26.2
5715.0 -6772.4 26.3
5635.9 -6744.8 24.8
5645.5 -6708.0 24.6
5374.2 -6308.5 21.4
5844.7 -6296.3 25.2
-4950.3 -3205.9 49.6
-5020.0 -3230.9 50.5
-4728.8 -3290.8 50.3
-4671.9 -3278.1 48.6
-4636.2 -3231.4 47.6
-4509.5 -3271.9 48.9
-4802.5 -3722.5 59.4
-4718.6 -3794.7 62.0
-1928.2 -3599.8 58.0
-2075.7 -3605.4 56.2
-1683.9 -3646.2 59.4
-3562.4 -2438.0 48.3
-3503.3 -2949.5 45.8
6945.1 -5172.4 23.7
6936.7 -5164.2 24.3
-4725.5 -3553.3 56.3
-5985.3 -5289.6 60.7
-5421.6 -5230.9 60.4
5270.7 -7357.2 24.7
5204.5 -6912.8 25.0
5217.4 -6922.2 24.8
5148.0 -6943.2 25.7
5634.6 -6493.7 23.4
5676.5 -6401.3 23.4
5412.0 -5996.3 22.1
5489.1 -5831.9 21.2
6701.6 -7616.4 18.0
6325.7 -7200.3 21.2
5883.3 -7750.5 22.1
5906.2 -7723.2 22.0
6672.4 -7903.6 20.2
6728.1 -7862.7 19.8
6718.3 -7861.4 19.8
6744.7 -7732.3 18.8
6719.2 -7693.8 18.6
6916.5 -7734.6 18.0
-4205.4 8776.2 48.1
6194.5 -7209.0 23.2
6014.2 -7005.7 25.4
6031.3 -6974.1 25.4
6050.9 -6982.9 25.2
6059.4 -7018.8 24.9
5940.2 -5904.5 24.2
6486.7 -5903.0 23.7
6445.0 -6010.1 22.9
962.8 -2926.7 46.7
-360.6 -4107.8 57.9
126.7 -5165.7 46.8
-528.7 -4645.6 55.7
836.2 -5239.8 42.3
-518.1 -4827.5 55.0
1213.9 -4838.4 42.8
-861.4 -4416.7 62.8
-3274.5 -3430.5 47.6
-3417.9 -3268.5 48.0
-717.4 -5262.1 61.2
-2438.0 -365.5 48.4
-2299.6 -296.1 49.6
5659.3 -6527.2 23.3
6407.6 -6342.2 21.2
6204.0 -5952.1 25.4
6234.0 -5933.4 25.1
6499.6 -5931.5 23.4
5917.2 -7712.9 21.9
6498.5 -7439.7 18.7
6377.7 -7247.6 20.4
-5003.2 7229.5 62.7
5659.4 -6435.3 23.4
5584.1 -1978.3 33.0
5393.4 -5996.1 22.2
5710.5 -7949.1 22.1
-46.6 -5045.2 50.2
5024.2 -5904.4 25.3
6936.3 -5172.2 24.3
6855.2 -6027.0 21.1
6873.0 -6024.5 21.0
6876.0 -6007.0 21.1
6950.6 -7675.8 18.0
6928.9 -7403.1 16.7
6851.5 -6037.6 21.0
6851.5 -6031.6 21.1
6724.9 -7659.7 18.1
6731.4 -7628.9 17.9
6736.1 -7616.2 17.8
6701.0 -7638.0 18.0
6948.5 -7678.4 18.0
6735.4 -7752.9 18.8
6750.0 -7732.9 18.8
6754.4 -7728.1 18.8
6937.2 -7784.3 17.6
6943.3 -5720.0 21.6
6886.3 -8042.3 21.2
6805.2 -7979.4 20.5
6639.1 -7920.4 20.2
6678.3 -7908.7 20.2
6640.0 -7936.4 20.3
6706.3 -7897.4 20.1
834.3 -4528.9 50.7
846.0 -4538.2 49.6
857.8 -4547.5 48.5
869.6 -4556.8 47.4
881.3 -4566.1 46.3
893.1 -4575.4 45.2
904.8 -4584.8 44.1
916.6 -4594.1 43.4
928.4 -4603.4 43.3
940.1 -4612.7 43.2
951.9 -4622.0 43.2
963.6 -4631.3 43.2
975.4 -4640.6 43.1
987.1 -4650.0 43.1
998.9 -4659.3 43.1
1010.7 -4668.6 43.1
1022.4 -4677.9 43.0
1034.2 -4687.2 43.0
1045.9 -4696.5 43.0
1057.7 -4705.8 43.0
1069.5 -4715.2 42.9
1081.2 -4724.5 42.9
1093.0 -4733.8 42.8
1104.7 -4743.1 42.8
1116.5 -4752.4 42.6
1128.2 -4761.7 42.4
1140.0 -4771.0 42.4
1151.8 -4780.3 42.5
1163.5 -4789.7 42.5
1175.3 -4799.0 42.6
1187.0 -4808.3 42.4
1209.2 -4825.4 42.6
-5335.1 8769.9 41.5
-5346.0 8780.2 41.3
-5356.9 8790.5 41.1
-5367.9 8800.8 40.9
-5378.8 8811.0 40.8
-5389.7 8821.3 40.6
-5400.6 8831.6 40.4
-5411.6 8841.9 40.3
-5422.5 8852.2 40.1
-5433.4 8862.4 40.0
-5444.3 8872.7 40.0
-5455.3 8882.9 39.9
-5466.6 8892.9 39.8
-5477.8 8902.8 39.6
-5489.0 8912.7 39.5
-5500.3 8922.7 39.3
-5511.5 8932.6 39.1
-5522.7 8942.6 38.9
-5534.0 8952.5 38.7
-5545.2 8962.4 38.4
-5556.4 8972.4 38.2
-5567.7 8982.3 38.4
-5578.9 8992.3 38.5
-5590.1 9002.2 38.6
-5601.4 9012.1 38.8
-5612.6 9022.1 38.9
-5623.8 9032.0 39.0
-5635.0 9042.0 38.9
-5646.3 9051.9 38.8
-5657.5 9061.8 38.7
-5668.1 9072.5 38.9
-5678.1 9083.6 39.1
-5688.2 9094.8 39.3
-5004.9 8643.5 42.9
-5019.5 8646.9 42.6
-5034.1 8650.3 42.3
-5048.7 8653.8 41.9
-5063.3 8657.2 41.5
-5077.9 8660.6 41.4
-5092.5 8664.1 41.3
-5107.1 8667.5 41.2
-5121.7 8670.9 41.2
-5136.1 8675.3 41.4
-5150.0 8680.9 41.7
-5163.9 8686.6 41.6
-5177.8 8692.2 41.7
-5191.7 8697.8 41.7
-5205.6 8703.5 41.8
-5219.0 8710.1 41.8
-5232.0 8717.5 41.8
-5245.0 8725.0 41.8
-5257.3 8733.5 41.8
-5269.2 8742.7 41.8
-5281.1 8751.8 41.7
-5292.8 8761.2 41.6
-5304.6 8770.5 41.4
-5321.3 8783.8 41.2
-5936.8 8810.9 41.4
-5930.2 8840.9 42.5
-5818.1 8848.4 42.9
-5826.8 8860.6 42.9
-5835.6 8872.8 42.9
-5844.3 8885.0 42.9
-5853.0 8897.2 42.9
-5869.0 8919.4 43.2
-6292.3 8780.8 32.5
-6277.3 8781.4 32.5
-6262.3 8782.0 32.4
-6244.9 8782.6 32.3
-6095.5 8762.3 33.5
-6093.4 8777.1 34.2
-6086.7 8788.5 35.2
-6073.0 8794.6 36.3
-6047.8 8805.7 38.0
-5711.3 6337.8 42.0
-5699.9 6347.6 41.5
-5688.4 6357.3 41.1
-5677.0 6367.0 41.0
-5665.6 6376.8 41.6
-5654.2 6386.5 42.2
-5642.8 6396.2 42.9
-5631.4 6406.0 43.5
-5619.9 6415.7 43.9
-5608.5 6425.4 44.1
-5597.1 6435.1 44.4
-5585.7 6444.9 44.7
-5574.3 6454.6 45.0
-5562.2 6463.5 45.3
-5549.9 6472.0 45.7
-5537.5 6480.5 45.9
-5525.1 6489.0 46.1
-5507.0 6501.5 46.6
-5933.5 8185.5 34.1
-5938.0 8199.8 34.3
-5942.5 8214.1 34.5
-5947.1 8228.4 35.2
-5949.6 8243.2 35.9
-5948.9 8258.1 36.3
-5946.3 8272.9 36.7
-5943.5 8287.6 37.0
-5940.8 8302.4 37.3
-5938.1 8317.1 37.6
-5934.5 8336.9 38.0
-5840.1 8074.6 35.2
-5832.5 8087.5 35.1
-5824.9 8100.5 35.0
-5817.3 8113.4 35.1
-5804.6 8135.0 35.6
-5935.7 7977.7 35.2
-5932.3 7992.3 35.0
-5929.7 8006.8 35.2
-5934.2 8021.1 34.9
-5944.9 8031.4 34.5
-5956.4 8041.0 34.2
-5967.9 8050.6 33.9
-5985.4 8065.3 33.3
-5995.4 8191.4 33.3
-5987.6 8227.8 34.7
-6001.0 8238.7 35.2
-5987.6 8227.8 34.7
-5959.4 8221.3 34.7
-5955.8 8208.2 34.1
-5943.8 8112.3 33.4
-5944.3 8127.8 33.4
-5942.4 8146.2 33.6
-6053.5 8327.2 37.0
-6045.2 8345.1 37.4
-6042.1 8358.0 37.7
-6044.4 8371.3 38.0
-6051.6 8383.1 38.2
-6062.2 8388.1 38.0
-6074.7 8392.6 37.8
-6089.1 8395.3 37.6
-6101.2 8394.5 37.5
-6111.0 8389.6 37.4
-5936.2 7738.6 46.5
-5945.1 7750.6 46.4
-5954.0 7762.7 46.3
-5963.0 7774.7 46.2
-5971.9 7786.8 45.7
-5980.8 7798.8 45.4
-5989.7 7810.9 45.1
-5998.7 7823.0 44.4
-6047.3 7670.0 43.7
-6023.6 7656.9 44.1
-5959.4 7699.2 45.8
-5984.3 7680.1 45.1
-6152.2 7863.0 39.5
-6146.6 7849.1 39.8
-6136.3 7823.4 40.2
-5666.5 7372.5 48.6
-5654.9 7382.1 48.6
-5643.3 7391.6 48.6
-5631.7 7401.1 48.5
-5620.2 7410.6 48.5
-5608.6 7420.1 48.5
-5587.4 7437.5 48.4
-5578.1 7119.2 57.7
-5566.2 7128.3 57.7
-5554.3 7137.5 57.7
-5542.4 7146.6 57.6
-5530.5 7155.7 57.5
-5518.6 7164.9 57.5
-5506.7 7174.0 57.4
-5494.8 7183.1 57.3
-5482.9 7192.3 57.3
-5475.2 7202.2 57.1
-5485.7 7221.1 56.4
-6859.3 7602.6 48.9
-6844.3 7603.3 48.6
-6829.3 7604.0 48.2
-6814.4 7604.7 47.9
-6799.4 7605.4 47.2
-6784.4 7606.1 46.4
-6769.4 7606.8 45.7
-6754.4 7607.5 44.9
-6739.4 7608.2 44.2
-6724.5 7608.8 43.5
-6709.5 7609.5 42.8
-6687.8 7610.6 41.9
-6860.8 7580.2 48.8
-6845.8 7580.9 48.5
-6830.9 7581.7 48.1
-6815.9 7582.5 47.8
-6800.9 7583.3 47.4
-6785.9 7584.1 46.6
-6770.9 7584.9 45.9
-6756.0 7585.7 45.2
-6741.0 7586.5 44.5
-6726.0 7587.3 43.9
-6711.0 7588.1 43.2
-6696.1 7588.9 42.5
-6674.6 7590.0 41.6
-6866.5 7587.4 49.0
-6851.5 7588.2 48.7
-6836.5 7589.0 48.3
-6821.6 7589.8 48.0
-6806.6 7590.5 47.6
-6791.6 7591.3 46.9
-6776.6 7592.1 46.1
-6761.6 7592.9 45.4
-6746.7 7593.7 44.7
-6731.7 7594.5 44.0
-6716.7 7595.3 43.3
-6701.7 7596.1 42.7
-6680.2 7597.2 41.7
-6864.6 7595.3 49.0
-6849.6 7596.1 48.7
-6834.6 7596.9 48.3
-6819.7 7597.7 48.0
-6804.7 7598.5 47.5
-6789.7 7599.3 46.7
-6774.7 7600.1 46.0
-6759.7 7600.9 45.2
-6744.8 7601.7 44.5
-6729.8 7602.5 43.8
-6714.8 7603.3 43.2
-6699.8 7604.1 42.5
-6678.3 7605.2 41.5
-6554.1 7847.4 36.0
-6580.5 7848.8 36.6
-6591.7 7851.0 36.9
-6630.6 7854.1 38.0
-6750.7 7367.3 48.4
-6744.4 7364.9 48.2
-6736.2 7364.5 47.8
-6726.3 7367.2 47.3
-6720.1 7371.7 46.9
-6714.0 7379.5 46.6
-6710.8 7387.4 46.4
-6707.0 7413.8 45.9
-6626.5 7540.6 40.1
-6611.5 7540.6 39.4
-6596.5 7540.6 38.7
-6581.5 7540.6 38.0
-6566.5 7540.6 37.4
-6551.5 7540.6 36.8
-6532.9 7540.6 36.1
-6469.6 7189.5 36.8
-6477.4 7202.3 37.0
-6485.3 7215.1 37.2
-6479.6 7224.7 37.0
-6463.2 7235.0 36.6
-6258.6 7179.0 35.9
-6271.9 7186.0 35.3
-6285.2 7193.0 34.9
-6298.4 7199.9 35.1
-6313.3 7200.0 35.0
-6327.5 7203.4 34.9
-6341.3 7209.4 34.6
-6367.3 7220.8 34.5
-6406.6 7257.0 34.7
-6401.0 7266.4 34.6
-6419.7 7282.6 34.7
-6442.5 7293.5 35.2
-6550.1 7382.1 38.1
-6515.8 7389.3 36.3
-6520.1 7408.9 36.4
-6760.4 7205.6 52.6
-6754.5 7219.4 52.1
-6748.7 7233.2 51.6
-6742.8 7247.0 51.1
-6736.9 7260.8 50.3
-6731.0 7274.6 49.6
-6725.2 7288.5 48.9
-6719.3 7302.3 48.2
-6712.7 7317.8 47.3
-6697.2 7377.1 45.8
-6695.8 7408.7 45.4
-6694.4 7418.5 45.2
-6691.5 7426.0 45.0
-6688.6 7430.5 44.8
-6683.8 7433.9 44.5
-6677.3 7436.1 44.2
-6665.1 7438.2 43.6
-6627.5 7436.8 41.7
-6601.9 7433.3 40.4
-6501.9 7507.4 35.6
-6516.9 7507.4 35.7
-6531.9 7507.4 36.1
-6546.9 7507.4 36.9
-6561.9 7507.4 37.6
-6578.7 7507.4 38.5
-6595.0 7441.4 40.0
-6593.1 7456.3 39.7
-6591.1 7471.2 39.5
-6588.5 7491.4 39.1
-6927.5 7030.4 55.0
-6934.3 7043.8 55.2
-6941.1 7057.1 55.4
-6949.8 7074.1 55.5
-6881.1 7460.5 51.2
-6886.6 7474.5 50.7
-6892.0 7488.5 50.2
-6897.4 7502.5 50.2
-6902.9 7516.4 50.2
-6908.3 7530.4 50.2
-6913.7 7544.4 50.1
-6920.3 7561.4 50.1
-6659.2 7765.1 38.7
-6658.4 7780.1 38.4
-6657.7 7795.1 38.2
-6657.0 7810.1 38.1
-6656.2 7825.0 38.2
-6654.1 7843.6 38.2
-6691.4 7859.4 39.1
-6705.1 7861.5 39.4
-6712.7 7859.6 39.5
-6751.0 7867.7 40.3
-6764.1 7876.7 40.5
-6771.7 7879.0 40.8
-6782.4 7878.5 41.0
-6601.8 7587.2 38.9
-6586.8 7588.2 38.3
-6571.8 7589.3 37.7
-6569.2 7601.3 37.6
-6569.9 7616.3 37.5
-6585.2 7623.9 38.0
-6604.3 7623.5 38.8
-6619.2 7622.4 39.3
-6634.2 7621.2 39.9
-6651.2 7619.8 40.6
-6650.9 7584.2 40.8
-6627.7 7585.3 39.9
-6631.7 8036.3 45.1
-6644.6 8071.4 46.9
-6613.7 8026.9 43.8
-6578.6 8021.9 41.5
-6695.6 8290.3 46.7
-6695.1 8310.1 46.4
-6661.9 8312.9 45.2
-3630.6 -2360.6 48.1
-3633.6 -2346.0 47.7
-3636.7 -2331.3 47.3
-3639.7 -2316.6 46.9
-3642.8 -2301.9 46.4
-3645.9 -2287.2 45.9
-3648.9 -2272.5 45.5
-3652.0 -2257.8 45.1
-3655.0 -2243.2 44.7
-3658.1 -2228.5 44.3
-3661.1 -2213.8 44.0
-3664.2 -2199.1 43.9
-3667.2 -2184.4 43.9
-3670.3 -2169.7 43.8
-3673.3 -2155.0 43.7
-3676.4 -2140.4 43.9
-3679.5 -2125.7 44.4
-3682.5 -2111.0 45.0
-3685.6 -2096.3 45.1
-3688.9 -2080.1 45.7
-3721.6 -2269.7 47.3
-3724.4 -2255.0 47.1
-3727.2 -2240.2 46.7
-3730.0 -2225.5 46.1
-3732.8 -2210.8 45.8
-3735.6 -2196.0 45.5
-3738.4 -2181.3 45.2
-3741.2 -2166.6 45.0
-3744.0 -2151.8 44.9
-3746.8 -2137.1 44.7
-3749.6 -2122.4 44.6
-3752.4 -2107.6 44.6
-3744.9 -2085.0 44.4
-3643.6 -2190.1 44.0
-3646.3 -2175.4 44.0
-3649.1 -2160.6 43.9
-3651.9 -2145.9 43.9
-3654.6 -2131.1 44.2
-3657.4 -2116.4 44.7
-3660.1 -2101.7 45.2
-3665.1 -2075.5 45.9
-3579.9 -2503.4 47.9
-3582.7 -2488.6 48.2
-3585.4 -2473.9 48.3
-3588.2 -2459.1 48.5
-3590.9 -2444.4 48.4
-3593.7 -2429.6 48.3
-3596.5 -2414.9 48.2
-3601.4 -2388.7 48.0
-3611.7 -2351.5 47.4
-3614.5 -2336.8 47.0
-3617.3 -2322.0 46.6
-3620.0 -2307.3 46.1
-3622.8 -2292.5 45.8
-3625.5 -2277.8 45.4
-3628.3 -2263.0 45.1
-3633.2 -2236.9 44.5
-2715.1 1302.7 54.5
-2705.9 1314.5 54.3
-2696.6 1326.3 54.1
-2687.4 1338.1 53.9
-2678.1 1349.9 53.7
-2668.9 1361.7 53.5
-2659.6 1373.5 53.2
-2650.3 1385.3 53.0
-2641.1 1397.2 52.8
-2631.8 1409.0 52.7
-2622.6 1420.8 52.6
-2613.3 1432.6 52.5
-2597.2 1453.1 52.2
-2547.7 1522.0 51.3
-2538.4 1533.9 51.2
-2529.2 1545.7 51.0
-2520.0 1557.5 50.9
-2510.8 1569.4 50.7
-2501.6 1581.2 50.5
-2492.3 1593.0 50.4
-2476.3 1613.5 50.1
-6698.4 8864.5 47.0
-6698.2 8849.5 47.1
-6698.0 8834.5 47.2
-6697.9 8819.5 47.4
-6697.7 8804.5 47.4
-6685.0 8802.3 47.0
-6670.0 8802.6 46.5
-6655.0 8802.8 46.0
-6640.0 8803.0 45.5
-6635.6 8784.3 45.4
-6537.9 8475.1 41.3
-6538.5 8490.1 41.3
-6539.0 8505.1 41.4
-6546.9 8512.8 41.6
-6561.9 8513.5 42.0
-6577.2 8514.1 42.4
-6632.4 8664.6 45.9
-6617.4 8664.1 45.4
-6602.4 8663.6 44.9
-6577.7 8662.8 44.0
-332.2 8632.4 51.7
-342.9 8622.0 52.0
-353.7 8611.5 52.3
-364.4 8601.0 52.5
-375.1 8590.5 52.7
-376.6 8570.7 53.0
6850.3 2047.2 42.5
6847.8 2048.8 42.5
6860.3 2069.9 41.8
6862.1 2068.7 41.8
6854.0 2055.1 42.3
6852.5 2050.8 42.4
6850.3 2047.2 42.5
6990.6 -8554.8 18.3
6980.2 -8544.1 18.4
6969.8 -8533.3 18.5
6959.3 -8522.5 18.6
6951.2 -8512.0 18.8
6963.8 -8503.9 18.8
6976.4 -8495.8 18.8
6989.1 -8487.7 18.9
7006.6 -8476.5 18.9
5464.6 -2230.2 32.0
5465.4 -2204.6 32.2
5465.7 -2196.2 32.3
5466.2 -2181.2 32.4
5466.7 -2166.2 32.6
5467.2 -2149.6 32.8
5467.9 -2125.9 33.1
5468.6 -2104.3 33.4
5468.7 -2100.5 33.4
6107.1 -8219.2 22.2
6121.1 -8213.8 22.1
6145.9 -8204.2 21.9
6094.6 -7756.8 20.8
6113.7 -7745.3 20.7
5854.0 -7582.4 23.2
5872.4 -7564.9 23.2
5758.9 -7669.1 23.3
5789.6 -7689.8 22.6
5796.2 -7694.3 22.6
5817.0 -7666.3 22.9
5741.3 -7625.5 24.0
5732.2 -7619.4 24.0
5740.4 -7603.7 24.1
5824.0 -7657.0 23.1
5812.4 -7647.5 23.4
5800.8 -7637.9 23.5
5789.3 -7628.4 23.6
5773.9 -7621.4 23.7
5580.5 -7554.7 24.1
5577.0 -7562.0 24.1
5599.4 -7573.3 24.0
5621.3 -7534.5 24.2
5590.2 -7536.0 24.2
5597.9 -7520.7 24.3
5753.1 -7634.0 23.9
5765.3 -7642.6 23.7
5777.5 -7651.3 23.6
5789.8 -7660.0 23.3
5803.0 -7669.3 22.9
5599.9 -7525.7 24.2
5684.4 -7636.6 24.0
5705.2 -7647.7 23.9
5708.2 -7641.7 24.0
5681.6 -7628.2 24.0
5698.0 -7600.9 24.1
5725.5 -7614.3 24.0
5729.9 -7604.3 24.1
5709.9 -7500.9 24.2
5717.3 -7487.8 24.1
5724.6 -7474.7 24.0
5735.1 -7472.5 24.0
5751.7 -7481.5 23.8
5517.3 -7801.9 22.9
5503.3 -7796.6 22.8
5489.8 -7789.9 22.7
5476.3 -7783.3 22.6
5462.9 -7776.7 22.5
5449.4 -7770.2 22.4
5435.2 -7765.3 22.3
5421.0 -7760.5 22.2
5406.3 -7755.5 22.0
5987.3 -7866.7 21.6
5994.3 -7874.1 21.5
5999.6 -7873.5 21.5
6004.0 -7861.0 21.5
6011.8 -7858.1 21.4
6019.4 -7843.5 21.3
3931.2 -6971.8 32.6
3936.7 -6957.9 32.1
3942.3 -6943.9 31.8
3947.8 -6930.0 31.6
3953.3 -6916.1 31.3
3958.9 -6902.1 31.2
3963.9 -6888.0 31.0
3968.3 -6873.7 30.9
3972.7 -6859.3 30.7
3978.7 -6839.6 30.6
3855.8 -6290.1 37.2
3867.8 -6280.9 36.7
3879.7 -6271.8 36.1
3891.6 -6262.7 35.7
3903.5 -6253.6 35.5
3915.4 -6244.5 35.2
3927.3 -6235.3 35.0
3939.2 -6226.2 34.7
3953.5 -6215.3 34.4
3851.2 -6283.1 37.2
3863.1 -6274.0 36.6
3875.1 -6264.9 36.2
3887.0 -6255.8 35.9
3898.9 -6246.7 35.7
3910.8 -6237.5 35.4
3922.7 -6228.4 35.1
3934.6 -6219.3 34.9
3948.9 -6208.4 34.4
6883.7 -7792.8 18.3
6898.7 -7793.5 18.2
6913.6 -7794.2 17.9
6928.6 -7794.4 17.6
6943.6 -7793.7 17.4
6967.2 -7790.7 17.0
6597.1 -7520.9 18.3
6610.2 -7513.7 18.2
6623.2 -7506.1 18.2
6636.1 -7498.6 18.1
6651.0 -7490.0 18.2
5099.3 -6779.3 24.9
5108.3 -6791.3 25.0
5118.1 -6794.7 25.0
5129.3 -6784.7 25.0
5140.4 -6774.7 25.0
5151.6 -6764.6 24.9
5162.7 -6754.6 24.9
5173.9 -6744.6 24.8
5190.0 -6730.2 24.4
6084.6 -7278.7 24.0
6094.1 -7290.3 23.9
6103.5 -7302.0 23.7
6121.0 -7323.7 23.4
3957.6 -8301.5 38.0
3949.1 -8289.2 37.7
3940.5 -8276.8 37.4
3932.0 -8264.5 37.3
3923.5 -8252.1 37.3
3915.0 -8239.8 37.2
3906.5 -8227.4 37.1
3898.0 -8215.0 37.1
3888.0 -8200.4 37.0
4193.1 -6044.3 31.7
4189.4 -6029.8 31.8
4185.6 -6015.3 31.9
4178.7 -5988.1 32.0
4128.2 -6459.4 32.5
4120.3 -6446.7 32.6
4112.4 -6433.9 32.8
4104.5 -6421.2 32.9
4094.1 -6404.3 32.6
4044.7 -6525.5 33.4
4058.0 -6553.7 32.6
6832.1 -7581.7 18.0
6840.9 -7569.6 18.0
6849.8 -7557.5 18.0
6858.6 -7545.4 17.9
6873.3 -7525.3 17.9
6803.2 -7178.3 17.5
6815.1 -7169.0 17.5
6838.5 -7150.7 17.1
6704.9 -7861.3 19.8
6731.7 -7853.2 19.7
6664.7 -7744.9 18.8
6652.6 -7751.1 18.9
6656.5 -7758.3 18.9
6667.5 -7778.7 18.9
6676.1 -7756.3 18.9
6656.5 -7758.3 18.9
6759.0 -7686.3 18.5
6761.7 -7682.2 18.5
6757.9 -7672.2 18.5
6751.9 -7665.7 18.3
6722.8 -7508.3 18.1
6709.5 -7501.3 18.1
6696.3 -7494.2 18.1
6677.2 -7484.1 18.1
6702.3 -7547.0 17.9
6711.2 -7534.9 18.0
6727.9 -7512.4 18.1
6671.8 -7610.5 18.1
6683.0 -7600.6 18.0
6694.3 -7590.7 17.9
6705.5 -7580.7 17.9
6723.5 -7564.9 17.8
6693.2 -7661.8 18.1
6707.1 -7650.8 18.0
6956.1 -7441.2 17.9
6964.4 -7428.6 17.9
6972.6 -7416.1 17.9
6963.8 -7407.4 17.9
6951.0 -7399.6 17.9
6926.3 -7384.6 16.7
6910.8 -7471.0 17.6
6898.5 -7462.5 17.8
6886.1 -7453.9 17.8
6889.2 -7442.3 17.8
6897.3 -7429.7 17.7
6905.4 -7417.0 17.4
6920.2 -7393.9 16.9
6892.6 -7446.2 17.8
6910.0 -7458.2 17.6
6929.1 -7427.9 16.9
6970.7 -7505.6 17.9
6959.1 -7500.2 18.0
6928.3 -7485.8 17.3
5056.6 -6884.2 26.2
5050.2 -6870.7 26.2
5043.9 -6857.1 26.1
5037.5 -6843.5 25.8
5031.2 -6829.9 25.4
5024.8 -6816.3 25.1
5018.4 -6802.7 24.9
5012.1 -6789.1 25.4
5005.7 -6775.5 26.0
4999.4 -6762.0 26.5
4993.0 -6748.4 27.1
4986.7 -6734.8 27.6
4980.3 -6721.2 27.8
4974.0 -6707.6 27.6
4971.4 -6693.3 27.2
4979.3 -6680.6 26.4
4987.5 -6668.1 25.5
4995.6 -6655.5 24.8
5003.8 -6642.9 24.2
5012.0 -6630.3 23.6
5020.2 -6617.8 23.0
5028.4 -6605.2 22.7
5036.5 -6592.6 22.6
5044.7 -6580.0 22.4
5052.9 -6567.5 22.0
5063.9 -6558.1 22.0
5077.6 -6552.0 21.9
5091.3 -6546.0 21.9
5108.6 -6538.2 21.8
5141.8 -6521.8 21.8
5153.9 -6530.6 21.7
5166.1 -6539.4 21.6
5178.2 -6548.2 21.6
5202.8 -6539.1 21.6
5226.7 -6783.4 24.7
5218.2 -6771.1 24.8
5209.7 -6758.7 24.8
5201.1 -6746.4 24.8
5192.6 -6734.0 24.5
5184.4 -6721.5 24.2
5176.2 -6708.9 23.8
5167.8 -6696.5 23.5
5158.9 -6684.4 23.2
5148.7 -6673.6 23.1
5137.0 -6664.2 23.1
5125.4 -6654.7 23.0
5115.1 -6643.9 22.9
5105.3 -6632.5 22.8
5095.6 -6621.1 22.7
5085.9 -6609.7 22.6
5076.1 -6598.3 22.5
5067.5 -6586.2 22.4
5057.0 -6561.2 22.0
6787.7 -7736.9 18.7
6814.1 -7723.2 18.7
6819.4 -7716.0 18.7
6764.7 -7425.7 17.9
6777.5 -7433.5 17.9
6790.4 -7441.3 17.9
6803.2 -7449.1 17.9
6816.0 -7456.9 17.9
6828.8 -7464.7 17.9
6841.6 -7472.4 17.9
6853.1 -7469.5 17.8
6863.7 -7458.8 17.8
6874.1 -7448.1 17.8
6882.3 -7435.5 17.8
6896.9 -7413.4 17.6
6803.9 -7524.7 18.0
6813.8 -7513.5 18.0
6823.7 -7502.2 17.9
6833.6 -7490.9 17.9
6846.9 -7475.7 17.9
6889.7 -7509.6 17.9
6900.6 -7520.0 17.9
6911.4 -7530.3 17.9
6922.3 -7540.7 17.8
6933.1 -7551.1 17.6
6943.9 -7561.4 17.5
6962.2 -7563.2 18.0
6949.8 -7579.9 17.8
6994.6 -7612.6 17.6
7000.3 -7614.5 17.5
7006.2 -7614.9 17.5
7013.0 -7614.3 17.4
7020.6 -7611.1 17.3
7026.7 -7606.1 17.3
6912.6 -7605.4 18.0
6940.1 -7578.2 17.7
6382.0 -6650.1 19.9
6392.7 -6639.6 19.1
6403.4 -6629.1 18.7
6414.1 -6618.5 18.4
6424.7 -6608.0 18.3
6435.4 -6597.5 18.4
6446.1 -6587.0 18.5
6456.8 -6576.5 18.5
6467.5 -6565.9 18.6
6483.2 -6550.5 18.5
6411.8 -6649.5 18.9
6434.5 -6633.6 18.3
6440.2 -6625.6 18.1
6664.2 -6642.7 15.8
6654.2 -6653.9 16.2
6644.2 -6665.0 16.9
6633.9 -6676.0 16.8
6621.1 -6683.5 16.6
6606.4 -6683.4 16.7
6592.5 -6677.9 17.0
6580.8 -6668.5 16.9
6569.1 -6659.1 17.0
6557.1 -6650.1 17.2
6545.1 -6641.1 17.3
6532.8 -6626.3 17.6
6851.2 -7107.1 16.5
6840.2 -7109.4 16.8
6833.4 -7108.7 17.0
6827.7 -7107.3 17.1
6820.0 -7100.5 17.2
6783.1 -7046.8 17.3
6755.8 -7062.9 17.4
6809.9 -7180.9 17.5
6821.8 -7171.8 17.5
6844.6 -7154.3 17.0
6914.8 -7375.5 16.9
6903.3 -7365.9 17.1
6891.8 -7356.3 17.3
6879.0 -7356.0 17.6
6865.3 -7362.2 17.7
6852.4 -7358.6 17.7
6839.9 -7350.3 17.7
6827.4 -7342.0 17.7
6814.9 -7333.8 17.7
6802.3 -7325.5 17.7
6789.8 -7317.3 17.7
6778.9 -7305.2 17.7
6278.7 -7272.6 21.9
6265.4 -7248.3 22.1
6503.1 -7050.1 18.9
6518.1 -7049.5 18.8
6533.0 -7048.9 18.7
6548.6 -7048.2 18.5
6448.8 -7102.2 19.6
6431.2 -7080.9 19.9
6443.1 -7078.4 19.7
6477.5 -7084.9 19.2
6362.0 -7095.5 20.0
6358.4 -7110.2 20.0
6731.1 -7405.2 17.9
6712.0 -7393.6 17.9
6695.3 -7390.4 18.0
6670.8 -7448.6 18.1
6674.5 -7439.8 18.1
6682.4 -7395.1 18.0
5924.7 -7312.5 24.4
5949.1 -7338.1 24.3
6417.1 -6358.5 21.1
6428.5 -6368.2 20.8
6439.8 -6360.5 20.9
6451.2 -6350.7 21.0
6462.6 -6340.9 21.1
6482.9 -6323.4 21.2
6510.0 -6444.7 19.3
6518.7 -6432.4 19.4
6527.4 -6420.2 19.6
6536.1 -6408.0 19.7
6550.8 -6387.5 19.9
6508.9 -6439.9 19.3
6517.4 -6427.5 19.5
6525.9 -6415.2 19.6
6534.4 -6402.8 19.8
6547.4 -6383.8 20.0
6369.9 -5610.9 25.3
6359.6 -5591.1 25.9
6357.7 -5575.2 26.0
5988.1 -6529.7 24.6
6000.1 -6532.4 24.6
6002.9 -6525.9 24.5
6179.5 -6461.8 20.5
6175.6 -6447.3 20.4
6171.6 -6432.8 20.3
6166.5 -6418.8 20.2
6161.3 -6404.7 20.1
6156.1 -6390.6 20.3
6151.0 -6376.5 20.4
6145.8 -6362.4 20.6
6140.6 -6348.3 21.0
6135.5 -6334.3 21.6
6136.6 -6322.7 22.0
6150.0 -6315.9 22.1
6167.6 -6307.1 22.1
5801.3 -6295.3 24.6
5808.6 -6282.2 24.9
5815.9 -6269.1 25.2
5823.2 -6256.0 25.5
5836.3 -6232.6 26.1
5935.1 -6689.3 27.0
5926.5 -6677.0 26.6
5918.0 -6664.6 26.3
5909.5 -6652.3 26.0
5934.0 -6623.1 26.0
6082.7 -6994.8 24.8
6048.0 -6909.3 25.3
6050.1 -6901.9 25.2
6088.4 -6914.8 24.9
6205.5 -6732.4 22.8
6210.9 -6728.8 22.6
6198.3 -6716.8 22.8
6579.2 -6787.5 17.9
6576.5 -6779.2 18.2
6568.6 -6765.5 18.3
6567.8 -6759.8 17.9
6570.1 -6756.7 17.8
6573.5 -6756.7 17.9
6591.0 -6771.9 18.2
6600.1 -6771.9 18.0
6606.9 -6768.5 18.0
6622.1 -6752.0 18.1
6477.8 -6706.2 20.0
6488.1 -6695.2 19.6
6498.3 -6684.3 18.5
6508.5 -6673.3 17.6
6518.6 -6662.2 17.6
6528.7 -6651.1 17.5
6540.9 -6637.8 17.4
5524.3 -6357.5 21.8
5534.0 -6347.3 21.7
5676.3 -6020.0 22.3
5694.7 -6034.2 22.4
5716.0 -6051.8 23.1
5723.0 -6057.7 23.4
5730.6 -6061.8 23.6
5739.3 -6063.4 23.8
5754.3 -6063.2 24.2
5769.3 -6063.1 24.5
5787.5 -6063.0 24.9
5587.9 -6259.9 22.0
5593.2 -6248.1 22.1
5603.5 -6237.4 22.2
6101.8 -6734.0 25.5
6120.3 -6719.5 24.9
5895.7 -6370.5 23.0
5920.4 -6380.5 23.0
5927.6 -6365.9 23.0
5946.7 -6376.4 23.1
5653.7 -6507.8 23.2
5670.8 -6511.0 23.2
5687.9 -6498.7 23.1
5367.2 -6324.1 21.6
5398.3 -6324.3 21.4
5244.0 -6373.5 22.6
5272.3 -6354.1 22.3
5302.6 -6359.4 22.2
5308.2 -6330.7 22.0
5291.5 -6340.2 22.1
5295.4 -6337.4 22.1
5299.8 -6327.9 22.0
5466.8 -6073.8 21.1
5489.8 -6091.6 21.1
5515.8 -6108.0 21.0
5486.3 -6022.1 21.4
5500.9 -6006.8 21.3
5496.8 -6001.2 21.4
5485.3 -5998.0 21.5
5479.4 -5994.5 21.6
5345.8 -5862.4 22.7
5383.3 -5851.4 22.0
5215.0 -7332.6 25.2
5203.6 -7331.6 25.3
5199.9 -7321.7 25.3
5210.8 -7311.4 25.1
5221.8 -7301.2 24.9
5232.7 -7290.9 24.7
5243.6 -7280.6 24.5
5254.6 -7270.4 24.4
5265.5 -7260.1 24.3
5271.7 -7247.9 24.3
5258.0 -7292.9 24.6
5282.7 -7269.9 24.3
5235.1 -7264.4 24.5
5245.8 -7253.9 24.4
5264.7 -7235.3 24.4
5539.0 -6962.1 24.5
5541.9 -6957.0 24.5
5555.1 -6934.2 24.4
5521.0 -6908.4 24.1
5526.2 -6944.4 24.4
5541.9 -6957.0 24.5
5537.0 -6964.7 24.5
5530.6 -6973.1 24.6
5510.7 -6957.7 24.4
5479.6 -6933.7 24.1
5498.5 -6922.0 24.2
5499.9 -6921.2 24.2
3756.0 -6987.5 32.3
3771.0 -6986.9 32.2
3780.1 -6982.0 32.1
3775.8 -6967.6 32.1
3771.5 -6953.3 32.2
3767.3 -6938.9 32.1
3763.0 -6924.5 31.9
3758.7 -6910.1 31.7
3754.4 -6895.5 31.6
3798.2 -6985.4 32.6
3786.6 -6981.4 32.3
3782.5 -6967.0 32.4
3778.3 -6952.6 32.3
3774.2 -6938.2 32.2
3770.1 -6923.8 32.0
3765.9 -6909.3 31.6
3761.6 -6894.1 31.7
3617.6 -6688.2 31.6
3612.2 -6674.2 31.5
3606.7 -6660.2 31.4
3601.3 -6646.3 31.6
3595.9 -6632.3 31.6
3590.5 -6618.3 31.7
3581.2 -6594.5 32.4
4636.0 -7485.1 29.5
4651.0 -7483.5 29.7
4665.9 -7482.0 29.8
4680.8 -7480.5 30.0
4695.8 -7480.5 30.1
4721.0 -7480.5 30.4
5190.8 -7320.9 25.4
5179.3 -7312.2 25.4
5190.2 -7301.9 25.2
5201.1 -7291.6 24.9
5219.9 -7274.0 24.6
5002.1 -7068.3 26.1
5019.2 -7055.6 26.1
5008.7 -7026.9 26.4
5250.3 -7383.8 24.4
5239.3 -7373.6 24.7
5220.9 -7356.6 25.0
6650.1 -7303.5 17.9
6653.3 -7288.8 17.9
6659.5 -7259.8 17.8
6825.4 -7521.7 18.0
6835.5 -7510.5 17.9
6845.5 -7499.4 17.9
6855.6 -7488.3 17.9
6865.6 -7477.2 17.8
6880.4 -7460.8 17.8
6194.2 -5955.5 25.5
6208.2 -5938.4 25.4
6093.8 -5186.1 28.0
6088.2 -5172.2 27.8
6082.6 -5158.2 27.8
6077.1 -5144.3 27.8
6071.5 -5130.4 27.8
6063.9 -5111.5 27.8
6339.1 -6541.2 18.9
6366.5 -6522.1 19.1
6377.7 -6516.4 19.2
6397.3 -6503.5 19.3
6444.8 -6934.6 19.0
6444.2 -6919.6 18.9
6443.2 -6893.5 18.7
6465.8 -6950.1 19.0
6467.2 -6941.4 18.9
6460.1 -6912.3 18.8
6458.2 -6900.3 18.7
6458.0 -6890.4 18.7
6889.8 -7172.2 16.1
6877.4 -7151.4 16.2
6872.0 -7138.3 16.3
6868.0 -7127.5 16.3
6950.2 -4649.2 24.3
6952.5 -4656.4 24.4
6983.1 -4648.3 24.1
6973.6 -4621.4 23.7
6955.1 -4626.3 23.8
6937.3 -3795.7 23.3
6947.4 -3806.7 23.3
6957.6 -3817.8 23.6
6967.7 -3828.8 23.4
6977.9 -3839.8 23.1
6988.0 -3850.9 23.4
6999.1 -3849.8 23.6
7010.8 -3840.5 23.9
7022.5 -3831.1 24.2
7034.3 -3821.7 24.5
7046.0 -3812.4 24.8
7058.2 -3802.6 25.1
5312.5 -7119.5 24.0
5326.0 -7113.0 24.0
5339.5 -7106.5 24.0
5353.0 -7099.9 24.0
5368.7 -7092.4 24.0
5300.4 -7139.1 24.0
5293.0 -7126.9 24.1
5248.8 -7112.1 24.3
5279.9 -7103.8 24.2
5225.8 -7109.8 24.5
5243.1 -7105.5 24.4
5031.3 -7122.0 25.5
5055.6 -7152.0 25.3
5069.2 -7164.0 25.1
5080.9 -7154.6 25.1
5092.6 -7145.2 25.1
5113.3 -7128.5 25.1
5129.8 -7242.2 24.9
5139.6 -7257.4 25.0
5073.7 -7168.3 25.1
5085.4 -7158.9 25.1
5097.1 -7149.5 25.1
5117.8 -7132.9 25.0
5411.6 -7022.9 24.0
5422.1 -7012.2 24.0
5440.4 -6993.8 24.1
5803.8 -6788.4 26.3
5824.3 -6810.2 25.9
5834.8 -6809.7 25.8
5845.4 -6799.1 26.0
5856.5 -6789.0 26.1
5868.8 -6780.4 26.3
5881.6 -6773.0 26.5
5896.1 -6769.1 26.6
5910.6 -6765.2 26.8
5936.4 -6758.3 27.0
5884.4 -6830.7 26.1
5875.1 -6819.0 26.1
5865.7 -6807.3 26.1
5860.0 -6796.1 26.1
5872.2 -6787.5 26.3
5884.9 -6779.6 26.5
5899.3 -6775.6 26.6
5913.8 -6771.7 26.8
5928.3 -6767.8 26.9
5947.3 -6762.6 27.1
5884.1 -6725.1 26.7
5893.2 -6737.1 26.8
5909.0 -6757.9 26.8
5806.5 -6722.0 26.6
5832.2 -6752.1 26.2
5870.0 -6796.3 26.2
5882.7 -6788.3 26.4
5896.5 -6783.0 26.5
5911.1 -6779.4 26.7
5925.6 -6775.7 26.8
5940.2 -6772.0 27.0
5956.9 -6767.8 27.2
4390.7 -5952.0 29.3
4402.5 -5942.7 29.3
4414.3 -5933.4 30.4
4426.1 -5924.1 31.9
4447.6 -5907.1 34.9
4511.4 -5597.0 32.6
4513.7 -5611.8 33.7
4516.0 -5626.6 34.9
4518.2 -5641.4 36.1
4520.5 -5656.3 36.8
4522.8 -5671.1 37.3
4525.1 -5685.9 37.9
4529.6 -5715.1 38.9
4610.8 -5992.3 33.5
4634.0 -5960.1 37.3
4438.0 -6736.5 30.2
4452.3 -6732.1 30.0
4457.0 -6722.1 29.9
4453.7 -6707.5 29.6
4450.4 -6692.9 29.4
4447.0 -6678.2 29.1
4441.8 -6655.2 29.1
4920.4 -6870.1 25.8
4919.1 -6817.5 26.8
4922.9 -6804.7 27.2
4925.9 -6794.9 27.5
4935.0 -6814.8 26.5
4922.9 -6804.7 27.2
4996.5 -6827.0 25.0
5033.3 -6834.6 25.5
4792.0 -6816.3 25.2
4807.8 -6792.3 25.9
4815.9 -6780.2 26.3
4816.6 -6760.5 26.4
4788.2 -6735.0 25.3
4626.0 -6818.2 28.5
4622.9 -6803.5 28.3
4617.8 -6778.5 27.9
4607.0 -6726.4 27.1
4616.7 -6733.7 27.1
4631.6 -6735.4 26.9
4646.5 -6737.2 26.6
4671.9 -6740.1 25.9
4572.7 -6612.4 25.8
4568.1 -6591.5 25.6
4566.2 -6583.5 25.6
4561.3 -6568.7 25.8
4551.4 -6553.5 25.9
4540.8 -6541.3 26.0
4510.1 -6521.2 26.3
4546.1 -6427.9 25.6
4538.1 -6410.0 25.7
5685.4 -6856.2 25.6
5687.3 -6847.5 25.7
5686.1 -6725.3 26.0
5673.8 -6716.7 25.5
5661.5 -6708.1 25.0
5616.1 -6687.6 23.6
5645.0 -6679.8 24.1
6043.0 -6644.3 25.3
6028.2 -6620.2 24.9
6215.9 -6403.6 18.5
6213.1 -6388.9 18.2
6210.3 -6374.2 18.1
6207.5 -6359.4 18.9
6204.6 -6344.7 19.6
6199.0 -6315.2 21.1
6198.2 -6301.1 21.7
6223.6 -6398.4 18.3
6215.8 -6361.9 18.6
6211.1 -6099.6 24.7
6221.1 -6088.4 24.3
6250.9 -6054.7 24.4
6260.8 -6043.4 24.5
6255.8 -6032.6 24.6
6242.2 -6019.1 24.8
6217.6 -5967.0 25.3
6093.1 -5687.7 25.9
6108.1 -5688.3 25.9
6123.1 -5688.8 25.9
6138.1 -5689.4 25.9
6153.0 -5690.0 25.9
6168.0 -5690.5 25.9
6195.5 -5691.5 25.8
6321.8 -6526.5 19.1
6334.1 -6517.9 19.2
6346.1 -6508.9 19.2
6358.1 -6500.0 19.3
6370.2 -6491.1 19.4
6388.5 -6477.5 19.5
6460.2 -6165.7 22.8
6473.5 -6149.2 23.0
6838.5 -5497.0 26.6
6819.6 -5497.4 26.8
6796.4 -5497.6 26.9
6278.4 -6283.2 21.6
6272.9 -6273.3 21.7
6299.0 -6257.9 21.9
6312.7 -6249.7 22.0
6491.7 -6101.3 23.0
6504.6 -6112.9 23.0
6511.3 -6105.0 22.9
6510.0 -5900.2 23.6
6477.6 -5910.4 23.7
6521.4 -5769.2 24.6
6526.0 -5754.9 24.7
6530.6 -5740.6 24.8
6535.2 -5726.3 24.9
6541.5 -5706.8 25.1
6871.4 -5691.5 23.4
6885.2 -5685.5 23.3
6898.9 -5679.6 23.1
6912.7 -5673.6 22.7
6933.9 -5664.4 22.2
6691.9 -4739.6 26.7
6682.6 -4727.8 26.5
6673.3 -4716.1 26.6
6660.0 -4699.1 26.4
6704.6 -4738.7 26.9
6695.2 -4727.0 26.7
6685.8 -4715.3 26.5
6669.7 -4695.3 26.4
6952.0 -4665.5 24.5
6957.8 -4685.1 24.6
6962.3 -4693.5 24.7
6971.5 -4706.6 25.5
6828.2 -6049.2 21.1
6820.6 -6036.2 21.2
6828.6 -6028.1 21.2
6842.2 -6021.8 21.2
6862.3 -6012.4 21.1
6920.2 -5155.3 25.1
6947.3 -5147.1 23.6
6591.0 -4701.3 27.6
6577.8 -4682.7 27.9
6570.3 -4672.5 28.0
5823.3 -6002.2 24.1
5833.5 -5987.6 24.0
5516.8 -5822.8 21.2
5504.0 -5830.6 21.2
5479.1 -5841.1 21.2
5468.7 -5830.3 21.4
5458.3 -5819.5 21.6
5447.9 -5808.6 21.6
5437.5 -5797.8 21.6
5444.8 -5787.7 21.6
5458.4 -5775.7 21.6
5548.3 -5808.3 21.1
5539.9 -5801.5 21.3
5523.9 -5780.5 21.7
5647.8 -5388.7 29.8
5642.1 -5374.9 29.6
5636.4 -5361.0 29.5
5630.8 -5347.1 29.4
5624.3 -5331.1 29.3
6116.8 -5162.1 27.6
6123.0 -5175.8 27.5
6129.2 -5189.5 27.6
6135.3 -5203.2 27.7
6141.5 -5216.8 27.7
6148.6 -5229.6 27.7
6161.6 -5237.1 27.6
6175.2 -5235.1 27.4
6188.6 -5229.1 27.3
6182.8 -5215.3 27.3
6177.1 -5201.4 27.2
6170.7 -5186.1 27.2
6137.6 -5230.0 27.8
6131.4 -5216.3 27.8
6125.2 -5202.7 27.8
6119.0 -5189.0 27.7
6112.7 -5175.4 27.6
6106.5 -5161.7 27.6
6100.3 -5148.0 27.6
6094.1 -5134.4 27.7
6084.1 -5112.3 27.7
5906.2 -5865.5 23.2
5913.6 -5852.4 23.4
5921.0 -5839.4 23.6
5931.6 -5820.7 24.0
5450.9 -6064.3 21.2
5420.6 -6050.2 21.5
-3539.9 4303.7 49.1
-3541.9 4318.5 49.4
-3543.8 4333.4 49.7
-3545.8 4348.3 49.8
-3535.0 4356.8 49.7
-3522.0 4364.1 49.7
-3508.9 4371.5 49.7
-3495.8 4378.8 49.7
-3482.7 4386.2 49.7
-3469.7 4393.5 49.8
-3457.3 4398.3 49.8
-3450.1 4385.2 50.3
-3442.8 4372.1 50.6
-3431.7 4352.1 50.2
3018.3 -8192.0 49.8
3029.7 -8182.3 49.8
3041.2 -8172.5 49.4
3052.6 -8162.8 48.9
3064.0 -8153.1 48.1
3075.4 -8143.4 47.4
3086.8 -8133.6 47.1
3098.3 -8123.9 46.8
3109.7 -8114.2 47.0
3120.5 -8104.0 47.2
3125.1 -8089.8 46.1
3129.7 -8075.5 45.3
3134.3 -8061.2 45.4
3138.9 -8047.0 45.5
3143.6 -8032.7 45.6
3148.2 -8018.4 45.6
3156.4 -7993.2 45.8
-4129.1 6504.7 51.7
-4127.1 6493.0 51.9
-4113.1 6487.7 52.5
-4099.0 6482.4 53.1
-4085.0 6477.1 53.7
-4074.4 6479.1 54.2
-4069.4 6493.3 54.4
-4061.8 6514.7 54.6
-4098.0 6502.3 53.1
-4107.2 6504.5 52.7
-4113.7 6513.9 52.3
-4109.7 6531.8 52.4
-4059.6 6523.2 54.6
-4049.7 6547.4 54.8
-5013.3 7201.1 63.3
-5023.2 7212.4 63.0
-5033.1 7223.7 62.7
-5043.6 7235.5 62.3
-5092.5 7112.4 64.9
-5082.4 7136.0 64.4
-5707.5 -5863.3 68.7
-5702.5 -5849.1 68.6
-5697.5 -5835.0 68.5
-5692.6 -5820.8 68.5
-5676.0 -5821.1 68.3
-3893.1 -3347.3 56.9
-3918.5 -3328.7 56.7
-3946.5 -3307.4 56.5
-3957.4 -3301.3 56.3
-3959.1 -3298.5 56.1
-3963.9 -3290.7 55.6
-4067.9 -3186.0 52.5
-4081.7 -3180.1 52.2
-4095.5 -3174.1 51.9
-4109.2 -3168.2 51.6
-4134.1 -3156.7 51.0
-4306.7 -4124.8 60.1
-4304.0 -4114.1 59.4
-4308.8 -4101.9 59.4
-4319.0 -4075.4 59.4
-4917.1 -3623.5 55.2
-4902.8 -3627.8 55.6
-4888.4 -3632.1 55.9
-4861.2 -3640.1 56.7
-3249.7 -4221.5 54.5
-3252.6 -4206.8 54.3
-3255.5 -4192.1 54.2
-3258.4 -4177.3 54.0
-3261.3 -4162.6 53.8
-3264.2 -4147.9 53.6
-3267.1 -4133.2 53.4
-3270.0 -4118.5 53.1
-3272.9 -4103.8 52.6
-3275.8 -4089.0 52.2
-3279.7 -4069.0 51.7
-3288.2 -4020.4 51.0
-3291.2 -4005.7 50.9
-3294.2 -3991.0 50.7
-3297.2 -3976.3 50.7
-3300.3 -3961.6 50.7
-3303.3 -3946.9 50.7
-3306.3 -3932.2 50.7
-3309.3 -3917.5 50.6
-3312.3 -3902.8 50.5
-3315.3 -3888.1 50.4
-3318.3 -3873.4 50.3
-3323.7 -3846.8 50.2
-3260.2 -4050.0 50.9
-3263.6 -4035.3 50.7
-3266.9 -4020.7 50.6
-3270.2 -4006.1 50.4
-3273.5 -3991.5 50.3
-3278.2 -3970.7 50.4
-3284.7 -3921.6 50.4
-3292.2 -3895.5 50.3
-3331.7 -3816.2 50.0
-3334.9 -3801.6 49.9
-3340.7 -3774.1 49.8
-3214.3 -4675.4 49.3
-3208.6 -4661.5 49.0
-3202.9 -4647.6 48.7
-3197.2 -4633.8 48.6
-3192.4 -4619.6 48.7
-3187.7 -4605.3 48.8
-3183.3 -4590.9 49.0
-3179.0 -4576.6 49.1
-3174.6 -4562.3 49.2
-3170.2 -4547.9 49.4
-3168.6 -4533.0 49.6
-3167.0 -4518.1 49.8
-3165.4 -4503.2 50.1
-3163.8 -4488.2 50.5
-3163.7 -4473.3 51.0
-3164.4 -4458.3 50.8
-3165.1 -4443.3 50.6
-3168.1 -4428.7 50.4
-3172.1 -4414.2 50.4
-3178.3 -4391.5 50.5
-3193.3 -4678.9 48.7
-3187.9 -4664.9 48.4
-3182.6 -4650.9 48.1
-3177.2 -4636.8 48.1
-3171.9 -4622.8 48.2
-3166.6 -4608.8 48.3
-3161.2 -4594.8 48.4
-3155.9 -4580.8 48.5
-3151.8 -4566.4 48.8
-3149.6 -4551.6 49.1
-3147.3 -4536.8 49.5
-3145.0 -4521.9 49.8
-3142.8 -4507.1 50.2
-3140.5 -4492.3 50.7
-3138.3 -4477.5 50.6
-3140.0 -4462.7 50.4
-3142.9 -4448.0 50.2
-3145.7 -4433.3 50.0
-3148.6 -4418.5 49.9
-3151.8 -4402.1 49.8
-4207.3 -3765.5 60.3
-4222.2 -3767.7 60.2
-4237.0 -3769.9 60.0
-4251.8 -3772.2 60.0
-4257.0 -3759.7 60.0
-4260.8 -3745.2 59.8
-4264.6 -3730.7 59.4
-4268.4 -3716.1 59.0
-4273.7 -3696.0 58.4
-5681.0 -5420.0 69.2
-5680.3 -5405.0 69.0
-5679.5 -5390.0 68.8
-5678.8 -5375.0 68.6
-5677.8 -5352.2 68.4
-5589.5 -2244.7 66.5
-5574.5 -2244.6 66.3
-5559.5 -2244.5 65.9
-5539.1 -2244.3 65.2
-5400.5 -1982.0 56.9
-5399.8 -1997.0 56.8
-5399.0 -2012.0 56.7
-5398.2 -2027.0 56.6
-5397.4 -2042.0 56.7
-5396.6 -2056.9 56.9
-5395.9 -2071.9 56.9
-5394.9 -2086.9 56.7
-5393.1 -2101.8 57.4
-5391.3 -2116.7 57.9
-5390.2 -2131.6 58.3
-5390.0 -2146.6 58.8
-5389.8 -2161.6 59.4
-5389.6 -2176.6 59.9
-5389.2 -2191.6 60.4
-5388.9 -2206.6 60.9
-5388.5 -2221.6 61.5
-5390.0 -2236.5 62.0
-5392.3 -2251.3 62.4
-5394.5 -2266.1 62.5
-5396.8 -2281.0 63.0
-5399.0 -2295.8 63.8
-5402.1 -2315.8 64.6
-5402.1 -2315.8 64.6
-5404.0 -2330.6 65.2
-5406.0 -2345.5 65.7
-5408.0 -2360.4 66.3
-5415.1 -2370.3 66.8
-5429.9 -2372.8 67.2
-5444.7 -2375.3 67.5
-5459.5 -2377.7 67.8
-5474.5 -2377.3 67.9
-5489.5 -2377.0 68.1
-5504.4 -2378.6 68.3
-5519.3 -2380.4 68.5
-5533.0 -2380.5 68.7
-5538.4 -2358.3 68.0
-5448.0 -2375.8 67.6
-5444.6 -2390.5 68.0
-5441.2 -2405.1 68.4
-5437.9 -2419.7 68.9
-5434.5 -2434.3 69.5
-5430.5 -2451.8 69.7
-5376.7 -2719.4 68.1
-5369.9 -2732.8 67.4
-5363.0 -2746.1 66.4
-5356.2 -2759.5 65.4
-5349.4 -2772.9 64.3
-5342.6 -2786.2 63.2
-5335.8 -2799.6 62.3
-5328.9 -2812.9 61.8
-5322.1 -2826.3 61.3
-5314.2 -2841.8 60.7
-5348.1 -2874.3 61.0
-5360.0 -2883.3 61.1
-5372.0 -2892.3 61.3
-5384.0 -2901.4 61.5
-5396.2 -2910.1 61.8
-5408.9 -2918.1 62.2
-5421.6 -2926.0 62.6
-5434.7 -2933.2 63.1
-5448.9 -2938.0 63.6
-5463.1 -2942.7 64.2
-5477.4 -2947.5 64.7
-5491.6 -2952.2 65.2
-5506.1 -2956.0 65.7
-5520.7 -2959.6 66.4
-5535.2 -2963.3 67.0
-5564.1 -2970.5 68.3
-6916.3 -5798.1 82.0
-6925.7 -5786.4 81.5
-6935.0 -5774.7 80.9
-6944.4 -5763.0 80.7
-6953.8 -5751.3 80.6
-6963.2 -5739.6 81.1
-6972.5 -5727.9 81.6
-6981.9 -5716.2 82.1
-6991.3 -5704.5 82.6
-7000.7 -5692.8 83.1
-7010.0 -5681.1 83.6
-7019.4 -5669.3 84.1
-7028.8 -5657.6 82.8
-7038.2 -5645.9 81.3
-7047.5 -5634.2 79.8
-7056.9 -5622.5 78.4
-7071.5 -5604.3 76.0
-7135.9 -5497.1 68.0
-7129.2 -5483.7 68.0
-7122.5 -5470.3 68.0
-7115.8 -5456.8 68.0
-7106.8 -5444.8 67.9
-7097.7 -5432.9 67.9
-7090.2 -5420.1 67.8
-7084.6 -5406.2 67.7
-7079.0 -5392.3 67.6
-7068.4 -5381.8 67.2
-7057.2 -5371.9 66.9
-7046.0 -5361.9 66.9
-7034.5 -5352.3 66.7
-7022.9 -5342.7 66.5
-7011.4 -5333.2 65.8
-6999.8 -5323.6 64.8
-6988.4 -5313.9 63.9
-6974.2 -5309.4 62.2
-6959.7 -5305.4 60.5
-6932.9 -5297.9 60.4
-7038.2 -5244.7 74.9
-7027.5 -5255.2 72.9
-7016.7 -5265.7 70.8
-7006.0 -5276.1 68.6
-6995.2 -5286.6 66.5
-6984.0 -5295.0 64.5
-6969.8 -5290.3 62.9
-6955.5 -5285.6 62.2
-6941.3 -5281.0 62.1
-6927.0 -5276.3 62.4
-6912.8 -5271.6 62.7
-6898.5 -5266.9 63.1
-6884.3 -5262.2 63.4
-6870.0 -5257.5 63.7
-6860.6 -5251.3 64.2
-6869.6 -5239.3 65.4
-6878.6 -5227.3 66.7
-6890.1 -5220.8 67.4
-6905.1 -5221.7 67.4
-6920.1 -5222.5 67.6
-6935.0 -5223.4 67.8
-6961.0 -5225.0 68.8
-6846.7 -6058.6 86.3
-6838.6 -6071.3 86.4
-6830.6 -6084.0 85.9
-6822.6 -6096.6 86.1
-6814.6 -6109.3 86.3
-6806.5 -6122.0 86.4
-6798.5 -6134.7 86.4
-6790.5 -6147.3 86.1
-6782.5 -6160.0 86.0
-6774.4 -6172.7 86.0
-6764.6 -6188.3 85.9
-2047.1 1512.9 47.4
-2035.1 1503.9 47.5
-2023.1 1494.9 47.4
-2011.1 1485.9 47.5
-1999.1 1476.9 47.7
-1987.1 1467.9 47.9
-1975.2 1458.8 48.1
-1963.2 1449.8 48.3
-1951.2 1440.8 48.4
-1939.2 1431.8 48.6
-1919.8 1417.2 48.9
-5855.9 -6307.4 52.8
-5844.1 -6298.2 53.0
-5832.2 -6289.1 53.1
-5820.3 -6279.9 53.2
-5808.4 -6270.7 53.7
-5796.6 -6261.6 54.2
-5784.7 -6252.4 54.7
-5774.4 -6242.4 55.2
-5773.4 -6227.4 55.6
-5772.0 -6206.4 56.3
-5913.8 -5891.7 63.2
-5910.7 -5877.1 63.7
-5907.6 -5862.4 64.2
-5904.5 -5847.7 64.6
-5901.4 -5833.0 65.3
-5911.5 -5823.5 65.4
-5913.8 -5809.7 65.9
-5913.5 -5794.7 66.0
-5913.3 -5779.7 66.2
-5928.6 -5764.3 66.1
-6363.1 -5278.6 55.1
-6350.1 -5271.1 54.7
-6337.1 -5263.7 54.4
-6324.1 -5256.3 54.0
-6311.0 -5248.8 53.8
-6298.0 -5241.4 53.9
-6285.0 -5234.0 54.0
-6271.9 -5226.5 53.9
-6252.8 -5215.6 54.1
-6203.7 -5193.2 55.0
-6197.5 -5206.8 55.6
-6191.2 -5220.4 56.2
-6184.9 -5234.1 56.7
-6178.7 -5247.7 57.3
-6172.4 -5261.3 57.9
-6166.1 -5274.9 58.5
-6157.7 -5293.3 58.5
-5635.6 -4700.8 57.0
-5642.3 -4687.4 57.0
-5649.1 -4674.0 56.9
-5655.8 -4660.6 56.8
-5662.6 -4647.2 56.8
-5669.3 -4633.8 56.7
-5676.1 -4620.4 56.7
-5682.8 -4607.0 56.6
-5689.6 -4593.6 56.5
-5698.8 -4575.4 55.8
-5666.9 -4559.3 55.4
-5660.3 -4572.8 55.6
-5653.6 -4586.2 55.6
-5646.9 -4599.6 55.7
-5640.2 -4613.0 55.7
-5633.5 -4626.5 55.8
-5626.8 -4639.9 55.8
-5620.1 -4653.3 55.9
-5612.4 -4664.7 55.9
-5597.6 -4662.3 55.5
-5582.8 -4660.0 55.1
-5567.9 -4657.6 54.9
-5553.1 -4655.2 55.0
-5538.7 -4651.6 55.2
-5525.3 -4645.0 55.4
-5511.8 -4638.3 55.6
-5498.4 -4631.7 55.9
-5484.9 -4625.0 56.1
-5471.5 -4618.4 56.3
-5458.0 -4611.8 56.5
-5444.6 -4605.1 56.7
-5431.1 -4598.5 56.9
-5417.7 -4591.8 57.1
-5398.8 -4582.5 57.4
-5355.9 -5014.8 56.9
-5362.3 -5001.3 56.5
-5368.7 -4987.7 56.1
-5375.7 -4973.2 55.6
-5146.2 -3422.8 50.8
-5141.5 -3408.5 50.5
-5136.9 -3394.3 50.3
-5132.2 -3380.0 49.9
-5123.1 -3352.0 49.9
-2355.2 -291.2 49.1
-2342.6 -299.3 49.1
-2329.9 -307.4 49.1
-2311.7 -319.2 49.1
-961.2 -4648.9 65.7
-937.5 -4659.3 65.0
-925.5 -4655.3 64.7
-922.4 -4639.4 64.4
-504.9 -4659.3 55.7
-471.7 -4676.8 55.8
-470.0 -4672.3 56.0
-503.2 -4654.8 55.8
-685.3 -5240.3 60.4
-674.3 -5234.4 60.1
-658.5 -5229.8 59.7
-645.1 -5227.4 59.3
-1518.0 -5606.1 64.0
-1504.9 -5598.7 64.1
-1491.8 -5591.3 64.2
-1478.7 -5584.0 64.3
-1465.7 -5576.6 64.4
-1452.6 -5569.3 64.6
-1439.5 -5561.9 64.7
-1426.5 -5554.5 64.8
-1413.4 -5547.2 64.9
-1395.9 -5537.3 65.0
-820.2 -4552.0 61.2
-829.0 -4575.4 61.4
581.7 -5418.5 40.7
596.6 -5419.4 41.0
611.6 -5420.4 41.3
626.6 -5421.4 41.5
641.5 -5422.3 41.8
656.5 -5423.1 42.1
671.5 -5423.7 42.2
680.5 -5417.8 42.3
681.3 -5402.8 42.3
682.1 -5387.8 42.1
682.8 -5372.9 42.0
683.6 -5357.9 42.0
685.1 -5328.3 42.2
684.1 -5451.7 42.2
669.1 -5451.2 42.0
654.1 -5450.7 41.7
639.1 -5450.2 41.4
624.1 -5449.7 41.2
609.8 -5445.4 40.9
595.5 -5440.9 40.7
567.4 -5431.9 40.2
696.8 -5236.7 43.4
695.2 -5251.6 43.2
693.6 -5266.5 43.0
692.0 -5281.4 42.7
689.5 -5304.5 42.4
781.6 -5289.9 41.5
795.0 -5283.2 41.4
808.4 -5276.4 41.5
821.8 -5269.7 41.5
835.2 -5262.9 41.5
848.6 -5256.2 41.6
863.0 -5254.1 41.5
882.9 -5255.4 41.6
946.3 -6164.5 45.4
950.1 -6150.0 45.2
953.9 -6135.5 45.2
957.7 -6121.0 45.2
961.4 -6106.4 45.2
965.2 -6091.9 45.2
969.0 -6077.4 45.2
972.7 -6062.9 45.5
976.5 -6048.4 45.9
980.2 -6033.8 45.9
984.0 -6019.3 45.8
987.8 -6004.8 45.7
991.5 -5990.3 45.6
995.3 -5975.8 45.5
999.0 -5961.2 45.4
1002.5 -5946.6 45.3
1006.0 -5932.1 45.2
1009.6 -5917.5 45.1
1013.1 -5902.9 45.0
1016.6 -5888.3 44.9
1020.2 -5873.8 44.8
1023.7 -5859.2 44.7
1027.3 -5844.6 44.6
1030.8 -5830.0 44.5
1034.5 -5815.5 44.4
1038.2 -5801.0 44.3
1041.9 -5786.4 44.2
1045.6 -5771.9 44.0
1049.3 -5757.4 44.0
1053.0 -5742.8 43.8
1056.7 -5728.3 43.7
1060.4 -5713.7 43.6
1064.1 -5699.2 43.5
1067.8 -5684.7 43.4
1071.5 -5670.1 43.3
1075.2 -5655.6 43.3
1078.9 -5641.1 43.2
1082.6 -5626.5 43.1
1086.3 -5612.0 43.0
1090.0 -5597.5 42.9
1093.7 -5582.9 42.8
1097.4 -5568.4 42.6
1101.1 -5553.8 42.5
1104.8 -5539.3 42.3
1108.5 -5524.8 42.1
1112.2 -5510.2 41.7
1115.9 -5495.7 41.5
1119.6 -5481.2 41.4
1123.3 -5466.6 41.2
1127.0 -5452.1 41.1
1130.7 -5437.5 41.0
1134.4 -5423.0 40.8
1138.1 -5408.5 40.7
1143.2 -5388.4 40.5
1142.9 -5336.8 41.3
1131.5 -5327.0 41.4
1120.2 -5317.2 41.5
1108.9 -5307.3 41.7
1097.5 -5297.5 41.8
1086.4 -5287.5 42.0
1075.4 -5277.2 42.1
1064.5 -5267.0 42.2
1053.5 -5256.7 42.4
1040.4 -5239.4 42.6
1561.2 -4778.3 39.8
1575.8 -4781.8 39.3
1590.4 -4785.2 38.9
1605.0 -4788.7 38.7
1619.6 -4792.1 38.7
1634.2 -4795.6 38.8
1648.8 -4799.1 38.9
1663.4 -4802.5 38.9
1678.0 -4806.0 38.8
1692.6 -4809.5 38.8
1707.2 -4812.9 38.7
1721.8 -4816.4 38.6
1736.3 -4819.8 38.6
1750.9 -4823.3 38.5
1765.5 -4826.8 38.5
1780.1 -4830.2 38.5
1794.7 -4833.7 38.7
1809.3 -4837.2 39.0
1823.9 -4840.6 39.2
1838.5 -4844.1 39.4
1853.1 -4847.6 39.7
1860.4 -4839.3 40.0
1863.6 -4824.7 40.3
1866.8 -4810.0 40.6
1870.0 -4795.4 40.4
1873.2 -4780.7 40.2
1872.0 -4766.4 40.0
1866.9 -4752.3 39.8
1861.8 -4738.2 39.7
1856.7 -4724.1 40.2
1851.6 -4710.0 40.6
1846.5 -4695.9 41.0
1841.3 -4681.8 41.1
1846.1 -4677.3 41.1
1852.8 -4689.1 41.1
1856.5 -4703.6 40.8
1860.3 -4718.1 40.4
1864.1 -4732.6 39.9
1867.8 -4747.1 39.8
1871.6 -4761.7 39.9
1875.7 -4776.1 40.1
1879.1 -4790.1 40.3
1876.1 -4804.8 40.6
1872.1 -4819.1 40.5
1865.8 -4832.7 40.2
1859.4 -4846.3 39.8
1870.3 -4851.6 40.0
1884.9 -4855.0 40.2
1899.5 -4858.4 40.4
1914.1 -4861.8 40.7
1928.7 -4865.1 40.9
1943.3 -4868.5 41.1
1961.5 -4872.8 41.4
1197.7 -4829.0 42.2
1186.0 -4819.7 42.3
1174.3 -4810.3 42.6
1162.6 -4800.9 42.5
1150.9 -4791.5 42.5
1139.2 -4782.1 42.4
1127.5 -4772.7 42.4
1115.8 -4763.3 42.3
1104.1 -4753.9 42.5
1092.4 -4744.6 42.7
1080.7 -4735.2 42.8
1069.0 -4725.8 42.9
1057.3 -4716.4 42.9
1045.6 -4707.0 43.0
1033.9 -4697.6 43.0
1022.2 -4688.2 43.0
1010.5 -4678.8 43.0
998.8 -4669.5 43.1
987.1 -4660.1 43.1
975.4 -4650.7 43.1
963.7 -4641.3 43.2
952.0 -4631.9 43.2
940.3 -4622.5 43.2
928.6 -4613.1 43.2
916.9 -4603.7 43.3
905.2 -4594.4 43.4
893.5 -4585.0 44.5
881.8 -4575.6 45.6
870.1 -4566.2 46.7
858.4 -4556.8 47.8
846.7 -4547.4 48.8
835.0 -4538.0 49.9
815.5 -4522.3 51.1
-1051.8 -4252.3 65.1
-1062.2 -4263.0 64.8
-1081.2 -4282.4 64.2
-1573.5 -3619.3 59.6
-1581.3 -3644.2 59.8
1294.7 -3981.6 42.7
1305.7 -3971.4 42.6
1316.6 -3961.1 42.3
1327.6 -3950.9 42.1
1338.5 -3940.6 41.9
1349.5 -3930.4 41.7
1360.5 -3920.2 41.7
1371.4 -3909.9 41.5
1382.4 -3899.7 41.4
1393.3 -3889.4 41.3
1399.8 -3878.8 41.5
1395.5 -3867.6 41.8
1407.4 -3858.4 41.8
1419.3 -3849.3 41.9
1431.2 -3840.1 42.0
1443.1 -3831.0 42.1
1459.1 -3818.7 42.2
1854.5 -4048.3 41.2
1884.2 -4057.2 41.7
1906.6 -4072.4 42.3
1050.4 -2719.3 47.0
1055.2 -2705.1 46.9
1059.9 -2690.8 46.9
1064.6 -2676.6 46.9
1069.3 -2662.4 46.8
1074.0 -2648.1 46.8
1078.7 -2633.9 47.0
1083.4 -2619.6 47.1
1088.2 -2605.4 47.2
1092.9 -2591.2 47.0
1097.6 -2576.9 46.8
1102.3 -2562.7 46.6
1107.0 -2548.4 46.4
1111.7 -2534.2 46.2
1116.5 -2520.0 46.0
1121.7 -2505.9 45.9
1127.1 -2491.9 45.8
1132.5 -2477.9 45.8
1137.9 -2463.9 45.5
1143.3 -2449.9 45.3
1148.2 -2435.8 45.1
1153.9 -2421.9 44.7
1162.1 -2409.4 44.3
1170.3 -2396.9 43.9
1180.4 -2385.9 43.6
1191.2 -2375.4 43.4
1201.9 -2364.9 43.2
1212.6 -2354.4 42.9
1223.3 -2343.9 42.7
1234.0 -2333.4 42.4
1244.7 -2322.9 42.2
1255.4 -2312.4 42.0
1266.2 -2301.9 41.7
1276.9 -2291.4 41.5
1289.0 -2282.6 41.2
1301.4 -2274.1 41.0
1313.7 -2265.6 41.0
1326.0 -2257.0 41.1
1338.4 -2248.5 41.4
1358.2 -2234.8 41.7
1358.2 -2234.8 41.7
1369.7 -2225.2 41.9
1381.3 -2215.6 42.0
1391.5 -2204.7 41.9
1400.6 -2192.8 42.2
1411.2 -2179.1 42.5
1428.7 -2182.0 42.5
1437.9 -2193.9 42.3
1447.0 -2205.8 42.1
1456.1 -2217.8 41.8
1466.1 -2228.7 41.7
1478.3 -2237.5 41.6
1490.4 -2246.4 41.5
1498.8 -2258.3 41.3
1505.4 -2271.8 41.3
1511.9 -2285.3 41.3
1517.2 -2299.3 41.2
1521.3 -2313.7 41.2
1525.5 -2328.1 41.3
1529.6 -2342.5 41.3
1533.8 -2356.9 41.4
1539.5 -2370.7 41.5
1546.8 -2383.8 41.5
1554.1 -2396.9 41.5
1564.9 -2406.7 41.5
1577.7 -2414.6 41.5
1594.2 -2424.9 41.5
1450.1 -2186.9 42.5
1460.9 -2197.3 42.3
1471.7 -2207.8 42.1
1482.4 -2218.2 41.8
1493.2 -2228.7 41.6
1504.0 -2239.1 41.5
1514.7 -2249.6 41.4
1525.5 -2260.0 41.4
1525.6 -2250.0 41.5
1523.3 -2235.2 41.5
1529.0 -2221.5 41.9
1535.3 -2207.9 42.2
1542.4 -2197.3 42.5
1555.0 -2205.5 42.2
1567.6 -2213.7 41.7
1580.1 -2221.9 41.5
1592.7 -2230.1 41.5
1595.9 -2227.5 41.5
1595.8 -2214.1 41.5
1602.9 -2200.9 41.8
1610.0 -2187.7 42.1
1617.1 -2174.5 42.5
1624.2 -2161.3 42.6
1632.2 -2150.1 42.6
1646.6 -2154.3 42.4
1661.0 -2158.4 42.3
1675.5 -2162.5 42.1
1676.0 -2173.2 41.9
1670.1 -2187.0 41.6
1664.2 -2200.8 41.6
1658.3 -2214.6 41.5
1652.4 -2228.4 41.5
1646.5 -2242.2 41.5
1637.9 -2249.5 41.5
1624.0 -2244.0 41.5
1610.0 -2238.5 41.5
1602.0 -2235.5 41.5
1615.8 -2241.5 41.5
1629.5 -2247.5 41.5
1643.2 -2253.5 41.5
1657.0 -2259.5 41.5
1669.8 -2262.6 41.5
1677.9 -2250.0 41.5
1686.0 -2237.3 41.5
1706.6 -2235.9 41.5
7037.1 607.1 51.8
7037.7 592.1 51.9
7038.3 577.1 51.9
7038.8 562.1 51.0
7038.9 547.1 50.1
7037.9 532.2 49.3
7036.9 517.2 48.4
7035.8 502.2 47.4
7034.4 487.3 46.6
7032.1 472.5 46.2
7029.9 457.7 46.1
7026.8 443.0 46.8
7023.6 428.3 47.5
7020.4 413.7 48.2
7017.0 399.1 48.9
7012.4 384.8 49.2
7007.8 370.5 49.1
7003.2 356.3 48.8
6997.3 342.5 47.5
6990.9 328.9 46.2
6984.5 315.3 44.9
6977.8 302.0 44.1
6969.3 289.6 43.8
6960.9 277.2 42.7
6952.3 264.9 41.5
6943.4 252.8 41.6
6934.4 240.8 40.9
6925.5 228.7 39.7
6911.3 209.6 37.8
1230.7 -1922.9 45.0
1220.3 -1912.1 44.9
1209.9 -1901.3 44.9
1199.5 -1890.5 44.9
1189.1 -1879.7 45.0
1178.7 -1868.9 45.1
1168.3 -1858.1 45.2
1156.4 -1849.0 45.2
1143.9 -1840.9 45.2
1134.2 -1829.6 45.2
1125.6 -1817.3 45.2
1116.9 -1805.1 45.1
1108.3 -1792.8 45.2
1099.2 -1781.0 45.3
1089.2 -1769.7 45.4
1079.3 -1758.5 45.5
1069.3 -1747.3 45.6
1059.9 -1735.8 45.7
1060.0 -1720.8 45.8
1060.2 -1705.8 45.9
1060.4 -1690.9 46.2
1059.8 -1675.9 46.5
1057.6 -1661.1 46.7
1055.3 -1646.2 46.9
1053.1 -1631.4 47.1
1048.0 -1617.4 47.3
1041.1 -1604.3 47.5
1029.6 -1594.7 47.5
1018.1 -1585.0 47.6
995.3 -1565.9 48.2
979.0 -1532.6 48.7
972.8 -1519.0 48.7
966.6 -1505.3 48.8
960.4 -1491.7 48.9
954.2 -1478.0 49.1
948.0 -1464.3 49.4
936.7 -1439.5 49.9
1383.5 -1314.1 66.8
1388.4 -1299.9 69.6
1393.2 -1285.7 68.3
1398.1 -1271.5 66.6
1402.9 -1257.3 64.8
1407.8 -1243.1 64.5
1412.6 -1229.0 64.6
1417.5 -1214.8 65.2
1422.3 -1200.6 64.6
1428.2 -1183.4 64.9
1368.5 -1316.5 64.5
1373.2 -1302.3 66.9
1378.0 -1288.1 68.3
1382.8 -1273.9 66.8
1387.6 -1259.7 65.1
1392.4 -1245.5 64.7
1397.2 -1231.2 64.9
1402.0 -1217.0 65.3
1406.8 -1202.8 64.8
1414.9 -1178.6 65.0
1375.6 -1295.3 67.6
1374.9 -1280.3 67.6
1374.1 -1265.4 65.8
1373.4 -1250.4 65.1
1372.7 -1235.4 65.3
1371.9 -1220.4 65.5
1371.2 -1205.4 65.1
1370.4 -1190.5 64.7
1369.7 -1174.3 64.9
1695.6 -1546.5 53.6
1706.6 -1556.7 53.3
1728.2 -1576.7 52.5
1571.9 -1728.6 50.0
1584.0 -1737.4 49.7
1596.1 -1746.0 49.5
1605.0 -1734.0 49.6
1614.0 -1721.9 49.8
1622.9 -1709.9 50.0
1625.6 -1698.8 50.2
1613.4 -1690.2 50.5
1598.4 -1679.6 50.9
978.5 -2501.3 49.4
990.6 -2492.5 49.2
1002.7 -2483.6 48.9
1019.0 -2471.7 48.6
907.9 -2647.2 49.2
897.6 -2658.0 49.5
887.3 -2668.9 49.7
877.0 -2679.8 50.0
866.6 -2690.7 50.2
856.3 -2701.6 50.4
839.1 -2719.8 50.3
326.1 -6006.1 48.2
324.6 -5991.2 48.3
321.9 -5964.9 48.2
326.1 -6006.1 48.2
339.9 -6000.3 48.3
353.8 -5994.5 48.2
367.6 -5988.7 47.9
381.4 -5982.9 47.6
395.3 -5977.1 47.2
409.1 -5971.3 46.9
421.2 -5964.5 46.6
419.1 -5949.7 46.6
416.9 -5934.8 46.5
414.2 -5915.9 46.5
345.4 -5898.4 47.8
360.2 -5895.9 47.5
375.0 -5893.5 47.2
389.8 -5891.0 46.9
407.6 -5888.1 46.5
341.2 -6006.1 48.2
355.0 -6000.1 48.2
368.7 -5994.1 47.9
382.5 -5988.2 47.6
396.2 -5982.2 47.2
422.1 -5971.0 46.6
639.9 -6248.7 45.5
652.8 -6241.1 45.2
656.1 -6228.0 45.0
656.0 -6213.0 44.7
655.8 -6198.0 44.5
655.6 -6176.7 44.3
721.4 -6434.5 45.1
726.3 -6448.7 45.2
731.1 -6462.9 45.3
736.0 -6477.1 45.4
742.5 -6496.2 45.5
-910.1 -4356.2 64.4
-920.0 -4344.9 64.5
-938.3 -4323.8 64.7
-1022.5 -4941.3 66.4
-1015.4 -4927.5 66.3
-1010.3 -4929.3 66.3
-965.7 -4571.8 65.1
-951.3 -4578.6 65.0
-1028.0 -4994.0 67.0
-1015.7 -5002.7 66.9
-1003.5 -5011.4 66.4
-991.3 -5020.1 66.1
-979.2 -5027.6 65.9
-975.6 -5016.9 65.6
-987.3 -5007.4 65.8
-998.9 -4998.0 66.3
-1011.3 -4988.0 66.8
-2749.0 -3235.2 52.1
-2735.3 -3229.2 52.3
-2721.5 -3223.3 52.4
-2707.7 -3217.3 52.5
-2694.0 -3211.3 52.7
-2680.2 -3205.4 52.8
-2666.4 -3199.4 52.9
-2652.7 -3193.5 53.0
-2638.5 -3187.3 53.2
-2861.0 -3261.2 50.8
-2845.8 -3258.6 51.0
-2830.7 -3256.3 51.2
-2815.9 -3253.6 51.4
-2792.4 -3252.9 51.8
-2762.1 -3252.9 52.2
-2288.0 -2912.6 52.5
-2301.4 -2905.8 52.7
-2327.6 -2892.5 52.8
-2199.6 -2665.5 59.6
-2186.3 -2672.4 59.5
-2173.0 -2679.3 59.4
-2157.4 -2687.3 59.3
874.5 -4025.1 45.7
873.7 -4040.1 45.3
873.0 -4055.1 45.4
872.2 -4070.1 45.5
871.4 -4085.1 45.5
870.6 -4100.0 45.6
868.6 -4114.9 45.7
866.3 -4129.7 45.9
861.0 -4143.7 46.0
851.5 -4160.0 46.2
859.5 -4031.2 45.5
857.5 -4043.6 45.6
856.7 -4085.4 45.8
853.8 -4106.4 45.9
851.5 -4121.4 46.1
848.0 -4134.6 46.2
839.4 -4149.9 46.4
830.5 -4161.1 46.6
-891.4 -5705.1 67.7
-886.7 -5690.9 67.6
-882.0 -5676.6 67.4
-877.4 -5662.4 67.3
-871.4 -5644.3 67.1
-991.2 -6022.3 69.5
-977.2 -5996.6 69.8
-964.8 -5973.9 69.9
-775.3 -6055.1 64.7
-768.8 -6041.6 65.2
-762.3 -6028.1 65.4
-753.4 -6019.9 65.3
-739.0 -6024.1 65.0
-724.6 -6028.2 64.8
-710.2 -6032.4 64.5
-695.8 -6036.6 64.3
-681.3 -6040.7 64.0
-674.3 -6048.8 63.8
-679.0 -6063.0 63.9
-683.7 -6077.3 63.9
-691.2 -6085.9 64.0
-705.3 -6080.7 64.3
-719.3 -6075.6 64.6
-733.4 -6070.4 64.6
-747.5 -6065.3 64.6
-775.3 -6055.1 64.7
-2630.5 -5758.9 54.4
-2616.4 -5763.9 54.5
-2602.3 -5769.0 54.6
-2588.2 -5774.0 54.7
-2574.0 -5779.1 54.8
-2572.2 -5761.5 54.8
-2557.4 -5759.3 55.0
-2542.5 -5757.2 55.1
-2522.2 -5754.3 55.2
-3705.4 8903.2 56.7
-3716.9 8893.5 55.7
-3728.3 8883.8 55.2
-3739.7 8874.1 54.7
-3751.2 8864.4 54.2
-3762.6 8854.7 53.7
-3774.0 8844.9 53.1
-3785.3 8835.1 52.6
-3797.3 8826.1 52.0
-3811.6 8822.2 51.7
-3826.2 8818.7 51.5
-3841.2 8818.8 51.4
-3856.2 8819.2 51.3
-3871.2 8819.4 51.2
-3886.2 8819.6 51.2
-3903.1 8819.2 51.0
-3834.7 8963.7 57.5
-3841.1 8950.2 57.2
-3847.5 8936.6 56.7
-3853.9 8923.1 56.1
-3860.4 8909.5 55.4
-3866.8 8895.9 54.8
-3873.2 8882.4 54.2
-3879.6 8868.8 53.5
-3892.4 8841.7 52.2
-3903.1 8819.2 51.0
-4402.9 8842.2 46.9
-4399.4 8856.8 47.1
-4395.9 8871.4 48.3
-4390.7 8893.1 49.1
-4102.3 8735.3 49.0
-4089.2 8728.1 49.1
-4076.0 8721.0 48.9
-4061.8 8713.2 48.6
-4345.9 8669.9 46.5
-4344.4 8684.8 46.3
-4342.9 8699.7 46.1
-4341.4 8714.7 45.8
-4339.9 8729.6 45.9
-4338.4 8744.5 46.1
-4339.3 8759.0 46.3
-4345.6 8772.6 46.5
-4354.1 8791.0 46.8
-4377.6 8674.0 46.9
-4364.5 8654.5 46.9
-4506.4 8805.5 46.1
-4499.2 8818.7 46.0
-4491.9 8831.8 46.0
-4484.2 8845.9 46.3
-4503.2 8848.1 46.1
-4515.9 8840.1 45.9
-4538.9 8825.5 45.7
-3368.6 8829.6 62.4
-3361.9 8843.1 62.4
-3355.2 8856.5 62.3
-3348.5 8869.9 63.2
-3341.8 8883.3 63.6
-3334.8 8897.3 63.3
-3318.6 8821.6 62.7
-3335.6 8835.2 62.9
-3343.9 8824.3 62.6
-3314.2 8830.5 63.0
-3308.6 8844.4 63.2
-3297.8 8870.9 62.7
-3762.5 8522.9 51.5
-3765.2 8489.9 51.4
-3631.7 8697.0 54.5
-3617.3 8692.8 54.9
-3588.5 8684.4 55.8
-3574.1 8680.2 56.0
-3559.7 8676.0 56.1
-3545.3 8671.8 56.1
-3530.9 8667.6 56.1
-3516.5 8663.4 56.1
-3502.1 8659.2 56.1
-3487.7 8655.0 56.1
-3478.0 8697.2 56.8
-3472.4 8726.6 57.2
-3468.3 8747.8 57.7
-3420.8 8697.0 57.1
-4030.7 8820.9 50.3
-4017.0 8814.8 50.1
-4003.3 8808.8 49.9
-3984.6 8800.6 49.6
-4106.2 8827.7 50.1
-4111.2 8813.6 49.6
-4116.1 8799.4 49.3
-4123.1 8779.4 49.0
-3282.6 8745.3 59.6
-3276.5 8759.0 60.1
-3270.5 8772.7 60.4
-3264.4 8786.4 60.3
-3255.0 8790.1 60.1
-3239.5 8781.3 59.7
-3213.5 8690.5 58.2
-3226.7 8697.5 58.4
-3240.0 8704.6 58.5
-3253.2 8711.6 58.7
-3275.2 8723.4 58.9
-3251.6 8306.5 56.7
-3264.1 8313.6 56.5
-3245.6 8326.9 56.3
-3244.9 8343.5 56.1
-4197.0 8701.3 47.8
-4182.8 8696.5 48.0
-4168.6 8691.7 48.1
-4154.3 8686.9 48.2
-4140.1 8682.1 48.4
-4116.8 8674.2 48.6
6929.5 5702.1 65.8
6938.6 5714.0 66.7
6954.0 5734.2 68.2
675.6 -5321.2 42.2
682.0 -5314.6 42.3
677.0 -5303.7 42.4
-651.7 -4709.3 56.8
-646.3 -4695.3 56.4
-640.8 -4681.3 56.0
-635.1 -4666.5 55.6
-662.9 -4705.1 57.1
-651.7 -4709.3 56.8
-705.6 -4743.5 58.5
-691.7 -4749.1 58.1
-683.0 -4739.7 57.9
-675.5 -4726.7 57.8
-662.9 -4705.1 57.1
-2647.3 -5840.8 54.0
-2619.0 -5849.4 54.2
-2629.4 -5820.9 54.2
-2600.6 -5806.3 54.5
-2589.9 -5797.4 54.6
-2562.7 -5807.6 54.8
-2454.0 -5830.0 55.3
-2434.3 -5836.5 55.3
-2431.1 -5814.9 55.5
-2452.2 -5812.4 55.5
-2437.7 -5816.2 55.5
-2423.2 -5819.9 55.5
-2408.7 -5823.7 55.5
-2394.4 -5828.1 55.5
-2380.2 -5833.1 55.5
-2366.1 -5838.1 55.5
-2354.8 -5846.5 55.4
-2347.5 -5859.6 55.3
-2339.7 -5873.5 55.1
-1357.5 3434.8 51.4
-1342.5 3454.0 51.6
-1342.0 3464.4 51.4
-1394.7 3481.9 49.0
-1347.7 3492.9 50.7
-1390.4 3500.2 48.9
-1402.8 3491.7 48.7
-1420.3 3496.0 48.3
-1435.7 3490.8 48.0
-1404.5 3505.9 48.6
-1468.7 3514.0 47.2
-1402.5 3526.6 48.6
-1465.3 3529.2 47.3
-1476.4 3526.0 47.1
-1363.6 3536.3 49.5
-1378.0 3537.4 49.1
-1415.1 3537.5 48.3
-1462.7 3544.9 47.5
-1514.3 3540.6 46.5
-1376.6 3557.6 49.1
-1462.9 3557.4 47.7
-1573.9 3557.0 46.0
-1431.6 3573.2 48.4
-1511.6 3572.7 46.8
-1385.9 3587.9 49.2
-1430.4 3585.4 48.5
-1467.9 3584.8 47.7
-1499.4 3586.2 47.1
-1512.1 3586.3 46.8
-1543.8 3585.7 46.5
-1552.5 3584.9 46.5
-1601.1 3585.4 46.3
-1418.9 3595.8 48.8
-1496.8 3601.0 47.2
-1508.7 3602.9 47.0
-1602.4 3614.0 46.7
-1610.7 3612.7 46.7
-1465.9 3626.9 48.0
-1483.1 3626.3 47.6
-1490.1 3626.3 47.5
-1542.0 3629.2 47.1
-1408.2 3646.6 49.2
-1422.2 3644.6 48.9
-1438.0 3642.9 48.6
-1498.4 3642.9 47.5
-1513.7 3641.1 47.4
-1597.0 3642.0 47.1
-1481.9 3658.5 47.8
-1582.0 3657.1 47.4
-1421.8 3675.7 49.1
-1543.1 3675.0 47.8
-1585.6 3708.6 48.1
-1525.0 3719.2 48.5
-1540.3 3721.8 48.4
-1543.7 3735.3 48.6
-1557.8 3733.0 48.5
-4421.1 6405.4 44.0
-4437.1 6401.4 42.7
-4429.9 6417.7 44.2
-4446.6 6422.2 45.5
-4435.9 6440.0 44.2
-4463.0 6448.0 45.9
-4453.9 6463.9 44.8
-4467.1 6478.8 45.4
1505.2 6750.6 58.1
1387.9 6747.3 58.3
1509.4 6763.4 57.8
1468.1 6760.4 58.0
1445.9 6761.3 58.0
1420.0 6765.2 58.1
1370.5 6759.6 58.3
1479.4 6777.8 57.7
1399.1 6775.7 58.2
1354.3 6777.4 58.3
1460.2 6792.7 57.4
1309.7 6795.2 58.4
1299.6 6789.2 58.4
1601.3 6810.4 56.2
1405.3 6810.2 57.6
1371.2 6808.2 58.0
1341.5 6806.5 58.3
1325.3 6808.7 58.4
1318.0 6809.7 58.4
1280.5 6810.7 58.5
1623.7 6826.0 55.7
1615.4 6820.8 55.8
1598.9 6821.3 55.9
1526.9 6824.8 56.3
1385.6 6818.9 58.0
1338.9 6821.9 58.2
1331.3 6822.6 58.3
1311.8 6821.1 58.4
1297.5 6818.7 58.5
1600.2 6839.9 55.4
1407.5 6841.6 57.8
1372.6 6833.6 58.0
1614.8 6850.3 55.7
1587.1 6855.1 56.4
1565.6 6852.0 56.7
1556.2 6848.0 56.6
1433.2 6848.4 57.9
1405.1 6855.2 58.7
1579.9 6867.5 57.0
1569.1 6866.6 57.1
1431.7 6867.8 58.8
1386.9 6872.5 59.0
1341.1 6864.5 59.0
1311.9 6868.3 59.0
1609.7 6883.5 58.0
1538.5 6886.7 58.9
1458.7 6881.0 59.0
1434.3 6885.0 59.1
1369.3 6881.7 59.2
1338.4 6879.2 59.2
1323.5 6882.9 59.1
1668.5 6901.9 58.6
1387.1 6896.2 59.4
1374.9 6896.1 59.4
1353.5 6901.4 59.4
1674.0 6917.5 59.1
1538.3 6913.7 59.3
1458.9 6909.0 59.4
1538.4 6928.4 59.6
1418.2 6932.5 59.9
1362.4 6927.7 59.7
1701.5 6945.5 61.6
1598.1 6938.8 59.6
1563.8 6941.5 59.7
1521.0 6945.2 59.9
1372.5 6941.2 59.8
1661.8 6959.1 60.2
1617.3 6953.7 59.8
1599.4 6958.7 59.9
1586.9 6956.0 59.9
1489.8 6959.8 60.2
1422.7 6955.8 60.2
1403.3 6962.4 60.2
1699.4 6970.5 62.6
1685.2 6968.1 61.8
1647.5 6973.6 60.2
1508.2 6970.1 60.3
1478.6 6970.3 60.4
1432.7 6976.4 60.4
1419.1 6975.3 60.3
1377.5 6970.6 60.0
1325.2 6969.6 59.2
1317.6 6977.4 59.1
1717.6 6983.6 64.1
1690.7 6985.2 62.9
1655.9 6989.9 61.4
1586.7 6988.7 60.4
1510.2 6984.9 60.5
1437.9 6989.8 60.5
1422.4 6986.1 60.4
1329.2 6983.2 59.2
1732.0 7003.1 65.7
1713.4 7005.8 65.0
1702.8 7001.4 64.2
1674.4 7002.9 62.9
1617.7 7005.6 60.6
1595.6 7003.1 60.6
1587.3 7007.6 60.7
1542.7 7007.0 60.8
1519.8 7000.0 60.8
1504.9 7001.4 60.8
1492.4 6999.6 60.8
1474.1 7004.8 60.9
1447.6 7007.3 60.7
1403.4 7006.7 60.1
1287.0 6999.9 58.9
1729.4 7014.5 66.1
1699.4 7019.2 64.9
1564.4 7022.5 61.0
1476.4 7019.4 61.0
1435.1 7015.8 60.5
1421.6 7013.6 60.3
1384.3 7018.3 59.9
1294.4 7014.5 59.0
1677.4 7034.5 64.5
1627.7 7033.7 62.1
1614.1 7036.0 61.5
1579.5 7032.6 61.1
1538.3 7035.0 61.3
1521.5 7035.9 61.3
1473.4 7029.6 60.9
1467.0 7035.9 60.8
1428.3 7032.2 60.4
1399.2 7030.4 60.1
1389.4 7028.5 60.0
1312.0 7035.7 59.3
1743.5 7044.2 63.9
1719.1 7045.5 64.0
1655.7 7050.3 64.2
1643.1 7051.1 63.7
1573.0 7051.6 61.5
1540.8 7051.2 61.5
1510.5 7049.9 61.3
1491.9 7047.9 61.1
1404.8 7048.7 60.2
1371.4 7050.3 59.9
1296.8 7051.4 59.2
1228.2 7050.5 58.5
1207.3 7049.3 58.3
1047.3 7046.8 57.1
1765.3 7066.8 61.3
1730.2 7066.8 61.8
1716.7 7063.8 62.3
1683.3 7064.4 62.7
1616.4 7063.6 62.9
1597.9 7060.1 61.9
1581.6 7066.9 61.7
1549.5 7066.3 61.7
1481.4 7065.5 61.0
1400.4 7060.9 60.2
1339.6 7062.6 59.6
1309.4 7058.6 59.3
1285.3 7061.7 59.1
1256.3 7059.2 58.8
1210.1 7062.4 58.4
1193.4 7065.6 58.3
1072.1 7058.7 57.1
1690.4 7075.8 61.4
1674.9 7078.8 61.3
1659.8 7082.8 61.1
1646.4 7076.4 62.0
1629.2 7082.0 61.6
1595.9 7074.2 62.4
1507.9 7075.4 61.3
1476.7 7079.5 61.0
1236.1 7073.9 58.7
1063.2 7076.2 57.1
1730.9 7091.0 59.4
1699.8 7088.3 60.1
1610.1 7088.8 61.2
1569.4 7090.6 61.7
1551.8 7095.8 61.5
1536.3 7089.0 61.6
1509.1 7089.4 61.4
1481.5 7094.6 61.1
1407.0 7097.6 60.4
1389.2 7089.0 60.2
1325.6 7094.6 59.7
1284.9 7094.5 59.3
1251.7 7088.8 58.9
1173.4 7093.4 58.2
1061.0 7088.4 57.1
1617.7 7106.5 59.4
1505.7 7104.0 61.3
1465.4 7112.5 60.9
1436.6 7103.3 60.7
1407.2 7110.1 60.4
1358.7 7106.8 60.0
1347.2 7110.0 59.9
1312.4 7111.2 59.6
1296.7 7107.4 59.4
1283.3 7104.2 59.3
1238.4 7111.2 58.9
1207.5 7104.6 58.6
1194.4 7104.1 58.4
1164.4 7107.9 58.2
1145.7 7112.0 58.0
1118.7 7112.6 57.8
1075.3 7110.3 57.3
1056.2 7111.5 57.2
1046.3 7109.2 57.1
1690.4 7126.3 56.4
1673.0 7125.9 56.7
1600.4 7119.5 58.3
1570.3 7124.8 58.4
1550.1 7118.2 59.4
1519.6 7125.2 59.4
1510.9 7123.5 59.7
1495.4 7125.8 59.8
1458.7 7121.7 60.7
1447.8 7121.0 60.7
1385.0 7126.6 60.2
1371.8 7124.9 60.1
1357.2 7123.3 59.9
1345.3 7127.5 59.8
1151.7 7119.4 58.1
1101.7 7124.0 57.7
1046.1 7121.0 57.1
1728.3 7138.2 54.9
1723.2 7142.7 54.5
1672.1 7139.0 55.4
1660.1 7139.7 55.5
1644.4 7142.3 55.4
1599.5 7141.1 56.3
1587.8 7137.3 56.9
1568.1 7134.8 57.5
1548.7 7134.5 57.9
1479.0 7141.5 58.7
1430.5 7142.6 59.5
1406.7 7140.3 60.1
1327.5 7138.4 59.6
1161.3 7138.7 58.2
1130.4 7133.9 57.9
1089.3 7137.2 57.6
1821.0 7155.8 54.7
1792.7 7153.4 54.6
1715.8 7150.9 53.8
1704.1 7151.3 53.7
1631.5 7149.8 54.9
1609.8 7156.4 54.6
1598.7 7157.8 54.7
1525.0 7152.7 56.7
1448.8 7151.0 58.4
1279.9 7152.2 59.1
1253.6 7156.6 58.9
1166.9 7156.4 58.2
1122.5 7148.6 57.8
1825.4 7170.2 53.7
1732.1 7170.9 52.4
1653.6 7169.4 52.6
1644.7 7167.7 52.9
1538.6 7166.5 55.1
1491.2 7166.1 56.1
1465.6 7171.2 56.1
1374.5 7168.0 58.2
1359.7 7168.0 58.5
1343.5 7167.7 58.9
1196.0 7164.0 58.4
1178.5 7170.1 58.2
1122.8 7163.1 57.7
1852.6 7183.8 52.9
1825.4 7184.5 52.5
1781.6 7186.5 51.8
1760.3 7183.9 51.7
1746.7 7179.7 51.9
1718.7 7181.3 51.4
1629.1 7182.9 51.8
1542.1 7182.9 53.5
1475.5 7186.8 54.5
1374.5 7185.7 56.6
1341.3 7185.5 57.3
1264.5 7180.7 58.6
1222.5 7185.7 58.3
1074.6 7182.1 57.2
1789.7 7200.2 51.5
1761.3 7197.3 50.9
1653.6 7194.5 50.2
1602.6 7197.2 50.9
1523.1 7199.0 52.4
1503.8 7198.8 52.8
1493.9 7199.3 52.9
1452.9 7195.7 54.1
1314.7 7200.6 56.4
1257.4 7193.5 58.2
1224.8 7202.0 58.0
1207.2 7195.6 58.0
1180.7 7198.6 57.9
1098.7 7200.9 57.4
1087.5 7201.0 57.3
1055.6 7198.5 57.0
1811.0 7214.6 52.2
1783.2 7213.0 51.7
1767.3 7210.3 51.2
1729.0 7208.6 50.4
1683.8 7210.5 49.5
1661.3 7212.8 49.3
1646.2 7216.6 49.4
1551.6 7214.6 50.3
1527.9 7213.3 50.9
1459.6 7216.8 51.9
1435.5 7217.0 52.4
1372.9 7212.6 54.1
1298.7 7214.8 55.4
1069.7 7211.6 57.1
1760.2 7224.3 51.8
1718.1 7231.3 50.8
1705.3 7230.7 50.5
1612.0 7227.6 49.9
1543.1 7225.4 50.2
1511.3 7232.5 50.6
1446.5 7226.4 51.5
1419.5 7231.7 51.7
1342.0 7226.2 53.4
1316.7 7223.6 54.2
1192.4 7226.5 56.4
1181.4 7227.0 56.6
1143.9 7229.5 57.0
1136.6 7223.6 57.1
1093.0 7228.3 56.8
1060.7 7223.7 56.8
1821.6 7238.1 53.7
1808.5 7241.1 53.4
1795.6 7243.3 53.1
1766.5 7244.8 52.3
1614.6 7242.3 50.2
1554.8 7246.3 50.7
1508.5 7247.3 50.9
1344.5 7241.7 52.5
1280.2 7246.9 53.2
1239.1 7245.9 53.8
1225.4 7239.7 54.5
1838.6 7262.8 54.5
1819.8 7256.2 54.0
1805.5 7253.4 53.5
1745.0 7261.0 52.2
1715.6 7255.3 51.4
1688.7 7253.2 50.7
1668.5 7258.1 50.5
1570.7 7258.1 50.8
1526.1 7261.5 51.2
1422.9 7252.9 51.6
1402.3 7257.6 51.8
1312.0 7262.8 52.4
1272.0 7260.8 53.0
1235.7 7260.7 53.5
1226.3 7257.2 53.7
1163.9 7257.7 54.5
1070.0 7255.6 56.1
1062.6 7258.4 56.0
1780.9 7275.6 53.3
1762.9 7274.4 52.9
1594.5 7269.1 51.0
1523.0 7274.4 51.5
1509.6 7270.4 51.5
1463.4 7269.9 51.7
1445.3 7268.6 51.8
1404.6 7272.0 52.1
1390.6 7276.1 52.3
1332.3 7277.5 52.7
1316.4 7273.2 52.7
1242.2 7272.0 53.1
1166.5 7269.5 54.2
1104.8 7272.3 55.0
1074.6 7271.1 55.4
1810.3 7285.9 54.2
1775.1 7283.1 53.4
1707.9 7284.4 52.0
1614.3 7283.8 51.2
1596.0 7290.2 51.5
1580.0 7284.6 51.4
1540.3 7288.8 51.7
1527.5 7288.6 51.8
1490.1 7286.3 52.0
1466.0 7291.5 52.2
1405.2 7286.7 52.5
1298.8 7286.8 53.1
1106.9 7284.2 54.6
1728.4 7304.0 52.9
1674.5 7299.8 51.8
1662.2 7306.4 51.8
1624.6 7307.1 51.7
1611.3 7298.0 51.6
1461.3 7299.3 52.4
1362.7 7304.0 53.1
1279.6 7304.5 53.6
1256.0 7304.3 53.7
1225.1 7298.8 53.8
1211.4 7303.2 54.0
1165.8 7298.1 54.1
1762.0 7319.0 54.0
1705.0 7321.9 52.9
1630.2 7321.5 52.0
1616.9 7318.1 52.0
1601.8 7322.6 52.2
1585.1 7322.0 52.3
1555.1 7314.0 52.3
1535.6 7320.1 52.5
1524.2 7317.0 52.5
1488.9 7321.8 52.8
1466.4 7313.9 52.8
1450.6 7319.0 53.0
1294.8 7316.6 53.8
1225.6 7313.0 54.1
1190.7 7322.7 54.5
1159.6 7322.7 54.7
1719.1 7332.5 53.5
1641.0 7332.4 52.3
1611.3 7337.2 52.5
1523.7 7329.9 52.8
1476.1 7335.8 53.2
1368.8 7333.0 53.8
1327.6 7337.0 54.1
1281.2 7329.6 54.2
1237.0 7332.3 54.5
1138.2 7333.3 55.2
1117.4 7330.2 55.2
1688.7 7344.6 53.3
1660.3 7343.8 52.8
1428.4 7349.1 53.8
1390.4 7352.7 54.1
1332.0 7346.4 54.3
1228.3 7352.6 55.1
1158.3 7350.8 55.5
1700.8 7362.0 53.9
1686.0 7360.8 53.7
1614.7 7366.7 53.2
1603.0 7360.7 53.1
1579.9 7364.1 53.3
1521.2 7365.4 53.7
1420.3 7360.0 54.1
1384.1 7365.6 54.5
1298.0 7365.2 55.0
1279.6 7359.3 55.0
1266.5 7367.2 55.3
1236.1 7362.4 55.3
1192.3 7364.7 55.7
1507.1 7379.8 54.1
1476.6 7380.0 54.3
1448.6 7380.4 54.5
1418.6 7382.0 54.7
1376.0 7377.5 54.8
1339.1 7379.0 55.1
1283.7 7381.7 55.5
1197.0 7378.9 56.0
1165.0 7380.8 55.8
1134.3 7378.2 55.8
1503.8 7390.9 54.4
1482.4 7391.3 54.5
1452.0 7391.9 54.7
1374.7 7396.1 55.3
1360.9 7396.5 55.4
1345.1 7391.8 55.4
1226.7 7396.2 55.4
1211.9 7394.5 55.5
1163.9 7392.7 55.3
1146.9 7388.7 55.4
1632.7 7406.0 53.9
1598.1 7407.5 54.2
1563.7 7407.1 54.4
1557.9 7405.7 54.4
1536.0 7410.3 54.6
1447.0 7410.9 55.2
1391.9 7405.6 55.4
1362.2 7403.0 55.5
1281.3 7405.5 55.3
1254.8 7411.5 55.0
1208.3 7404.4 55.0
1195.9 7410.6 55.1
1131.9 7406.3 54.5
1121.6 7404.0 54.5
1617.3 7418.0 54.0
1489.9 7424.4 55.2
1476.2 7424.2 55.3
1446.7 7419.1 55.3
1428.6 7423.5 55.1
1420.7 7424.8 55.1
1384.0 7424.2 55.1
1345.0 7425.5 55.1
1241.5 7424.0 55.0
1191.8 7420.0 54.5
1182.2 7425.0 54.2
1533.3 7437.3 55.1
1497.1 7433.3 55.1
1478.7 7439.5 55.2
1447.5 7434.3 55.1
1436.9 7433.2 55.1
1386.3 7433.3 55.2
1316.6 7437.4 55.2
1236.5 7442.7 54.3
1211.9 7438.6 54.2
1190.6 7440.8 54.0
1555.5 7454.4 55.0
1518.6 7454.7 55.3
1392.8 7455.4 55.1
1376.5 7457.1 55.0
1362.1 7452.7 54.9
1342.3 7455.1 54.8
1254.5 7456.5 54.2
1189.0 7449.3 53.8
1128.5 7454.2 53.1
1490.8 7471.4 55.4
1449.2 7471.6 55.2
1433.6 7466.6 55.2
1399.3 7463.6 55.0
1173.5 7464.9 54.0
1518.8 7480.2 55.1
1405.2 7482.3 54.8
1375.7 7479.6 54.6
1285.4 7485.0 53.9
1449.7 7501.9 54.5
1419.5 7496.5 54.6
1377.4 7501.6 54.3
1242.6 7502.7 54.2
1227.4 7500.4 54.5
1192.7 7497.0 54.3
1181.9 7500.4 54.4
1418.1 7508.0 54.5
1361.7 7508.9 54.1
1253.7 7509.0 54.1
1223.5 7517.1 55.0
1177.3 7516.7 54.7
1161.2 7511.3 54.0
1129.7 7510.1 52.7
1407.2 7524.1 54.6
1372.7 7529.9 54.6
1267.7 7527.3 54.3
1242.6 7524.7 54.6
1221.5 7527.6 54.6
1197.2 7527.8 55.3
1435.1 7541.7 55.3
1356.2 7540.9 54.7
1317.2 7542.7 54.5
1194.7 7544.0 54.8
1183.0 7541.1 54.9
1145.9 7541.3 53.4
1363.1 7554.7 55.1
1342.5 7561.5 55.1
1313.6 7560.3 54.8
1297.1 7558.2 54.6
1282.6 7557.2 54.9
1398.9 7576.6 55.9
1378.1 7576.1 55.7
1354.9 7573.9 55.5
1325.4 7574.8 55.3
1265.2 7571.5 55.2
1401.5 7587.4 56.1
1369.7 7584.8 55.9
1358.3 7585.7 55.8
1323.3 7588.9 55.6
1392.0 7606.5 56.6
1361.6 7599.7 56.2
1312.4 7603.7 55.8
1297.6 7603.1 55.8
1249.4 7604.6 55.2
1475.2 7589.2 55.7
6808.3 2638.3 37.4
6868.5 2651.8 36.8
6929.4 2666.8 36.2
6919.1 2669.9 36.4
6882.1 2673.0 36.8
6852.4 2671.3 37.0
6842.6 2669.6 37.1
6829.1 2670.0 37.2
6918.3 2681.4 36.5
6873.9 2681.9 36.9
6860.1 2687.3 37.0
6014.1 -2382.2 32.4
6005.3 -2372.2 32.5
5988.1 -2367.9 32.5
6073.8 -2351.7 32.4
6063.1 -2353.6 32.5
6019.6 -2355.2 32.7
6004.7 -2350.5 32.8
5971.1 -2354.1 32.6
6091.9 -2334.4 32.3
6076.5 -2337.8 32.5
5985.7 -2340.8 32.8
5969.7 -2342.4 32.8
6117.6 -2325.6 32.1
6028.2 -2319.9 33.4
5999.8 -2321.7 33.1
5984.9 -2321.7 33.1
6117.5 -2309.4 32.3
6061.2 -2313.6 33.1
6033.0 -2310.6 33.5
6002.6 -2278.2 33.5
6042.9 -2261.8 33.5
6019.8 -2262.3 33.3
5983.8 -2262.1 32.8
6071.9 -2249.9 33.2
6085.6 -2234.5 32.8
6018.3 -2230.0 32.2
6104.3 -2217.9 32.3
5982.8 -2214.4 31.5
6089.6 -2206.5 31.9
6029.4 -2200.0 31.3
6001.0 -2201.0 31.2
6182.4 -2193.2 33.0
6152.4 -2186.3 32.5
6139.1 -2186.1 32.3
6001.3 -2185.2 30.6
6183.4 -2178.4 32.8
6092.2 -2169.3 31.4
6078.7 -2176.8 31.3
6064.8 -2175.2 31.1
5975.3 -2178.4 30.2
6215.4 -2154.7 33.0
6161.2 -2162.7 32.3
6116.1 -2157.2 31.6
6101.7 -2153.8 31.3
6094.1 -2163.2 31.3
6078.6 -2155.9 31.0
6020.1 -2161.4 30.3
6180.5 -2142.4 32.3
6092.9 -2143.9 31.1
6065.2 -2143.0 30.7
6017.5 -2144.9 30.0
6151.7 -2130.6 31.8
6059.1 -2128.7 30.4
6049.6 -2124.5 30.3
6211.5 -2111.0 32.5
6121.6 -2117.3 31.2
6090.4 -2114.1 30.8
6073.3 -2111.2 30.5
6048.7 -2115.7 30.2
6033.5 -2111.8 29.9
6227.3 -2098.4 32.6
6199.0 -2094.6 32.2
6179.3 -2100.5 31.9
6138.5 -2094.0 31.3
6034.5 -2102.9 29.8
6184.0 -2084.7 31.9
6109.3 -2080.2 30.7
6059.5 -2084.1 30.0
6045.5 -2082.9 29.8
6251.8 -2070.9 32.8
6227.6 -2066.7 32.4
6198.1 -2072.1 32.0
6181.0 -2066.5 31.7
6164.9 -2072.0 31.5
6131.9 -2071.4 31.0
6073.3 -2066.8 30.1
6025.6 -2068.3 29.4
6238.1 -2055.0 32.4
6230.5 -2054.8 32.3
6193.1 -2055.5 31.8
6117.4 -2057.4 30.6
6110.4 -2057.1 30.5
6254.2 -2035.7 32.5
6241.7 -2034.8 32.3
6176.3 -2036.1 31.3
6108.6 -2040.4 30.4
6057.3 -2035.8 29.6
6258.4 -2027.6 32.5
6136.9 -2022.3 30.6
6060.2 -2027.8 29.5
6048.8 -2020.3 29.3
6025.7 -2022.8 29.0
6164.4 -2011.5 30.9
6148.2 -2010.7 30.7
6140.0 -2007.6 30.5
6041.1 -2007.8 29.2
6032.8 -2010.5 29.1
6258.1 -1992.2 32.2
6226.7 -1992.7 31.7
6168.6 -1998.1 30.9
6078.2 -1989.5 29.8
6043.3 -1995.7 29.4
6265.8 -1983.0 32.2
6192.4 -1976.2 31.0
6181.7 -1983.6 30.9
6161.3 -1976.2 30.6
6120.9 -1981.2 30.2
6286.8 -1959.1 32.3
6194.9 -1965.0 31.0
6135.5 -1961.6 30.6
6063.1 -1961.5 30.1
6028.8 -1962.5 29.9
6260.4 -1945.4 31.8
6236.4 -1947.4 31.5
6198.7 -1948.6 31.3
6167.5 -1951.3 31.0
6151.7 -1947.2 31.0
6109.7 -1946.5 30.7
6079.1 -1950.4 30.4
6061.6 -1944.5 30.4
6035.5 -1945.7 30.2
6288.7 -1936.8 32.1
6267.4 -1934.3 32.0
6206.5 -1936.2 31.5
6152.6 -1937.2 31.1
6073.6 -1921.0 30.8
6059.4 -1920.1 30.7
6163.2 -1899.8 31.3
6058.8 -1905.8 30.6
6031.1 -1907.1 30.4
6162.9 -1884.5 31.3
5998.1 -1884.4 30.2
5995.6 -1877.6 30.1
6166.6 -1856.2 31.2
-3519.8 -514.0 54.6
-3561.3 -515.2 54.2
-3560.2 -498.5 54.3
-3506.4 -477.6 54.5
-3563.6 -481.5 54.3
-3454.5 -455.3 53.1
-3485.5 -453.7 54.0
-3506.7 -455.8 54.4
-3534.7 -452.6 54.5
-3549.9 -448.9 54.3
-3583.9 -455.8 54.0
-3474.7 -432.9 53.3
-3500.7 -437.8 53.9
3680.6 4676.8 61.5
3692.8 4691.0 61.2
3707.7 4704.6 61.1
3697.4 4704.7 61.2
3676.6 4706.7 61.7
3691.0 4718.9 61.3
-1263.2 3645.7 51.7
-1275.8 3644.4 51.5
-1281.1 3664.7 51.5
-1276.4 3690.1 51.2
-4572.0 6430.3 39.5
-4599.1 6423.7 38.8
-4599.5 6453.0 38.8
-4639.0 6458.2 39.0
-4652.8 6461.0 39.5
-4614.5 6473.6 38.5
-4653.7 6476.4 39.2
-4674.9 6470.5 40.2
-4594.8 6491.0 42.6
-4609.5 6488.1 39.8
-4622.1 6487.0 38.3
-4704.3 6487.2 41.4
-4608.6 6504.2 41.0
-4646.1 6500.4 38.6
-4702.0 6498.6 41.2
-4712.3 6503.2 41.8
-4613.5 6519.3 41.9
-4713.1 6521.3 42.2
-4734.1 6515.1 43.0
-4614.7 6162.1 47.4
-4809.3 6161.3 56.4
-4833.6 6158.2 56.6
-4628.6 6173.8 47.9
-4638.7 6171.1 48.6
-4653.7 6179.3 49.3
-4611.8 6194.3 46.2
-4715.2 6193.5 51.1
-4788.5 6186.4 54.4
-4579.5 6201.1 44.1
-4592.2 6200.8 44.8
-4610.5 6204.0 45.9
-4670.8 6209.5 48.3
-4704.0 6200.0 50.2
-4731.5 6206.8 50.9
-4816.7 6200.9 54.6
-4654.1 6223.9 46.7
-4672.4 6221.8 47.6
-4748.4 6217.4 50.8
-4757.4 6219.0 51.1
-4770.1 6218.9 51.6
-4821.0 6223.0 53.4
-4847.4 6224.7 54.3
-4866.4 6216.7 55.6
-4880.8 6222.8 55.7
-4929.0 6216.5 58.0
-4560.8 6239.0 41.7
-4594.5 6231.1 43.9
-4655.3 6232.8 46.2
-4687.7 6237.7 47.1
-4731.4 6236.1 49.0
-4834.9 6230.7 53.4
-4864.9 6233.7 54.4
-4911.9 6230.6 56.5
-4951.8 6237.9 57.6
-4546.9 6254.1 40.4
-4622.2 6246.0 44.0
-4667.7 6254.2 45.3
-4700.5 6248.3 46.9
-4730.1 6249.8 48.0
-4803.9 6247.6 51.1
-4837.9 6247.9 52.4
-4853.8 6249.7 52.9
-4881.2 6253.0 53.8
-4509.6 6266.3 40.4
-4575.7 6263.4 41.2
-4623.2 6261.0 43.1
-4685.6 6268.8 45.4
-4785.7 6268.4 49.4
-4807.6 6264.0 50.4
-4532.7 6282.0 40.3
-4550.6 6278.8 39.9
-4636.2 6284.5 43.1
-4921.7 6277.5 54.6
-4988.9 6282.3 57.1
-4999.5 6278.9 57.6
-4522.3 6293.0 40.5
-4612.3 6296.4 41.9
-4650.1 6290.4 43.5
-4681.0 6291.7 44.7
-4743.1 6297.4 47.0
-4803.6 6292.0 49.5
-4820.1 6298.5 50.0
-4876.5 6296.3 52.3
-4892.4 6297.3 52.9
-4905.3 6291.7 53.6
-4969.3 6290.6 56.1
-4532.9 6309.0 40.3
-4650.5 6307.0 43.1
-4756.0 6308.7 47.3
-4772.7 6313.6 47.8
-4802.9 6308.3 49.1
-4905.1 6306.2 53.2
-5019.7 6310.7 57.8
-4539.9 6325.5 40.1
-4546.7 6325.1 40.0
-4612.3 6324.3 41.2
-4624.9 6322.4 41.7
-4687.7 6328.7 44.1
-4700.9 6328.8 44.6
-4749.8 6320.0 46.7
-4756.4 6326.4 46.8
-4803.6 6329.5 48.6
-4824.5 6321.7 49.6
-4851.8 6328.6 50.6
-4869.6 6324.3 51.4
-4924.2 6323.7 53.5
-4935.4 6322.9 54.0
-4491.8 6339.8 41.3
-4575.4 6335.0 39.5
-4747.7 6341.5 46.1
-4805.8 6336.8 48.5
-4591.4 6354.2 39.7
-4639.7 6356.9 41.5
-4732.6 6354.0 45.2
-4710.5 6369.2 44.0
-4763.4 6373.0 46.0
-4793.6 6371.6 47.2
-4672.1 6383.2 42.1
-4687.6 6382.6 42.8
-4728.8 6386.3 44.3
-4790.2 6387.6 46.7
-4698.6 6403.7 42.7
-4776.4 6403.9 45.8
-4804.7 6400.5 47.0
-4717.0 6418.8 43.1
-4734.8 6410.2 44.0
-4746.1 6415.8 44.3
-4785.4 6412.5 45.9
-4488.2 1364.2 41.8
-4455.9 1382.2 42.4
-2251.2 580.1 62.0
-2267.2 595.9 61.4
-2279.4 593.8 61.2
-2275.0 613.4 61.0
-2229.5 628.7 61.7
-2279.7 642.3 60.8
6036.5 6624.5 57.4
6078.9 6639.5 57.6
6057.2 6657.6 57.5
4189.7 -3644.8 32.1
4230.9 -3626.9 32.1
4218.1 -3629.4 32.0
4201.9 -3621.8 32.0
4214.2 -3609.8 32.0
4196.7 -3606.6 32.0
4301.8 -3599.2 34.1
4292.0 -3591.5 33.0
4241.5 -3599.4 32.2
4229.3 -3594.6 32.1
4213.1 -3600.1 32.0
4306.8 -3579.6 33.2
4217.5 -3584.6 32.1
4167.1 -3579.8 32.2
4315.6 -3563.2 32.9
4166.3 -3567.7 31.9
4151.3 -3563.0 31.8
4320.1 -3546.0 33.2
4302.2 -3555.5 32.7
4258.2 -3549.9 32.5
4234.4 -3552.6 32.4
4168.2 -3545.6 31.5
4277.4 -3533.5 32.8
4256.2 -3536.2 32.5
4242.1 -3537.4 32.3
4214.2 -3540.2 31.9
4157.9 -3533.8 31.3
4324.8 -3525.5 34.1
4262.6 -3503.0 32.4
4243.9 -3507.3 32.0
4155.7 -3502.8 30.7
4141.4 -3505.7 30.7
4307.3 -3492.9 33.4
4243.2 -3492.9 32.0
4216.4 -3492.5 31.6
4142.2 -3489.4 30.5
4197.5 -3478.3 31.2
4188.4 -3477.2 31.0
4175.1 -3471.2 30.7
4141.5 -3479.5 30.4
4279.2 -3459.0 32.5
4264.7 -3462.9 32.3
4231.4 -3457.9 31.6
4204.0 -3459.5 31.1
4188.6 -3457.6 30.8
4230.7 -3445.0 31.6
4218.1 -3445.2 31.3
4264.6 -3425.8 32.1
4233.0 -3430.7 31.5
4173.2 -3429.9 30.2
4157.4 -3433.0 30.0
4211.9 -3415.4 30.7
4204.5 -3419.7 30.7
4153.0 -3418.9 29.5
4111.3 -3420.2 29.6
4113.0 -3400.4 29.2
6922.7 2718.4 36.2
6935.5 2748.0 35.6
6919.8 2749.3 36.1
6916.8 2780.7 36.3
6904.1 2782.4 36.7
6857.3 2779.9 37.7
6904.3 2789.4 36.7
6877.3 2795.9 37.5
6859.6 2796.5 37.9
6880.4 2810.8 37.4
6904.5 2819.3 36.9
6887.5 2825.1 37.1
6877.5 2834.2 37.1
6917.1 2847.8 36.2
6857.3 2850.9 37.2
6843.4 2849.5 37.4
6905.8 2880.5 35.9
6859.7 2882.0 36.6
6816.7 2880.0 37.4
6921.2 2897.5 35.3
6906.4 2902.0 35.5
6855.8 2901.3 36.4
6840.7 2894.4 36.7
6832.1 2893.7 36.9
6817.3 2902.1 37.0
6800.8 2900.4 37.3
6924.6 2910.4 35.1
6830.7 2911.2 36.7
6887.7 2923.8 35.6
6873.1 2930.6 35.8
6803.2 2928.3 37.2
6909.6 2957.1 34.6
6865.3 2960.5 35.6
6876.7 2971.9 35.1
6800.1 2977.2 36.7
6908.4 2988.3 34.1
6890.9 2989.7 34.5
6802.9 2989.3 36.5
6819.6 2999.9 35.9
