6074.5 -6236.3 35.5
6074.7 -6213.3 35.5
6078.6 -6202.5 35.6
6784.6 -6323.7 35.3
6709.8 -6320.4 35.5
6783.6 -6316.6 35.3
6700.9 -6310.7 35.7
6724.9 -6290.8 35.7
6709.9 -6286.2 35.7
6702.8 -6280.3 35.7
6863.5 -6252.6 34.9
6849.6 -6254.9 35.0
6710.3 -6242.5 35.9
6770.3 -6233.0 35.7
6754.0 -6233.3 35.9
6739.3 -6236.5 35.9
6731.6 -6233.7 35.9
6714.4 -6231.5 35.9
6704.8 -6236.5 35.9
6880.1 -6226.4 35.1
6811.7 -6224.9 35.5
6799.2 -6224.9 35.6
6784.9 -6224.7 35.7
6764.7 -6224.3 35.9
6730.8 -6226.6 35.9
6719.8 -6224.6 35.9
6802.6 -6213.7 35.7
6791.3 -6216.4 35.7
6880.8 -6203.2 35.4
6850.7 -6206.0 35.5
6812.4 -6206.4 35.7
6805.0 -6200.6 35.8
6793.5 -6201.6 35.9
6863.7 -6191.3 35.5
6812.6 -6196.0 35.8
6800.9 -6195.2 35.9
6872.0 -6182.0 35.5
6854.6 -6183.8 35.6
6821.0 -6180.6 35.9
6820.0 -6172.6 35.9
6864.3 -6162.9 35.8
6831.2 -6165.5 36.0
6824.8 -6162.2 36.0
6831.3 -6151.0 36.0
6864.4 -6146.1 36.0
6834.4 -6143.9 36.0
6824.8 -6141.5 36.0
6812.8 -6133.5 36.0
6861.2 -6126.7 36.0
6825.2 -6121.9 36.0
6859.0 -6112.8 36.1
6824.4 -6113.9 36.0
6850.7 -6106.9 36.1
6843.6 -6106.1 36.1
6832.3 -6106.4 36.1
6758.4 -6322.7 35.4
-2218.4 -3604.0 41.9
-2217.7 -3590.2 41.9
-2203.7 -3585.0 42.0
-2215.8 -3580.4 41.9
6063.5 -7992.3 48.2
6076.4 -7986.4 49.0
6035.7 -7963.3 48.6
6022.2 -7962.5 48.4
6143.7 -7954.1 50.6
6041.7 -7952.1 49.1
6033.4 -7953.2 48.9
6144.1 -7936.4 50.9
6042.1 -7937.8 49.6
6030.2 -7936.1 49.4
6120.5 -7923.6 51.1
6135.6 -7916.5 51.4
6123.2 -7908.3 51.5
6116.0 -7904.2 51.6
6126.3 -7898.3 51.7
6124.3 -7882.8 51.8
6122.4 -7877.4 51.7
6114.4 -7864.6 51.5
6106.6 -7844.6 51.3
6092.7 -7814.1 50.8
6034.7 -7815.4 49.7
6046.6 -7806.8 49.9
6033.3 -7803.3 49.6
6015.8 -7808.0 49.3
6034.0 -7793.9 49.5
6023.2 -7795.7 49.3
6014.3 -7792.1 49.0
6001.7 -7793.6 48.7
6050.9 -7787.4 49.8
6846.0 -6632.9 32.6
6837.0 -6629.4 32.6
5878.2 -7698.6 43.9
5866.4 -7698.4 43.7
5881.5 -7693.2 43.9
5871.0 -7690.1 43.7
5861.2 -7688.8 43.5
5849.8 -7692.7 43.4
5880.9 -7683.1 43.7
5868.5 -7679.6 43.6
5859.6 -7683.6 43.5
5849.7 -7679.1 43.3
5869.1 -7671.7 43.5
5821.0 -7668.7 42.8
5848.9 -7663.0 43.2
5719.2 -7747.5 41.6
5719.0 -7737.6 41.4
5707.4 -7740.2 41.1
5703.4 -7741.1 41.0
5692.4 -7738.0 40.9
5737.3 -7733.4 41.7
5728.1 -7727.8 41.5
5709.7 -7729.1 41.2
5698.3 -7728.2 40.9
5739.7 -7717.9 41.7
5723.4 -7721.1 41.4
5703.2 -7722.3 41.0
5750.6 -7710.1 41.9
5738.6 -7713.1 41.7
5717.8 -7709.6 41.3
5713.2 -7713.7 41.2
5688.2 -7712.3 40.8
5681.1 -7711.2 40.6
5789.7 -7699.5 42.5
5747.7 -7700.2 41.9
5742.3 -7699.8 41.8
5727.3 -7698.2 41.5
5719.4 -7702.2 41.4
5680.4 -7703.9 40.6
5792.5 -7693.4 42.5
5748.2 -7690.2 41.9
5730.1 -7690.5 41.6
5722.6 -7688.2 41.5
5690.5 -7689.0 40.8
5766.8 -7678.6 42.2
5762.7 -7679.3 42.2
5741.2 -7678.1 41.8
5731.8 -7683.8 41.6
5721.3 -7683.4 41.4
5712.4 -7683.9 41.3
5701.5 -7682.2 41.1
5763.0 -7671.4 42.2
5747.4 -7670.8 42.0
5742.6 -7668.9 41.9
5719.3 -7669.0 41.4
5708.6 -7667.7 41.2
5699.8 -7671.0 41.0
5808.2 -7657.4 42.7
5778.1 -7660.5 42.3
5759.3 -7661.4 42.1
5741.4 -7661.5 41.8
5731.2 -7663.5 41.6
5699.4 -7663.3 41.0
5693.1 -7659.5 40.9
5777.9 -7653.7 42.3
5768.1 -7648.9 42.2
5730.0 -7653.2 41.5
5758.5 -7638.8 42.1
5733.4 -7642.3 41.3
5720.6 -7642.0 40.9
6925.1 -6634.4 33.1
6781.7 -7362.0 33.2
6768.5 -7354.2 32.8
6762.9 -7347.7 32.7
6718.4 -7353.1 32.1
6771.6 -7338.6 32.9
6763.7 -7343.0 32.7
6751.1 -7343.7 32.4
6727.9 -7331.8 31.8
6719.6 -7328.1 31.6
6724.0 -7319.7 31.8
6748.2 -7313.3 32.6
6814.9 -7324.8 34.4
6802.2 -7309.5 34.3
6880.0 -7174.4 32.8
6170.1 -6018.0 35.1
6198.1 -5995.5 35.5
6180.2 -6000.0 35.4
6159.0 -5995.3 35.4
6148.6 -5997.9 35.3
6170.3 -5984.0 35.6
6160.4 -5987.5 35.5
6149.6 -5988.1 35.5
6177.4 -5975.0 35.7
6152.5 -5979.7 35.6
6199.3 -5969.4 35.9
6187.8 -5967.5 35.9
6169.6 -5965.6 35.8
6149.6 -5969.7 35.7
6178.4 -5959.4 36.0
6152.7 -5958.1 35.9
6196.2 -5950.1 36.1
6150.8 -5947.1 36.2
6182.7 -5939.9 36.2
6925.6 -7018.4 35.5
6952.3 -6989.3 35.6
6930.2 -6947.3 35.1
6920.4 -6947.6 35.0
6911.9 -6947.2 34.9
6903.5 -6946.9 34.8
6950.1 -6938.6 35.3
6929.5 -6940.6 35.1
6941.8 -6926.9 35.1
6925.4 -6930.3 35.0
6911.7 -6931.5 34.8
6910.6 -6917.3 34.7
6904.0 -6919.5 34.7
6919.9 -6910.2 34.8
6280.7 -6100.9 36.0
6296.2 -6087.9 36.0
6269.7 -6087.7 35.9
6290.9 -6070.7 35.9
6280.5 -6055.3 35.7
6247.6 -6057.7 35.5
6171.7 -6060.5 35.0
6241.4 -6050.8 35.4
6199.6 -6050.5 35.1
6190.8 -6046.4 35.0
6230.3 -6036.7 35.1
6207.4 -6041.1 35.0
6196.3 -6041.7 34.9
6197.1 -6026.9 35.1
6175.7 -6026.8 35.0
6256.1 -6019.9 35.4
6249.6 -6015.4 35.4
6229.1 -6020.4 35.3
6202.2 -6018.3 35.2
6309.1 -6145.6 35.6
6300.6 -6139.1 35.7
6289.9 -6124.6 35.9
6288.5 -6118.1 35.9
6318.2 -6108.8 35.8
6290.0 -6108.3 35.9
6879.2 -7014.9 34.7
6866.2 -7014.8 34.4
6886.2 -7010.6 34.8
6878.7 -7010.6 34.6
-2652.7 -2709.8 23.9
-2614.8 -2676.1 24.2
-2585.1 -2670.0 24.3
-2596.0 -2666.9 24.3
-2611.0 -2665.8 24.3
-2573.5 -2658.4 24.4
-2594.8 -2656.3 24.4
-2605.4 -2655.8 24.4
-2613.1 -2659.5 24.4
-2626.1 -2656.4 24.5
-2629.7 -2657.9 24.4
-2573.5 -2650.6 24.5
-2603.3 -2650.7 24.5
-2633.3 -2645.9 24.4
-2641.5 -2648.7 24.2
-2654.6 -2648.8 23.9
-2551.5 -2639.6 24.4
-2571.4 -2639.5 24.6
-2604.7 -2637.1 24.6
-2612.5 -2638.3 24.6
-2633.0 -2637.9 24.4
-2642.5 -2638.6 24.2
-2653.4 -2640.4 23.9
-2671.6 -2637.8 23.6
-2683.6 -2639.7 23.3
-2694.3 -2638.5 23.1
-2550.6 -2632.2 24.5
-2575.2 -2627.2 24.7
-2581.4 -2626.9 24.7
-2592.4 -2629.7 24.7
-2606.0 -2628.8 24.7
-2620.5 -2631.0 24.6
-2634.0 -2631.3 24.3
-2643.9 -2625.8 24.1
-2665.6 -2631.3 23.7
-2551.8 -2618.8 24.7
-2561.4 -2621.9 24.8
-2585.7 -2617.7 24.8
-2603.9 -2617.8 24.9
-2612.1 -2617.0 24.8
-2623.3 -2618.9 24.6
-2645.2 -2620.0 24.1
-2671.3 -2617.9 23.6
-2692.3 -2620.8 23.1
-2555.5 -2609.9 24.9
-2560.0 -2611.1 24.9
-2582.5 -2608.9 24.9
-2646.1 -2611.6 24.1
-2661.8 -2612.1 23.8
-2699.9 -2608.6 23.1
-2572.8 -2596.5 25.1
-2595.3 -2600.9 25.0
-2599.9 -2597.6 25.0
-2629.9 -2602.2 24.4
-2643.7 -2596.9 24.1
-2662.0 -2602.0 23.7
-2532.0 -2587.1 24.9
-2540.5 -2590.0 25.0
-2576.0 -2589.4 25.1
-2585.6 -2590.8 25.1
-2591.7 -2591.0 25.1
-2602.8 -2588.1 25.0
-2610.4 -2587.5 24.8
-2645.5 -2591.2 24.1
-2674.9 -2590.3 23.5
-2572.4 -2581.1 25.2
-2590.9 -2581.1 25.2
-2630.6 -2579.5 24.4
-2564.6 -2569.9 25.4
-2572.5 -2567.7 25.4
-2652.1 -2571.6 24.0
-2665.0 -2568.3 23.8
-2674.9 -2569.8 23.6
-2684.2 -2570.7 23.5
-2703.1 -2569.8 23.2
-2591.4 -2562.0 25.2
-2623.8 -2557.0 24.5
-2633.4 -2557.3 24.3
-2671.7 -2556.2 23.7
-2690.2 -2557.1 23.5
6335.0 -6067.0 36.0
6315.5 -6072.4 36.0
6309.1 -6067.1 36.0
6334.8 -6062.4 36.0
6304.1 -6058.1 35.9
6319.3 -6048.8 35.9
6303.6 -6047.6 35.8
6298.7 -6051.8 35.8
6328.7 -6037.1 35.8
6306.9 -6038.0 35.7
6295.0 -6038.2 35.6
6286.0 -6042.4 35.6
6383.8 -6027.7 35.9
6345.6 -6031.4 35.9
6328.0 -6030.3 35.8
6285.2 -6032.4 35.5
6435.2 -6020.5 35.9
6378.4 -6016.7 36.0
6365.6 -6022.5 35.9
6328.4 -6020.9 35.7
6318.3 -6021.8 35.6
6309.8 -6016.2 35.6
6438.6 -6012.4 35.9
6394.4 -6006.0 36.0
6384.8 -6010.9 36.0
6376.0 -6007.6 35.9
6353.7 -6011.1 35.8
6346.3 -6009.7 35.8
6336.4 -6006.4 35.8
6317.1 -6011.5 35.7
6438.6 -6002.2 36.0
6415.4 -6000.8 36.0
6397.1 -5997.2 36.1
6375.6 -5996.2 36.1
6339.4 -6001.6 35.9
6326.0 -6000.9 35.9
6305.9 -5996.6 35.9
6268.9 -5998.3 35.7
6259.4 -6000.2 35.7
6453.9 -5988.3 36.0
6448.9 -5990.2 36.0
6414.7 -5991.8 36.0
6396.1 -5988.2 36.1
6385.3 -5990.5 36.1
6364.5 -5989.1 36.1
6338.1 -5986.0 36.1
6329.4 -5989.9 36.0
6316.7 -5990.2 36.0
6295.8 -5987.2 36.0
6288.9 -5991.4 35.9
6414.8 -5977.1 36.1
6394.1 -5977.1 36.2
6367.0 -5979.3 36.3
6348.5 -5978.8 36.2
6337.4 -5982.4 36.1
6330.2 -5982.3 36.1
6314.1 -5976.8 36.2
6295.3 -5981.8 36.0
6276.9 -5977.3 36.0
6246.3 -5980.1 35.9
6349.5 -5966.7 36.4
6318.8 -5967.5 36.3
6295.7 -5971.1 36.2
6288.6 -5968.7 36.2
6276.7 -5969.2 36.1
6267.1 -5966.4 36.1
6234.1 -5969.3 36.0
6228.0 -5967.8 36.0
6435.3 -5957.0 36.2
6425.4 -5961.5 36.2
6404.9 -5956.9 36.3
6335.8 -5960.0 36.5
6277.8 -5960.4 36.3
6259.7 -5961.1 36.2
6317.2 -5946.0 36.6
6295.1 -5948.6 36.5
6223.6 -5950.9 36.2
6285.3 -5936.3 36.6
6273.7 -5942.3 36.5
6876.7 -6931.1 34.4
6415.5 -6123.8 35.9
6407.4 -6125.4 35.8
6345.0 -6117.7 35.7
6357.8 -6108.5 35.7
6478.8 -6099.0 36.1
6468.2 -6098.7 36.0
6428.0 -6095.6 35.8
6399.2 -6094.4 35.7
6379.1 -6093.6 35.7
6368.4 -6092.9 35.7
6355.5 -6097.3 35.7
6445.7 -6083.5 35.9
6425.6 -6086.9 35.8
6415.7 -6089.0 35.8
6405.0 -6087.3 35.7
6398.5 -6087.5 35.7
6316.9 -6083.7 36.0
6445.7 -6074.6 35.9
6439.6 -6078.1 35.9
6425.9 -6076.8 35.8
6414.1 -6073.3 35.7
6388.3 -6078.7 35.7
6457.1 -6065.6 35.9
6427.0 -6069.3 35.8
6514.2 -6058.8 36.2
6507.2 -6058.9 36.2
6499.1 -6054.0 36.1
6458.4 -6053.2 35.9
6504.1 -6042.8 36.1
6497.9 -6044.1 36.1
6486.1 -6045.1 36.0
6475.0 -6045.7 35.9
6466.7 -6043.0 35.9
6407.8 -6046.7 35.8
6396.8 -6047.8 35.8
6515.3 -6037.9 36.2
6507.9 -6032.8 36.1
6509.7 -6028.7 36.1
6497.9 -6023.1 36.0
6446.1 -6025.2 35.9
6515.0 -6018.7 36.1
6507.5 -6019.1 36.1
6486.5 -6016.1 35.9
6465.4 -6015.4 35.9
6459.4 -6019.0 35.9
6550.4 -6002.8 36.4
6535.5 -6008.1 36.3
6529.0 -6003.7 36.3
6507.2 -6008.2 36.1
6498.8 -6006.6 36.1
6465.3 -6003.7 36.0
6558.0 -5997.6 36.5
6536.9 -5998.3 36.4
6528.9 -5993.3 36.3
6498.9 -5997.1 36.2
6460.4 -5993.6 36.1
6538.2 -5985.9 36.4
6524.1 -5983.3 36.4
6505.4 -5987.1 36.3
6515.5 -5977.0 36.4
6496.8 -5974.1 36.3
6464.1 -5978.2 36.1
6564.9 -5965.1 36.4
6558.3 -5969.1 36.4
6538.6 -5964.4 36.5
6526.0 -5963.7 36.5
6537.8 -5956.6 36.5
6529.5 -5956.4 36.5
6518.8 -5955.7 36.4
6477.0 -5953.6 36.3
6469.1 -5958.0 36.2
6567.1 -5945.0 36.0
6537.9 -5945.5 36.5
6527.7 -5948.2 36.5
6483.8 -5947.2 36.3
6474.2 -5946.6 36.3
6539.4 -5935.9 36.4
6524.5 -5936.1 36.5
6517.4 -5937.4 36.4
6474.7 -5938.4 36.3
6359.5 -5934.5 36.4
6345.1 -5935.5 36.4
6569.5 -5926.3 35.8
6506.6 -5922.8 36.4
6467.7 -5928.6 36.3
6330.4 -5927.5 36.6
6306.3 -5927.6 36.8
6297.7 -5924.8 36.8
6264.4 -5924.5 36.7
6533.9 -5915.0 36.4
6514.1 -5918.4 36.4
6454.9 -5915.5 36.5
6447.6 -5915.8 36.5
6426.5 -5915.7 36.5
6417.6 -5917.8 36.5
6398.1 -5917.2 36.6
6365.4 -5915.5 36.6
6354.7 -5917.0 36.6
6300.0 -5919.3 36.9
6255.9 -5916.8 36.8
6225.3 -5913.3 36.8
6180.4 -5912.9 36.8
6490.4 -5905.4 36.7
6466.8 -5907.3 36.7
6458.2 -5903.6 36.8
6450.2 -5902.8 36.8
6403.8 -5909.3 36.6
6395.8 -5904.5 36.7
6383.9 -5907.2 36.7
6376.2 -5907.2 36.7
6365.0 -5905.0 36.7
6359.2 -5909.2 36.6
6205.9 -5908.4 36.8
6386.7 -5894.7 36.8
6369.6 -5898.6 36.7
6314.3 -5892.9 36.7
6254.8 -5897.0 37.1
6208.0 -5896.0 37.1
6179.6 -5893.2 37.3
6385.5 -5889.3 36.8
6325.8 -5885.1 36.7
6319.0 -5889.2 36.7
6309.6 -5884.5 36.7
6277.2 -5886.6 37.3
6266.1 -5886.3 37.3
6234.6 -5888.9 37.1
6218.8 -5886.0 37.3
6195.2 -5886.8 37.4
6185.7 -5886.4 37.4
6176.2 -5884.4 37.3
6253.9 -5876.7 37.3
6245.2 -5875.9 37.3
6237.0 -5874.4 37.4
6219.9 -5874.5 37.5
6198.5 -5875.3 37.7
6186.5 -5872.9 37.6
6175.7 -5879.0 37.4
6897.2 -6902.7 34.5
6877.9 -6880.7 34.1
6863.4 -6882.0 33.9
6867.6 -6875.6 33.9
6695.1 -6598.5 34.0
6715.1 -6642.9 33.2
6895.5 -6763.0 33.6
6884.0 -6759.7 33.4
6871.5 -6763.9 33.3
6895.1 -6754.1 33.5
6874.8 -6751.5 33.3
6901.4 -6740.6 33.5
6896.3 -6738.9 33.4
6883.6 -6711.6 33.1
6875.0 -6712.3 33.0
6864.4 -6833.6 33.7
6872.0 -6828.5 33.8
6863.6 -6817.6 33.6
6885.0 -6808.9 33.8
6871.9 -6804.9 33.6
6877.6 -6793.4 33.6
6896.4 -6788.3 33.7
6884.6 -6775.4 33.5
6877.5 -6778.0 33.5
6852.3 -6773.5 33.2
6911.9 -6719.1 33.5
6912.2 -6703.9 33.4
6901.9 -6707.2 33.3
6892.7 -6709.8 33.2
6658.3 -6055.7 36.2
6646.7 -6052.0 36.2
6678.6 -6044.6 36.5
6666.9 -6042.2 36.5
6647.5 -6045.3 36.3
6924.9 -7191.1 35.2
6924.8 -7180.8 35.2
6929.5 -7175.3 35.5
6922.3 -7171.7 35.1
6923.8 -7132.7 36.0
6901.6 -7130.2 34.2
6932.3 -7125.8 36.2
6924.4 -7123.6 36.0
6935.1 -7111.7 36.2
6915.8 -7112.3 35.8
6904.3 -7113.4 34.9
6931.8 -7102.8 36.1
6924.1 -7101.0 36.0
6919.6 -7092.9 35.8
6914.2 -7092.4 35.7
6835.1 -6446.3 34.2
6845.8 -6435.2 34.1
6836.3 -6435.8 34.2
6828.1 -6433.1 34.3
6702.3 -7652.9 33.9
6694.6 -7655.6 34.1
6673.5 -7653.6 34.1
6695.2 -7642.9 33.7
6682.9 -7642.3 33.9
6646.1 -7648.0 34.2
6633.8 -7646.4 34.2
6624.8 -7642.6 34.2
6564.6 -7601.6 35.3
6557.3 -7606.3 35.3
6551.3 -7595.1 35.5
6542.7 -7596.3 35.6
6524.5 -7592.8 35.8
6564.0 -7584.3 35.5
6551.3 -7583.4 35.7
6545.5 -7583.4 35.7
6536.1 -7582.6 35.8
6553.3 -7571.6 36.0
6532.9 -7577.1 35.9
6564.9 -7567.6 36.2
6554.2 -7567.4 36.2
6564.2 -7555.6 36.8
6672.7 -7482.3 34.5
6655.5 -7486.5 35.0
6642.4 -7487.6 35.3
6634.5 -7487.0 35.4
6677.6 -7475.2 34.3
6644.7 -7473.1 35.0
6694.9 -7463.0 34.0
5450.7 -7122.8 30.5
5441.5 -7125.8 30.7
5425.5 -7114.3 30.2
5417.8 -7114.7 30.1
5459.1 -7105.0 29.8
5451.0 -7104.0 30.0
5430.1 -7103.8 29.8
5408.0 -7102.7 29.6
5425.2 -7095.9 29.5
5408.6 -7091.8 29.2
5400.3 -7094.1 29.3
5391.1 -7089.9 29.4
5376.5 -7092.8 29.6
5417.6 -7083.9 29.0
5411.1 -7084.1 29.1
5377.8 -7084.0 29.5
5400.7 -7072.7 29.1
5386.4 -7066.3 29.1
5387.5 -7051.6 29.0
5852.2 -6392.6 33.4
5840.1 -6390.2 33.3
5830.5 -6388.3 33.2
5819.2 -6388.3 33.1
5818.8 -6381.3 33.1
5813.9 -6379.1 33.1
5821.1 -6372.0 33.2
5851.4 -6360.1 33.4
5819.1 -6358.0 33.1
5849.2 -6350.4 33.4
5839.7 -6352.5 33.3
5870.5 -6343.8 33.6
5860.7 -6343.4 33.5
5851.0 -6344.1 33.4
5830.2 -6342.9 33.2
5853.9 -6327.9 33.4
5912.1 -6317.8 34.0
5879.9 -6319.6 33.7
5874.6 -6319.2 33.6
5902.9 -6313.3 33.9
5853.0 -6307.7 33.4
5844.1 -6309.3 33.3
5835.0 -6311.1 33.2
5929.4 -6299.1 34.2
5895.2 -6300.6 33.8
5881.3 -6297.6 33.7
5903.9 -6292.3 33.9
5865.0 -6290.5 33.5
5851.2 -6293.7 33.4
5921.0 -6280.5 34.1
5889.2 -6282.7 33.7
5880.0 -6281.8 33.6
5868.7 -6282.0 33.5
5841.2 -6282.1 33.3
5832.9 -6281.3 33.2
5880.4 -6270.6 33.6
5844.1 -6271.1 33.3
5831.7 -6272.3 33.1
5920.9 -6264.0 34.0
5900.7 -6263.4 33.8
5879.4 -6258.0 33.6
5850.9 -6258.6 33.3
5839.9 -6262.7 33.2
5828.9 -6259.3 33.1
5870.7 -6250.9 33.5
5813.7 -6252.8 33.0
5874.0 -6243.9 33.6
5861.3 -6241.5 33.5
5851.0 -6243.2 33.4
5829.8 -6238.4 33.2
5892.3 -6229.3 33.8
5880.0 -6230.1 33.7
5863.6 -6232.9 33.5
5922.3 -6221.5 34.0
5902.0 -6220.6 33.9
5892.0 -6223.4 33.8
5883.3 -6223.2 33.7
5874.0 -6224.1 33.6
5864.8 -6223.4 33.6
5851.6 -6223.0 33.5
5824.4 -6218.2 33.2
5919.5 -6211.6 34.0
5874.4 -6211.5 33.7
5864.5 -6208.0 33.6
5850.3 -6213.7 33.5
5842.2 -6213.5 33.4
5830.8 -6210.8 33.3
5871.4 -6203.9 33.7
5843.3 -6198.7 33.4
5828.8 -6200.5 33.3
5870.0 -6192.2 33.7
5862.8 -6188.5 33.6
5840.4 -6189.3 33.4
5830.3 -6189.7 33.4
5864.3 -6182.2 33.6
5849.8 -6179.6 33.5
5824.7 -6177.6 33.5
5905.2 -6169.4 34.1
5842.0 -6150.8 33.9
6798.7 -7918.8 41.4
6824.0 -7904.1 41.7
6792.8 -7905.3 41.5
6792.6 -7898.1 41.4
6821.8 -7886.3 41.5
6791.2 -7886.3 40.9
6783.0 -7888.0 40.8
6819.5 -7877.7 41.1
6799.8 -7878.4 40.7
6789.6 -7878.2 40.5
6779.0 -7872.6 40.1
6791.0 -7864.4 39.9
6783.1 -7864.2 39.8
6773.2 -7867.7 39.7
6833.6 -7857.1 40.7
6760.5 -7852.4 38.8
6841.9 -7847.5 40.6
6830.3 -7847.6 40.3
6824.4 -7849.0 40.2
6848.7 -7834.3 39.8
6844.5 -7832.9 39.8
6830.1 -7835.9 40.0
6819.3 -7834.5 39.7
6811.9 -7838.0 39.6
6793.5 -7835.6 39.1
6858.6 -7822.7 39.0
6839.5 -7823.6 39.4
6832.5 -7823.9 39.6
6819.1 -7827.3 39.5
6798.6 -7823.3 38.9
6828.6 -7815.9 39.2
6814.2 -7816.9 39.0
6738.4 -7813.8 37.2
6789.2 -7808.1 38.2
6772.2 -7807.9 37.8
6761.1 -7804.7 37.4
6733.3 -7805.5 36.8
6799.8 -7795.1 38.0
6773.1 -7792.7 37.4
6772.8 -7787.6 37.2
6760.0 -7785.9 36.8
6799.3 -7774.6 37.4
6772.2 -7775.4 36.8
6751.8 -7773.6 36.3
6718.1 -7777.4 36.0
6813.3 -7764.6 36.7
6790.3 -7764.4 36.9
6773.1 -7766.7 36.6
6761.3 -7765.2 36.3
6753.2 -7763.5 36.0
6720.8 -7764.0 35.7
6809.1 -7758.9 36.5
6791.7 -7754.6 36.6
6780.3 -7755.6 36.4
6753.7 -7755.1 35.8
6808.8 -7745.7 35.8
6790.4 -7743.5 36.0
6779.8 -7742.6 36.0
6699.9 -7743.0 35.3
6753.1 -7732.6 35.3
6762.5 -7725.4 35.2
6753.4 -7726.0 35.2
6733.2 -7725.7 35.1
6699.6 -7723.8 34.9
6770.5 -7717.0 35.0
6729.2 -7715.0 34.9
6701.8 -7716.4 34.8
6739.9 -7705.0 34.7
6699.6 -7704.5 34.5
6751.1 -7694.1 34.5
6744.0 -7697.8 34.6
6738.3 -7686.4 34.2
5824.5 -6164.9 33.7
5831.0 -6156.5 33.8
5834.9 -6135.4 34.0
6688.3 -7820.6 36.6
6683.4 -7823.4 36.6
6640.4 -7821.0 37.3
6627.9 -7821.2 37.6
6688.7 -7811.8 36.4
6678.5 -7810.3 36.4
6648.7 -7811.3 36.8
6641.8 -7812.4 37.0
6711.2 -7802.5 36.4
6697.5 -7803.4 36.3
6668.7 -7804.1 36.2
6662.5 -7800.8 36.1
6668.3 -7793.8 36.0
6647.6 -7792.3 36.0
6682.8 -7785.3 35.9
6670.7 -7781.0 35.8
6647.7 -7785.0 35.8
6683.1 -7776.3 35.8
6657.2 -7765.9 35.5
6642.6 -7763.4 35.4
6653.2 -7755.9 35.3
6630.2 -7755.6 35.2
6647.8 -7742.5 35.0
6639.7 -7740.1 34.9
6631.6 -7736.0 34.8
6619.2 -7734.2 34.7
6621.9 -7725.2 34.5
6648.7 -7691.1 33.9
5362.5 -7081.4 29.7
6048.2 -6068.4 34.2
6068.5 -6057.0 34.3
6056.5 -6060.0 34.2
6070.9 -6050.3 34.4
6057.2 -6049.6 34.3
6088.0 -6038.8 34.6
6075.4 -6035.5 34.6
6057.6 -6039.5 34.5
5950.4 -6036.8 34.4
5941.3 -6039.1 34.4
6088.4 -6030.0 34.7
6078.4 -6030.6 34.7
5941.3 -6030.8 34.5
5964.8 -5997.9 34.8
5950.4 -5997.7 34.8
5434.5 -6830.2 29.9
5409.9 -6833.9 30.2
5456.0 -6823.3 29.9
5404.5 -6820.1 30.2
5415.7 -6780.1 29.6
5466.7 -6738.9 29.7
5423.3 -6738.6 29.4
5468.1 -6731.2 29.6
5448.2 -6732.4 29.5
5428.3 -6732.1 29.4
5458.0 -6718.5 29.5
5446.4 -6718.1 29.4
5437.0 -6722.3 29.4
5469.3 -6713.6 29.6
5454.4 -6710.0 29.4
5436.4 -6708.6 29.3
5468.1 -6701.3 29.5
5459.9 -6700.4 29.4
5446.2 -6690.9 29.3
5956.6 -6079.7 34.3
5947.9 -6083.5 34.3
5956.3 -6067.6 34.1
6259.7 -7631.3 41.6
6231.4 -7635.5 42.3
6207.4 -7631.2 42.8
6247.0 -7625.0 41.8
6230.1 -7624.8 42.1
6209.9 -7623.3 42.5
6258.0 -7612.5 41.2
6252.5 -7611.3 41.4
6270.9 -7600.8 40.7
6258.4 -7602.0 41.0
6249.8 -7599.8 41.2
6273.0 -7590.1 40.4
6260.4 -7594.6 40.8
6249.6 -7595.6 41.1
6229.9 -7595.1 41.5
6267.4 -7583.0 40.4
6259.2 -7580.7 40.5
6249.6 -7582.9 40.8
6236.8 -7582.6 41.1
6276.6 -7573.7 40.0
6257.6 -7572.7 40.4
6251.9 -7574.1 40.6
6276.8 -7565.9 39.8
6282.6 -7534.9 39.0
6279.8 -7514.4 38.6
6286.7 -7504.6 38.3
6282.3 -7502.5 38.3
6237.3 -7480.8 38.9
6227.2 -7482.2 39.2
6199.4 -7482.9 39.8
6113.4 -6184.1 35.7
6107.0 -6184.6 35.7
6137.6 -6173.3 35.8
6115.9 -6170.8 35.6
6132.9 -6160.8 35.7
6134.2 -6154.5 35.6
6194.0 -6121.4 35.7
6134.1 -6123.7 35.3
6179.7 -7973.0 50.2
6171.8 -7975.8 50.5
6209.9 -7961.4 49.1
6179.4 -7961.5 50.2
6204.3 -7955.4 49.3
6194.3 -7931.3 49.8
6193.8 -7921.4 49.8
6184.6 -7925.9 50.1
6194.3 -7916.1 49.8
6184.0 -7906.8 50.1
6154.0 -7906.6 51.0
6211.4 -7894.9 49.4
6183.3 -7894.3 50.2
6149.5 -7894.3 51.1
6173.3 -7881.3 50.5
6182.9 -7875.7 50.2
6173.7 -7871.5 50.5
6141.5 -7871.9 51.3
6199.9 -7861.7 49.8
6195.1 -7861.4 49.9
6181.3 -7863.7 50.3
6132.4 -7863.7 51.4
6193.7 -7842.5 49.8
6158.8 -7844.6 50.5
6131.6 -7843.5 51.0
6191.8 -7834.9 49.7
6162.1 -7835.5 50.3
6121.2 -7830.6 51.0
6172.9 -7823.3 49.8
6162.5 -7825.3 50.1
6112.6 -7821.9 51.0
6153.9 -7814.1 50.0
6129.1 -7813.3 50.5
6118.7 -7811.3 50.6
6149.6 -7803.6 49.9
6153.5 -7792.1 49.5
6110.9 -7792.0 50.3
6139.3 -7780.8 49.6
6134.7 -7786.0 49.8
6171.0 -7773.6 48.8
6161.8 -7771.6 48.9
6134.6 -7772.2 49.4
6120.6 -7772.8 49.7
6170.5 -7760.5 48.3
6140.4 -7764.6 49.1
6129.3 -7762.7 49.2
6161.3 -7757.0 48.3
6151.7 -7756.6 48.5
6129.2 -7751.3 48.7
6204.6 -7743.0 46.8
6184.6 -7745.2 47.3
6170.1 -7740.9 47.4
6165.2 -7744.9 47.7
6149.4 -7742.6 47.9
6203.3 -7733.5 46.4
6179.8 -7734.6 46.9
6164.4 -7732.7 47.2
6153.8 -7734.2 47.5
6144.5 -7731.7 47.6
6170.2 -7724.5 46.7
6159.5 -7725.1 46.9
6240.0 -6236.8 35.4
6272.4 -6203.2 35.5
6301.3 -6172.5 35.5
6295.5 -6173.2 35.5
6304.4 -6161.9 35.6
6300.5 -6153.2 35.6
6294.0 -6145.1 35.7
6437.3 -6190.6 36.1
6419.8 -6193.1 36.1
6409.8 -6195.5 36.0
6423.2 -6183.7 36.1
6410.0 -6183.9 36.0
6401.5 -6152.5 35.9
6296.3 -7974.2 46.5
6254.3 -7973.0 47.7
6245.5 -7973.0 48.0
6284.5 -7964.7 46.9
6248.1 -7954.9 48.0
6306.6 -7941.0 46.6
6296.6 -7942.0 46.7
6277.2 -7940.4 47.3
6279.1 -7931.5 47.3
6279.1 -7925.1 47.4
6304.3 -7916.1 46.8
6304.0 -7906.7 46.8
6304.0 -7882.8 46.9
6316.7 -7870.5 46.4
6305.6 -7872.7 46.9
6289.2 -7873.7 47.3
6288.0 -7861.6 47.3
6313.4 -7856.1 46.6
6303.1 -7854.6 46.9
6293.1 -7833.1 47.2
6316.1 -7814.3 46.5
6318.3 -7804.5 46.4
6297.2 -7802.6 47.1
6296.5 -7796.0 47.0
6327.9 -7783.1 45.7
6314.5 -7771.4 45.7
6323.2 -7766.4 45.3
6333.1 -7746.6 44.2
6323.7 -7745.4 44.4
6324.4 -7726.3 43.6
6327.0 -7711.2 42.9
6325.6 -7691.4 42.1
6339.4 -7684.0 41.7
6256.1 -7937.9 47.9
6251.9 -7928.8 48.1
6243.6 -7929.9 48.4
6232.6 -7927.4 48.7
6233.3 -7918.6 48.8
6261.6 -7906.2 48.0
6255.6 -7907.1 48.2
6274.9 -7900.2 47.7
6251.4 -7878.6 48.4
6252.1 -7872.9 48.3
6250.7 -7858.2 48.4
6245.8 -7856.7 48.5
6231.6 -7859.5 48.9
6236.2 -7849.3 48.8
6235.8 -7837.1 48.8
6251.4 -7831.7 48.3
6246.6 -7827.7 48.5
6233.1 -7832.4 48.8
6223.5 -7829.9 49.0
6285.4 -7821.1 47.4
6263.4 -7819.1 48.0
6251.6 -7822.7 48.3
6246.7 -7822.6 48.4
6236.6 -7818.7 48.6
6226.6 -7816.8 48.7
6262.8 -7808.1 47.9
6246.3 -7812.7 48.3
6226.3 -7806.8 48.5
6281.8 -7801.1 47.4
6276.9 -7799.7 47.5
6253.3 -7796.2 47.8
6246.2 -7800.4 48.0
6232.0 -7798.7 48.3
6272.3 -7777.3 46.8
6242.9 -7778.5 47.5
6210.7 -7781.9 48.3
6266.3 -7771.6 46.7
6253.4 -7766.8 46.8
6282.6 -7759.8 45.9
6283.2 -7752.4 45.6
6277.2 -7747.1 45.5
6247.1 -7751.5 46.2
6212.1 -7746.4 46.8
6293.3 -7741.3 44.9
6274.5 -7738.1 45.2
6264.3 -7742.8 45.5
6245.3 -7740.8 45.8
6235.8 -7741.5 46.0
6214.2 -7738.9 46.4
6244.6 -7731.5 45.4
6274.4 -7717.2 44.3
6252.0 -7717.0 44.7
6243.0 -7718.7 44.9
6237.1 -7719.9 45.1
6273.0 -7708.6 44.0
6263.7 -7712.5 44.4
6246.6 -7708.7 44.5
6236.8 -7712.6 44.8
6252.4 -7698.9 44.0
6245.7 -7696.3 44.0
6233.3 -7699.4 44.3
5556.9 -7000.6 27.6
5560.5 -6988.1 27.7
5539.4 -6988.8 27.9
5528.7 -6993.1 28.0
5516.3 -6994.0 28.2
5510.2 -6990.6 28.3
5486.3 -6994.1 28.7
5558.2 -6982.9 27.8
5549.1 -6979.5 27.8
5485.4 -6983.4 28.8
5557.7 -6971.7 27.9
5548.1 -6973.6 27.9
5477.0 -6971.3 29.0
5564.7 -6961.1 28.0
5558.7 -6959.6 28.0
5490.2 -6958.9 28.9
5476.1 -6962.9 29.1
5564.3 -6951.3 28.1
5559.9 -6951.6 28.1
5549.0 -6949.5 28.0
5546.6 -6940.5 28.1
5557.5 -6931.0 28.2
5545.4 -6929.8 28.2
5535.4 -6930.8 28.4
5530.0 -6933.3 28.4
5476.2 -6930.7 29.3
5569.7 -6922.3 28.4
5557.8 -6918.7 28.4
5548.4 -6923.1 28.3
5537.3 -6923.1 28.4
5516.4 -6917.8 28.8
5494.4 -6923.2 29.1
5484.7 -6919.9 29.2
5504.6 -6911.3 29.0
5567.3 -6898.8 28.6
5558.8 -6899.4 28.5
5514.8 -6900.2 28.9
5510.0 -6902.1 28.9
5498.9 -6902.8 29.1
5479.6 -6902.8 29.4
5568.8 -6893.3 28.6
5509.2 -6891.4 29.0
5499.3 -6888.9 29.1
5555.5 -6881.6 28.6
5516.1 -6881.2 28.9
5495.1 -6880.2 29.1
6074.5 -7814.8 50.5
6057.7 -7815.1 50.1
6029.7 -7790.0 49.4
6075.2 -7778.9 50.3
6048.0 -7780.7 49.7
6039.4 -7779.9 49.5
6030.1 -7782.9 49.3
6015.0 -7780.3 48.9
6038.4 -7768.6 49.3
6028.7 -7763.8 49.0
6016.1 -7761.0 48.6
6007.3 -7762.1 48.4
6070.1 -7750.6 49.6
6030.2 -7750.3 48.8
5974.5 -7627.5 45.0
5949.4 -7625.0 44.6
6019.4 -7605.1 45.9
5978.9 -7597.7 45.2
6009.6 -7588.0 45.8
5972.1 -7577.6 45.2
5941.1 -7579.6 44.7
5942.4 -7566.0 44.7
5960.1 -7556.6 45.0
5952.0 -7557.6 44.9
5944.5 -7560.1 44.8
6941.8 -7432.0 33.4
6950.3 -7383.2 34.1
6952.3 -7371.1 34.3
6951.4 -7351.5 34.5
6940.4 -7349.9 34.4
6945.6 -7342.7 34.6
6919.7 -7344.7 34.3
6919.8 -7328.2 34.5
6943.3 -7323.0 34.8
6921.5 -7323.7 34.6
6940.4 -7313.7 34.9
6919.7 -7302.6 34.8
6949.9 -7289.9 35.3
6940.8 -7292.3 35.2
6920.1 -7294.6 35.0
6951.3 -7284.8 35.5
6923.7 -7278.3 35.2
6940.9 -7269.9 35.4
6920.3 -7273.7 35.2
6944.4 -7259.9 35.6
6920.1 -7264.1 35.3
6914.0 -7264.3 35.3
6944.9 -7252.4 35.7
6935.9 -7254.8 35.6
6921.1 -7248.5 35.5
6949.8 -7243.3 36.0
6944.1 -7234.2 35.9
5962.1 -7532.5 44.6
5954.5 -7531.2 44.5
5984.8 -7524.4 44.9
5965.6 -7523.2 44.5
5953.6 -7527.0 44.4
6906.6 -7456.3 33.7
6940.3 -7451.2 33.6
6927.3 -7451.1 33.6
6911.3 -7446.8 33.6
6825.6 -7471.0 34.0
6865.5 -7464.1 33.8
6824.0 -7459.4 33.8
6847.9 -7441.6 33.6
6845.4 -7432.9 33.4
6832.9 -7431.3 33.4
6817.2 -7428.1 33.3
6798.2 -7432.7 33.3
6885.9 -7421.9 33.3
6846.7 -7423.9 33.3
6825.7 -7418.1 33.2
6792.3 -7421.0 33.1
6787.9 -7421.8 33.1
6817.1 -7408.9 33.3
6797.8 -7413.2 33.1
6786.1 -7414.6 33.1
6814.9 -7399.9 33.5
6786.3 -7400.8 33.2
6823.4 -7392.7 33.6
6818.0 -7391.0 33.6
6823.3 -7383.5 33.8
6802.3 -7380.1 33.6
5908.8 -7615.0 44.1
5883.4 -7603.3 43.7
5867.2 -7600.5 43.5
5918.9 -7579.0 44.3
5903.0 -7580.6 44.1
5883.0 -7578.8 43.7
5898.4 -7569.1 44.0
5875.6 -7564.3 43.6
5868.6 -7562.7 43.5
5904.8 -7553.1 44.1
5899.4 -7550.1 43.9
5885.9 -7542.3 43.5
5906.6 -7531.0 43.7
5882.7 -7529.4 43.0
5924.3 -7520.8 43.7
5879.3 -7524.1 42.8
5865.0 -7514.0 42.0
5895.4 -7501.3 42.2
6951.7 -7707.8 33.9
6951.9 -7656.3 33.0
6913.2 -7657.4 32.6
6925.7 -7635.4 32.6
6889.5 -7636.2 32.1
6900.4 -7625.4 32.3
6894.5 -7625.5 32.2
6882.7 -7630.2 32.0
6941.4 -7619.1 32.9
6934.4 -7619.6 32.8
6910.2 -7618.2 32.5
6880.5 -7616.4 32.2
6875.1 -7616.9 32.2
6863.7 -7617.2 32.4
6932.6 -7605.1 32.8
6911.5 -7609.0 32.5
6883.7 -7609.9 32.2
6865.6 -7610.1 32.5
6854.0 -7610.6 32.6
6931.6 -7597.7 32.8
6875.1 -7596.1 32.5
6850.7 -7596.8 32.8
6931.7 -7586.4 32.9
6861.5 -7590.2 32.8
6845.4 -7590.7 33.0
6880.2 -7554.3 33.0
6875.5 -7557.0 33.1
6864.6 -7558.7 33.2
6669.4 -7693.1 34.1
6702.5 -7664.2 34.1
6674.4 -7662.6 34.0
6101.3 -7785.3 50.4
6111.4 -7779.5 50.0
6108.5 -7769.1 49.9
6133.3 -7729.5 47.7
6139.6 -7721.4 47.2
6097.7 -7715.0 47.7
6089.1 -7716.5 47.9
6117.8 -6147.7 35.4
6129.3 -6142.3 35.5
6112.7 -6141.6 35.3
6103.8 -6141.1 35.3
6130.8 -6131.5 35.4
6110.7 -6131.6 35.2
6120.2 -6121.2 35.2
6081.2 -6123.2 34.9
6071.9 -6118.2 34.8
6112.8 -6108.1 35.0
6102.2 -6113.2 35.0
6088.6 -6110.9 34.9
6077.7 -6110.4 34.8
6071.9 -6111.3 34.8
6103.2 -6104.1 34.9
6087.4 -6101.7 34.8
6089.9 -6057.5 34.4
6110.0 -6047.8 34.5
6009.9 -7705.3 47.2
6037.6 -7695.8 47.3
6012.0 -7692.9 47.0
5973.0 -7692.0 46.2
5923.6 -7694.9 45.0
5938.2 -7501.8 43.3
5978.0 -7496.0 44.0
5970.3 -7485.8 43.6
5932.5 -7485.4 42.6
5917.4 -7482.7 42.1
5908.8 -7473.5 41.7
5888.1 -7473.6 41.1
5937.4 -7463.8 42.1
5930.1 -7464.4 41.9
5919.4 -7464.6 41.7
5878.3 -7464.7 40.6
5868.7 -7466.4 40.4
5921.9 -7452.4 41.4
5890.4 -7452.8 40.5
5920.7 -7447.8 41.2
5893.4 -7444.8 40.4
5878.2 -7442.0 39.9
5912.5 -7432.0 40.6
5903.2 -7431.4 40.3
5878.8 -7434.9 39.7
5940.0 -7416.5 40.9
5942.6 -7407.8 40.6
5940.1 -7396.3 39.9
5933.1 -7382.5 39.1
5860.0 -7375.9 37.8
5860.6 -7364.9 37.4
5861.6 -7353.9 37.1
5910.2 -7337.9 37.1
5871.9 -7337.6 36.8
5872.9 -7325.8 36.5
5909.9 -7315.1 36.4
5872.9 -7305.8 36.0
5861.6 -7297.9 35.8
5902.2 -7275.6 35.3
6218.3 -6225.5 35.6
6139.5 -6223.2 36.0
6743.8 -7248.9 32.8
6734.3 -7248.4 32.8
6726.5 -7242.8 32.8
6715.0 -7239.1 32.8
6727.7 -7231.3 33.1
6716.4 -7228.8 33.0
6759.6 -7221.6 33.3
6767.9 -7190.3 33.5
6764.4 -7183.4 33.5
6769.9 -7157.6 33.6
6755.7 -7151.7 33.7
6729.9 -7151.4 33.9
6767.8 -7138.4 33.6
6728.4 -7138.9 34.0
6000.6 -6218.4 34.8
6046.5 -6212.9 35.3
6049.0 -6201.6 35.3
6038.8 -6203.6 35.2
5987.2 -6199.4 34.7
5981.8 -6188.6 34.6
5981.0 -6183.9 34.6
5969.1 -6181.6 34.5
5962.7 -6181.7 34.5
5956.6 -6174.4 34.5
5950.9 -6174.4 34.4
5966.7 -6162.0 34.6
6011.5 -6148.7 35.0
5980.1 -6122.2 34.9
5898.9 -6112.7 34.3
5866.6 -6113.7 34.2
5958.6 -6103.9 34.6
5897.2 -6068.8 34.4
5849.8 -6070.1 34.4
5811.8 -7440.4 38.4
5822.2 -7420.2 38.1
5814.1 -7416.8 37.9
5812.3 -7412.8 37.9
5822.7 -7397.0 37.7
5813.2 -7389.7 37.6
5830.4 -7376.9 37.4
5821.7 -7382.7 37.5
5815.7 -7379.2 37.4
5833.9 -7370.9 37.3
5813.6 -7370.7 37.2
5842.3 -7358.1 37.1
6817.6 -7228.2 33.6
6803.5 -7229.2 33.4
6826.2 -7209.5 33.6
6807.8 -7209.4 33.4
6794.9 -7205.3 33.2
6822.6 -7195.7 33.2
5796.8 -7337.6 36.5
5811.0 -7316.9 36.1
5687.6 -7380.9 36.9
5710.1 -7370.6 36.9
5699.8 -7370.3 36.9
5739.1 -7362.5 36.8
5698.5 -7362.9 36.7
5690.1 -7364.9 36.7
5677.3 -7365.6 36.7
5766.7 -7351.8 36.7
5757.3 -7354.5 36.7
5717.7 -7355.8 36.6
5707.3 -7351.9 36.5
5691.3 -7355.4 36.5
5757.3 -7340.3 36.4
5745.9 -7340.0 36.4
5739.2 -7344.0 36.4
5777.1 -7334.0 36.3
5756.9 -7330.5 36.2
5739.4 -7332.9 36.2
5786.0 -7320.9 36.1
5767.7 -7325.3 36.1
5767.1 -7312.2 35.8
5755.1 -7310.9 35.8
5660.4 -7385.7 36.9
5876.0 -7246.2 34.5
5871.2 -7244.2 34.4
5862.1 -7233.2 33.9
5846.1 -7231.0 33.7
5857.4 -7224.1 33.6
5851.3 -7221.3 33.4
5824.1 -7547.6 42.4
5817.8 -7548.7 42.2
5835.3 -7537.1 42.3
5823.8 -7537.7 42.0
5837.2 -7521.0 41.7
5804.3 -7517.1 40.5
5806.1 -7507.7 40.1
5795.5 -7509.8 39.9
5838.2 -7498.1 40.8
5817.3 -7503.0 40.3
5805.9 -7499.1 39.8
5788.2 -7501.9 39.5
5802.3 -7488.7 39.5
5788.1 -7492.8 39.3
5808.0 -7482.7 39.4
5813.5 -7468.7 39.1
5806.4 -7470.0 38.9
5784.5 -7472.3 38.5
5802.7 -7459.9 38.8
5797.2 -7459.3 38.7
5775.7 -7457.8 38.3
5758.1 -7457.0 38.0
5318.2 -6960.2 29.1
5306.6 -6950.2 28.8
5295.3 -6954.6 28.3
5294.8 -6942.9 28.4
5326.6 -6932.8 29.8
5315.8 -6932.8 29.3
5297.4 -6930.4 28.6
5305.1 -6922.3 28.8
5295.0 -6922.3 28.6
5279.4 -6926.5 28.1
5337.5 -6914.1 30.1
5318.0 -6912.0 29.3
5311.2 -6910.8 29.0
5299.5 -6911.8 28.7
5277.3 -6910.7 28.3
5268.2 -6910.6 28.0
5336.6 -6903.6 30.0
5327.9 -6906.2 29.6
5295.5 -6900.3 28.6
5270.5 -6901.1 28.2
5344.7 -6896.2 30.2
5330.7 -6896.6 29.7
5318.1 -6893.5 29.2
5304.7 -6892.9 28.9
5279.6 -6894.0 28.2
5258.8 -6891.7 28.0
5349.0 -6881.9 30.3
5318.7 -6885.6 29.3
5308.5 -6884.5 29.0
5297.4 -6880.8 28.7
5286.5 -6884.4 28.4
5277.3 -6882.2 28.1
5256.2 -6882.1 27.9
5329.3 -6871.6 29.6
5264.7 -6875.3 27.9
5337.1 -6866.5 29.8
5305.6 -6860.7 28.9
5296.4 -6865.5 28.7
5254.9 -6862.9 27.7
5345.6 -6856.5 30.0
5337.1 -6851.2 29.8
5268.8 -6856.5 28.0
5360.2 -6846.4 30.5
5347.4 -6843.4 30.1
5325.8 -6842.2 29.4
5320.7 -6845.7 29.3
5359.9 -6835.6 30.4
5345.7 -6835.5 29.9
5337.7 -6835.5 29.7
5271.0 -6830.2 28.2
5259.6 -6830.1 28.0
5327.2 -6824.7 29.3
5240.2 -6826.4 27.7
5225.6 -6825.6 27.4
5269.4 -6816.1 28.3
5296.1 -6806.2 28.9
5290.3 -6800.2 28.8
5276.4 -6795.6 28.6
5270.5 -6792.8 28.4
5236.3 -6781.3 27.7
5231.0 -6781.7 27.6
5599.6 -7379.0 36.7
5610.6 -7369.1 36.5
5629.2 -7362.9 36.5
5620.5 -7359.1 36.3
5611.4 -7359.9 36.3
5603.2 -7364.4 36.4
5569.4 -7404.5 36.9
5579.9 -7394.7 36.9
5575.1 -7397.0 36.9
5539.1 -7400.3 36.9
5563.1 -7388.8 36.8
5541.4 -7386.9 36.7
5552.0 -7379.8 36.6
5540.8 -7376.6 36.5
5530.1 -7376.2 36.4
5561.0 -7370.6 36.4
5532.4 -7338.9 35.6
5666.4 -7310.0 35.5
5645.7 -7311.3 35.4
5627.3 -7313.6 35.4
5607.0 -7312.9 35.3
5584.7 -7313.4 35.3
5565.4 -7313.9 35.2
5675.2 -7301.8 35.3
5646.5 -7302.8 35.2
5623.8 -7298.9 35.1
5601.5 -7299.9 35.0
5584.9 -7303.7 35.0
5735.0 -7288.3 35.2
5717.5 -7288.4 35.2
5692.6 -7291.8 35.2
5657.8 -7294.6 35.1
5623.9 -7292.9 34.9
5717.2 -7278.4 35.0
5703.7 -7282.4 35.0
5693.6 -7278.4 34.9
5752.7 -7272.8 35.0
5763.2 -7261.7 34.7
5792.1 -7249.0 34.3
-2310.6 -2841.0 22.0
-2321.6 -2841.3 22.1
-2356.4 -2841.6 22.1
-2391.0 -2841.2 21.7
-2322.3 -2835.4 22.0
-2366.2 -2835.9 22.0
-2370.7 -2836.3 22.0
-2392.7 -2833.8 21.7
-2402.4 -2830.2 21.9
-2415.1 -2835.6 21.7
-2436.1 -2830.6 21.5
-2326.1 -2822.3 21.9
-2334.9 -2825.1 22.0
-2344.7 -2826.1 22.2
-2363.6 -2825.6 22.1
-2374.7 -2825.0 22.0
-2395.0 -2822.7 21.9
-2412.4 -2825.9 21.9
-2423.8 -2826.1 21.7
-2432.3 -2824.0 21.6
-2441.1 -2826.8 21.5
-2450.6 -2825.0 21.4
-2463.1 -2822.2 21.4
-2583.2 -2824.5 21.7
-2602.3 -2822.1 21.7
-2334.1 -2812.8 22.0
-2360.9 -2812.0 22.2
-2372.8 -2813.4 22.0
-2383.2 -2811.6 22.0
-2426.3 -2814.7 21.9
-2454.1 -2813.7 21.6
-2476.1 -2816.7 21.3
-2480.5 -2816.4 21.3
-2491.3 -2816.2 21.3
-2515.7 -2811.2 21.4
-2521.1 -2811.8 21.5
-2536.3 -2812.8 21.6
-2544.5 -2815.2 21.7
-2565.6 -2816.3 21.8
-2583.9 -2810.3 21.9
-2592.4 -2815.9 21.8
-2605.0 -2814.1 21.9
-2612.5 -2811.9 21.9
-2626.2 -2813.6 21.8
-2306.1 -2806.7 21.8
-2333.2 -2803.1 22.0
-2352.0 -2800.2 22.2
-2391.7 -2801.2 22.2
-2406.5 -2806.1 22.2
-2412.2 -2800.6 22.3
-2421.8 -2801.7 22.1
-2443.1 -2806.5 21.8
-2466.3 -2806.6 21.6
-2481.6 -2800.9 21.7
-2493.4 -2801.3 21.6
-2501.7 -2803.7 21.5
-2545.9 -2806.1 21.9
-2552.7 -2805.9 21.9
-2565.7 -2804.4 22.0
-2570.6 -2804.7 22.0
-2597.0 -2805.7 22.0
-2633.8 -2804.0 22.0
-2652.9 -2803.4 21.8
-2672.7 -2800.5 21.7
-2320.5 -2792.7 21.8
-2343.6 -2795.6 22.2
-2356.5 -2795.6 22.2
-2395.3 -2791.2 22.4
-2424.2 -2793.0 22.3
-2445.1 -2794.0 22.1
-2462.4 -2794.8 21.9
-2487.0 -2790.2 21.9
-2507.0 -2796.6 21.6
-2534.5 -2790.9 22.0
-2546.2 -2795.0 22.1
-2553.8 -2790.1 22.2
-2561.4 -2792.0 22.2
-2685.9 -2794.1 21.7
-2380.7 -2783.0 22.4
-2392.1 -2785.1 22.5
-2412.1 -2783.5 22.5
-2430.9 -2786.2 22.4
-2473.0 -2784.1 22.1
-2486.5 -2782.8 22.0
-2496.6 -2784.9 21.9
-2502.0 -2782.4 21.9
-2534.6 -2783.6 22.1
-2552.5 -2784.3 22.3
6238.2 -6383.3 35.0
6278.9 -6373.6 34.8
6249.0 -6363.1 35.0
6238.4 -6365.6 35.1
6219.2 -6363.4 35.3
6156.4 -6366.0 35.4
6146.7 -6362.0 35.3
6218.5 -6355.9 35.2
6207.0 -6355.0 35.3
6190.7 -6355.8 35.5
6158.7 -6354.2 35.3
6151.6 -6354.4 35.3
6207.3 -6343.7 35.3
6249.2 -6335.2 35.0
6178.7 -6336.0 35.4
6177.2 -6324.0 35.2
6169.9 -6320.3 35.3
6200.4 -7636.0 43.0
6185.8 -7637.9 43.4
6191.6 -7624.0 43.0
6183.0 -7623.6 43.1
6186.2 -7613.0 42.8
6203.1 -7602.7 42.2
6194.8 -7604.6 42.5
6164.2 -7602.9 43.1
6195.7 -7591.6 42.2
6183.2 -7593.8 42.5
6212.9 -7583.8 41.6
6193.2 -7583.6 42.0
6215.3 -7577.6 41.4
6201.3 -7574.5 41.7
6194.0 -7562.2 41.6
6180.2 -7566.2 41.9
6171.2 -7564.8 42.1
6211.0 -7554.7 41.0
6205.1 -7552.9 41.1
6189.9 -7552.7 41.4
6202.5 -7547.9 41.1
6132.6 -7505.6 41.9
6122.5 -7494.6 41.8
6123.6 -7485.2 41.4
6094.4 -7482.8 41.8
6083.3 -7481.5 42.0
5985.1 -7486.2 43.7
6131.6 -7477.9 41.0
6124.5 -7473.2 40.9
6112.5 -7475.7 41.2
6103.6 -7477.0 41.4
6083.8 -7473.5 41.7
6075.9 -7477.0 41.9
5980.1 -7475.3 43.3
6133.9 -7463.6 40.4
6093.9 -7464.2 41.3
6083.4 -7462.4 41.4
6045.1 -7463.1 42.0
6023.9 -7465.2 42.4
6010.4 -7467.2 42.6
6000.0 -7467.5 42.8
5996.0 -7463.6 42.6
6110.9 -7457.1 40.8
6105.4 -7455.7 40.8
6085.6 -7452.9 41.1
6071.1 -7454.0 41.4
6042.4 -7452.9 41.6
6024.4 -7453.6 41.9
6076.2 -7442.8 40.8
6053.6 -7447.5 41.3
6024.1 -7444.2 41.5
6072.4 -7435.5 40.5
6031.3 -7436.6 41.2
6023.9 -7433.4 41.2
6010.4 -7434.3 41.4
6001.6 -7435.8 41.5
6049.9 -7427.3 40.6
6024.8 -7424.6 40.9
6005.7 -7422.2 41.0
5974.2 -7414.9 41.1
6074.0 -7634.6 45.6
6064.9 -7635.4 45.7
6045.2 -7636.0 45.8
6144.0 -7623.5 44.0
6088.9 -7627.5 45.2
6074.6 -7628.0 45.6
6118.5 -7614.4 44.3
6086.7 -7615.8 45.1
6125.0 -7606.9 44.0
6117.5 -7606.5 44.2
6097.4 -7603.9 44.6
6085.6 -7606.9 44.9
6134.7 -7592.8 43.5
6126.6 -7597.3 43.8
6106.0 -7592.4 44.1
6086.1 -7592.5 44.6
6065.6 -7598.7 45.2
6118.6 -7585.6 43.7
6105.5 -7585.0 44.0
6082.7 -7587.8 44.5
6114.5 -7575.3 43.6
6106.5 -7577.0 43.8
6098.6 -7575.6 43.9
6075.7 -7573.1 44.4
6063.8 -7572.7 44.7
6092.9 -7564.8 43.8
6064.0 -7566.7 44.6
6135.1 -7554.1 42.7
6117.3 -7555.2 43.1
6108.7 -7556.2 43.3
6097.2 -7558.9 43.6
6086.3 -7552.4 43.8
6073.5 -7556.7 44.2
6013.5 -7558.0 45.8
6134.7 -7544.7 42.5
6104.6 -7548.6 43.3
6086.8 -7543.2 43.7
6074.1 -7546.4 44.0
6067.7 -7548.5 44.2
6107.9 -7536.6 43.0
6086.0 -7534.4 43.6
6077.3 -7534.3 43.8
6069.1 -7535.3 44.0
6045.2 -7534.0 44.6
6034.6 -7537.8 44.9
6126.5 -7524.8 42.4
6097.3 -7527.1 43.2
6077.9 -7525.8 43.6
6033.3 -7527.1 44.5
6033.6 -7518.8 44.2
6005.0 -7517.8 44.7
6035.9 -7506.9 43.7
6014.8 -7506.1 44.1
5997.4 -7507.6 44.4
6008.8 -7494.7 43.7
5998.7 -7495.8 44.0
5973.9 -6322.7 34.6
5942.7 -6321.5 34.3
6004.4 -6310.4 34.8
5942.2 -6314.9 34.3
6022.8 -6300.6 35.0
6044.3 -6293.2 35.2
5995.8 -6289.9 34.8
5976.3 -6295.5 34.6
5964.1 -6293.6 34.5
6006.0 -6282.4 34.9
5981.5 -6279.8 34.7
5942.3 -6283.0 34.3
6043.1 -6270.5 35.3
6031.6 -6276.1 35.1
6016.4 -6273.5 35.0
6006.9 -6274.0 34.9
5991.2 -6270.9 34.8
5953.7 -6275.6 34.4
5944.3 -6273.7 34.3
6047.5 -6263.6 35.3
6033.5 -6266.0 35.2
6004.6 -6261.7 34.9
5971.7 -6260.7 34.6
5982.7 -6251.4 34.7
5946.1 -6251.5 34.3
6011.0 -6244.6 34.9
5981.6 -6243.3 34.6
5975.2 -6244.9 34.6
5964.4 -6245.5 34.5
5943.2 -6242.9 34.2
6001.9 -6235.1 34.8
5991.7 -6229.9 34.7
5943.4 -6231.8 34.2
5973.5 -6212.6 34.5
5965.0 -6215.4 34.4
5953.2 -6212.5 34.3
5941.8 -6215.3 34.2
5970.9 -6206.3 34.5
5966.7 -6204.4 34.4
5951.3 -6201.9 34.3
5945.1 -6202.2 34.3
5616.7 -6409.8 31.2
5627.3 -6402.7 31.4
6096.3 -6424.4 35.4
6085.9 -6411.7 35.4
6001.2 -6412.7 34.6
5976.3 -6412.8 34.4
5961.6 -6411.4 34.3
5955.0 -6411.6 34.2
5947.6 -6413.8 34.2
5936.9 -6412.4 34.1
6045.6 -6407.2 35.0
5994.2 -6402.2 34.6
5962.2 -6403.7 34.3
5957.5 -6403.7 34.3
5911.4 -6404.4 33.9
6055.5 -6393.6 35.1
6037.6 -6398.0 35.0
6026.3 -6394.8 34.9
5995.8 -6395.3 34.6
5984.1 -6397.8 34.5
5952.8 -6392.9 34.2
5945.8 -6395.3 34.2
5934.5 -6393.0 34.1
5922.1 -6397.1 34.0
5903.4 -6392.4 33.8
5894.4 -6393.3 33.7
6126.9 -6387.0 35.3
6102.2 -6382.5 35.5
6076.8 -6386.1 35.3
6046.9 -6386.1 35.1
6031.9 -6383.5 34.9
6015.6 -6384.2 34.8
6004.4 -6387.8 34.7
5996.8 -6384.9 34.6
5984.0 -6381.7 34.5
5945.2 -6388.0 34.2
5932.8 -6385.9 34.1
5906.1 -6383.8 33.9
6096.6 -6377.7 35.5
6083.7 -6373.5 35.4
6046.6 -6377.1 35.1
6033.7 -6372.1 35.0
6025.3 -6372.2 34.9
6012.2 -6374.9 34.8
5982.4 -6376.7 34.5
5974.4 -6371.5 34.5
5963.7 -6371.7 34.4
5927.1 -6377.0 34.1
5916.6 -6374.7 34.0
5892.6 -6377.6 33.8
6103.9 -6364.9 35.6
6092.5 -6362.6 35.5
6084.3 -6363.7 35.4
6055.2 -6363.4 35.2
6002.0 -6365.9 34.7
5995.7 -6366.6 34.7
6104.4 -6354.1 35.6
6094.7 -6354.9 35.5
6087.7 -6356.2 35.5
6076.4 -6355.7 35.4
6065.9 -6358.0 35.3
6032.2 -6355.6 35.0
6022.1 -6353.2 34.9
6017.1 -6352.4 34.9
5994.1 -6355.4 34.7
5945.7 -6353.9 34.3
5914.6 -6354.2 34.0
6102.2 -6343.1 35.6
6096.6 -6342.1 35.6
6056.1 -6347.2 35.2
6026.0 -6347.6 35.0
6074.3 -6332.3 35.4
5984.8 -6338.0 34.6
5976.0 -6336.0 34.6
6103.1 -6324.0 35.7
6093.8 -6323.4 35.6
6086.3 -6322.8 35.5
6103.4 -6313.6 35.7
6081.3 -6317.7 35.5
6132.0 -6305.2 35.7
6122.6 -6301.9 35.7
6104.4 -6303.0 35.7
6092.9 -6307.5 35.6
6123.1 -6296.8 35.7
6117.2 -6292.7 35.8
6105.4 -6294.5 35.7
6061.4 -6297.3 35.4
6123.1 -6288.0 35.8
6114.0 -6287.6 35.8
6104.6 -6283.2 35.8
6132.6 -6275.5 35.8
6126.5 -6277.3 35.8
6115.6 -6271.4 35.9
6103.7 -6273.8 35.8
6167.3 -7551.3 41.9
6153.6 -7553.7 42.3
6164.4 -7546.1 41.9
6144.9 -7531.7 42.0
6166.3 -7523.4 41.3
5976.4 -6103.8 34.6
6036.7 -6093.3 34.4
6029.4 -6093.1 34.4
5977.3 -6096.3 34.5
6048.1 -6084.2 34.3
6040.2 -6083.4 34.3
6029.9 -6084.3 34.2
5979.6 -6087.9 34.4
6040.0 -6076.7 34.2
5984.4 -6072.3 34.1
5995.9 -6063.1 34.1
5989.8 -6063.7 34.1
6007.4 -6056.9 34.1
5996.7 -6056.6 34.1
6887.4 -6598.6 32.8
6877.1 -6602.6 32.7
6900.0 -6590.6 32.8
6866.5 -6587.9 32.6
6908.3 -6570.2 32.9
6925.1 -6559.3 33.0
6918.7 -6559.8 33.0
6877.2 -6557.1 32.9
6937.6 -6550.6 33.0
6904.3 -6552.7 33.0
6887.4 -6550.9 33.0
6877.7 -6551.8 32.9
6885.1 -6538.7 33.0
6865.5 -6540.9 33.0
6137.8 -7423.4 39.3
6120.4 -7415.1 39.2
6121.5 -7406.9 39.0
6890.0 -6616.4 32.7
6884.5 -6620.9 32.7
6438.3 -7552.8 37.2
6462.0 -7540.2 36.9
6449.9 -7542.5 36.9
6428.9 -7543.7 37.3
6413.6 -7531.1 37.4
6398.2 -7529.2 37.6
6441.6 -7521.8 36.9
6422.0 -7521.5 37.2
6473.9 -7509.7 36.5
6459.8 -7511.1 36.6
6428.5 -7509.2 37.0
6385.2 -6348.8 36.0
6353.9 -6351.8 35.7
6334.4 -6339.0 35.6
6263.6 -6300.6 35.6
6283.5 -6291.9 35.7
6272.0 -6291.6 35.6
6263.2 -6290.1 35.6
6284.0 -6235.6 35.5
6398.3 -6183.7 35.9
6414.6 -6171.8 36.0
6404.6 -6175.4 35.9
6398.3 -6170.3 35.9
6402.4 -6164.0 35.9
6377.5 -6165.4 35.8
6365.0 -6161.7 35.7
6358.0 -6164.6 35.7
6342.6 -6162.1 35.6
6394.2 -6154.3 35.8
6382.0 -6151.8 35.8
6362.0 -6154.8 35.7
6393.5 -7602.3 39.1
6385.3 -7600.5 39.3
6446.4 -7584.7 37.4
6436.4 -7583.7 37.5
6373.8 -7586.1 39.3
6362.3 -7583.4 39.3
6352.7 -7583.5 39.4
6457.1 -7574.8 37.3
6405.2 -7575.4 38.3
6393.3 -7575.7 38.7
6365.5 -7570.1 39.1
6354.1 -7572.1 39.1
6325.5 -7570.4 39.3
6386.4 -7565.9 38.7
6361.7 -7566.2 39.0
6356.4 -7561.3 38.9
6322.0 -7566.4 39.2
6317.5 -7562.3 39.2
6357.8 -7554.4 38.8
6303.9 -7544.8 38.9
6306.9 -7535.8 38.7
6298.0 -7531.9 38.6
5968.6 -7403.4 40.5
5973.4 -7377.7 39.0
5965.4 -7361.3 38.1
5975.7 -7356.6 37.8
5967.7 -7356.9 37.8
5957.9 -7353.4 37.7
5957.3 -7316.0 36.2
5949.0 -7312.6 36.2
5958.4 -7303.3 35.8
6403.7 -6346.3 36.2
6459.8 -6323.5 36.6
6430.6 -6321.6 36.5
6443.2 -6315.0 36.5
6418.3 -6313.2 36.4
6452.4 -6304.4 36.5
6431.7 -6303.9 36.4
6359.4 -6307.2 36.1
6442.1 -6292.6 36.4
6432.0 -6292.4 36.4
6397.9 -6293.3 36.2
6389.6 -6296.4 36.2
6418.8 -6287.2 36.3
6407.7 -6282.8 36.2
6394.3 -6285.0 36.2
6378.1 -6284.8 36.1
6432.5 -6273.3 36.3
6322.4 -6272.4 35.8
6428.5 -6266.1 36.3
6409.7 -6262.1 36.2
6398.3 -6261.3 36.1
6387.9 -6261.6 36.1
6368.2 -6266.8 36.0
6363.6 -6265.3 36.0
6353.4 -6265.3 35.9
6323.4 -6264.9 35.8
6448.2 -6256.1 36.4
6442.5 -6256.2 36.3
6423.8 -6255.0 36.3
6400.3 -6254.4 36.1
6391.1 -6257.0 36.1
6384.0 -6254.2 36.1
6372.3 -6252.3 36.0
6361.0 -6255.1 36.0
6341.5 -6257.2 35.9
6330.2 -6251.6 35.8
6458.7 -6241.5 36.4
6453.7 -6245.6 36.4
6442.5 -6244.6 36.3
6428.7 -6242.9 36.2
6373.9 -6241.8 36.0
6349.7 -6244.0 35.9
6340.3 -6243.5 35.8
6329.6 -6246.7 35.8
6444.0 -6231.0 36.3
6429.6 -6234.8 36.2
6379.6 -6234.4 36.0
6358.0 -6233.1 35.9
6350.2 -6232.2 35.8
6340.2 -6232.6 35.8
6439.9 -6221.3 36.2
6352.7 -6224.2 35.8
6343.8 -6221.2 35.8
6448.3 -6211.4 36.3
6432.6 -6212.7 36.2
6407.9 -6216.4 36.1
6389.6 -6212.2 36.0
6343.7 -6212.5 35.8
6489.3 -6206.6 36.5
6478.8 -6201.6 36.4
6462.3 -6203.1 36.3
6450.8 -6207.4 36.3
6404.1 -6206.6 36.0
6391.7 -6205.7 36.0
6500.7 -6191.8 36.5
6461.7 -6195.1 36.3
6449.2 -6194.3 36.2
6434.4 -6193.8 36.1
6399.8 -6191.6 36.0
6501.3 -6181.5 36.5
6481.8 -6164.0 36.3
6473.4 -6164.0 36.2
6479.8 -6152.2 36.3
6473.5 -6154.2 36.2
6520.9 -6143.5 36.4
6490.7 -6143.1 36.3
6507.9 -6125.5 36.4
6503.1 -6120.9 36.3
6470.0 -6125.4 36.1
6458.0 -6124.8 36.1
6504.1 -6111.0 36.3
6460.3 -6117.5 36.1
6508.2 -6105.4 36.3
6498.7 -6106.3 36.3
6610.0 -6072.9 36.2
6644.9 -6349.8 35.8
6617.9 -6319.4 35.8
6662.7 -6310.8 35.7
6623.1 -6315.6 35.8
6606.0 -6309.5 35.8
6592.7 -6314.1 35.8
6632.7 -6302.4 35.8
6604.8 -6304.2 35.9
6595.1 -6302.2 35.9
6586.5 -6302.3 35.9
6666.9 -6295.5 35.8
6626.9 -6294.1 35.9
6604.1 -6292.8 35.9
6598.3 -6294.6 35.9
6577.1 -6289.9 35.9
6636.9 -6281.7 35.9
6607.4 -6282.2 35.9
6588.4 -6284.7 35.9
6654.4 -6272.4 35.9
6637.0 -6270.5 35.9
6628.4 -6274.8 35.9
6566.0 -6271.0 36.0
6676.1 -6264.1 35.9
6653.8 -6263.6 35.9
6645.6 -6259.5 35.9
6638.2 -6263.9 35.9
6625.3 -6261.5 35.9
6607.9 -6260.7 35.9
6563.1 -6259.3 36.1
6686.0 -6250.2 35.9
6663.2 -6255.0 35.9
6646.4 -6253.2 35.9
6637.4 -6249.3 35.9
6605.2 -6253.7 35.9
6653.6 -6240.9 35.9
6643.4 -6242.7 35.9
6564.3 -6239.3 36.0
6556.8 -6229.3 36.1
6544.6 -6231.4 36.2
6663.2 -6221.0 35.9
6658.1 -6220.2 35.9
6618.4 -6221.9 36.0
6603.4 -6224.4 36.0
6597.0 -6219.4 36.0
6678.5 -6210.4 35.9
6658.8 -6210.2 36.0
6644.7 -6209.2 36.0
6625.0 -6214.3 36.0
6617.0 -6213.0 36.0
6597.2 -6210.3 36.0
6585.9 -6215.5 36.0
6577.3 -6211.0 36.0
6556.8 -6212.0 36.1
6665.9 -6200.5 36.0
6654.7 -6204.0 36.0
6644.4 -6202.3 36.0
6623.0 -6199.6 36.0
6554.8 -6203.4 36.1
6736.6 -6190.4 36.0
6677.5 -6195.5 36.0
6664.5 -6190.2 36.0
6638.0 -6189.3 36.0
6573.3 -6191.8 36.0
6556.6 -6190.6 36.1
6548.0 -6190.3 36.2
6734.2 -6183.6 36.0
6694.0 -6184.6 36.0
6687.9 -6184.3 36.0
6673.3 -6183.6 36.0
6662.9 -6182.7 36.0
6656.2 -6183.6 36.0
6606.3 -6179.6 36.0
6596.0 -6182.2 36.0
6575.0 -6182.3 36.0
6565.8 -6184.1 36.0
6705.1 -6172.8 36.0
6696.6 -6173.6 36.0
6685.2 -6172.0 36.0
6588.7 -6173.1 36.0
6522.8 -6172.9 36.3
6713.8 -6163.4 36.0
6645.0 -6161.3 36.0
6635.0 -6164.1 36.0
6622.8 -6161.7 36.0
6605.4 -6160.2 36.0
6569.0 -6165.4 36.0
6716.3 -6150.4 36.0
6627.9 -6153.6 36.0
6552.6 -6142.9 36.1
6533.0 -6144.2 36.3
6768.8 -6132.9 36.0
6735.2 -6132.9 36.0
6715.6 -6131.0 36.0
6606.2 -6133.4 36.1
6586.8 -6130.5 36.1
6735.7 -6122.5 36.0
6719.1 -6121.4 36.0
6709.0 -6121.5 36.1
6578.1 -6121.8 36.1
6787.9 -6112.5 36.0
6775.0 -6114.2 36.0
6735.9 -6109.3 36.1
6724.6 -6112.2 36.1
6687.1 -6113.3 36.1
6606.7 -6112.9 36.1
6558.3 -6110.8 36.1
6714.4 -6100.2 36.1
6709.3 -6104.1 36.1
6656.0 -6100.3 36.1
6603.7 -6101.3 36.1
6756.5 -6091.9 36.1
6734.3 -6093.1 36.1
6618.1 -6093.1 36.1
6608.9 -6095.2 36.1
6742.7 -6080.1 36.1
6729.0 -6079.9 36.1
6714.6 -6084.1 36.1
6704.4 -6085.1 36.1
6688.9 -6082.6 36.1
6645.8 -6080.4 36.1
6637.7 -6083.3 36.1
6617.2 -6080.1 36.1
6608.7 -6084.8 36.1
6738.1 -6073.1 36.2
6718.3 -6075.5 36.1
6679.1 -6072.4 36.1
6666.0 -6071.5 36.1
6756.8 -6061.3 36.6
6748.6 -6064.1 36.5
6735.3 -6062.2 36.4
6682.8 -6061.4 36.2
6675.3 -6062.4 36.1
6491.2 -6347.8 36.6
6562.0 -6340.8 36.1
6558.4 -6331.6 36.1
6548.2 -6329.1 36.2
6527.9 -6328.7 36.3
6521.3 -6326.2 36.4
6531.1 -6319.6 36.3
6509.1 -6316.8 36.5
6547.3 -6311.0 36.2
6537.4 -6306.1 36.3
6522.9 -6299.8 36.4
6511.2 -6297.6 36.4
6499.8 -6301.4 36.5
6559.8 -6289.4 36.1
6551.7 -6292.0 36.2
6537.8 -6289.6 36.2
6520.1 -6291.1 36.4
6508.3 -6291.7 36.5
6521.4 -6282.7 36.4
6501.5 -6277.4 36.5
6531.7 -6267.5 36.3
6497.1 -6272.4 36.5
6513.1 -6259.0 36.4
6532.9 -6248.5 36.3
6521.6 -6248.7 36.4
6511.7 -6247.0 36.4
6497.3 -6247.3 36.5
6527.3 -6239.8 36.3
6521.5 -6236.5 36.4
6501.0 -6239.2 36.5
6761.5 -6163.3 36.0
6780.7 -6128.9 36.0
6813.0 -6065.9 36.8
6812.2 -6054.0 37.0
6800.2 -6057.6 36.9
6817.4 -6044.2 37.2
6813.3 -6046.0 37.2
6817.1 -6038.6 37.3
6797.7 -6039.1 37.2
6763.1 -6037.8 37.1
6789.1 -6025.2 37.4
6780.5 -6023.4 37.4
6624.1 -7384.9 34.0
6617.6 -7389.5 34.4
6594.4 -7386.5 34.3
6634.8 -7377.5 33.4
6638.6 -7365.6 32.9
6630.0 -7359.3 32.9
6635.4 -7348.7 32.4
6628.8 -7348.6 32.6
6652.8 -6583.3 34.4
6645.5 -6583.3 34.4
6662.7 -6574.6 34.4
6646.5 -6572.8 34.5
6647.4 -6565.9 34.5
6684.7 -6545.8 34.4
6672.7 -6545.1 34.4
6668.4 -6511.0 34.7
6637.9 -6509.7 34.9
6625.1 -6515.2 35.0
6613.8 -6510.3 35.1
6681.9 -6503.2 34.6
6675.0 -6499.8 34.7
6668.3 -6505.6 34.7
6636.2 -6504.6 35.0
6628.1 -6505.8 35.0
6582.0 -6504.1 35.3
6575.1 -6503.0 35.3
6667.0 -6490.6 34.8
6653.3 -6489.7 34.9
6646.4 -6493.7 35.0
6592.4 -6493.1 35.3
6674.5 -6483.9 34.8
6664.8 -6479.5 34.9
6654.0 -6480.0 35.0
6642.6 -6482.6 35.0
6654.8 -6469.4 35.0
6692.1 -6460.5 34.8
6666.2 -6465.5 35.0
6652.8 -6466.0 35.1
6646.4 -6465.8 35.1
6596.6 -6464.4 35.4
6666.4 -6456.0 35.0
6636.9 -6451.2 35.3
6624.1 -6451.8 35.4
6633.9 -6444.6 35.4
6598.3 -6442.9 35.5
6702.6 -6436.0 34.9
5411.7 -7222.2 32.9
5390.2 -7210.7 32.8
5381.7 -7203.7 32.6
5389.6 -7191.6 32.3
5418.0 -7349.5 35.5
5386.6 -7354.7 35.8
5399.0 -7339.8 35.4
5385.8 -7341.0 35.5
5457.8 -7321.7 34.7
5387.1 -7321.9 35.1
5476.6 -7314.2 34.4
5405.9 -7311.2 34.8
5477.5 -7300.1 34.1
5437.7 -7301.1 34.4
5427.5 -7304.4 34.5
5416.7 -7302.7 34.5
5479.7 -7292.2 33.9
5459.3 -7289.2 34.0
5427.5 -7294.9 34.3
5514.4 -7281.5 33.5
5487.6 -7281.5 33.7
5467.2 -7283.0 33.8
5459.7 -7282.1 33.8
5446.7 -7282.6 33.9
5440.2 -7281.7 34.0
5555.1 -7271.7 33.9
5505.2 -7271.1 33.3
5498.1 -7275.3 33.5
5466.4 -7273.1 33.6
5450.1 -7272.0 33.7
5489.9 -7262.0 33.2
5478.8 -7263.0 33.3
5470.6 -7261.5 33.3
5488.1 -7254.9 33.1
5477.1 -7254.6 33.1
5458.2 -7253.2 33.2
5444.5 -7249.6 33.3
5439.6 -7242.5 33.2
5706.7 -7134.2 30.1
5719.1 -7120.3 29.4
5706.6 -7121.8 29.6
5756.8 -7165.4 31.2
5746.0 -7165.3 31.2
5770.9 -7160.1 30.9
5745.5 -7158.7 30.9
5753.2 -7136.3 29.9
5686.8 -7250.8 34.3
5636.9 -7253.9 34.2
5634.0 -7242.8 33.9
5626.0 -7242.9 33.9
5617.0 -7240.0 33.8
5607.7 -7243.0 33.8
5599.1 -7240.6 33.7
5575.9 -7240.1 33.0
5565.7 -7240.6 32.7
5628.0 -7228.8 33.6
5617.5 -7234.1 33.7
5593.7 -7232.8 33.2
5739.1 -7223.0 33.6
5689.1 -7221.4 33.6
5675.1 -7223.0 33.6
5646.1 -7221.0 33.5
5618.7 -7219.2 33.3
5583.5 -7224.1 32.5
5575.9 -7220.2 32.1
5567.1 -7221.0 31.9
5727.6 -7213.5 33.2
5677.4 -7207.9 33.3
5657.5 -7209.6 33.3
5649.1 -7208.3 33.2
5633.7 -7213.3 33.3
5627.4 -7209.2 33.1
5588.0 -7209.0 31.9
5549.5 -7209.9 31.7
5737.8 -7199.1 32.6
5727.0 -7202.1 32.8
5709.3 -7199.9 32.8
5673.5 -7204.5 33.2
5666.2 -7199.4 33.1
5637.3 -7199.4 33.0
5625.7 -7204.4 32.8
5618.5 -7204.2 32.6
5598.6 -7202.2 31.9
5573.6 -7201.6 31.4
5534.5 -7200.0 31.7
5528.3 -7200.0 31.7
5519.4 -7198.4 31.8
5757.0 -7192.7 32.2
5649.4 -7193.8 32.9
5629.5 -7193.8 32.5
5617.5 -7193.4 32.1
5599.0 -7190.8 31.4
5587.7 -7194.3 31.2
5575.8 -7194.5 31.3
5564.6 -7193.1 31.3
5536.4 -7189.1 31.5
5529.7 -7192.7 31.6
5498.4 -7189.2 31.7
5489.0 -7191.5 31.8
5474.9 -7189.7 32.4
5823.4 -7230.7 33.5
5745.0 -7596.9 41.6
5739.3 -7592.0 41.3
5719.5 -7581.8 40.3
5767.3 -7573.3 41.5
5726.6 -7577.0 40.4
5689.1 -7572.2 39.1
5724.2 -7562.1 39.9
5646.1 -7545.2 37.3
5669.5 -7536.2 37.6
5668.2 -7527.0 37.5
5614.3 -7522.5 36.3
5605.2 -7523.5 36.1
5645.1 -7516.2 36.7
5595.7 -7517.4 35.9
5588.0 -7515.2 35.8
5575.3 -7496.8 36.2
5554.8 -7482.8 36.4
5537.9 -7476.9 36.6
5569.0 -7464.0 36.7
5534.5 -7467.1 36.7
5569.1 -7456.4 36.8
5543.9 -7452.4 36.9
5535.4 -7454.2 36.9
5524.5 -7453.8 36.9
5553.9 -7447.2 37.0
5514.7 -7442.0 36.9
5489.0 -7435.1 37.0
5567.7 -7426.3 37.0
5546.2 -7424.2 37.0
5539.7 -7423.0 37.0
5485.7 -7427.6 37.0
5587.9 -7414.5 37.1
5569.7 -7413.2 37.0
5498.3 -7401.4 36.8
5486.6 -7401.2 36.8
5496.6 -7393.4 36.7
5507.1 -7381.8 36.5
5508.5 -7371.1 36.2
5498.3 -7374.7 36.3
5473.2 -7401.7 36.8
5448.5 -7398.7 36.6
5464.0 -7393.3 36.6
5436.6 -7372.2 35.9
5425.7 -7371.6 36.0
5776.0 -7564.7 41.5
5775.3 -7555.3 41.2
5753.2 -7552.3 40.4
5773.5 -7537.2 40.4
5765.0 -7535.5 40.0
5775.6 -7527.0 40.0
5745.9 -7522.8 39.0
5784.0 -7514.1 39.7
5775.6 -7512.3 39.5
5783.5 -7502.7 39.4
5748.2 -7503.4 38.7
5746.7 -7482.6 38.0
5718.0 -7542.3 38.9
5714.3 -7527.0 38.4
5731.8 -7512.0 38.5
5717.7 -7511.5 38.2
5712.1 -7509.2 38.1
5702.3 -7510.1 37.9
5653.0 -7509.3 36.8
5710.1 -7497.1 37.6
5691.7 -7497.7 37.3
5658.6 -7498.0 36.8
5700.2 -7486.6 37.4
5682.3 -7488.0 37.2
5730.1 -7480.7 37.7
5709.9 -7476.7 37.7
5700.4 -7480.2 37.5
5649.3 -7470.0 36.7
5638.9 -7467.4 36.8
5693.0 -7462.6 37.1
6775.2 -6547.5 33.8
6789.5 -6526.1 33.7
6789.0 -6516.9 33.8
6771.5 -6514.0 33.9
5618.9 -7462.6 37.0
5677.4 -7452.1 37.3
5610.7 -7453.3 36.9
5607.2 -7443.9 37.0
5662.1 -7435.4 37.0
5649.8 -7435.2 37.1
5639.6 -7435.4 37.1
5629.2 -7434.9 37.1
5622.9 -7436.4 37.1
5649.4 -7424.3 37.2
5642.9 -7422.9 37.1
5629.0 -7405.1 37.1
5608.4 -7405.8 37.0
6743.2 -6637.8 33.3
6747.0 -6628.5 33.4
6757.3 -6619.0 33.6
6773.0 -6606.1 33.7
6764.7 -6593.9 34.0
6743.9 -6597.3 33.9
6744.6 -6567.1 33.9
5771.2 -7442.4 37.8
5743.0 -7437.8 37.6
5702.6 -7442.1 37.4
5792.3 -7422.2 37.9
5778.6 -7420.2 37.7
5768.6 -7423.4 37.7
5734.0 -7419.5 37.3
5718.1 -7420.2 37.2
5712.1 -7422.5 37.2
5703.4 -7423.4 37.2
5758.4 -7413.6 37.5
5754.2 -7408.9 37.4
5742.6 -7410.2 37.4
5733.2 -7412.9 37.3
5721.6 -7412.9 37.3
5714.1 -7410.8 37.4
5799.0 -7403.2 37.6
5772.3 -7398.7 37.5
5748.1 -7401.9 37.4
5690.6 -7390.7 37.1
5753.6 -7379.6 37.1
5721.8 -7382.4 37.0
5712.0 -7382.4 37.0
5753.8 -7370.3 36.9
5630.0 -6972.1 28.3
5626.5 -6966.9 28.3
5620.7 -6964.0 28.3
5657.7 -6957.4 28.7
5645.7 -6957.0 28.6
5640.3 -6957.8 28.5
5627.7 -6955.7 28.4
5620.5 -6954.6 28.4
5608.2 -6957.3 28.3
5677.4 -6946.7 28.8
5668.0 -6946.3 28.7
5656.3 -6942.4 28.8
5649.8 -6941.8 28.7
5636.2 -6943.4 28.6
5597.1 -6942.0 28.4
5658.6 -6938.0 28.8
5645.9 -6937.6 28.7
5619.6 -6936.4 28.6
5605.0 -6934.8 28.5
5638.7 -6926.6 28.8
5609.8 -6926.4 28.6
5600.7 -6927.3 28.5
5679.2 -6904.0 29.4
5665.7 -6905.0 29.2
5646.0 -6905.5 29.0
5587.7 -7083.7 27.8
5682.4 -7074.7 27.6
5671.8 -7076.3 27.7
5641.7 -7078.1 27.6
5666.5 -7069.0 27.8
5557.8 -7065.5 27.1
5551.8 -7065.9 27.2
5647.6 -7058.8 27.8
5530.0 -7055.5 27.5
5686.1 -7044.9 27.8
5650.9 -7043.9 27.9
5636.5 -7043.8 27.8
5550.4 -7046.4 27.3
5529.0 -7045.0 27.6
5517.2 -7043.1 27.8
5672.4 -7038.2 27.9
5660.3 -7037.1 28.0
5640.2 -7035.9 27.9
5552.0 -7039.2 27.3
5537.9 -7038.9 27.6
5526.1 -7039.3 27.7
5509.4 -7038.5 28.0
5516.1 -7027.3 27.9
5466.1 -6913.3 29.5
5467.4 -6908.1 29.5
5469.7 -6876.9 29.6
5475.2 -6867.3 29.4
5621.1 -7026.0 27.8
5616.6 -7005.0 27.9
5628.7 -6996.9 28.1
5615.6 -7000.6 28.0
5436.9 -6904.9 30.0
5443.0 -6886.9 29.9
5437.8 -6876.3 30.0
5424.8 -6873.4 30.2
5475.5 -6819.4 29.8
5474.8 -6794.9 30.0
5482.6 -6787.9 30.0
5469.8 -6777.0 29.9
5475.8 -6760.3 29.8
5562.4 -6861.4 28.8
5527.7 -6858.4 29.1
5564.5 -6837.9 29.1
5548.2 -6791.7 29.8
5508.2 -6777.6 30.1
5529.7 -6763.2 30.1
5518.7 -6761.5 30.1
5488.5 -6763.6 29.9
5510.3 -6752.8 30.0
5530.7 -6742.8 30.0
5524.3 -6746.0 30.0
5491.2 -6743.2 29.8
5519.1 -6731.8 29.9
5510.0 -6737.4 29.9
5494.8 -6734.4 29.8
5542.4 -6712.2 30.0
5526.5 -6702.3 29.8
5539.0 -6692.9 29.8
5539.4 -6684.2 29.8
5532.2 -6682.5 29.7
5540.9 -6676.6 29.7
5528.3 -6670.6 29.6
5502.6 -6673.8 29.5
5546.9 -6666.5 29.7
5526.6 -6661.9 29.6
5510.0 -6660.8 29.5
5548.2 -6651.7 29.7
5541.5 -6650.6 29.7
5520.4 -6653.7 29.5
5512.7 -6652.3 29.5
5498.8 -6654.3 29.4
5490.5 -6640.1 29.4
5477.5 -6599.2 29.3
5547.7 -6554.9 29.9
5537.2 -6555.4 29.8
5496.2 -6557.4 29.4
5539.8 -6547.9 29.9
5531.2 -6546.9 29.9
5706.2 -6672.9 30.5
5685.8 -6674.4 30.5
5674.0 -6675.3 30.5
5654.4 -6672.3 30.4
5697.9 -6661.6 30.5
5685.6 -6661.6 30.5
5645.7 -6662.9 30.2
5716.4 -6636.2 30.8
5587.7 -6606.4 29.9
5719.4 -6590.0 31.1
5668.0 -6581.4 30.8
5585.4 -6564.4 30.2
5559.2 -6409.2 30.7
5548.2 -6405.3 30.7
5549.9 -6394.8 30.9
5549.8 -6389.7 30.9
5530.6 -6386.6 30.8
5519.0 -6384.4 30.8
5531.7 -6378.4 31.0
5518.1 -6376.6 30.9
5529.3 -6370.7 30.9
5569.3 -6384.8 31.2
5556.1 -6377.0 31.1
5586.4 -6364.3 31.2
5563.8 -6367.6 31.1
5598.8 -6349.9 31.2
5557.0 -6349.5 30.9
5609.6 -6337.8 31.1
5568.8 -6334.4 31.0
5557.5 -6334.5 31.0
5615.0 -6330.5 31.1
5598.0 -6319.9 31.1
5559.9 -6294.9 31.4
5558.3 -6285.4 31.8
5671.0 -6564.0 30.9
5657.5 -6559.4 30.8
5700.9 -6549.9 31.2
5674.9 -6548.1 31.0
5664.9 -6551.3 30.9
5726.8 -6543.2 31.4
5659.9 -6539.8 31.0
5728.6 -6530.0 31.5
5719.2 -6500.0 31.6
5618.5 -6547.8 30.6
5608.8 -6540.1 30.6
5597.9 -6535.9 30.5
5580.3 -6536.9 30.4
5541.3 -6536.1 30.1
5531.4 -6527.2 30.1
5520.7 -6529.6 29.9
5670.4 -6506.4 31.2
5550.4 -6509.5 30.3
5506.2 -6505.9 30.0
5525.5 -6488.2 30.3
5716.3 -6481.8 31.7
5706.6 -6477.4 31.7
5705.4 -6471.2 31.7
5655.9 -6459.3 31.4
5661.6 -6448.6 31.5
5545.3 -6451.8 30.6
5656.6 -6440.8 31.6
5651.5 -6431.6 31.6
5639.2 -6425.6 31.4
5647.6 -6421.7 31.5
5685.3 -6734.6 30.1
5667.2 -6735.5 30.0
5656.9 -6735.9 29.9
5689.2 -6725.3 30.1
5661.0 -6727.2 30.0
5651.5 -6724.0 30.1
5651.5 -6714.2 30.2
5635.5 -6717.3 30.2
5629.7 -6712.8 30.3
5681.5 -6708.1 30.2
5667.4 -6703.0 30.2
5637.4 -6705.2 30.4
5665.3 -6692.6 30.4
5658.0 -6697.2 30.4
5645.1 -6698.8 30.4
5689.2 -6686.0 30.3
5670.6 -6685.4 30.4
5629.0 -6684.2 30.3
5603.9 -6879.1 28.9
5613.4 -6870.5 29.0
5638.4 -6859.8 29.2
5625.3 -6858.1 29.1
5603.4 -6850.1 29.0
5646.0 -6835.9 29.3
5634.9 -6841.7 29.2
5619.3 -6838.2 29.2
5604.5 -6839.3 29.1
5626.7 -6832.0 29.2
5613.5 -6828.3 29.2
5654.8 -6821.8 29.5
5626.4 -6817.7 29.3
5658.2 -6889.2 29.2
5687.8 -6877.5 29.6
5678.0 -6867.5 29.5
5644.1 -6870.6 29.2
5679.4 -6859.1 29.5
5667.8 -6863.0 29.3
5655.8 -6861.9 29.3
5677.3 -6849.4 29.5
5674.0 -6839.0 29.5
5725.3 -6829.0 30.4
5683.5 -6828.6 29.7
5675.9 -6823.6 29.6
5656.9 -6823.1 29.5
5757.4 -6809.9 31.0
5709.6 -6809.8 30.2
5687.6 -6811.4 29.8
5724.0 -6798.5 30.4
5707.4 -6800.8 30.2
5684.5 -6797.4 29.8
5664.4 -6800.1 29.6
5625.5 -6803.0 29.4
5727.3 -6779.7 30.5
5718.7 -6781.1 30.4
5647.7 -6778.4 29.6
5627.3 -6778.1 29.5
5734.4 -6769.2 30.7
5728.9 -6770.8 30.6
5625.4 -6762.7 29.7
5694.0 -6750.4 30.1
5686.9 -6751.6 30.0
5677.1 -6750.7 29.9
5761.1 -6728.7 31.2
5757.3 -6717.0 31.2
5762.2 -6707.7 31.3
5759.4 -6697.6 31.3
5731.2 -6698.9 30.8
5728.8 -6689.6 30.8
5759.6 -6680.3 31.4
5730.4 -6679.6 30.9
5750.9 -6661.3 31.3
5719.5 -6661.6 30.7
5741.4 -6647.6 31.1
5729.2 -6647.0 30.9
5720.3 -6646.6 30.8
5768.4 -6632.3 31.5
5756.4 -6633.1 31.3
5762.0 -6613.2 31.4
5739.6 -6608.8 31.2
5727.8 -6611.5 31.1
5770.0 -6598.7 31.6
5741.3 -6602.5 31.3
5733.0 -6599.9 31.2
5742.0 -6590.4 31.3
5769.9 -6582.1 31.7
5737.3 -6576.6 31.4
5770.9 -6561.6 31.8
5740.9 -6562.0 31.5
5741.5 -6547.6 31.6
5772.9 -6540.3 32.0
5742.3 -6538.9 31.6
5737.7 -6530.7 31.6
5773.0 -6521.6 32.1
5739.7 -6516.6 31.7
5737.9 -6509.1 31.7
5718.2 -6509.0 31.6
5777.2 -6494.9 32.3
5779.2 -6486.3 32.3
5747.3 -6483.9 32.0
5777.3 -6474.1 32.4
5737.6 -6474.8 31.9
5776.3 -6468.5 32.4
5736.7 -6465.0 32.0
5779.4 -6444.1 32.6
5744.8 -6442.8 32.2
5696.6 -6447.2 31.8
5684.4 -6442.4 31.7
5755.8 -6432.9 32.4
5735.4 -6438.4 32.2
5700.7 -6434.7 31.9
5686.4 -6436.6 31.8
5784.5 -6427.0 32.7
5774.2 -6422.0 32.6
5724.4 -6422.8 32.2
5688.2 -6423.4 31.9
5680.0 -6426.1 31.8
5749.7 -6412.8 32.4
5710.8 -6413.8 32.1
5669.1 -6412.9 31.7
5655.5 -6417.6 31.6
5704.7 -6406.3 32.0
5647.2 -6403.1 31.6
5747.0 -6394.4 32.4
5667.4 -6393.7 31.9
5627.4 -6382.0 31.6
5639.6 -6373.6 31.6
5620.7 -6376.6 31.5
5629.9 -6368.4 31.5
5657.5 -6358.4 31.6
5638.6 -6280.7 32.3
5617.2 -6274.9 32.6
5637.2 -6270.7 32.4
5623.3 -6268.5 32.4
5624.8 -6257.5 32.5
5602.5 -6257.6 32.5
5598.6 -6256.6 32.6
5615.7 -6249.8 32.6
5608.1 -6247.0 32.6
5759.8 -6347.5 32.5
5773.4 -6342.2 32.6
5762.6 -6341.7 32.5
5723.3 -6338.9 32.1
5703.5 -6339.9 31.9
5691.9 -6341.0 31.8
5764.0 -6328.8 32.5
5724.4 -6329.8 32.1
5708.9 -6333.3 32.0
5733.6 -6317.4 32.2
5693.4 -6320.9 31.9
5680.4 -6323.4 31.8
5738.8 -6311.3 32.2
5688.6 -6307.7 32.0
5680.6 -6313.7 32.0
5658.5 -6307.4 32.2
5763.3 -6297.6 32.5
5743.4 -6299.2 32.3
5732.4 -6302.5 32.2
5719.9 -6300.6 32.1
5680.9 -6302.2 32.1
5650.5 -6299.3 32.3
5728.6 -6289.0 32.3
5719.6 -6290.6 32.2
5714.2 -6291.5 32.2
5688.3 -6293.0 32.2
5651.1 -6292.6 32.2
5784.4 -6281.4 32.7
5688.5 -6278.2 32.3
5668.8 -6277.9 32.3
5654.6 -6283.7 32.2
5708.5 -6272.9 32.4
5701.0 -6271.1 32.4
5684.6 -6269.7 32.4
5792.7 -6257.8 32.9
5773.8 -6258.2 32.7
5724.7 -6261.4 32.6
5690.8 -6259.2 32.5
5684.1 -6262.5 32.5
5668.4 -6258.8 32.5
5661.6 -6257.6 32.5
5713.9 -6250.4 32.7
5670.7 -6251.6 32.6
5791.6 -6239.0 32.9
5764.3 -6241.0 32.8
5783.5 -6232.2 32.9
5738.9 -6218.1 33.0
5724.9 -6220.2 33.0
5790.1 -6213.4 33.1
5783.5 -6208.9 33.2
5739.2 -6211.4 33.1
5734.5 -6202.3 33.2
5793.6 -6189.8 33.4
5769.7 -6192.9 33.3
5752.2 -6189.0 33.4
5742.0 -6188.5 33.4
5759.9 -6177.3 33.5
5772.0 -6168.8 33.6
5758.6 -6172.9 33.5
5773.8 -6161.3 33.7
5759.3 -6158.3 33.7
5750.7 -6160.1 33.7
5760.0 -6151.7 33.8
5769.2 -6118.5 33.9
5762.7 -6121.4 33.9
5748.8 -6123.8 33.8
5769.2 -6108.4 34.0
5758.7 -6110.0 34.0
5749.1 -6109.2 34.0
5738.8 -6111.7 33.9
5769.6 -6101.7 34.1
5748.4 -6103.6 34.0
5728.8 -6098.6 34.1
5719.9 -6101.6 34.0
5753.9 -6092.9 34.1
5792.7 -6077.2 34.3
5754.0 -6078.5 34.3
5758.8 -6070.9 34.3
5751.6 -6073.3 34.3
5732.4 -6146.8 33.7
