-4423.1 5698.3 15.3
-4438.6 5675.4 15.3
-4419.2 5683.6 15.3
-4694.8 5134.5 19.2
-4687.7 5161.5 19.3
-4695.9 5126.5 19.1
-4698.2 5076.2 18.5
-4603.2 5168.2 19.4
-5240.6 5253.4 16.5
-5267.0 5262.3 16.7
-5373.0 4802.5 17.7
-5353.7 4806.4 17.7
-5346.7 4807.6 17.7
-5285.1 4796.7 18.0
-5279.0 4806.5 18.2
-5278.1 4802.3 18.2
-5409.0 5506.2 16.5
-5401.0 5515.0 16.7
-5463.7 5774.8 15.5
-5224.0 5449.2 16.9
-5076.4 5567.1 17.2
-5071.4 5576.0 17.2
-5259.2 5259.8 16.7
-5283.5 5267.1 16.9
-5471.5 5782.8 15.6
-5483.1 5771.5 15.5
-5248.6 5426.5 17.1
-4894.1 5417.6 16.8
-4998.9 5177.7 17.1
-4701.9 5153.1 19.2
-4705.5 5051.0 18.2
-5064.7 5593.3 17.1
-5024.4 5186.1 16.9
-5276.4 5265.6 16.8
-5337.9 4791.1 17.5
-5329.3 4795.2 17.6
-5281.8 4818.1 18.0
-5289.1 4816.4 17.9
-4438.1 5681.9 15.3
-4438.0 5668.5 15.3
-4415.9 5698.8 15.3
-4438.1 5726.0 15.3
-4692.2 5148.1 19.3
-4715.6 5071.8 18.4
-4688.0 5062.6 18.4
-5392.1 5529.8 16.9
-5390.8 5558.2 16.7
-5461.3 5782.0 15.6
-5430.4 5832.7 15.8
-5410.1 5817.5 15.8
-5239.8 5422.4 17.1
-5237.7 5420.8 17.1
-5242.5 5423.3 17.1
-5231.7 5436.1 17.0
-4597.3 5142.2 19.4
-5071.4 5555.6 17.3
5928.0 -7449.9 41.1
5795.5 -7244.3 37.4
5671.4 -7250.9 41.1
5698.2 -7272.3 40.6
5687.4 -7268.6 40.9
5707.3 -7283.9 40.7
6137.9 -8290.7 52.7
6202.3 -8192.9 48.5
6209.8 -8183.1 48.1
6428.1 -8395.1 55.9
6165.3 -8236.7 50.7
6252.2 -8128.6 45.4
6055.6 -7542.3 40.4
6295.0 -8084.1 43.1
2681.9 -3742.3 25.0
2674.4 -3748.4 25.0
2669.9 -3744.1 24.8
2665.1 -3739.1 24.7
2660.3 -3735.5 24.5
2059.8 -3803.8 21.5
2130.3 -3736.7 22.0
2122.6 -3718.5 22.1
3422.2 1167.6 33.6
5117.3 -5794.1 30.5
5140.2 -5819.7 31.1
5238.1 -5847.2 32.3
5248.0 -6004.7 33.8
5228.7 -6009.8 34.5
5224.6 -6018.7 34.8
5184.3 -5987.8 34.7
5187.5 -5995.6 35.0
4622.3 -28.8 30.1
3881.0 765.8 27.0
4467.3 -4292.4 32.5
4667.5 -4446.8 33.1
4668.2 -4439.7 33.3
6762.6 -1982.4 54.9
6780.2 -2023.0 54.4
6657.9 -2143.8 59.5
6658.6 -2123.2 59.6
6836.0 -2010.7 51.9
6866.2 -2007.3 50.6
6783.0 -1947.2 53.7
6722.6 -1907.5 53.6
6636.9 -1986.9 54.8
6652.6 -1966.7 54.4
6711.2 -1932.0 54.2
6729.1 -2027.0 56.8
6749.1 -2009.0 55.7
6793.4 -2148.5 53.2
6801.9 -2145.8 52.8
6812.6 -2093.8 53.3
6678.8 -2059.8 57.9
6669.9 -2081.4 58.5
6673.7 -2090.7 58.8
6714.9 -2174.8 56.8
6763.1 -2238.8 53.0
6769.7 -2246.7 53.0
6821.5 -2227.3 52.2
6828.4 -2224.4 52.1
6842.9 -2218.2 51.6
6868.6 -2211.8 50.8
6876.3 -2220.4 50.7
6821.1 -2066.5 53.2
6703.2 -2044.8 57.8
6704.4 -2183.5 57.2
6746.6 -2242.1 53.8
6799.8 -2257.1 53.1
6812.2 -2235.5 52.5
5179.3 -5965.8 34.0
-4897.8 5372.5 16.7
-4914.1 5390.0 16.8
-5140.1 5225.5 16.3
5260.7 -5988.2 33.0
5222.7 -6023.0 34.9
5182.3 -5965.8 34.0
6279.0 -8098.7 43.9
5220.2 -5933.2 33.0
6239.8 -8144.7 46.2
5200.3 -5830.1 31.9
5231.7 -5849.4 32.3
4631.9 -38.3 30.0
6769.4 -1983.6 54.6
6735.0 -1910.6 53.9
6768.6 -1936.8 54.4
6810.3 -2086.2 53.5
2047.4 -3812.8 21.4
-5270.1 5404.3 17.2
-5255.9 5431.7 17.1
3407.3 1159.3 33.6
3421.6 1132.8 34.8
3382.3 1109.0 34.6
3381.1 1143.2 33.3
3394.4 1149.0 33.5
6048.9 -7551.2 40.5
6043.9 -7541.9 40.6
5696.4 -7274.8 40.8
5706.6 -7273.8 40.4
5733.0 -7272.6 39.5
5725.0 -7268.3 39.6
6106.0 -2731.1 28.7
6125.0 -2720.5 28.8
4892.7 6173.5 25.5
-4935.7 5461.3 17.1
-4914.1 5379.2 16.8
-5010.1 5182.0 17.0
-4430.2 5689.1 15.3
-4408.7 5683.1 15.3
-4702.2 5147.4 19.2
-4629.3 5198.5 19.2
-5273.5 4819.0 18.2
-5407.1 5510.6 16.6
-5386.1 5528.8 16.9
-5411.2 5805.6 15.7
-5460.4 5794.8 15.6
-5235.6 5430.2 17.0
5230.1 -5937.9 32.9
5225.6 -5923.6 33.0
6758.0 -8397.2 50.1
6701.4 -8457.8 60.7
6688.9 -8400.1 52.9
6391.5 -5140.3 83.7
5781.2 -7237.8 37.3
316.4 6946.3 17.8
6515.7 7121.9 28.8
3833.6 719.4 26.5
3859.3 738.5 26.7
3869.6 757.0 26.9
3869.0 746.1 26.8
-4432.1 5643.1 15.4
-5065.4 5582.1 17.2
-5065.1 5601.6 17.1
4674.2 -4444.9 33.3
4618.2 -4341.1 34.6
4626.0 -4347.5 34.7
4633.7 -4353.5 34.7
4644.1 -4363.8 34.7
3888.9 759.5 27.0
4478.4 -4324.7 33.0
5140.5 -5794.3 30.7
5149.9 -5828.8 31.4
5236.6 -5827.4 32.2
5229.9 -5834.8 32.2
5166.1 -6195.1 40.9
5187.0 -6209.9 39.8
5049.5 -5727.0 31.1
5061.7 -5769.5 30.9
5254.4 -5996.9 33.4
5251.9 -6001.1 33.6
5226.2 -6014.6 34.6
5208.7 -6032.6 35.5
5184.3 -5992.4 34.9
4472.8 -4277.4 32.6
6746.8 -8390.0 49.7
6774.9 -1970.5 54.2
6806.7 -2026.6 53.4
6809.0 -2034.9 53.3
6774.0 -2029.1 54.8
6801.5 -2040.6 53.7
6702.9 -2203.6 56.9
6723.2 -2232.0 55.3
6745.8 -2264.0 53.5
6732.6 -2283.8 54.1
6803.4 -1985.8 53.1
6796.5 -1962.5 53.1
6753.3 -1980.2 55.4
6709.7 -1994.9 56.3
6745.7 -2013.8 55.9
6732.5 -2036.1 56.7
6744.3 -1996.5 55.9
6810.8 -2142.2 52.4
6826.6 -2139.1 51.6
6824.4 -2132.0 51.9
6821.8 -2123.6 52.2
6748.3 -2070.0 56.3
6718.8 -2065.7 57.5
6705.1 -2083.7 58.3
6693.1 -2070.6 58.5
6666.1 -2072.2 58.1
6677.5 -2100.0 59.2
6821.7 -2148.6 51.7
6848.9 -2212.4 51.4
6849.4 -2217.1 51.4
6857.1 -2202.6 51.1
6833.3 -2099.0 52.0
6691.2 -2043.7 57.6
6680.1 -2042.5 57.4
6651.1 -2060.5 57.5
6655.0 -2093.6 58.6
6760.4 -2261.3 53.4
6774.8 -2277.9 53.8
6779.8 -2274.3 53.7
6796.3 -2192.5 52.1
4508.5 -4306.3 33.9
4504.1 -4303.2 33.9
4500.3 -4299.5 33.7
4488.8 -4297.8 33.3
4485.3 -4303.9 33.1
4485.1 -4287.4 33.1
4480.4 -4307.2 32.9
4477.0 -4280.5 32.8
4476.9 -4320.0 32.9
4475.3 -4315.3 32.8
4473.9 -4310.6 32.7
4472.6 -4305.2 32.7
4470.8 -4300.6 32.6
4469.1 -4296.8 32.5
4465.1 -4287.6 32.3
297.0 6903.7 18.2
6254.0 -7803.3 39.8
5951.5 -7476.2 41.3
6286.9 -8091.5 43.5
6137.3 -8300.8 53.0
6184.8 -8214.8 49.8
6233.5 -8153.9 46.7
6154.8 -8250.2 51.3
-4724.6 5114.9 18.8
-5397.2 5552.6 16.7
4675.9 -4448.1 33.3
4663.6 -4444.1 33.1
4660.3 -4440.9 33.1
4622.3 -4344.5 34.6
4650.9 -4370.4 34.7
4662.3 -4379.9 34.7
4493.1 -4293.3 33.4
4480.6 -4283.1 33.0
4463.2 -4281.9 32.2
6052.3 -7538.7 40.5
4497.0 5607.6 21.3
-4613.5 5188.1 19.2
-5361.3 4805.1 17.7
-5148.7 5230.4 16.3
-4706.9 5062.6 18.3
6699.4 -2062.9 58.3
6662.8 -2098.0 58.9
6688.5 -2152.8 58.7
6867.2 -2214.0 50.9
6846.5 -2134.1 50.6
6788.7 -2265.0 53.4
3372.7 1138.1 33.3
6649.7 -2113.2 59.2
310.9 6957.7 17.7
287.1 6898.6 18.3
264.7 6886.8 18.4
240.3 6882.6 18.3
228.2 6882.3 18.3
5786.6 -7246.0 37.4
5710.9 -7277.3 40.4
6752.6 -8393.7 50.1
3436.4 1141.2 35.0
3428.7 1136.4 34.9
3413.0 1162.2 33.6
3375.5 1105.1 34.6
3366.7 1134.8 33.2
237.6 6935.6 17.7
254.3 6882.9 18.4
308.1 6908.7 18.2
320.2 6913.3 18.2
325.5 6924.6 18.1
6795.1 -2260.5 53.2
6767.3 -1976.5 54.6
6778.8 -1985.1 54.1
6789.8 -1965.3 53.5
6796.1 -1988.0 53.4
6794.2 -1981.1 53.4
6775.7 -2006.7 54.5
6793.5 -2010.3 53.7
6795.6 -2018.0 53.7
6772.2 -2021.6 54.8
6788.7 -2023.4 54.1
6799.5 -2033.0 53.7
6790.9 -2031.6 54.1
6782.4 -2030.9 54.4
6775.9 -2036.9 54.8
6792.8 -2038.9 54.1
6882.9 -2051.2 50.3
6879.1 -2031.6 50.3
6822.3 -1977.8 52.2
6872.2 -2078.8 50.4
6768.4 -2043.2 55.1
6815.1 -2051.1 53.3
6820.5 -2043.1 52.9
6816.9 -2031.0 53.0
6813.4 -2019.4 53.0
6740.6 -1968.9 55.9
6717.9 -1985.6 56.1
6637.1 -2019.1 55.9
6647.9 -2013.9 55.9
6637.2 -2004.7 55.4
6647.8 -1981.9 54.8
6658.6 -1974.0 54.7
6745.0 -2029.9 56.0
6737.8 -2036.5 56.4
6735.4 -2030.6 56.5
6732.3 -2006.9 56.5
6752.0 -2015.3 55.6
6755.4 -2028.8 55.5
6756.4 -2036.8 55.6
6807.6 -2077.7 53.8
6793.7 -2067.0 54.3
6784.3 -2065.6 54.7
6754.9 -2061.3 55.9
6774.0 -2064.1 55.1
6752.7 -2081.5 56.2
6714.6 -2085.2 57.9
6703.0 -2072.4 58.3
6714.0 -2055.4 57.7
6685.9 -2080.6 58.7
6689.0 -2061.3 58.1
6682.5 -2068.6 58.3
6673.1 -2066.9 58.0
6669.1 -2058.2 57.7
6662.4 -2063.8 57.8
6829.3 -2088.3 52.5
6798.9 -2057.6 54.0
6728.0 -2047.9 56.9
6668.4 -2045.3 57.3
6658.6 -2052.1 57.3
6720.5 -1923.0 54.1
6739.6 -1911.9 54.0
6749.6 -1906.2 54.0
6758.2 -1915.7 54.5
6763.5 -1925.8 54.6
6663.0 -2132.6 59.7
6664.8 -2136.3 59.7
6687.4 -2181.7 58.2
6700.2 -2199.7 57.1
6705.9 -2207.7 56.7
6710.0 -2213.5 56.3
6720.5 -2228.3 55.5
6726.2 -2236.3 55.0
6729.6 -2241.1 54.7
6910.8 -2221.1 50.6
6819.4 -2115.8 52.4
6816.9 -2107.8 52.7
6688.9 -2127.7 59.2
6696.6 -2146.6 58.4
6700.4 -2155.7 58.0
6704.2 -2165.0 57.6
6827.3 -2215.5 51.9
6842.8 -2226.3 51.7
6668.0 -2109.1 59.4
6693.5 -2163.3 58.2
6698.1 -2173.2 57.8
6711.6 -2193.5 56.6
6725.7 -2213.0 55.5
6739.8 -2232.7 54.3
6804.4 -2253.9 53.0
6809.5 -2250.3 52.8
6815.1 -2243.3 52.6
6808.9 -2226.6 52.4
6805.5 -2217.3 52.1
6793.1 -2183.9 52.5
5727.1 -7269.2 39.6
6040.6 -7532.5 40.6
5878.4 -7394.1 39.5
6160.0 -8242.9 51.0
5788.6 -7244.3 37.4
6687.6 -8393.7 52.1
6690.3 -8406.5 53.8
6691.7 -8412.9 54.7
6693.1 -8419.3 55.5
6694.5 -8425.7 56.4
6697.2 -8438.6 58.1
6698.6 -8445.0 59.0
6700.0 -8451.4 59.8
6720.4 -8373.4 49.7
6725.4 -8376.6 49.6
6730.2 -8379.6 49.6
6741.1 -8386.4 49.5
6770.8 -8405.2 50.2
6776.9 -8408.8 50.2
4573.3 -4479.5 30.1
4673.1 -4450.6 33.2
4630.0 -4351.1 34.7
4654.8 -4373.5 34.7
4658.2 -4376.3 34.7
5198.5 -5833.3 31.9
5243.9 -5857.6 32.4
5206.2 -5863.1 32.3
5233.1 -6013.3 34.4
5181.8 -5969.7 34.0
2655.3 -3731.8 24.4
2650.6 -3728.8 24.3
2032.9 -3833.6 21.1
4575.9 -4464.4 30.5
6783.6 -2158.2 53.5
6790.1 -2175.9 52.8
6683.0 -2141.1 59.2
6678.1 -2130.6 59.7
6672.9 -2119.5 59.8
6649.9 -2082.7 58.2
6647.2 -2071.9 57.8
6715.6 -2046.4 57.6
6738.7 -2049.0 56.5
6847.8 -2154.9 50.4
6727.3 -2190.3 55.9
6721.4 -2182.8 56.3
6681.4 -2109.5 59.6
6695.8 -2082.2 58.7
6713.0 -2074.2 57.8
6721.4 -2075.8 57.5
6731.9 -2077.7 57.1
6741.2 -2079.4 56.7
6728.6 -2067.1 57.1
6738.7 -2068.6 56.7
6725.7 -2057.1 57.1
6814.8 -2101.0 53.0
6753.3 -2022.3 55.6
6742.0 -2037.3 56.2
6749.8 -2038.1 55.9
6697.2 -1937.5 54.2
6675.2 -1962.2 54.6
6644.7 -1972.6 54.5
6629.1 -1992.3 54.9
6622.0 -1995.4 54.9
6643.9 -1999.3 55.3
6625.1 -2021.3 55.8
6729.7 -1972.5 55.9
6733.2 -1940.6 54.9
6768.5 -1947.3 54.4
6775.9 -1955.8 54.1
6799.8 -1973.7 53.1
6806.7 -1996.9 53.0
6804.2 -2049.2 53.7
6780.5 -2045.0 54.7
6727.4 -2037.4 56.9
6708.4 -2035.5 57.6
6845.9 -2078.6 51.8
6849.1 -2092.6 51.3
6852.9 -2008.8 51.2
6675.2 -2156.6 59.3
6810.9 -2042.1 53.3
6784.5 -2038.4 54.4
6770.0 -2012.7 54.8
6778.1 -2015.4 54.4
6786.9 -2016.3 54.1
6802.5 -2011.5 53.4
6781.0 -1993.7 54.1
6787.8 -1957.9 53.5
6776.5 -1977.5 54.2
6799.4 -2200.7 51.8
6768.0 -2271.9 53.7
6753.6 -2251.9 53.2
6733.0 -2223.3 54.9
6718.9 -2203.7 56.1
6846.2 -2207.3 51.4
6835.6 -2221.4 51.9
6817.7 -2219.7 52.2
6782.8 -2262.4 53.4
6776.4 -2254.8 53.2
6756.3 -2230.6 53.5
6740.4 -2206.6 54.8
6734.4 -2199.0 55.3
6917.6 -2235.5 50.8
6927.1 -2200.4 50.1
-5288.4 4836.9 18.4
4637.3 -4357.6 34.7
6743.5 -1974.1 55.8
5690.2 -7274.6 41.0
5702.5 -7278.0 40.7
6259.1 -8120.1 45.0
5792.7 -7249.4 37.4
5783.8 -7243.1 37.4
5890.6 -7409.7 40.1
5939.7 -7463.4 41.2
5964.4 -7489.9 42.0
5692.0 -7271.5 40.8
5545.7 -7095.0 42.9
6792.0 -1973.2 53.4
6784.8 -2008.4 54.1
6759.7 -1973.7 55.0
6767.5 -1964.7 54.6
6712.7 -1927.7 54.1
6731.8 -1915.3 54.0
6742.1 -2001.5 56.0
6740.1 -1996.7 56.1
6735.8 -2058.6 56.7
6744.2 -2059.8 56.4
6768.4 -2073.0 55.5
6709.2 -2064.3 58.0
6835.6 -2230.6 51.9
6835.7 -2211.9 51.8
6841.8 -2121.5 51.1
6837.5 -2110.1 51.6
6786.8 -2166.9 53.2
4670.1 -4449.3 33.1
4664.3 -4436.3 33.3
4646.7 -4366.1 34.7
5226.3 -5935.7 32.9
5241.3 -6009.8 34.1
5188.6 -5991.1 34.7
-5316.6 4812.9 17.7
6099.7 -2734.6 28.6
3400.9 1120.2 34.7
3388.6 1112.8 34.6
5674.5 -7250.8 40.9
5542.8 -7101.9 43.1
5533.2 -7097.3 43.3
4578.8 -4470.2 30.4
4615.3 -4338.0 34.6
4488.8 -4290.1 33.3
4496.5 -4296.7 33.6
6695.9 -8432.1 57.3
6736.0 -8383.2 49.6
6057.1 -7547.3 40.4
5916.2 -7439.1 40.8
6136.6 -8311.5 53.3
6149.0 -8257.6 51.6
6145.1 -8264.7 51.9
6177.4 -8224.5 50.2
5549.3 -7103.7 42.9
5541.7 -7104.3 43.2
5786.0 -7242.2 37.3
5672.9 -7253.1 41.1
2682.1 -3747.8 25.1
2681.4 -3754.0 25.1
2644.0 -3724.6 24.1
2053.0 -3804.6 21.5
2123.0 -3699.6 22.2
2138.3 -3719.1 22.1
2134.5 -3747.9 22.0
6191.5 -8206.3 49.4
6218.7 -8172.4 47.6
3386.5 1146.2 33.4
3839.6 735.8 26.6
3837.5 723.1 26.5
3853.5 746.2 26.8
245.0 6906.8 18.0
-5417.5 5537.0 16.8
-5394.8 5520.5 16.8
-5402.3 5810.3 15.7
-5436.7 5798.7 15.7
-5243.7 5423.7 17.1
-5239.4 5418.1 17.1
-4609.6 5177.9 19.4
-5064.2 5567.5 17.3
3405.8 1124.8 34.6
3394.7 1116.5 34.7
320.7 6934.9 17.9
5171.9 -6193.9 40.5
5175.1 -6213.3 40.7
6139.6 -8280.9 52.4
6246.6 -8136.0 45.8
6265.6 -8112.4 44.7
3359.5 1130.7 33.2
-5364.9 4804.3 17.7
-5289.4 4807.2 18.0
6785.2 -1978.4 53.8
6783.2 -1971.8 53.8
6798.2 -1995.7 53.4
6787.4 -1986.6 53.8
6768.1 -2004.9 54.8
6797.5 -2025.4 53.7
6719.7 -2036.8 57.3
6810.1 -2008.0 53.0
6792.9 -1950.5 53.2
6745.8 -1988.8 55.8
6759.9 -1956.1 54.9
6735.4 -1982.7 56.3
6638.0 -2029.2 56.2
6638.2 -1965.4 54.1
6747.0 -2002.7 55.8
6763.6 -2062.6 55.6
6759.0 -2071.6 55.8
6677.0 -2079.1 58.5
6824.8 -2076.4 52.9
6810.4 -2061.2 53.6
6751.7 -2050.3 55.9
6633.8 -2049.6 56.8
6527.7 7128.1 28.5
5197.6 -5973.3 33.8
5189.3 -5836.8 31.9
5215.1 -5823.5 31.9
4665.6 -4383.1 34.7
5049.5 -5742.9 31.1
5223.1 -6008.2 34.6
5222.0 -5823.5 32.0
5247.9 -5932.4 32.8
-5445.3 5828.5 15.8
6131.4 -2716.9 28.9
6118.7 -2724.0 28.8
6112.4 -2727.6 28.7
6671.0 -2147.7 59.7
6681.5 -2170.4 58.7
6690.4 -2185.8 57.9
6736.8 -2251.2 54.1
6685.3 -2118.9 59.5
6693.1 -2138.1 58.8
6849.1 -2225.5 51.5
6822.5 -2240.6 52.4
6802.6 -2209.5 51.9
6929.6 -2232.9 50.5
6880.4 -2085.2 49.8
6892.7 -2026.5 49.7
6874.1 -2128.4 49.6
-5249.8 5256.3 16.6
-5368.6 4803.4 17.7
-5299.6 4799.6 17.9
-4433.9 5672.6 15.3
5201.8 -306.0 37.2
6781.2 -1963.4 53.9
6804.6 -2019.1 53.4
6650.2 -2003.6 55.6
6785.0 -2150.9 53.6
2038.2 -3834.7 21.1
2111.3 -3710.1 22.1
2150.4 -3730.8 22.1
6920.2 6980.3 29.2
2583.9 338.1 22.4
2604.2 308.8 22.2
2571.6 300.0 22.5
2586.1 311.5 22.2
2543.0 278.0 22.8
2558.5 290.6 22.6
2560.2 316.0 22.2
2574.6 326.9 22.2
-6459.4 3075.4 15.8
-6473.8 3071.1 15.8
-6488.2 3066.9 15.9
-6502.6 3062.6 15.9
-6517.0 3058.3 15.9
-6544.7 3050.1 15.7
4417.2 3750.1 31.3
4379.6 3797.5 32.2
5529.3 -6458.1 33.5
5606.1 -6442.4 35.1
5560.7 -6444.2 34.0
5499.8 -6447.7 32.5
5591.3 -6428.3 34.7
5512.2 -6431.2 32.7
5500.1 -6428.8 32.4
5583.3 -6417.5 34.5
5537.3 -6413.5 33.3
5530.3 -6413.4 33.1
5612.4 -6405.3 35.2
5511.0 -6404.4 32.6
5583.2 -6383.1 34.4
5540.8 -6384.9 33.3
5531.9 -6385.4 33.1
5510.3 -6388.9 32.6
5500.8 -6390.6 32.4
5619.3 -6370.5 35.2
5602.7 -6371.4 34.8
5556.5 -6367.9 33.7
5545.5 -6371.1 33.4
5493.4 -6368.9 32.2
5484.5 -6374.8 32.0
5613.8 -6359.7 35.1
5576.7 -6359.6 34.2
5529.2 -6352.2 33.1
5477.6 -6356.5 31.8
5612.7 -6346.9 35.2
5585.3 -6339.5 34.5
5499.0 -6339.7 32.4
5500.3 -6323.9 32.7
5515.9 -6309.2 33.3
5471.5 -6311.7 32.5
5452.9 -6301.3 32.4
5585.9 -6281.4 35.2
5539.4 -6268.1 34.7
5531.1 -6269.4 34.5
5480.5 -6268.4 33.6
5464.4 -6265.4 33.4
5456.8 -6269.9 33.1
5569.8 -6252.9 35.3
5496.0 -6248.4 34.1
5468.5 -6249.1 33.7
5568.1 -6241.0 35.3
5484.8 -6240.1 34.1
5463.2 -6238.5 33.8
5456.9 -6239.1 33.7
5434.8 -6241.0 33.2
5569.9 -6223.6 35.7
5469.8 -6225.0 33.7
5436.7 -6217.1 32.2
5568.2 -6207.0 36.0
5478.7 -6207.1 33.3
5544.9 -6187.4 34.8
5544.1 -6176.2 34.3
5482.0 -6176.9 32.0
5495.0 -6163.6 31.9
5466.5 -6158.8 30.7
5406.8 -6162.9 32.4
5482.3 -6142.8 30.8
5449.8 -6146.9 30.7
5409.5 -6142.1 32.0
5389.5 -6136.5 32.6
5495.0 -6118.5 32.1
5463.4 -6113.4 31.4
5418.2 -6114.3 31.4
5501.2 -6105.2 32.8
5484.6 -6100.7 32.4
5467.3 -6105.5 31.9
5405.2 -6097.9 31.7
5507.2 -6088.9 33.5
5435.9 -6091.4 32.3
5404.0 -6089.0 32.0
5492.8 -6071.6 34.1
5478.7 -6074.3 33.7
5453.6 -6069.4 33.7
5402.2 -6069.7 33.1
5393.3 -6068.9 33.0
5376.6 -6076.8 32.4
5467.0 -6058.9 34.4
5437.4 -6060.5 34.0
5407.8 -6052.4 33.8
5392.8 -6060.4 33.5
5455.7 -6044.5 34.4
5409.8 -6044.8 33.7
5395.5 -6043.6 33.5
5373.4 -6046.9 33.3
5485.9 -6026.8 34.7
5449.1 -6031.5 34.2
5437.4 -6026.7 34.1
5422.2 -6031.3 33.9
5366.2 -6031.2 33.3
5468.4 -5995.9 34.2
5436.3 -5979.1 33.8
2867.5 1189.5 19.0
6744.2 -8610.3 64.3
6774.5 -8595.6 64.8
6737.4 -8586.1 64.2
6801.5 -8562.9 65.1
6787.8 -8565.4 65.2
6760.4 -8535.4 64.8
6812.0 -8520.3 61.7
6800.2 -8523.6 63.0
6757.1 -8519.9 64.8
6829.3 -8503.8 58.7
6814.2 -8504.5 60.3
6818.7 -8492.0 58.0
6768.3 -8495.9 63.9
6760.6 -8488.1 63.1
6812.9 -8474.2 56.0
6815.7 -8462.4 54.0
6782.7 -8462.2 57.5
6577.6 -8495.1 60.9
6540.3 -8484.5 59.9
6519.1 -8479.9 59.4
6509.5 -8468.7 59.0
6495.4 -8467.3 58.6
6520.3 -8457.6 59.0
6491.7 -8452.8 58.3
6532.8 -8441.5 59.0
6472.8 -8442.7 57.7
6560.7 -8423.1 59.2
6522.0 -8426.4 58.5
6507.3 -8419.6 58.0
6456.7 -8420.9 57.0
6567.4 -8407.8 57.8
6584.9 -8388.8 54.6
6531.1 -8391.5 56.7
6494.9 -8397.9 57.4
6476.8 -8394.6 56.9
6593.0 -8379.6 53.7
6491.7 -8378.3 56.4
6591.4 -8365.4 53.2
6492.1 -8365.1 55.0
6535.1 -8353.0 53.8
6531.5 -8334.0 52.4
6472.2 -8317.2 49.4
5177.9 1186.1 29.9
5171.5 1204.6 29.8
5206.5 1221.1 30.1
5172.3 1218.8 29.8
5162.5 1222.2 29.6
5156.3 1232.3 29.5
5582.2 -139.3 35.6
5592.4 -123.9 35.3
5568.5 -125.9 35.8
5546.5 -107.5 36.3
5566.6 -98.3 35.8
5548.8 -94.5 36.2
5582.3 -83.7 35.5
5551.7 -83.5 36.1
5605.6 -63.5 35.0
5597.3 -68.8 35.2
5580.8 -68.2 35.5
5643.8 -49.7 34.2
5637.5 -40.7 34.3
5590.8 -37.6 35.3
5583.2 -36.9 35.4
5563.7 -38.5 35.7
5651.1 -17.3 34.0
5621.0 -24.9 34.6
5610.2 -22.7 34.9
5590.9 -17.1 35.2
5579.5 -26.6 35.5
5640.5 -3.2 34.2
5623.6 18.4 34.5
7036.4 -8499.1 44.0
7019.6 -8498.9 44.0
7100.4 -8489.1 43.4
7170.4 -8475.8 42.3
7142.2 -8469.0 42.8
7181.2 -8453.3 42.3
7159.1 -8455.8 42.6
7099.5 -8452.9 42.8
7082.7 -8459.5 43.0
7032.8 -8459.5 42.9
7020.6 -8455.8 42.8
7000.8 -8458.0 42.8
6979.2 -8451.7 42.6
7137.0 -8441.7 42.5
7126.3 -8442.7 42.6
7051.2 -8440.6 42.4
6988.8 -8441.4 42.3
7168.7 -8421.9 42.1
7152.0 -8427.2 42.2
7125.3 -8431.3 42.2
7123.6 -8414.1 41.9
7106.8 -8409.8 41.8
7096.6 -8415.4 41.9
6986.8 -8410.7 41.4
7156.4 -8394.2 41.6
7091.4 -8397.5 41.6
7060.5 -8400.0 41.5
7045.7 -8396.4 41.2
7002.7 -8398.0 40.9
6987.7 -8397.4 40.8
7099.3 -8352.4 39.7
7003.3 -8351.7 38.9
7096.8 -8334.8 39.1
7051.4 -8334.6 38.7
7036.1 -8331.7 38.7
7001.9 -8325.2 38.6
7082.1 -8309.5 38.8
7034.0 -8306.1 38.7
7065.5 -8290.8 38.8
6945.3 -8286.7 38.3
7047.1 -8280.3 38.8
7030.4 -8278.4 38.7
6985.5 -8277.0 38.3
6972.3 -8279.0 38.2
6933.7 -8275.0 38.7
6945.2 -8265.4 38.1
6964.2 -8246.8 38.0
6950.4 -8246.9 37.8
6928.5 -8249.3 38.6
7006.2 -8226.5 38.7
6947.3 -8235.3 37.8
6927.7 -8235.0 38.5
6910.5 -8235.0 39.1
6934.9 -8218.4 38.1
6915.4 -8211.8 38.8
6901.5 -8201.0 39.2
6874.7 -8199.5 40.1
3688.7 410.8 24.7
3704.8 426.9 24.9
3689.3 423.2 24.8
3761.2 435.2 25.1
3720.1 436.3 25.0
3703.9 444.8 25.1
3683.9 438.7 25.0
3778.9 454.4 25.3
3761.9 458.2 25.3
3689.9 453.9 25.1
3759.0 465.3 25.4
3788.9 485.2 25.6
3770.3 487.9 25.6
3759.8 483.5 25.5
3731.3 485.0 25.5
3674.6 487.7 25.3
3652.6 485.2 25.2
3764.7 504.1 25.7
3741.8 497.1 25.6
3726.8 498.5 25.6
3714.3 496.7 25.5
3696.1 501.9 25.4
3746.5 534.5 25.8
3734.2 528.9 25.7
5863.8 7285.9 21.9
4582.2 8536.2 20.4
4569.2 8548.0 20.4
3237.8 -300.2 23.5
3196.6 -297.8 23.7
3236.6 -285.6 23.2
3207.5 -287.4 23.4
3197.7 -289.3 23.5
3244.2 -241.6 22.2
3222.6 -235.7 22.2
3198.8 -241.9 22.5
3281.9 -228.6 21.7
3257.4 -227.3 21.8
3194.0 -222.5 22.1
3181.4 -221.7 22.2
3229.1 -206.6 21.6
3198.9 -207.9 21.8
3180.2 -209.9 21.9
3209.7 -192.5 21.4
3710.6 -8503.1 39.6
-7013.1 -5424.2 16.9
-6970.0 -5411.7 16.7
-6852.1 -6100.0 14.6
-6829.1 -6091.9 14.7
-6853.2 -6088.8 14.6
-6842.9 -6075.9 14.7
-6827.6 -6046.3 14.9
-6867.8 -6001.6 14.9
-6837.0 -5965.8 15.2
-6838.6 -5950.9 15.2
-6871.8 -5956.6 15.0
-6755.1 -5937.0 15.8
-6813.9 -5934.1 15.4
-6867.5 -5942.1 15.1
-6753.8 -5923.1 15.9
-6790.8 -5908.9 15.7
-6748.1 -5887.9 16.0
-6776.9 -5897.1 15.8
-6806.3 -5890.4 15.6
-6854.8 -5893.7 15.3
-6866.3 -5890.4 15.3
-6721.8 -5878.1 16.2
-6735.2 -5881.2 16.1
-6780.1 -5874.2 15.8
-6811.0 -5880.8 15.6
-6824.1 -5881.3 15.5
-6854.1 -5877.5 15.4
-6872.9 -5873.4 15.3
-6748.2 -5860.1 16.1
-6767.3 -5859.0 16.0
-6777.2 -5861.3 15.9
-6859.8 -5861.1 15.4
-6808.1 -5844.2 15.8
-6825.5 -5844.5 15.7
-6733.2 -5830.7 16.3
-6753.4 -5837.3 16.2
-6783.9 -5830.2 16.0
-6792.6 -5832.0 15.9
-6808.1 -5829.6 15.8
-6844.8 -5833.7 15.6
-6855.8 -5834.5 15.5
-6723.5 -5813.9 16.5
-6736.7 -5815.5 16.4
-6751.3 -5817.1 16.3
-6763.2 -5812.9 16.2
-6761.8 -5806.0 16.2
-6811.8 -5801.4 15.9
3741.4 752.4 26.7
3736.3 756.9 26.7
3745.2 768.2 26.9
3733.2 768.9 26.9
3083.9 1358.7 22.8
3055.6 1356.3 22.1
3133.5 1434.1 22.9
3118.9 1442.0 22.6
3101.4 1448.0 22.5
3133.3 1462.4 22.3
3105.0 1475.8 22.1
3147.5 1505.0 21.6
3165.8 1533.6 21.3
3192.7 1554.9 21.2
3175.1 1548.5 21.1
3148.6 1551.5 21.2
3163.9 1567.5 21.1
3187.6 1609.5 20.6
3221.0 1629.3 20.0
3208.2 1628.6 20.2
3204.4 1639.3 20.1
3205.3 1654.4 20.0
3219.5 1666.1 19.8
3252.4 1699.7 20.6
3263.5 1728.3 21.5
3236.6 1726.1 21.5
3253.1 1849.6 22.0
3253.9 1912.3 21.4
3223.0 1906.8 21.5
3248.0 1929.7 21.2
3254.8 1941.0 21.1
3239.7 1945.5 21.1
3223.0 1944.9 21.2
3083.6 1960.7 18.8
3052.5 1960.6 18.8
3208.0 1969.6 20.7
3175.9 1971.7 20.1
3161.0 1973.6 19.8
3126.2 1966.2 19.2
3086.0 1971.3 18.9
3251.9 1985.4 20.8
3173.9 1985.3 20.0
3144.2 1990.1 19.4
3056.6 1982.8 19.1
3156.7 2000.9 19.6
3115.5 2004.9 19.4
3069.0 1997.6 19.3
3181.1 2016.2 19.9
3160.3 2013.1 19.5
3232.8 2032.4 20.7
3207.0 2026.3 20.4
3116.6 2027.5 19.7
3088.2 2026.7 19.7
3111.3 2047.1 19.9
3073.3 2050.6 20.0
3166.2 2065.6 20.2
3096.2 2063.8 20.2
3236.1 2073.8 20.6
3165.9 2076.9 20.3
3084.7 2078.7 20.3
3042.8 2076.1 20.3
3192.6 2094.6 20.4
3180.9 2088.6 20.3
3157.7 2092.0 20.3
3099.1 2093.3 20.1
3217.0 2108.5 20.6
3130.9 2108.1 20.3
3112.5 2102.2 20.2
3099.4 2110.1 20.2
3069.0 2105.4 20.1
3149.2 2119.0 20.5
3193.7 2133.6 20.7
3235.0 2152.8 21.3
3204.5 2152.9 21.0
3176.5 2153.3 20.9
3146.5 2155.0 20.8
3103.9 2150.4 20.6
3067.0 2151.9 20.5
3179.9 2166.8 21.0
3147.9 2168.7 20.9
3117.2 2166.1 20.8
3057.8 2164.6 20.6
3038.3 2166.7 20.6
3221.3 2181.5 21.5
3156.6 2177.5 21.0
3117.4 2183.5 21.0
3052.1 2184.6 20.8
3126.7 2193.8 21.0
3105.3 2194.2 20.9
3074.9 2194.8 20.8
3238.8 2214.4 21.4
3223.0 2209.7 21.3
3104.6 2214.2 20.9
3089.8 2212.5 20.8
3041.8 2210.6 20.7
3236.9 2226.8 21.3
3101.2 2223.1 20.8
3039.1 2226.4 20.7
3216.3 2245.6 21.1
3210.4 2240.4 21.1
3191.4 2236.7 21.0
3180.4 2245.4 20.9
3150.6 2238.9 20.9
3116.0 2240.5 20.8
3081.6 2240.0 20.7
3075.8 2238.7 20.7
3053.9 2243.3 20.6
3219.9 2258.9 21.0
3164.8 2253.5 20.9
3135.1 2250.9 20.8
3054.2 2253.4 20.6
3027.7 2259.4 20.5
3236.2 2267.3 21.0
3223.8 2273.5 20.9
3159.7 2269.2 20.8
3149.5 2266.9 20.8
3100.8 2273.3 20.7
3074.7 2270.5 20.6
3051.9 2265.9 20.6
3222.8 2289.4 20.8
3143.8 2288.3 20.7
3030.2 2280.9 20.5
3157.8 2302.3 20.4
3144.1 2302.1 20.3
3114.6 2297.1 20.4
3096.5 2301.4 20.1
3088.6 2302.7 20.1
3051.9 2302.2 19.9
3222.8 2314.6 20.0
3191.8 2313.4 20.1
3164.4 2316.9 19.9
3114.7 2313.0 19.8
3105.1 2317.9 19.6
3024.8 2312.3 19.4
3221.8 2330.7 19.4
3203.3 2333.6 19.4
3161.3 2333.9 19.3
3129.4 2329.4 19.3
3085.8 2326.7 19.2
3071.6 2326.6 19.1
3059.4 2332.2 18.9
3194.2 2342.2 19.1
3176.3 2346.7 18.9
3096.2 2345.3 18.7
3060.0 2341.2 18.7
3041.6 2347.4 18.6
3204.2 2356.2 18.6
3134.5 2360.3 18.5
3101.2 2356.8 18.5
3083.1 2358.0 18.5
3054.4 2365.6 18.4
3029.8 2361.5 18.5
3135.2 2371.2 18.4
3113.4 2376.9 18.3
3195.8 2391.9 18.1
3143.3 2392.0 18.2
3029.0 2391.2 18.6
3105.7 2408.4 18.4
3089.4 2410.0 18.5
3075.0 2405.6 18.5
3055.2 2408.0 18.7
3222.4 2424.5 18.2
3156.9 2417.2 18.2
3096.4 2422.1 18.6
3180.3 2439.3 18.3
3156.2 2435.7 18.4
3128.9 2433.6 18.5
3117.9 2433.2 18.6
3089.7 2436.7 18.8
3194.8 2455.3 18.4
3098.7 2454.3 18.9
3057.1 2454.5 19.0
3188.2 2466.2 18.5
3172.4 2461.6 18.6
3156.7 2461.3 18.6
3132.5 2461.9 18.8
3207.6 2478.0 18.7
3070.8 2482.6 19.0
3216.6 2493.7 19.0
3144.9 2496.0 18.9
3119.8 2496.2 19.0
3163.1 2510.2 18.9
3133.6 2507.5 19.0
3105.7 2513.5 19.0
3207.9 2545.5 19.4
3193.3 2540.5 19.3
3175.4 2545.6 19.2
3129.3 2540.2 19.0
3119.8 2544.8 19.0
3150.5 2575.6 19.3
3135.3 2573.3 19.2
3176.4 2589.1 19.7
3146.3 2584.9 19.4
3210.6 2597.4 19.9
3179.5 2597.1 19.9
3133.3 2599.3 19.5
3164.6 2611.8 19.8
3187.6 2628.0 19.7
3207.7 2642.6 19.7
3171.7 2650.2 19.6
3205.3 2659.4 19.6
3177.6 2657.6 19.5
3195.5 2672.7 19.5
3174.4 2675.5 19.4
3192.2 2692.2 19.6
3204.1 2718.8 19.8
4551.5 4243.9 21.1
4536.9 4242.9 21.2
4540.6 4254.2 20.6
4510.0 4260.0 21.0
4567.0 4273.2 20.1
4566.6 4284.4 20.1
4553.5 4292.6 20.3
4496.2 4290.8 21.3
4571.4 4301.0 20.0
4551.8 4301.9 20.4
4523.4 4300.9 20.8
4568.4 4316.7 20.1
4533.2 4322.4 20.7
4512.4 4321.8 21.1
4489.2 4319.6 21.5
4609.7 4335.5 19.5
4523.7 4337.1 20.9
4502.8 4332.5 21.3
4615.5 4345.9 19.4
4596.3 4352.7 19.7
4503.8 4350.7 21.3
4490.6 4351.8 21.5
4508.6 4359.9 21.2
4565.0 4381.9 20.3
4549.7 4380.4 20.6
4505.7 4376.2 21.3
4540.6 4398.3 20.8
4523.6 4390.3 21.0
3996.1 1112.9 30.1
3981.6 1161.8 30.5
3968.5 1157.8 30.7
3970.2 1172.5 30.7
4012.2 1199.7 30.4
3987.9 1199.5 30.7
3966.1 1200.0 30.9
3952.5 1198.4 31.1
3966.1 1216.2 31.0
3957.4 1212.3 31.1
3941.1 1216.7 31.4
4050.7 605.4 26.6
4036.9 636.7 26.5
4026.4 636.1 26.6
4046.8 652.5 26.2
4007.4 663.9 26.5
4033.6 676.7 26.1
4010.2 681.7 26.2
7222.4 -8468.0 42.8
7226.8 -8444.1 43.2
7254.2 -8428.3 44.1
7235.3 -8430.2 43.6
7298.9 -8410.7 45.3
7251.4 -8411.1 44.0
7239.4 -8409.8 43.7
7311.7 -8395.5 45.7
7300.9 -8397.5 45.4
7257.4 -8399.0 44.1
7242.6 -8394.4 43.7
7208.9 -8397.9 42.8
7316.2 -8378.8 45.8
7302.2 -8382.8 45.4
7267.7 -8383.5 44.4
7238.6 -8379.8 43.6
7220.8 -8381.6 43.1
7339.0 -8371.5 46.5
7296.3 -8370.2 45.3
7280.3 -8368.2 44.8
7224.0 -8372.4 43.2
7195.8 -8369.5 42.4
7373.5 -8351.8 47.6
7362.2 -8353.8 47.2
7248.8 -8355.0 43.9
7194.3 -8354.6 42.2
7311.6 -8339.5 45.8
7270.9 -8338.1 44.6
7253.8 -8339.2 44.1
7331.3 -8320.6 46.3
7294.7 -8323.7 45.2
7239.2 -8302.9 43.5
7237.4 -8295.3 43.3
7177.2 -8288.9 41.7
7240.0 -8274.8 44.2
7195.1 -8276.7 42.8
7164.2 -8276.5 41.8
7234.0 -8266.5 44.4
7189.0 -8261.0 43.3
7174.6 -8257.7 42.9
7167.0 -8267.0 42.2
7151.5 -8259.7 42.0
7225.3 -8248.7 44.9
7204.0 -8246.9 44.3
7209.4 -8229.8 45.0
7119.4 -8236.2 41.4
7088.2 -8232.9 40.3
7071.2 -8230.1 39.9
7167.4 -8221.7 43.2
7061.1 -8219.8 40.0
7174.6 -8204.8 43.4
7150.4 -8200.5 42.6
7120.9 -8205.9 41.6
7103.8 -8200.3 41.3
7087.7 -8205.8 40.8
7054.7 -8205.3 40.3
7076.9 -8185.9 41.1
7106.3 -8176.4 41.9
6984.7 -8171.2 38.4
7023.9 -8156.7 40.3
7015.6 -8159.4 39.9
6978.6 -8157.4 38.2
7038.7 -8146.9 41.1
6965.2 -8140.1 38.2
6954.6 -8147.5 37.2
6934.2 -8140.1 37.6
7043.3 -8125.4 43.1
6971.0 -8125.3 39.2
6936.6 -8126.3 38.0
6999.7 -8116.0 41.5
6986.6 -8115.7 40.7
6965.3 -8113.2 39.2
4639.6 -4419.7 33.2
4627.1 -4420.0 32.8
4612.7 -4411.0 32.7
4585.0 -4412.4 32.0
4565.2 -4397.4 31.9
4567.5 -4383.1 32.3
6835.4 -8157.4 40.4
6848.7 -8141.8 40.3
6862.5 -8134.7 40.2
6842.7 -8129.5 40.2
6831.3 -8113.7 40.1
6805.3 -8115.4 40.2
6768.3 -8104.2 40.2
6758.0 -8097.7 40.1
6829.4 -8084.4 39.9
6796.7 -8083.0 40.0
6736.0 -8084.6 40.1
6801.6 -8051.3 39.9
6708.7 -8057.4 40.0
6758.6 -8023.2 39.9
6744.8 -8020.5 39.9
6698.5 -8019.8 39.8
6683.6 -8029.3 39.8
6741.0 -8006.8 39.9
6727.5 -8009.5 39.9
6698.8 -8009.2 39.8
6770.0 -7993.4 40.3
6757.8 -7997.5 40.1
6729.0 -7992.2 40.1
6691.5 -7996.0 39.9
6635.6 -7997.8 39.7
6744.5 -7975.2 40.5
6723.4 -7981.3 40.3
6624.5 -7966.2 40.0
6601.2 -7963.1 39.8
6694.7 -7950.9 40.7
6638.2 -7947.7 40.3
6604.9 -7954.6 40.0
6594.9 -7945.5 39.8
6667.7 -7932.8 40.7
6633.0 -7939.4 40.3
6586.8 -7932.9 39.7
6665.0 -7921.6 40.7
6604.9 -7919.1 40.3
6592.4 -7924.3 39.9
6577.0 -7924.6 39.6
6586.8 -7908.3 40.0
6564.6 -7901.9 39.5
6638.9 -7891.8 40.8
6560.3 -7871.0 39.7
6561.0 -7863.5 39.8
6548.3 -7863.8 39.5
6530.1 -7860.5 39.1
6534.5 -7840.5 39.3
6544.7 -7826.7 39.6
6496.5 -7833.0 38.6
6487.8 -7795.3 39.1
-3764.8 -6220.1 19.0
-3745.7 -6202.6 18.8
-3735.0 -6191.6 18.8
-3704.1 -6177.5 18.8
-3716.5 -6181.2 18.8
-3757.8 -6174.3 18.8
-3673.8 -6142.2 18.7
-3704.6 -6150.5 18.7
-3717.4 -6133.4 18.6
-3681.1 -6119.7 18.6
-3743.2 -6114.0 18.6
-3681.6 -6100.1 18.6
-3697.5 -6099.1 18.6
-3710.4 -6104.7 18.6
-3698.0 -6087.4 18.6
-3726.1 -6072.7 18.6
-3742.8 -6067.8 18.6
-3623.2 -6056.8 18.7
-3638.3 -6059.2 18.7
-3680.2 -6060.2 18.6
-3675.0 -6040.9 18.7
-3681.8 -6041.3 18.7
-3627.8 -6022.7 18.8
-3641.1 -6022.6 18.8
-3689.9 -6031.4 18.7
-3696.5 -6025.0 18.7
-3596.9 -6007.8 18.9
-3614.7 -6012.1 18.9
-3669.3 -6012.7 18.8
-3680.5 -6013.5 18.8
-3597.0 -5996.6 19.0
-3641.7 -5995.3 18.9
-3680.5 -6001.4 18.8
-3657.8 -5979.9 19.1
-3716.0 -5984.6 18.8
-3607.7 -5970.6 19.5
-3666.5 -5952.2 19.6
-3714.8 -5949.4 19.4
2937.3 1229.0 20.2
2645.7 742.8 24.4
2633.5 741.7 23.8
2630.4 759.2 23.9
2628.0 771.3 23.8
2588.2 769.4 22.1
2641.8 790.9 23.7
2610.2 784.5 23.4
2603.5 787.0 23.1
2587.1 803.5 22.7
4690.0 963.2 24.3
4737.2 1011.7 25.1
4716.0 1003.1 24.9
4704.0 1003.2 24.7
4689.8 1011.8 24.6
4694.5 1020.1 24.7
4719.3 1033.9 25.1
4997.9 -1961.2 30.4
