6843.9 5087.1 19.1
6819.8 5059.9 20.4
6833.4 5053.4 19.6
6774.9 5010.2 22.1
-5384.3 -3385.5 11.3
-5667.9 -1399.1 17.1
-4407.3 -1305.0 20.9
6765.1 5288.3 16.3
6829.9 5210.6 16.2
6835.7 5215.3 16.1
6870.6 5206.2 15.1
-4617.6 562.0 18.0
-4607.1 563.3 18.2
-6010.0 1731.3 23.7
-6020.1 1739.3 24.0
-6016.6 1754.8 24.0
-4318.2 4409.8 39.4
-6384.4 1055.4 19.0
-3854.4 968.0 21.3
-4056.7 798.5 20.1
-4060.6 785.9 20.1
-4415.4 -1310.6 20.8
-4399.6 -1318.4 20.8
-4410.3 -1325.9 20.5
-4408.4 -1399.5 20.7
-4455.2 -1289.5 20.5
-3883.7 -66.0 22.2
-3881.5 -88.5 22.1
-1589.6 -563.0 30.8
-3667.1 -201.7 21.3
-3623.2 -196.3 21.3
-3628.0 -201.6 21.3
5358.6 1534.6 61.6
-5647.8 -1385.2 17.1
-5691.8 -1410.8 17.1
-3956.8 196.0 22.3
-3956.1 233.8 22.7
-3959.5 241.5 22.8
-2639.0 812.6 21.5
-2632.9 823.6 21.5
-2573.0 749.3 21.7
-2557.5 741.1 21.8
-2531.6 779.8 21.3
-2528.8 784.8 21.2
-2561.7 808.1 21.3
-3982.9 568.1 21.1
-3973.4 541.3 21.6
-3971.0 534.5 21.7
-3953.5 621.3 20.5
-3988.6 609.0 20.7
-4041.9 590.3 20.9
-3822.7 -375.2 22.0
-3871.2 -338.1 21.5
-3768.3 811.2 19.4
-3737.9 816.5 19.2
-3721.6 798.2 19.1
-4269.3 768.0 20.6
-4283.0 797.1 20.7
-4293.2 818.9 20.8
-4298.8 830.7 20.8
-5416.8 2293.9 16.6
-5334.6 2218.9 16.4
-3653.8 -222.8 21.4
-3641.4 -215.3 21.4
-3645.9 -219.5 21.4
-3772.5 4670.9 35.6
4436.6 1288.5 60.7
-6498.4 8025.4 34.0
-4651.8 7277.3 53.1
-4681.0 7247.3 50.9
-4660.3 7174.1 47.3
-4631.3 7190.7 48.3
-4632.5 7198.6 48.6
-4638.2 7230.2 50.0
-4637.0 7222.3 49.7
-4642.5 7254.1 51.5
-4639.6 7193.6 48.3
-4638.1 7185.5 48.0
-2420.3 5133.8 55.9
-2386.0 5121.7 55.7
-2395.8 5086.9 55.7
-2507.0 5126.2 56.5
-2529.5 5049.4 56.1
-2497.6 5104.6 56.1
-4890.0 -5733.9 19.9
-4878.5 -5749.9 20.3
2447.9 -8629.1 65.6
-6378.3 -2146.3 18.3
5035.2 -1089.7 41.0
5024.1 -1089.5 41.4
5115.7 -1031.3 39.7
5111.7 -1028.7 39.9
5107.4 -1026.0 40.1
5089.8 -1074.7 39.5
4956.5 -1063.9 44.5
4901.0 -1090.9 45.9
4894.0 -1093.9 46.0
4887.0 -1097.5 46.0
4860.6 -1110.9 46.4
4845.4 -1118.8 46.0
5856.6 4793.3 18.9
6422.9 4735.5 19.0
304.1 1138.5 41.3
-730.4 -193.3 24.3
-706.8 -173.8 24.3
-534.4 161.9 23.8
-481.2 148.7 23.9
4698.6 1.3 42.4
6892.9 5182.2 14.5
-4509.6 -6117.0 23.0
-4502.1 -6110.4 23.1
-4736.5 -3807.7 15.8
-4811.7 -3846.1 16.4
-4816.0 -3848.9 16.5
-4700.3 -5955.5 24.3
5603.5 3195.1 33.2
-5425.3 2283.6 16.7
-4417.1 -1304.9 20.8
-4403.8 -1378.1 20.5
-748.0 -2961.6 28.8
-775.1 -3059.5 30.2
-659.7 -2965.2 27.6
-627.3 -2984.4 27.9
6424.6 4634.1 18.6
6376.6 4697.7 19.1
6433.7 4699.2 18.7
6462.5 4754.5 19.1
4440.9 1299.9 60.8
4433.0 1295.9 60.8
-1101.8 -440.8 28.0
-1099.0 -436.2 27.9
-1073.4 -377.9 26.8
-891.2 -310.1 24.4
-903.2 -317.2 24.6
-928.7 -332.6 25.0
-968.1 -357.0 25.7
-993.7 -372.1 26.1
-1018.6 -386.8 26.5
-1027.9 -392.8 26.7
-1045.2 -403.6 27.0
-1055.6 -413.4 27.2
-1096.4 -456.1 28.0
-1104.2 -469.9 28.2
-1111.9 -483.0 28.4
-1117.1 -493.4 28.5
-999.4 -362.4 26.1
-960.7 -338.6 25.4
-947.8 -331.0 25.2
-934.8 -323.0 25.0
-908.6 -306.5 24.5
-883.1 -290.7 24.1
-852.3 -231.4 23.8
-843.0 -244.6 23.7
-826.6 -270.9 24.1
-839.6 -278.8 24.1
-856.7 -275.2 24.0
-843.2 -267.0 24.0
-830.9 -259.3 23.9
-816.9 -251.1 23.9
-794.6 -238.4 23.8
-781.5 -231.4 23.8
-754.6 -212.0 24.1
-742.9 -203.2 24.2
-5661.1 -1395.0 17.1
-5676.4 -1403.0 17.1
-5702.9 -1417.4 17.1
-4375.0 -1280.8 21.5
3009.3 508.2 76.3
6496.2 4762.4 19.1
-5381.4 -3540.8 11.3
6801.6 5040.3 21.1
6795.6 5032.6 21.3
6789.2 5025.9 21.6
-4218.8 1122.2 24.9
-4178.3 1072.1 24.6
-4765.7 1760.7 21.1
6848.0 5185.7 15.8
6838.4 5196.9 16.1
6839.6 5067.6 19.5
6813.8 5053.8 20.6
6807.6 5046.9 20.9
6838.3 5228.3 16.1
6830.8 5221.4 16.2
6825.0 5215.4 16.3
6840.9 5219.6 15.9
6881.9 5186.3 14.8
6857.9 5088.6 18.7
6871.2 5123.0 16.4
6862.6 5208.2 15.3
6864.5 5210.7 15.3
6867.5 5203.7 15.2
6876.9 5202.5 15.0
6879.4 5195.1 14.9
6883.3 5197.9 14.8
6885.7 5190.0 14.7
3007.1 514.2 76.4
3003.3 525.5 76.6
3001.0 532.5 76.8
2996.7 544.4 77.0
2992.6 556.2 77.2
2990.5 562.1 77.3
2975.5 569.1 77.4
3722.7 -4736.6 114.6
3736.1 -4745.8 115.5
6780.4 5259.5 17.5
6772.9 5262.5 17.6
6777.1 5278.3 16.7
6771.8 5282.8 16.5
6754.9 5278.0 17.3
6758.6 5283.0 16.9
6765.4 5277.9 17.1
-2392.8 5136.5 55.8
-2416.5 5053.3 55.7
-2390.9 5055.7 55.6
-2383.9 5068.0 55.6
-2395.4 5101.6 55.7
-2444.9 5052.0 55.8
-2450.2 5131.8 56.0
-2472.7 5049.6 55.9
-2503.4 5049.5 56.0
-2508.5 5073.4 56.1
-2510.4 5103.1 56.1
-2496.6 5074.7 56.0
-2481.4 5105.8 56.0
-3730.5 4960.6 46.5
-430.9 228.5 23.9
-433.1 207.4 24.0
-429.7 201.5 24.0
-421.7 201.6 23.9
-413.8 212.4 23.8
-424.2 227.3 23.9
-479.0 158.9 23.9
-487.4 171.6 23.9
-482.7 177.0 23.9
-490.0 181.6 23.9
-92.6 3486.6 54.0
-46.3 3476.6 54.4
-5685.8 -1408.7 17.1
-5681.1 -1406.7 17.1
-5709.4 -1420.4 17.2
-5724.6 -1433.8 17.1
-4376.1 -1272.0 21.6
-4411.2 -1359.3 20.4
-4434.2 -1420.2 21.2
-4487.3 -1278.8 20.1
-4463.7 -1269.6 20.4
5242.2 4023.8 28.6
5210.8 4045.1 29.0
5621.2 4365.5 24.7
-4529.9 75.2 21.2
-744.7 -40.5 24.0
-737.7 -33.3 24.0
-722.9 -72.7 24.2
-708.4 -58.8 24.3
-680.0 -71.9 24.5
-677.4 -74.6 24.5
-674.5 -77.1 24.5
-706.6 -99.7 24.4
-701.9 -104.5 24.4
-748.7 13.9 23.9
-742.8 8.6 23.9
-736.9 3.7 23.9
-731.5 -1.6 23.9
-726.9 -6.4 24.0
-4661.8 7182.3 47.6
-4821.6 1374.4 21.6
-3775.2 805.1 19.4
-3776.0 793.5 19.4
-3761.9 817.0 19.3
-3755.5 822.7 19.3
-2591.8 785.8 21.5
-2549.0 749.0 21.6
-2540.5 795.8 21.2
-2585.6 796.4 21.4
-4286.6 804.8 20.7
-4016.4 778.2 20.0
-3788.9 792.9 19.4
-3781.4 799.6 19.5
-3768.8 799.5 19.4
-3751.2 804.7 19.3
-3743.0 759.6 19.3
-3748.5 753.0 19.3
-3754.4 745.8 19.3
-3759.6 753.0 19.3
-3764.2 759.2 19.3
-3769.2 766.1 19.3
-3773.8 772.4 19.3
-4007.1 602.5 20.6
-4116.0 638.7 20.8
-4131.8 665.6 20.4
-4128.4 651.0 20.7
-4125.6 645.9 20.8
-4146.3 636.7 20.8
-3745.2 4954.3 47.1
-4753.7 508.0 16.3
-4753.5 500.6 16.4
-4752.5 488.5 16.7
-4750.8 472.5 17.0
-4748.1 446.2 17.6
-4745.8 435.2 17.8
-4355.4 869.1 21.0
-4276.3 782.9 20.7
-4279.7 790.1 20.7
6082.5 4158.8 17.5
5392.7 1486.7 60.8
5387.8 1501.6 61.1
5382.9 1485.3 60.9
-5367.7 -3535.0 11.1
-4836.4 -3809.7 15.9
-4831.6 -3808.3 15.8
-644.4 -2947.4 27.2
-768.1 -2931.7 29.0
2951.9 545.7 76.9
2985.0 493.2 76.0
2961.2 482.6 75.8
-1094.1 -429.9 27.8
-1044.8 -386.8 26.8
-916.2 -325.1 24.8
-980.3 -364.2 25.9
-1005.7 -379.2 26.3
-1087.6 -444.6 27.8
-1012.6 -370.6 26.3
-986.0 -354.9 25.9
-5420.0 2289.0 16.6
-3789.0 4663.0 35.9
-2529.3 5125.9 56.9
-2597.4 775.3 21.5
-2567.6 746.4 21.7
-4398.2 -1297.9 21.1
-4401.6 -1391.1 20.6
-4417.5 -1384.9 20.6
-4424.5 -1397.5 20.8
-4436.7 -1404.0 21.0
-4478.6 -1299.8 20.1
-3961.6 524.7 21.9
-3980.0 518.1 22.0
-3993.2 513.4 22.1
-3998.0 526.8 21.9
-4002.1 538.3 21.7
-4004.5 545.3 21.6
-3995.9 563.4 21.2
-3989.7 565.6 21.2
-3993.5 556.6 21.4
-3980.5 561.2 21.3
-3975.7 547.7 21.5
-3968.7 528.1 21.8
-3967.8 616.3 20.7
-3974.7 613.9 20.7
-3981.2 611.6 20.7
-4000.1 605.0 20.7
-4020.0 598.0 20.7
-4027.7 595.3 20.7
-4034.7 592.8 20.8
5086.4 -1017.3 41.1
5083.4 -1030.0 40.8
4924.2 -1078.5 45.5
4853.6 -1114.8 46.2
4839.3 -1119.4 46.0
4991.7 -998.6 44.9
-463.4 111.7 24.0
-3945.4 624.2 20.4
-3732.7 810.7 19.2
-3726.9 804.1 19.2
-3722.4 784.7 19.2
-3732.9 771.9 19.2
-3737.9 765.9 19.3
-6513.1 8018.7 33.7
-4336.4 686.2 21.0
-4087.9 717.0 20.2
-4109.0 710.2 20.2
-4119.8 706.7 20.3
5027.1 -1077.8 41.6
5031.4 -1085.1 41.3
5039.7 -1096.9 40.7
5115.6 -1050.9 39.2
5120.8 -1034.4 39.4
2970.5 567.3 77.3
2955.6 535.0 76.8
2969.4 501.0 76.2
2989.9 495.1 76.1
-5266.9 2881.5 19.4
-4127.0 620.7 20.7
-4173.1 623.3 20.7
-4852.3 1389.5 21.5
-4860.1 1373.3 21.3
-3955.2 252.3 22.7
-3942.1 202.6 22.0
-3962.7 230.9 22.9
-4006.8 551.8 21.5
-4000.9 554.0 21.4
-3978.1 554.6 21.4
-3948.2 551.6 21.4
-3744.0 811.1 19.2
-3748.7 828.7 19.3
-3743.5 822.9 19.2
-4348.1 695.2 20.9
-4399.5 673.6 20.9
-4545.1 570.6 19.3
-3861.5 -376.7 22.2
-4525.1 71.5 21.2
-4358.2 876.7 21.0
-4598.0 564.3 18.4
-4466.2 686.0 20.8
-4336.9 660.4 20.9
-6483.0 8044.0 34.2
-3948.9 543.1 21.5
-4003.3 560.8 21.3
-3995.0 518.5 22.0
-3986.0 515.9 22.0
-3973.1 520.5 21.9
-3966.9 522.8 21.9
-4549.1 90.4 21.1
-4485.4 27.0 22.1
-4220.8 4526.8 38.1
-4105.4 624.1 20.7
-4116.0 633.6 20.8
-4118.1 631.0 20.8
-4098.8 713.5 20.2
-4013.4 600.3 20.6
-3987.3 558.8 21.3
-3956.8 526.4 21.8
-3951.1 528.4 21.8
-3903.0 611.0 20.5
-3949.2 218.4 22.3
-3945.8 210.7 22.2
-3951.9 244.9 22.6
-3938.1 214.1 22.0
-3934.5 206.0 21.9
-3969.4 245.9 23.1
-4272.8 775.5 20.7
-4489.2 41.2 21.9
-672.4 -79.5 24.6
-418.2 203.1 23.9
-487.8 197.8 23.9
-471.1 128.9 23.9
-550.6 164.7 23.8
-674.2 -143.4 24.5
-683.6 -152.5 24.5
-718.3 -183.6 24.4
-4475.2 661.1 20.7
-4556.6 569.2 19.1
-4566.9 568.0 18.9
-4576.7 566.9 18.8
-4588.5 565.5 18.6
-4823.9 1352.5 21.4
-766.6 -221.1 24.0
-803.0 -257.1 24.0
-357.0 281.7 23.5
-6310.5 1041.5 19.8
-6291.2 1047.2 20.3
-6272.9 1055.7 20.9
-6235.2 1162.0 24.4
-6231.6 1142.9 24.2
-4857.7 4346.5 29.0
-4869.7 4347.2 28.6
-4650.5 7256.6 51.8
-4647.9 7240.7 50.5
-4645.0 7225.5 49.7
-4640.8 7201.5 48.7
-4633.7 7207.0 49.0
-4672.7 7245.2 51.0
-4667.3 7214.1 49.0
-4663.0 7190.2 47.9
-4682.4 7255.2 51.2
-4678.4 7230.3 49.8
-4672.7 7200.2 48.3
-4668.1 7176.4 47.4
-4680.3 7269.9 51.9
-4336.9 1448.2 27.1
3005.1 520.2 76.5
2994.6 550.0 77.1
2958.6 561.2 77.2
2979.3 491.5 76.0
3000.5 499.1 76.2
3006.4 500.5 76.2
-3623.2 -189.3 21.3
-3624.6 -198.4 21.3
-6489.8 8060.0 33.7
-6503.9 8020.2 34.0
-4749.8 456.3 17.3
-2406.9 5121.1 55.8
-2404.3 5066.9 55.7
-2385.4 5095.0 55.7
-2479.3 5129.2 56.2
-2479.5 5075.6 56.0
-6484.8 8034.4 34.3
-4311.1 1470.6 27.6
-6732.6 2590.1 21.0
-3894.8 -70.2 22.2
-3855.2 -82.4 22.2
-6270.5 8150.8 41.2
-3756.1 -297.4 21.5
-3752.1 -292.3 21.5
-3752.6 -297.8 21.5
-3648.8 -187.3 21.3
-3631.9 -180.2 21.2
-3627.2 -183.3 21.3
-3623.6 -188.0 21.3
-3851.7 -120.7 22.1
-3921.6 -216.3 21.0
-2807.2 380.1 21.1
-6231.6 1122.5 23.6
-6233.4 1112.9 23.2
-4628.4 560.8 17.9
5029.2 -1111.3 40.9
5025.5 -1097.3 41.3
5119.0 -1041.7 39.3
5064.1 -1026.2 41.6
4946.3 -1066.8 44.8
4939.3 -1071.1 45.1
4915.1 -1082.8 45.7
4907.9 -1087.2 45.8
4875.5 -1104.0 46.2
-4703.3 -5969.1 24.4
-3634.4 -179.8 21.2
-3629.2 -181.8 21.3
-3625.4 -184.9 21.3
-4852.8 1370.3 21.3
-4857.0 1364.6 21.2
-4865.9 1345.7 21.0
-2530.4 790.1 21.2
-2546.3 799.2 21.2
-2583.1 801.1 21.4
-4323.1 1462.0 27.4
-3664.3 -217.1 21.3
-3654.1 -190.6 21.3
-3638.4 -180.5 21.2
-3633.0 -179.8 21.2
-3630.9 -180.7 21.3
-3629.9 -181.2 21.3
-3624.6 -185.9 21.3
-3624.2 -186.9 21.3
-3622.9 -190.6 21.3
-3624.2 -197.7 21.3
-3622.6 -192.6 21.3
-3622.7 -194.0 21.3
-3632.0 -205.6 21.3
-3636.3 -210.5 21.4
-3937.8 -227.1 21.0
-3929.0 -209.7 21.1
-6006.6 1721.5 23.3
-6028.1 1774.3 24.5
-6059.5 1775.2 24.4
-5437.0 -547.3 16.4
-5437.2 2264.6 16.8
-2594.5 780.4 21.5
-2599.4 764.3 21.6
-2594.0 761.1 21.6
-2588.6 757.8 21.6
-2582.9 754.5 21.7
-2552.2 743.5 21.7
-2543.0 759.9 21.4
-2535.5 793.6 21.2
-2556.2 805.1 21.3
-2577.2 811.6 21.3
-3876.2 -386.0 22.3
-3830.4 -394.9 22.4
-3857.5 -306.8 21.4
-3960.4 204.1 22.5
-4887.7 -5749.0 20.2
-4673.5 7252.4 51.4
-4671.5 7192.3 47.9
-4677.0 7224.1 49.4
-4675.5 7215.7 49.0
-4665.8 7205.7 48.6
-4664.5 7198.2 48.3
-4635.5 7214.2 49.3
-4641.1 7245.7 50.8
-4646.4 7231.6 50.0
-4649.1 7248.6 51.1
-3660.6 -221.6 21.4
-3662.1 -197.2 21.3
-3658.8 -193.9 21.3
-3637.3 -180.1 21.2
-3635.8 -179.9 21.2
-3628.2 -182.5 21.3
-3622.9 -195.2 21.3
5589.7 3186.3 33.5
-3962.8 248.9 22.9
-3941.6 221.8 22.2
-3944.9 229.3 22.4
-3948.5 237.3 22.5
-3974.2 234.9 23.2
-3970.7 227.2 23.1
-3967.2 219.3 22.8
-3948.7 199.6 22.2
-3952.6 225.9 22.6
-3966.1 238.5 23.0
-3959.1 222.9 22.7
-3952.4 207.7 22.3
-2600.1 769.8 21.5
-2562.7 743.6 21.8
-2546.0 755.5 21.5
-2536.7 769.7 21.3
-2533.7 775.3 21.3
-2566.6 811.2 21.3
-2572.0 814.1 21.3
-4554.0 97.4 21.1
-3757.1 -295.4 21.5
-3755.4 -292.9 21.5
-3749.9 -294.8 21.5
-4447.3 1099.5 21.6
-3872.6 -61.8 22.2
-3862.1 -57.5 22.3
-3955.8 215.4 22.4
-3963.8 211.8 22.6
-6023.0 1718.0 23.4
-6011.4 1736.1 23.8
-6013.1 1742.5 23.9
-6059.1 1786.0 24.4
-6060.3 1768.9 24.4
-6065.9 1740.8 24.3
-4397.6 657.5 20.8
-4535.5 571.7 19.5
-4350.2 680.6 20.9
408.8 1117.7 41.1
-6026.0 1737.2 24.0
-87.3 3485.2 54.1
-4379.8 4370.0 38.9
-4769.2 1767.7 21.0
-4750.2 463.8 17.2
-6235.6 1104.3 23.0
-6245.1 1085.8 22.2
-6250.6 1076.3 21.9
-6257.1 1069.5 21.5
-6377.1 1051.0 19.0
-3883.6 -376.8 22.2
-3872.1 -368.6 22.1
-3836.6 -385.9 22.4
-3816.4 -385.1 22.2
-3861.8 -316.8 21.4
-3866.1 -326.7 21.5
-6230.8 1133.4 23.9
-4839.8 1350.2 21.2
-3961.5 618.5 20.6
-4019.7 785.4 20.0
-4106.7 627.4 20.7
-4360.9 884.2 21.0
-4305.5 845.1 20.8
-3716.3 792.1 19.2
-4345.7 840.5 20.9
-4343.1 833.4 20.9
-4340.5 826.1 20.9
-4290.0 811.9 20.7
-5448.4 2875.8 18.5
5110.0 -1058.9 39.2
5105.7 -1065.5 39.2
5030.3 -1103.1 41.0
5019.6 -1081.1 41.8
5102.7 -1023.5 40.3
4866.2 -1106.6 46.4
4824.1 -1136.4 45.1
2988.3 568.1 77.4
2953.1 558.9 77.2
2949.6 551.1 77.0
2958.1 529.2 76.7
2999.0 538.1 76.9
2981.3 571.5 77.4
2953.3 540.3 76.8
2960.9 523.3 76.5
2962.9 517.6 76.5
2965.1 512.0 76.4
2967.3 506.4 76.3
2971.8 495.7 76.1
5421.4 3823.6 27.7
-4250.2 4426.1 38.1
-2635.6 818.6 21.5
-2580.0 806.5 21.3
-4142.4 694.6 20.3
6784.6 5274.5 16.7
-4302.2 837.9 20.8
-4352.7 861.5 21.0
-4366.4 899.6 21.1
297.7 1221.4 43.7
260.1 1193.8 41.7
-1578.1 -581.2 30.8
-869.6 -282.9 24.0
-896.1 -298.8 24.3
-1025.1 -378.1 26.5
-1121.0 -507.3 28.7
-1077.3 -432.4 27.6
-1066.7 -422.5 27.4
-1031.5 -394.9 26.8
-954.4 -348.3 25.4
-941.8 -340.5 25.2
-852.4 -287.2 24.1
-837.1 -253.0 23.8
-1064.5 -399.1 27.1
-1059.8 -379.5 26.8
-1048.1 -390.6 26.9
-1107.6 -447.3 28.1
4444.3 1291.4 60.7
-4363.6 892.0 21.0
-3727.7 778.3 19.2
-3784.2 786.6 19.4
-362.3 3099.3 55.1
6853.8 5030.2 20.0
6838.0 5080.4 19.7
6831.2 5072.8 20.0
6819.8 5046.6 20.2
6814.4 5040.1 20.4
6782.4 5018.3 21.8
6868.1 5114.8 16.8
6844.4 5223.6 15.9
6845.4 5214.5 15.8
6850.5 5219.3 15.7
6856.2 5215.4 15.5
6895.9 5190.6 14.4
6891.8 5175.9 14.6
6526.9 5367.5 19.6
6668.5 5340.6 17.7
5389.7 1493.3 60.9
-4679.9 7239.4 50.6
-4668.7 7220.3 49.3
-4671.3 7237.3 50.4
-4639.7 7238.3 50.4
-4642.3 7209.6 49.0
-4643.6 7217.0 49.4
-4670.0 7184.2 47.6
-4674.2 7208.3 48.6
-4670.2 7229.3 49.7
-1087.3 -424.1 27.7
-1052.2 -385.4 26.8
-1034.3 -383.4 26.7
-813.8 -263.2 24.1
-865.3 -294.2 24.1
-877.5 -302.1 24.1
-921.7 -315.1 24.8
-695.8 -163.7 24.4
-6391.4 1060.2 19.0
-6351.0 1042.2 19.1
-6341.6 1040.5 19.3
-6331.4 1039.4 19.4
-6321.0 1039.9 19.6
-6265.1 1062.1 21.2
-6239.8 1093.9 22.6
-6755.1 2579.0 20.8
-6042.4 1777.2 24.7
-6054.1 1779.7 24.5
-6048.3 1778.1 24.6
-1597.9 -566.7 30.8
-415.3 207.9 23.8
5363.0 1480.7 61.2
-6232.9 1152.7 24.4
-6281.5 1050.7 20.6
-6300.5 1043.8 20.0
-6359.7 1044.3 19.1
-4105.9 -3840.0 14.8
-4092.8 -3846.7 15.0
-4080.6 -3855.4 15.1
-4068.3 -3864.0 15.2
-4056.7 -3873.5 15.3
-4045.4 -3883.4 15.4
-4034.1 -3893.2 15.5
-4022.8 -3903.1 15.7
-4012.1 -3913.2 15.9
-4020.9 -3909.1 15.8
-4032.3 -3899.3 15.6
-4043.7 -3889.6 15.4
-4055.1 -3879.8 15.3
-4066.9 -3870.6 15.2
-4079.0 -3861.8 15.1
-4091.0 -3852.7 15.0
-4105.9 -3840.0 14.8
-6365.9 -2163.3 18.3
-6358.8 -2176.5 18.3
-6351.8 -2189.8 18.4
-6344.8 -2203.0 18.4
-6337.7 -2216.3 18.4
-6330.7 -2229.5 18.5
-6323.7 -2242.8 18.5
-6316.6 -2256.0 18.6
-6309.6 -2269.3 18.6
-6302.6 -2282.5 18.5
-6295.6 -2295.7 18.4
-6288.5 -2309.0 18.3
-6281.5 -2322.2 18.2
-6274.5 -2335.5 18.0
-6267.4 -2348.7 17.8
-6260.4 -2362.0 17.6
-6253.4 -2375.2 17.2
-6246.3 -2388.5 17.3
-6239.3 -2401.7 17.3
-6232.3 -2415.0 17.3
-6225.2 -2428.2 17.4
-6218.2 -2441.5 17.3
-6211.2 -2454.7 17.0
-6204.1 -2468.0 16.9
-6197.1 -2481.2 17.2
-6190.1 -2494.5 17.7
-6181.4 -2510.8 18.5
-6182.8 -2526.1 19.2
-6189.8 -2512.8 18.3
-6196.8 -2499.6 17.6
-6203.9 -2486.3 17.0
-6210.9 -2473.1 16.7
-6217.9 -2459.8 16.6
-6224.9 -2446.6 16.9
-6232.0 -2433.3 17.1
-6239.0 -2420.1 17.1
-6246.0 -2406.8 17.0
-6253.1 -2393.6 17.0
-6260.1 -2380.3 17.0
-6267.1 -2367.1 17.4
-6274.2 -2353.8 17.8
-6281.2 -2340.6 18.0
-6288.2 -2327.3 18.2
-6295.3 -2314.1 18.3
-6302.3 -2300.8 18.4
-6309.3 -2287.6 18.5
-6316.4 -2274.3 18.6
-6323.4 -2261.1 18.7
-6330.4 -2247.8 18.6
-6337.5 -2234.6 18.6
-6344.5 -2221.3 18.5
-6351.5 -2208.1 18.5
-6358.6 -2194.9 18.5
-6365.6 -2181.6 18.4
-6373.5 -2166.7 18.4
-3954.9 293.7 22.6
-3960.9 307.5 22.9
-3966.9 321.2 23.2
-3972.9 335.0 23.3
-3978.9 348.7 23.3
-3985.6 364.0 23.3
-3961.5 290.6 22.8
-3967.5 304.4 23.1
-3973.5 318.1 23.4
-3979.5 331.9 23.4
-3985.5 345.6 23.3
-3992.2 360.9 23.4
2685.3 -8543.2 77.1
2700.0 -8540.3 77.8
2714.8 -8537.7 78.6
2729.6 -8535.2 79.6
2744.4 -8532.8 80.7
2759.2 -8530.4 81.9
2774.0 -8528.0 83.2
2789.0 -8527.4 84.5
2804.0 -8527.3 85.6
2821.9 -8527.7 86.8
2710.6 -8543.9 78.3
2725.5 -8542.0 79.3
2740.4 -8540.0 80.4
2755.2 -8538.0 81.6
2770.1 -8536.0 82.8
2785.0 -8534.2 84.1
2800.0 -8533.8 85.2
2822.5 -8534.1 86.8
-688.4 -7361.3 27.9
-683.6 -7395.6 29.0
-678.8 -7417.8 28.8
-675.8 -7427.4 28.5
-675.4 -7438.1 28.1
-675.0 -7449.5 28.2
-668.9 -7461.2 28.7
-660.3 -7472.1 28.5
-637.5 -7490.2 28.7
-614.7 -7507.6 29.6
-590.7 -7521.1 30.6
-577.4 -7533.1 30.9
-571.0 -7542.2 31.0
-564.6 -7549.7 31.2
-561.1 -7550.7 31.3
-550.8 -7547.8 31.5
-541.6 -7544.9 31.6
-535.6 -7545.2 31.6
-532.1 -7546.6 31.5
-527.7 -7553.0 31.2
-499.7 -7590.3 30.0
-483.0 -7603.4 30.0
-468.5 -7616.5 30.0
-433.7 -7655.1 29.7
-386.7 -7704.4 29.2
-391.7 -7690.3 29.2
-400.8 -7678.7 29.3
-411.4 -7668.1 29.5
-422.4 -7657.9 29.6
-432.4 -7646.7 29.8
-442.5 -7635.6 30.0
-452.4 -7624.4 30.0
-462.3 -7613.0 30.0
-472.6 -7602.2 30.0
-483.8 -7592.2 30.0
-494.5 -7581.7 30.1
-504.5 -7570.6 30.3
-514.4 -7559.3 30.9
-523.5 -7547.4 31.5
-532.8 -7535.7 32.0
-547.6 -7533.5 31.8
-561.6 -7538.1 31.4
-572.1 -7528.7 31.4
-581.9 -7517.5 30.9
-594.3 -7509.1 30.2
-606.9 -7500.9 29.7
-619.5 -7492.9 29.2
-632.2 -7484.9 28.9
-644.5 -7476.2 28.7
-656.2 -7466.9 28.8
-665.5 -7455.3 28.7
-669.4 -7441.0 28.5
-671.9 -7426.2 28.5
-674.3 -7411.4 29.1
-677.1 -7396.6 29.2
-680.2 -7382.0 29.0
-685.0 -7358.8 27.9
-1440.6 -6120.7 25.6
-1453.1 -6129.0 26.4
-1465.7 -6137.2 25.8
-1478.2 -6145.4 25.1
-1488.5 -6156.2 24.5
-1498.0 -6167.8 23.8
-1507.5 -6179.3 23.2
-1516.6 -6191.3 22.6
-1525.6 -6203.3 22.0
-1534.7 -6215.3 21.8
-1546.4 -6206.0 21.6
-1558.1 -6196.6 21.6
-1569.9 -6187.3 21.9
-1577.4 -6177.6 22.5
-1567.3 -6166.5 23.0
-1557.2 -6155.4 23.5
-1547.1 -6144.3 24.0
-1527.3 -6122.5 24.9
-382.9 -7798.8 30.0
-411.0 -7812.6 30.5
-319.2 -7834.7 29.6
-326.3 -7825.8 29.8
-336.6 -7816.6 29.9
-354.2 -7805.1 29.9
-340.0 -7819.8 30.0
-320.6 -7838.2 29.6
-353.3 -7820.3 30.2
-331.6 -7835.5 29.9
-6431.9 -8117.2 11.4
-6425.5 -8111.5 11.4
-6420.3 -8107.6 11.4
-6418.6 -8104.1 11.4
-6418.1 -8097.8 11.4
-6484.8 -8110.9 11.0
-6480.8 -8110.7 11.0
-6477.0 -8115.1 11.0
-6473.6 -8124.0 11.1
-6470.6 -8129.6 11.2
-6468.1 -8133.0 11.2
-6464.2 -8133.7 11.3
-6462.8 -8133.7 11.3
-6459.5 -8132.5 11.3
-6554.7 -8158.2 10.8
-6547.7 -8160.4 10.8
-6543.4 -8159.6 10.8
-6540.6 -8158.1 10.8
-6539.6 -8156.3 10.8
-6539.4 -8146.3 10.8
-6651.7 -8195.6 10.3
-6638.3 -8185.7 10.3
-6629.9 -8182.8 10.4
-6611.2 -8178.1 10.5
-6595.5 -8173.1 10.5
-6587.7 -8170.2 10.6
-6582.7 -8168.9 10.6
-6577.7 -8170.8 10.6
-6513.2 -8141.3 10.9
-6511.9 -8130.2 10.9
-6518.8 -8129.7 10.8
-6525.3 -8131.1 10.8
-6530.2 -8132.4 10.8
-998.1 -305.7 25.1
-989.3 -317.8 25.2
-972.9 -340.1 25.5
-581.2 228.8 23.4
-552.4 220.6 23.4
-326.2 252.4 23.1
-318.9 239.4 22.7
-311.5 226.3 22.6
-304.1 213.2 22.8
-296.8 200.2 22.8
-289.4 187.1 22.8
-282.0 174.0 22.8
-274.7 161.0 22.8
-267.3 147.9 23.0
-259.9 134.9 23.3
-252.5 121.8 23.7
-260.0 112.1 23.8
-272.4 103.6 24.0
-284.7 95.1 24.1
-304.9 81.1 24.3
-641.3 153.7 23.4
-644.5 168.3 23.1
-647.6 183.0 22.9
-650.7 197.7 22.9
-656.3 224.2 23.0
-6070.3 1719.2 24.1
-6055.6 1716.3 23.9
-6041.1 1716.1 23.7
-6014.3 1710.3 23.4
-5999.5 1712.2 23.1
-5984.6 1714.1 22.9
-5969.7 1715.9 22.8
-5949.9 1718.5 22.6
-6276.8 -1651.9 16.0
-6263.8 -1644.4 16.0
-6250.8 -1636.9 16.0
-6237.8 -1629.5 15.9
-6224.8 -1622.0 15.9
-6211.8 -1614.5 15.9
-6198.8 -1607.0 15.9
-6185.8 -1599.6 15.8
-6159.9 -1584.6 15.9
-6261.2 -1477.9 16.9
-6247.0 -1472.9 16.9
-6232.9 -1467.9 17.0
-6218.7 -1463.0 17.0
-6204.6 -1458.0 17.1
-6190.5 -1453.0 17.2
-6176.3 -1448.0 17.3
-6162.2 -1443.0 17.4
-6144.7 -1436.8 17.5
-5421.8 -591.9 17.4
-5407.5 -583.9 17.0
-5667.7 -1038.6 18.7
-5654.3 -1031.8 18.7
-5629.3 -1019.2 18.7
-5495.6 1380.4 15.9
-5498.0 1395.3 15.7
-5500.3 1410.1 15.4
-5504.7 1437.7 15.0
-4303.2 1126.0 23.6
-4323.8 1123.6 23.1
-3579.6 1145.9 21.9
-3985.5 1142.4 23.9
-4062.2 1145.3 24.4
-4076.4 1138.9 24.6
-4129.7 1137.9 25.9
-4211.5 1141.1 26.2
-4227.4 1140.9 25.9
-4270.9 1141.2 25.1
-4286.1 1139.4 24.7
-4341.7 1139.0 23.2
-4354.9 1137.5 22.8
-3972.9 1154.4 24.2
-4000.8 1156.4 24.3
-4024.0 1153.9 24.3
-4038.7 1152.1 24.2
-4070.7 1157.9 25.1
-4115.9 1156.3 26.4
-4166.1 1158.9 28.0
-4227.4 1157.4 26.9
-4254.3 1153.7 26.1
-4270.3 1154.1 25.6
-4314.0 1159.6 24.7
-3649.9 1171.3 22.6
-3728.0 1174.4 23.0
-3741.6 1172.6 23.1
-3923.5 1172.2 24.6
-4146.9 1172.2 28.0
-4210.8 1169.8 27.8
-4220.3 1173.6 27.6
-4239.2 1169.4 27.0
-4258.2 1172.6 26.5
-4267.0 1169.6 26.2
-4293.8 1167.9 25.4
-3612.0 1184.2 22.7
-3709.2 1191.2 23.1
-3807.4 1185.5 24.0
-3896.0 1182.7 24.9
-4085.7 1182.4 25.6
-4253.0 1186.1 26.5
-3588.6 1202.5 22.6
-3609.1 1204.9 22.8
-3623.5 1198.4 22.9
-3799.2 1197.0 24.0
-3851.6 1205.3 24.7
-3873.9 1201.3 24.9
-3591.5 1215.8 22.6
-3628.2 1215.5 22.9
-3759.6 1214.3 23.7
-3852.2 1217.9 24.7
3301.5 -3503.3 63.0
3324.2 -3474.4 63.1
3315.2 -3474.0 62.7
3300.6 -3479.6 62.3
3313.4 -3448.5 61.6
-4837.4 -4518.1 19.4
-4825.2 -4500.6 20.3
-4806.2 -4471.6 22.9
-4841.0 -4475.7 20.8
-4763.5 -4463.9 23.8
-4780.6 -4459.6 24.0
-4810.3 -4461.0 23.4
-4835.1 -4462.0 21.7
-4733.7 -4444.5 23.6
-4761.2 -4440.7 24.1
-4774.9 -4449.6 24.1
-4733.7 -4428.9 23.9
-4682.9 -4410.4 22.0
-4676.5 -4373.4 22.1
-4751.5 -4359.3 24.3
-4685.5 -4339.2 21.9
-4792.9 -4344.2 22.3
-4675.1 -4325.6 20.8
-4682.8 -4320.3 21.1
-4732.2 -4320.2 23.1
-4779.7 -4326.2 22.8
-4688.0 -4305.4 21.1
-4748.5 -4312.0 22.2
-4792.6 -4314.2 21.7
-4704.6 -4296.7 21.6
-4729.9 -4298.5 21.5
-4747.4 -4295.0 21.0
-4763.6 -4294.8 20.8
-4706.0 -4277.2 20.3
-3797.1 1315.3 24.0
-3825.0 1314.4 24.2
-3868.9 1313.6 24.6
-3916.0 1312.8 25.0
-4024.2 1320.1 26.0
-3839.6 1326.3 24.4
-4010.8 1327.1 25.9
-4024.2 1328.1 26.0
-4114.8 1335.8 26.3
-3809.8 1348.0 24.1
-3855.5 1348.9 24.5
-3936.9 1342.3 25.2
-3977.2 1345.7 25.5
-4114.0 1346.5 26.3
-3832.6 1358.2 24.3
-3904.3 1358.7 24.9
-4027.3 1359.3 25.9
-4057.6 1356.8 26.2
-4065.2 1358.6 26.3
-3812.6 1375.0 24.1
-3923.0 1374.2 25.1
-3959.2 1376.1 25.4
-4052.3 1379.6 26.2
-4071.2 1380.0 26.4
-4080.0 1378.2 26.5
-4116.9 1375.6 26.6
-3900.9 1392.7 24.9
-3826.7 1406.5 24.3
-3918.3 1409.0 25.0
-3952.4 1402.4 25.3
-4008.2 1406.9 25.8
-3799.4 1424.7 24.0
-3855.4 1421.7 24.5
-3916.9 1423.7 25.0
-3933.8 1418.4 25.2
-3947.5 1417.9 25.3
-4055.1 1423.2 26.8
-4096.9 1420.7 27.5
-4113.4 1420.6 27.6
-3801.1 1437.8 24.1
-3841.1 1433.8 24.4
-3860.8 1440.8 24.6
-3873.0 1437.9 24.7
-3916.0 1438.2 25.0
-3961.5 1434.9 25.4
-3973.5 1432.4 25.6
-3997.3 1431.8 26.0
-4026.4 1433.1 26.5
-4093.6 1433.4 27.8
-4110.4 1433.2 27.8
-3839.7 1455.7 24.4
-3874.6 1450.7 24.7
-3885.9 1448.8 24.8
-3915.4 1452.5 25.0
-3928.5 1454.5 25.2
-3951.5 1450.1 25.5
-3966.5 1446.3 25.7
-3980.6 1447.8 26.0
-3988.5 1448.9 26.1
-4037.6 1449.3 27.0
-4083.1 1447.3 27.8
-3952.4 1465.7 25.8
-3815.8 1484.8 24.2
-3855.3 1479.6 24.5
-3872.6 1480.7 24.7
-3890.1 1479.7 25.0
-3906.1 1483.5 25.3
-3919.9 1483.6 25.5
-3948.4 1481.2 26.0
-3981.4 1477.1 26.5
-3993.5 1478.0 26.7
-3898.7 1496.4 25.4
-3917.8 1500.8 25.8
-3991.8 1500.6 27.1
-3868.4 1513.6 25.2
-3915.5 1514.9 26.0
-3988.5 1508.4 27.2
-3829.9 1522.7 24.7
-3856.9 1536.5 25.4
-3919.8 1541.8 26.5
-3967.2 1539.0 27.3
-3868.3 1558.4 25.8
-3915.1 1553.9 26.4
-3995.7 1554.3 27.4
-3919.7 1575.1 26.6
-3991.0 1571.3 27.6
-3863.0 1581.8 25.8
-3966.5 1581.8 27.3
-3905.0 1603.9 26.7
-3929.1 1599.4 27.0
-3936.7 1629.8 27.3
-3979.0 1632.5 27.8
-3991.0 1660.8 28.4
-3978.9 1678.9 28.3
-3991.7 1676.3 28.6
-2494.2 8423.7 51.7
-2624.0 8424.6 48.1
-2639.1 8418.4 47.6
-2488.0 8434.4 51.9
-2610.5 8440.7 48.5
-2630.3 8440.0 47.7
-2580.8 8455.6 49.5
-2522.7 8472.2 51.2
-2562.7 8464.4 50.1
-2580.8 8466.5 49.3
-2597.9 8465.5 48.7
-2645.9 8465.9 46.7
-2668.5 8471.8 45.7
-2477.4 8478.8 52.4
-2520.5 8487.5 51.4
-2653.0 8487.8 46.1
-2490.2 8495.6 52.2
-2508.8 8501.8 51.8
-2535.8 8496.4 50.8
-2581.5 8499.3 48.9
-2623.1 8494.7 47.2
-2643.2 8502.0 46.1
-2675.1 8493.1 45.0
-2509.2 8516.7 51.5
-2593.9 8515.4 47.8
-2629.3 8518.0 46.2
-2644.5 8513.5 45.7
-2671.9 8508.3 44.7
-2565.4 8532.3 48.5
-2581.0 8526.3 48.1
-2614.2 8524.4 46.7
-2507.4 8538.9 50.8
-2526.5 8538.8 50.0
-2570.0 8538.9 48.1
-2585.9 8539.3 47.4
-2613.7 8542.4 46.1
-2686.0 8540.8 43.6
-2584.6 8555.8 47.0
-2548.3 8571.4 48.0
-2562.1 8576.7 47.3
-2592.6 8569.4 46.2
-2657.4 8574.7 43.9
-2613.2 8591.2 45.1
-2621.6 8586.4 44.9
-2682.0 8590.2 42.7
-2567.0 8602.1 46.4
-2583.1 8603.4 45.9
-2569.1 8617.2 45.6
-2645.9 8619.9 43.3
-2554.3 8633.9 45.3
-2622.5 8629.0 43.3
-2645.2 8635.9 42.7
-2654.1 8636.8 42.5
-2551.3 8647.1 45.4
-2613.6 8643.7 43.8
-2642.2 8648.3 43.0
-2667.1 8645.0 42.2
-2583.3 8667.7 45.0
-2642.6 8660.3 43.2
-2658.6 8665.2 42.7
-2686.1 8666.5 41.7
-2580.5 8681.1 45.1
-2673.9 8677.1 42.0
-2699.9 8681.2 41.1
-2717.9 8679.9 40.4
-2706.4 8689.5 40.8
-2671.7 8707.6 41.7
-2645.5 8722.2 42.3
-2702.6 8723.0 40.2
-2721.2 8726.3 39.4
-2654.2 8742.6 41.5
-2669.9 8736.8 41.0
-2731.3 8739.9 38.8
-2757.8 8734.7 38.4
-2642.6 8757.0 41.5
-2714.8 8751.2 39.1
-2715.2 8768.5 38.9
-2749.7 8768.0 38.3
-2759.0 8767.1 38.1
-2642.6 8782.2 40.9
-2732.5 8779.4 38.5
-2749.9 8783.2 38.2
-2788.7 8783.6 37.5
-2671.9 8795.1 39.5
-2656.2 8808.1 39.8
-2675.8 8808.4 39.4
-2704.9 8814.3 38.9
-2727.2 8813.5 38.5
-2751.1 8813.3 38.0
-2776.9 8809.6 37.5
-2686.8 8830.8 39.5
-2779.8 8825.1 37.7
-2790.8 8830.4 37.6
-2808.4 8823.8 37.2
-2674.7 8841.8 39.9
-2735.0 8846.0 38.8
-2795.2 8847.7 37.7
-2825.2 8838.1 37.1
-2748.2 8856.6 38.8
-2688.8 8874.3 39.9
-2702.8 8876.5 39.9
-2719.2 8873.8 39.4
-2778.0 8873.4 38.0
-2825.1 8873.9 37.0
-2699.2 8889.4 40.2
-2717.2 8888.8 39.8
-2774.0 8883.8 38.2
-2790.6 8885.3 37.8
-2809.4 8886.5 37.3
-2825.3 8883.1 36.9
-2698.2 8899.5 40.0
-2715.5 8903.2 40.3
-2735.3 8904.4 39.8
-2751.0 8906.2 39.4
-2719.2 8917.9 40.6
-2749.9 8922.1 39.9
-2802.3 8922.1 38.3
-2743.8 8929.2 40.1
-2757.5 8937.5 39.8
-2792.6 8936.0 38.8
-2729.3 8943.9 40.2
-2822.0 8952.2 38.1
-2837.3 8948.6 37.6
-2748.5 8960.2 39.8
-2760.0 8962.2 39.6
-2789.4 8960.7 39.1
-2822.0 8961.4 38.2
-2763.9 8989.0 39.2
-2820.6 8991.5 38.2
-2787.0 9007.8 38.3
-2811.5 9008.3 37.8
-2809.2 9021.0 37.6
-2824.5 9024.0 37.4
-2805.5 9053.9 37.3
-4439.5 1095.1 21.6
-4450.8 1096.2 21.6
-4509.0 1098.2 21.5
-4540.0 1091.5 21.3
-4426.4 1105.1 21.8
-4451.8 1113.3 22.0
-4513.3 1105.6 21.7
-4677.7 1110.6 21.4
-4692.9 1112.7 21.3
-4718.2 1109.3 21.1
-4737.2 1110.5 21.0
-4422.6 1129.0 22.5
-4607.0 1120.1 21.9
-4650.4 1129.4 21.7
-4662.9 1125.1 21.6
-4749.7 1122.5 20.9
-4338.1 -868.5 24.2
-4332.6 -843.4 24.5
-4334.1 -801.5 24.0
-4338.0 -787.3 23.2
-4335.3 -770.1 22.5
-4366.1 -771.1 22.2
-4381.8 -767.7 22.0
-4348.1 -752.9 21.9
-4367.2 -742.5 21.5
-4355.4 -724.3 21.2
-4367.7 -707.6 20.8
-4337.4 -698.0 20.9
-4378.3 -688.4 20.5
-4370.0 -673.3 20.3
-4379.0 -680.9 20.4
-4352.4 -663.0 20.5
-4364.8 -661.3 20.4
-4352.2 -615.5 20.9
-4354.0 -606.3 21.0
-4352.0 -585.0 21.2
-4362.5 -591.7 21.1
-4354.0 -561.8 21.3
-4340.1 -523.9 21.2
-4351.8 -513.8 21.1
-4340.0 -499.2 21.2
-4348.0 -479.4 21.1
-4348.4 -465.4 21.1
-4349.5 -437.7 21.1
-4346.4 -406.8 21.1
-4370.3 -405.9 20.9
-4348.7 -382.7 21.1
-4363.5 -373.6 21.0
-4365.5 -362.1 21.0
-4712.8 -1072.9 20.4
-4702.1 -1063.2 20.7
-4699.1 -1049.2 20.9
-4670.5 -1026.1 21.2
-4670.4 -1011.3 21.4
-4681.3 -1011.0 21.4
-4711.4 -997.3 21.0
-4022.4 157.0 22.6
-4017.4 186.4 23.3
-4039.0 184.2 23.4
-4002.3 199.4 23.2
-4032.5 207.0 23.6
-4051.8 199.3 23.7
-3745.4 -846.6 21.8
-3710.1 -833.5 22.1
-3763.6 -835.8 21.8
-3742.6 -822.7 22.0
-3804.6 -824.4 21.5
-3832.5 -804.8 21.5
-3732.4 -788.4 22.2
-3730.5 -777.2 22.3
-3806.6 -772.4 21.7
-3747.0 -762.5 22.2
-3776.3 -756.1 22.0
-3789.9 -755.6 21.9
-3788.4 -746.4 22.0
-3724.2 -734.2 22.6
-3778.8 -728.9 22.1
-3771.8 -713.4 22.3
-3726.9 -698.0 22.0
-3739.2 -685.2 22.2
-3740.9 -658.1 22.6
-3771.4 -636.3 22.4
-3839.5 283.7 20.6
-3859.2 280.6 20.9
-3867.9 280.1 21.0
-3898.8 283.8 21.6
-3836.8 300.4 20.7
-3874.0 292.9 21.2
-3852.1 312.0 21.2
-3885.0 387.0 22.6
-3875.6 403.9 22.6
-3890.4 419.0 22.7
-3900.7 416.2 22.8
-3904.1 429.2 22.8
-3885.0 465.3 22.7
-3897.1 458.4 22.9
-3900.8 488.1 22.3
-3871.8 509.9 21.9
-3890.3 510.3 22.0
-3866.2 521.7 21.7
-3777.5 553.9 20.9
-3812.2 549.3 21.1
-3829.3 548.0 21.1
-3905.4 553.5 21.3
-3721.0 568.5 20.6
-3778.5 571.6 20.6
-3691.3 580.0 20.2
-3731.4 585.1 20.3
-3748.8 580.4 20.4
-3633.2 612.2 19.9
-3645.0 610.6 19.9
-3657.4 608.2 19.8
-3620.6 637.5 19.9
-3643.4 656.6 19.8
-3680.6 657.2 19.6
-3663.5 667.3 19.7
-3673.8 683.8 19.6
-3663.9 719.0 19.3
-3656.4 729.6 19.3
-3660.8 751.7 19.2
-3659.5 758.8 19.2
-3672.8 758.5 19.2
-3677.0 778.5 19.2
-3633.0 793.1 19.2
-3649.3 793.9 19.2
-3616.1 807.4 19.2
-3627.2 825.6 19.3
-3586.6 840.6 19.6
-3554.0 849.9 19.7
-3631.4 847.4 19.5
-3590.8 869.5 19.8
-3600.9 864.4 19.8
-3587.6 884.8 20.0
-3604.0 879.2 19.9
-3584.2 942.9 19.9
-3587.4 953.6 19.9
-3597.9 955.6 19.9
5923.0 1347.1 42.0
5877.5 1351.9 43.6
5929.8 1361.1 41.9
5903.0 1360.6 42.7
5886.9 1363.3 43.1
5885.5 1409.2 43.0
5920.6 1425.8 40.9
5921.8 1442.8 40.6
5883.4 1442.0 42.8
5824.0 1120.1 45.8
5810.3 1111.5 46.0
5790.6 1110.6 47.0
5766.2 1117.7 48.8
5820.5 1135.1 46.9
5781.6 1130.4 48.7
5818.6 1140.7 47.3
5811.7 1141.5 47.7
5778.4 1142.2 49.5
5824.7 1173.8 48.5
5793.1 1188.2 48.9
-2588.2 8130.9 51.5
-2529.8 8211.6 51.5
-6619.5 8031.7 35.0
-6622.1 8050.4 35.3
-6636.7 8049.3 35.6
-6682.8 8054.3 36.4
-6596.3 8091.0 34.9
-6621.3 8090.6 35.3
-6677.5 8088.1 36.2
-6596.0 8102.7 34.7
-6636.4 8102.4 35.4
-6648.7 8099.4 35.6
-6679.9 8096.7 36.1
-6677.7 8116.8 35.8
-6625.8 8134.0 38.1
-6639.7 8149.5 40.5
-6609.5 8156.6 41.5
-6640.8 8164.5 42.8
-6669.2 8165.3 43.1
-6679.4 8163.3 42.9
-6693.0 8165.2 42.5
-6655.7 8173.9 44.0
-6662.4 8176.5 43.8
-6311.3 7304.8 31.1
-6336.6 7317.2 31.3
-6332.6 7333.5 31.8
-6356.4 7353.8 32.3
-3869.5 5313.7 44.6
-3850.7 5325.5 44.7
-3849.5 5345.8 43.8
-3864.0 5340.8 44.0
-3797.5 5355.3 45.2
-3808.3 5354.3 44.7
-3826.1 5358.9 44.0
-3871.0 5369.9 42.5
4997.3 8515.1 16.9
5039.3 8528.4 16.5
5074.4 8536.7 16.4
5114.6 8559.3 16.4
6530.9 -8248.4 43.0
6506.3 -8232.4 45.1
6477.8 -8233.4 46.4
6867.4 -8217.7 32.9
6540.1 -8210.9 43.7
6521.4 -8213.4 44.3
6793.4 -8203.9 34.6
6440.9 -8201.1 47.8
6974.0 -8183.4 32.7
6779.7 -8183.4 35.3
6750.9 -8187.6 35.8
6703.0 -8182.3 37.8
6688.1 -8180.5 38.4
6524.5 -8184.2 45.3
6497.1 -8181.0 46.4
6823.9 -8174.1 34.6
6796.7 -8168.3 35.3
6628.2 -8171.1 41.3
6678.5 -8156.9 39.7
6603.9 -8158.4 43.0
6590.1 -8157.9 43.6
6545.4 -8155.4 45.6
6491.3 -8152.7 47.7
6987.9 -8145.0 33.7
6964.3 -8144.9 34.2
6855.9 -8135.3 35.3
6840.7 -8139.2 35.0
6829.6 -8140.8 35.1
6778.8 -8144.9 36.1
6731.3 -8139.2 38.1
6710.8 -8144.3 38.7
6687.2 -8142.2 39.9
6675.9 -8136.3 40.6
6551.0 -8140.7 45.9
6541.5 -8137.6 46.4
6521.2 -8135.9 47.2
6950.5 -8120.3 36.4
6822.2 -8128.0 35.5
6754.1 -8129.2 37.4
6721.6 -8126.3 39.0
6631.4 -8129.1 42.9
6603.8 -8128.8 44.2
6575.3 -8122.5 45.7
6551.1 -8122.4 46.6
6498.4 -8126.0 48.5
6421.7 -8125.7 51.4
6395.4 -8128.4 52.3
6960.5 -8110.4 35.4
6946.5 -8105.6 37.0
6927.7 -8109.6 36.7
6898.7 -8113.3 36.4
6837.6 -8107.9 36.3
6821.9 -8115.1 35.9
6812.7 -8110.3 36.1
6798.3 -8108.5 36.4
6776.5 -8105.4 37.3
6764.5 -8108.9 37.7
6718.9 -8113.4 39.6
6708.7 -8109.3 40.2
6647.3 -8111.6 42.9
6600.9 -8114.0 44.9
6587.4 -8111.1 45.6
6566.2 -8111.0 46.5
6542.2 -8110.7 47.4
6416.8 -8105.9 52.3
6988.4 -8099.2 35.2
6912.4 -8093.6 37.3
6889.8 -8094.7 37.1
6872.4 -8090.8 37.2
6851.8 -8095.6 36.8
6821.5 -8096.3 36.6
6813.2 -8095.2 36.6
6764.2 -8091.2 38.3
6740.6 -8099.9 39.2
6720.7 -8091.9 40.3
6709.2 -8097.1 40.7
6581.5 -8096.0 46.5
6557.7 -8096.2 47.3
6514.7 -8099.0 48.9
6462.5 -8091.1 51.0
6980.6 -8079.5 36.0
6959.6 -8075.4 36.6
6944.4 -8083.4 37.9
6897.8 -8078.0 37.8
6799.8 -8076.6 37.2
6784.5 -8084.0 37.4
6723.8 -8076.1 39.9
6691.0 -8081.1 41.5
6631.4 -8078.9 44.2
6584.6 -8078.7 46.6
6572.5 -8084.1 47.1
6545.9 -8079.3 48.2
6437.3 -8083.1 52.1
6424.5 -8085.0 52.5
6946.2 -8063.7 38.7
6926.4 -8065.9 38.5
6918.9 -8067.8 38.4
6896.3 -8063.1 38.4
6874.2 -8064.4 38.2
6841.4 -8065.9 38.0
6721.4 -8062.1 39.8
6708.4 -8060.7 40.3
6660.6 -8060.8 42.5
6619.0 -8066.0 44.7
6495.2 -8068.1 50.4
6920.4 -8053.3 38.9
6705.6 -8054.9 40.5
6632.9 -8051.1 43.8
6575.4 -8050.3 46.7
6539.5 -8050.3 48.9
6521.5 -8046.8 49.9
6476.0 -8053.9 51.5
6468.6 -8048.0 51.9
6432.7 -8047.1 53.2
6737.4 -8033.1 40.3
6719.4 -8037.8 40.6
6585.8 -8032.6 45.9
6554.3 -8033.2 47.7
6544.6 -8039.2 48.4
6526.4 -8036.4 49.5
6424.9 -8034.5 53.8
6588.5 -8019.5 45.6
6541.9 -8018.3 48.2
6495.9 -8018.3 51.0
6440.9 -8022.4 53.6
6403.5 -8019.0 55.0
6751.0 -8006.9 40.6
6662.6 -8007.2 42.3
6616.1 -8001.8 44.0
6515.6 -8006.7 49.7
6424.8 -8006.5 54.6
6676.0 -7994.0 42.3
6634.5 -7994.8 43.1
6615.9 -7987.4 43.9
6596.4 -7989.7 44.9
6583.6 -7993.8 45.6
6560.6 -7992.4 46.7
6539.1 -7992.8 48.0
6491.7 -7986.3 50.8
6439.5 -7987.2 54.0
6421.7 -7992.8 55.1
6717.5 -7975.1 41.8
6675.0 -7979.2 42.6
6659.0 -7974.6 43.0
6645.1 -7979.0 43.2
6615.7 -7973.2 43.9
6582.0 -7978.9 45.5
6522.8 -7970.9 48.7
6453.4 -7975.1 52.9
6702.8 -7960.6 42.4
6559.5 -7961.7 46.4
6545.8 -7960.7 47.1
6491.9 -7963.2 50.4
6662.2 -7945.8 43.5
6465.6 -7945.9 51.7
6455.7 -7949.4 52.4
6440.6 -7949.3 53.3
6596.5 -7929.4 45.1
6590.6 -7928.7 45.2
6543.9 -7934.7 46.8
6523.3 -7932.0 48.0
6511.0 -7934.6 48.8
6494.8 -7929.6 49.7
6482.4 -7927.2 50.4
6432.0 -7926.0 53.5
6559.6 -7910.3 46.2
6478.8 -7918.2 50.5
6462.3 -7911.3 51.4
6596.8 -7895.9 45.7
6582.6 -7901.9 45.9
6560.6 -7903.1 46.3
6537.2 -7899.0 46.8
6523.4 -7896.0 47.5
6506.4 -7899.7 48.5
6491.0 -7902.4 49.5
6453.3 -7897.6 52.0
6431.0 -7900.6 53.4
6506.1 -7880.3 49.1
6480.5 -7881.8 50.7
6507.9 -7872.0 49.4
6497.8 -7873.0 50.0
6481.5 -7868.3 51.1
6470.1 -7871.2 51.7
6566.7 -7859.5 47.0
6554.6 -7851.2 47.4
6538.3 -7855.9 48.1
6523.7 -7852.9 49.1
6499.4 -7855.2 50.5
6556.5 -7841.0 47.6
6506.7 -7838.1 50.8
6485.0 -7840.3 52.0
-3412.3 902.3 18.8
-3440.1 928.6 19.4
4502.9 8748.1 18.8
4492.6 8764.8 18.6
4481.7 8781.0 18.5
4463.4 8812.2 18.4
4432.1 8886.8 19.2
4406.2 8924.5 19.4
4399.7 8958.1 19.6
4388.5 8969.5 19.5
4346.3 9066.3 18.8
4325.2 9105.4 18.2
4342.5 9123.7 17.9
4328.1 9148.9 17.7
-3929.0 -359.4 21.9
-3882.4 -344.3 21.6
-3934.7 -328.6 21.6
-3898.7 -285.0 21.3
-3916.3 -281.6 21.3
-3888.1 -272.8 21.3
-3913.7 -272.4 21.2
-3903.9 -259.6 21.2
-1094.9 -2812.7 27.4
-1092.5 -2775.8 27.2
-1084.3 -2759.2 27.3
-1093.5 -2760.7 27.2
-6178.7 -2237.7 17.1
-6194.8 -2230.8 17.2
-6168.4 -2206.6 17.1
-6193.0 -2209.0 17.2
-6206.1 -2210.2 17.2
-6155.3 -2200.3 17.1
-6169.3 -2192.8 17.2
-6152.5 -2177.3 17.1
-6164.2 -2176.5 17.2
-5996.7 -2092.6 16.5
