-5885.3 -97.5 2.9
-5906.2 -85.7 2.5
-5855.6 -80.9 2.8
-5887.1 -67.5 2.5
-5893.7 -64.3 2.4
-5884.8 -54.2 2.4
-5851.7 -27.8 2.8
-5910.1 -26.7 1.7
-5885.6 -17.1 2.1
-5910.8 -17.1 1.7
-5862.2 -4.1 2.5
-5882.5 -6.2 2.1
-5809.9 1.2 3.0
-5874.5 5.4 2.2
-5895.5 0.8 1.9
-5801.8 11.0 3.0
-5811.9 13.6 2.9
-5822.6 15.9 2.7
-5836.1 10.5 2.6
-5862.5 14.4 2.3
-5874.9 15.0 2.1
-5815.2 22.3 2.8
-5820.9 25.6 2.7
-5792.4 24.8 3.0
-5784.8 34.7 3.0
-5802.0 38.0 2.8
-5744.0 46.6 3.6
-5750.5 49.4 3.4
-5763.7 50.9 3.1
-5804.7 50.4 2.6
-5735.4 56.9 3.6
-5752.4 60.4 3.1
-5759.3 55.5 3.1
-5743.0 68.9 3.2
-5752.8 67.3 3.0
-5805.7 65.0 2.5
-5811.1 68.7 2.4
-5792.9 80.7 2.5
-5803.1 78.1 2.4
-5790.6 90.0 2.2
-5751.7 99.2 2.7
-5764.4 100.1 2.5
-5775.4 95.8 2.3
-5783.6 96.1 2.2
-5790.4 95.8 2.1
-5788.5 -57.8 3.6
-5811.7 -58.3 3.2
-5817.9 -57.2 3.1
-5783.4 -47.9 3.7
-5800.8 -42.4 3.4
-5812.3 -47.0 3.2
-5819.2 -45.2 3.1
-5829.1 -42.4 3.0
-5750.1 -36.3 4.2
-5760.2 -34.3 4.1
-5771.8 -35.2 3.8
-5779.8 -32.1 3.7
-5740.0 -23.6 4.4
-5762.3 -26.0 4.0
-5818.1 -28.0 3.3
-5743.3 -13.1 4.3
-5762.3 -16.9 4.0
-5769.7 -12.4 4.0
-5779.5 -17.3 3.8
-5740.0 -5.3 4.4
-5792.2 5.1 3.3
-5731.9 13.5 4.5
-5730.3 26.9 4.3
-5742.7 26.9 4.0
-5830.0 -148.3 2.9
-5785.1 -129.1 3.2
-5845.2 -129.7 3.0
-5864.2 -130.5 2.9
-5877.9 -127.2 2.9
-5885.6 -127.0 2.9
-5797.6 -118.2 3.4
-5845.3 -117.2 3.1
-5855.4 -119.4 3.1
-5867.5 -120.0 3.0
-5878.2 -116.9 3.0
-5898.4 -115.9 3.0
-5829.8 -106.4 3.3
-5845.5 -107.8 3.2
-5858.9 -110.2 3.2
-5825.0 -100.7 3.3
-5840.8 -99.0 3.2
-5846.2 -100.2 3.2
-5855.1 -99.2 3.2
-5825.2 -91.6 3.2
-5819.8 -78.9 3.2
-5834.3 -78.9 3.1
-5129.6 720.2 4.1
-5115.4 727.9 4.2
-5139.0 730.0 4.0
-5089.0 736.4 4.2
-5108.9 741.0 4.2
-5117.5 740.6 4.1
-5059.9 749.0 3.8
-5094.5 748.2 4.0
-5115.1 747.9 4.1
-5085.6 757.3 3.8
-5105.0 757.2 3.9
-5128.9 757.2 4.0
-5106.7 766.7 3.7
-5076.0 777.5 3.4
-5099.7 782.9 3.9
-5095.6 787.2 3.9
-5124.3 790.2 4.4
-5120.9 799.4 4.5
-5069.6 806.7 3.7
-5086.8 812.7 4.1
-5060.2 821.4 3.3
-5069.1 831.0 3.3
-5107.9 829.5 4.3
-5054.9 842.9 3.0
-5068.8 837.7 3.3
-5096.5 838.5 3.9
-5056.1 849.9 3.0
-5085.3 852.7 3.4
-5060.7 860.7 3.0
-5058.5 868.6 2.9
-5047.9 877.2 2.5
-5040.7 890.1 2.2
-5048.3 890.9 2.2
-5048.0 902.4 2.1
-5025.7 910.1 2.3
-5067.4 910.7 2.2
-5037.2 917.8 2.4
-5046.3 918.8 2.4
-5064.4 918.9 2.1
-5017.8 929.5 2.4
-5024.6 929.4 2.5
-5039.1 930.0 2.5
-5046.6 938.7 2.6
-5060.8 632.2 4.0
-5071.6 632.8 4.0
-5082.1 632.5 4.0
-5071.0 640.4 4.1
-5082.1 640.5 4.0
-5103.6 641.2 4.0
-5020.5 652.6 4.1
-5041.8 652.2 4.2
-5059.8 650.5 4.2
-5094.4 649.0 4.0
-5112.8 648.3 4.0
-5014.7 661.1 4.2
-5060.8 657.5 4.2
-5074.2 661.1 4.2
-5080.0 662.9 4.2
-5092.7 660.7 4.1
-5111.4 657.3 4.0
-5042.0 671.2 4.4
-5052.2 668.4 4.3
-5072.0 671.0 4.3
-5078.9 673.1 4.2
-5090.2 667.2 4.2
-5111.4 669.8 4.1
-5122.7 673.1 4.1
-5033.3 681.7 4.4
-5062.5 677.4 4.3
-5069.7 681.4 4.3
-5083.6 682.6 4.3
-5092.7 679.7 4.2
-5120.4 679.0 4.1
-5129.1 680.1 4.1
-5139.5 678.6 4.1
-5072.5 687.7 4.4
-5082.6 686.8 4.3
-5094.4 691.6 4.3
-5111.9 687.2 4.2
-5133.6 689.9 4.1
-5033.5 698.2 4.5
-5044.5 698.9 4.5
-5074.9 699.0 4.4
-5102.4 699.2 4.3
-5035.2 708.1 4.4
-5043.4 708.2 4.4
-5049.7 706.7 4.5
-5061.9 708.2 4.4
-5068.8 707.3 4.4
-5082.3 712.0 4.3
-5022.9 720.8 4.1
-5031.4 717.6 4.2
-5040.3 721.6 4.2
-5094.3 721.0 4.3
-5110.6 717.5 4.2
-5004.2 729.2 3.8
-5008.8 727.9 3.8
-5020.0 729.5 3.9
-5064.4 732.4 4.1
-5069.9 726.7 4.2
-5069.6 737.5 4.0
-4964.5 760.7 2.9
-4969.3 770.9 2.8
-4961.2 777.7 2.7
-4924.7 792.6 2.5
-5705.1 641.9 2.6
-5680.9 662.5 2.8
-5676.4 679.6 2.8
-5440.5 691.7 2.7
-5468.3 691.0 2.8
-5489.1 691.8 2.8
-5399.0 702.5 2.8
-5385.0 709.4 2.5
-5667.4 712.3 2.9
-5660.8 740.5 2.4
-5875.7 558.5 1.5
-5891.4 560.2 1.6
-5898.2 558.9 1.7
-5811.4 579.7 1.6
-5831.2 579.5 1.4
-5890.9 578.1 1.5
-5798.5 585.8 1.9
-5888.0 591.4 1.4
-5897.3 590.4 1.5
-5799.1 597.2 1.9
-5891.0 598.5 1.3
-6150.6 414.3 2.3
-6152.7 421.6 2.2
-6164.5 420.0 2.1
-6103.1 470.5 2.1
-6121.8 479.7 2.0
-6133.8 493.9 1.9
-6160.3 513.8 1.7
-6188.0 515.3 1.4
-6200.6 509.7 1.2
-6163.3 522.8 1.7
-6168.8 521.2 1.7
-6180.6 520.9 1.5
-6191.3 519.5 1.4
-6202.6 534.2 1.4
-6199.2 543.8 1.5
-6262.5 549.4 1.2
-6283.9 555.1 1.2
-6219.0 559.6 1.5
-6249.7 564.8 1.4
-6271.6 564.0 1.3
-6291.7 564.3 1.2
-6208.3 574.7 1.7
-6234.3 574.2 1.6
-6241.9 572.4 1.5
-6252.2 569.4 1.5
-6263.8 573.1 1.5
-6282.5 569.1 1.3
-6243.0 579.3 1.6
-6263.4 580.4 1.5
-6269.1 579.2 1.5
-6282.0 579.6 1.5
-6292.7 581.9 1.4
-6213.4 594.6 1.8
-6249.5 593.4 1.8
-6258.5 590.1 1.7
-6223.9 599.4 1.9
-6238.9 600.0 1.9
-6261.7 601.2 1.8
-6283.8 601.5 1.7
-6211.6 610.4 1.8
-6232.2 609.8 1.9
-6260.9 612.0 1.9
-6233.4 624.1 1.9
-6250.1 620.4 1.9
-6218.0 631.8 1.8
-6223.2 639.8 1.8
-6222.9 649.5 1.8
-6229.8 649.1 1.9
-6092.4 479.0 2.3
-6066.2 495.5 2.5
-6090.2 497.7 2.4
-6105.4 498.4 2.3
-6080.0 509.3 2.4
-6122.7 507.4 2.1
-6015.7 513.5 2.6
-6061.0 517.0 2.4
-6094.8 517.0 2.3
-6116.3 519.8 2.2
-6122.1 516.8 2.2
-6134.5 516.8 2.0
-6101.6 529.1 2.2
-6110.4 525.3 2.2
-6124.7 523.9 2.2
-6152.4 528.0 1.9
-6073.7 537.6 2.3
-6095.8 539.8 2.2
-6115.2 537.4 2.1
-6121.8 533.5 2.1
-6135.8 535.8 2.1
-6143.2 539.2 2.0
-6153.0 534.8 1.9
-6044.2 547.3 2.1
-6125.9 547.9 2.1
-6143.7 544.5 2.0
-6082.1 555.1 2.0
-6113.3 559.4 1.9
-6123.7 559.0 1.9
-6160.3 556.9 1.9
-6152.5 565.7 1.8
-6131.0 574.7 1.7
-6150.7 574.4 1.7
-6154.6 587.8 1.7
-6160.1 585.5 1.7
-6172.5 589.6 1.8
-6154.3 595.6 1.7
-6164.7 593.4 1.8
-6175.9 599.6 1.8
-6180.7 593.9 1.8
-6135.9 604.5 1.8
-6150.9 604.6 1.8
-6162.9 606.3 1.8
-6171.3 606.9 1.8
-6152.0 613.5 1.8
-6171.8 615.0 1.8
-6184.9 628.8 1.8
-6174.9 637.4 1.8
-6183.5 635.3 1.8
-6192.6 637.5 1.8
-6200.4 635.9 1.8
-6191.5 644.1 1.8
-6204.8 646.1 1.8
-6028.2 554.0 2.1
-6033.0 567.0 2.0
-5955.7 574.9 2.0
-5962.3 577.4 2.0
-5994.1 578.1 1.9
-5934.4 595.1 1.6
-5923.2 607.5 1.4
-5936.2 603.1 1.6
-5945.9 607.6 1.6
-5952.5 608.5 1.6
-5807.8 618.2 1.7
-5915.5 617.0 1.2
-5924.5 613.3 1.3
-5948.0 616.4 1.4
-5952.8 616.4 1.5
-5963.3 617.6 1.5
-6037.9 612.8 1.7
-5813.8 626.9 1.5
-5825.7 627.4 1.3
-5948.6 628.5 1.2
-5968.2 627.0 1.3
-5972.3 626.9 1.4
-6005.8 627.1 1.6
-6016.2 628.3 1.7
-6023.8 623.5 1.7
-6042.6 627.8 1.7
-5822.4 638.2 1.3
-5866.7 637.4 1.2
-5874.8 636.4 1.2
-5917.2 635.5 1.2
-5938.7 634.5 1.2
-5948.3 637.4 1.2
-5953.8 637.2 1.2
-5964.9 637.2 1.2
-5932.4 643.4 1.3
-5945.7 645.9 1.3
-6077.7 645.2 1.8
-5837.5 658.4 1.5
-5898.6 655.6 1.4
-5946.0 654.7 1.4
-5956.8 653.8 1.4
-5977.4 653.5 1.4
-6103.9 657.1 1.7
-5885.4 665.9 1.5
-5897.6 665.0 1.5
-5917.4 662.5 1.5
-5923.2 666.7 1.5
-5956.4 668.5 1.6
-5967.8 662.3 1.5
-5977.8 662.0 1.5
-5858.4 673.4 1.6
-5864.3 672.8 1.6
-5888.0 675.1 1.6
-5896.4 677.4 1.7
-5908.3 677.2 1.7
-5928.3 675.1 1.6
-5957.3 672.2 1.6
-5963.4 672.7 1.6
-5872.9 683.5 1.7
-5887.8 684.0 1.7
-5917.5 684.8 1.7
-5924.2 687.2 1.8
-5933.4 686.5 1.8
-5958.0 686.6 1.8
-5968.6 682.2 1.7
-5976.4 686.8 1.8
-5884.8 698.2 1.9
-5897.3 693.1 1.8
-5906.4 697.4 1.9
-5917.1 693.9 1.8
-5923.4 697.6 1.9
-5966.4 693.5 1.8
-5974.0 695.5 1.9
-5878.4 706.1 2.0
-5904.6 706.5 2.0
-5937.5 707.9 2.0
-5956.5 705.7 2.0
-5968.6 708.2 2.0
-5973.9 705.6 2.0
-6067.2 707.8 2.0
-6073.5 703.7 1.9
-5886.2 712.2 2.0
-5896.5 718.3 2.1
-5936.4 714.3 2.1
-5965.1 718.5 2.1
-5974.7 718.3 2.1
-5896.5 727.0 2.2
-5947.5 726.1 2.2
-5954.0 728.6 2.2
-5978.2 725.0 2.2
-5988.5 724.3 2.2
-6002.7 724.8 2.2
-6012.3 727.9 2.2
-6034.9 727.3 2.2
-5913.4 735.3 2.3
-5925.2 736.6 2.3
-5972.3 733.6 2.2
-5986.5 733.1 2.2
-6026.0 738.4 2.3
-5916.9 746.7 2.2
-5935.9 745.0 2.3
-5964.9 742.4 2.3
-5987.1 745.1 2.3
-5998.1 744.8 2.3
-6005.3 747.4 2.2
-6015.6 747.1 2.2
-5968.8 757.5 2.2
-5994.0 756.7 2.2
-5957.5 766.7 2.2
-5974.2 762.4 2.2
-5945.2 773.7 2.2
-5957.2 773.5 2.2
-5957.1 788.1 2.3
-5962.9 783.1 2.2
-5235.0 719.7 2.6
-5245.6 717.8 2.4
-5233.0 728.0 2.6
-5272.6 730.4 1.8
-5281.7 734.2 1.7
-5275.5 742.7 2.0
-5293.6 738.8 2.1
-5305.9 738.3 2.2
-5313.0 743.3 2.0
-5231.9 752.2 2.6
-5254.3 750.4 2.2
-5272.9 749.0 2.4
-5287.1 749.5 2.4
-5320.8 751.8 2.0
-5291.9 758.0 2.2
-5364.7 763.7 1.9
-5284.7 772.6 2.3
-5304.1 774.0 2.2
-5355.3 769.9 1.9
-5374.8 772.3 1.9
-5385.8 772.5 2.0
-5222.5 778.0 3.2
-5231.3 780.4 2.9
-5240.7 783.8 2.6
-5313.7 782.0 2.1
-5371.9 783.0 2.0
-5364.4 788.2 2.0
-5576.9 793.4 2.4
-5585.5 793.7 2.4
-5381.9 800.2 2.0
-5534.9 801.7 2.3
-5544.6 798.7 2.3
-5562.5 797.7 2.3
-5360.7 808.8 2.0
-5372.8 811.5 2.0
-5480.8 810.5 2.2
-5504.8 813.5 2.3
-5564.1 808.6 2.4
-5576.8 811.4 2.4
-5242.1 819.7 2.6
-5353.1 820.4 2.0
-5362.9 820.5 2.0
-5385.1 821.7 2.0
-5394.7 823.6 2.1
-5501.2 819.7 2.3
-5525.0 823.8 2.3
-5231.8 833.5 2.7
-5244.9 832.0 2.7
-5251.1 831.3 2.6
-5353.7 833.6 2.0
-5367.3 829.7 2.0
-5376.8 829.1 2.0
-5383.8 831.3 2.1
-5394.5 829.7 2.1
-5531.8 833.3 2.3
-5582.5 828.5 2.4
-5213.9 842.3 2.9
-5326.8 839.1 2.2
-5353.1 842.9 2.1
-5374.9 842.8 2.1
-5405.4 840.4 2.1
-5426.8 842.8 2.2
-5445.1 841.7 2.2
-5541.3 839.6 2.4
-5555.6 842.7 2.4
-5561.4 837.7 2.4
-5573.0 843.9 2.4
-5234.5 848.0 2.8
-5322.7 848.0 2.2
-5341.1 852.9 2.2
-5366.5 851.8 2.1
-5544.5 849.9 2.4
-5572.3 847.9 2.4
-5327.3 861.7 2.3
-5341.9 861.0 2.2
-5373.1 859.7 2.1
-5392.9 857.9 2.1
-5325.6 873.7 2.3
-5340.8 867.7 2.2
-5363.3 871.2 2.1
-5391.9 872.4 2.1
-5444.3 869.7 2.2
-5560.8 872.6 2.5
-5575.2 874.2 2.5
-5393.6 883.8 2.2
-5545.0 880.0 2.4
-5551.2 880.5 2.4
-5564.8 884.2 2.5
-5204.4 888.1 3.0
-5323.1 888.4 2.4
-5342.3 888.6 2.2
-5354.0 891.6 2.2
-5366.2 891.6 2.1
-5377.2 889.4 2.1
-5555.8 891.5 2.5
-5571.3 891.4 2.5
-5350.8 901.1 2.2
-5373.8 901.0 2.1
-5544.0 899.9 2.5
-5556.8 901.4 2.5
-5565.1 901.3 2.5
-5195.2 912.0 3.2
-5205.1 911.5 3.1
-5350.8 914.0 2.3
-5375.3 911.5 2.2
-5385.4 907.9 2.2
-5417.1 907.9 2.2
-5544.5 908.4 2.5
-5566.5 909.1 2.5
-5570.8 908.4 2.5
-5222.0 923.8 3.0
-5313.9 922.8 2.5
-5331.3 918.5 2.4
-5371.1 919.6 2.2
-5403.2 918.4 2.2
-5532.1 922.7 2.5
-5544.5 921.6 2.5
-5553.9 924.2 2.5
-5573.4 923.4 2.5
-5314.9 931.5 2.5
-5343.7 931.7 2.4
-5351.9 932.6 2.3
-5437.3 932.5 2.3
-5443.5 932.7 2.3
-5516.7 930.7 2.5
-5532.9 931.6 2.5
-5563.7 934.0 2.5
-5205.1 943.7 3.2
-5215.1 942.7 3.1
-5286.7 943.9 2.7
-5334.3 939.7 2.4
-5355.6 943.4 2.3
-5536.7 944.0 2.5
-5547.1 941.4 2.5
-5551.1 938.8 2.5
-5567.2 937.8 2.6
-5284.4 951.6 2.8
-5307.0 952.7 2.6
-5311.6 951.0 2.6
-5366.6 952.1 2.3
-5375.1 950.6 2.2
-5536.2 950.6 2.5
-5204.3 960.8 3.2
-5235.7 963.1 3.1
-5240.8 964.1 3.0
-5276.9 960.2 2.8
-5283.9 957.8 2.8
-5292.7 958.3 2.7
-5341.4 961.2 2.4
-5376.4 958.0 2.2
-5382.0 962.7 2.3
-5533.8 963.2 2.5
-5221.2 972.4 3.2
-5294.7 974.2 2.8
-5315.8 969.9 2.6
-5420.7 973.2 2.3
-5434.2 967.7 2.4
-5457.1 970.7 2.4
-5495.3 973.2 2.5
-5183.1 978.2 2.5
-5191.8 984.2 2.5
-5212.5 979.2 2.9
-5233.3 977.9 3.1
-5271.1 984.3 2.9
-5280.9 982.4 2.9
-5297.0 983.6 2.8
-5406.6 978.6 2.3
-5447.2 984.1 2.4
-5452.4 981.8 2.4
-5517.0 983.2 2.5
-5544.3 982.9 2.6
-5563.0 982.2 2.6
-5173.6 990.2 2.5
-5226.0 988.0 3.0
-5266.5 988.5 3.0
-5402.8 988.0 2.3
-5413.7 993.7 2.4
-5426.0 990.2 2.4
-5431.0 988.7 2.4
-5447.1 990.0 2.4
-5452.2 990.7 2.4
-5551.4 987.8 2.6
-5564.1 988.4 2.6
-5582.1 993.5 2.7
-5171.0 1002.2 2.5
-5192.1 999.3 2.5
-5216.3 998.3 2.6
-5234.6 1001.7 2.8
-5254.0 1002.2 3.1
-5266.7 999.7 3.0
-5382.1 1002.6 2.3
-5392.4 1004.1 2.3
-5405.0 1000.6 2.4
-5433.8 997.9 2.4
-5454.0 1003.7 2.5
-5464.3 1003.8 2.5
-5483.8 999.1 2.5
-5554.3 1004.3 2.6
-5562.2 1000.3 2.6
-5186.8 1012.3 2.5
-5214.0 1008.2 2.5
-5275.1 1013.7 3.0
-5281.3 1013.4 2.9
-5444.7 1009.5 2.4
-5455.7 1014.3 2.5
-5461.0 1009.6 2.5
-5486.9 1008.9 2.5
-5552.2 1011.1 2.6
-5181.7 1022.3 2.6
-5236.3 1021.6 2.5
-5263.7 1023.0 2.9
-5272.5 1023.9 3.0
-5287.1 1021.4 2.9
-5382.8 1021.1 2.4
-5457.2 1023.1 2.5
-5466.7 1024.2 2.5
-5476.9 1019.6 2.5
-5491.5 1022.5 2.6
-5527.2 1020.5 2.6
-5572.6 1020.0 2.7
-5584.7 1022.1 2.7
-5246.9 1032.4 2.5
-5286.7 1033.1 3.0
-5383.9 1030.7 2.4
-5452.5 1033.3 2.5
-5476.5 1028.4 2.5
-5480.9 1033.9 2.6
-5494.6 1031.1 2.6
-5524.6 1030.7 2.6
-5562.1 1030.4 2.7
-5244.0 1037.9 2.5
-5286.3 1041.8 2.8
-5295.7 1039.9 2.9
-5303.2 1039.1 2.9
-5311.5 1040.2 2.8
-5475.7 1039.9 2.6
-5525.1 1041.2 2.6
-5565.4 1040.2 2.7
-5537.2 1050.7 2.7
-5551.1 1052.8 2.7
-5562.9 1047.9 2.7
-5577.2 1062.1 2.8
-5426.3 702.6 2.8
-5416.1 707.2 2.6
-5391.9 719.7 2.1
-5430.3 720.7 2.2
-5448.9 720.3 2.3
-5371.2 731.7 1.9
-5390.8 728.4 1.9
-5401.0 732.4 1.9
-5446.2 730.5 2.1
-5552.0 727.0 2.5
-5368.6 739.9 1.9
-5377.3 739.5 1.9
-5398.0 742.6 1.9
-5449.1 741.6 2.0
-5570.3 740.5 2.3
-5371.7 750.0 1.9
-5379.1 749.5 1.9
-5400.7 747.7 2.0
-5409.2 748.2 2.0
-5419.1 747.7 2.0
-5458.0 749.6 2.1
-5469.9 753.2 2.1
-5480.0 749.1 2.1
-5540.5 749.4 2.2
-5472.0 760.2 2.1
-5498.7 763.0 2.2
-5517.5 757.2 2.2
-5558.3 759.8 2.3
-5419.3 769.0 2.0
-5427.2 770.6 2.0
-5436.9 768.3 2.1
-5450.1 772.4 2.1
-5468.3 767.3 2.1
-5518.9 768.2 2.2
-5546.9 770.5 2.3
-5556.5 769.5 2.3
-5448.3 780.8 2.1
-5491.1 782.7 2.2
-5500.7 782.3 2.2
-5527.8 782.2 2.3
-5537.5 782.0 2.3
-5547.7 779.6 2.3
-5562.0 777.5 2.3
-5582.3 777.3 2.3
-5189.9 705.1 3.5
-5199.1 706.0 3.3
-5170.0 716.0 3.8
-5162.8 728.4 3.8
-5169.4 725.4 3.7
-5212.5 725.0 3.0
-5160.8 732.5 3.9
-5170.9 737.3 3.6
-5203.3 746.5 3.0
-5170.2 752.9 3.5
-5208.4 757.0 3.0
-5212.9 768.9 3.0
-5152.6 779.0 4.0
-5157.0 773.9 3.9
-5201.2 776.1 3.2
-5150.8 783.0 4.0
-5178.0 786.5 3.6
-5149.5 793.3 4.1
-5167.4 794.9 3.9
-5187.3 796.8 3.6
-5173.0 803.5 3.7
-5177.0 807.7 3.5
-5182.1 815.6 3.0
-5183.1 825.4 3.0
-5192.3 824.1 2.9
-5202.3 823.2 2.9
-6191.1 -237.7 2.6
-6217.5 -237.6 2.5
-6279.3 -232.5 2.6
-6158.6 -225.9 3.0
-6218.7 -222.6 2.9
-6140.4 -218.2 3.2
-6151.5 -213.8 3.3
-6158.3 -212.0 3.3
-6131.7 -203.5 3.4
-6140.0 -203.1 3.4
-6243.8 -208.6 3.3
-6148.6 -196.4 3.5
-6139.2 -187.5 3.6
-6162.4 -184.1 3.6
-6233.0 -182.6 3.6
-6148.6 -175.8 3.7
-6162.3 -172.4 3.7
-6172.2 -178.4 3.7
-6160.4 -164.3 3.8
-6167.7 -164.9 3.8
-6181.6 -164.9 3.8
-6189.0 -166.0 3.8
-6219.4 -166.7 3.8
-6229.1 -166.8 3.7
-6159.3 -156.2 3.9
-6238.5 -155.3 3.9
-6183.4 -145.9 4.0
-6200.6 -144.8 4.0
-6200.3 -125.5 4.2
-6221.5 -112.5 4.3
-6253.1 -115.6 4.2
-6210.9 -108.5 4.4
-6222.4 -104.5 4.4
-6262.7 -105.6 4.3
-6229.4 -84.3 4.6
-6243.9 -83.2 4.6
-6247.5 -87.3 4.5
-6298.3 -75.3 4.6
-6268.7 -56.1 4.9
-6278.7 -34.8 5.1
-6308.6 -32.8 5.1
-6309.0 -26.9 5.1
-6308.4 -15.9 5.2
-6323.0 -17.9 5.2
-6484.4 -507.5 2.9
-6490.6 -505.9 2.9
-6470.4 -498.4 2.7
-6494.7 -499.1 2.8
-6452.8 -487.3 2.4
-6472.8 -487.4 2.5
-6503.1 -488.3 2.6
-6462.4 -476.9 2.3
-6431.1 -465.3 2.7
-6418.7 -455.0 3.0
-6430.6 -455.8 3.0
-6431.5 -450.2 3.1
-6323.1 -380.5 1.7
-6320.5 -371.0 1.5
-6290.0 -360.2 1.3
-6234.2 -319.4 1.4
-6240.7 -316.2 1.4
-6291.1 -321.0 1.6
-6194.5 -299.9 1.6
-6131.3 -249.7 2.4
-6142.5 -250.5 2.3
-6139.9 -227.8 2.9
-6100.7 -218.9 3.0
-5695.1 111.8 3.4
-5701.2 264.4 4.0
-5703.2 273.7 3.7
-5157.1 595.0 3.6
-4883.7 198.0 2.3
-4872.8 205.5 2.4
-4884.8 208.0 2.5
-4846.5 221.5 2.2
-4853.9 220.8 2.3
-4862.6 216.3 2.4
-4872.9 216.4 2.4
-4906.9 221.1 2.4
-4853.0 227.7 2.1
-4863.7 227.9 2.2
-4824.7 241.2 1.6
-4857.3 241.0 1.8
-4817.0 251.5 1.4
-4833.8 249.4 1.5
-4847.1 248.9 1.6
-6283.0 242.5 3.9
-6272.5 253.5 3.8
-6279.5 253.1 3.8
-6290.2 250.7 3.9
-6289.0 259.3 3.8
-6239.3 290.9 3.4
-6322.9 294.4 3.8
-6332.2 291.5 3.8
-6232.1 300.8 3.4
-6330.2 303.3 3.7
-6218.2 322.8 3.2
-6242.2 323.5 3.3
-6208.1 329.5 3.1
-6320.5 330.8 3.4
-6210.8 341.9 3.0
-6230.6 342.3 3.1
-6241.1 340.7 3.2
-6228.2 353.3 3.0
-6240.5 351.7 3.1
-6260.3 355.0 3.1
-6289.8 354.6 2.9
-6240.1 364.0 3.0
-6248.3 364.3 2.9
-6257.4 358.9 3.0
-6271.7 362.8 2.7
-6221.8 369.6 2.9
-6231.3 374.5 2.7
-6258.1 369.6 2.6
-6237.1 379.7 2.5
-6258.0 379.9 2.3
-5266.3 924.8 2.8
-5285.2 928.7 2.7
-5780.4 654.1 1.7
-5791.4 663.8 1.5
-5788.3 674.0 1.6
-5707.7 687.5 2.5
-5743.1 687.5 1.8
-5783.2 686.2 1.8
-5798.4 687.4 1.8
-5811.2 687.4 1.8
-5760.0 696.4 1.9
-5811.0 693.3 1.8
-5758.5 707.3 2.0
-5772.9 707.4 2.0
-5779.7 707.1 2.0
-5788.4 708.2 2.0
-5799.4 702.8 1.9
-5770.0 716.8 2.1
-5778.4 717.4 2.1
-5798.1 713.8 2.1
-5828.1 715.0 2.1
-5709.6 726.0 2.2
-5730.1 724.6 2.2
-5740.7 722.0 2.2
-5753.1 725.5 2.2
-5788.8 725.3 2.2
-5811.9 728.3 2.2
-5747.3 732.0 2.3
-5787.8 735.0 2.3
-5810.8 737.5 2.3
-5829.7 737.7 2.3
-5732.8 745.6 2.3
-5738.9 744.7 2.3
-5817.7 742.8 2.3
-5849.5 747.1 2.3
-5723.2 755.2 2.3
-5731.2 756.5 2.3
-5819.2 755.7 2.3
-5730.5 765.9 2.3
-5812.8 762.1 2.3
-5819.4 763.9 2.3
-5831.3 765.6 2.3
-5842.5 766.0 2.3
-5733.5 777.6 2.4
-5813.8 772.6 2.3
-5820.0 776.4 2.3
-5838.3 771.9 2.3
-5737.6 783.9 2.4
-5807.9 784.9 2.3
-5830.8 788.2 2.3
-5843.1 785.0 2.3
-5851.1 798.0 2.3
-5922.4 794.6 2.3
-5809.6 807.7 2.3
-5863.2 806.4 2.3
-5882.0 801.9 2.3
-5918.0 805.7 2.3
-5852.2 814.4 2.3
-5878.7 818.0 2.3
-5903.2 814.1 2.3
-5911.2 815.6 2.3
-5757.8 823.7 2.4
-5853.0 826.5 2.3
-5859.1 822.2 2.3
-5889.8 821.8 2.3
-5687.8 734.8 2.3
-5643.4 767.1 2.3
-5653.4 763.0 2.3
-5630.4 775.7 2.4
-5649.0 771.5 2.3
-5689.6 774.7 2.4
-5611.6 785.9 2.4
-5689.1 781.7 2.4
-5688.2 792.4 2.4
-5667.9 803.4 2.3
-5678.9 804.5 2.4
-5608.3 814.0 2.4
-5642.1 813.9 2.4
-5660.7 814.0 2.3
-5667.9 813.5 2.3
-5683.2 813.2 2.4
-5692.6 812.6 2.4
-5699.0 812.8 2.4
-5711.2 813.5 2.4
-5638.6 821.6 2.5
-5648.0 821.4 2.4
-5701.2 821.6 2.4
-5709.1 823.4 2.4
-5662.4 831.3 2.4
-5677.2 834.5 2.3
-5711.2 836.9 2.4
-5621.0 844.8 2.5
-5641.8 841.7 2.5
-5651.3 841.6 2.4
-5833.0 846.4 2.4
-5701.9 854.3 2.4
-5708.3 854.5 2.4
-5831.4 852.6 2.4
-5837.9 850.9 2.4
-5872.1 854.9 2.3
-5891.9 851.1 2.3
-5823.0 867.0 2.4
-5828.7 864.8 2.4
-5609.1 876.5 2.5
-5667.4 875.1 2.5
-5690.9 875.9 2.4
-5699.0 872.8 2.4
-5811.2 871.8 2.4
-5828.4 871.5 2.4
-5841.1 872.6 2.4
-5873.5 873.1 2.4
-5880.0 873.9 2.4
-5609.1 884.8 2.6
-5868.9 884.4 2.4
-5622.4 890.7 2.6
-5687.4 892.6 2.4
-5868.3 893.0 2.4
-5880.0 896.3 2.4
-5891.9 892.1 2.4
-5611.5 904.8 2.6
-5647.1 906.3 2.6
-5657.9 906.0 2.6
-5677.7 905.4 2.5
-5713.0 907.2 2.5
-5838.8 902.9 2.4
-5880.3 904.8 2.4
-5613.0 915.5 2.6
-5702.0 912.3 2.4
-5711.1 911.2 2.5
-5650.7 921.0 2.7
-5691.8 923.6 2.5
-5726.9 926.6 2.5
-5748.6 926.0 2.5
-5769.3 921.9 2.5
-5777.2 927.1 2.5
-5807.0 926.5 2.4
-5821.0 925.2 2.4
-5828.5 921.6 2.4
-5837.7 926.2 2.4
-5851.3 924.7 2.4
-5862.4 926.7 2.4
-5881.9 921.2 2.4
-5640.7 936.4 2.7
-5648.6 931.8 2.7
-5671.5 933.4 2.6
-5682.0 935.2 2.6
-5709.2 933.1 2.4
-5720.5 933.9 2.5
-5730.1 933.7 2.5
-5753.1 931.3 2.5
-5759.8 936.3 2.5
-5780.5 935.6 2.5
-5861.4 931.7 2.4
-5626.9 943.6 2.7
-5658.1 947.2 2.7
-5678.5 941.2 2.6
-5701.4 941.8 2.5
-5772.4 943.8 2.5
-5778.4 943.6 2.5
-5807.1 941.8 2.5
-5659.2 952.9 2.7
-5687.7 957.1 2.6
-5719.0 951.2 2.4
-5760.7 951.6 2.5
-5769.4 954.7 2.5
-5778.9 954.7 2.5
-5802.7 954.2 2.5
-5807.9 952.4 2.5
-5871.8 953.3 2.4
-5670.6 966.8 2.7
-5693.5 965.6 2.6
-5722.6 965.1 2.5
-5767.0 966.5 2.5
-5629.8 970.7 2.7
-5643.0 974.3 2.7
-5682.1 974.0 2.6
-5688.9 973.0 2.6
-5751.8 973.5 2.5
-5842.5 976.6 2.5
-5599.8 983.9 2.7
-5618.2 986.1 2.7
-5663.0 984.6 2.8
-5749.0 981.6 2.5
-5793.3 986.1 2.5
-5848.2 986.1 2.5
-5599.6 1005.3 2.7
-5723.5 1002.4 2.6
-5742.8 1002.0 2.5
-5757.8 1003.7 2.5
-5800.1 1000.7 2.5
-5819.0 1007.1 2.5
-5833.0 1006.6 2.5
-5659.8 1013.9 2.8
-5689.0 1011.7 2.7
-5698.5 1016.2 2.7
-5729.8 1013.0 2.6
-5740.0 1017.1 2.5
-5747.5 1014.5 2.5
-5839.2 1014.0 2.5
-5870.4 1012.6 2.5
-5882.1 1014.9 2.5
-5621.5 1025.4 2.8
-5630.2 1026.5 2.8
-5638.2 1025.6 2.8
-5732.0 1024.2 2.6
-5751.5 1023.1 2.5
-5807.9 1025.6 2.5
-5841.8 1023.1 2.5
-5592.0 1033.1 2.7
-5631.4 1032.9 2.8
-5650.7 1036.5 2.8
-5732.9 1031.1 2.6
-5777.7 1031.6 2.5
-5612.9 1047.2 2.8
-5619.8 1043.7 2.8
-5627.9 1045.9 2.8
-5649.1 1042.0 2.8
-5690.0 1040.8 2.8
-5700.2 1047.1 2.8
-5722.2 1045.4 2.7
-5757.1 1045.7 2.5
-5769.7 1040.9 2.5
-5777.0 1044.5 2.5
-5791.3 1041.6 2.5
-5798.0 1047.3 2.5
-5839.3 1041.3 2.5
-5901.3 1044.6 2.5
-5599.1 1050.7 2.8
-5611.3 1053.4 2.8
-5623.3 1056.3 2.8
-5668.0 1056.6 2.9
-5750.0 1055.8 2.6
-5757.4 1055.3 2.6
-5793.0 1056.0 2.5
-5801.1 1053.1 2.5
-5808.2 1053.6 2.5
-5850.4 1057.2 2.5
-5902.7 1052.9 2.5
-5622.6 1062.5 2.8
-5710.3 1066.2 2.8
-5747.6 1066.1 2.6
-5817.9 1067.1 2.5
-5881.0 1065.4 2.5
-5953.2 1067.1 2.5
-5619.1 1071.0 2.8
-5648.4 1073.2 2.9
-5661.4 1075.4 2.9
-5673.4 1070.7 2.9
-5711.7 1075.4 2.8
-5758.7 1070.9 2.6
-5780.8 1074.7 2.6
-5817.4 1075.4 2.6
-5833.4 1074.6 2.5
-5839.2 1072.6 2.5
-5893.3 1073.7 2.5
-5939.7 1075.8 2.5
-5618.8 1087.1 2.9
-5662.4 1086.9 2.9
-5669.0 1082.5 2.9
-5692.5 1084.8 2.9
-5707.1 1084.2 2.8
-5726.9 1082.0 2.7
-5741.5 1085.1 2.7
-5857.0 1083.9 2.5
-5901.1 1084.8 2.5
-5929.9 1082.1 2.5
-5588.0 1092.0 2.8
-5663.0 1097.2 3.0
-5703.1 1092.5 2.9
-5777.4 1092.4 2.6
-5813.4 1091.4 2.6
-5930.5 1094.5 2.5
-5582.1 1106.7 2.8
-5690.5 1101.8 2.9
-5721.0 1106.7 2.8
-5727.9 1107.0 2.8
-5793.4 1103.7 2.6
-5799.0 1100.9 2.6
-5886.8 1102.3 2.6
-5898.1 1101.2 2.5
-5932.2 1105.5 2.5
-5603.4 1112.4 2.9
-5627.0 1112.5 2.9
-5673.3 1114.6 3.0
-5693.1 1115.8 3.0
-5747.5 1113.7 2.7
-5770.4 1116.8 2.7
-5899.7 1114.4 2.6
-5919.4 1113.5 2.6
-5931.3 1114.1 2.6
-5937.7 1113.6 2.6
-5598.0 1124.2 2.9
-5629.7 1123.1 2.9
-5683.4 1123.9 3.0
-5772.2 1124.8 2.7
-5933.0 1127.2 2.6
-5939.6 1123.3 2.6
-5958.1 1125.4 2.6
-5582.2 1131.4 2.9
-5592.6 1134.1 2.9
-5948.4 1131.1 2.6
-5960.6 1133.8 2.6
-5603.2 1142.2 2.9
-5610.7 1142.2 2.9
-5627.5 1146.2 3.0
-5667.0 1143.5 3.0
-5932.5 1141.4 2.6
-5942.7 1141.3 2.6
-5951.7 1140.8 2.6
-5958.2 1141.6 2.6
-5913.1 1154.5 2.6
-5958.8 1152.1 2.6
-5577.8 1161.4 3.1
-5587.2 1164.2 3.1
-5633.3 1165.0 3.2
-5639.2 1165.8 3.2
-5912.1 1162.1 2.6
-5959.1 1166.0 2.7
-5629.5 1171.2 3.3
-5458.4 708.6 2.6
-5497.5 708.1 2.6
-5513.9 719.3 2.5
-5503.5 737.2 2.1
-5523.5 741.6 2.2
-5463.3 819.6 2.2
-5456.7 849.9 2.2
-5465.2 853.5 2.2
-5477.5 848.6 2.3
-5482.1 853.4 2.3
-5467.1 873.9 2.3
-5476.0 871.0 2.3
-5455.8 880.4 2.3
-5473.8 879.3 2.3
-5238.2 -340.7 3.5
-5161.6 -323.6 3.4
-5212.3 -324.5 3.3
-5217.6 -324.5 3.3
-5227.0 -321.2 3.3
-5166.9 -311.1 3.4
-5271.5 -310.3 3.1
-5141.1 -305.7 3.5
-5156.1 -302.3 3.4
-5186.7 -300.0 3.4
-5130.7 -292.8 3.4
-5140.6 -296.0 3.4
-5159.9 -292.3 3.4
-5182.3 -294.0 3.4
-5192.4 -291.9 3.4
-5211.5 -290.3 3.4
-5221.5 -295.5 3.3
-5227.5 -290.2 3.3
-5117.1 -280.3 3.3
-5150.1 -281.2 3.3
-5171.5 -281.0 3.4
-5180.9 -286.1 3.4
-5232.4 -284.6 3.3
-5246.6 -281.3 3.3
-5126.3 -271.5 3.2
-5162.4 -273.1 3.3
-5172.0 -275.0 3.3
-5182.4 -269.9 3.3
-5190.3 -271.5 3.3
-5206.4 -270.7 3.3
-5219.9 -269.7 3.3
-5228.3 -274.4 3.3
-5295.9 -274.8 3.0
-5107.5 -265.7 3.1
-5119.8 -262.1 3.1
-5140.9 -260.1 3.1
-5186.4 -262.9 3.2
-5197.3 -262.2 3.2
-5206.3 -259.6 3.2
-5236.3 -259.7 3.3
-5252.2 -265.9 3.3
-5257.3 -262.8 3.3
-5266.6 -263.6 3.2
-5068.8 -252.4 3.0
-5077.8 -250.2 3.0
-5090.5 -253.5 3.0
-5106.9 -249.9 3.1
-5141.2 -255.2 3.1
-5228.1 -254.1 3.3
-5259.4 -254.6 3.3
-5271.3 -250.6 3.3
-5086.2 -241.2 3.1
-5142.3 -244.0 3.2
-5190.0 -244.3 3.3
-5198.0 -240.0 3.4
-5206.4 -240.7 3.4
-5082.3 -233.1 3.2
-5088.8 -232.3 3.2
-5129.2 -230.5 3.3
-5272.3 -232.3 3.4
-5118.3 -223.5 3.4
-5128.1 -222.5 3.4
-5188.1 -225.1 3.5
-5288.0 -220.8 3.4
-5099.3 -215.2 3.4
-5106.4 -210.6 3.5
-5126.6 -210.3 3.6
-5139.2 -210.0 3.6
-5192.1 -213.3 3.7
-5259.8 -214.7 3.7
-5099.8 -203.5 3.5
-5149.9 -199.9 3.8
-5231.7 -199.5 3.9
-5238.3 -204.7 3.9
-5107.7 -194.7 3.6
-5168.2 -192.4 3.9
-5210.7 -190.2 4.0
-5217.3 -196.0 3.9
-5152.5 -181.9 4.0
-5161.3 -182.7 4.0
-5258.7 -182.8 4.0
-5137.9 -175.1 3.8
-5221.5 -170.9 4.2
-5226.4 -174.7 4.2
-5251.1 -174.1 4.1
-5259.3 -174.4 4.1
-5129.3 -162.0 3.8
-5159.2 -160.4 4.0
-5189.2 -159.7 4.3
-5198.5 -166.0 4.3
-5230.1 -160.1 4.4
-5239.4 -163.4 4.3
-5249.8 -162.9 4.3
-5255.9 -162.7 4.4
-5148.7 -152.2 4.0
-5202.1 -150.4 4.5
-5251.0 -155.4 4.5
-5147.2 -145.4 4.2
-5157.4 -141.0 4.3
-5202.2 -144.1 4.5
-5151.6 -135.8 4.3
-5227.3 -134.3 4.9
-5239.3 -132.9 5.3
-5249.1 -134.6 5.4
-5157.4 -123.4 4.4
-5168.0 -126.1 4.4
-5190.4 -125.0 4.4
-5208.7 -121.4 4.6
-5216.9 -124.4 4.8
-5236.8 -125.8 5.4
-5250.5 -122.3 5.9
-5170.8 -110.5 4.2
-5221.4 -113.5 5.2
-5208.1 -83.3 5.4
-5216.8 -73.9 5.9
-4977.2 -180.9 2.5
-4967.8 -172.2 2.3
-4936.5 -162.7 1.8
-4972.0 -159.0 2.6
-4957.7 -151.0 2.4
-4948.2 -142.0 2.3
-4977.2 -143.8 2.9
-4996.9 -137.9 3.4
-4898.9 -130.0 1.5
-5009.7 -134.1 3.7
-4921.0 -119.7 2.0
-4931.4 -119.6 2.2
-4940.7 -119.1 2.4
-4968.4 -122.9 2.9
-4979.9 -120.2 3.1
-5018.6 -117.9 3.7
-4988.4 -110.0 3.1
-4996.4 -113.1 3.3
-5011.6 -111.9 3.5
-5020.0 -113.3 3.7
-4906.3 -99.8 1.6
-4922.0 -103.4 1.9
-4931.4 -103.8 2.0
-4945.9 -99.6 2.2
-4911.3 -91.3 1.5
-4917.1 -80.1 1.5
-4930.7 -79.5 1.7
-5022.1 -78.3 3.3
-4927.9 -67.7 1.7
-4988.7 -69.8 3.1
-4997.1 -68.9 3.2
-5041.5 -237.2 3.0
-5027.5 -227.3 2.7
-5049.0 -227.0 3.0
-5058.3 -232.1 3.1
-5026.4 -218.0 2.6
-5047.7 -221.9 3.0
-5066.3 -222.1 3.2
-4997.2 -206.3 2.4
-5012.1 -212.5 2.4
-5028.6 -212.2 2.6
-5060.9 -209.4 3.0
-5066.6 -211.3 3.1
-5009.7 -200.5 2.6
-5030.6 -197.0 2.7
-5042.4 -198.2 2.8
-5086.9 -198.9 3.3
-4989.2 -192.2 2.5
-4998.1 -192.5 2.6
-5016.0 -191.5 2.8
-5040.7 -186.4 3.0
-5048.0 -186.1 3.0
-5057.7 -186.0 3.1
-5067.1 -186.1 3.1
-4987.2 -180.4 2.6
-5001.3 -181.8 2.8
-5010.6 -182.2 2.9
-5056.9 -180.0 3.1
-4998.0 -168.3 2.9
-5080.1 -171.1 3.4
-5020.6 -152.1 3.4
-5028.4 -149.9 3.5
-5038.4 -149.4 3.6
-5108.3 -146.5 3.9
-5120.9 -151.1 3.9
-5027.5 -136.8 3.7
-5037.2 -139.8 3.7
-5049.5 -137.5 3.8
-5067.0 -138.6 3.9
-5079.7 -138.0 3.9
-5109.4 -142.0 4.0
-5117.5 -142.0 4.1
-5127.2 -141.5 4.1
-5037.2 -128.7 3.8
-5097.3 -130.2 4.1
-5098.8 -116.1 4.1
-5078.4 -102.5 3.8
-5088.8 -88.9 3.6
-5102.0 -87.0 3.6
-5120.4 -89.5 3.8
-5106.8 -78.5 3.7
-5117.0 -79.9 3.8
-5127.8 -77.8 3.8
-5120.1 -67.0 3.8
-5128.9 -66.0 3.8
-5117.7 -60.9 3.6
-5126.9 -48.8 3.5
-5163.1 -73.9 4.2
-5168.0 -68.4 4.5
-5182.3 -64.0 5.0
-5182.8 -56.4 4.9
-5336.8 386.8 4.6
-5420.3 378.6 4.4
-5436.7 382.0 4.3
-5466.0 378.5 4.3
-5497.1 378.2 4.2
-5447.8 391.7 4.3
-5398.5 400.3 4.5
-5424.5 403.3 4.4
-5628.1 366.8 3.6
-5630.3 373.6 3.5
-5610.9 383.8 3.5
-5615.2 384.7 3.5
-5607.8 395.5 3.4
-5697.8 240.3 4.6
-5654.3 267.4 4.0
-5675.5 270.6 3.9
-5672.0 310.1 3.6
-5656.1 324.6 3.7
-5655.0 84.3 3.9
-5614.4 94.3 3.9
-5595.5 99.4 3.8
-5624.8 100.6 3.6
-5676.9 105.2 3.3
-5647.1 111.8 3.4
-5675.0 109.0 3.3
-5680.9 110.5 3.4
-5667.3 121.8 3.5
-5646.9 140.6 3.7
-5524.7 -84.4 5.1
-5570.9 -49.1 5.1
-5555.9 -38.7 6.2
-5558.3 -33.0 6.5
-5566.1 -33.5 6.1
-5204.1 -10.6 5.3
-5195.6 -2.4 5.1
-5204.0 -3.8 5.4
-5170.2 6.4 4.4
-5167.1 18.3 4.4
-5176.6 14.5 4.6
-5183.9 16.0 4.9
-5195.5 17.0 5.2
-5207.2 18.6 5.5
-5214.4 19.5 5.8
-5239.4 18.3 6.5
-5139.6 25.4 3.6
-5160.4 24.4 4.2
-5206.0 29.1 5.5
-5216.8 24.3 5.8
-5226.7 30.2 6.1
-5144.9 39.2 3.8
-5159.2 36.8 4.2
-5190.3 36.9 5.1
-5197.8 34.7 5.3
-5148.1 48.7 3.9
-5160.1 45.8 4.3
-5168.1 68.1 4.6
-5199.0 68.2 5.5
-5169.0 75.3 4.6
-5215.4 75.3 6.0
-5225.3 75.3 6.0
-5237.7 74.4 6.0
-5215.6 89.3 5.7
-5228.4 89.7 5.6
-5235.3 87.4 5.7
-5246.8 90.8 5.6
-5176.6 95.3 4.9
-5189.7 96.0 5.3
-5218.5 98.2 5.5
-5243.9 96.0 5.4
-5268.3 100.0 5.3
-5275.4 95.9 5.4
-5299.2 95.0 5.3
-5187.4 104.7 5.3
-5227.0 105.9 5.3
-5237.0 106.9 5.2
-5276.2 104.6 5.1
-5285.9 107.4 5.0
-5176.0 118.2 5.0
-5218.5 117.8 5.0
-5226.6 115.2 5.0
-5245.0 116.0 5.0
-5264.6 120.8 4.9
-5286.2 119.2 4.9
-5227.6 128.2 4.8
-5269.6 127.8 4.9
-5276.5 127.5 4.9
-5228.7 140.3 4.8
-5247.2 134.7 4.9
-5263.9 139.6 4.7
-5276.9 137.7 4.7
-5254.8 144.2 4.6
-5270.2 145.7 4.5
-5254.8 155.8 4.5
-5265.5 156.1 4.5
-5277.2 158.8 4.5
-5240.4 169.8 4.6
-5229.0 180.5 4.6
-5246.5 177.8 4.6
-5228.4 187.9 4.6
-5224.9 196.7 4.6
-5235.0 199.6 4.6
-5236.7 210.2 4.6
-5230.2 215.3 4.6
-5240.4 225.0 4.6
-5246.4 247.9 4.7
-5244.1 258.7 4.7
-5246.5 266.5 4.7
-5244.8 300.0 4.7
-5250.2 319.0 4.6
-5256.2 320.4 4.7
-5248.3 337.4 4.5
-5249.3 345.6 4.4
-5254.1 349.6 4.4
-5570.5 131.8 3.6
-5560.6 144.2 3.7
-5557.7 164.3 3.9
-5567.1 162.8 3.9
-5442.8 193.7 4.2
-5459.8 214.1 4.4
-5479.2 209.1 4.3
-5416.6 240.2 4.6
-5407.3 276.4 4.2
-5415.0 276.6 4.2
-5416.8 287.3 4.2
-5460.1 330.0 4.2
-5475.0 328.3 4.1
-5501.2 326.9 4.1
-5326.9 218.6 4.4
-5357.7 217.9 4.4
-5296.3 170.5 4.4
-5293.0 178.9 4.4
-5293.4 238.2 4.6
-5314.8 254.4 4.7
-5343.4 268.7 4.4
-5352.2 274.5 4.4
-5343.1 280.7 4.4
-5344.6 294.8 4.4
-5357.0 299.4 4.4
-5336.8 20.5 6.9
-5331.1 26.2 6.8
-5335.7 25.9 6.8
-5356.6 86.0 5.3
-5369.7 86.0 5.3
-5359.0 101.2 5.0
-5363.9 96.4 5.1
-5398.6 99.1 5.1
-5376.3 110.5 4.9
-5399.6 110.0 4.8
-5357.7 117.2 4.8
-5386.4 121.0 4.5
-5389.8 125.4 4.3
-5532.6 222.5 4.5
-5562.6 235.4 4.6
-5569.7 233.5 4.6
-5582.3 232.0 4.6
-5542.3 239.0 4.7
-5504.7 255.5 4.5
-5531.3 252.4 4.5
-5440.6 283.7 4.2
-5479.5 -11.3 7.2
-5508.9 -9.4 7.1
-5509.5 -2.7 6.9
-5542.8 101.5 4.1
-5571.8 293.8 3.8
-5549.1 300.9 3.9
-5563.0 299.4 3.9
-5588.3 304.3 3.8
-5542.7 313.9 3.9
-5590.9 311.6 3.8
-5599.1 310.6 3.8
-5602.8 320.5 3.8
-5558.4 338.1 3.9
-5706.8 175.7 4.0
-5683.7 184.7 4.1
-5643.3 229.1 4.6
-5336.7 -362.2 2.7
-5330.7 -357.1 2.7
-5339.7 -356.0 2.7
-5335.8 -347.2 2.7
-5201.7 -401.1 2.4
-5205.7 -399.4 2.5
-5220.0 -398.4 2.7
-5229.3 -401.5 2.6
-5197.5 -391.8 2.5
-5230.4 -390.6 2.7
-5191.3 -380.6 2.7
-5201.1 -369.9 3.0
-5210.4 -370.7 3.0
-5221.6 -369.8 3.0
-5385.7 -277.7 2.5
-4976.0 -382.9 0.5
-4963.7 -374.3 0.5
-4982.8 -373.2 0.4
-4973.7 -363.6 0.3
-4991.0 -367.7 0.3
-5343.1 -46.3 8.5
-5352.9 -45.5 8.4
-5372.2 -46.0 8.4
-5377.1 -128.4 9.2
-5356.2 -122.0 9.1
-5368.4 -116.4 9.7
-5593.9 -173.5 2.4
-5589.8 -156.1 2.7
-5636.4 -153.7 2.2
-5584.7 -148.5 2.9
-5636.3 -146.5 2.2
-5532.2 -139.5 4.3
-5540.5 -139.9 4.1
-5493.7 -130.1 4.7
-5562.8 -129.3 3.5
-5571.1 -131.9 3.4
-5592.3 -129.6 3.0
-5598.1 -129.7 2.9
-5608.8 -129.1 2.7
-5498.2 -124.3 4.6
-5523.9 -122.6 4.2
-5602.7 -121.5 2.8
-5473.8 -239.0 2.9
-5484.2 -240.5 2.8
-5496.0 -240.9 2.7
-5502.1 -235.6 2.9
-5510.0 -234.7 2.9
-5521.0 -218.5 3.5
-5472.9 -188.6 4.9
-5509.5 -186.6 3.8
-5533.0 -176.5 3.6
-5550.4 -175.1 3.3
-5499.8 -168.8 4.4
-5523.0 -166.2 3.9
-5535.2 -167.7 3.7
-5550.9 -169.7 3.3
-5548.5 -74.0 4.9
-5559.6 -68.3 4.9
-5568.4 -63.7 4.8
-5569.0 -59.2 4.9
-5589.4 -56.8 4.6
-5599.0 -47.0 4.7
-5601.2 -39.2 4.8
-5554.2 392.2 3.9
-5552.8 402.1 3.8
-5565.1 401.4 3.7
-5463.9 393.5 4.3
-5472.5 390.7 4.3
-5510.4 414.2 4.0
-5521.2 412.4 3.9
-5482.2 421.4 4.1
-5706.7 97.1 3.2
-5714.6 117.2 3.4
-5737.9 153.7 3.8
-5742.9 165.2 3.9
-5754.4 187.2 4.2
-5763.3 187.3 4.0
-5754.5 195.5 4.3
-5785.3 197.9 3.6
-5757.7 201.9 4.3
-5763.9 206.7 4.4
-5743.1 212.1 4.4
-5762.3 214.4 4.5
-5783.7 213.9 3.9
-5745.7 227.1 4.6
-5751.7 223.2 4.6
-5772.5 232.3 4.7
-5712.7 140.4 3.7
-5712.3 155.7 3.8
-5722.2 180.2 4.1
-5722.8 186.5 4.2
-5724.2 198.0 4.3
-5403.1 -538.0 3.3
-5413.7 -526.4 3.2
-5423.8 -529.4 3.0
-5435.4 -530.2 2.7
-5447.7 -529.6 2.4
-5415.4 -522.0 3.3
-5426.0 -517.9 3.1
-5465.6 -517.1 2.3
-5384.2 -509.8 4.1
-5376.0 -497.7 4.4
-5457.0 -501.2 2.7
-5475.0 -497.3 2.3
-5487.3 -502.2 2.1
-5385.1 -486.1 4.1
-5441.6 -492.4 3.0
-5452.1 -487.2 2.8
-5477.5 -491.9 2.3
-5377.1 -478.2 3.7
-5381.6 -477.3 3.7
-5392.7 -478.3 3.8
-5454.0 -481.1 2.8
-5392.1 -466.4 3.4
-5436.0 -465.8 3.3
-5444.2 -467.5 3.1
-5463.9 -472.1 2.7
-5473.5 -469.1 2.5
-5407.6 -461.5 3.2
-5414.2 -455.9 3.1
-5446.3 -461.2 3.1
-5461.8 -459.6 2.8
-5477.4 -457.2 2.5
-5487.0 -459.0 2.3
-5494.4 -459.8 2.1
-5461.2 -446.9 2.6
-5485.8 -446.9 2.4
-5493.1 -451.4 2.2
-5497.0 -432.0 2.1
-5495.9 -422.3 1.9
-5492.3 -406.7 1.7
-5492.6 -390.3 1.5
-5443.0 -378.7 1.9
-5464.3 -366.6 1.6
-5361.0 -611.4 2.1
-5356.8 -599.4 2.0
-5371.1 -602.9 2.2
-5380.2 -601.5 2.3
-5370.7 -594.2 2.2
-5344.7 -582.2 1.9
-5334.6 -573.3 1.8
-5341.7 -571.7 1.8
-5333.2 -560.8 1.7
-5330.6 -553.4 1.7
-5344.1 -553.9 2.0
-5383.9 -552.4 3.3
-5345.8 -542.5 2.4
-5350.4 -540.6 2.6
-5365.3 -539.0 3.1
-5372.3 -538.4 3.3
-5375.1 -529.0 3.7
-5383.3 -531.0 3.8
-5361.9 -435.5 3.3
-5391.4 -406.8 2.7
-5208.1 -527.1 1.0
-5216.7 -528.7 1.1
-5225.7 -531.0 1.2
-5208.8 -510.5 0.4
-5212.1 -506.3 0.3
-5243.0 -508.0 0.6
-5222.1 -501.0 0.1
-5233.0 -498.9 0.3
-5242.5 -501.5 0.4
-4657.5 -136.3 2.2
-4673.7 -127.3 1.8
-4696.2 -127.0 1.6
-4647.6 -120.1 2.1
-4645.9 -110.2 2.0
-4651.9 -107.4 1.9
-4667.3 -95.9 2.0
-4682.5 -98.0 1.9
-4686.9 -90.5 1.9
-4757.7 -89.6 1.5
-4787.2 -91.8 1.3
-4802.4 -87.0 1.2
-4647.7 -80.9 2.1
-4666.8 -80.8 2.0
-4693.9 -76.5 1.9
-4715.6 -79.4 1.7
-4735.7 -80.6 1.6
-4743.4 -79.9 1.6
-4754.8 -80.4 1.5
-4673.5 -65.3 2.0
-4693.6 -68.7 1.9
-4727.7 -68.3 1.7
-4733.4 -70.6 1.6
-4747.5 -67.3 1.5
-4676.6 -59.3 1.9
-4686.4 -61.1 1.9
-4702.4 -61.7 1.8
-4714.5 -58.1 1.7
-4724.9 -61.1 1.7
-4736.1 -58.6 1.6
-4766.0 -55.5 1.4
-4654.8 -51.5 2.1
-4707.5 -49.6 1.8
-4727.5 -51.5 1.7
-4732.8 -49.0 1.6
-4742.3 -49.4 1.6
-4762.0 -51.7 1.5
-4685.0 -40.8 1.9
-4704.5 -37.2 1.8
-4714.5 -40.3 1.7
-4737.7 -39.0 1.6
-4757.1 -37.6 1.5
-4806.5 -36.2 1.2
-4814.2 -39.5 1.2
-4686.9 -29.9 1.9
-4704.6 -28.0 1.8
-4715.2 -29.1 1.7
-4745.2 -29.8 1.6
-4687.4 -17.1 1.8
-4697.7 -18.3 1.8
-4711.8 -16.1 1.7
-4733.5 -17.1 1.6
-4757.1 -16.5 1.4
-4695.9 -7.6 1.8
-4704.2 -9.8 1.7
-4713.6 -6.1 1.6
-4736.0 -11.8 1.5
-4776.8 -6.6 1.1
-4783.3 -9.2 1.2
-4647.6 1.5 1.9
-4693.7 2.2 1.6
-4701.7 2.8 1.5
-4711.8 -0.3 1.5
-4724.0 -1.3 1.4
-4785.5 2.2 1.0
-4795.0 2.2 1.0
-4646.0 9.1 1.8
-4687.0 13.0 1.4
-4718.0 9.8 1.3
-4787.0 10.6 1.0
-4686.8 19.1 1.3
-4693.7 22.1 1.3
-4766.4 18.3 1.1
-4773.4 19.2 1.1
-4685.8 31.8 1.3
-4772.6 29.4 1.1
-4733.1 40.7 1.2
-4747.5 40.6 1.2
-4754.7 39.5 1.2
-4774.1 40.1 1.2
-4691.9 49.6 1.4
-4704.6 51.4 1.3
-4713.8 48.8 1.3
-4724.4 51.5 1.3
-4752.6 50.1 1.2
-4763.4 53.8 1.2
-4686.1 61.7 1.4
-4737.2 64.3 1.3
-4748.3 64.2 1.3
-4774.9 64.1 1.2
-4733.2 69.5 1.4
-4752.6 70.8 1.3
-4767.8 81.2 1.3
-4737.1 91.4 1.4
-4743.8 93.3 1.4
-4949.4 579.5 3.6
-4969.9 576.1 3.7
-4903.6 585.3 3.4
-4946.8 584.8 3.6
-4959.4 589.6 3.6
-4874.8 593.4 3.2
-4884.4 593.5 3.3
-4897.2 598.7 3.3
-4908.8 595.4 3.4
-4943.8 598.5 3.6
-4975.2 596.0 3.7
-4874.6 605.2 3.2
-4896.4 603.6 3.3
-4903.7 603.7 3.4
-4949.2 606.7 3.6
-4888.9 617.4 3.2
-4899.6 617.7 3.3
-4907.4 619.4 3.3
-4888.0 624.3 3.2
-4909.7 627.5 3.3
-4920.1 629.6 3.4
-4975.7 627.2 3.7
-4987.0 624.8 3.8
-4926.3 636.0 3.5
-4896.6 643.4 3.4
-4916.6 646.5 3.5
-4944.0 647.6 3.7
