-6881.8 8421.4 20.6
-6852.1 8432.1 22.0
-6898.1 8436.0 20.5
-6905.1 8436.1 20.3
-6698.0 8443.3 24.6
-6709.2 8452.6 25.2
-6762.2 8451.4 25.9
-6804.6 8449.7 24.3
-6813.5 8449.2 24.0
-6835.1 8445.6 23.1
-6844.6 8444.0 22.7
-6726.2 8467.3 26.1
-6777.8 8463.0 25.8
-6808.1 8459.4 24.6
-6864.5 8460.8 22.6
-6745.2 8480.1 27.0
-6832.6 8473.3 24.2
-6700.4 8493.5 26.1
-6712.2 8495.3 26.5
-6763.0 8496.2 27.5
-6789.5 8493.1 26.4
-6715.6 8506.6 26.9
-6789.4 8511.1 27.1
-6816.9 8510.4 26.1
-6889.5 8510.8 22.0
-6911.7 8509.0 20.5
-6925.8 8507.0 19.5
-6941.5 8505.3 18.4
-6725.6 8519.5 27.6
-6758.7 8527.4 28.7
-6895.4 8523.2 21.7
-6927.2 8522.5 19.5
-6728.0 8539.7 28.2
-6759.7 8540.5 29.1
-6788.9 8536.9 28.0
-6814.2 8540.9 27.3
-6861.3 8538.3 24.1
-6923.4 8537.6 19.8
-6686.0 8553.9 25.8
-6730.4 8552.0 28.6
-6755.8 8553.7 29.4
-6833.1 8556.8 26.2
-6865.6 8552.6 23.9
-6905.9 8557.4 21.2
-6957.2 8552.7 17.8
-6685.0 8566.7 25.2
-6730.4 8566.0 28.6
-6762.0 8571.1 30.1
-6807.2 8570.2 28.1
-6865.9 8572.6 24.0
-6925.4 8567.1 19.9
-6941.4 8563.1 18.7
-6699.5 8578.1 26.0
-6731.4 8580.5 28.7
-6821.8 8584.2 27.1
-6846.5 8584.1 25.4
-6891.4 8578.5 22.3
-6904.8 8579.4 21.4
-6942.6 8582.9 18.8
-6956.7 8580.2 17.9
-6981.8 8585.1 17.1
-6712.1 8592.9 26.5
-6739.4 8601.2 28.4
-6787.4 8596.2 29.6
-6835.1 8597.2 26.3
-6889.7 8595.1 22.5
-6935.6 8594.7 19.3
-6949.9 8595.9 18.4
-6972.0 8592.7 17.5
-6698.0 8612.9 24.2
-6744.9 8616.1 28.1
-6755.6 8614.8 29.1
-6926.8 8608.3 20.0
-6969.0 8615.7 17.8
-6682.6 8624.8 22.3
-6729.1 8630.4 26.0
-6892.7 8623.8 22.5
-6775.7 8641.1 29.0
-6785.8 8645.8 28.6
-6845.2 8644.2 25.9
-6866.0 8642.6 24.5
-6882.7 8642.1 23.3
-6934.9 8643.9 19.7
-6739.1 8659.1 25.4
-6807.5 8659.2 27.7
-6819.3 8656.0 27.7
-6862.4 8659.6 24.8
-6892.2 8655.7 22.7
-6910.1 8660.8 21.5
-6925.3 8660.0 20.5
-6350.7 8672.5 15.2
-6401.1 8668.6 14.2
-6408.8 8676.5 13.8
-6626.8 8672.3 16.1
-6653.1 8677.5 17.0
-6716.5 8675.8 22.5
-6769.5 8673.2 27.2
-6786.3 8676.1 27.3
-6807.5 8670.3 27.2
-6848.0 8669.8 25.9
-6933.7 8671.4 19.9
-6954.9 8676.0 18.6
-6966.3 8669.0 18.2
-6979.8 8674.6 17.8
-6355.7 8688.1 14.6
-6454.5 8687.2 13.6
-6468.6 8688.6 13.8
-6623.7 8683.3 16.2
-6652.3 8688.2 16.9
-6693.6 8685.2 20.1
-6715.8 8686.1 21.9
-6741.8 8690.0 24.0
-6791.2 8684.4 26.8
-6851.2 8683.3 25.7
-6943.3 8687.8 19.4
-6982.0 8684.5 17.8
-6357.4 8705.1 14.1
-6383.4 8702.6 13.6
-6401.5 8702.8 13.3
-6414.5 8698.4 13.1
-6426.7 8703.1 13.2
-6568.4 8701.1 15.4
-6589.2 8707.1 15.8
-6643.0 8704.4 16.6
-6679.1 8698.0 18.1
-6697.3 8701.3 19.5
-6761.1 8701.3 25.0
-6862.3 8702.6 25.1
-6942.6 8700.5 19.5
-6987.4 8702.1 17.7
-6351.9 8715.8 13.9
-6400.6 8721.1 12.9
-6416.4 8719.0 13.1
-6489.0 8712.9 14.2
-6519.6 8718.1 14.7
-6563.7 8719.8 15.4
-6574.2 8720.9 15.6
-6592.9 8719.0 15.9
-6639.8 8720.4 16.6
-6672.5 8716.9 17.4
-6762.8 8716.1 24.4
-6770.9 8721.1 24.8
-6895.0 8714.2 22.9
-6911.9 8718.7 21.8
-6933.9 8712.9 20.2
-6371.5 8732.5 13.1
-6522.0 8735.0 14.9
-6532.1 8728.9 15.0
-6696.7 8729.2 18.3
-6743.6 8732.6 21.9
-6808.1 8732.7 24.5
-6878.1 8734.2 23.4
-6912.3 8731.9 21.8
-6922.1 8735.3 21.2
-6343.3 8745.4 13.3
-6386.4 8746.6 12.8
-6410.4 8750.2 13.2
-6606.4 8750.0 16.3
-6640.5 8747.9 16.8
-6670.2 8746.3 17.2
-6686.4 8748.5 17.6
-6693.7 8749.5 17.9
-6731.2 8750.5 19.9
-6755.1 8748.5 22.0
-6805.2 8744.1 24.0
-6828.6 8743.7 23.7
-6912.2 8751.8 21.9
-6919.8 8743.2 21.4
-6337.0 8761.0 13.1
-6354.9 8764.8 12.6
-6456.3 8760.6 14.0
-6486.9 8760.8 14.5
-6501.2 8765.6 14.7
-6568.0 8765.8 15.8
-6576.3 8760.5 15.9
-6592.9 8761.1 16.1
-6664.8 8764.6 17.3
-6806.1 8758.6 23.3
-6852.8 8761.7 22.6
-6860.4 8762.4 22.4
-6879.9 8760.8 22.2
-6894.2 8758.5 22.1
-6927.6 8767.0 21.0
-6957.6 8759.4 19.0
-6968.4 8761.6 18.7
-6987.7 8767.2 18.9
-6343.3 8775.5 12.6
-6383.1 8781.1 12.9
-6489.1 8780.5 14.6
-6507.0 8774.4 14.8
-6518.6 8780.9 15.1
-6651.5 8782.2 17.2
-6670.0 8772.7 17.4
-6862.6 8778.7 21.7
-6964.3 8781.4 19.1
-6503.6 8792.2 14.9
-6562.4 8794.9 15.8
-6579.2 8795.1 16.1
-6634.1 8797.0 17.0
-6652.5 8787.9 17.2
-6673.2 8795.3 17.6
-6843.5 8789.8 21.4
-6936.9 8790.1 20.2
-6964.6 8794.9 19.4
-6986.1 8791.8 19.4
-6370.8 8803.1 12.9
-6428.5 8803.2 13.8
-6456.6 8809.9 14.3
-6612.6 8811.4 16.7
-6670.2 8812.0 17.6
-6682.6 8805.8 17.8
-6844.4 8811.1 20.5
-6861.1 8804.5 20.5
-6911.1 8804.5 19.9
-6461.8 8822.3 14.4
-6472.6 8821.3 14.6
-6547.6 8823.4 15.8
-6610.0 8822.6 16.7
-6654.9 8827.3 17.5
-6311.6 8832.8 12.1
-6412.4 8835.3 13.6
-6612.0 8838.3 16.5
-6415.8 8854.0 13.6
-6411.4 8872.3 13.5
-6595.5 8867.2 14.8
-6432.8 8878.8 13.8
-6596.9 8878.8 15.3
-6533.3 8898.2 15.2
-6507.6 8915.5 14.8
-6514.7 8916.3 14.9
-6535.6 8910.1 15.2
-6550.2 8915.2 15.7
-2920.5 7278.5 40.9
-2937.7 7278.5 41.4
-6727.9 8816.7 18.6
-1873.9 4858.2 30.5
-1857.3 4872.8 31.1
-1870.9 4883.4 30.0
-5525.2 8308.1 35.8
-5539.4 8305.8 34.7
-5536.1 8322.9 36.1
-5479.4 8337.3 39.4
-5487.0 8345.0 39.4
-5465.4 8352.4 40.4
-5471.4 8352.9 40.2
-5540.9 8359.2 37.6
-5577.4 8357.7 36.0
-5537.0 8366.2 37.6
-5564.0 8367.8 36.6
-5534.4 8382.5 37.4
-5505.4 8395.8 38.2
-5536.0 8398.0 37.1
-5546.5 8396.9 36.8
-5562.7 8405.3 35.7
-5582.7 8399.2 34.4
-5427.0 8410.7 41.9
-5442.6 8414.9 40.8
-5459.7 8418.8 39.5
-5531.6 8414.4 37.0
-5552.7 8430.7 35.6
-5571.2 8433.4 34.1
-5581.8 8429.1 33.4
-5610.2 8430.5 31.5
-5531.9 8449.6 36.4
-5554.8 8442.7 35.0
-5569.7 8444.0 33.8
-5582.3 8442.2 33.1
-5600.5 8447.4 31.7
-5577.7 8457.5 33.0
-5599.8 8464.6 31.4
-5541.0 8478.4 34.9
-5585.6 8477.4 32.0
-5597.2 8472.7 31.4
-5518.6 8495.1 35.9
-5585.2 8487.1 31.8
-6168.4 5895.9 58.7
-6207.2 5938.5 58.4
-6223.5 5964.3 58.9
