120.2 6731.0 126.1
133.4 6738.2 126.0
146.6 6745.3 125.9
159.8 6752.5 126.0
172.9 6759.6 126.1
186.1 6766.8 126.2
201.0 6774.9 126.3
113.3 6742.3 125.9
126.8 6748.9 125.9
140.3 6755.5 126.0
153.8 6762.1 126.1
167.1 6768.9 126.2
180.4 6775.8 126.2
199.6 6785.4 126.2
-5024.4 4132.6 138.3
-5038.7 4137.3 138.1
-5052.9 4142.1 137.9
-5067.1 4146.8 137.8
-5080.6 4152.5 137.6
-5081.1 4165.6 137.5
-5067.5 4166.9 137.6
-5053.3 4161.9 137.8
-5039.1 4156.9 138.0
-5015.5 4148.6 138.3
4760.1 -5517.4 74.0
4760.6 -5502.4 73.2
4761.0 -5487.5 72.6
4761.5 -5472.5 72.4
4762.0 -5457.5 72.3
4762.4 -5442.5 72.0
4762.9 -5427.5 71.7
4763.4 -5412.5 72.1
4763.8 -5397.5 72.5
4764.3 -5382.5 72.9
4764.7 -5367.5 73.4
4765.2 -5352.5 73.8
4763.8 -5337.9 74.2
4752.5 -5332.1 74.0
4737.5 -5331.8 73.5
4722.5 -5331.5 73.1
4707.5 -5331.2 72.7
4683.8 -5330.7 72.0
4949.2 -5337.5 79.3
4934.2 -5337.2 78.9
4919.2 -5337.0 78.5
4904.2 -5336.7 78.1
4889.2 -5336.4 77.8
4874.3 -5336.1 77.4
4859.3 -5335.9 76.8
4844.3 -5335.6 76.2
4829.3 -5335.3 75.5
4814.3 -5335.0 74.9
4799.3 -5334.8 74.5
4784.3 -5334.5 74.4
4776.4 -5344.6 74.1
4776.0 -5359.6 73.7
4775.7 -5374.6 73.2
4775.3 -5389.6 72.8
4774.9 -5404.6 72.4
4774.5 -5419.6 71.9
4774.1 -5434.6 71.5
4773.7 -5449.6 71.8
4773.3 -5464.6 72.1
4773.0 -5479.6 72.2
4772.6 -5494.6 72.8
4771.9 -5520.1 74.2
4753.3 -5525.3 74.5
4739.0 -5520.4 74.1
4724.8 -5515.6 73.8
4710.6 -5510.8 73.9
4696.4 -5506.0 74.2
4682.2 -5501.1 74.3
4668.0 -5496.3 74.5
4653.8 -5491.5 74.6
4638.0 -5486.1 74.7
4786.0 -5536.0 75.2
4800.4 -5540.4 75.5
4814.7 -5544.8 75.8
4829.1 -5549.2 76.2
4843.4 -5553.6 77.0
4857.6 -5556.7 77.4
4865.7 -5545.0 77.3
4871.3 -5531.1 77.3
4877.0 -5517.2 77.5
4882.6 -5503.3 77.8
4888.2 -5489.4 78.2
4893.9 -5475.5 78.3
4899.5 -5461.6 78.4
4905.3 -5447.2 78.6
-4927.5 8573.1 117.6
-4926.5 8588.1 117.5
-4925.5 8603.1 117.4
-4924.4 8618.0 117.4
-4923.4 8633.0 117.3
-4922.3 8648.0 117.2
-4921.3 8662.9 117.1
-4920.3 8677.9 117.0
-4919.2 8692.8 116.8
-4918.2 8707.8 116.7
-4917.1 8722.8 116.6
-4916.1 8737.7 116.5
-4915.0 8752.7 116.4
-4914.0 8767.7 116.3
-4913.0 8782.6 116.2
-4911.9 8797.6 116.1
-4903.4 8808.8 115.9
-4890.4 8815.9 115.5
-4876.5 8821.6 115.0
-4862.7 8827.4 114.5
-4848.8 8833.2 114.0
-4835.0 8839.0 113.5
-4821.2 8844.8 113.1
-4807.3 8850.5 113.0
-4793.5 8856.3 113.0
-4779.6 8862.1 112.9
-4765.8 8867.9 112.7
-4751.9 8873.7 112.6
-4738.1 8879.4 112.4
-4723.4 8881.4 112.2
-4708.5 8881.9 111.9
-4693.5 8882.3 111.7
-4678.5 8882.8 111.4
-4663.5 8884.3 111.2
-4648.6 8885.7 110.9
-4633.7 8887.1 110.7
-4618.7 8888.6 110.9
-4605.3 8895.1 111.1
-4591.9 8901.9 111.3
-4578.5 8908.6 111.2
-4572.1 8902.1 111.5
-4569.9 8887.2 111.3
-4567.7 8872.4 111.1
-4565.5 8857.6 111.0
-4563.3 8842.7 111.0
-4561.1 8827.9 111.1
-4558.9 8813.0 111.2
-4556.7 8798.2 111.3
-4554.5 8783.4 111.4
-4552.3 8768.5 111.5
-4550.1 8753.7 111.7
-4547.9 8738.9 111.9
-4545.7 8724.0 112.0
-4543.5 8709.2 112.2
-4544.3 8694.4 112.4
-4547.5 8679.8 112.5
-4561.8 8676.0 112.5
-4576.4 8672.5 112.6
-4591.0 8669.0 112.8
-4605.6 8665.4 113.0
-4620.1 8661.9 113.2
-4634.4 8657.2 113.4
-4648.6 8652.5 113.7
-4662.9 8647.8 113.9
-4677.1 8643.1 114.1
-4691.4 8638.4 114.3
-4705.5 8633.5 114.6
-4719.6 8628.3 114.8
-4733.7 8623.2 115.0
-4747.8 8618.0 115.3
-4761.9 8612.8 115.5
-4775.9 8607.6 115.7
-4790.0 8602.5 116.0
-4804.1 8597.3 116.2
-4818.2 8592.1 116.5
-4832.3 8586.9 116.7
-4846.3 8581.8 116.9
-4860.4 8576.6 117.2
-4874.5 8571.4 117.4
-4888.6 8566.2 117.6
-4909.5 8558.5 117.9
-4468.6 515.0 144.5
-4459.2 526.7 144.8
-4449.8 538.4 145.1
-4440.3 550.0 145.5
-4430.9 561.7 145.8
-4421.5 573.4 146.1
-4412.0 585.0 146.4
-4393.2 608.3 147.0
-4352.9 516.6 150.3
-4364.8 507.4 150.0
-4376.7 498.3 149.5
-4388.5 489.1 149.0
-4400.4 480.0 148.3
-4412.3 470.8 147.1
-4424.2 461.7 145.9
-4434.6 469.1 145.6
-4444.8 480.2 145.4
-4459.5 496.3 145.0
4910.8 -5433.5 78.7
4916.7 -5419.8 78.8
4922.7 -5406.0 79.1
4928.6 -5392.2 79.4
4937.9 -5370.8 79.7
-4278.1 553.8 149.1
-4270.1 541.1 149.2
-4262.1 528.4 149.4
-4249.5 508.4 149.6
-6613.8 -6961.6 145.9
-6604.1 -6973.0 145.6
-6594.3 -6984.4 145.3
-6584.5 -6995.7 145.0
-6574.7 -7007.1 144.7
-6564.9 -7018.5 144.4
-6555.2 -7029.9 144.1
-6545.5 -7041.4 143.8
-6535.8 -7052.8 143.5
-6526.1 -7064.2 143.2
-6516.4 -7075.7 142.9
-6506.7 -7087.1 142.6
-6494.7 -7101.3 142.9
-5134.9 7417.0 130.0
-5139.2 7402.7 130.0
-5143.6 7388.3 129.9
-5147.9 7374.0 129.9
-5152.3 7359.6 129.8
-5156.6 7345.3 129.7
-5161.0 7330.9 129.5
-5165.3 7316.6 129.2
-5169.7 7302.2 128.8
-5160.7 7293.0 129.0
-5147.9 7285.2 129.2
-5133.8 7280.6 129.4
-5119.1 7277.3 129.7
-5104.5 7274.0 129.9
-5089.9 7270.7 130.1
-5075.1 7268.2 130.3
-5061.2 7270.3 130.4
-5062.0 7283.9 130.3
-5065.4 7298.5 130.3
-5068.8 7313.1 130.3
-5072.1 7327.8 130.3
-5080.6 7338.8 130.2
-5104.0 7354.4 129.9
1777.7 -4609.6 105.9
1836.3 -4575.2 105.1
1760.5 -4574.2 102.6
1837.7 -4562.8 104.1
1778.0 -4563.7 102.3
1821.0 -4544.2 102.2
1775.6 -4544.2 100.7
1807.7 -4528.5 100.5
1762.3 -4530.3 100.6
1670.5 -4535.9 110.5
1654.2 -4531.4 112.6
1702.9 -4514.3 108.4
1738.8 -4501.2 105.3
1686.7 -4505.5 110.8
1768.9 -4484.6 103.2
1761.9 -4484.5 103.9
1665.8 -4490.3 114.3
1787.8 -4477.4 101.6
1754.0 -4476.4 105.4
1699.0 -4462.2 112.5
1762.5 -4446.6 106.6
