6780.8 -7900.8 8.5
-5841.5 -3126.1 35.0
-5824.0 -3120.9 34.6
-2936.0 -4809.9 26.7
-2829.5 -5046.4 27.6
-2825.9 -5037.7 27.5
-5800.6 -3120.6 34.2
-2908.8 -4894.5 26.6
-2829.2 -5054.1 27.6
-2831.9 -5038.8 27.5
-2862.1 -5058.8 28.0
6933.0 -7906.1 8.1
6799.8 -7908.9 8.7
-2848.7 -5058.6 27.8
-3110.9 -5295.3 33.7
-5827.9 -3135.0 34.9
1091.8 -3014.0 23.3
-3099.1 -5273.0 33.6
1102.3 -3030.3 23.4
6789.3 -7898.0 8.4
2069.8 3892.4 30.2
984.8 -2926.5 24.3
-6444.5 7001.8 15.8
-6465.5 6979.6 15.9
-6421.5 7026.4 15.7
-6389.9 7056.3 15.5
-5801.6 -3129.7 34.3
-6112.3 -3385.6 43.5
-6437.6 7009.2 15.8
-6452.4 6994.1 15.9
-6421.0 7007.1 15.7
-6472.1 6972.4 16.0
-6414.5 7033.6 15.7
2771.9 7153.0 43.1
-6478.4 6963.7 16.0
-6406.4 7042.4 15.6
-2821.5 -5051.3 27.5
-2840.7 -5052.7 27.7
1095.1 -3019.3 23.4
1098.9 -3024.9 23.4
1105.4 -3035.1 23.4
1109.4 -3041.3 23.4
-3124.0 -5320.3 33.9
-3114.5 -5302.2 33.8
-3117.7 -5308.2 33.8
-3102.8 -5280.4 33.6
-6421.0 7018.8 15.7
-6417.5 7003.8 15.7
-6458.4 6987.4 15.9
-6430.4 7016.0 15.7
-6398.7 7048.6 15.6
-3121.2 -5315.0 33.8
-3106.2 -5287.0 33.7
-2834.7 -5050.9 27.6
-2827.0 -5031.0 27.4
6795.5 -7902.1 8.5
-82.6 -3200.5 26.4
-86.0 -3185.9 26.4
-89.4 -3171.3 26.3
-92.8 -3156.6 26.0
-96.2 -3142.0 25.8
-99.6 -3127.4 25.9
-104.4 -3106.6 26.3
6935.0 -8742.8 19.2
6936.9 -8748.9 19.3
6942.8 -8747.1 19.2
6932.2 -8735.5 19.1
6922.0 -8705.7 18.8
6919.4 -8699.0 18.7
6917.3 -8692.5 18.6
6923.0 -8690.7 18.6
6917.6 -8676.6 18.4
6912.5 -8678.3 18.5
6902.9 -8649.3 18.2
6949.6 -8744.6 19.2
6961.0 -8741.0 19.4
2681.3 7141.2 46.8
1236.7 7633.7 154.4
1220.0 7633.1 154.3
1239.2 7664.1 158.3
1242.1 7677.3 161.1
1244.1 7691.9 164.2
1205.0 7693.0 162.7
1192.6 7687.8 161.1
1227.1 7711.5 167.5
1267.0 7723.1 166.3
1258.5 7740.4 168.4
1289.1 7771.3 165.4
7087.9 -9220.9 22.9
7037.2 -9221.1 21.1
7031.8 -9221.0 20.9
7007.7 -9226.5 19.8
7113.0 -9208.0 24.2
7204.8 -9193.7 24.8
7173.0 -9194.3 25.7
7164.4 -9195.0 25.9
7115.7 -9194.6 24.8
7144.5 -9181.0 26.3
7136.2 -9182.3 26.0
7085.5 -9181.3 24.2
7069.5 -9178.3 23.7
7061.8 -9182.8 23.3
7179.9 -9168.0 26.3
7158.2 -9166.4 26.9
7151.9 -9167.0 27.1
7129.8 -9168.9 26.2
7100.6 -9162.9 25.4
7074.8 -9168.9 24.3
7144.4 -9153.6 27.3
7116.8 -9152.5 26.4
7074.0 -9144.9 25.1
7029.9 -9145.3 22.9
7251.3 -9131.4 23.7
7235.3 -9129.8 24.7
7190.5 -9135.1 26.9
7176.2 -9138.0 27.2
7070.1 -9136.5 25.3
7041.5 -9131.6 23.8
6981.9 -9135.7 19.6
6966.6 -9133.2 18.6
7225.5 -9119.9 25.4
7054.6 -9124.3 24.7
7043.1 -9116.7 24.0
7012.1 -9115.0 21.8
6952.6 -9116.0 17.7
7239.6 -9103.6 24.5
7222.4 -9108.4 25.6
7160.2 -9100.8 28.8
7043.2 -9107.8 24.0
6962.2 -9106.8 18.5
7247.2 -9087.5 23.4
7238.4 -9086.7 24.2
7221.6 -9094.6 25.6
7150.9 -9085.4 29.5
7097.9 -9089.2 27.9
7059.0 -9085.7 25.3
7012.1 -9091.7 22.0
6982.5 -9093.4 19.9
6952.8 -9085.3 17.9
6937.9 -9093.2 17.4
7193.8 -9077.4 27.4
7144.6 -9074.5 30.0
7120.9 -9074.6 29.3
7084.2 -9079.3 27.1
7072.4 -9074.6 26.3
7057.2 -9079.2 25.2
7001.2 -9079.0 21.3
7204.8 -9056.1 25.7
7193.5 -9058.8 26.8
7099.4 -9061.1 28.2
7067.3 -9056.3 26.0
7055.6 -9058.6 25.2
7029.3 -9056.5 23.4
6998.6 -9061.7 21.2
6968.0 -9059.1 19.1
7163.2 -9048.0 29.0
7143.7 -9044.8 30.5
7128.4 -9049.1 30.3
7086.3 -9041.2 27.4
7060.9 -9045.6 25.6
7008.7 -9043.6 22.1
6993.6 -9048.9 21.0
7188.4 -9034.0 26.1
7176.9 -9028.6 26.8
7132.5 -9025.8 30.1
7118.8 -9028.3 29.8
7039.9 -9031.3 24.3
7239.7 -9014.9 20.6
7189.3 -9018.8 25.2
7181.6 -9010.9 25.5
7148.2 -9018.5 28.7
7113.9 -9012.1 29.2
6996.7 -9015.3 21.4
6963.7 -9015.1 19.1
6937.4 -9009.9 17.9
7234.7 -8999.3 20.3
7135.9 -9000.2 28.8
7121.8 -8998.8 28.7
6966.8 -9004.1 19.4
6938.1 -8999.2 18.0
7564.7 -8986.3 15.6
7538.7 -8982.4 15.2
7233.1 -8982.3 19.5
7207.0 -8984.8 21.9
7189.0 -8984.6 23.4
7176.0 -8989.0 24.8
7163.8 -8984.3 25.6
7022.0 -8986.3 23.3
7001.3 -8980.3 21.9
6947.5 -8983.0 18.4
7519.4 -8971.1 14.4
7337.8 -8971.9 15.2
7238.5 -8971.6 18.5
7189.9 -8966.3 22.4
7174.1 -8968.4 23.9
7101.5 -8974.5 27.4
7070.9 -8969.3 26.7
7026.8 -8967.6 23.8
7016.3 -8966.5 23.1
6997.5 -8968.4 21.8
6950.6 -8967.0 18.6
6917.9 -8970.5 17.5
7517.6 -8956.3 14.0
7509.5 -8951.3 13.7
7346.6 -8959.5 15.2
7280.6 -8955.6 16.2
7219.0 -8955.0 19.3
7068.4 -8952.4 25.9
7058.3 -8958.5 26.0
7536.9 -8939.8 13.9
7472.3 -8939.7 13.3
7402.3 -8938.2 14.4
7368.2 -8940.5 14.9
7358.4 -8937.1 15.1
7247.1 -8942.0 17.0
7204.1 -8940.8 19.8
7180.0 -8937.2 21.7
6984.0 -8937.4 21.0
6949.9 -8939.5 18.8
6920.3 -8941.1 17.8
7586.7 -8922.9 14.5
7549.2 -8922.0 13.7
7525.3 -8923.9 13.3
7475.2 -8928.3 13.3
7451.8 -8928.7 13.7
7368.3 -8920.6 15.0
7360.6 -8929.2 15.1
7253.5 -8926.4 16.8
7235.6 -8922.6 17.2
7134.1 -8926.8 25.1
7103.5 -8926.6 25.3
7089.3 -8921.8 24.8
7022.5 -8921.6 23.8
7014.1 -8926.9 23.2
6997.6 -8926.3 22.0
6925.6 -8922.8 18.1
7474.3 -8913.8 13.4
7427.7 -8910.7 14.2
7420.0 -8910.0 14.3
7400.6 -8911.6 14.6
7386.3 -8913.9 14.8
7352.9 -8905.4 15.4
7322.8 -8913.0 15.8
7312.1 -8910.8 16.0
7292.8 -8905.2 16.3
7281.3 -8914.7 16.4
7247.1 -8911.9 17.0
7207.3 -8906.3 18.2
7101.3 -8906.9 24.3
7083.4 -8913.0 24.4
7071.9 -8906.5 23.9
6939.0 -8905.2 18.6
6920.5 -8914.7 17.9
7508.9 -8892.7 13.0
7475.9 -8896.8 13.5
7417.9 -8893.7 14.4
7316.2 -8891.0 16.0
7281.4 -8899.0 16.5
7086.9 -8895.2 23.6
7028.1 -8892.5 22.7
7011.2 -8892.3 22.5
6956.3 -8890.4 19.4
6937.9 -8899.5 18.6
6917.2 -8892.1 18.5
7563.3 -8881.0 12.9
7550.2 -8881.0 12.7
7437.0 -8882.6 14.2
7343.5 -8882.3 15.6
7315.9 -8877.5 16.1
7294.4 -8880.6 16.4
7284.9 -8884.6 16.6
7219.6 -8884.3 17.6
6977.9 -8876.0 21.0
6920.3 -8875.4 18.9
7548.5 -8865.0 12.5
7517.9 -8861.7 13.0
7495.7 -8864.2 13.3
7436.1 -8861.3 14.3
7419.3 -8867.9 14.5
7369.4 -8867.9 15.3
7357.2 -8864.2 15.5
7337.4 -8866.5 15.8
7315.8 -8860.2 16.2
7299.6 -8865.0 16.4
7249.3 -8864.3 17.2
7042.8 -8864.0 21.6
6980.5 -8864.8 20.8
6935.6 -8860.1 19.2
7579.8 -8853.1 12.5
7550.6 -8849.4 12.6
7505.3 -8845.3 13.3
7488.6 -8850.7 13.5
7462.0 -8854.7 13.9
7278.9 -8854.6 16.8
7255.9 -8845.7 17.2
7088.2 -8853.8 21.8
6978.4 -8849.1 20.1
7517.4 -8836.6 13.2
7493.0 -8832.7 13.6
7428.0 -8835.9 14.6
7397.1 -8838.4 15.0
7382.3 -8834.8 15.3
7339.3 -8836.4 16.0
7324.3 -8835.8 16.2
7283.5 -8834.9 16.8
7265.2 -8835.5 17.1
7211.2 -8832.7 18.0
7265.8 -8821.5 17.2
7253.7 -8821.5 17.4
7232.3 -8816.2 17.8
7488.1 -8806.2 13.5
7388.0 -8803.0 14.8
7372.7 -8800.1 14.8
7370.6 -8789.5 14.1
7293.9 -8788.6 15.2
7280.9 -8791.8 15.7
7476.5 -8772.1 13.8
7383.7 -8778.8 15.2
7367.0 -8776.8 15.4
7322.1 -8775.4 14.9
7308.9 -8777.4 14.8
7401.2 -8761.4 14.8
7466.0 -8748.9 13.9
7338.5 -8742.9 16.1
7399.2 -8729.6 14.8
7390.7 -8733.1 14.9
7368.1 -8732.1 15.3
7353.9 -8734.5 15.8
6713.7 -7918.2 8.2
6733.0 -7888.0 7.9
6713.5 -7893.3 7.8
6705.6 -7879.6 7.5
6928.2 -7803.5 8.8
6908.2 -7809.6 8.8
6853.8 -7813.1 8.6
6941.2 -7790.0 8.6
6869.2 -7794.4 8.6
6893.3 -7783.0 8.5
6878.2 -7763.1 8.3
6859.6 -7760.4 8.2
6849.0 -7764.7 8.3
6883.9 -7745.5 8.0
6861.8 -7748.0 8.1
6853.5 -7743.6 8.0
6891.1 -7734.8 7.9
6878.6 -7736.5 7.9
6860.3 -7731.3 7.8
-5776.0 -3277.9 36.1
-5761.0 -3264.4 35.5
-5771.3 -3262.5 35.7
-5777.2 -3249.2 35.6
-5746.9 -3235.2 34.8
-5758.5 -3239.9 35.0
-2862.1 -4867.0 26.5
-2824.8 -4851.8 26.4
-2860.0 -4860.0 26.5
-2831.4 -4840.1 26.4
-2876.4 -4821.8 26.5
-2825.8 -4798.5 26.2
-2839.3 -4800.7 26.3
