-336.7 449.5 17.0
-315.9 458.0 17.2
-335.0 455.6 17.0
-340.8 454.0 16.9
-284.1 467.1 17.6
-313.1 467.1 17.2
-264.8 475.4 17.6
-230.3 493.3 17.6
-200.1 501.9 17.6
-44.4 526.4 17.8
-77.9 530.7 17.3
-25.1 558.0 18.0
-48.9 558.9 17.7
-53.5 557.5 17.6
-35.7 568.1 17.8
-17.8 576.6 18.1
-26.4 608.9 17.7
-39.2 660.1 17.0
-48.5 699.5 16.5
-48.6 707.5 16.4
-19.2 714.3 16.6
-33.2 719.0 16.4
-38.5 718.7 16.4
-32.9 729.5 16.3
-43.9 724.2 16.3
-49.7 726.4 16.2
-71.7 778.3 15.8
-76.4 786.6 15.7
-82.5 808.3 15.7
-76.5 871.6 16.0
-92.4 866.9 15.8
-73.2 887.8 16.0
-92.8 889.7 15.8
-103.1 889.8 15.7
-76.5 897.5 16.0
-90.7 900.7 15.9
-105.0 897.9 15.7
-111.9 903.0 15.6
-56.3 907.4 16.3
-80.8 909.2 16.0
-93.0 909.5 15.9
-101.7 908.3 15.7
-63.2 922.6 16.2
-111.3 927.0 15.7
-121.9 940.4 15.6
-80.7 961.8 16.1
-93.5 962.5 16.0
-130.7 961.5 15.5
-83.7 972.6 16.1
-132.9 997.3 15.6
-101.4 1010.0 15.8
-116.6 1009.2 15.7
-133.3 1006.6 15.6
-146.7 1010.4 15.5
-116.7 1019.8 15.8
-124.5 1017.6 15.8
-134.6 1020.7 15.7
-153.4 1023.0 15.6
-151.4 1028.2 15.6
-153.7 1038.1 15.6
4268.3 7913.0 41.1
4263.1 7913.8 41.1
4250.7 7913.1 41.0
4227.8 7915.9 41.0
4222.3 7915.8 41.0
4263.9 7925.1 41.4
4210.4 7926.9 40.9
4270.0 7933.1 41.6
4257.6 7934.9 41.4
4201.8 7934.0 40.6
4263.4 7945.2 41.1
4243.1 7946.7 40.8
4201.7 7944.1 40.3
4258.1 7956.2 40.8
4249.1 7956.4 40.7
4231.5 7955.1 40.5
4223.5 7957.4 40.4
4243.5 7966.4 40.5
4210.3 7967.3 40.0
4252.0 7976.7 40.4
4242.7 7976.1 40.2
4217.7 7973.7 39.9
4203.8 7974.3 39.7
4248.7 7987.7 40.0
4241.4 7988.2 39.9
4232.1 7983.1 39.9
4209.9 7986.9 39.5
4197.8 7987.4 39.3
4240.9 7992.3 39.8
4203.5 7992.9 39.3
4241.7 8003.6 39.6
4212.0 8006.8 39.1
4299.8 7920.3 41.4
4300.2 7932.7 41.7
4208.5 7910.6 40.8
4200.6 7907.6 40.7
4189.4 7910.8 40.7
4198.5 7918.4 41.0
4189.8 7916.9 40.9
4163.0 7927.2 40.2
4151.1 7928.7 40.0
4161.8 7940.4 39.8
4152.8 7937.9 39.8
4150.2 7948.5 39.6
4141.9 7946.0 39.5
4121.0 7945.8 39.2
4108.8 7947.1 39.0
4148.9 7961.9 39.2
4142.0 7961.0 39.1
4131.2 7959.2 38.9
4103.9 7958.8 38.5
4070.7 7959.0 38.0
4063.3 7960.6 37.9
4079.9 7968.6 38.0
4039.3 7968.3 37.4
4160.2 7979.7 38.9
4151.0 7978.2 38.8
4131.0 7978.6 38.5
4123.1 7976.2 38.4
4109.1 7976.2 38.2
4103.6 7978.3 38.1
4091.3 7979.6 37.9
4078.5 7979.5 37.8
4071.8 7979.0 37.7
4062.4 7980.7 37.5
4112.6 7985.7 38.1
4141.6 7999.6 38.3
4082.2 8011.2 37.2
4069.4 8005.5 37.1
4127.7 8028.0 37.7
4108.4 8026.9 37.4
4102.6 8030.3 37.4
4091.9 8026.3 37.2
306.8 99.4 19.7
299.3 108.9 19.7
285.7 131.0 19.9
286.7 139.1 19.9
345.3 151.3 20.1
314.4 153.2 20.1
306.3 153.6 20.1
348.7 158.9 20.2
338.3 162.5 20.3
308.2 159.0 20.2
295.9 160.3 20.2
275.7 163.6 20.3
430.7 173.8 20.5
414.5 168.5 20.4
310.2 170.0 20.5
297.9 168.2 20.4
290.6 168.3 20.4
344.5 181.8 20.7
336.8 179.0 20.7
270.5 177.8 20.7
248.0 178.9 20.7
234.7 178.7 20.7
415.8 187.3 20.9
345.3 189.9 20.9
274.8 188.3 20.8
264.2 193.1 20.9
237.8 191.3 20.8
415.1 198.7 21.1
265.7 201.9 20.9
239.1 200.3 20.9
414.5 220.6 21.4
377.1 220.1 21.3
359.8 219.5 21.3
345.3 220.1 21.3
398.3 257.1 21.6
475.2 287.1 22.0
278.0 217.7 21.1
289.2 228.4 21.1
292.1 243.1 21.2
277.8 244.7 21.2
272.4 248.0 21.2
261.6 246.5 21.1
293.1 255.2 21.3
318.5 264.4 21.4
308.9 267.2 21.4
288.3 267.4 21.3
268.6 264.8 21.2
261.6 262.6 21.2
312.2 277.7 21.4
280.9 278.8 21.4
262.9 272.4 21.3
253.3 277.8 21.4
248.3 283.8 21.5
253.4 294.8 21.5
222.6 297.5 21.3
247.5 309.1 21.3
247.4 312.8 21.2
253.2 328.3 21.0
247.9 353.8 21.0
269.2 367.4 21.0
279.7 372.7 20.9
376.1 456.1 21.4
364.8 458.2 21.5
388.4 465.8 21.2
405.8 488.9 21.0
398.4 488.3 21.0
364.9 485.2 21.3
358.3 488.2 21.2
394.2 498.2 20.9
384.5 496.5 21.0
378.8 499.7 21.1
426.1 507.9 20.7
404.5 505.7 20.9
394.1 509.5 21.0
369.8 508.3 21.1
378.7 527.6 21.0
330.9 564.4 21.1
337.6 575.0 21.1
329.9 572.6 21.1
317.9 574.2 21.0
316.8 585.5 20.8
320.2 591.7 20.7
338.8 614.4 20.5
370.6 621.7 20.6
435.3 684.7 20.1
423.9 711.1 19.8
413.2 711.6 19.7
425.7 719.9 19.8
296.2 689.9 19.1
273.2 689.7 18.9
336.1 708.1 19.1
357.5 717.6 19.2
336.6 717.3 19.1
357.1 728.5 19.2
375.4 739.7 19.3
364.9 747.5 19.1
236.4 749.8 18.1
355.0 762.7 19.1
343.3 760.3 19.0
235.7 761.6 18.2
223.6 762.4 18.1
386.3 769.0 19.5
345.1 771.5 19.2
411.9 782.0 19.8
404.8 778.8 19.7
346.5 782.6 19.3
242.2 778.5 18.5
234.1 778.6 18.4
223.8 776.9 18.3
412.4 789.2 19.9
407.4 792.1 19.9
397.8 791.6 19.8
234.5 787.8 18.6
222.9 787.6 18.5
218.0 789.1 18.5
304.9 799.4 19.2
228.0 797.8 18.6
302.2 808.2 19.3
296.5 810.7 19.3
287.2 807.4 19.2
216.1 809.2 18.7
204.3 812.5 18.7
143.2 806.5 18.1
291.7 816.4 19.4
207.3 817.0 18.7
265.1 840.7 19.5
343.1 849.1 20.2
277.3 850.4 19.7
263.6 848.1 19.6
241.9 848.1 19.4
255.6 860.0 19.7
244.6 861.6 19.6
233.4 861.7 19.5
222.0 859.0 19.4
295.0 869.9 20.1
275.4 867.1 19.9
244.9 868.0 19.7
236.3 869.2 19.6
225.2 871.8 19.6
246.7 877.6 19.8
253.7 909.6 20.0
247.3 908.0 19.9
257.4 940.1 20.0
514.5 375.6 21.6
529.7 387.8 21.1
515.6 383.7 21.4
504.2 384.2 21.6
496.6 384.8 21.7
534.0 392.1 20.9
524.8 394.9 21.0
507.5 396.1 21.2
594.8 407.0 19.6
504.9 403.8 21.1
593.2 414.8 19.5
543.2 411.7 20.3
525.2 417.0 20.5
508.5 418.0 20.8
548.5 422.5 20.1
536.1 422.1 20.3
523.9 427.8 20.4
595.1 432.3 19.2
526.4 434.8 20.2
515.7 433.4 20.4
504.8 436.7 20.5
586.8 512.1 19.5
531.4 510.0 19.9
550.9 529.4 19.7
586.3 540.0 19.5
571.8 543.7 19.6
550.7 537.8 19.8
576.2 549.4 19.7
572.5 549.2 19.7
562.6 553.2 19.9
546.3 549.5 19.8
571.3 558.4 20.0
538.4 572.0 20.0
530.7 582.2 20.0
581.1 602.9 19.9
582.0 607.8 19.9
581.5 644.0 19.9
556.6 640.0 20.0
570.9 653.8 20.0
556.3 649.5 20.0
567.5 659.0 20.1
559.0 659.3 20.2
567.5 671.0 20.3
561.7 671.2 20.3
559.3 680.9 20.5
578.0 688.0 20.4
572.1 712.1 20.3
541.0 712.1 20.9
4578.7 7056.1 46.0
4560.2 7063.0 46.0
4559.6 7075.1 46.0
4498.6 7084.3 45.7
4489.3 7082.6 45.6
4572.6 7090.3 46.0
4560.7 7095.8 45.9
4499.5 7092.4 45.8
4490.7 7092.2 45.7
4469.8 7095.3 45.5
4450.4 7092.3 45.3
4452.9 7104.1 45.4
4442.6 7106.1 45.3
4499.5 7116.1 45.7
4522.0 7125.7 45.7
4533.6 7130.0 45.8
4444.3 7134.7 45.5
4429.8 7134.0 45.4
4470.2 7156.1 45.5
4429.7 7151.8 45.4
4419.5 7163.8 45.4
4430.7 7176.1 45.3
4418.8 7182.8 45.3
4443.2 7190.3 45.3
4430.9 7192.1 45.3
4420.1 7194.4 45.0
4448.9 7201.9 44.8
4441.8 7204.2 44.6
4411.8 7222.5 43.3
4421.0 7233.8 43.0
4410.5 7234.4 42.8
4402.7 7232.8 42.8
4391.9 7234.5 42.5
4421.4 7240.2 42.7
4413.6 7245.9 42.3
4401.7 7241.3 42.3
4389.4 7243.3 42.1
4411.4 7254.6 41.8
4404.0 7253.2 41.8
4394.9 7252.7 41.7
4420.6 7260.2 41.7
4411.6 7261.8 41.5
4403.5 7261.2 41.4
4394.2 7263.5 41.2
4448.6 7272.3 41.6
4428.9 7269.8 41.4
4419.5 7269.8 41.3
4404.1 7270.8 41.0
4383.7 7271.7 40.7
4398.6 7280.1 40.6
4390.9 7281.5 40.4
4380.5 7282.9 40.2
4410.7 7290.5 40.3
4391.6 7292.7 40.0
4429.2 7300.2 40.3
4372.8 7302.1 39.6
4399.8 7315.3 40.1
4385.0 7310.8 39.8
4454.8 7325.2 41.0
4441.5 7321.3 40.8
4373.5 7324.7 39.7
4449.4 7334.6 41.0
4430.6 7329.7 40.7
4380.4 7334.8 39.9
4369.3 7335.8 39.8
4389.7 7342.3 40.2
4385.0 7341.3 40.1
4374.3 7345.2 39.9
4362.6 7344.6 39.7
4380.5 7349.6 40.0
4361.1 7350.3 39.8
4441.2 7371.2 41.2
4379.3 7372.3 40.2
4364.3 7372.7 40.0
4410.2 7383.9 40.8
4373.4 7385.6 40.3
4359.8 7381.1 40.0
4404.0 7393.3 40.8
4364.0 7403.6 40.3
4374.0 7415.3 40.5
4361.5 7411.9 40.3
4394.2 7420.4 40.9
4380.4 7422.9 40.7
4369.2 7423.3 40.5
4342.0 7425.8 40.4
4419.6 7432.3 41.4
4390.4 7430.3 40.9
4379.8 7432.0 40.8
4364.2 7434.6 40.6
4349.2 7429.7 40.3
4349.3 7440.9 40.4
4340.0 7445.5 40.5
4371.0 7453.9 40.8
4364.3 7451.1 40.7
4340.8 7455.9 40.6
4381.2 7461.5 41.1
4341.5 7465.3 40.6
4430.1 7469.9 41.9
4359.1 7475.2 40.8
4352.2 7469.8 40.7
4344.0 7492.6 40.8
4354.8 7501.4 41.0
4341.2 7503.2 40.8
4342.3 7511.9 40.9
4332.1 7512.3 41.0
4344.0 7520.2 41.0
4330.1 7521.2 41.1
4332.6 7531.1 41.1
4322.4 7535.5 41.1
4344.2 7544.9 41.2
4333.9 7545.6 41.2
4339.2 7554.7 41.2
4333.4 7551.1 41.2
4381.0 7565.5 42.0
4359.2 7565.1 41.6
4389.3 7576.0 42.2
4382.6 7569.7 42.0
4373.1 7574.8 41.9
4370.4 7585.9 42.0
4342.0 7585.5 41.6
4335.0 7581.5 41.4
4342.7 7592.3 41.6
4404.0 7600.6 42.5
4361.5 7604.3 42.0
4341.2 7602.6 41.7
4328.9 7604.9 41.5
4322.9 7604.4 41.2
4354.7 7613.5 41.8
4324.9 7613.9 41.4
4372.1 7623.5 42.1
4320.5 7622.6 41.3
4312.0 7619.6 40.6
4349.8 7632.2 41.9
4344.6 7635.5 41.8
4320.5 7636.0 41.6
4333.5 7641.6 41.7
4302.5 7644.4 40.1
4330.9 7653.6 41.7
4321.3 7654.0 41.6
4304.3 7650.2 40.7
4315.0 7664.3 41.6
4369.1 7675.9 42.2
4319.4 7684.5 41.7
4314.4 7680.0 41.6
4304.4 7684.4 41.6
4292.6 7683.2 40.9
4360.1 7692.7 42.2
4284.4 7693.6 40.4
4294.7 7701.4 41.5
4324.7 7713.9 41.9
4282.6 7715.9 41.4
4281.3 7719.6 41.4
4280.5 7729.6 41.5
4311.2 7755.9 41.9
-93.9 -62.4 19.0
51.2 87.0 19.2
39.6 100.5 19.3
-156.5 95.9 19.0
-113.5 117.4 19.3
-114.3 130.5 19.5
-213.3 140.0 19.3
-102.5 146.9 19.6
-113.5 148.6 19.6
-123.4 152.2 19.6
-214.7 147.0 19.4
-54.2 160.3 19.8
-113.0 161.5 19.6
-123.7 161.6 19.6
-8.1 171.5 20.0
-107.8 167.9 19.7
-112.1 180.4 19.9
-26.6 189.2 20.0
85.5 95.8 19.4
124.5 105.8 19.5
115.6 105.5 19.5
88.9 105.2 19.4
124.4 118.9 19.5
96.5 120.0 19.5
86.2 118.6 19.5
144.4 128.8 19.6
137.7 129.3 19.6
87.6 126.3 19.5
175.2 137.7 19.7
139.1 137.4 19.7
125.8 141.5 19.8
105.8 140.8 19.8
235.6 150.5 20.0
186.3 148.3 20.0
174.1 146.7 19.9
169.3 150.1 20.0
138.1 146.6 20.0
124.1 145.8 19.9
145.6 170.9 20.4
135.1 168.8 20.4
129.8 170.2 20.4
118.6 171.7 20.4
109.1 169.2 20.3
99.5 170.0 20.3
113.2 214.0 20.5
95.2 213.6 20.5
85.2 213.8 20.5
15.3 213.8 20.4
-5.7 212.3 20.4
-10.1 218.8 20.5
171.1 228.2 20.8
95.1 230.6 20.7
183.1 244.0 20.9
170.4 252.9 21.0
125.2 253.9 21.0
126.4 258.5 21.1
144.7 271.8 21.3
-29.9 223.0 20.6
51.8 264.1 21.0
22.3 267.2 20.8
9.9 267.2 20.8
1.5 267.4 20.7
63.8 276.0 20.9
60.1 291.3 20.6
63.3 303.1 20.5
-77.8 305.0 19.8
-89.8 301.3 19.8
-66.8 311.4 19.7
-77.4 313.1 19.6
-95.9 314.6 19.5
64.6 325.7 20.1
-57.3 323.9 19.6
-84.8 323.1 19.4
55.7 354.3 19.9
26.0 352.4 19.6
-6.6 353.2 19.4
-14.2 354.7 19.4
-96.3 355.8 18.9
22.3 362.9 19.7
14.5 365.7 19.6
1.8 364.4 19.5
-69.5 361.5 19.1
-78.9 365.7 19.1
-88.9 362.6 19.0
60.0 373.8 19.8
-88.3 371.1 19.0
52.2 422.0 18.5
9.9 445.7 18.2
34.5 454.9 18.7
25.7 451.9 18.5
47.5 566.2 18.9
36.0 572.1 18.7
29.8 582.1 18.6
55.6 603.5 18.6
8.2 715.7 16.8
3.6 725.2 16.6
112.2 785.6 17.6
83.6 786.0 17.4
63.9 784.1 17.2
123.5 795.7 17.8
61.0 793.8 17.3
52.9 796.3 17.3
74.5 802.6 17.6
62.6 804.6 17.5
41.2 805.4 17.2
32.2 805.1 17.1
72.5 813.7 17.6
35.5 810.6 17.2
56.2 824.3 17.4
91.4 833.3 17.9
65.1 832.8 17.6
56.4 831.4 17.5
102.4 844.2 18.0
44.0 843.3 17.3
85.5 853.3 17.9
61.1 850.1 17.6
93.1 861.8 18.0
55.6 862.5 17.5
136.4 874.1 18.5
106.8 874.3 18.2
145.6 882.6 18.7
136.0 882.1 18.5
186.1 890.6 19.2
140.7 890.0 18.6
132.8 893.0 18.5
111.1 896.4 18.3
162.2 905.7 18.9
151.0 901.1 18.8
106.1 904.9 18.2
-7.0 904.3 16.9
153.1 914.2 18.8
1.8 913.8 17.0
103.8 921.9 18.3
42.2 922.9 17.5
35.3 922.7 17.4
25.8 925.9 17.3
-16.1 921.9 16.8
43.1 934.5 17.6
14.5 931.9 17.2
-16.6 935.4 16.8
161.1 941.8 19.0
154.1 943.8 18.9
64.2 955.9 17.8
54.7 951.6 17.7
45.9 951.3 17.6
165.6 960.3 19.0
155.0 963.3 18.8
63.9 964.3 17.8
55.4 962.2 17.7
44.3 961.3 17.6
65.6 972.4 17.8
166.9 980.8 19.0
-332.9 805.9 14.9
-114.9 816.2 15.6
-211.0 831.6 15.3
-301.2 832.7 15.0
-245.6 856.2 15.2
-262.7 853.6 15.1
-270.2 851.1 15.1
-125.7 866.2 15.6
-130.2 866.6 15.6
-204.2 862.6 15.3
-192.9 673.6 16.2
-204.4 679.6 16.7
-202.4 684.7 16.8
-199.8 706.3 17.4
-123.6 779.5 15.6
-134.1 776.8 15.6
-110.0 786.1 15.6
-114.3 799.8 15.6
-122.9 794.4 15.6
-130.2 795.0 15.6
-140.0 795.1 15.5
-165.0 783.6 15.5
-149.7 793.6 15.5
-164.8 790.0 15.5
-175.8 800.5 15.4
-157.6 823.7 15.5
-166.4 820.4 15.5
-176.8 819.4 15.4
-199.9 821.7 15.3
4906.7 7502.7 43.2
4915.9 7512.3 43.1
4916.7 7522.3 43.0
4953.8 7533.0 42.3
4946.8 7535.0 42.5
4924.7 7532.2 42.9
4958.4 7545.6 42.4
4937.1 7543.6 42.7
4965.8 7551.5 42.3
5003.1 7564.3 41.7
4988.4 7565.9 41.9
4935.1 7566.1 42.9
4923.9 7563.7 43.1
5007.7 7571.2 41.6
4947.3 7574.9 42.8
4976.4 7583.4 42.3
4958.7 7582.2 42.6
5062.8 7588.3 40.7
5079.3 7598.1 40.3
5063.8 7602.5 40.6
5055.8 7599.4 40.7
5089.8 7608.9 40.0
5085.1 7613.7 40.0
5031.6 7609.6 41.1
5120.9 7622.3 39.2
5110.1 7618.9 39.4
5073.6 7622.5 40.1
5055.6 7621.9 40.4
5021.2 7619.7 41.1
5124.1 7631.8 39.0
5060.4 7632.9 40.2
5082.2 7640.0 39.7
5072.8 7637.9 39.9
5060.8 7641.7 40.1
5053.7 7638.2 40.2
5135.7 7650.4 38.6
5115.0 7648.3 39.0
5050.7 7652.5 40.1
5041.0 7652.7 40.3
5169.9 7658.6 37.9
5159.3 7660.5 38.1
5171.6 7670.2 37.8
5144.5 7672.1 38.2
5109.5 7668.6 38.9
5069.3 7673.5 39.6
4999.7 7667.4 40.9
5200.2 7681.9 37.1
5190.7 7682.5 37.3
5141.0 7678.0 38.2
5101.4 7682.7 38.9
5085.0 7682.2 39.2
5031.4 7678.2 40.2
5003.3 7683.2 40.7
5201.9 7689.2 37.0
5152.7 7691.2 37.9
5103.7 7689.4 38.8
5082.9 7689.4 39.2
5043.1 7689.4 39.9
4995.5 7688.9 40.8
5221.2 7702.3 36.5
5205.1 7701.3 36.8
5052.7 7703.2 39.6
5023.9 7697.9 40.2
4994.3 7698.2 40.7
5229.9 7713.0 36.3
5220.8 7709.1 36.5
5184.4 7710.6 37.1
5085.4 7712.9 38.9
5063.9 7711.1 39.3
5053.4 7709.1 39.5
5030.5 7707.4 39.9
5020.4 7709.7 40.1
5010.5 7710.7 40.3
4993.3 7709.4 40.6
5129.5 7722.2 38.1
5122.2 7718.6 38.2
5089.9 7723.9 38.8
5062.1 7722.4 39.3
5054.7 7719.1 39.4
5043.6 7717.7 39.6
5030.3 7718.8 39.9
4989.7 7723.7 40.6
5220.7 7727.4 36.2
5184.0 7730.7 36.9
5154.7 7732.0 37.4
5103.7 7731.8 38.4
5063.3 7730.7 39.2
5035.3 7730.4 39.8
5003.0 7727.5 40.3
4994.0 7727.5 40.5
5240.6 7742.6 35.7
5129.4 7742.1 37.7
5073.9 7741.4 38.8
5002.9 7738.7 40.2
5115.3 7749.3 37.8
5104.3 7752.9 38.0
5095.3 7749.8 38.2
5064.0 7748.3 38.9
5019.7 7747.8 39.8
5045.4 7763.1 38.9
5079.4 7770.2 38.3
5071.7 7767.4 38.4
5032.9 7773.2 39.0
5065.7 7780.3 38.5
5050.7 7783.8 38.7
4988.3 7744.3 40.4
5019.9 7777.4 39.2
5011.7 7777.8 39.4
4972.0 7777.3 40.1
4957.0 7772.4 40.5
5002.2 7796.5 39.4
4978.7 7794.2 39.8
5002.8 7805.8 39.4
4967.1 7806.5 40.0
5020.1 7814.6 39.1
4997.5 7814.7 39.4
4980.2 7835.0 39.6
4967.1 7835.8 39.9
4961.8 7835.3 39.9
4952.9 7835.5 40.1
5007.1 7846.9 39.1
5000.2 7844.3 39.3
5001.7 7854.0 39.2
4931.0 7852.9 40.4
4968.5 7865.3 39.8
4948.0 7866.2 40.0
4981.2 7877.9 39.6
4919.0 7876.4 40.5
4918.3 7886.8 40.6
4948.2 7893.0 40.2
4917.0 7905.8 40.7
4930.7 7916.8 40.5
4931.6 7928.3 40.6
4937.1 7937.4 40.6
4897.6 7945.3 41.2
4956.4 7957.0 40.3
4906.6 7956.5 41.0
4911.4 7976.5 41.0
4887.4 7974.2 41.3
4922.4 7982.8 40.8
4900.1 7986.6 41.1
4887.9 7982.3 41.3
4922.2 7996.4 40.6
4899.8 7992.2 41.0
4877.9 8003.4 41.2
4900.0 8011.8 40.7
4880.7 8012.3 41.0
4959.7 7722.6 41.1
4947.8 7721.8 41.3
4957.1 7731.9 41.1
4951.0 7733.9 41.3
4929.8 7745.2 41.5
4916.4 7743.5 41.8
4931.6 7753.8 41.3
4940.3 7760.5 41.1
4931.0 7763.2 41.2
4920.1 7773.4 41.2
4899.5 7773.1 41.6
4932.2 7782.8 40.7
4939.4 7789.9 40.5
4936.4 7800.6 40.5
4919.8 7801.0 40.8
4887.8 7801.6 41.3
4919.1 7813.0 40.8
4908.6 7825.3 40.9
4907.1 7830.3 40.9
4897.0 7840.1 41.0
4889.2 7844.6 41.1
4916.3 7855.9 40.6
4911.6 7854.9 40.7
4908.4 7864.2 40.7
4898.1 7860.6 40.9
4906.5 7873.7 40.7
4891.7 7871.5 41.0
4897.8 7882.9 40.8
4901.4 7890.7 40.8
4888.0 7891.4 41.0
4898.3 7899.3 40.9
4888.6 7901.9 41.1
4888.0 7913.0 41.1
4896.4 7919.2 41.0
4879.0 7922.1 41.3
4869.7 7925.4 41.4
4889.8 7935.8 41.2
4881.1 7929.3 41.3
4868.5 7952.3 41.6
4881.7 7962.5 41.4
4862.0 7962.0 41.7
4852.0 7959.6 41.8
4876.9 7972.3 41.5
4869.1 7970.2 41.6
4858.0 7970.1 41.7
4871.4 7985.5 41.5
4860.2 7979.8 41.7
4860.5 8014.7 41.3
5001.4 7930.8 39.6
4979.9 7934.2 40.0
5005.4 7944.0 39.6
5025.4 7955.5 39.4
5013.3 7952.8 39.5
4972.0 7952.3 40.1
5031.9 7961.3 39.3
5004.9 7961.0 39.7
4995.2 7975.1 39.8
5019.7 7982.4 39.3
4990.5 7983.9 39.8
5039.8 7992.3 38.9
4993.3 7993.9 39.6
4981.3 7994.3 39.7
4965.4 7994.6 40.0
4965.3 8002.9 39.9
4951.8 8001.1 40.1
5093.9 8013.5 37.8
5079.9 8014.8 38.0
4994.1 8011.8 39.3
4932.9 8015.5 40.2
5002.4 8022.1 39.1
4989.1 8023.5 39.2
4984.2 8025.6 39.3
5073.0 8030.7 37.9
5063.1 8035.8 38.0
5045.1 8034.1 38.3
5033.6 8032.1 38.5
4990.6 8029.9 39.2
4972.5 8032.9 39.4
4963.2 8029.5 39.6
4930.2 8033.0 40.0
4922.8 8032.6 40.1
4909.5 8033.7 40.3
4903.2 8033.0 40.4
5064.9 8043.2 38.0
5044.2 8044.6 38.2
5035.1 8041.6 38.4
5000.5 8041.2 38.9
4990.7 8041.7 39.0
4963.2 8043.4 39.4
4929.8 8044.6 39.9
5072.4 8050.2 37.8
5062.4 8054.5 37.9
5020.0 8050.2 38.5
5010.7 8053.1 38.6
4982.6 8055.8 39.0
4951.7 8052.6 39.5
4933.4 8050.9 39.8
4922.8 8051.9 39.9
4883.8 8051.7 40.5
5053.0 8065.0 37.9
5039.9 8061.7 38.1
5033.8 8060.5 38.2
5003.7 8060.0 38.7
4990.9 8063.8 38.8
4982.1 8062.2 39.0
4920.8 8060.5 39.9
4914.7 8065.2 39.9
5064.2 8073.4 37.7
5045.0 8070.1 38.0
5030.1 8073.7 38.2
5019.8 8070.9 38.4
4968.9 8069.7 39.1
4920.2 8069.4 39.8
5079.2 8084.1 37.4
5071.1 8082.3 37.5
5049.2 8085.0 37.8
5041.1 8085.5 37.9
5021.5 8083.9 38.2
5001.4 8082.5 38.5
4992.6 8083.8 38.6
4984.7 8079.8 38.8
5060.7 8091.1 37.6
5039.0 8089.9 37.9
5029.4 8089.6 38.0
5015.5 8094.3 38.2
4995.2 8091.3 38.5
4974.9 8094.2 38.8
4877.0 8070.4 40.4
4861.4 8066.1 40.7
4903.3 8076.3 40.0
4895.8 8076.7 40.1
4865.3 8077.3 40.6
4856.7 8080.4 40.7
4847.9 8074.9 40.8
4932.8 8087.3 39.5
4926.7 8085.4 39.6
4916.1 8090.8 39.7
4896.6 8089.4 40.0
4882.4 8085.9 40.2
4847.8 8090.0 40.7
4834.1 8089.4 40.9
4942.8 8101.1 39.2
4985.9 8109.1 38.5
4977.9 8108.1 38.6
4943.7 8110.2 39.1
4937.2 8106.9 39.2
5003.4 8114.8 38.2
4991.8 8116.7 38.3
4971.4 8119.6 38.6
4952.9 8116.2 38.9
4937.1 8116.0 39.1
4826.6 8117.5 40.8
5017.8 8126.1 37.9
5006.2 8127.0 38.0
4977.7 8125.8 38.5
4962.8 8125.0 38.7
4957.3 8127.5 38.8
4945.2 8127.9 38.9
4816.3 8127.6 40.7
4964.4 8139.3 38.5
4945.1 8137.1 38.8
4826.4 8134.8 40.4
4976.1 8150.8 38.3
4955.2 8146.4 38.6
4944.7 8150.7 38.7
4822.4 8150.0 40.5
5045.0 8160.1 37.2
4986.8 8159.9 38.0
4976.7 8158.4 38.2
4963.1 8157.5 38.4
4955.0 8161.2 38.5
5057.8 8171.0 36.9
5044.0 8168.0 37.1
4985.1 8167.0 38.0
4956.6 8169.3 38.4
4944.8 8164.7 38.6
4937.1 8165.5 38.7
5054.3 8176.6 36.9
4977.3 8175.1 38.0
4966.0 8178.4 38.1
4935.5 8175.3 38.4
4875.0 8175.9 39.5
5061.8 8187.5 36.7
5042.1 8185.5 37.0
5033.2 8185.8 37.1
5025.0 8185.4 37.2
5012.6 8186.8 37.4
4986.0 8188.2 37.7
4961.4 8187.4 37.9
4943.0 8189.2 38.2
5055.9 8200.3 36.6
5031.7 8195.0 37.0
5022.0 8198.6 37.1
4996.6 8195.4 37.4
4982.1 8198.0 37.5
4976.4 8201.0 37.5
4965.5 8198.6 37.8
4951.7 8198.4 38.0
4941.8 8199.5 38.2
4935.9 8194.9 38.3
4922.8 8199.2 38.4
5047.0 8207.3 36.7
5035.4 8208.1 36.7
5004.3 8206.4 37.0
4974.5 8206.4 37.6
4954.6 8209.6 37.9
4934.2 8208.4 38.0
5052.6 8215.4 36.4
5037.2 8218.3 36.4
5022.3 8218.0 36.7
4992.4 8215.6 37.2
4977.1 8221.1 37.3
4965.0 8217.7 37.5
4952.6 8218.5 37.5
4947.5 8215.3 37.7
5052.9 8225.3 36.1
5043.4 8226.0 36.3
5034.1 8227.0 36.4
5022.5 8230.3 36.6
4982.4 8226.4 37.1
4972.0 8230.5 37.1
4955.9 8230.8 37.4
4942.1 8230.9 37.7
4936.8 8228.1 37.8
5055.2 8236.2 36.0
5032.8 8239.8 36.3
5003.8 8239.0 36.5
4984.4 8235.9 36.9
4962.8 8240.4 37.3
4941.9 8238.2 37.6
4937.1 8240.3 37.6
4923.2 8238.0 37.8
5045.6 8246.3 36.0
5034.3 8246.8 36.0
4983.6 8251.1 36.8
4976.0 8248.7 37.0
4962.7 8248.6 37.1
4942.2 8250.7 37.3
4933.7 8244.6 37.5
4912.0 8247.8 37.7
5042.9 8258.6 35.7
5034.6 8255.4 35.9
5026.0 8258.7 36.0
5004.8 8260.7 36.3
4971.7 8260.6 36.7
4932.7 8260.1 37.1
4927.1 8255.4 37.3
5013.4 8265.8 36.1
5002.1 8268.0 36.2
4976.3 8266.5 36.5
4987.3 8279.3 36.0
4994.8 8284.7 35.7
5112.6 7768.2 37.7
5100.1 7770.6 37.9
5141.2 7792.2 37.1
5129.3 7792.2 37.3
5109.4 7799.6 37.6
5098.3 7797.9 37.8
5108.7 7810.2 37.6
5087.6 7809.9 37.9
5110.1 7820.7 37.6
5099.7 7822.8 37.7
5068.6 7819.9 38.2
5151.7 7832.2 37.0
5116.5 7830.8 37.5
5080.3 7828.8 38.0
5148.9 7841.1 37.1
5131.2 7842.6 37.4
5107.0 7840.2 37.7
5072.3 7838.5 38.2
5132.7 7848.1 37.4
5118.0 7846.6 37.6
5097.1 7851.2 37.9
5132.2 7857.7 37.4
5098.4 7856.7 37.9
5027.4 7857.1 38.9
5158.0 7868.6 37.1
5098.6 7868.2 38.0
5092.0 7867.1 38.0
5150.1 7881.6 37.3
5142.1 7881.5 37.4
5128.4 7882.3 37.6
5112.8 7877.8 37.8
5149.2 7887.9 37.4
5139.6 7890.0 37.5
5127.0 7887.6 37.7
5111.3 7888.5 37.9
5092.0 7888.6 38.2
5132.1 7897.1 37.6
5119.2 7899.0 37.8
5020.6 7870.3 39.1
5009.3 7868.3 39.2
5027.9 7877.5 39.0
5035.8 7893.4 39.0
5026.8 7891.3 39.1
5068.4 7913.0 38.6
5026.2 7908.5 39.2
4997.0 7907.3 39.6
5075.8 7922.8 38.6
5066.6 7923.3 38.7
5025.7 7921.3 39.2
5020.9 7920.3 39.3
5000.6 7920.0 39.6
5106.9 7933.4 38.2
5098.3 7928.2 38.3
5060.9 7932.7 38.8
5018.6 7932.5 39.4
5090.3 7940.7 38.4
5048.3 7937.6 39.0
5099.8 7952.8 38.3
5098.7 7961.2 38.3
5090.0 7969.7 38.4
5080.4 7983.2 38.4
5108.8 7990.5 37.8
388.1 356.7 22.0
477.0 375.6 21.9
469.3 386.9 21.7
429.2 405.6 21.5
443.1 411.9 21.3
427.7 415.8 21.4
494.1 431.6 20.7
475.1 433.2 20.8
441.2 549.4 20.5
510.4 571.4 20.0
487.9 592.0 20.1
446.2 598.8 20.4
440.9 601.8 20.4
476.5 610.2 20.2
488.4 620.9 20.2
470.2 617.2 20.3
517.6 628.0 20.0
486.1 630.3 20.2
450.4 661.1 20.6
514.0 756.6 20.2
4188.7 7799.8 38.4
4175.5 7801.4 38.0
4284.2 7814.3 40.2
4217.1 7815.8 38.6
4207.2 7815.5 38.5
4197.7 7813.8 38.4
4169.5 7810.3 38.2
4156.1 7811.7 38.1
4276.3 7821.7 39.8
4268.9 7824.1 39.6
4205.3 7825.6 38.8
4196.5 7822.5 38.6
4285.7 7830.4 39.8
4280.5 7834.1 39.6
4206.4 7829.9 38.9
4270.0 7855.3 39.9
4259.1 7851.2 39.8
4227.8 7872.2 40.0
4214.6 7881.3 40.2
4198.6 7886.3 40.3
4198.8 7896.2 40.4
4175.4 8010.3 38.5
4186.3 8018.7 38.5
4169.1 8019.8 38.2
4185.4 8028.5 38.4
4169.6 8029.4 38.2
4196.0 8039.0 38.5
4164.0 8042.2 38.1
4159.2 8041.5 38.1
4225.9 8051.2 38.9
4205.8 8050.5 38.7
4198.7 8048.8 38.6
4184.7 8050.1 38.4
4175.9 8051.2 38.3
4166.4 8047.7 38.2
4156.1 8047.3 38.1
4134.0 8050.8 37.8
4237.2 8058.2 39.1
4254.5 8071.3 39.4
4245.2 8071.6 39.3
4097.1 8082.2 37.9
4008.5 8090.4 36.9
3994.9 8088.8 36.7
4347.7 8102.9 41.0
4029.1 8098.3 37.3
4013.5 8098.2 37.1
4369.0 8111.3 41.4
4354.9 8110.2 41.2
4338.6 8109.9 41.0
4046.4 8112.1 37.8
4038.5 8109.4 37.6
4383.7 8122.4 41.8
4378.0 8123.3 41.7
4067.6 8121.9 38.2
4057.3 8118.2 38.0
4034.4 8121.3 37.7
4094.9 8128.5 38.7
4078.6 8128.6 38.5
4058.2 8127.5 38.1
4354.5 8138.1 41.7
4097.2 8142.0 38.9
4083.5 8143.2 38.7
4074.4 8141.0 38.5
4065.2 8140.9 38.4
3986.7 8143.0 37.1
4374.5 8152.9 42.2
4356.4 8148.2 41.9
4087.6 8149.4 38.9
4074.7 8148.3 38.6
4039.1 8151.3 38.1
4027.1 8148.5 37.8
4015.1 8153.3 37.7
3975.7 8149.7 36.7
4355.3 8159.4 42.1
4346.0 8161.9 42.1
4055.0 8162.5 38.4
4049.6 8159.1 38.3
4004.8 8163.7 37.3
3999.5 8160.0 37.2
3979.6 8159.7 36.7
3966.2 8161.5 36.3
4103.7 8169.3 39.3
4096.0 8172.6 39.2
4079.0 8168.9 38.9
4063.3 8167.6 38.6
4058.9 8167.9 38.6
4047.1 8168.3 38.4
3978.1 8170.0 36.5
3967.5 8167.3 36.3
4087.2 8180.7 39.2
3974.9 8180.5 36.4
4105.4 8188.4 39.6
4085.6 8193.2 39.1
4073.9 8193.4 38.8
4065.0 8190.5 38.6
3974.6 8187.7 36.3
3954.3 8191.5 36.1
4105.2 8198.6 39.6
4066.9 8203.0 38.4
4044.9 8203.2 37.8
4054.7 8207.7 38.0
4045.7 8213.6 37.7
3975.3 8211.4 36.3
4255.5 8222.7 42.2
4039.4 8218.7 37.4
4018.1 8222.6 36.8
4009.4 8220.4 36.6
3984.5 8218.1 36.4
4273.9 8230.8 42.6
4253.9 8229.1 42.3
4243.5 8232.7 42.3
4125.4 8232.7 39.6
4067.7 8229.8 38.1
4033.6 8232.9 37.1
4024.3 8229.9 36.9
4016.5 8232.3 36.7
3985.0 8228.6 36.4
3943.9 8229.9 36.1
3936.4 8230.2 36.1
4346.3 8242.1 43.6
4256.6 8242.6 42.6
4239.4 8241.5 42.3
4227.9 8238.7 42.1
4036.1 8239.6 37.0
4016.1 8239.4 36.6
3997.0 8240.1 36.5
3983.3 8240.8 36.4
3967.4 8237.3 36.3
3945.9 8240.7 36.2
4264.8 8248.7 42.8
4249.5 8253.9 42.6
4234.3 8247.7 42.3
4185.7 8253.9 41.0
4168.3 8250.6 40.6
4046.8 8251.8 37.2
4035.8 8247.8 36.9
4025.3 8251.0 36.7
4005.9 8251.0 36.5
3985.8 8247.4 36.4
4264.6 8259.2 42.9
4257.5 8263.8 42.8
4243.9 8261.4 42.5
4236.9 8263.1 42.3
4224.8 8259.7 42.0
4216.3 8260.5 41.7
4198.1 8260.1 41.2
4183.9 8261.7 40.8
4146.9 8259.2 39.8
4133.3 8263.2 39.4
4063.4 8260.7 37.5
4057.8 8257.8 37.4
4045.0 8258.7 37.0
4034.8 8258.1 36.8
4025.7 8257.3 36.7
4017.5 8260.0 36.6
3983.8 8259.2 36.5
4335.2 8272.2 44.0
4264.0 8269.6 42.9
4258.2 8273.1 42.7
4246.1 8267.5 42.5
4235.0 8269.3 42.1
4208.0 8271.0 41.4
4196.1 8268.3 41.1
4148.7 8273.2 39.7
4077.1 8273.1 37.7
4036.6 8268.3 36.8
4017.3 8268.6 36.7
4007.6 8273.1 36.6
3947.4 8273.6 36.2
4243.4 8278.1 42.2
4228.4 8281.2 41.8
4207.3 8283.2 41.2
4197.1 8280.3 40.9
4188.0 8280.1 40.7
4177.9 8279.4 40.4
4166.1 8283.5 40.0
4159.0 8279.9 39.9
4046.5 8283.0 36.9
4007.0 8278.6 36.6
3997.0 8283.5 36.6
3989.8 8283.5 36.5
3975.1 8283.3 36.4
3944.5 8278.9 36.2
3936.6 8277.4 36.2
4289.3 8293.1 43.3
4219.6 8292.2 41.4
4208.0 8288.2 41.1
4043.5 8293.3 36.9
4015.3 8290.2 36.7
3983.9 8292.4 36.5
3955.1 8290.4 36.3
3944.4 8287.3 36.2
4226.4 8301.9 41.5
4217.8 8299.0 41.3
4038.3 8299.0 37.0
3993.7 8301.7 36.7
3974.8 8298.1 36.4
3963.8 8302.5 36.4
3956.1 8297.7 36.3
4259.1 8313.1 42.4
4249.3 8313.7 42.1
4059.8 8313.1 36.8
4048.1 8308.1 36.9
4048.1 8317.4 36.8
4029.4 8317.7 36.9
4016.2 8318.2 37.0
4316.7 8329.3 44.0
4309.1 8333.4 43.7
4285.6 8329.0 43.1
4235.8 8327.4 41.7
4198.9 8329.5 40.7
4166.2 8331.7 39.8
4159.2 8327.4 39.6
4055.3 8328.8 36.5
4039.5 8333.1 36.6
4024.6 8327.8 36.8
4286.0 8339.5 43.1
4278.8 8340.3 42.9
4256.8 8342.0 42.3
4247.3 8341.0 42.0
4238.0 8341.1 41.7
4217.0 8342.0 41.2
4208.3 8337.7 40.9
4198.3 8343.5 40.6
4167.7 8341.2 39.8
4255.9 8351.9 42.2
4249.7 8348.4 42.0
4195.3 8353.1 40.5
4277.0 8358.6 42.8
4422.9 8102.7 41.8
4448.1 8111.4 42.2
4442.8 8112.8 42.2
4422.0 8112.0 42.0
4402.3 8112.6 41.8
4451.7 8122.7 42.5
4422.3 8121.0 42.1
4391.3 8122.9 41.8
4502.5 8132.0 43.2
4490.1 8133.3 43.1
4477.4 8130.4 42.9
4460.4 8129.8 42.7
4442.7 8127.3 42.5
4397.4 8131.4 42.1
4503.1 8138.8 43.4
4470.2 8141.1 43.0
4463.1 8141.5 43.0
4391.7 8139.7 42.2
4521.5 8151.2 43.8
4492.9 8151.3 43.5
4471.8 8151.1 43.3
4463.5 8148.1 43.1
4571.4 8160.6 43.9
4561.7 8159.5 44.0
4531.4 8158.6 44.0
4517.8 8157.8 43.9
4508.7 8162.1 43.9
4476.9 8158.8 43.5
4468.3 8158.8 43.4
4547.1 8170.4 44.0
4541.5 8169.2 44.0
4531.9 8172.1 44.0
4579.6 8180.7 43.1
4561.4 8179.3 43.5
4532.8 8182.7 43.9
4463.2 8178.1 43.7
4452.6 8181.8 43.6
4569.7 8187.0 43.1
4560.3 8192.8 43.0
4552.5 8188.0 43.3
4528.7 8188.7 43.8
4527.9 8198.2 43.5
4518.0 8199.9 43.6
4559.8 8207.5 42.7
4551.6 8207.6 42.8
4588.7 8217.6 42.2
4571.9 8218.2 42.4
4482.0 8220.5 43.6
4577.1 8230.0 42.1
4570.4 8227.6 42.2
4551.1 8227.3 42.5
4541.3 8229.6 42.6
4487.4 8226.9 43.2
4501.0 8241.9 42.8
4491.3 8242.8 42.9
4507.2 8247.1 42.7
4501.4 8252.9 42.7
4487.3 8252.9 42.8
4510.6 8259.6 42.5
4500.7 8258.3 42.6
4488.8 8259.0 42.7
4508.0 8267.1 42.4
4597.5 8290.4 41.4
4558.7 8289.4 43.0
4552.0 8290.2 43.1
4542.4 8291.0 43.3
4581.8 8349.5 41.7
4592.2 8361.3 41.0
4583.5 8399.5 41.3
4339.8 8282.8 44.1
4798.9 7452.1 45.9
4829.0 7458.2 45.2
4817.5 7462.1 45.4
4810.4 7458.5 45.6
4849.3 7468.3 44.6
4802.8 7470.6 45.7
4782.4 7472.3 46.1
4768.1 7467.9 46.5
4872.3 7479.5 44.0
4850.2 7477.4 44.5
4797.6 7481.3 45.7
4793.5 7476.9 45.8
4889.9 7491.3 43.6
4802.1 7491.5 45.5
4851.5 7503.0 44.4
4769.3 7498.1 46.2
4851.3 7508.3 44.4
4761.2 7518.2 46.3
4860.1 7548.8 44.2
4850.9 7547.4 44.4
4789.9 7551.3 45.7
4807.9 7561.9 45.3
4803.5 7561.5 45.4
4811.3 7569.9 45.3
4802.3 7566.5 45.4
4809.6 7578.6 45.3
4791.0 7582.8 45.7
4844.0 7587.8 44.8
4799.0 7590.4 45.6
4779.6 7588.0 46.0
4773.0 7590.0 46.1
4763.1 7591.3 46.3
4752.8 7590.2 46.5
4814.1 7598.7 45.3
4771.1 7598.8 46.2
4790.4 7607.4 45.7
4801.0 7620.9 45.3
4793.7 7621.6 45.5
4781.3 7621.3 45.7
4769.7 7619.7 45.9
4761.0 7618.6 46.1
4740.1 7617.6 46.5
4782.7 7633.0 45.5
4769.1 7632.1 45.8
4778.6 7646.9 45.4
4877.2 7592.2 44.2
4876.2 7624.4 43.8
4963.9 7631.7 42.1
4945.5 7632.1 42.4
4873.4 7629.8 43.8
4856.2 7631.5 44.1
4834.3 7631.2 44.5
4915.5 7645.0 42.8
4858.3 7643.3 43.9
4847.8 7641.1 44.1
4818.3 7643.2 44.7
4805.6 7641.2 45.0
4993.1 7652.3 41.2
4987.6 7649.0 41.3
4915.7 7652.6 42.7
4903.0 7651.8 42.9
4898.2 7651.6 43.0
4866.6 7654.3 43.6
4856.8 7653.7 43.8
4847.3 7654.5 44.0
4835.6 7652.3 44.2
4918.5 7659.2 42.5
4908.6 7659.1 42.7
4866.3 7663.2 43.5
4742.4 7660.5 45.9
4977.5 7671.9 41.3
4967.6 7669.4 41.5
4935.9 7669.6 42.1
4915.5 7671.6 42.4
4872.5 7673.0 43.2
4845.4 7673.6 43.7
4828.2 7671.7 44.1
4802.8 7670.8 44.6
4797.3 7671.8 44.7
4778.1 7673.9 45.0
4766.0 7674.9 45.2
4758.6 7675.1 45.3
4744.8 7674.7 45.6
4972.2 7680.6 41.3
4935.6 7679.1 42.0
4925.8 7684.9 42.1
4904.8 7682.4 42.5
4897.1 7678.5 42.7
4797.4 7683.3 44.5
4978.6 7688.9 41.1
4967.6 7691.9 41.3
4955.7 7693.1 41.5
4948.8 7688.7 41.7
4932.7 7689.3 42.0
4874.3 7688.8 43.0
4842.5 7693.8 43.6
4777.1 7689.0 44.8
4713.1 7692.6 46.0
4966.2 7701.1 41.2
4955.9 7699.1 41.4
4893.5 7704.9 42.5
4824.6 7699.6 43.8
4805.9 7701.3 44.1
4764.0 7704.8 44.9
4706.8 7704.6 45.9
4907.1 7714.4 42.1
4823.0 7714.9 43.6
4786.8 7708.6 44.4
4774.0 7711.1 44.6
4762.4 7708.7 44.8
4755.8 7710.9 44.9
4933.2 7719.6 41.6
4922.9 7722.1 41.8
4815.7 7721.8 43.7
4803.4 7725.0 43.9
4786.5 7719.8 44.3
4823.2 7731.1 43.5
4875.5 7742.6 42.6
4807.3 7744.0 43.8
4875.0 7752.8 42.5
4798.4 7750.7 43.9
4762.6 7750.7 44.6
4716.8 7752.2 45.4
4865.7 7762.0 42.5
4825.7 7765.0 43.2
4796.0 7764.4 43.8
4787.7 7760.3 44.0
4733.8 7760.4 45.1
4728.3 7760.4 45.2
4803.7 7768.6 43.5
4723.3 7773.7 45.0
4822.9 7782.5 42.9
4835.8 7789.6 42.5
4735.1 7791.5 44.4
4724.5 7793.2 44.6
4732.2 7800.0 44.3
4725.7 7798.9 44.5
4715.4 7802.4 44.6
4715.4 7814.0 44.3
4743.7 7819.2 43.7
4722.3 7822.1 44.1
4706.0 7822.9 44.4
4840.1 7796.9 42.2
4851.8 7809.3 41.9
4843.8 7838.2 41.9
4842.8 7844.7 41.9
4858.0 7853.7 41.6
4830.1 7854.7 42.1
4762.4 7855.3 43.2
4809.9 7869.3 42.4
4802.5 7869.2 42.5
4808.3 7879.4 42.3
4799.8 7874.9 42.5
4809.6 7884.6 42.3
4791.8 7885.0 42.6
4780.1 7883.7 42.8
4781.4 7895.6 42.7
4728.8 7895.8 43.6
4723.4 7897.8 43.7
4723.4 7907.8 43.6
4818.3 7913.5 42.1
4811.5 7918.3 42.2
4781.1 7914.3 42.6
4752.4 7918.6 43.1
4720.2 7914.8 43.7
4803.5 7924.0 42.4
4788.6 7929.0 42.6
4772.9 7927.0 42.8
4770.4 7935.7 42.9
4760.6 7936.4 43.0
4798.7 7943.4 42.5
4791.4 7947.8 42.6
4783.8 7946.0 42.7
4773.0 7946.4 42.9
4759.9 7945.9 43.1
4749.9 7944.8 43.2
4733.0 7949.0 43.5
4792.2 7957.7 42.7
4750.2 7954.9 43.2
4789.8 7965.6 42.7
4781.5 7967.8 42.8
4784.0 7973.3 42.8
4761.8 7976.7 43.1
4788.1 7987.0 42.7
4733.3 7985.5 43.5
4746.4 8039.7 42.7
4835.6 8050.9 41.2
4754.5 8061.5 42.3
4794.6 8070.5 41.7
4765.1 8070.4 42.1
4787.3 8080.8 41.7
4706.0 8093.9 42.7
4788.4 8098.5 41.5
4773.4 8100.2 41.7
4705.1 8102.9 42.7
4704.0 8111.3 42.7
4686.5 8112.5 43.0
4737.7 8122.7 42.1
4718.5 8117.8 42.4
4698.4 8119.3 42.7
4684.3 8120.9 43.0
4724.1 8128.2 42.3
4697.2 8129.4 42.7
4697.3 8140.8 42.6
4735.3 8175.2 41.6
4737.5 8181.7 41.3
4727.5 8180.5 41.5
4655.8 8183.9 42.0
4647.7 8187.1 41.9
4733.2 8190.9 41.1
4652.3 8194.5 41.6
4632.8 8193.0 42.0
4756.4 8203.8 40.5
4745.1 8201.7 40.7
4737.6 8204.0 40.7
4744.2 8214.2 40.3
4727.9 8227.1 40.0
4698.4 8224.8 40.3
4737.7 8232.8 39.8
4727.9 8232.9 39.8
4647.2 8241.2 40.9
4663.8 8275.5 40.1
4658.1 8276.2 40.1
4715.4 8324.8 38.2
4637.3 8329.6 39.5
4760.8 8354.1 36.7
4693.8 8353.6 37.6
4753.1 8375.2 36.1
4729.4 8369.7 36.5
4832.3 8382.4 35.0
4799.0 8390.6 35.1
4792.6 8394.7 35.0
4784.3 8390.0 35.3
4801.8 8400.8 34.7
4794.4 8404.5 34.7
4812.8 8423.9 33.9
4525.6 7387.9 42.9
4510.7 7392.1 42.5
4531.5 7401.7 43.0
4518.3 7403.2 42.7
4527.6 7409.2 42.9
4519.2 7408.3 42.7
4515.3 7418.6 42.7
4547.6 7453.2 43.6
4541.6 7453.8 43.5
4527.6 7452.2 43.2
4505.8 7447.6 42.9
4550.3 7457.5 43.6
4519.3 7459.6 43.2
4520.6 7471.1 43.3
4540.7 7481.9 43.7
4526.5 7477.6 43.4
4526.6 7494.0 43.6
4610.1 7399.5 44.6
4601.4 7420.8 44.4
4610.2 7430.2 44.5
4661.2 7444.4 45.5
4631.2 7443.4 44.9
4622.4 7444.4 44.8
4659.8 7454.1 45.5
4646.3 7452.9 45.2
4628.5 7874.2 44.8
4597.3 7872.7 44.5
4648.1 7879.9 45.0
4647.3 7903.4 44.9
4563.7 7962.4 44.0
4595.0 7973.3 44.3
4625.3 7981.8 44.6
4597.1 7980.7 44.4
4585.3 7979.7 44.3
4577.2 7985.1 44.2
4542.7 7981.6 43.9
4571.5 7995.1 44.2
4567.0 7991.7 44.2
4611.4 8015.7 44.4
4563.5 8014.3 43.8
4532.5 8013.9 43.4
4523.0 8011.3 43.4
4576.8 8021.1 43.9
4556.5 8022.6 43.6
4546.3 8019.9 43.5
4584.7 8031.0 43.9
4553.5 8034.5 43.4
4583.7 8044.0 43.7
4555.5 8040.9 43.4
4636.4 8053.6 44.2
4582.2 8054.2 43.5
4584.2 8065.5 43.4
4577.7 8063.7 43.4
4632.4 8082.0 44.0
4629.4 8346.2 39.8
4640.6 8376.7 39.4
4634.8 8373.1 39.6
4665.1 8403.8 38.4
4634.6 8411.0 39.5
4661.2 8447.4 38.5
4670.5 8465.1 38.1
4649.2 8461.4 38.9
4642.2 8464.6 39.1
4641.7 8473.2 38.9
4660.6 8486.7 37.9
4624.2 8487.4 39.1
4644.5 8493.9 38.3
4645.3 8502.2 38.0
4659.7 8512.4 37.2
4649.3 8515.1 37.5
4625.4 8511.2 38.4
4631.3 8521.4 37.9
4633.9 8536.1 37.4
4630.2 8547.0 37.2
4633.1 8551.1 37.0
4706.0 8384.1 37.0
4712.9 8394.3 36.7
4734.5 8407.2 35.9
4685.8 8409.1 37.7
4712.4 8419.7 36.7
4693.9 8415.7 37.4
4684.2 8414.6 37.7
4743.3 8427.1 35.6
4679.2 7885.2 44.5
4690.8 7890.7 44.3
4690.4 7944.5 44.0
4691.7 7948.8 44.0
4666.5 7963.9 44.4
4699.8 8039.5 43.4
4350.5 7853.5 40.7
4372.3 7861.6 41.0
4309.6 7861.0 40.3
4389.2 7871.6 41.1
4353.5 7872.7 40.9
4298.1 7870.0 40.5
4292.5 7868.3 40.4
4350.6 7879.8 41.1
4309.9 7879.7 40.8
4381.7 7889.1 41.5
4370.1 7893.4 41.5
4361.5 7890.5 41.4
4274.2 7875.5 40.5
4260.5 7890.2 40.7
4255.5 7890.0 40.6
4314.7 7897.2 41.1
4303.8 8163.8 41.7
4285.5 8162.9 41.4
4267.1 8162.4 41.2
4255.7 8161.4 41.1
4333.1 8170.5 42.1
4323.3 8174.7 42.1
4292.6 8172.4 41.7
4274.5 8172.8 41.5
4257.3 8170.0 41.3
4246.0 8173.7 41.2
4292.5 8182.3 41.9
4242.4 8182.7 41.3
4321.6 8194.5 42.4
4321.4 8203.3 42.6
4445.6 7465.2 42.1
4415.3 7524.3 42.1
-120.1 464.6 17.8
-321.5 364.8 17.5
-328.0 364.9 17.5
-338.8 390.2 17.2
66.0 513.1 19.7
53.0 514.6 19.4
64.9 521.2 19.6
64.5 532.8 19.6
54.5 531.3 19.4
62.1 544.5 19.4
-297.5 285.4 19.6
-488.9 257.1 18.2
-493.4 254.7 18.2
-348.9 265.0 19.6
-368.7 265.5 19.4
-395.5 265.0 19.2
-487.5 265.3 18.1
-499.2 265.6 18.0
-347.4 274.7 19.5
-358.2 274.8 19.4
-376.5 278.5 19.1
-386.6 274.8 19.1
-476.4 279.0 18.1
-487.7 273.9 18.0
-387.6 284.3 18.9
-397.9 283.2 18.8
-479.0 284.2 18.0
-266.0 294.3 19.7
-488.1 298.8 17.7
-264.5 302.8 19.5
-398.1 306.2 18.3
-375.5 314.9 18.3
-427.6 315.9 17.8
-434.7 316.1 17.8
-454.7 317.7 17.5
-238.0 326.5 18.9
-353.0 328.9 18.1
-366.8 324.9 18.1
-365.2 334.2 17.8
-376.0 335.0 17.7
-339.1 345.0 17.7
-348.0 343.6 17.7
-355.7 345.9 17.6
-284.0 366.2 18.0
-206.7 385.4 18.1
-223.3 385.7 18.1
-236.0 387.4 18.2
-202.9 399.1 18.2
-233.2 393.4 18.1
-198.3 403.7 18.2
-206.9 409.2 18.2
-215.1 404.0 18.1
-194.4 412.6 18.4
-207.1 413.3 18.2
-156.0 424.5 18.1
-177.4 428.7 18.1
-138.1 437.1 17.9
-125.7 443.0 17.9
-103.0 457.0 17.7
-112.6 454.4 17.9
-129.5 209.9 20.4
-96.7 235.5 20.8
-106.1 235.0 20.7
-95.4 245.7 20.6
-178.8 241.6 20.3
-179.1 250.0 20.1
-157.4 273.0 19.9
-90.5 287.0 20.0
-160.4 290.4 19.6
-171.1 297.7 19.4
-157.8 309.9 19.3
-177.3 312.6 19.1
-270.4 395.1 18.1
-291.8 395.3 17.8
-290.2 404.3 17.8
-251.2 435.2 17.8
-155.6 445.4 17.8
-145.7 454.7 17.8
200.3 -58.4 18.7
201.3 -48.5 18.6
201.4 -43.2 18.6
189.9 -43.4 18.6
210.9 -24.0 18.8
196.8 -19.6 18.8
188.4 -21.9 18.7
175.1 -22.2 18.7
261.4 -9.0 18.9
225.0 -13.6 18.8
221.0 -10.1 18.9
198.1 -12.4 18.8
186.0 -10.5 18.8
269.9 -4.4 19.0
238.7 -3.9 18.9
167.3 -3.3 18.8
158.8 -3.9 18.8
218.5 9.2 19.0
169.4 10.5 18.9
220.4 21.0 19.1
149.5 17.2 18.9
237.8 27.3 19.1
168.9 31.4 19.1
225.6 35.1 19.2
206.3 36.2 19.1
189.6 40.8 19.1
170.4 38.2 19.1
148.8 37.8 19.1
138.8 37.5 19.0
215.0 51.4 19.2
147.3 48.0 19.1
135.6 46.5 19.1
130.7 51.5 19.1
211.0 61.7 19.3
200.5 61.2 19.3
186.7 61.3 19.3
178.9 61.0 19.3
156.8 55.5 19.2
126.3 57.6 19.2
120.8 56.1 19.1
185.1 70.2 19.3
175.8 67.7 19.3
127.1 66.1 19.2
195.3 77.3 19.4
190.9 76.7 19.4
179.6 76.4 19.4
148.6 76.6 19.3
141.1 75.1 19.3
185.7 85.6 19.4
159.5 85.3 19.4
226.5 98.5 19.6
179.8 98.1 19.5
107.8 318.6 20.4
97.9 327.1 20.3
134.1 340.1 20.2
108.7 341.2 20.1
124.2 349.4 20.3
97.7 349.1 20.1
74.3 346.2 19.9
88.5 358.6 20.1
78.4 359.2 20.0
108.7 365.6 20.1
87.7 372.2 20.0
77.4 368.1 19.9
114.7 381.0 19.8
105.6 388.2 19.5
92.8 391.7 19.4
94.8 398.2 19.2
108.1 408.9 19.1
95.1 405.8 19.0
107.6 418.7 19.2
93.1 471.2 19.9
85.6 469.1 19.7
64.3 467.4 19.4
218.9 381.9 20.3
172.3 425.8 20.1
130.3 541.4 20.0
193.0 571.3 20.2
161.3 581.6 19.8
160.6 601.9 19.5
122.1 634.2 18.7
142.3 656.1 18.6
120.1 687.7 17.9
69.7 695.8 17.5
239.8 546.2 20.8
248.5 555.5 20.8
264.6 567.0 20.7
253.5 638.8 19.6
231.6 636.5 19.4
224.3 639.3 19.4
254.5 645.4 19.5
229.7 644.3 19.3
258.6 653.5 19.4
244.1 656.0 19.2
271.2 668.8 19.2
259.0 665.2 19.2
240.0 666.6 19.1
214.0 664.3 18.9
259.4 675.7 19.1
223.3 675.4 18.8
195.0 677.6 18.6
251.3 688.3 18.8
183.8 696.3 18.2
181.1 716.1 17.9
4881.6 7560.4 43.9
4899.5 7570.5 43.6
4895.6 7569.0 43.7
4883.6 7585.0 44.0
4930.0 7599.2 43.1
4914.1 7599.1 43.4
5001.4 7626.1 41.4
4970.0 7626.0 42.0
4993.2 7640.7 41.4
4792.2 8200.5 40.2
4781.6 8229.0 39.5
4813.1 8239.7 38.9
4849.4 8247.6 38.3
4809.8 8250.9 38.6
4804.4 8246.7 38.8
4793.9 8248.5 38.8
4844.0 8262.8 37.9
4830.4 8258.4 38.2
4822.2 8256.9 38.3
4813.4 8261.9 38.2
4799.9 8260.0 38.4
4795.2 8260.4 38.4
4872.6 8269.2 37.4
4780.1 8277.9 38.0
4805.0 8292.4 37.3
4855.3 8302.4 36.6
4840.1 8302.2 36.7
4832.7 8300.7 36.8
4821.2 8302.5 36.8
4799.4 8299.6 37.3
4835.0 8312.2 36.4
4812.9 8308.4 36.9
4794.6 8310.6 37.2
4853.1 8319.8 36.0
4834.8 8322.6 36.3
4852.6 8331.0 35.8
4840.1 8331.8 36.0
4824.5 8331.2 36.3
4810.0 8330.0 36.6
4822.4 8336.8 36.2
4879.0 8199.5 39.0
4869.1 8205.1 39.2
4902.6 8252.0 37.6
4940.5 8275.7 36.6
4900.1 8274.4 37.0
4880.4 8272.0 37.3
4909.2 8282.8 36.7
4901.8 8285.6 36.7
4977.5 8295.4 35.6
4909.5 8293.3 36.4
4927.6 8306.5 35.8
4918.9 8303.1 36.0
4970.7 8315.4 35.1
4928.3 8314.6 35.5
4913.5 8315.3 35.7
4889.9 8316.6 35.9
4913.5 8320.6 35.5
4900.2 8324.1 35.5
4962.7 8335.6 34.6
4939.9 8335.6 34.8
4932.7 8335.4 34.9
4919.7 8336.5 35.0
4897.7 8334.3 35.3
4932.2 8346.8 34.6
4922.5 8345.4 34.7
4912.2 8343.6 34.8
4873.1 8341.6 35.3
4859.4 8346.2 35.4
4877.3 8350.9 35.0
4950.5 8360.6 34.0
4941.4 8372.5 33.7
4504.8 7464.5 43.0
4500.6 7475.3 43.0
4504.6 7485.1 43.2
4471.9 7491.2 42.7
4483.9 7504.1 43.0
4449.4 7528.3 42.7
4495.8 7537.6 43.5
4509.2 7544.6 43.8
4454.7 7555.9 43.0
4436.8 7555.9 42.8
4474.7 7568.9 43.5
4469.2 7567.1 43.4
4527.1 7574.4 44.2
4478.6 7576.6 43.5
4526.0 7586.1 44.2
4442.0 7589.6 43.0
4417.4 7603.4 42.7
4440.8 7622.5 43.0
4457.3 7632.3 43.1
4450.2 7631.0 43.0
4438.0 7627.3 42.9
4433.0 7629.0 42.8
4499.7 7642.8 43.6
4491.0 7642.4 43.5
4471.4 7641.8 43.3
4538.4 7651.9 44.1
4539.9 7659.8 44.1
4439.0 7659.0 42.9
4518.6 7667.4 43.8
4539.4 7677.6 44.0
4421.8 7660.6 42.7
4469.8 7684.4 43.3
4461.7 7684.9 43.2
4450.9 7683.9 43.1
4531.0 7723.3 44.1
4477.2 7726.6 43.5
4469.7 7724.9 43.4
4462.6 7725.3 43.4
4469.9 7734.2 43.5
4551.0 7742.7 44.4
4500.5 7744.9 43.9
4547.1 7763.1 44.5
4500.6 7765.1 44.0
4551.6 7776.8 44.5
4542.3 7773.4 44.4
4354.2 7726.7 42.2
4363.4 7732.4 42.3
4445.3 7760.3 43.4
4463.7 7775.2 43.5
4469.2 7786.8 43.4
4455.8 7785.6 43.2
4449.5 7784.3 43.2
4488.4 7793.5 43.5
4457.0 7793.9 43.2
4335.0 7793.4 41.9
4487.5 7805.2 43.5
4465.1 7806.1 43.3
4454.5 7801.3 43.2
4327.5 7800.8 41.5
4504.8 7816.1 43.6
4485.1 7813.3 43.4
4479.9 7811.2 43.4
4447.4 7815.4 43.1
4329.6 7813.6 41.2
4548.2 7822.4 44.0
4539.5 7826.4 44.0
4516.8 7821.4 43.7
4508.2 7825.4 43.7
4496.3 7820.9 43.6
4474.5 7823.6 43.3
4469.3 7824.1 43.3
4456.4 7823.2 43.2
4445.5 7822.9 43.1
4587.5 7834.7 44.4
4579.0 7831.3 44.3
4537.4 7835.3 43.9
4518.2 7832.3 43.8
4503.9 7835.0 43.6
4487.1 7832.3 43.4
4466.5 7832.4 43.2
4574.9 7842.1 44.3
4554.4 7842.9 44.1
4545.6 7843.2 44.0
4538.1 7846.1 43.9
4523.9 7842.0 43.8
4516.5 7841.1 43.7
4507.0 7844.2 43.6
4487.8 7846.0 43.4
4444.4 7841.7 43.0
4583.3 7850.6 44.4
4578.6 7850.9 44.3
4545.3 7856.0 44.0
4534.1 7854.5 43.9
4528.3 7852.8 43.8
4477.4 7852.9 43.3
4414.3 7854.6 42.1
4407.3 7855.5 41.9
4395.2 7851.2 41.8
4387.7 7855.0 41.5
4376.8 7853.4 41.3
4569.6 7865.7 44.2
4507.2 7862.6 43.6
4496.8 7860.7 43.5
4484.5 7861.7 43.4
4427.1 7864.3 42.2
4407.7 7864.1 41.7
4538.4 7876.8 43.9
4525.6 7874.8 43.8
4459.2 7881.8 42.5
4499.3 7895.4 43.0
4554.4 7902.5 44.0
4659.0 7531.4 45.9
4657.6 7540.7 45.9
4648.9 7543.2 45.8
4555.1 7559.6 44.5
4604.9 7574.6 45.2
4598.8 7575.9 45.1
4576.9 7574.2 44.9
4565.6 7573.8 44.7
4680.4 7586.2 46.2
4655.6 7586.0 45.9
4609.9 7582.4 45.3
4589.1 7582.2 45.0
4576.7 7584.8 44.9
4557.6 7585.6 44.6
4669.0 7596.0 46.1
4638.4 7596.1 45.7
4605.3 7592.2 45.2
4595.1 7591.6 45.1
4586.5 7590.7 45.0
4569.4 7596.2 44.8
4714.2 7602.3 46.7
4676.6 7602.6 46.2
4669.1 7606.0 46.1
4655.0 7605.4 45.9
4634.7 7600.2 45.6
4599.5 7602.0 45.2
4579.6 7600.9 44.9
4568.9 7600.7 44.7
4616.6 7613.5 45.4
4607.2 7615.1 45.3
4559.0 7614.4 44.6
4710.4 7623.1 46.6
4637.4 7625.2 45.6
4609.7 7620.0 45.3
4676.5 7633.9 46.1
4636.4 7629.7 45.6
4608.0 7634.0 45.2
4594.4 7631.8 45.0
4569.7 7629.8 44.7
4666.2 7639.9 46.0
4639.3 7645.5 45.5
4625.5 7640.6 45.4
4615.4 7642.4 45.2
4554.4 7642.2 44.4
4548.8 7642.1 44.3
4677.3 7656.0 46.0
4634.4 7656.1 45.4
4614.1 7651.5 45.2
4607.3 7649.8 45.1
4600.4 7655.5 44.9
4548.9 7651.0 44.3
4669.7 7666.2 45.8
4660.1 7662.9 45.7
4699.3 7673.8 46.2
4689.8 7676.2 46.1
4667.5 7674.4 45.8
4646.3 7675.4 45.5
4635.6 7674.1 45.3
4607.6 7674.2 44.9
4590.3 7669.8 44.7
4578.9 7682.7 44.5
4584.9 7691.8 44.5
4579.1 7702.9 44.5
4558.5 7721.5 44.4
4678.7 7745.1 45.9
4616.8 7760.5 45.3
4606.1 7762.7 45.2
4580.5 7760.9 44.9
4564.5 7760.5 44.7
4618.8 7774.6 45.3
4609.4 7774.9 45.2
4594.5 7772.4 45.0
4570.0 7772.7 44.7
4403.8 7897.6 41.8
4423.2 7907.6 42.2
4429.6 7916.3 42.3
4420.8 7914.0 42.2
4493.0 7924.1 43.0
4529.8 7939.4 43.5
4524.7 7934.2 43.4
4490.5 7935.3 43.0
4465.2 7937.0 42.9
4494.4 7948.2 43.3
4504.9 7968.3 43.5
4406.0 7947.4 42.5
4355.3 7946.1 42.2
4406.4 7952.8 42.6
4445.8 7967.2 43.1
4415.6 7964.7 42.8
4395.4 7964.0 42.5
4444.9 7973.4 43.0
4435.4 7985.3 42.6
4441.9 7998.3 42.5
4404.9 7996.1 42.1
4442.1 8076.7 41.6
4480.9 8080.8 42.1
4448.2 8085.4 41.8
4439.1 8083.4 41.6
4509.7 8094.4 42.6
4488.7 8092.4 42.3
4482.5 8091.7 42.3
4594.0 8103.3 43.7
4527.8 8105.9 43.0
4522.1 8102.6 42.9
4511.4 8102.1 42.8
4589.9 8114.9 43.9
4570.1 8113.6 43.6
4552.1 8112.4 43.4
4599.9 8120.9 44.0
4590.7 8125.7 44.0
4603.0 8135.2 43.9
4533.2 8132.5 43.6
4570.0 8145.3 44.0
4375.9 7986.9 41.9
4365.9 7987.7 41.7
4363.0 8000.7 41.5
4365.5 8006.8 41.3
4376.8 8016.0 41.3
4355.3 8016.1 41.0
4354.0 8030.3 40.7
4345.7 8029.7 40.6
4396.4 8040.4 41.1
4354.4 8036.9 40.6
4344.0 8041.6 40.4
4353.4 8062.2 40.5
4402.9 8070.7 41.1
4382.8 8071.2 40.9
4374.4 8069.8 40.8
4364.3 8070.2 40.6
4372.6 8079.3 40.8
