1277.7 -5170.0 16.8
1285.0 -5160.6 16.9
1349.6 -5100.5 17.6
1245.0 -5194.0 16.7
1310.4 -5138.9 17.1
1298.3 -5147.5 17.0
1240.5 -5200.0 16.8
1271.8 -5178.7 16.7
1220.7 -5215.8 17.2
1271.6 -5172.5 16.7
1280.9 -5162.6 16.8
1220.3 -5221.6 17.3
1339.4 -5112.9 17.4
1317.2 -5137.1 17.2
1367.9 -5096.2 17.7
1355.0 -5099.4 17.6
1254.8 -5190.1 16.6
1342.1 -5107.0 17.5
1361.7 -5088.0 17.7
1305.9 -5145.5 17.1
-3734.1 -6293.6 32.6
1233.5 -5206.7 17.0
1224.9 -5212.5 17.1
1265.4 -5176.3 16.7
1223.6 -5224.6 17.4
1325.6 -5124.4 17.3
1265.0 -5183.2 16.7
1319.4 -5130.0 17.2
1238.0 -5204.2 16.9
1344.8 -5104.6 17.5
1290.9 -5155.9 16.9
1250.2 -5193.9 16.7
1356.8 -5093.7 17.6
1258.1 -5183.8 16.6
-742.3 -7929.9 36.4
-727.1 -7895.4 35.2
-717.7 -7879.4 34.6
-713.1 -7865.2 34.3
-708.5 -7850.9 34.0
-701.9 -7830.7 33.5
800.6 -3689.4 17.5
808.5 -3702.1 17.3
816.5 -3714.8 17.0
824.4 -3727.6 16.8
832.3 -3740.3 16.7
847.0 -3764.0 17.5
839.4 -3769.6 17.7
825.4 -3774.8 17.7
811.3 -3779.9 17.4
797.2 -3785.1 17.0
783.2 -3790.3 16.7
769.1 -3795.5 16.5
755.0 -3800.7 16.6
740.9 -3805.9 17.2
727.3 -3812.2 18.0
701.2 -3824.3 19.5
813.8 -4182.1 19.3
805.9 -4169.4 18.5
798.0 -4156.7 17.8
789.9 -4144.1 17.6
780.6 -4132.3 17.7
771.3 -4120.5 17.7
762.0 -4108.8 17.7
752.7 -4097.0 17.7
739.4 -4080.1 18.3
893.8 -3775.3 17.2
894.4 -3782.2 17.6
891.5 -3793.1 17.9
886.5 -3797.0 17.9
880.9 -3798.5 17.9
876.0 -3797.6 17.9
867.9 -3795.4 17.8
864.1 -3792.8 17.8
862.4 -3788.9 17.8
5143.8 8502.8 16.3
5131.9 8493.6 15.9
5120.0 8484.5 15.4
5108.1 8475.4 14.9
5096.2 8466.3 14.5
5084.3 8457.2 14.0
5072.4 8448.0 13.6
5060.4 8438.9 13.1
5047.5 8420.1 12.6
5176.6 1413.2 15.7
5189.5 1420.9 15.8
5202.4 1428.6 15.8
5215.2 1436.3 15.8
5228.1 1444.0 15.9
5241.0 1451.7 15.9
5253.8 1459.4 15.9
5266.7 1467.1 15.9
5283.5 1477.2 15.9
-1413.5 -5029.8 16.7
-1403.2 -5018.9 16.9
-1392.9 -5008.1 17.0
-1382.6 -4997.2 17.2
-1368.6 -4982.4 17.4
-1457.1 -5074.3 16.8
-1430.6 -5047.8 16.7
-1492.2 -5109.4 16.5
-1474.7 -5091.9 16.7
-1490.1 -5089.5 16.9
-1479.6 -5078.9 17.0
-1469.0 -5068.2 16.9
-1458.4 -5057.5 16.8
-1447.9 -5046.9 16.8
-1437.3 -5036.2 16.8
-1426.7 -5025.6 16.7
-1416.0 -5015.1 16.8
-1405.4 -5004.5 17.0
-1394.7 -4994.0 17.2
-1384.0 -4983.5 17.4
-1373.3 -4972.9 17.5
-1362.0 -4961.8 17.7
-6948.7 1363.3 29.7
-6954.8 1349.6 29.8
-6960.9 1335.9 29.7
-6967.0 1322.1 29.7
-6976.2 1312.6 29.7
-6984.3 1300.0 29.9
-6992.4 1287.3 30.0
-7000.5 1274.7 30.2
-7009.1 1261.2 30.3
-6817.0 -2806.2 30.0
-6804.7 -2814.8 29.8
-6792.4 -2823.3 29.6
-6780.1 -2831.9 29.4
-6767.8 -2840.4 29.1
-6755.4 -2849.0 28.8
-6741.1 -2858.9 28.5
-6838.6 -2816.1 30.4
-6826.2 -2824.6 30.0
-6813.8 -2833.0 29.9
-6801.4 -2841.5 29.7
-6789.0 -2850.0 29.5
-6776.7 -2858.4 29.3
-6760.4 -2869.5 28.9
5181.8 1142.2 18.5
5212.3 1157.2 18.4
5167.0 1157.1 18.4
5241.8 1165.4 18.2
5225.6 1169.9 18.3
5280.1 1185.1 17.8
5228.0 1180.9 18.2
5314.5 1199.2 17.4
5299.1 1194.0 17.6
5265.3 1195.0 17.9
5164.0 1195.9 17.8
5326.2 1217.2 17.1
5283.8 1215.4 17.3
5274.9 1214.9 17.3
5253.3 1211.4 17.5
5243.8 1209.7 17.6
5163.6 1210.4 17.5
5326.3 1231.4 16.7
5317.5 1225.5 16.9
5285.9 1232.2 16.8
5235.2 1232.0 17.0
5229.7 1232.2 17.0
5205.6 1226.7 17.3
5191.8 1232.0 17.1
5161.2 1224.5 17.2
5313.9 1241.5 16.5
5235.7 1238.4 16.8
5208.2 1245.8 16.7
5213.3 1261.4 16.3
5318.9 1276.1 16.3
5274.4 1273.6 16.1
5236.9 1273.0 15.9
5205.4 1274.4 16.0
5192.8 1274.5 16.0
5161.0 1273.9 16.1
5152.4 1273.1 16.2
5345.9 1284.0 16.4
5268.0 1289.2 16.0
5256.1 1291.1 15.9
5205.4 1291.9 15.7
5178.9 1288.9 15.7
5222.4 1302.2 15.7
5214.1 1300.9 15.7
5163.4 1301.9 15.4
5147.4 1304.9 15.3
5139.7 1300.4 15.5
5342.8 1317.4 16.1
5268.9 1321.9 15.8
5241.5 1321.2 15.6
5168.9 1321.6 15.3
5146.7 1319.8 15.2
5132.6 1317.8 15.2
5116.9 1316.1 15.1
5347.8 1330.2 16.1
5326.1 1331.8 16.0
5319.8 1331.2 15.9
5297.7 1329.3 15.9
5268.5 1335.3 15.7
5242.7 1329.3 15.6
5132.9 1331.7 15.1
5389.7 1353.2 16.1
5253.0 1348.9 15.5
5221.2 1348.3 15.4
5131.7 1348.2 15.2
5374.7 1360.7 16.0
5331.9 1368.3 15.7
5287.9 1367.9 15.5
5120.4 1365.4 15.4
5088.7 1366.3 15.4
5377.1 1379.1 15.9
5315.0 1378.4 15.6
5209.2 1381.8 15.4
5193.2 1383.4 15.4
5148.4 1378.1 15.4
5134.1 1375.2 15.4
5389.4 1396.5 15.8
5329.8 1392.4 15.6
5314.5 1395.0 15.5
5252.3 1394.7 15.4
5208.0 1392.8 15.5
5182.6 1394.5 15.5
5105.3 1397.5 15.7
5072.8 1393.4 15.7
5371.2 1408.5 15.7
5357.0 1406.2 15.6
5326.7 1408.5 15.5
5273.5 1408.3 15.5
5102.5 1403.8 15.8
5091.1 1411.5 15.9
5390.5 1427.1 15.6
5343.4 1422.5 15.5
5298.0 1421.8 15.6
5266.4 1426.9 15.7
5221.2 1426.0 15.7
5162.5 1428.4 15.9
5103.0 1422.8 15.9
5087.0 1418.9 15.9
5394.2 1435.1 15.6
5377.5 1439.6 15.6
5360.3 1434.8 15.6
5298.2 1442.4 15.7
5181.1 1435.4 15.9
5100.2 1436.4 16.0
5387.0 1451.3 15.6
5296.6 1455.0 15.8
5271.9 1454.9 15.8
5227.0 1449.3 15.9
5213.6 1450.2 15.9
5175.8 1453.7 16.0
5161.7 1451.0 16.0
5136.6 1455.9 16.0
5378.9 1472.8 15.8
5325.8 1469.0 15.8
5286.9 1472.5 15.9
5240.0 1466.4 15.9
5210.4 1464.8 16.0
5180.8 1472.9 16.1
5165.8 1464.9 16.0
5421.0 1482.0 15.3
5373.3 1482.9 15.8
5318.7 1480.8 15.9
5272.8 1480.5 16.0
5258.5 1481.7 16.0
5236.4 1478.4 16.0
5402.1 1493.8 15.5
5390.4 1498.6 15.6
5375.2 1494.0 15.8
5319.1 1494.1 15.9
5210.4 1498.7 16.1
5371.6 1509.1 15.7
5329.4 1516.5 16.0
5222.7 1517.1 16.2
5406.6 1526.5 15.2
5375.9 1529.1 15.6
5315.8 1525.5 16.1
5269.3 1531.2 16.2
5271.1 1540.2 16.2
5312.7 1556.9 16.1
5386.3 1569.2 15.2
5374.9 1574.5 15.3
5439.3 1589.9 14.5
5370.9 1590.0 15.2
5359.1 1586.7 15.4
5436.2 1599.7 14.4
5401.9 1606.1 14.8
-5600.2 7091.3 26.5
-5599.0 7105.3 27.0
-5602.7 7119.9 27.5
-5572.4 7146.3 28.7
-5587.1 7153.0 28.7
-5563.3 7181.2 29.9
-5599.5 7174.7 29.2
-5602.7 7194.4 29.7
-5547.8 7208.9 30.9
-5602.3 7207.6 30.1
-5589.9 7224.9 30.9
-5454.0 7241.6 34.2
-5464.5 7242.6 34.1
-5530.2 7242.2 33.0
-5556.5 7611.3 41.8
-5541.0 7627.8 41.3
-5575.1 7625.6 42.0
-5585.0 7628.9 42.3
-5546.2 7639.1 41.2
-5589.3 7640.2 42.2
-3531.1 -6290.0 28.7
-3561.7 -6289.8 29.3
-3575.9 -6285.0 29.5
-3514.5 -6271.0 28.0
-3477.5 -6258.9 27.1
-3485.2 -6258.2 27.2
-3504.6 -6259.8 27.6
-3518.9 -6262.1 27.9
-3552.3 -6253.6 28.4
-3582.4 -6261.2 29.1
-3593.1 -6259.0 29.3
-3472.9 -6239.5 26.6
-3578.8 -6240.1 28.7
-3516.2 -6223.4 27.1
-3534.7 -6232.9 27.7
-3636.3 -6225.9 29.5
-3502.3 -6211.9 26.6
-3604.0 -6209.2 28.5
-3638.8 -6217.2 29.3
-3608.3 -6198.4 28.4
-3513.9 -6178.6 26.1
-3532.3 -6187.6 26.7
-3553.0 -6180.3 26.9
-3596.9 -6184.1 27.9
-3610.0 -6184.2 28.1
-3498.2 -6170.7 25.7
-3591.6 -6170.5 27.5
-3619.3 -6165.7 27.9
-3548.2 -6157.4 26.4
-3576.4 -6150.7 26.8
-3564.9 -6133.6 26.2
-3577.3 -6139.8 26.6
-3626.7 -6138.2 27.5
-3657.3 -6134.9 28.0
-3580.8 -6126.1 26.4
-3593.0 -6122.4 26.5
-3612.7 -6124.6 27.0
-3634.3 -6118.3 27.3
-3650.6 -6123.2 27.7
-3607.3 -6109.3 26.6
-5084.3 8124.8 24.2
-5114.9 8136.5 24.7
-4820.1 7847.3 22.8
-4812.6 7859.7 22.4
-4822.8 7854.1 22.6
-4884.7 7877.2 23.0
-4888.8 7888.2 22.9
-4781.8 7902.1 21.1
-4766.4 7919.5 20.5
-4753.8 7952.2 20.2
-3051.3 -7162.6 34.4
-3063.5 -7162.7 34.0
6956.0 -5410.8 16.6
6956.1 -5399.0 16.6
6924.6 -5396.8 16.7
6906.1 -5400.2 16.8
4555.0 6905.5 19.1
4501.7 6906.8 18.7
4510.9 6921.5 18.7
4502.4 6920.0 18.6
4485.2 6921.3 18.5
4555.3 6940.6 19.0
4542.3 6937.4 18.9
4513.6 6954.9 18.6
4588.4 6974.0 19.0
4532.6 6969.3 18.7
4500.7 6967.3 18.4
4589.8 6987.6 19.0
4571.3 6979.8 18.9
4540.2 6980.4 18.7
4523.5 6982.4 18.6
4478.5 6983.8 18.2
4465.3 6981.8 18.1
4485.8 6997.3 18.2
4466.7 7004.3 18.0
4601.3 7011.9 19.0
4586.7 7017.0 18.9
4483.3 7010.3 18.1
4601.1 7031.7 18.9
4452.7 7027.8 17.8
4547.2 7044.0 18.5
4533.4 7043.8 18.4
4511.6 7041.4 18.2
4451.9 7042.1 17.7
4528.7 7054.4 18.3
