-5059.9 8476.0 26.6
-5081.3 8498.4 26.8
-5087.7 8509.0 26.8
-4408.8 7683.1 20.4
-4418.7 7685.8 20.5
-4439.0 7686.5 20.6
-4446.7 7687.1 20.7
-4399.1 7692.4 20.2
-4408.6 7692.3 20.3
-4416.0 7695.0 20.3
-4433.7 7693.8 20.5
-4443.4 7702.3 20.5
-4455.9 7714.0 20.4
-4446.3 7726.7 20.2
-4456.7 7737.7 20.2
-4447.6 7744.5 20.1
-4486.2 7771.9 20.1
-4496.0 7773.6 20.1
-4506.6 7782.4 20.1
-4517.5 7786.6 20.2
-4687.9 7781.6 22.6
-4683.5 7794.9 22.6
-4695.4 7791.2 23.0
-4525.9 7805.2 20.0
-4675.1 7802.5 22.4
-4716.6 7803.0 23.7
-4548.9 7814.4 20.1
-4657.4 7817.4 22.0
-4666.1 7816.5 22.3
-4564.5 7822.6 20.2
-4664.8 7824.6 22.3
-4576.7 7834.2 20.2
-4656.5 7832.0 22.1
-4578.5 7842.6 20.1
-4593.6 7847.4 20.2
-4634.9 7841.5 21.5
-4645.6 7841.8 21.8
-4653.7 7846.4 22.0
-4605.8 7856.1 20.6
-4638.6 7857.7 21.6
-4635.6 7863.7 21.5
-4645.3 7864.3 22.1
-4657.3 7863.9 22.8
-4624.1 7874.8 21.5
-4639.1 7871.9 22.2
-4655.9 7876.5 23.6
-4634.5 7885.8 22.9
-4646.1 7893.4 24.1
-4657.2 7893.1 24.8
-4804.2 7945.0 33.5
-4798.3 7961.2 32.1
-4767.9 7981.7 30.5
-4776.1 7983.9 30.6
-4786.5 7984.0 30.9
-4794.4 7994.0 30.5
-4808.4 7995.6 30.6
-4796.2 8003.4 29.6
-4807.4 8001.9 30.0
-4813.6 8007.4 29.5
-4828.5 8004.4 30.1
-4833.8 8006.1 29.9
-4817.2 8014.2 28.9
-4827.8 8013.6 29.1
-4838.2 8022.2 28.5
-4858.1 8065.8 28.2
-4861.2 8081.0 28.3
-4827.5 8096.6 28.1
-4859.8 8095.6 28.5
-4819.5 8106.1 28.0
-4831.8 8118.0 28.1
-4867.5 8115.8 28.5
-4831.4 8129.3 28.0
-4851.5 8147.1 28.0
-4861.7 8147.3 28.1
-4868.0 8145.0 28.3
-4870.2 8159.4 28.1
-4870.6 8171.3 27.8
-4878.6 8185.0 27.6
-4890.4 8190.4 27.7
-4860.4 8201.1 26.9
-4882.8 8197.3 27.4
-4901.0 8196.4 27.7
-4918.8 8216.6 27.4
-4919.0 8231.1 26.9
-4909.8 8239.0 26.6
-4918.4 8235.5 26.8
-4910.4 8249.2 26.7
-4929.3 8261.0 26.9
-4937.4 8281.1 27.1
-4792.7 8210.9 25.7
-4802.9 8211.6 25.7
-4773.0 8227.5 25.8
-4772.1 8239.3 25.9
-4792.1 8237.6 26.0
-4844.6 8238.9 26.2
-4705.4 8259.1 25.7
-4807.9 8262.7 26.3
-4811.5 8261.4 26.3
-4822.1 8260.8 26.3
-4701.6 8272.7 25.9
-4713.3 8271.9 25.9
-4722.3 8273.1 26.0
-4762.2 8273.1 26.2
-4817.5 8270.6 26.4
-4915.9 8273.0 26.9
-4723.7 8280.9 26.1
-4732.5 8277.7 26.1
-4773.5 8277.8 26.3
-4785.3 8277.3 26.3
-4792.6 8281.6 26.4
-4823.0 8280.1 26.5
-4856.9 8277.1 26.7
-4694.0 8291.0 26.0
-4701.9 8290.8 26.0
-4716.4 8287.1 26.1
-4737.5 8293.1 26.2
-4765.9 8290.1 26.4
-4773.6 8286.9 26.4
-4805.4 8289.0 26.6
-4812.5 8291.2 26.6
-4827.1 8287.1 26.6
-4834.7 8290.6 26.7
-4842.8 8288.4 26.7
-4857.7 8289.0 26.8
-4864.9 8293.1 26.9
-4906.3 8287.5 27.0
-4713.4 8301.4 26.2
-4737.0 8300.1 26.3
-4764.2 8298.9 26.4
-4845.5 8298.0 26.8
-4855.5 8297.3 26.9
-4882.1 8298.7 27.0
-4893.4 8301.5 27.1
-4747.6 8311.8 26.5
-4764.8 8308.3 26.5
-4792.6 8310.4 26.7
-4827.5 8311.6 26.9
-4835.9 8312.1 26.9
-4732.5 8321.1 26.5
-4724.7 8328.1 26.5
-4734.3 8328.6 26.6
-4754.8 8333.1 26.7
-4763.2 8328.0 26.7
-4685.7 8339.8 26.5
-4716.8 8337.2 26.6
-4786.4 8350.3 27.1
-4785.9 8362.3 27.2
-4706.9 8367.1 26.9
-4788.0 8378.2 27.4
-4785.8 8389.6 27.5
-4662.9 8411.6 27.1
-4785.9 8407.7 27.7
-4654.2 8431.5 27.3
-4664.3 8429.4 27.3
-4666.3 8442.3 27.4
-4645.0 8450.2 27.4
-4657.2 8450.2 27.5
-4655.5 8460.1 27.6
-4636.0 8471.0 27.6
-4645.6 8471.3 27.6
-4666.9 8469.0 27.7
-4626.5 8480.5 27.6
-4641.8 8481.8 27.7
-4657.9 8477.7 27.7
-4643.7 8488.8 27.8
-4656.1 8493.1 27.9
-4613.8 8501.2 27.7
-4647.4 8502.1 27.9
-4653.1 8501.1 28.0
-4638.0 8511.3 28.0
-4616.6 8518.0 27.9
-4645.1 8520.5 28.1
-4593.2 8532.0 27.7
-4617.4 8531.0 28.0
-4644.8 8529.7 28.2
-4605.7 8537.2 27.9
-4612.7 8542.1 28.0
-4585.8 8551.2 27.8
-4587.2 8557.0 27.9
-4556.1 8568.7 27.6
-4552.4 8577.3 27.7
-4541.9 8591.4 27.7
-4552.8 8593.1 27.8
-4522.6 8603.1 27.6
-4535.0 8599.4 27.7
-4552.6 8602.1 27.9
-4513.8 8611.8 27.5
-4534.2 8607.7 27.7
-4547.7 8610.8 27.9
-4516.3 8622.6 27.7
-4521.9 8618.0 27.7
-4543.6 8619.7 28.0
-4481.5 8631.0 27.6
-4475.8 8638.7 27.8
-4454.0 8653.4 27.7
-4461.8 8647.7 27.8
-4447.4 8659.7 27.7
-4452.8 8659.6 27.8
-4423.0 8682.4 27.7
-4397.4 8692.4 27.6
-4374.5 8713.1 27.5
-4762.9 8126.1 27.0
-4750.7 8136.8 26.6
-4763.4 8147.0 26.7
-4731.0 8157.7 25.9
-4762.1 8153.0 26.5
-4730.8 8166.3 25.7
-4733.5 8173.3 25.5
-4710.4 8198.0 25.1
-4684.3 8215.5 25.2
-4622.2 8237.2 25.1
-4622.4 8244.1 25.2
-4649.9 8246.8 25.3
-4672.1 8263.8 25.6
-4582.1 8296.6 25.5
-4572.7 8305.6 25.5
-4590.7 8302.6 25.6
-4644.5 8303.3 25.9
-4632.9 8318.2 26.0
-4572.6 8326.6 25.8
-4580.8 8326.6 25.8
-4589.7 8323.7 25.8
-4575.8 8332.2 25.8
-4581.5 8332.2 25.9
-4645.6 8332.2 26.2
-4650.8 8337.5 26.3
-4572.8 8355.4 26.1
-4561.6 8362.2 26.0
-4494.2 8372.5 25.3
-4500.5 8373.4 25.3
-4505.5 8383.8 25.5
-4513.6 8386.3 25.6
-4501.8 8398.1 25.6
-4511.1 8392.9 25.6
-4501.6 8406.8 25.6
-4511.7 8416.3 25.8
-4640.4 8436.5 27.2
-4510.3 8456.0 26.1
-4593.7 8498.1 27.4
-4582.8 8503.8 27.4
-5560.2 7663.9 20.9
-5571.1 7663.5 20.8
-5576.9 7670.0 20.8
-5557.1 7684.2 21.2
-5558.3 7703.0 21.4
-5548.3 7714.0 21.6
-5568.9 7707.8 21.3
-5557.1 7723.1 21.6
-5569.1 7723.5 21.5
-5599.2 7722.3 21.2
-5548.1 7731.5 21.8
-5572.1 7730.1 21.6
-5611.4 7727.9 21.2
-5618.1 7731.7 21.2
-5552.4 7739.6 21.9
-5581.5 7740.8 21.6
-5618.2 7739.7 21.3
-5541.9 7752.5 22.1
-5559.7 7752.2 22.0
-5629.0 7752.0 21.4
-5528.5 7761.9 22.5
-5532.5 7772.9 22.6
-5561.1 7771.3 22.2
-5570.4 7769.3 22.1
-5600.5 7770.5 21.6
-5512.2 7780.3 22.9
-5578.1 7778.8 21.9
-5589.9 7778.2 21.7
-6080.3 7184.8 25.0
-6088.6 7184.1 25.3
-6100.7 7195.2 25.6
-6112.9 7210.1 25.5
-6130.4 7208.5 25.9
-6144.5 7220.1 26.0
-6154.2 7229.5 25.7
-6060.9 7235.4 24.6
-6154.7 7239.0 25.6
-6154.5 7245.6 25.5
-6189.6 7258.9 24.6
-6060.4 7269.2 24.2
-6070.7 7269.9 24.3
-6091.8 7270.7 24.6
-6159.7 7269.1 25.2
-6169.3 7267.0 24.9
-6180.7 7264.9 24.7
-6079.4 7279.8 24.3
-6092.7 7277.6 24.5
-6150.4 7279.1 24.9
-6160.7 7277.5 25.0
-6193.4 7276.7 24.4
-6092.7 7284.8 24.4
-6150.7 7284.2 24.8
-6163.1 7289.6 24.9
-6179.9 7286.9 24.5
-6192.5 7285.6 24.3
-6054.8 7298.4 23.8
-6060.5 7295.3 23.9
-6070.9 7296.1 24.0
-6079.6 7300.1 24.1
-6092.9 7295.8 24.3
-6150.1 7295.5 24.6
-6182.4 7297.7 24.4
-6053.5 7307.7 23.7
-6069.7 7305.2 23.9
-6153.1 7306.5 24.5
-6134.5 7317.3 24.4
-6140.6 7320.4 24.3
-6148.2 7316.9 24.4
-6172.1 7319.2 24.3
-6141.3 7328.2 24.3
-6150.8 7325.8 24.3
-6163.1 7330.1 24.2
-6090.0 7334.7 23.8
-6108.6 7338.4 23.9
-6128.5 7340.2 24.1
-6139.5 7334.3 24.2
-6088.1 7350.3 23.6
-6111.0 7346.4 23.9
-6070.6 7358.3 23.3
-6101.2 7359.5 23.6
-6109.3 7359.7 23.7
-6118.5 7354.3 23.9
-6132.7 7358.3 24.0
-6061.5 7365.2 23.1
-6078.9 7364.3 23.3
-6111.5 7366.9 23.6
-6141.4 7366.1 23.9
-6061.7 7379.7 22.9
-6083.0 7376.4 23.2
-6103.1 7379.5 23.4
-6123.5 7376.7 23.7
-6131.0 7380.7 23.7
-6073.4 7387.3 23.0
-6082.0 7386.2 23.1
-6102.3 7384.8 23.3
-6123.2 7385.1 23.6
-6091.4 7398.6 23.0
-6123.4 7394.7 23.4
-6044.1 7407.1 22.4
-6093.7 7404.5 23.0
-6100.0 7410.6 23.0
-6062.2 7420.4 22.4
-6081.9 7419.0 22.7
-6090.7 7416.5 22.8
-6104.3 7419.8 23.0
-5633.4 7430.7 21.0
-5639.5 7427.9 21.0
-5651.8 7429.1 20.9
-5664.3 7426.3 20.7
-5673.7 7427.5 20.6
-5689.7 7430.7 20.4
-5978.2 7425.4 21.4
-6069.9 7428.0 22.5
-6101.6 7426.0 23.0
-5622.8 7435.8 21.1
-5633.7 7437.1 21.0
-5661.3 7437.2 20.8
-5672.9 7435.2 20.7
-5682.9 7440.2 20.6
-5700.1 7435.2 20.3
-5988.7 7439.8 21.4
-6041.9 7436.3 22.1
-5600.6 7446.6 21.1
-5639.0 7445.8 20.9
-5651.7 7445.7 20.8
-5664.2 7444.1 20.7
-5668.4 7446.5 20.6
-5679.2 7444.8 20.6
-5699.8 7449.4 20.4
-5999.1 7448.5 21.4
-6043.7 7446.0 22.1
-6060.5 7447.7 22.3
-6079.4 7450.2 22.6
-5621.5 7458.7 20.7
-5642.5 7455.0 20.7
-5648.2 7459.4 20.6
-5659.0 7455.7 20.6
-5668.9 7458.2 20.5
-5678.9 7454.7 20.5
-5691.6 7460.4 20.4
-6023.1 7454.1 21.8
-6033.2 7460.2 21.9
-6050.3 7454.1 22.2
-6058.3 7455.9 22.3
-5643.6 7465.4 20.5
-5673.3 7469.7 20.3
-5689.1 7466.3 20.3
-6052.8 7469.6 22.2
-6059.7 7469.4 22.3
-5619.7 7477.1 20.6
-5633.4 7474.5 20.5
-5692.8 7479.1 20.1
-5603.0 7488.1 20.6
-5621.0 7487.6 20.5
-5643.9 7487.5 20.3
-5660.4 7488.6 20.2
-5668.7 7489.3 20.2
-5680.5 7486.5 20.1
-6040.6 7485.5 22.0
-5582.2 7494.8 20.7
-5589.2 7498.8 20.6
-5634.3 7497.7 20.4
-5642.9 7495.7 20.3
-5671.5 7496.6 20.1
-5689.5 7494.9 20.0
-6014.0 7499.2 21.5
-5600.6 7508.8 20.5
-5633.9 7504.3 20.3
-5642.6 7506.3 20.2
-5662.3 7508.8 20.1
-6003.2 7509.9 21.3
-6013.7 7508.2 21.5
-5541.0 7516.0 20.9
-5552.2 7514.7 20.8
-5649.9 7518.8 20.1
-5673.7 7517.3 20.0
-5680.8 7518.9 19.9
-5691.6 7519.3 19.8
-6002.2 7515.3 21.3
-5553.2 7528.5 20.7
-5611.8 7530.1 20.3
-5623.4 7529.6 20.2
-5652.6 7529.8 20.0
-5660.0 7528.4 20.0
-5694.8 7529.1 19.8
-5699.7 7529.7 19.7
-5708.9 7528.7 19.7
-5942.0 7525.1 20.5
-5952.8 7527.5 20.7
-5701.6 7538.2 19.7
-5743.6 7534.7 19.4
-5941.4 7537.3 20.7
-5952.9 7537.9 20.8
-6008.9 7536.8 21.4
-6032.9 7535.3 21.7
-6039.0 7537.6 21.8
-5589.0 7550.7 20.3
-5654.5 7549.6 19.9
-5663.8 7550.1 19.9
-5718.7 7550.3 19.5
-5732.0 7544.4 19.5
-5978.2 7548.7 21.3
-6002.3 7546.7 21.5
-6008.3 7550.6 21.6
-5682.1 7556.5 19.7
-5688.9 7559.9 19.7
-5750.9 7555.4 19.3
-5802.9 7556.1 19.0
-5904.6 7556.0 20.4
-5919.3 7554.3 20.6
-5943.5 7556.7 21.0
-5972.7 7560.2 21.4
-5760.1 7568.7 19.2
-5771.8 7568.3 19.2
-5871.7 7565.0 20.0
-5909.1 7567.2 20.6
-5942.8 7570.3 21.1
-6019.8 7565.7 22.0
-5769.8 7574.3 19.3
-5851.2 7577.8 19.9
-5873.4 7574.6 20.2
-5913.3 7578.1 20.8
-5921.0 7579.6 20.9
-5930.7 7577.6 21.0
-5791.4 7590.5 19.1
-5820.6 7588.1 19.6
-5841.6 7585.8 19.9
-5948.6 7589.7 21.4
-5964.5 7590.4 21.6
-5970.3 7588.6 21.7
-5803.2 7599.7 19.4
-5808.6 7597.2 19.5
-5832.2 7596.2 19.8
-5859.0 7598.5 20.3
-5974.3 7597.1 21.8
-5991.2 7599.3 22.1
-5683.6 7606.1 20.0
-5820.8 7604.7 19.7
-5863.9 7608.3 20.4
-5903.7 7608.7 21.0
-5913.6 7610.7 21.2
-5944.3 7605.4 21.5
-5844.5 7615.1 20.2
-5869.3 7615.6 20.6
-5953.4 7614.1 21.8
-5961.2 7615.1 21.9
-5860.6 7630.3 20.6
-5872.8 7624.2 20.7
-5880.0 7630.0 20.9
-5912.3 7626.7 21.4
-5929.4 7627.4 21.6
-5911.0 7635.4 21.4
-5940.8 7645.0 22.0
-5920.9 7655.6 21.8
-5930.5 7658.1 22.0
-5950.8 7654.9 22.2
-5920.2 7669.2 21.9
-5959.9 7670.1 22.5
-5923.6 7675.6 22.0
-5461.6 7522.3 21.3
-5364.7 7532.2 19.1
-5375.8 7533.1 19.2
-5531.4 7533.9 20.8
-5545.8 7530.6 20.7
-5462.8 7540.0 21.1
-5471.6 7538.9 21.2
-5484.8 7544.7 21.1
-5494.5 7543.0 21.0
-5501.8 7543.5 20.9
-5514.4 7541.5 20.9
-5531.8 7540.0 20.8
-5461.4 7552.5 20.6
-5475.5 7551.0 21.1
-5494.2 7551.1 21.0
-5543.8 7559.1 20.6
-5564.7 7560.9 20.4
-5554.4 7571.1 20.4
-5561.9 7573.4 20.4
-5672.4 7603.8 20.0
-4853.1 8307.5 27.0
-4865.4 8308.3 27.1
-4874.8 8311.3 27.1
-4913.5 8308.0 27.3
-4842.8 8318.3 27.0
-4855.4 8320.5 27.1
-4865.9 8322.4 27.2
-4943.8 8321.8 26.8
-4944.4 8348.2 26.3
-4955.5 8356.3 26.5
-4953.6 8368.0 26.6
-4973.8 8371.5 26.2
-4967.2 8382.1 26.3
-4795.1 8389.2 27.5
-4974.4 8392.1 26.2
-4954.6 8396.4 26.6
-4966.6 8396.0 26.3
-4964.9 8406.1 26.4
-4983.7 8411.8 26.3
-4792.4 8421.0 27.8
-4974.3 8417.4 26.4
-4944.9 8429.3 26.8
-4953.5 8430.6 26.7
-4965.8 8426.8 26.6
-4972.8 8430.8 26.6
-4983.2 8431.4 26.5
-4846.7 8442.3 27.4
-4902.7 8439.4 27.6
-4953.6 8441.9 26.9
-4963.1 8441.4 26.8
-4972.5 8438.2 26.7
-4986.0 8440.3 26.6
-4997.6 8437.9 26.5
-4854.3 8448.8 27.5
-4862.7 8446.8 27.5
-4876.0 8447.4 27.6
-4904.1 8446.7 27.6
-4918.5 8451.0 27.3
-4966.5 8445.9 26.8
-4976.0 8448.8 26.8
-5002.8 8447.1 26.5
-4842.1 8460.5 27.6
-4855.4 8460.0 27.7
-4872.1 8456.1 27.8
-4902.9 8458.8 27.6
-4955.6 8455.8 27.0
-4962.9 8457.4 27.0
-4975.5 8456.1 26.8
-4986.1 8455.8 26.8
-4884.2 8469.3 28.0
-4918.2 8471.8 27.5
-4944.5 8469.4 27.2
-4974.5 8469.9 27.0
-5007.0 8467.0 26.7
-5018.6 8469.2 26.7
-4845.2 8478.8 28.0
-4862.9 8480.9 28.2
-4887.3 8477.1 27.9
-4895.5 8480.9 27.7
-4908.1 8476.0 27.6
-4926.1 8478.7 27.5
-4936.2 8475.9 27.4
-4943.2 8481.4 27.4
-4975.8 8481.4 27.1
-4988.0 8478.1 27.0
-4994.4 8480.5 27.0
-5003.4 8480.4 26.9
-4895.5 8487.4 27.8
-4908.1 8486.1 27.7
-4942.1 8487.3 27.4
-4958.4 8489.8 27.3
-4983.9 8486.4 27.1
-4997.7 8487.9 27.0
-4893.2 8501.5 28.0
-4916.7 8498.8 27.8
-4927.6 8498.6 27.7
-4936.8 8498.0 27.6
-4968.5 8496.3 27.3
-5007.6 8498.3 27.2
-5017.6 8498.9 27.2
-4898.6 8511.2 28.0
-4918.7 8511.9 27.9
-4925.2 8512.0 27.8
-4943.3 8506.9 27.6
-4954.2 8506.2 27.6
-5002.2 8508.0 27.4
-4905.3 8520.4 28.1
-4925.7 8522.2 27.9
-4977.5 8518.9 27.7
-4987.3 8521.4 27.7
-5016.9 8522.2 27.5
-4898.5 8529.7 28.2
-4982.2 8531.7 27.8
-5015.8 8528.8 27.5
-4827.3 8537.0 28.9
-4892.5 8538.0 28.4
-4936.0 8541.6 28.3
-5008.6 8539.8 27.7
-4856.8 8549.0 28.8
-4875.0 8552.2 28.7
-4912.3 8547.9 28.4
-4936.9 8549.4 28.3
-5003.4 8546.9 27.8
-4817.9 8558.9 29.3
-4827.4 8561.0 29.1
-4858.6 8556.7 28.8
-4865.4 8559.3 28.8
-4902.8 8561.9 28.7
-4922.4 8562.0 28.5
-4987.7 8558.1 28.0
-4993.0 8556.1 27.9
-5002.6 8557.0 27.9
-4837.0 8569.0 29.1
-4875.6 8569.2 28.9
-4884.0 8569.4 28.9
-4958.7 8567.9 28.3
-4964.0 8565.8 28.2
-4975.6 8569.7 28.2
-4983.7 8568.4 28.1
-5004.3 8572.0 28.0
-4815.7 8576.1 29.4
-4822.7 8581.6 29.4
-4846.4 8578.9 29.2
-4876.4 8576.5 29.0
-5002.9 8578.9 28.1
-4806.0 8589.1 29.6
-4828.6 8587.8 29.4
-4845.7 8591.7 29.4
-4872.2 8588.5 29.1
-4946.8 8590.3 28.6
-4954.0 8585.8 28.5
-4964.8 8586.8 28.4
-4972.9 8588.2 28.4
-4814.0 8598.7 29.7
-4822.5 8595.9 29.6
-4836.1 8597.8 29.5
-4842.5 8596.3 29.4
-4865.2 8598.9 29.3
-4886.3 8597.7 29.1
-4955.1 8598.1 28.6
-4965.5 8597.6 28.5
-4976.3 8596.6 28.4
-4993.2 8596.6 28.3
-4795.7 8607.1 29.9
-4845.3 8611.2 29.4
-4855.8 8609.4 29.4
-4868.2 8607.1 29.3
-4947.6 8607.9 28.6
-4865.1 8616.4 29.3
-4876.7 8622.0 29.2
-4897.3 8622.2 29.0
-4958.1 8621.3 28.5
-4965.2 8620.2 28.4
-4976.9 8617.3 28.4
-4988.3 8621.6 28.2
-4846.2 8627.7 29.4
-4852.4 8631.0 29.3
-4866.0 8629.7 29.2
-4894.1 8631.3 29.0
-4914.4 8628.3 28.8
-4928.1 8628.0 28.7
-4943.3 8631.8 28.6
-4973.5 8629.1 28.3
-4854.6 8642.0 29.3
-4866.6 8640.1 29.2
-4876.0 8640.5 29.1
-4884.8 8637.4 29.1
-4936.8 8637.9 28.6
-4942.1 8641.3 28.6
-4958.4 8636.6 28.5
-4784.2 8646.7 30.4
-4847.4 8649.6 29.3
-4875.8 8648.6 29.1
-4882.3 8646.9 29.0
-4892.6 8650.5 28.9
-4906.0 8647.7 28.8
-4917.0 8647.6 28.8
-4926.9 8647.4 28.7
-4768.5 8662.2 31.1
-4846.5 8656.9 29.4
-4862.6 8659.5 29.2
-4915.1 8662.1 28.7
-4923.1 8657.1 28.7
-4933.8 8659.8 28.6
-4763.2 8671.1 31.3
-4787.3 8672.1 30.9
-4898.0 8670.8 28.8
-4932.3 8667.0 28.6
-4767.6 8676.9 31.5
-4853.7 8679.5 29.5
-4868.5 8680.9 29.2
-4934.9 8678.8 28.5
-4957.5 8681.8 28.3
-4963.9 8680.8 28.3
-4748.3 8687.9 31.2
-4753.7 8686.6 31.3
-4765.7 8692.4 31.7
-4772.5 8687.2 31.8
-4795.4 8692.3 31.3
-4816.3 8690.6 30.7
-4835.2 8691.9 30.2
-4852.6 8692.3 29.7
-4926.4 8689.7 28.6
-4773.9 8701.9 32.1
-4786.5 8696.9 31.7
-4795.7 8696.1 31.5
-4807.8 8696.3 31.1
-4813.3 8700.8 31.1
-4824.3 8698.5 30.7
-4836.7 8702.4 30.5
-4967.1 8699.6 28.2
-4764.6 8710.9 32.0
-4787.0 8708.9 32.1
-4802.9 8711.5 31.8
-4813.5 8712.3 31.5
-4822.9 8711.1 31.2
-4735.7 8717.0 31.5
-4744.4 8718.2 31.7
-4752.7 8716.5 31.9
-4767.7 8721.9 32.3
-4778.2 8716.7 32.5
-4805.1 8720.9 32.0
-4817.9 8720.4 31.6
-4812.7 8731.3 32.1
-4646.3 8738.6 30.6
-4656.6 8739.3 30.7
-4667.9 8742.3 30.9
-4733.3 8741.4 31.9
-4763.5 8735.9 32.5
-4797.4 8737.5 32.8
-4648.4 8749.9 30.8
-4684.4 8745.8 31.1
-4698.4 8747.4 31.3
-4716.1 8747.0 31.6
-4727.8 8748.9 31.9
-4737.1 8751.6 32.1
-4742.7 8746.3 32.2
-4764.7 8747.9 32.7
-4794.6 8746.3 33.1
-4805.9 8748.8 32.9
-4646.2 8760.7 30.9
-4663.0 8761.7 31.1
-4674.0 8758.2 31.2
-4695.7 8759.1 31.4
-4718.6 8759.4 31.8
-4775.7 8757.5 33.1
-4787.0 8761.0 33.5
-4802.7 8757.8 33.3
-4823.9 8762.0 32.8
-4836.8 8759.5 32.3
-4663.3 8766.1 31.1
-4678.4 8767.5 31.3
-4686.4 8771.5 31.5
-4714.1 8769.0 31.9
-4724.6 8770.8 32.2
-4733.9 8767.4 32.3
-4753.5 8768.3 32.8
-4763.6 8766.8 33.0
-4795.4 8772.2 33.9
-4824.5 8770.3 33.1
-4835.6 8766.3 32.6
-4845.1 8771.9 32.5
-4853.8 8770.4 32.2
-4636.5 8781.1 31.0
-4644.8 8777.2 31.1
-4675.3 8776.1 31.4
-4683.6 8781.4 31.6
-4707.7 8779.2 32.0
-4716.7 8780.4 32.2
-4734.0 8779.3 32.6
-4755.6 8777.4 33.0
-4766.2 8781.0 33.3
-4777.8 8782.4 33.6
-4802.6 8776.2 33.9
-4814.3 8778.4 33.6
-4824.6 8779.6 33.4
-4837.6 8780.8 33.0
-4856.0 8782.0 32.5
-4675.7 8787.5 31.6
-4684.5 8788.0 31.7
-4777.2 8786.4 33.7
-4795.8 8787.2 34.2
-4847.2 8786.4 32.9
-4856.1 8790.8 32.8
-4865.1 8790.9 32.6
-4875.2 8790.1 32.3
-4634.5 8799.6 31.2
-4657.9 8802.3 31.5
-4688.0 8801.2 31.9
-4722.3 8799.2 32.7
-4737.0 8798.0 33.0
-4778.6 8799.6 34.0
-4785.4 8796.9 34.1
-4792.7 8798.8 34.3
-4818.1 8797.3 34.1
-4863.8 8802.4 33.0
-4876.0 8798.2 32.5
-4887.6 8795.9 32.1
-4633.9 8806.5 31.3
-4652.1 8805.9 31.5
-4663.7 8810.5 31.7
-4675.8 8811.9 31.9
-4693.6 8808.8 32.2
-4705.4 8809.1 32.4
-4713.9 8807.5 32.6
-4722.7 8810.6 32.9
-4735.7 8808.9 33.1
-4794.8 8808.2 34.5
-4866.2 8806.1 33.0
-4873.8 8810.0 32.9
-4897.0 8807.7 32.3
-4635.9 8818.2 31.5
-4647.0 8821.4 31.7
-4656.4 8819.6 31.7
-4667.4 8819.4 31.9
-4715.5 8819.4 32.9
-4745.5 8816.7 33.5
-4756.2 8818.4 33.8
-4774.1 8816.1 34.2
-4798.2 8819.3 34.8
-4807.2 8819.9 35.0
-4854.4 8819.2 33.8
-4868.4 8819.9 33.4
-4875.2 8820.0 33.3
-4896.9 8818.9 32.7
-4654.9 8827.0 31.8
-4665.7 8826.8 31.9
-4673.9 8831.1 32.1
-4713.4 8827.9 33.0
-4724.9 8830.3 33.3
-4746.8 8830.4 33.8
-4768.3 8829.6 34.3
-4787.8 8830.8 34.8
-4858.1 8832.0 34.1
-4887.3 8832.0 33.1
-4926.8 8828.3 31.5
-4694.0 8837.9 32.7
-4716.1 8836.0 33.2
-4735.9 8838.2 33.7
-4744.6 8839.0 33.9
-4777.4 8838.3 34.7
-4784.9 8837.3 34.8
-4815.0 8840.2 35.6
-4824.7 8837.2 35.2
-4856.2 8839.5 34.5
-4866.4 8841.7 34.0
-4875.9 8837.8 33.6
-5480.4 7322.3 22.2
-5499.7 7332.3 22.1
-5510.6 7338.3 22.0
-5522.2 7353.9 22.0
-5480.3 7361.4 22.7
-5561.7 7362.5 21.5
-5573.0 7361.4 21.3
-5481.3 7368.8 22.6
-5497.4 7373.3 22.5
-5511.2 7373.3 22.4
-5550.9 7369.1 21.7
-5567.5 7369.3 21.5
-5580.7 7374.0 21.3
-5590.3 7373.0 21.2
-5602.7 7373.0 21.1
-5613.3 7372.3 21.1
-5420.8 7382.1 22.9
-5450.8 7382.5 22.7
-5464.0 7380.3 22.7
-5507.7 7381.0 22.3
-5541.8 7378.3 22.0
-5547.9 7380.5 21.9
-5580.5 7383.0 21.5
-5418.6 7391.3 22.9
-5447.8 7393.6 22.6
-5461.9 7388.3 22.6
-5481.1 7391.8 22.4
-5530.9 7393.3 22.1
-5577.4 7389.0 21.6
-5643.4 7388.0 20.9
-5417.8 7400.4 22.8
-5430.6 7399.2 22.7
-5439.8 7402.1 22.6
-5453.5 7403.0 22.5
-5458.5 7403.4 22.5
-5508.8 7400.3 22.2
-5542.6 7398.6 21.9
-5582.9 7402.5 21.6
-5508.7 7409.9 22.1
-5532.3 7411.6 21.9
-5560.3 7408.3 21.7
-5442.9 7423.1 22.1
-5450.8 7418.8 22.2
-5523.9 7422.7 21.9
-5538.8 7421.3 21.8
-5447.5 7429.1 22.0
-5480.2 7430.4 21.8
-5532.7 7431.1 21.7
-5551.6 7433.7 21.6
-5564.0 7433.0 21.5
-5491.7 7443.4 21.6
-5501.2 7439.4 21.6
-5540.4 7442.9 21.3
-5599.2 7438.5 21.2
-5388.8 7452.2 21.0
-5488.7 7452.7 21.6
-5499.0 7451.1 21.5
-5509.1 7452.1 21.4
-5542.6 7450.6 21.2
-5438.7 7464.4 21.8
-5461.3 7461.5 21.7
-5480.8 7461.8 21.6
-5499.5 7458.0 21.5
-5529.8 7460.2 21.3
-5432.0 7474.1 21.7
-5441.1 7471.8 21.8
-5507.6 7470.0 21.3
-5523.9 7470.2 21.2
-5392.6 7482.3 20.2
-5492.4 7480.3 21.4
-5507.7 7493.2 21.2
-5403.7 7502.8 20.1
-5413.5 7499.3 20.5
-5010.7 7619.6 21.8
-5021.7 7618.7 22.0
-5013.4 7624.3 21.9
-4993.0 7639.3 21.7
-4986.1 7649.2 21.7
-4991.3 7644.4 21.7
-5021.5 7646.6 22.3
-4986.2 7654.5 21.7
-4990.4 7655.8 21.8
-4985.3 7667.1 21.9
-5445.4 7628.8 21.3
-5463.8 7631.8 21.2
-5450.7 7641.9 21.4
-5471.7 7651.7 21.4
-5454.9 7661.2 21.6
-5514.7 7718.4 22.0
-5493.8 7731.1 22.3
-5846.5 8091.6 21.1
-5836.4 8102.7 20.9
-5844.9 8100.7 20.9
-5763.3 8110.1 21.2
-5775.8 8110.4 21.1
-5831.8 8114.3 20.6
-5842.6 8111.5 20.8
-5751.5 8128.3 20.8
-5894.4 8144.2 22.3
-5752.8 8148.3 20.3
-5833.8 8150.3 21.0
-5902.4 8152.4 22.6
-5741.6 8162.2 20.0
-5751.8 8162.5 19.9
-5786.2 8162.4 20.0
-5803.3 8163.0 20.4
-5817.2 8164.5 20.7
-5821.9 8159.5 20.8
-5842.3 8164.5 21.3
-5856.3 8162.9 21.6
-5866.8 8159.7 21.8
-5871.7 8161.8 22.0
-5692.1 8170.4 20.1
-5704.8 8170.1 20.1
-5712.7 8168.4 20.1
-5733.6 8170.1 19.9
-5752.3 8173.8 19.7
-5763.8 8172.3 19.6
-5811.2 8171.3 20.7
-5827.0 8173.9 21.1
-5857.3 8168.3 21.7
-5695.3 8183.3 19.8
-5706.1 8183.3 19.7
-5731.2 8180.4 19.6
-5746.7 8180.1 19.5
-5755.9 8179.4 19.5
-5776.3 8183.3 20.0
-5781.2 8182.2 20.1
-5792.0 8180.8 20.3
-5805.3 8182.2 20.6
-5826.0 8184.7 21.1
-5831.8 8180.3 21.2
-5846.8 8179.4 21.6
-5874.2 8179.0 22.2
-5881.9 8183.3 22.4
-5905.9 8180.0 22.9
-5685.9 8190.4 19.7
-5704.0 8193.3 19.5
-5715.8 8190.4 19.5
-5723.7 8194.8 19.3
-5731.4 8192.0 19.3
-5746.0 8191.2 19.4
-5765.3 8194.7 19.8
-5771.1 8191.9 20.0
-5783.3 8194.6 20.3
-5811.1 8192.8 20.9
-5685.5 8199.9 19.4
-5694.1 8204.2 19.3
-5766.0 8203.6 19.9
-5776.0 8204.7 20.2
-5782.8 8200.8 20.3
-5916.1 8199.4 23.4
-5685.8 8210.8 19.2
-5705.9 8214.1 19.0
-5743.2 8212.6 19.5
-5703.9 8221.7 18.8
-5712.0 8218.3 18.9
-5731.4 8222.3 19.3
-5921.7 8224.3 24.0
-5701.3 8229.6 18.7
-5716.3 8234.3 19.1
-5725.4 8231.5 19.3
-5693.6 8240.8 18.6
-5701.5 8240.5 18.8
-5713.2 8244.5 19.1
-5921.4 8240.7 24.2
-5674.4 8261.4 18.4
-5691.2 8258.5 18.8
-5933.2 8268.9 25.2
-5666.9 8278.4 18.9
-5654.6 8293.4 19.7
-5665.2 8303.5 20.2
-5811.3 8302.9 23.4
-5953.9 8301.4 25.7
-5653.7 8312.1 20.9
-5664.5 8311.6 20.7
-5746.1 8311.8 22.5
-5955.5 8312.9 25.8
-5642.9 8322.1 21.6
-5657.1 8324.7 21.6
-5665.4 8319.1 21.2
-5741.4 8318.3 22.7
-5787.6 8321.6 23.9
-5796.4 8322.6 24.1
-5801.1 8323.7 24.3
-5863.0 8322.5 25.6
-5766.7 8332.4 24.0
-5787.0 8330.1 24.3
-5791.5 8330.4 24.5
-5805.4 8331.6 24.8
-5867.5 8332.1 26.2
-5867.4 8343.7 26.7
-5884.1 8342.5 26.9
-5955.0 8340.5 26.7
-5633.2 8353.1 23.6
-5671.6 8352.1 23.2
-5782.4 8353.8 25.5
-5884.4 8348.3 27.1
-5892.4 8354.4 27.4
-5946.5 8351.2 27.4
-5652.8 8364.4 24.1
-5784.5 8359.3 25.9
-5865.5 8358.7 27.2
-5886.3 8359.2 27.5
-5893.5 8362.2 27.7
-5935.1 8364.1 28.2
-5942.5 8362.8 27.9
-5677.1 8372.7 24.4
-5794.2 8371.7 26.8
-5803.3 8372.1 26.9
-5862.8 8372.3 27.7
-5875.4 8374.5 27.9
-5885.6 8370.2 27.9
-5913.4 8368.3 28.2
-5931.8 8369.7 28.4
-5662.5 8379.7 25.0
-5862.8 8379.6 28.0
-5872.2 8382.2 28.2
-5904.7 8378.3 28.4
-5796.7 8391.3 27.9
-5802.5 8390.6 27.9
-5824.4 8394.1 28.4
-5917.3 8390.2 29.2
-5945.6 8390.8 28.6
-5951.3 8394.1 28.4
-5962.1 8392.2 28.0
-5783.5 8404.8 28.7
-5824.3 8404.0 29.1
-5842.9 8398.6 28.9
-5855.0 8404.5 29.5
-5917.0 8399.1 29.3
-5971.2 8403.3 27.7
-5733.8 8410.7 27.8
-5745.0 8411.1 28.2
-5775.5 8413.9 29.2
-5815.4 8409.9 29.4
-5834.8 8412.6 29.8
-5845.6 8413.5 30.0
-5966.4 8411.8 27.6
-5734.3 8422.8 28.7
-5744.9 8422.1 29.0
-5776.3 8418.8 29.6
-5783.5 8421.8 29.9
-5806.1 8424.6 30.3
-5814.2 8423.0 30.3
-5832.4 8419.4 30.2
-5965.2 8419.5 27.5
-5734.9 8431.0 29.3
-5753.2 8432.4 30.0
-5765.6 8429.5 30.1
-5775.8 8430.9 30.4
-5786.5 8429.9 30.5
-5947.2 8433.4 27.6
-5964.5 8431.7 27.2
-5346.5 7447.7 20.9
-5323.3 7460.2 20.9
-5336.0 7456.8 20.7
-5281.8 7466.7 21.9
-5343.2 7469.1 20.2
-5225.7 7488.8 21.9
-5264.7 7484.4 21.9
-5292.5 7485.2 21.2
-5356.5 7488.9 19.5
-5224.8 7494.6 21.8
-5235.4 7495.5 21.8
-5244.9 7495.9 21.9
-5256.8 7495.1 21.9
-5286.4 7494.5 21.1
-5352.2 7497.0 19.5
-5305.7 7510.7 20.2
-5156.6 7472.1 21.5
-5159.1 7480.0 21.4
-5162.2 7496.4 21.3
-5108.6 7499.5 20.5
-5056.4 7482.8 20.3
-4920.7 7500.4 19.7
-4927.8 7508.6 19.8
-4939.0 7510.5 19.8
-4960.0 7508.3 19.8
-4965.7 7513.7 19.8
-5017.9 7511.4 20.0
-4966.4 7520.3 19.9
-5028.8 7523.2 20.0
-4967.3 7527.8 19.9
-5039.3 8114.3 27.3
-5106.0 8115.7 26.8
-5018.4 8125.1 27.7
-5091.6 8120.1 27.0
-5095.6 8121.0 26.9
-5108.3 8136.2 26.9
-5110.1 8145.1 26.8
-5096.4 8150.3 27.0
-5109.8 8153.4 26.8
-4987.1 8160.8 28.0
-4995.7 8165.0 27.9
-5021.2 8161.3 27.7
-5041.4 8162.4 27.4
-5048.6 8163.6 27.3
-4981.4 8175.8 27.9
-5008.5 8172.7 27.7
-5026.5 8176.6 27.4
-5000.1 8180.6 27.6
-5007.6 8180.8 27.6
-5016.6 8182.5 27.4
-5029.0 8184.1 27.3
-5039.2 8186.5 27.1
-5002.1 8192.2 27.5
-5050.4 8191.3 27.0
-5057.2 8192.8 26.9
-5049.5 8201.9 26.8
-5056.8 8212.5 26.6
-5027.2 8225.9 26.7
-5050.0 8225.8 26.5
-5058.5 8222.0 26.5
-5076.6 8223.5 26.3
-5090.7 8224.6 26.1
-5025.5 8230.3 26.7
-5036.2 8233.9 26.5
-5101.3 8235.2 25.8
-5030.0 8245.1 26.3
-5068.3 8240.9 26.0
-5025.6 8253.7 26.1
-5038.0 8254.1 26.0
-5045.5 8266.1 25.9
-5037.0 8270.1 25.9
-5046.4 8282.0 25.8
-5058.0 8305.0 25.6
-5061.3 8313.5 25.6
-5140.3 8316.0 25.2
-5059.5 8322.2 25.6
-5069.6 8321.9 25.5
-5100.2 8321.7 25.4
-5119.3 8322.2 25.4
-5065.9 8330.2 25.6
-5078.5 8331.5 25.6
-5086.7 8331.2 25.5
-5085.9 8342.7 25.5
-5109.6 8342.1 25.4
-5079.6 8355.9 25.5
-5101.2 8356.2 25.5
-5119.6 8351.1 25.4
-5080.8 8364.7 25.6
-5088.3 8365.8 25.6
-5099.5 8362.8 25.6
-5116.1 8360.6 25.5
-5092.0 8373.0 25.7
-5098.4 8371.4 25.6
-5106.6 8370.8 25.6
-5106.2 8383.3 25.7
-5118.5 8385.9 25.7
-5100.5 8403.1 25.8
-5127.4 8401.5 25.8
-5108.8 8414.4 25.9
-5125.9 8422.4 25.9
-5116.4 8433.4 25.9
-5131.6 8445.2 26.0
-5140.4 8441.8 25.9
-5138.8 8454.2 26.0
-5148.1 8454.3 25.9
-5157.7 8460.8 25.9
-5139.2 8476.3 26.1
-5149.2 8476.3 26.1
-5141.2 8480.4 26.2
-5169.3 8481.7 26.0
-5179.5 8482.1 25.9
-5176.7 8564.2 26.4
-5477.5 7045.1 23.0
-5437.7 7056.5 22.7
-5486.2 7074.9 23.0
-5404.9 7081.6 22.6
-5412.8 7083.3 22.6
-5425.7 7081.5 22.7
-5493.2 7092.7 23.6
-5426.5 7104.5 22.9
-5457.3 7101.1 23.3
-5423.7 7114.0 23.2
-5414.0 7122.2 23.2
-5385.1 7142.2 23.1
-5402.1 7146.7 23.3
-5428.4 7143.0 23.5
-5427.7 7175.5 23.5
-5273.8 7183.9 22.1
-5416.3 7183.9 23.3
-5426.9 7181.0 23.5
-5288.4 7192.9 22.3
-5295.5 7197.5 22.4
-5376.2 7191.1 22.9
-5386.9 7196.8 23.0
-5427.6 7191.4 23.7
-5293.1 7203.8 22.5
-5366.6 7204.1 23.0
-5386.0 7204.6 23.1
-5288.2 7216.1 22.6
-5368.1 7214.1 23.1
-5373.1 7212.3 23.1
-5386.7 7211.6 23.2
-5256.6 7223.9 22.4
-5274.9 7224.2 22.6
-5284.9 7223.1 22.6
-5294.2 7226.8 22.7
-5308.6 7225.2 22.8
-5377.5 7221.8 23.3
-5328.5 7237.4 23.1
-5363.5 7236.7 23.3
-5376.6 7236.0 23.3
-5253.2 7245.7 22.7
-5263.0 7246.5 22.8
-5282.7 7245.1 22.9
-5325.2 7241.2 23.1
-5336.2 7244.7 23.2
-5365.6 7244.0 23.4
-5373.1 7242.5 23.4
-5397.9 7242.1 23.1
-5458.6 7247.1 23.2
-5297.4 7251.8 23.1
-5306.3 7256.3 23.2
-5327.8 7254.7 23.3
-5332.7 7253.9 23.3
-5293.4 7265.6 23.2
-5255.2 7273.1 23.0
-5274.4 7272.5 23.1
-5288.3 7274.3 23.3
-5318.6 7273.2 23.5
-5323.9 7273.7 23.5
-5332.7 7272.5 23.5
-5252.8 7286.4 23.2
-5297.2 7283.2 23.4
-5257.5 7297.2 23.3
-5276.7 7291.2 23.4
-5284.4 7292.2 23.4
-5307.6 7292.2 23.6
-5333.6 7295.2 23.7
-5344.1 7293.6 23.6
-5387.7 7294.7 23.1
-5266.6 7302.8 23.4
-5274.9 7303.5 23.5
-5292.3 7304.2 23.6
-5312.9 7305.7 23.8
-5333.3 7305.3 23.7
-5377.4 7307.4 23.2
-5398.5 7302.1 22.9
-5247.4 7314.4 23.6
-5288.2 7312.5 23.7
-5293.6 7317.0 23.8
-5315.0 7316.9 23.9
-5324.5 7311.3 23.8
-5332.9 7315.2 23.7
-5387.9 7315.7 23.0
-5276.6 7321.0 23.7
-5283.2 7321.7 23.8
-5318.2 7324.9 23.9
-5342.1 7325.3 23.6
-5353.2 7323.9 23.4
-5397.5 7326.5 22.9
-5432.4 7324.0 23.0
-5255.5 7336.5 23.8
-5265.3 7332.5 23.8
-5318.5 7334.3 23.9
-5393.7 7332.3 23.0
-5242.4 7346.9 23.7
-5282.8 7346.0 24.1
-5292.9 7342.5 24.1
-5306.9 7343.8 24.0
-5358.3 7342.0 23.3
-5385.4 7346.7 23.2
-5395.3 7347.5 23.3
-5253.4 7355.0 23.9
-5267.9 7351.4 24.1
-5297.8 7352.7 24.1
-5316.3 7352.7 23.8
-5352.3 7352.2 23.4
-5404.9 7353.5 23.3
-5412.2 7351.8 23.2
-5328.6 7365.0 23.7
-5336.8 7362.5 23.6
-5387.2 7366.3 23.2
-5237.5 7371.2 23.7
-5294.8 7374.9 24.0
-5327.8 7371.8 23.6
-5394.2 7374.1 23.1
-5412.2 7376.1 23.0
-5286.3 7385.1 23.7
-5295.5 7384.5 23.7
-5303.4 7384.9 23.7
-5344.8 7383.2 23.2
-5378.6 7387.3 22.9
-5407.1 7380.9 22.9
-5237.7 7393.3 23.5
-5246.9 7396.6 23.6
-5256.4 7395.1 23.8
-5296.4 7392.7 23.4
-5302.8 7391.5 23.2
-5326.8 7394.8 23.2
-5342.2 7396.2 23.0
-5358.2 7395.3 22.8
-5383.6 7395.5 22.7
-5403.3 7395.4 22.8
-5356.9 7405.4 22.7
-5386.1 7404.6 22.4
-5406.6 7404.3 22.6
-5267.4 7416.0 23.5
-5285.0 7412.1 23.1
-5293.7 7411.7 22.9
-5368.1 7413.3 22.4
-5245.8 7422.7 23.2
-5263.1 7425.8 23.3
-5344.5 7423.5 21.9
-5353.8 7425.5 21.9
-5368.1 7422.9 22.1
-5386.6 7435.9 21.5
-5226.7 7442.9 22.7
-5385.2 7441.2 21.2
-5212.8 7154.3 21.7
-5238.1 7151.7 21.7
-5150.5 7163.0 21.6
-5159.6 7162.7 21.6
-5177.9 7161.0 22.0
-5193.9 7160.9 21.9
-5198.2 7161.1 21.9
-5210.2 7163.9 21.8
-5131.8 7171.3 21.4
-5141.8 7169.3 21.5
-5163.0 7169.7 21.8
-5173.8 7169.2 21.9
-5090.4 7182.5 21.1
-5170.6 7185.3 21.9
-5188.7 7184.4 22.0
-5207.8 7183.9 21.9
-5068.9 7189.6 20.9
-5088.5 7190.7 21.1
-5100.4 7191.0 21.2
-5124.1 7189.9 21.4
-5128.5 7192.7 21.4
-5158.9 7194.6 21.7
-5170.7 7191.1 21.9
-5181.9 7191.2 22.1
-5243.8 7189.7 21.9
-5059.9 7199.5 20.7
-5073.1 7202.0 20.9
-5077.8 7202.3 20.9
-5183.4 7199.3 22.1
-5032.5 7211.6 20.5
-5042.4 7212.6 20.5
-5049.6 7209.5 20.6
-5182.9 7211.2 22.2
-5024.1 7221.3 20.3
-5031.7 7222.0 20.4
-5040.9 7219.8 20.5
-5089.8 7224.8 21.0
-5123.7 7220.4 21.3
-5172.5 7221.5 22.1
-5197.9 7219.5 22.4
-5009.8 7232.3 20.2
-5029.2 7229.5 20.4
-5194.4 7235.0 22.4
-5002.7 7244.0 20.1
-5019.9 7242.2 20.3
-5081.6 7240.4 20.9
-5161.8 7242.7 22.0
-5171.1 7242.6 22.1
-5183.5 7239.7 22.3
-5202.7 7242.8 22.6
-5212.1 7245.1 22.8
-4990.7 7252.3 20.0
-5001.2 7253.3 20.1
-5140.7 7250.9 21.7
-5162.0 7251.2 22.0
-5169.4 7249.2 22.1
-5182.2 7250.8 22.3
-5191.9 7252.4 22.5
-5200.2 7252.9 22.6
-5210.2 7253.0 22.8
-5079.2 7262.8 20.9
-5089.8 7259.2 21.0
-5100.2 7262.0 21.2
-5110.5 7258.8 21.3
-5123.2 7260.7 21.5
-5130.1 7264.0 21.6
-5140.9 7261.4 21.8
-5164.1 7264.9 22.1
-5173.6 7259.8 22.2
-5213.6 7262.9 22.9
-5224.1 7265.0 23.0
-5243.5 7262.5 22.9
-5100.9 7269.2 21.2
-5122.3 7272.8 21.5
-5129.0 7275.1 21.6
-5139.0 7273.6 21.8
-5161.1 7274.5 22.1
-5172.4 7269.2 22.3
-5193.5 7270.5 22.6
-5202.0 7274.6 22.7
-5223.3 7271.6 23.1
-4960.6 7284.7 19.6
-5031.4 7280.2 20.3
-5088.5 7283.7 21.1
-5130.6 7278.8 21.7
-5140.9 7280.7 21.8
-5148.4 7283.8 22.0
-5168.6 7281.7 22.3
-5193.2 7280.6 22.6
-5203.0 7282.8 22.8
-5221.8 7282.1 23.1
-4964.2 7294.0 19.6
-5019.8 7294.8 20.2
-5051.2 7294.7 20.6
-5093.2 7288.9 21.2
-5102.5 7292.8 21.3
-5121.4 7291.7 21.6
-5141.7 7291.6 21.9
-5152.3 7292.7 22.1
-5192.7 7294.6 22.7
-5201.0 7291.5 22.8
-5214.0 7291.1 23.0
-5223.3 7290.9 23.1
-4953.2 7299.8 19.5
-4984.1 7302.9 19.8
-4999.7 7304.7 19.9
-5011.9 7301.3 20.1
-5019.0 7304.7 20.2
-5069.9 7304.0 20.9
-5082.3 7299.0 21.1
-5138.7 7301.7 21.9
-5162.0 7304.0 22.3
-5183.5 7304.0 22.6
-5198.7 7301.5 22.8
-4958.4 7310.6 19.5
-5013.1 7314.5 20.2
-5041.2 7310.6 20.5
-5052.3 7315.2 20.7
-5062.5 7310.4 20.8
-5071.8 7310.9 21.0
-5084.3 7310.4 21.2
-4970.8 7325.1 19.7
-4990.7 7324.1 19.9
-5032.9 7323.9 20.5
-5038.4 7324.7 20.6
-5053.6 7319.4 20.8
-5057.9 7323.9 20.8
-5120.5 7321.9 21.7
-5138.7 7321.7 22.0
-5163.3 7320.8 22.4
-5193.1 7325.2 22.8
-4928.6 7330.3 19.3
-5053.8 7331.4 20.8
-5061.0 7335.0 20.9
-5081.5 7329.7 21.2
-5100.6 7334.7 21.5
-5152.5 7335.1 22.3
-5181.7 7332.0 22.7
-5191.3 7335.1 22.9
-5203.3 7334.9 23.0
-4922.4 7342.1 19.3
-4949.3 7339.9 19.6
-4979.1 7343.7 20.0
-4990.1 7344.3 20.1
-5063.3 7342.4 21.0
-5083.3 7340.0 21.3
-5110.0 7339.6 21.6
-5119.2 7342.8 21.8
-5128.4 7343.2 21.9
-5164.3 7345.1 22.5
-4909.5 7355.3 19.3
-4918.1 7354.8 19.4
-4934.0 7350.8 19.5
-4948.2 7351.9 19.7
-4961.4 7351.8 19.8
-4972.0 7348.9 19.9
-4978.3 7352.3 20.0
-5021.8 7355.0 20.6
-5061.0 7350.5 21.0
-5073.0 7351.0 21.2
-5094.3 7354.2 21.5
-5100.6 7355.2 21.6
-5118.5 7350.4 21.8
-5140.1 7351.2 22.2
-5151.8 7351.0 22.3
-5158.3 7352.6 22.4
-5180.4 7349.7 22.8
-5190.4 7348.9 22.9
-4924.0 7363.1 19.5
-4934.2 7360.6 19.6
-4942.3 7364.7 19.7
-4949.6 7359.9 19.8
-4958.1 7360.1 19.9
-4971.6 7360.8 20.0
-4979.2 7361.6 20.1
-5010.0 7365.1 20.5
-5020.5 7364.9 20.7
-5101.8 7359.1 21.6
-5128.9 7365.2 22.0
-5140.4 7364.8 22.2
-5173.0 7364.0 22.7
-4902.0 7374.2 19.3
-4917.9 7371.2 19.5
-5011.2 7369.5 20.6
-5040.7 7374.1 21.0
-5053.4 7369.2 21.1
-5133.1 7368.9 22.1
-5164.4 7370.5 22.6
-5181.5 7369.9 22.8
-5100.5 7379.7 21.5
-5111.8 7379.7 21.6
-5129.2 7381.0 21.9
-5161.4 7380.0 22.4
-4921.9 7390.5 19.7
-5114.1 7389.9 21.6
-5120.7 7389.3 21.7
-5159.6 7391.2 22.3
-5170.7 7394.6 22.4
-5120.1 7399.9 21.6
-5150.7 7399.6 22.1
-5158.5 7403.5 22.1
-5168.9 7404.9 22.3
-5178.6 7403.3 22.5
-5189.5 7405.1 22.6
-5122.4 7411.1 21.5
-5139.3 7412.2 21.8
-5112.5 7424.5 21.2
-5122.3 7424.2 21.4
-5130.6 7420.4 21.5
-5144.4 7420.5 21.8
-5173.4 7422.8 22.2
-5181.3 7421.4 22.3
-5194.4 7423.1 22.5
-5201.7 7424.6 22.6
-5208.6 7424.7 22.7
-5118.2 7429.6 21.3
-5142.9 7431.3 21.6
-5152.7 7432.9 21.8
-5113.9 7442.7 21.1
-5118.8 7445.0 21.1
-5180.8 7443.8 22.1
-5024.7 7384.2 20.9
-4949.0 7413.9 20.2
-4979.4 7415.2 20.4
-4985.0 7412.3 20.4
-4994.0 7412.8 20.5
-4923.6 7422.1 19.9
-4936.3 7420.2 20.0
-4948.6 7425.4 20.1
-4966.1 7423.5 20.2
-4984.5 7420.0 20.4
-4995.0 7424.9 20.4
-5008.9 7425.1 20.5
-5019.7 7425.3 20.5
-4938.4 7430.5 20.0
-4944.0 7430.7 20.0
-4995.9 7431.7 20.3
-5017.2 7434.2 20.5
-4938.3 7442.0 19.9
-4944.6 7440.7 19.9
-4958.9 7443.3 20.0
-4978.2 7442.1 20.1
-4938.2 7452.5 19.8
-4979.1 7451.1 20.1
-5014.2 7452.3 20.3
-5023.5 7450.0 20.4
-4909.7 7460.7 19.7
-4928.8 7462.2 19.7
-4933.6 7463.9 19.7
-4948.1 7463.5 19.8
-4955.5 7461.8 19.8
-4935.4 7470.4 19.7
-4986.7 7483.9 19.9
-4974.8 8185.2 27.9
-4889.1 8042.3 28.3
-4907.6 8082.0 28.4
-5480.0 7779.7 23.3
-5646.5 7747.9 21.2
-5636.6 7769.9 21.2
-5654.0 7769.8 21.0
-5675.3 7767.5 20.8
-5644.3 7781.4 21.1
-5654.9 7776.9 21.0
-5592.7 7788.7 21.7
-5654.1 7790.0 21.0
-5536.5 7799.1 22.3
-5563.3 7795.2 22.0
-5662.8 7800.6 20.9
-5481.8 7808.7 22.8
-5652.0 7806.9 21.0
-5661.9 7805.5 20.9
-5474.1 7818.7 22.8
-5516.5 7815.5 22.4
-5523.9 7817.1 22.3
-5535.9 7816.0 22.2
-5626.0 7816.8 21.1
-5651.5 7818.7 20.9
-5503.3 7831.1 22.2
-5625.0 7828.5 21.2
-5484.4 7835.2 22.4
-5544.1 7839.7 21.9
-5493.2 7846.6 22.2
-5491.7 7856.1 22.1
-5501.7 7859.0 22.0
-5657.2 7850.1 21.0
-5703.5 7850.0 20.6
-5645.0 7857.0 21.1
-5664.2 7869.9 20.9
-5707.4 7867.2 20.7
-5715.6 7863.9 20.6
-5663.9 7876.0 20.8
-5673.1 7876.5 20.8
-5695.5 7879.6 20.6
-5664.3 7884.7 20.8
-5708.6 7886.9 20.6
-5513.3 7898.3 21.5
-5537.3 7897.8 21.4
-5516.3 7904.3 21.5
-5667.3 7907.9 21.1
-5696.8 7910.3 21.0
-5703.6 7907.7 20.9
-5494.7 7915.6 21.6
-5528.7 7917.7 21.4
-5693.2 7913.8 21.0
-5727.8 7916.0 20.9
-5498.1 7930.0 21.6
-5657.0 7938.0 21.5
-5686.9 7936.7 21.3
-5694.6 7934.2 21.2
-5717.9 7934.8 21.1
-5675.7 7951.0 21.5
-5636.4 7965.4 21.8
-5670.9 7963.5 21.6
-5680.1 7965.2 21.6
-5606.7 7973.9 22.1
-5616.9 7973.3 22.0
-5630.6 7973.2 21.9
-5635.3 7975.1 21.9
-5649.2 7973.5 21.8
-5666.4 7972.7 21.7
-5479.9 7982.0 22.8
-5515.8 7981.2 22.6
-5551.0 7985.5 22.5
-5601.0 7985.1 22.2
-5651.2 7983.9 21.9
-5655.5 7981.8 21.9
-5678.2 7982.4 21.8
-5485.9 7990.0 22.9
-5496.2 7995.3 22.9
-5505.7 7993.9 22.8
-5518.5 7995.6 22.7
-5541.2 7989.4 22.6
-5548.3 7995.3 22.6
-5558.1 7994.2 22.5
-5657.1 7992.1 22.0
-5685.4 7993.1 21.8
-5509.5 8003.5 22.8
-5527.4 8004.7 22.8
-5547.7 8003.7 22.6
-5557.1 8001.2 22.6
-5570.7 8000.6 22.5
-5587.9 8004.1 22.4
-5617.8 8004.9 22.3
-5705.7 7999.4 21.8
-5520.6 8009.4 22.8
-5527.4 8012.1 22.8
-5567.1 8009.8 22.6
-5580.1 8011.9 22.5
-5646.4 8013.1 22.2
-5675.2 8014.6 22.0
-5539.7 8024.3 22.8
-5557.3 8024.0 22.7
-5569.4 8021.9 22.6
-5580.0 8024.8 22.6
-5648.9 8022.7 22.2
-5657.6 8025.1 22.2
-5685.3 8021.9 22.0
-5549.1 8035.1 22.8
-5566.0 8033.2 22.7
-5616.1 8029.7 22.5
-5630.8 8033.1 22.4
-5651.2 8035.0 22.4
-5679.9 8031.7 22.2
-5690.7 8034.6 22.2
-5700.9 8033.7 22.2
-5555.3 8040.3 22.9
-5566.2 8042.1 22.8
-5648.1 8044.5 22.5
-5568.0 8054.5 23.0
-5577.8 8051.9 22.9
-5655.8 8052.0 22.6
-5665.6 8053.0 22.6
-5576.3 8063.8 22.9
-5707.8 8059.7 22.4
-5726.9 8063.7 22.3
-5737.0 8059.5 22.3
-5689.8 8081.5 22.4
-5737.1 8092.6 21.8
-5700.3 8102.4 21.8
-5730.6 8099.1 21.7
-5484.6 8028.2 23.1
-5458.1 8033.5 23.3
-5469.4 8045.4 23.3
-5476.1 8057.3 23.4
-5490.2 8057.3 23.4
-5498.7 8057.9 23.3
-5514.4 8059.5 23.2
-5455.0 8067.6 23.3
-5469.0 8064.8 23.3
-5498.1 8065.4 23.2
-5515.7 8067.2 23.1
-5528.8 8065.2 23.1
-5459.3 8077.1 23.3
-5480.3 8072.9 23.2
-5507.0 8079.0 23.1
-5539.6 8073.8 23.0
-5549.9 8077.1 22.9
-5445.5 8089.1 23.3
-5456.9 8086.2 23.3
-5480.7 8084.8 23.2
-5489.9 8089.0 23.1
-5500.5 8085.9 23.1
-5508.3 8084.2 23.1
-5518.6 8085.6 23.0
-5548.7 8085.3 22.9
-5559.0 8083.4 22.9
-5454.6 8093.7 23.3
-5468.1 8093.3 23.2
-5477.3 8097.2 23.2
-5497.6 8099.0 23.1
-5558.3 8093.3 22.9
-5577.3 8096.8 22.7
-5467.0 8103.9 23.2
-5488.0 8108.6 23.0
-5507.5 8104.8 23.0
-5517.0 8108.3 22.8
-5527.8 8107.4 22.8
-5568.1 8106.4 22.5
-5587.0 8106.2 22.4
-5489.0 8113.7 22.9
-5504.8 8119.3 22.6
-5570.2 8115.9 22.3
-5578.6 8115.7 22.2
-5584.7 8118.5 22.1
-5467.9 8128.3 22.6
-5490.8 8128.3 22.5
-5508.1 8125.8 22.4
-5535.6 8124.9 22.3
-5600.2 8124.8 21.9
-5485.5 8136.0 22.3
-5534.9 8135.4 22.0
-5599.3 8133.5 21.6
-5536.4 8165.7 21.3
-5470.9 8169.0 22.4
-5480.1 8185.9 22.0
-5489.8 8188.0 21.8
-5497.9 8198.9 21.6
-5491.0 8218.6 21.5
-5491.1 8226.8 21.5
-5448.4 8240.4 22.5
-5453.0 8245.0 22.4
-5471.6 8244.6 22.0
-5490.7 8249.7 21.6
-5512.1 8247.8 21.1
-5548.4 8250.2 20.3
-5507.8 8255.9 21.2
-5528.6 8255.3 20.7
-5541.4 8257.0 20.5
-5549.9 8255.2 20.3
-5560.3 8258.9 20.1
-5498.0 8270.0 21.5
-5518.9 8266.8 21.0
-5526.5 8269.0 20.9
-5540.6 8270.0 20.6
-5630.3 8266.2 18.5
-5476.5 8280.3 22.3
-5509.1 8277.7 21.5
-5519.7 8275.4 21.2
-5542.1 8280.0 20.9
-5558.1 8278.1 20.5
-5471.7 8287.5 22.7
-5503.1 8286.4 21.9
-5528.6 8290.4 21.4
-5478.5 8297.2 22.7
-5497.7 8295.7 22.3
-5518.3 8298.9 21.9
-5541.9 8299.3 21.3
-5551.4 8300.9 21.2
-5558.7 8301.0 21.0
-5633.0 8296.2 20.0
-5478.4 8306.8 23.0
-5502.7 8309.9 22.5
-5512.4 8307.3 22.2
-5531.7 8308.5 21.8
-5627.3 8310.7 21.0
-5451.7 8319.5 23.9
-5458.9 8318.7 23.7
-5472.7 8319.0 23.4
-5517.7 8319.0 22.5
-5542.7 8315.9 22.1
-5461.5 8330.0 23.9
-5492.1 8324.8 23.1
-5498.7 8330.0 23.3
-5513.1 8325.7 22.9
-5517.0 8330.5 23.2
-5468.3 8335.9 24.0
-5492.8 8336.3 23.8
-5497.3 8340.9 24.0
-5508.7 8334.6 23.5
-5468.8 8348.8 24.8
-5491.5 8345.7 24.4
-5498.3 8350.6 24.6
-5522.1 8347.9 24.2
-5468.8 8355.8 25.2
-5479.4 8359.9 25.4
-5492.2 8356.3 25.0
-5510.9 8355.9 24.8
-5607.2 8356.8 24.1
-5462.1 8368.7 25.2
-5479.3 8367.5 25.3
-5497.9 8365.5 25.4
-5491.0 8376.8 25.3
-5500.6 8379.6 25.3
-5427.7 8387.8 24.7
-5462.4 8390.7 24.9
-5472.8 8384.8 25.0
-5478.0 8386.4 25.1
-5569.4 8390.7 25.6
-5568.5 8419.5 25.1
-5512.0 8424.5 24.6
-5516.6 8426.0 24.6
-5557.0 8435.1 24.6
-5536.9 8457.8 23.8
-5478.1 8468.4 23.2
-5506.5 8469.8 23.5
-5441.5 8479.6 22.3
-5450.3 8527.6 22.6
-5293.7 7824.5 24.7
-5274.2 8018.6 25.1
-5232.1 8027.1 25.4
-5245.6 8026.0 25.3
-5207.8 8060.7 25.7
-5236.7 8056.1 25.4
-5255.2 8058.5 25.2
-5241.8 8065.1 25.3
-5254.6 8074.5 25.2
-5343.3 8046.2 24.4
-5314.7 8051.5 24.7
-5314.1 8063.5 24.7
-5404.5 8063.0 23.8
-5302.9 8070.7 24.8
-5299.8 8085.1 24.7
-5410.9 8084.2 23.6
-5411.0 8093.8 23.6
-5371.1 8116.5 24.1
-5392.5 8113.5 23.8
-5306.1 8126.9 24.7
-5346.1 8120.7 24.3
-5390.6 8123.6 23.8
-5403.9 8120.4 23.7
-5354.9 8135.6 24.2
-5362.6 8133.0 24.1
-5380.3 8132.9 24.0
-5392.4 8132.8 23.8
-5350.5 8142.9 24.3
-5391.6 8140.8 23.8
-5199.6 8070.5 25.7
-5209.4 8070.5 25.6
-5189.3 8080.9 25.8
-5201.3 8082.7 25.7
-5128.3 8091.7 26.4
-5216.8 8090.2 25.5
-5178.9 8104.6 26.0
-5230.9 8102.2 25.5
-5251.3 8102.1 25.3
-5199.0 8122.0 25.9
-5187.4 8132.8 26.0
-5208.8 8135.5 25.8
-5240.2 8132.8 25.4
-5199.4 8141.9 25.9
-5220.3 8145.3 25.7
-5175.3 8151.1 26.1
-5208.7 8151.3 25.7
-5231.1 8152.3 25.5
-5167.7 8163.2 26.0
-5211.0 8163.5 25.6
-5148.8 8168.9 26.2
-5155.5 8174.4 26.0
-5150.6 8184.8 25.9
-5198.2 8181.2 25.5
-5155.6 8190.6 25.8
-5158.0 8201.4 25.6
-5138.8 8244.1 25.1
-5279.0 8175.4 24.6
-5257.7 8186.0 24.7
-5268.5 8188.2 24.6
-5275.5 8189.1 24.5
-5258.2 8194.4 24.7
-5173.1 8243.6 24.9
-5167.5 8253.7 25.0
-5163.0 8263.8 25.1
-5333.6 8158.1 24.3
-5373.6 8155.7 23.9
-5368.6 8215.7 23.4
-5377.3 8213.8 23.4
-5391.4 8226.9 23.3
-5409.3 8241.8 23.3
-5383.4 8252.0 23.5
-5389.4 8255.6 23.5
-5389.6 8294.7 24.3
-5298.4 8215.6 24.2
-5307.3 8228.9 23.9
-5319.8 8228.3 23.8
-5309.7 8235.1 23.9
-5315.0 8246.4 24.0
-5300.8 8258.4 24.2
-5310.3 8257.1 24.1
-5259.6 8265.4 24.5
-5266.9 8270.5 24.4
-5299.3 8265.2 24.2
-5305.6 8266.8 24.2
-5316.1 8268.4 24.1
-5287.5 8277.6 24.2
-5188.0 8290.6 24.8
-5238.5 8285.0 24.5
-5258.5 8290.0 24.4
-5286.8 8288.5 24.2
-5308.5 8284.1 24.1
-5238.4 8296.8 24.5
-5259.2 8300.4 24.6
-5268.2 8298.1 24.5
-5278.8 8295.5 24.4
-5287.2 8299.2 24.5
-5226.7 8306.4 24.8
-5244.8 8307.6 24.8
-5269.6 8306.1 24.7
-5161.0 8314.3 25.1
-5174.5 8315.4 25.1
-5217.2 8314.9 25.0
-5250.2 8314.5 24.9
-5260.8 8317.6 24.8
-5267.4 8316.8 24.8
-5208.8 8329.3 25.0
-5264.5 8326.9 24.9
-5301.1 8327.9 24.9
-5175.6 8339.2 25.2
-5224.6 8338.3 25.1
-5237.7 8337.8 25.1
-5186.1 8348.3 25.3
-5168.8 8357.5 25.5
-5188.3 8356.6 25.5
-5206.6 8356.7 25.5
-5191.0 8366.9 25.6
-5247.2 8403.6 25.5
-5256.3 8401.8 25.5
-5248.4 8410.7 25.4
-5213.9 8419.0 25.5
-5239.8 8423.4 25.3
-5249.8 8419.5 25.2
-5259.1 8421.2 25.2
-5234.6 8434.6 25.4
-5273.2 8464.8 25.0
-5283.3 8482.9 24.7
-5308.8 8504.2 24.2
-5380.2 8479.9 23.1
-5352.2 8487.4 23.5
-5337.5 8499.9 23.7
-5357.6 8500.3 23.4
-5331.3 8510.7 23.7
-5352.7 8510.2 23.4
-5361.4 8510.9 23.3
-5311.4 8519.8 24.1
-5323.3 8516.8 23.9
-5352.0 8516.8 23.6
-5347.3 8532.7 24.0
-5303.8 8540.1 24.6
-5338.6 8537.0 24.1
-5350.7 8542.7 24.0
-5362.9 8540.8 23.9
-5270.0 8549.9 25.1
-5280.5 8550.5 25.0
-5299.5 8550.4 24.7
-5278.3 8560.0 25.1
-5299.3 8557.8 24.9
-5313.5 8559.2 24.8
-5279.0 8567.8 25.3
-5291.7 8569.0 25.1
-5308.6 8569.1 25.0
-5321.6 8567.9 24.8
-5312.6 8579.5 25.1
-5227.3 7609.2 21.4
-5228.9 7618.8 21.5
-5233.1 7618.4 21.5
-5228.9 7627.5 21.7
-5236.5 7637.9 21.9
-5204.7 7671.3 22.3
-5310.0 7690.6 22.7
-5296.1 7699.7 23.0
-5235.4 7706.1 23.5
-5246.1 7705.3 23.4
-5284.2 7705.3 23.2
-5306.5 7711.6 23.1
-5227.7 7716.6 23.8
-5244.9 7717.6 23.6
-5266.7 7735.4 23.8
-4938.4 7999.3 28.2
-4939.4 8008.1 28.2
-4948.5 8012.1 28.1
-4979.1 8020.4 27.8
-5046.9 8021.5 27.2
-5052.0 8030.2 27.1
-5063.1 8033.2 27.0
-5068.2 8030.5 27.0
-5078.0 8031.7 26.9
-4962.1 8042.3 28.0
-5052.0 8042.3 27.1
-4953.1 8050.6 28.0
-4968.8 8050.1 27.9
-5052.8 8046.9 27.1
-4913.0 8061.6 28.4
-4918.1 8058.6 28.4
-5091.1 8059.0 26.7
-4998.0 8071.3 27.6
-5072.4 8072.4 26.9
-5079.2 8067.7 26.9
-4988.1 8081.2 27.7
-4948.4 8091.6 28.1
-4979.2 8089.9 27.8
-4989.0 8088.8 27.7
-4960.8 8103.0 28.0
-5051.4 8096.9 27.1
-4962.5 8127.2 28.2
-5145.5 7933.5 26.0
-5137.7 7949.0 26.0
-5143.4 7978.4 26.2
-5157.4 7976.8 26.0
-5147.1 7994.6 26.2
-5231.9 7841.2 25.1
-5239.6 7857.0 24.8
-5143.7 7868.8 26.3
-5172.4 7869.9 25.9
-5152.0 7876.8 26.2
-5178.1 7876.5 25.9
-5187.1 7877.8 25.8
-5197.1 7881.0 25.7
-5163.6 7891.8 26.0
-5167.9 7886.7 26.0
-5192.3 7896.1 25.7
-5211.2 7897.7 25.5
-5219.8 7899.7 25.4
-5177.4 7905.9 25.8
-5191.3 7908.0 25.6
-5241.1 7911.5 25.1
-5162.8 7916.3 25.9
-5219.6 7917.0 25.3
-5192.8 7932.3 25.5
-5187.8 7940.7 25.5
-5199.4 7940.1 25.4
-5217.9 7942.2 25.2
-5187.6 7947.3 25.5
-5210.6 7948.7 25.2
-5222.7 7951.2 25.1
-5242.8 7949.9 24.9
-5163.4 7959.8 25.7
-5208.7 7969.0 25.3
-5073.5 7621.1 21.9
-5127.3 7632.6 21.8
-5124.7 7637.1 21.9
-5136.0 7641.1 21.9
-5073.8 7652.5 22.1
-5116.0 7649.5 22.0
-5123.7 7652.3 22.1
-5115.3 7657.5 22.1
-5071.6 7672.3 22.3
-5044.8 7678.7 22.4
-5053.8 7677.1 22.4
-5071.7 7682.0 22.4
-5037.2 7691.8 22.8
-5075.5 7692.6 22.8
-5114.7 7702.7 23.3
-5143.4 7720.8 24.2
-5113.4 7733.9 24.8
-5124.8 7733.5 24.7
-5169.5 7733.3 24.4
-5103.0 7743.9 25.0
-5112.9 7743.2 24.9
-5119.8 7741.3 24.9
-5182.6 7743.1 24.5
-5190.0 7739.4 24.4
-5151.0 7747.7 24.8
-5160.6 7760.3 25.1
-5169.7 7758.2 25.0
-5181.7 7758.0 24.9
-5195.3 7760.7 24.9
-5164.6 7767.5 25.2
-5170.7 7769.1 25.2
-5063.3 7801.1 26.7
-5062.0 7811.6 27.0
-5130.4 7812.1 26.6
-5081.3 7821.4 27.1
-5104.8 7820.7 26.9
-5035.9 7829.4 27.7
-5044.9 7828.4 27.6
-5053.3 7831.0 27.5
-4983.3 7716.2 23.7
-4972.9 7740.1 24.7
-4945.0 7755.0 25.1
-4962.7 7756.6 25.4
-4991.5 7756.8 25.8
-5002.8 7755.8 25.9
-4963.8 7768.5 26.0
-4970.8 7768.9 26.1
-4991.8 7768.3 26.1
-5010.1 7768.5 26.2
-4985.4 7776.1 26.3
-5000.5 7778.8 26.4
-4980.2 7788.0 26.5
-4972.1 7809.9 27.0
-4980.5 7809.0 27.0
-4994.0 7806.7 27.0
-4975.1 7814.9 27.1
-5076.0 7888.9 27.0
-5054.4 7907.5 27.1
-5048.6 7922.7 27.1
-5065.7 7922.2 27.0
-5087.0 7922.0 26.7
-5054.7 7931.1 27.0
-5067.8 7928.5 26.9
-5074.3 7931.8 26.8
-5085.5 7933.9 26.7
-5096.7 7927.5 26.6
-5053.5 7941.1 27.0
-5026.1 7949.2 27.3
-5042.9 7948.7 27.1
-5054.8 7951.5 26.9
-5037.8 7960.9 27.1
-5064.9 7958.1 26.8
-5027.0 7968.7 27.3
-5053.6 7971.4 27.1
-5083.7 7969.9 26.7
-5034.5 7977.6 27.3
-5046.5 7978.9 27.2
-5053.2 7981.9 27.1
-5075.3 7978.1 26.9
-5078.5 7990.1 26.9
-5075.3 7997.4 26.9
-5076.7 8008.7 26.9
-5016.0 7870.5 27.7
-5027.6 7869.1 27.6
-4509.6 7853.1 19.4
-4501.9 7871.3 19.2
-4512.8 7874.0 19.2
-4517.7 7870.0 19.3
-4479.0 7880.1 19.3
-4563.1 7894.6 19.5
-4569.3 7893.0 19.7
-4583.3 7891.5 20.1
-4581.4 7905.1 20.9
-4592.5 7903.9 21.5
-4548.2 7913.1 19.4
-4676.1 7949.4 27.4
-4695.6 7955.8 28.6
-4667.7 7966.0 27.0
-4705.9 7968.8 29.3
-4658.6 7979.8 26.5
-4676.3 7976.7 27.6
-4689.5 7977.5 28.4
-4708.0 7977.2 29.1
-4660.5 7989.6 26.7
-4677.7 7991.1 27.7
-4686.0 7987.8 28.1
-4696.2 8001.3 27.8
-4748.7 7999.4 29.2
-4687.4 8006.8 27.4
-4697.5 8006.1 27.7
-4740.0 8010.0 28.0
-4746.8 8007.7 28.4
-4755.6 8015.0 27.8
-4750.7 8025.3 27.0
-4721.6 8036.2 26.8
-4738.2 8037.8 27.0
-4746.0 8040.4 27.1
-4780.1 8040.5 27.4
-4741.5 8045.8 27.0
-4747.5 8047.0 27.1
-4760.8 8045.2 27.2
-4809.7 8044.9 27.6
-4759.4 8059.9 27.2
-4766.7 8060.5 27.2
-4769.7 8066.4 27.3
-5189.2 7772.9 25.2
-5209.2 7779.0 25.3
-5178.2 7788.9 25.7
-5205.4 7787.6 25.5
-5159.0 7794.5 26.0
-5166.0 7793.1 25.9
-5177.2 7795.8 25.9
-5158.3 7803.0 26.2
-5177.1 7806.1 26.1
-5600.1 8045.4 22.7
-5639.1 8048.7 22.7
-5598.2 8059.9 22.9
-5609.8 8078.8 22.7
-5627.1 8074.2 22.7
-5666.8 8077.9 22.5
-5625.2 8086.3 22.7
-5640.7 8089.4 22.5
-5640.0 8100.4 22.2
-5667.7 8099.6 22.0
-5677.5 8099.0 22.0
-5688.0 8097.8 22.0
-5668.1 8106.5 21.9
-5610.2 8114.3 22.1
-5678.9 8127.2 21.3
-5639.0 8152.8 20.9
-5622.7 8172.8 20.5
-5609.5 8181.1 20.4
-5579.3 8202.1 20.1
-5614.2 8212.6 19.6
-5593.8 7674.6 20.7
-5614.3 7671.1 20.5
-5623.1 7675.2 20.5
-5608.5 7682.2 20.7
-5623.3 7678.9 20.5
-5679.3 7723.9 20.5
-5663.5 7733.4 20.8
-5688.0 7732.1 20.6
-5686.2 7782.7 20.7
-5694.9 7811.5 20.6
-5716.1 7942.8 21.2
-5706.1 7960.5 21.4
-5726.2 7970.0 21.4
-5731.0 7970.1 21.4
-5744.5 7970.4 21.3
-5775.0 7969.6 21.1
-5711.3 7976.4 21.5
-5751.5 7978.6 21.3
-5753.4 7988.9 21.4
-5756.2 7999.4 21.5
-5752.0 8010.4 21.6
-5761.5 8012.1 21.6
-5763.5 8020.8 21.7
-5772.0 8017.8 21.6
-5784.7 8022.7 21.6
-5781.5 8032.5 21.8
-5811.8 8032.5 21.7
-5776.8 8039.8 22.0
-5785.7 8038.4 21.9
-5794.1 8036.9 21.8
-5806.4 8037.4 21.8
-5774.0 8049.2 22.1
-5761.8 8056.3 22.2
-5400.7 7645.9 21.7
-5413.8 7646.2 21.6
-5371.6 7700.5 22.5
-5348.3 7725.2 23.0
-5364.7 7771.8 23.9
-5410.0 7828.7 23.2
-5337.8 7825.9 24.1
-5358.2 7837.8 23.6
-5377.6 7841.0 23.3
-5393.2 7841.2 23.1
-5390.9 7850.5 23.1
-5399.6 7846.6 23.0
-5350.2 7860.1 23.4
-5378.6 7857.7 23.1
-5391.3 7860.2 22.9
-5398.4 7857.6 22.9
-5409.2 7857.2 22.7
-5347.7 7869.8 23.3
-5358.8 7866.8 23.2
-5389.3 7866.9 22.9
-5397.4 7868.8 22.7
-5418.6 7870.9 22.5
-5358.4 7880.5 23.2
-5376.8 7876.9 22.9
-5390.1 7877.3 22.7
-5407.6 7875.6 22.5
-5420.3 7880.7 22.3
-5353.0 7889.9 23.3
-5371.6 7889.2 23.0
-5391.7 7886.5 22.7
-5399.9 7888.8 22.6
-5360.5 7901.6 23.3
-5377.6 7899.5 23.0
-5402.7 7896.8 22.6
-5419.3 7896.5 22.4
-5433.2 7900.2 22.2
-5442.3 7899.3 22.0
-5311.2 7911.1 24.1
-5321.2 7905.6 23.9
-5329.0 7909.6 23.8
-5400.9 7907.4 22.7
-5412.4 7908.6 22.5
-5312.7 7921.4 24.2
-5339.6 7917.4 23.8
-5352.5 7917.4 23.5
-5363.0 7918.6 23.4
-5369.6 7916.7 23.2
-5347.9 7929.6 23.8
-5369.8 7926.9 23.4
-5368.2 7936.2 23.6
-5369.3 7947.5 23.5
-5379.3 7949.6 23.4
-5441.1 7946.7 22.5
-5327.4 8410.1 24.9
-5324.7 8425.6 24.9
-5333.0 8424.4 24.9
-5344.9 8425.2 24.7
-5376.6 8421.8 24.4
-5327.1 8433.3 24.7
-5287.4 8441.2 24.9
-5296.7 8449.6 24.7
-5376.8 8453.4 24.0
-5285.6 8463.5 24.9
-5296.2 8475.5 24.7
-5325.2 7735.3 23.4
-5331.8 7737.4 23.4
-5346.0 7737.2 23.3
-5315.5 7749.3 23.8
-5314.2 7766.4 24.2
-5316.6 7780.4 24.5
-5314.0 7786.2 24.6
-5358.2 8333.4 25.0
-5330.9 8361.9 25.4
-5356.8 8362.2 25.4
-5328.9 8370.0 25.5
-5316.5 8384.2 25.4
-4110.2 7753.3 20.7
-4119.8 7757.7 20.7
-4066.8 7763.5 20.9
-4096.6 7766.1 20.8
-4106.6 7763.3 20.7
-4128.1 7767.3 20.6
-4051.6 7775.8 20.8
-4059.6 7772.2 20.8
-4118.1 7775.7 20.7
-4128.1 7775.7 20.7
-4059.6 7787.5 20.8
-4108.4 7783.7 20.8
-4115.5 7787.7 20.8
-4138.2 7787.9 20.7
-4059.0 7792.1 20.7
-4055.2 7802.2 20.7
-4108.1 7806.0 20.8
-4141.0 7803.9 20.7
-4151.4 7807.6 20.7
-4097.1 7817.5 20.7
-4136.2 7817.3 20.8
-4148.5 7816.4 20.8
-4087.7 7823.4 20.7
-4096.9 7826.9 20.7
-4118.6 7822.2 20.8
-4127.8 7828.2 20.8
-4146.3 7823.9 20.8
-4161.2 7827.3 20.8
-4029.8 7837.8 20.7
-4036.5 7834.2 20.7
-4088.0 7832.5 20.6
-4101.6 7834.1 20.7
-4137.8 7833.3 20.8
-4040.2 7844.0 20.6
-4099.9 7845.6 20.6
-4165.9 7841.9 20.8
-4020.7 7852.4 20.7
-4159.3 7856.6 20.8
-4167.7 7851.7 20.8
-4181.1 7856.7 20.8
-4190.4 7858.1 20.7
-4029.5 7863.7 20.6
-4040.5 7866.0 20.6
-4129.5 7865.9 20.6
-4138.4 7866.5 20.7
-4038.9 7874.2 20.5
-4127.7 7873.4 20.6
-4196.5 7875.6 20.8
-4207.4 7875.3 20.7
-4149.5 7884.4 20.6
-4188.9 7886.8 20.8
-4200.8 7882.6 20.8
-4190.5 7892.5 20.8
-4211.0 7895.0 20.8
-4216.0 7894.9 20.8
-4627.5 7897.7 23.3
-4188.8 7908.2 20.7
-4201.2 7907.3 20.8
-4240.7 7905.7 20.7
-4198.3 7915.1 20.7
-4207.4 7913.7 20.8
-4251.0 7914.7 20.7
-4626.0 7915.4 24.1
-4231.3 7922.9 20.8
-4261.2 7923.0 20.7
-4659.4 7925.1 26.3
-4228.8 7936.3 20.8
-4238.4 7934.0 20.8
-4245.9 7932.4 20.8
-4608.9 7935.2 23.2
-4625.9 7935.9 24.3
-4638.8 7936.2 25.0
-4668.6 7933.1 26.9
-4238.2 7946.6 20.7
-4245.1 7944.0 20.8
-4271.3 7947.5 20.8
-4286.4 7943.2 20.6
-4618.4 7947.7 23.9
-4637.3 7947.1 25.0
-4670.6 7943.1 27.0
-4256.9 7952.2 20.8
-4278.2 7957.7 20.8
-4299.6 7955.6 20.6
-4595.4 7953.1 22.5
-4627.5 7958.0 24.5
-4639.4 7956.9 25.2
-4647.7 7955.0 25.7
-4269.9 7964.7 20.8
-4609.0 7968.2 23.4
-4621.6 7965.0 24.2
-4635.3 7964.8 25.0
-4291.2 7978.2 20.8
-4300.8 7973.9 20.7
-4319.6 7974.4 20.6
-4581.5 7972.0 22.5
-4300.3 7981.9 20.8
-4310.5 7986.1 20.7
-4327.7 7981.9 20.6
-4581.4 7982.5 22.8
-4586.6 7986.7 23.2
-4338.0 7994.4 20.6
-4566.0 7994.9 22.8
-4580.1 7994.4 23.3
-4321.2 8007.3 20.8
-4326.0 8003.0 20.7
-4338.6 8007.3 20.7
-4346.4 8006.8 20.6
-4578.1 8006.0 23.6
-4336.5 8017.5 20.8
-4350.2 8013.4 20.6
-4360.1 8015.0 20.6
-4570.4 8017.2 23.8
-4376.1 8024.3 20.6
-4547.2 8027.4 23.5
-4577.2 8028.2 24.4
-4377.8 8033.3 20.6
-4388.0 8032.9 20.5
-4541.6 8037.8 23.8
-4555.6 8032.3 23.9
-4569.3 8033.8 24.4
-4577.5 8035.8 24.7
-4381.3 8043.9 20.6
-4410.1 8043.6 20.6
-4550.3 8045.0 24.3
-4570.1 8046.8 24.9
-4588.0 8047.1 25.4
-4397.6 8056.0 20.7
-4430.9 8052.4 21.4
-4440.4 8055.8 21.8
-4495.6 8056.5 23.3
-4527.2 8052.3 23.9
-4535.2 8053.9 24.2
-4561.3 8055.0 24.9
-4571.1 8053.3 25.2
-4587.0 8054.5 25.4
-4597.0 8055.0 25.5
-4376.1 8067.7 20.8
-4389.3 8062.6 20.8
-4398.0 8064.3 21.0
-4451.3 8062.9 22.4
-4455.3 8063.4 22.5
-4465.7 8064.0 22.8
-4475.7 8063.9 23.1
-4497.0 8062.6 23.6
-4506.8 8064.4 23.8
-4539.1 8064.9 24.6
-4576.8 8067.7 25.2
-4595.7 8066.8 25.5
-4368.7 8074.9 20.8
-4377.4 8073.3 20.8
-4397.0 8074.3 21.2
-4417.0 8072.5 21.7
-4427.8 8073.7 21.9
-4435.8 8072.2 22.1
-4450.5 8077.0 22.4
-4456.1 8074.6 22.6
-4468.9 8075.5 22.9
-4489.2 8075.0 23.4
-4549.5 8074.6 24.7
-4557.0 8075.1 24.8
-4361.3 8084.4 20.8
-4369.6 8087.9 21.0
-4376.1 8081.6 20.9
-4397.3 8084.1 21.3
-4439.2 8085.3 22.1
-4446.7 8081.8 22.3
-4456.7 8083.2 22.6
-4470.5 8081.7 22.9
-4499.3 8081.9 23.6
-4539.1 8085.5 24.3
-4545.9 8082.2 24.5
-4569.3 8085.4 24.8
-4577.9 8083.2 25.0
-4595.6 8082.2 25.2
-4570.3 8094.0 24.7
-4589.2 8096.9 24.9
-4346.0 8108.1 21.0
-4519.8 8104.9 23.7
-4529.9 8105.5 23.9
-4550.8 8107.2 24.2
-4571.0 8103.4 24.5
-4599.8 8103.2 25.0
-4330.3 8116.6 20.9
-4517.3 8112.2 23.6
-4591.3 8117.2 24.6
-4609.4 8116.6 24.9
-4619.6 8113.7 25.1
-4756.2 8115.5 27.1
-4338.3 8123.9 21.2
-4570.7 8124.2 24.2
-4597.3 8123.7 24.6
-4605.8 8121.8 24.7
-4749.6 8124.0 26.8
-4336.1 8132.3 21.3
-4527.2 8132.7 23.5
-4538.1 8136.3 23.6
-4548.0 8134.1 23.7
-4585.4 8134.3 24.1
-4598.8 8137.9 24.3
-4621.2 8138.2 24.6
-4736.2 8132.9 26.5
-4319.1 8142.5 21.2
-4337.5 8144.0 21.5
-4585.4 8146.3 24.0
-4600.8 8146.7 24.1
-4621.4 8142.9 24.5
-4636.9 8143.2 24.8
-4646.4 8142.0 24.9
-4668.3 8145.0 25.2
-4679.9 8141.8 25.5
-4686.4 8144.7 25.5
-4698.1 8144.7 25.7
-4706.4 8144.8 25.8
-4717.4 8148.0 25.9
-4320.2 8153.4 21.4
-4330.9 8154.7 21.6
-4337.8 8157.0 21.7
-4421.4 8151.9 22.7
-4427.5 8157.6 22.8
-4440.1 8153.6 22.9
-4447.0 8153.0 23.0
-4455.9 8157.1 23.1
-4468.8 8155.4 23.3
-4558.1 8154.4 23.9
-4566.0 8157.3 24.0
-4580.1 8153.1 24.0
-4586.2 8157.0 24.1
-4606.4 8157.6 24.2
-4621.7 8155.9 24.3
-4640.9 8156.2 24.4
-4679.6 8153.9 25.2
-4339.0 8163.0 21.8
-4435.3 8168.2 23.0
-4446.1 8164.9 23.1
-4468.4 8164.8 23.3
-4515.3 8167.8 23.8
-4530.9 8167.8 23.9
-4541.6 8163.3 23.9
-4550.7 8165.4 24.0
-4569.4 8162.3 24.1
-4595.9 8165.6 24.2
-4608.6 8165.2 24.3
-4616.1 8164.8 24.3
-4668.2 8168.2 24.6
-4350.4 8174.9 22.0
-4488.7 8177.1 23.7
-4495.5 8175.5 23.7
-4507.6 8176.4 23.9
-4546.1 8172.8 24.1
-4595.4 8172.5 24.3
-4607.4 8177.6 24.4
-4627.1 8175.1 24.5
-4641.3 8173.7 24.5
-4648.5 8175.5 24.6
-4671.2 8173.4 24.7
-4480.5 8187.9 23.7
-4488.5 8182.7 23.7
-4515.8 8185.9 24.0
-4576.3 8187.8 24.4
-4598.6 8185.2 24.4
-4607.1 8184.8 24.5
-4480.5 8197.3 23.7
-4576.7 8194.3 24.4
-4586.5 8195.3 24.5
-4600.0 8195.5 24.6
-4607.7 8191.9 24.6
-4615.8 8192.9 24.6
-4646.0 8193.0 24.8
-4396.1 8206.4 22.8
-4491.3 8202.4 23.9
-4541.2 8202.4 24.3
-4545.2 8207.1 24.4
-4561.7 8205.5 24.5
-4576.0 8205.4 24.5
-4585.4 8203.1 24.6
-4599.9 8203.3 24.6
-4611.3 8203.3 24.7
-4631.7 8204.9 24.8
-4636.4 8202.2 24.8
-4491.4 8212.5 24.0
-4577.7 8214.0 24.6
-4586.6 8214.5 24.7
-4600.3 8212.4 24.7
-4608.9 8215.6 24.8
-4620.5 8212.7 24.8
-4635.8 8214.3 24.9
-4547.9 8224.8 24.6
-4561.1 8224.3 24.7
-4589.6 8227.0 24.8
-4626.5 8221.8 25.0
-4429.9 8231.6 23.4
-4451.0 8237.0 23.7
-4469.2 8236.6 23.9
-4478.4 8236.3 24.0
-4551.3 8233.8 24.7
-4555.1 8238.1 24.8
-4588.9 8237.3 24.9
-4450.2 8245.5 23.7
-4460.6 8243.6 23.9
-4476.9 8248.0 24.1
-4469.8 8257.8 24.1
-4578.6 8251.8 25.0
-4589.3 8252.1 25.1
-4577.6 8262.2 25.1
-4490.6 8272.5 24.4
