-730.6 3656.5 28.0
-806.3 3621.3 27.5
-665.5 3609.2 28.1
-673.8 3606.2 28.0
-656.9 3612.6 28.1
-744.6 3410.9 26.8
-762.0 3396.8 25.6
-729.7 3366.6 23.7
-726.4 3415.2 27.3
-708.1 3421.6 27.9
-710.1 3429.1 28.5
-679.0 3472.6 31.3
-672.7 3483.0 30.5
-715.0 3499.9 31.1
-2289.6 5968.0 4.7
-3187.3 5996.6 2.0
-823.2 3737.0 28.1
-859.1 3731.4 26.6
-820.6 3743.3 28.1
-880.4 3653.2 27.3
-871.9 3656.4 27.4
-877.3 3661.0 27.4
-854.1 3661.5 27.5
-883.3 3691.8 27.1
-894.9 3693.1 26.4
-2154.9 6002.6 5.1
-3169.5 5992.9 2.1
-3149.0 5987.2 2.2
-2642.9 -2640.9 9.5
-2722.3 -2543.9 7.7
-2741.8 -2537.5 7.5
-2766.9 -2517.1 7.2
-2736.8 -2528.3 7.6
-2726.2 -2532.4 7.7
-2720.7 -2534.1 7.8
-2739.0 -2573.5 8.1
-2756.7 -2543.3 7.6
-2596.7 6603.7 9.9
-2712.4 -2548.2 7.8
-2756.2 -2521.8 7.4
-2760.6 -2519.9 7.3
-2710.8 -2538.1 7.9
-2753.3 -2555.7 7.8
-2751.7 -2534.2 7.4
-2749.8 -2593.5 8.4
-783.0 3598.3 28.6
-873.4 3716.8 26.5
-731.9 3396.4 25.9
-3217.8 6134.4 1.8
-744.7 3701.3 28.3
-768.8 3702.2 28.1
-774.2 3607.9 27.9
-851.0 3735.0 26.9
-858.4 3724.4 26.9
-873.6 3724.5 26.2
-868.7 3663.5 27.4
-862.2 3658.2 27.4
-859.1 3665.4 27.5
-912.1 3688.7 25.9
-901.5 3740.6 24.3
-758.5 3443.6 29.0
-745.4 3388.9 25.2
-728.9 3422.1 27.8
-717.2 3418.1 27.6
-760.9 3490.9 32.4
-2216.2 5952.4 4.3
-2308.0 5965.5 4.5
-3119.6 5979.9 2.1
-793.3 3606.3 28.2
-776.9 3603.3 28.2
-705.0 3464.1 31.1
-670.2 3476.7 30.7
-784.2 3628.6 27.6
-832.1 3736.0 27.8
-840.4 3732.7 27.5
-785.4 3721.3 28.2
-757.7 3484.8 32.0
-682.4 3480.5 31.0
-792.9 3593.3 29.0
-848.4 3729.5 27.2
-828.6 3741.7 27.8
-901.1 3676.0 26.8
-663.5 3405.9 27.3
-698.3 3424.8 28.3
-691.5 3435.6 29.1
-692.1 3349.9 24.8
-654.1 3591.7 28.0
-756.0 3612.3 27.6
-741.1 3705.8 28.3
-771.5 3613.6 27.6
-689.7 3575.3 29.4
-2266.3 5964.3 4.9
-673.0 3402.5 26.9
-652.2 3409.5 27.7
-642.7 3412.7 28.1
-753.4 3390.6 25.2
-748.3 3396.7 25.7
-719.7 3425.6 28.1
-701.4 3432.3 28.8
-783.6 3477.1 31.1
-695.5 3507.3 30.0
-693.5 3356.6 24.8
-688.7 3468.8 31.6
-3197.9 6000.7 2.0
-3220.8 6006.0 2.0
-3253.1 6012.9 2.0
-2645.6 -2634.6 9.4
-2707.8 -2561.4 7.8
-2702.6 -2552.3 8.0
-2746.9 -2525.2 7.5
-2751.7 -2523.3 7.4
-2741.7 -2526.8 7.5
-2737.5 -2551.1 7.5
-2728.9 -2553.6 7.6
-2733.2 -2563.0 7.9
-2745.0 -2583.9 8.3
-2743.3 -2559.7 7.9
-2757.3 -2567.2 8.1
-2761.5 -2530.1 7.2
-2715.8 -2534.9 7.9
-2731.2 -2530.7 7.7
-2732.5 -2540.8 7.6
-2754.8 -2578.6 8.4
-2748.5 -2570.1 8.1
-2747.3 -2546.2 7.6
-2335.7 5974.4 4.3
-2185.6 5965.3 4.4
-2197.9 5948.0 4.1
-3136.6 5984.6 2.2
-1000.6 4757.6 18.9
-1002.3 4772.5 17.9
-1004.0 4787.4 16.9
-1005.7 4802.3 16.0
-1007.5 4817.2 15.0
-1009.9 4832.0 14.1
-1011.8 4846.8 13.2
-1011.5 4874.6 12.3
-4703.4 -2809.1 16.1
-4695.0 -2821.5 16.5
-4686.6 -2833.9 16.9
-4678.1 -2846.3 17.3
-4669.7 -2858.7 17.7
-4660.3 -2866.8 17.8
-4647.4 -2859.1 17.8
-4635.4 -2855.4 17.7
-4626.8 -2867.7 18.1
-4618.3 -2880.0 18.2
-4608.8 -2887.0 18.1
-4596.6 -2878.2 18.1
-4584.5 -2869.5 17.8
-4572.3 -2860.7 17.4
-4560.1 -2851.9 17.0
-4548.0 -2843.2 16.6
-4535.8 -2834.4 16.3
-4523.6 -2825.6 15.9
-4506.4 -2813.2 15.3
-4624.3 -2732.3 14.6
-4637.1 -2740.2 15.0
-4649.9 -2748.0 15.3
-4662.6 -2755.9 15.2
-4675.4 -2763.8 15.1
-4688.2 -2771.6 15.0
-4709.1 -2784.5 15.3
-4649.7 -2339.5 9.3
-4640.8 -2351.5 9.5
-4631.9 -2363.6 9.3
-4623.0 -2375.7 9.2
-4614.1 -2387.7 9.3
-4605.1 -2399.8 9.4
-4596.2 -2411.8 9.4
-4586.3 -2425.3 9.5
-4499.2 -2274.8 7.7
-4513.6 -2279.1 7.8
-4528.0 -2283.4 7.9
-4542.4 -2287.7 8.0
-4556.7 -2291.9 8.1
-4571.1 -2296.2 8.2
-4585.5 -2300.5 8.4
-4599.9 -2304.8 8.5
-4612.9 -2312.0 8.7
-4625.3 -2320.4 8.9
-4644.1 -2333.2 9.2
6582.0 8574.4 11.2
6588.3 8574.9 11.3
6592.1 8575.2 11.3
6597.3 8575.5 11.4
6601.4 8575.8 11.5
6606.1 8576.1 11.6
6612.0 8576.6 11.7
6617.6 8577.0 11.7
6622.1 8577.3 11.8
6628.0 8577.7 11.9
6631.7 8578.0 12.0
6637.2 8578.3 12.1
6642.9 8578.7 12.2
6648.1 8579.1 12.2
6653.2 8579.5 12.3
6659.0 8579.9 12.4
6664.7 8580.3 12.5
6725.9 8584.1 13.4
6731.0 8584.5 13.4
6736.1 8584.8 13.5
6741.7 8585.2 13.6
6747.8 8585.6 13.7
6751.5 8582.2 13.7
-2044.6 6289.5 20.7
-2061.2 6288.8 19.5
-2105.1 6289.7 17.2
-1982.1 6319.9 27.7
-2008.8 6321.2 26.5
-2084.6 6322.3 20.8
-2023.7 6332.5 25.9
-2037.4 6333.6 24.6
-2097.1 6332.7 20.6
-1968.7 6343.6 31.0
-2084.1 6352.2 21.9
-2014.3 6363.9 29.1
-1992.8 6381.1 32.1
-2053.6 6377.7 26.5
-2175.0 5785.2 3.6
-2152.1 5799.8 3.6
-2114.8 5814.3 3.7
-2123.7 5808.5 3.7
-2155.3 5815.2 3.7
-2206.0 5815.0 3.6
-2054.9 5822.4 4.1
-2069.4 5823.6 4.0
-2106.4 5823.6 3.6
-2154.0 5831.0 3.8
-2205.6 5826.7 3.6
-2067.3 5839.5 4.0
-2145.5 5836.4 3.7
-2172.9 5843.8 3.9
-2034.2 5858.6 3.5
-2145.2 5858.1 3.6
-2107.9 5874.3 3.4
-2050.3 5882.1 3.3
-2055.7 5902.3 3.5
-2068.4 5902.5 3.4
7130.8 8413.2 24.9
7101.6 8409.5 23.7
7076.3 8413.5 23.0
7029.1 8411.0 21.2
7204.4 8426.5 24.8
7160.0 8424.7 26.0
7134.6 8426.4 25.5
7057.4 8429.4 22.9
7024.8 8425.3 21.6
7205.5 8439.4 25.2
7160.1 8438.7 26.4
7128.4 8443.8 25.9
7083.3 8442.9 24.3
7024.5 8445.2 22.3
7190.9 8450.8 25.9
7159.0 8453.1 26.9
7068.6 8456.9 24.3
7043.9 8456.7 23.4
6999.1 8451.2 20.6
6985.7 8452.0 19.7
7237.9 8466.8 24.5
7178.3 8465.6 26.7
7151.0 8473.8 27.7
7103.0 8468.9 25.9
7055.4 8469.8 24.3
7000.8 8467.7 20.8
7192.5 8485.6 26.9
7145.5 8488.8 28.1
7134.9 8487.5 27.7
6963.7 8480.9 18.4
7207.8 8497.4 26.5
7161.3 8503.0 28.3
6997.7 8496.4 20.8
7114.7 8513.8 28.0
7104.6 8518.4 27.8
7045.2 8516.8 24.2
7024.5 8515.2 22.8
7007.8 8514.8 21.6
6955.5 8516.5 18.0
7151.4 8531.7 29.4
7082.9 8531.8 26.9
7071.2 8528.6 26.1
7028.1 8532.3 23.1
6998.2 8528.4 21.0
6980.3 8533.4 19.8
6965.2 8532.7 18.8
7237.4 8550.1 23.5
7174.0 8548.4 28.7
7121.0 8545.8 29.3
7104.2 8548.8 28.5
7083.0 8543.0 27.0
7042.5 8542.5 24.2
6956.7 8544.0 18.3
6935.5 8548.7 17.4
6924.1 8541.7 17.0
7196.8 8557.8 26.7
7174.7 8558.7 28.6
7148.7 8562.6 30.3
7099.2 8557.0 28.2
7039.2 8555.9 24.0
6947.1 8560.4 17.9
7211.3 8570.6 24.9
7193.2 8573.9 26.3
7129.4 8574.0 30.4
7028.1 8575.3 23.4
6947.8 8573.1 18.0
7217.9 8589.6 23.4
7127.6 8588.7 30.2
7119.5 8593.7 29.8
6995.4 8586.8 21.2
6978.6 8591.3 20.1
6956.6 8585.6 18.5
7193.7 8601.9 24.8
7146.9 8605.3 28.7
7082.3 8605.3 27.3
7012.3 8606.8 22.5
6978.2 8604.6 20.1
6968.4 8607.9 19.5
7249.9 8620.6 19.0
7220.3 8619.0 21.6
7204.0 8621.1 22.9
7196.7 8622.2 23.5
7159.2 8623.1 26.6
7135.3 8621.1 28.8
7085.2 8616.8 27.6
7061.8 8616.4 26.0
6978.3 8624.5 20.3
6970.6 8615.9 19.7
7225.6 8637.2 20.2
7084.3 8631.3 27.6
7037.7 8634.3 24.4
7030.0 8635.0 23.9
7010.6 8633.5 22.5
6996.3 8631.2 21.5
6962.9 8639.6 19.3
6932.8 8632.0 17.9
6922.1 8634.2 17.5
7581.3 8645.4 15.9
7547.1 8648.1 15.1
7507.3 8653.8 14.0
7239.0 8654.8 18.1
7220.5 8645.4 20.2
7118.9 8652.3 27.3
7085.9 8648.2 27.0
7027.9 8651.3 23.9
6926.2 8654.0 17.8
7328.1 8667.5 15.5
7311.2 8667.7 15.8
7256.3 8669.6 16.7
7237.9 8660.6 17.9
7217.2 8667.9 19.3
7173.3 8664.1 23.3
7160.2 8664.0 24.4
7047.0 8662.5 25.2
6953.5 8662.8 18.8
6925.9 8667.5 17.9
7519.6 8675.8 13.7
7462.0 8675.8 13.4
7433.8 8682.6 13.9
7277.9 8684.1 16.4
7220.3 8684.7 18.1
7207.8 8678.5 19.5
7158.5 8680.0 23.7
7127.9 8683.3 26.0
7105.7 8680.8 25.8
7046.1 8683.7 24.9
7029.3 8677.2 24.1
6979.4 8677.2 20.7
6967.2 8680.9 19.8
6947.4 8678.6 18.7
6925.8 8684.9 18.0
7549.3 8695.8 13.8
7428.6 8695.0 14.1
7417.9 8694.0 14.2
7342.8 8696.1 15.4
7280.5 8695.3 16.4
7235.6 8699.9 17.2
7189.8 8692.0 20.4
7160.6 8695.7 22.7
7115.3 8699.7 25.1
7098.6 8694.4 25.1
7072.0 8690.4 25.0
7578.9 8705.4 14.1
7555.9 8714.4 13.4
7478.0 8707.9 13.4
7415.2 8707.5 14.3
7398.4 8711.8 14.6
7388.2 8706.2 14.8
7278.4 8710.9 16.5
7207.3 8714.2 18.2
7161.4 8714.3 21.7
7127.4 8708.4 24.9
7103.0 8712.4 24.4
7038.0 8709.2 23.7
7007.1 8706.7 22.8
6992.3 8710.3 21.8
6949.3 8708.7 18.9
6934.3 8709.2 18.4
7583.5 8725.2 13.7
7565.2 8724.6 13.3
7511.2 8727.4 12.9
7474.6 8726.6 13.5
7157.2 8729.3 21.2
7565.8 8738.6 13.0
7553.7 8738.6 12.8
7532.3 8743.9 12.7
7493.9 8737.3 13.3
7479.1 8745.0 13.5
7390.9 8739.2 14.9
7294.9 8739.9 16.4
7237.9 8743.2 17.3
7116.6 8742.2 23.2
7098.1 8738.9 23.1
7043.5 8741.9 22.3
6998.0 8742.0 21.7
6982.7 8744.9 21.3
7537.0 8756.2 12.7
7457.6 8751.4 13.9
7293.5 8751.4 16.5
7240.3 8752.7 17.3
7193.0 8752.6 18.3
7054.5 8752.3 22.0
7046.0 8750.9 21.9
7028.8 8752.1 21.6
6980.6 8755.6 20.8
7593.9 8771.4 12.7
7580.9 8768.2 12.5
7357.1 8770.8 15.6
7237.0 8774.9 17.5
7086.5 8772.9 21.5
7043.3 8773.5 20.9
7024.8 8765.7 21.0
6993.7 8766.3 20.5
6977.0 8768.3 20.2
6932.1 8769.7 19.5
6918.9 8767.6 19.4
7570.4 8786.6 12.3
7434.3 8783.2 14.5
7415.2 8790.1 14.8
7382.8 8788.1 15.3
7375.7 8788.9 15.4
7354.9 8782.8 15.7
7340.2 8787.9 16.0
7236.9 8781.2 17.6
7011.2 8783.7 20.0
7587.0 8799.7 12.2
7505.5 8798.0 13.4
7463.0 8796.9 14.1
7387.2 8795.3 15.3
7297.8 8805.2 16.7
7238.9 8796.3 17.6
7219.3 8796.6 17.9
7472.7 8820.1 13.3
7325.7 8815.3 15.9
7281.6 8811.1 16.9
7476.9 8827.6 13.8
7401.5 8833.8 14.5
7387.8 8832.7 14.3
7346.2 8828.0 14.7
7294.0 8827.1 15.6
7286.3 8834.8 14.8
7479.4 8842.6 13.7
7375.5 8846.1 15.3
7298.9 8842.4 14.8
7475.8 8855.6 13.8
7340.7 8860.5 16.0
7322.1 8863.2 15.9
7311.6 8858.9 15.5
7493.3 8879.9 13.4
7481.0 8874.2 13.6
7367.7 8877.2 15.3
7356.1 8872.5 15.7
-3729.1 -8547.2 12.1
-3713.8 -8532.3 12.3
-3737.6 -8538.5 12.1
-3767.5 -8519.5 11.5
-3786.2 -8521.5 11.3
-3711.3 -8503.0 12.0
-3779.9 -8503.9 11.2
-3800.8 -8505.1 11.0
-3741.3 -8492.8 11.6
-3721.7 -8475.8 11.6
-3740.2 -8479.3 11.4
-3756.5 -8472.5 11.2
-3788.6 -8473.1 10.8
-3667.7 -8463.5 12.1
-3728.5 -8461.8 11.4
-3758.7 -8465.8 11.1
-3782.8 -8462.7 10.8
-3697.5 -8449.9 11.6
-3726.0 -8450.7 11.3
-3707.7 -8433.6 11.3
-3723.2 -8430.6 11.1
-3620.2 -8419.0 12.2
-3651.3 -8414.9 11.8
-3622.0 -8405.5 12.0
-3750.2 -8403.6 10.6
-3617.4 -8390.5 12.1
-3649.5 -8388.6 11.6
-3727.2 -8388.4 10.7
-3758.3 -8391.1 10.3
-3578.0 -8375.6 13.1
-3618.7 -8373.8 12.3
-3636.3 -8368.5 12.1
-3651.8 -8375.4 11.7
-3679.0 -8375.0 11.2
-3706.6 -8369.8 10.7
-3781.1 -8366.8 9.8
-3633.2 -8354.8 12.4
-3666.4 -8360.6 11.6
-3744.7 -8356.0 10.2
-3803.5 -8353.0 9.4
-3668.4 -8342.1 11.9
-3742.4 -8330.4 10.7
-3782.7 -8321.9 10.0
-3811.4 -8331.1 9.4
-3681.4 -8312.0 12.1
-3694.8 -8315.2 11.8
-3739.6 -8308.2 11.1
-3770.6 -8314.8 10.4
-3783.7 -8315.3 10.1
-3813.7 -8311.5 9.6
-3744.4 -8295.0 11.2
-3707.7 -8284.9 12.1
-3737.8 -8279.6 11.6
-3757.9 -8286.2 11.1
-3788.5 -8279.2 10.6
-3797.2 -8280.9 10.4
-721.2 -3147.0 20.5
-699.4 -3115.5 21.4
-715.1 -3112.9 20.9
-5303.2 2256.6 4.2
-5271.2 2267.4 4.1
-5302.5 2282.7 3.7
-5335.1 2297.3 3.4
-5348.0 2309.9 3.3
-5359.6 2310.3 3.2
-5297.3 2323.8 3.6
-5319.0 2330.3 3.4
-5330.1 2331.8 3.3
-5345.0 2340.0 3.2
-5243.9 2371.2 3.1
-2536.5 6223.8 4.0
-2543.3 6238.1 4.0
-2552.2 6236.3 3.9
-2540.6 6249.7 4.2
-2566.2 6254.8 4.2
-2657.4 6251.6 3.0
-2523.4 6266.3 4.9
-2523.4 6283.7 5.6
-2579.0 6276.7 4.8
-2554.2 6297.5 5.7
-2581.4 6298.1 5.5
-2625.3 6300.1 4.9
-2646.5 6297.5 4.5
-2660.2 6293.3 4.2
-2523.1 6309.9 6.4
-2612.8 6311.5 5.5
-2601.3 6330.4 6.2
