5750.7 -4192.9 133.2
4344.2 -4505.5 153.1
4368.2 -4425.0 151.6
4327.9 -4404.1 151.3
-5124.3 -3931.4 114.5
-5166.4 -3970.1 113.1
1418.8 -3823.9 124.0
1396.2 -3806.6 123.7
1422.8 -3814.9 124.3
4273.7 -3109.8 152.3
-5093.0 -3951.5 114.7
4296.9 -3104.0 152.6
1423.2 -3818.9 124.2
3870.6 -4511.5 167.8
4330.4 -4506.3 153.1
4360.1 -4505.5 153.1
4355.7 -4403.3 151.2
4297.3 -4405.5 151.3
4270.1 -4509.3 153.2
4240.1 -4441.4 152.6
4375.5 -4432.3 151.7
1418.2 -3813.2 124.2
4375.3 -4471.7 152.5
4267.2 -4406.8 151.3
5735.4 -4196.5 132.6
5781.5 -4243.5 134.7
5778.9 -4234.8 134.6
4371.8 -4494.8 152.9
4370.3 -4481.9 152.6
4380.5 -4454.6 152.1
4367.8 -4412.9 151.4
4340.8 -4403.9 151.3
4281.0 -4406.6 151.3
4301.9 -4506.7 153.1
4283.6 -4508.5 153.2
4240.3 -4425.2 152.4
4240.5 -4479.6 152.9
4240.5 -4495.9 153.0
4282.6 -3108.0 152.4
1412.8 -3811.4 124.1
1402.1 -3830.4 123.5
1423.2 -3823.0 124.2
1414.4 -3826.2 123.9
1406.2 -3829.5 123.6
1397.0 -3833.7 123.3
1402.9 -3808.0 123.9
1407.1 -3810.3 124.0
1410.9 -3827.6 123.8
-5171.0 -3949.0 113.4
-5160.7 -3939.1 113.8
-5152.2 -3976.9 113.2
-5143.2 -3935.5 114.2
-5134.4 -3973.4 113.6
-5115.8 -3969.3 114.0
-5096.6 -3935.9 114.9
-681.2 -6082.0 100.8
-695.3 -6076.8 100.6
-709.4 -6071.6 100.5
-723.3 -6066.1 100.3
-737.3 -6060.5 100.1
-751.2 -6054.9 99.9
-765.1 -6049.3 99.7
-778.9 -6043.5 99.7
-792.7 -6037.6 99.6
-806.6 -6031.9 99.6
-820.4 -6026.2 99.6
-834.3 -6020.5 99.6
-848.2 -6014.8 99.6
-862.1 -6009.1 99.6
-876.0 -6003.6 99.6
-890.4 -5999.4 99.5
-905.0 -5996.0 99.4
-919.7 -5993.0 99.2
-934.6 -5991.1 99.1
-949.5 -5990.1 98.8
-964.5 -5989.1 98.6
-979.4 -5987.8 98.4
-994.2 -5985.4 98.3
-1009.0 -5982.9 98.1
-1023.8 -5980.5 98.0
-1038.6 -5978.0 97.8
-1053.1 -5974.2 97.7
-1067.6 -5970.2 97.6
-1082.0 -5966.1 97.5
-1096.3 -5961.7 97.4
-1110.7 -5957.2 97.3
-1125.0 -5952.7 97.9
-1139.3 -5948.2 98.5
-1153.6 -5943.8 98.9
-1167.8 -5938.8 99.3
-1181.9 -5933.8 99.7
-1196.1 -5928.9 100.1
-1210.2 -5923.9 100.5
-1232.2 -5916.2 101.1
846.8 789.4 118.3
838.9 802.2 118.1
831.0 814.9 117.7
823.1 827.6 117.3
815.1 840.4 117.0
807.2 853.1 116.8
799.3 865.8 116.7
791.4 878.6 116.5
781.7 883.7 116.3
769.1 875.6 116.0
756.5 867.6 115.7
743.8 859.5 115.3
731.2 851.4 115.0
718.5 843.3 114.7
723.6 831.2 114.9
731.4 818.4 115.3
739.2 805.6 115.6
747.1 792.8 116.0
754.9 780.0 116.4
762.7 767.2 116.8
777.3 743.4 117.3
4328.9 -3091.9 152.9
4342.5 -3085.5 153.0
4356.1 -3079.1 153.1
4369.6 -3072.7 153.3
4383.2 -3066.3 153.4
4402.2 -3057.4 153.6
6247.7 -6697.9 136.6
6262.5 -6695.5 136.8
6277.3 -6693.1 137.0
6292.1 -6690.7 137.2
6309.4 -6687.9 137.4
6294.9 -6651.4 137.9
6280.1 -6654.0 137.5
6265.3 -6656.6 137.1
6250.6 -6659.3 136.9
6236.7 -6662.5 136.7
6238.7 -6677.4 136.7
6240.7 -6692.3 136.6
6243.1 -6706.6 136.5
6257.9 -6703.9 136.7
6272.6 -6701.1 136.9
6287.4 -6698.4 137.1
6309.1 -6694.4 137.4
6242.7 -6668.7 136.8
6257.5 -6666.1 136.9
6272.3 -6663.5 137.1
6296.0 -6659.4 137.6
-5674.2 -2176.3 127.4
-5659.3 -2178.3 127.2
-5644.4 -2180.3 127.0
-5629.5 -2181.8 126.8
-5614.6 -2183.3 126.6
-5599.7 -2184.7 126.5
-5583.9 -2186.3 126.3
2556.1 -5265.6 151.3
-4315.9 -1666.9 123.6
-4332.7 -1662.1 124.1
-4345.3 -1644.8 124.4
-4299.8 -1634.0 123.3
-4284.3 -1619.6 123.0
-4298.0 -1618.5 123.3
-4341.3 -1763.1 123.4
