3239.0 7399.9 68.5
3368.4 7388.9 66.6
-4078.1 8705.6 91.6
-4100.1 8723.0 92.1
-4153.2 8759.7 93.7
-4161.0 8765.1 93.9
1401.1 8193.8 71.1
6615.7 5245.6 105.9
-4146.0 8755.4 93.5
-4192.0 8785.8 94.8
-4260.7 8751.5 94.9
-4168.9 8770.2 94.1
-4176.7 8775.7 94.4
-4200.6 8790.2 95.0
-4257.0 8756.4 95.0
-4262.7 8744.3 94.8
-4265.2 8739.7 94.7
-4268.5 8744.3 94.8
1396.2 8177.4 71.0
1397.8 8182.9 71.0
1439.6 8319.0 73.0
1427.9 8279.7 72.3
1189.3 8692.9 67.2
1186.5 8707.2 66.9
1197.0 8692.2 67.3
-3328.8 4427.0 80.1
3158.9 7395.5 69.5
2562.9 -3151.0 102.8
1385.2 8094.2 71.9
1367.9 8112.0 72.3
3332.7 6965.3 75.6
3365.7 6973.3 74.2
3275.9 6945.4 77.6
1204.2 8682.0 67.7
1194.0 8697.6 67.2
-3306.3 4406.4 77.6
-3391.1 4427.0 79.8
6660.2 5210.1 106.4
-4093.4 8718.1 91.9
3361.5 7630.1 68.1
3555.7 7666.9 73.3
3558.9 7665.2 73.5
3560.2 7661.0 73.5
-6782.4 992.7 123.2
3232.7 7395.8 68.6
3190.7 7404.7 69.1
-4246.4 8741.7 94.5
3364.4 6984.7 74.1
3354.5 7626.8 68.0
3374.4 7626.3 68.5
3208.4 7399.3 68.9
-5954.4 8496.0 124.2
-5954.9 8509.6 124.2
-5929.5 8500.5 124.1
-5902.6 8571.8 123.1
-2587.5 -8521.2 125.6
3325.1 6961.4 75.9
3347.2 6973.7 75.0
3229.0 7424.7 68.5
-1243.7 5773.6 70.3
2993.4 6245.9 86.5
6664.0 5174.5 106.4
6649.0 5168.0 106.1
6647.8 5197.9 106.1
6641.6 5230.2 106.3
6639.6 5177.2 106.3
3527.9 6970.6 69.3
-3311.0 4420.5 79.1
-3326.2 4397.1 76.5
-3364.5 4374.6 76.3
-3380.3 4410.1 77.8
-3414.5 4402.9 76.7
-3433.9 4353.0 76.1
-3442.4 4367.9 76.3
-3447.3 4388.7 76.5
-3478.4 4357.8 76.2
-3511.4 4351.2 76.4
-5916.6 8531.4 123.9
3557.7 7663.3 73.4
1509.0 8535.9 74.2
3369.4 7403.2 66.5
3378.1 7392.0 67.0
6651.0 5193.9 106.2
-4251.7 8752.7 94.8
3328.9 6951.5 75.9
3335.8 6956.7 75.6
3350.1 6963.3 75.0
3358.7 6968.7 74.6
3356.9 6980.2 74.5
3287.4 6951.1 77.2
750.1 8396.1 65.3
-6794.2 987.2 122.8
1424.4 8268.1 72.0
3370.1 7632.2 68.3
-3378.0 4430.4 80.3
1436.8 8309.6 72.9
1399.5 8188.3 71.1
-2554.7 -8525.0 124.4
-2615.2 -8532.3 125.3
-3424.2 4416.3 78.4
-3489.7 4399.6 76.6
1495.7 8534.9 74.0
-2596.6 -8508.2 126.0
-2610.3 -8499.8 126.2
-2617.5 -8544.5 124.2
-408.6 4248.3 78.4
-5923.2 8567.0 123.5
-5911.3 8569.9 123.3
1370.7 8116.0 72.1
1409.6 8147.3 70.9
1388.3 8116.0 71.4
1433.7 8299.2 72.7
1432.1 8293.9 72.6
1426.7 8275.8 72.2
-4114.8 8733.6 92.6
-4122.3 8738.8 92.8
1199.8 8678.8 67.8
1196.4 8684.0 67.6
1173.9 8691.2 67.2
1200.6 8687.1 67.5
1435.2 8304.2 72.8
1177.8 8717.0 66.5
-6722.4 1054.8 127.8
1203.2 8673.6 67.9
1193.0 8689.2 67.4
1386.9 8106.4 71.7
1424.7 8142.3 70.7
-3475.7 4343.6 76.1
-3471.6 4337.1 76.0
-3375.7 4388.6 76.4
-3377.6 4370.5 76.2
-3397.3 4364.4 76.2
-4056.4 8688.1 91.3
-4258.3 8744.1 94.7
-5929.3 8513.8 124.1
6620.6 5194.0 105.7
1438.4 8314.8 72.9
1430.3 8288.0 72.5
6660.7 5190.7 106.5
3348.7 7623.3 67.9
-1261.7 5783.9 71.1
-4255.6 8749.0 94.8
3343.0 6958.6 75.3
-4063.6 8694.0 91.4
-4070.7 8699.9 91.5
-4106.9 8727.8 92.3
-4130.4 8744.9 93.0
-4139.3 8750.6 93.3
-4184.9 8780.7 94.6
-4261.2 8739.9 94.6
-4265.4 8748.2 94.9
-3408.9 4380.8 76.4
-3459.2 4407.0 77.1
-3483.2 4377.9 76.4
-3512.8 4361.5 76.4
5945.9 1641.8 107.0
5943.8 1656.6 106.2
5941.8 1671.5 105.7
5939.7 1686.3 105.1
5937.7 1701.2 104.6
5933.8 1728.8 103.7
5953.3 1599.1 109.6
5955.7 1584.3 110.5
5958.1 1569.5 111.4
5960.5 1554.7 112.0
5962.9 1539.9 111.9
5965.3 1525.1 111.9
5967.7 1510.3 111.8
5970.1 1495.5 111.8
5974.5 1483.3 111.8
5989.3 1485.6 112.1
6004.1 1487.9 112.4
6019.0 1490.2 112.7
6033.8 1492.5 113.0
6048.6 1494.8 113.3
6063.4 1497.1 113.6
6089.8 1501.1 114.4
-4157.5 8531.2 93.3
-4149.1 8543.6 93.1
-4140.7 8556.1 92.9
-4132.3 8568.5 92.8
-4123.9 8580.9 92.6
-4115.5 8593.4 92.5
-4107.1 8605.8 92.3
-4098.7 8618.2 92.2
-4084.7 8639.1 91.9
-1496.0 900.1 105.5
-1493.2 885.3 105.4
-1490.3 870.6 105.3
-1487.5 855.9 105.1
-1482.6 842.9 104.9
-1468.4 838.1 104.3
-1454.0 834.0 103.6
-1439.7 834.3 102.9
-1425.7 839.6 102.3
-1411.8 845.2 101.7
-1397.9 850.8 101.3
-1383.9 856.3 100.9
-1357.3 867.0 100.2
4775.4 -662.8 114.1
4781.5 -676.5 113.9
4787.7 -690.2 114.1
4793.8 -703.9 114.6
4799.9 -717.6 115.0
4806.0 -731.3 115.5
4812.2 -745.0 115.9
4821.7 -766.3 116.0
-2861.7 5668.5 105.4
-2849.2 5660.1 105.8
-2836.8 5651.7 106.1
-2824.4 5643.3 106.5
-2812.0 5634.9 106.8
-2799.6 5626.5 107.2
-2787.2 5618.0 107.5
-2774.7 5609.6 107.9
-2762.3 5601.2 108.3
-2749.9 5592.8 108.6
-2737.5 5584.4 109.0
-2725.1 5576.0 109.3
-2712.7 5567.5 109.7
-2700.4 5558.9 110.0
-2688.1 5550.4 110.4
-2675.7 5541.8 110.8
-2663.4 5533.3 111.1
-2651.0 5524.8 111.5
-2638.6 5516.4 111.8
-2626.3 5507.9 112.2
-2613.9 5499.4 112.6
-2601.6 5490.8 112.9
-2589.3 5482.3 113.3
-2577.2 5473.3 113.7
-2565.3 5464.3 114.1
-2549.4 5452.3 114.6
-2866.3 5661.2 105.9
-2853.9 5652.8 106.3
-2841.5 5644.4 106.6
-2829.0 5635.9 107.0
-2816.6 5627.5 107.3
-2804.2 5619.1 107.7
-2791.8 5610.7 108.0
-2779.3 5602.3 108.4
-2766.9 5594.0 108.7
-2754.4 5585.7 109.1
-2741.9 5577.4 109.4
-2729.4 5569.1 109.8
-2716.9 5560.8 110.1
-2704.4 5552.5 110.5
-2692.0 5544.0 110.8
-2679.7 5535.5 111.2
-2667.3 5527.0 111.5
-2655.0 5518.5 111.9
-2642.6 5510.0 112.3
-2630.4 5501.3 112.6
-2618.3 5492.5 113.0
-2606.1 5483.6 113.4
-2593.8 5475.1 113.8
-2581.3 5466.8 114.1
-2569.0 5458.3 114.5
-2547.1 5442.8 115.1
2573.2 458.2 90.8
2585.3 467.0 91.2
2597.4 475.8 91.5
2609.6 484.6 91.9
2621.7 493.4 92.3
2633.8 502.3 92.7
2646.0 511.1 93.0
2667.9 527.0 93.7
5063.7 3778.2 85.6
5068.8 3758.3 85.9
5074.4 3737.1 86.2
5069.3 3756.1 85.9
-6173.4 1111.9 109.9
-6181.9 1124.2 109.5
-6190.5 1136.6 109.0
-6199.0 1148.9 108.6
-6207.5 1161.3 108.1
-6216.1 1173.6 107.7
-6225.2 1185.5 107.3
-6234.3 1197.4 106.8
-6243.5 1209.3 107.0
-6252.7 1221.2 107.3
-6264.0 1224.6 108.2
-6274.8 1214.3 108.3
-6285.7 1203.9 108.5
-6296.5 1193.5 108.7
-6307.9 1183.8 108.9
-6322.0 1172.7 109.3
-4927.5 -9234.4 117.6
-4926.5 -9219.4 117.5
-4925.5 -9204.4 117.4
-4924.4 -9189.5 117.4
-4923.4 -9174.5 117.3
-4922.3 -9159.5 117.2
-4921.3 -9144.6 117.1
-4920.3 -9129.6 117.0
-4919.2 -9114.6 116.8
-4918.2 -9099.7 116.7
-4917.1 -9084.7 116.6
-4916.1 -9069.7 116.5
-4915.0 -9054.8 116.4
-4914.0 -9039.8 116.3
-4913.0 -9024.9 116.2
-4911.9 -9009.9 116.1
-4903.4 -8998.7 115.9
-4890.4 -8991.6 115.5
-4876.5 -8985.8 115.0
-4862.7 -8980.1 114.5
-4848.8 -8974.3 114.0
-4835.0 -8968.5 113.5
-4821.2 -8962.7 113.1
-4807.3 -8956.9 113.0
-4793.5 -8951.2 113.0
-4779.6 -8945.4 112.9
-4765.8 -8939.6 112.7
-4751.9 -8933.8 112.6
-4738.1 -8928.1 112.4
-4723.4 -8926.1 112.2
-4708.5 -8925.6 111.9
-4693.5 -8925.2 111.7
-4678.5 -8924.6 111.4
-4663.5 -8923.2 111.2
-4648.6 -8921.8 110.9
-4633.7 -8920.4 110.7
-4618.7 -8918.9 110.9
-4605.3 -8912.4 111.1
-4591.9 -8905.6 111.3
-4578.5 -8898.8 111.2
-4572.1 -8905.4 111.5
-4569.9 -8920.3 111.3
-4567.7 -8935.1 111.1
-4565.5 -8949.9 111.0
-4563.3 -8964.8 111.0
-4561.1 -8979.6 111.1
-4558.9 -8994.4 111.2
-4556.7 -9009.3 111.3
-4554.5 -9024.1 111.4
-4552.3 -9039.0 111.5
-4550.1 -9053.8 111.7
-4547.9 -9068.6 111.9
-4545.7 -9083.5 112.0
-4543.5 -9098.3 112.2
-4544.3 -9113.1 112.4
-4547.5 -9127.7 112.5
-4561.8 -9131.5 112.5
-4576.4 -9135.0 112.6
-4591.0 -9138.5 112.8
-4605.6 -9142.1 113.0
-4620.1 -9145.6 113.2
-4634.4 -9150.3 113.4
-4648.6 -9155.0 113.7
-4662.9 -9159.7 113.9
-4677.1 -9164.3 114.1
-4691.4 -9169.0 114.3
-4705.5 -9174.0 114.6
-4719.6 -9179.1 114.8
-4733.7 -9184.3 115.0
-4747.8 -9189.5 115.3
-4761.9 -9194.7 115.5
-4775.9 -9199.8 115.7
-4790.0 -9205.0 116.0
-4804.1 -9210.2 116.2
-4818.2 -9215.4 116.5
-4832.3 -9220.5 116.7
-4846.3 -9225.7 116.9
-4860.4 -9230.9 117.2
-4874.5 -9236.1 117.4
-4888.6 -9241.2 117.6
-4909.5 -9249.0 117.9
-6497.8 750.2 119.7
-6487.9 761.5 119.7
-6478.0 772.7 119.6
-6468.1 784.0 119.5
-6455.8 797.9 119.5
-6496.8 746.1 119.7
-6487.0 757.5 119.7
-6477.1 768.8 119.6
-6467.3 780.1 119.5
-6453.7 795.8 119.5
-3887.0 45.7 85.6
-3893.4 32.1 86.3
-3899.9 18.6 86.9
-3906.3 5.0 87.6
-3912.8 -8.5 87.5
-3923.5 -9.4 87.6
-3936.9 -2.7 87.7
-3950.2 4.3 87.4
-3963.3 11.7 87.0
-3976.3 19.1 86.6
-3999.8 36.0 85.8
3515.4 6934.8 69.1
3517.5 6931.2 69.1
3512.7 6932.0 69.2
3514.3 6929.3 69.1
3508.2 6939.5 69.4
3510.5 6935.7 69.3
3511.6 6941.5 69.3
3514.0 6937.4 69.2
3487.5 6927.6 69.9
3508.2 6939.5 69.4
3511.6 6941.5 69.3
3522.4 6947.7 68.5
-4182.6 -4650.8 101.3
-4171.3 -4660.3 101.0
-4509.0 -4194.6 101.7
-4496.7 -4185.9 102.3
-4484.5 -4177.3 102.9
-4472.2 -4168.6 103.5
-4460.0 -4159.9 104.1
-4444.6 -4149.1 104.9
-4559.6 -4098.7 100.6
-4555.8 -4113.2 100.6
-4552.0 -4127.7 100.7
-4548.2 -4142.2 101.0
-4544.4 -4156.7 101.4
-4540.6 -4171.2 101.7
-4535.6 -4190.4 101.3
1090.8 7770.3 76.1
1117.5 7761.7 75.5
1075.0 7730.4 76.6
1101.6 7721.8 76.1
4218.6 -6625.2 115.1
4223.4 -6611.0 114.8
4228.2 -6596.8 114.5
4233.1 -6582.6 114.2
4237.9 -6568.4 113.9
4247.4 -6540.7 114.4
-6134.9 -6921.3 122.6
-6138.0 -6906.6 122.8
-6141.1 -6891.9 122.9
-6144.2 -6877.3 123.0
-6147.3 -6862.6 123.1
-6150.4 -6847.9 123.3
-6153.4 -6833.2 122.2
-6156.4 -6818.5 121.1
-6159.4 -6803.8 120.9
-6162.4 -6789.1 120.7
-6163.7 -6774.2 120.5
-6164.5 -6759.2 120.4
-6164.7 -6744.2 120.1
-6164.2 -6729.3 120.7
-6163.7 -6714.3 121.7
-6163.0 -6699.3 121.3
-6161.3 -6679.8 120.8
2114.6 8548.3 89.0
2110.6 8578.7 89.1
2063.7 8577.9 90.4
2078.4 8580.9 90.0
2093.1 8583.9 89.6
2108.1 8586.9 89.2
2073.3 8525.6 90.2
2070.1 8540.3 90.2
2064.3 8566.9 90.4
-2501.4 7858.2 73.3
-2490.6 7868.6 73.5
-2479.8 7879.1 73.7
-2462.1 7896.1 74.1
3145.1 6366.5 82.0
3159.4 6371.2 81.6
3173.6 6375.9 81.2
3187.9 6380.6 80.8
3214.1 6389.2 80.0
2912.6 7659.3 73.7
2919.7 7677.6 73.2
2925.9 7694.6 72.8
2918.4 7704.7 72.9
2901.9 7750.9 72.7
3085.6 7082.5 77.8
3043.2 7080.7 78.5
3088.9 7097.8 77.5
3077.9 7094.5 77.7
3091.6 7113.4 77.1
3040.0 7109.1 78.0
3091.3 7125.9 76.9
3122.7 7141.7 76.1
3123.8 7153.9 75.9
3086.3 7153.3 76.5
3135.3 7164.4 75.5
3088.3 7195.4 75.6
3168.3 7216.9 73.6
3146.1 7215.1 74.1
3132.0 7213.1 74.4
3116.3 7211.4 74.8
3182.1 7224.6 73.1
3132.4 7244.2 73.6
3194.1 7256.0 72.0
3151.3 7263.6 72.7
3107.3 7263.2 73.6
3183.6 7277.0 71.7
3136.5 7274.4 72.7
3117.4 7287.0 72.8
3088.8 7291.8 73.2
3237.4 7303.1 69.9
3212.0 7304.8 70.4
3134.7 7307.8 71.9
3102.2 7303.7 72.6
3242.9 7318.6 69.4
3071.9 7314.1 73.0
3060.5 7321.8 73.0
3252.8 7332.8 68.8
3207.4 7332.1 69.7
3175.8 7337.2 70.3
3130.6 7336.3 71.2
3071.9 7338.7 72.3
3243.6 7345.4 68.9
3226.9 7349.9 69.0
3209.7 7345.1 69.4
3147.6 7352.7 70.4
3208.3 7359.2 69.2
3176.4 7361.6 69.7
3256.0 7381.2 68.5
3219.7 7375.1 68.9
3204.6 7381.0 69.1
3195.7 7381.8 69.2
3179.0 7373.9 69.4
3108.3 7383.1 70.5
3269.8 7390.1 68.1
3240.2 7398.2 68.5
3225.2 7390.3 68.8
3165.6 7389.0 69.5
3138.4 7397.3 69.7
3272.2 7405.8 67.9
3257.9 7407.0 68.2
3121.1 7406.1 69.9
3258.5 7419.4 68.1
3149.8 7424.0 69.4
3102.8 7427.2 69.9
3092.2 7425.9 70.1
3208.8 7441.8 68.6
3102.1 7442.4 69.8
3090.8 7439.7 70.0
3226.0 7451.8 68.3
3195.3 7454.4 68.7
3135.2 7450.9 69.4
3088.7 7456.5 69.9
3283.6 7487.3 67.1
3258.2 7482.9 67.6
3206.0 7484.9 68.3
3190.9 7479.6 68.5
3342.1 7497.2 66.1
3332.0 7501.9 66.2
3235.1 7498.2 67.9
3162.5 7531.1 68.6
3047.1 7528.6 70.0
3134.0 7543.2 68.9
3101.0 7543.4 69.3
3074.7 7548.6 69.6
3124.1 7557.5 68.9
3102.8 7562.1 69.2
3091.5 7555.1 69.3
3078.0 7560.7 69.5
3064.3 7558.2 69.7
3074.1 7569.4 69.5
3176.6 7584.3 68.1
3135.5 7618.7 68.5
3237.2 7637.2 67.0
3221.4 7635.1 67.3
3148.8 7629.0 68.2
3204.9 7647.2 67.3
3196.8 7652.2 67.2
3236.3 7663.5 66.3
3241.1 7675.3 65.9
3194.2 7678.7 66.7
3234.5 7691.5 65.7
3191.4 7692.7 66.7
3167.4 7696.3 67.3
3237.6 7707.4 65.3
3221.4 7709.6 65.7
3214.1 7710.6 65.9
3176.6 7711.5 66.9
3152.6 7709.5 67.4
3210.8 7722.1 66.0
3192.9 7725.9 66.5
3213.0 7740.7 65.9
3220.1 7758.3 65.6
3208.7 7748.8 65.9
3174.5 7751.6 66.6
3134.7 7757.2 67.4
3196.3 7773.3 65.9
3177.8 7763.8 66.4
3213.5 7787.4 65.4
3178.7 7779.5 66.2
2950.5 7918.0 70.8
2933.6 7918.2 71.1
2938.7 7935.1 70.9
2959.6 7948.4 70.4
2831.2 8070.9 71.4
2863.6 8090.6 70.5
2842.0 8087.6 71.0
2832.6 8083.5 71.3
2480.6 8396.7 79.7
-4237.9 4736.0 126.1
-4190.5 4751.6 128.3
-4203.0 4745.4 127.5
-4252.3 4747.0 126.8
-4200.1 4762.8 128.7
-4259.7 4765.7 128.2
-4221.4 4774.1 127.8
-4233.6 4777.8 127.5
-4253.4 4775.5 127.6
-4186.2 4792.0 126.5
-4236.6 4792.7 126.4
-94.7 8611.2 72.8
-79.6 8626.6 73.2
-81.3 8651.3 73.5
-104.2 8660.3 73.4
-47.1 8668.8 72.8
-110.0 8668.4 73.2
-47.9 8705.0 72.0
-82.1 8715.1 72.1
2558.6 8907.3 78.6
2637.2 8931.6 76.1
2625.0 8931.5 76.4
1947.2 8649.1 87.6
1950.2 8667.4 87.7
1980.3 8694.2 89.0
1948.9 8696.4 87.8
1950.3 8726.2 87.9
1161.3 8780.0 63.6
4315.6 3191.4 105.7
4266.0 3184.2 103.4
4249.3 3186.1 102.7
4327.2 3200.6 106.3
4312.5 3205.8 105.8
4273.0 3217.7 104.4
4259.3 3217.6 103.8
4281.6 3229.5 105.3
4264.4 3229.5 104.6
4400.8 3250.0 111.9
4333.7 3246.1 108.9
4314.3 3252.7 108.6
4234.9 3253.0 105.1
4210.6 3248.8 103.7
4433.9 3259.0 111.4
4345.4 3263.5 110.8
4318.6 3265.0 109.7
4288.7 3266.6 108.5
4198.1 3265.6 104.5
4182.6 3265.2 103.6
4468.5 3278.9 111.3
4329.2 3275.4 111.0
4299.6 3275.6 109.7
4253.8 3281.7 108.2
4240.1 3280.6 107.5
4198.5 3275.9 104.9
4478.8 3291.4 111.5
4340.3 3290.1 112.6
4334.2 3290.6 112.4
4264.8 3296.9 109.6
4228.2 3295.4 107.3
4153.4 3295.3 102.4
4448.6 3303.9 112.8
4421.7 3305.5 113.5
4386.9 3310.2 114.6
4317.7 3309.0 113.1
4241.2 3305.2 108.3
4168.9 3310.1 103.7
4153.4 3306.4 102.6
4450.2 3318.5 113.3
4419.7 3320.6 114.2
4409.2 3319.5 114.4
4393.0 3328.0 115.1
4373.0 3321.9 115.5
4318.6 3318.4 113.5
4303.0 3322.6 112.6
4286.0 3326.4 111.7
4214.0 3322.1 107.0
4508.1 3333.5 112.3
4373.0 3338.4 115.2
4354.4 3341.1 114.8
4343.8 3336.7 114.6
4315.4 3338.2 113.1
4258.7 3340.9 109.7
4236.6 3338.4 108.4
4228.3 3342.9 107.8
4183.7 3342.3 105.1
4160.8 3335.3 103.9
4145.9 3336.7 103.0
4523.4 3349.9 112.2
4505.1 3355.1 111.7
4478.7 3357.6 112.2
4434.4 3357.0 113.2
4318.0 3350.2 112.6
4295.8 3357.3 111.1
4235.8 3355.9 107.9
4225.6 3357.7 107.2
4213.3 3352.1 106.7
4144.7 3356.1 102.4
4490.0 3370.1 111.6
4478.4 3365.4 112.0
4399.8 3372.6 113.6
4379.0 3372.8 113.9
4347.1 3372.8 112.4
4311.8 3364.6 111.4
4280.4 3364.8 110.0
4250.4 3369.5 108.3
4505.4 3387.8 111.4
4417.4 3384.7 112.8
4376.1 3381.1 113.3
4362.6 3378.9 112.8
4325.3 3383.6 110.8
4235.4 3379.8 107.0
4151.6 3385.4 102.0
4465.7 3394.7 111.4
4315.3 3396.2 109.5
4224.8 3396.8 105.4
4478.8 3414.0 110.6
4465.1 3416.3 110.8
4430.5 3412.9 111.7
4389.3 3415.3 111.7
4372.5 3416.1 110.9
4324.4 3409.9 109.0
4318.0 3416.2 108.4
4279.3 3412.5 106.9
4250.2 3410.7 105.7
4240.4 3408.8 105.4
4460.0 3432.5 110.4
4226.9 3426.5 103.7
4205.3 3432.4 102.8
4480.1 3440.8 110.3
4416.7 3445.6 111.0
4404.1 3446.4 110.4
4334.0 3446.9 107.1
4301.8 3446.5 105.7
4271.5 3445.2 104.4
4252.9 3443.2 103.8
4447.8 3461.7 109.8
4379.2 3460.8 108.3
4358.3 3459.6 107.4
4309.6 3456.2 105.4
4460.7 3474.5 109.5
4436.3 3477.1 109.6
4401.2 3477.1 108.3
4387.7 3474.1 107.9
4354.3 3474.7 106.3
4287.4 3473.9 103.6
4268.9 3470.4 103.2
4461.4 3486.2 109.4
4400.6 3487.8 107.6
4370.4 3483.9 106.4
4346.3 3487.0 105.1
4317.3 3484.5 104.1
4402.5 3500.0 107.1
4447.8 3519.8 108.4
3290.4 7663.4 65.4
3342.2 7687.2 65.3
3324.4 7678.6 65.0
3363.6 7698.1 65.6
3304.8 7701.0 64.6
3335.9 7723.7 64.2
3295.6 7732.2 64.5
3266.9 7723.0 64.8
3397.6 7745.9 67.0
3381.9 7742.0 66.2
3368.5 7738.9 65.6
3323.7 7745.9 64.9
3292.7 7739.3 64.6
3279.6 7738.8 64.7
3249.7 7742.6 65.0
3415.5 7760.0 67.9
3396.4 7761.1 67.0
3386.5 7758.8 66.6
3303.9 7759.0 65.3
3415.7 7775.9 68.2
3398.3 7775.6 67.3
3325.6 7769.1 65.7
3295.6 7774.4 65.7
3275.4 7767.8 65.4
3244.9 7774.9 65.3
3236.1 7773.1 65.3
3438.9 7786.4 69.5
3428.0 7785.6 69.0
3365.2 7791.2 66.3
3352.0 7789.6 66.2
3337.5 7788.0 66.0
3325.6 7792.2 65.7
3387.0 7799.1 66.7
3336.9 7803.7 65.3
3281.3 7800.7 65.2
3348.5 7817.8 65.1
3343.4 7822.3 65.0
3292.3 7818.6 65.1
3280.3 7819.3 65.1
3264.7 7822.0 65.1
3219.8 7820.7 65.3
3354.3 7836.2 65.1
3305.8 7837.3 64.7
3282.0 7835.0 64.8
3291.5 7848.4 64.8
3260.6 7843.6 65.0
3219.6 7846.9 65.3
3336.2 7865.5 65.2
3308.0 7863.0 64.9
3231.0 7860.6 65.3
3219.4 7860.9 65.4
3295.2 7877.4 65.4
3305.1 7891.9 65.9
3278.9 7896.3 66.1
3293.1 7908.0 66.4
1123.3 8249.4 67.2
1109.3 8265.9 66.9
1094.5 8265.9 66.9
1157.6 8291.0 66.4
1167.4 8311.7 66.1
1140.2 8312.4 66.2
1096.3 8314.4 66.4
1211.4 8322.6 67.3
1183.5 8324.2 67.3
1093.8 8325.8 67.4
1156.8 8340.8 68.8
1139.2 8358.6 70.5
1106.1 8358.4 70.5
