663.6 837.4 11.0
681.6 821.8 11.0
700.6 806.7 11.0
649.4 891.8 10.9
651.8 887.6 10.9
660.0 874.2 10.8
662.6 869.5 10.8
654.1 840.3 11.0
682.6 818.9 11.0
685.3 813.6 11.1
679.9 795.7 11.3
5694.3 3927.5 14.4
5691.4 3938.7 14.2
5686.9 3950.0 14.1
638.9 901.0 10.9
614.9 920.9 11.0
-6547.4 -6172.6 1.4
-6554.1 -6155.1 1.5
-6625.7 -6063.6 1.7
-6550.5 -6180.3 1.4
-6552.5 -6168.2 1.4
-6564.3 -6187.3 1.4
-6572.4 -6192.9 1.5
-6544.9 -6179.3 1.4
-6553.3 -6159.1 1.5
-6802.2 -1703.7 1.3
606.3 915.6 11.0
605.1 920.5 11.0
655.2 857.0 10.8
658.4 851.2 10.9
-6548.7 -6169.0 1.5
-6549.8 -6163.1 1.5
-6586.4 -6090.3 1.6
-6567.2 -6188.2 1.4
-6568.7 -6191.0 1.4
-6621.6 -6061.6 1.6
-6629.8 -6065.6 1.7
-6556.3 -6148.6 1.5
-6559.3 -6144.6 1.5
-6546.3 -6175.6 1.4
632.1 911.5 11.0
597.7 911.1 11.0
586.8 911.4 11.0
627.0 926.0 10.9
646.8 895.8 10.9
660.0 844.0 10.9
676.6 833.3 10.9
-6624.4 -6094.3 1.7
-6547.3 -6177.9 1.4
-6553.8 -6182.6 1.3
-6558.0 -6181.9 1.3
-6558.8 -6185.9 1.3
-6565.7 -6189.8 1.4
-3371.1 3868.2 4.4
-3364.8 3901.0 4.3
6469.9 4816.0 21.0
6483.0 4823.3 21.2
6496.2 4830.5 21.4
6509.3 4837.8 21.6
6524.5 4846.2 21.8
6433.0 4787.9 20.9
6413.7 4820.4 21.2
6428.7 4829.4 21.2
6422.1 4840.5 21.3
-6844.3 -7049.1 -1.6
-6850.4 -7033.3 -1.6
-6864.9 -6987.2 -1.7
-6880.6 -6935.2 -1.8
-6896.1 -6942.2 -1.7
-6914.2 -6944.0 -1.6
-6923.6 -6943.6 -1.5
-6932.0 -6949.3 -1.4
-6937.3 -6959.6 -1.3
-6941.2 -6956.3 -1.3
-6940.7 -6942.2 -1.3
-6946.2 -6932.1 -1.3
-6951.8 -6917.6 -1.3
6418.8 4846.1 21.3
6413.3 4855.4 21.4
6398.1 4846.3 21.4
6378.1 4880.0 21.7
6466.7 4821.5 21.1
6479.9 4828.8 21.2
6493.0 4836.0 21.4
6506.1 4843.3 21.5
6521.3 4851.7 21.8
-6947.1 -6907.6 -1.4
-6959.9 -6878.1 -1.2
-6973.0 -6860.3 -1.0
1586.5 4523.7 30.1
1598.9 4515.3 30.3
1611.3 4506.8 30.4
1623.7 4498.4 30.6
1642.0 4486.0 30.8
6506.4 4886.9 21.8
6493.4 4879.4 21.6
6480.4 4871.9 21.4
6467.4 4864.4 21.4
6454.3 4857.0 21.4
6429.6 4842.7 21.3
6365.2 4806.5 21.2
6392.8 4822.3 21.2
6398.9 4811.7 21.1
6406.5 4816.0 21.1
6420.2 4791.9 20.9
6501.9 4894.7 21.7
6488.9 4887.2 21.5
6475.9 4879.7 21.5
6462.9 4872.3 21.5
6449.9 4864.8 21.4
6425.1 4850.6 21.4
6372.7 4877.5 21.7
6393.2 4843.4 21.4
6383.6 4837.6 21.4
6389.0 4828.6 21.3
6360.2 4811.3 21.3
4637.3 -2388.5 15.5
4650.9 -2421.7 15.2
6464.1 4826.5 21.1
6477.2 4833.8 21.2
6490.4 4841.1 21.3
6503.5 4848.3 21.5
6524.9 4860.2 21.9
-3534.6 3868.8 4.9
-7025.8 -7645.8 1.4
-7068.2 -7647.5 1.6
-7077.1 -7648.0 1.6
-7098.7 -7651.6 1.5
-7108.2 -7653.2 1.5
-6978.8 -7632.1 1.6
-7066.2 -7638.8 1.5
-7183.1 -7631.9 2.2
-7227.6 -7634.4 2.5
-7265.1 -7635.0 2.4
-7296.6 -7633.6 1.8
-7309.2 -7633.4 1.5
-6919.2 -7620.6 1.1
-6993.1 -7616.1 1.9
-7020.5 -7616.7 1.9
-7093.1 -7616.3 1.8
-7115.3 -7618.2 1.7
-7129.4 -7620.2 1.9
-7145.1 -7621.9 2.1
-7205.6 -7621.9 2.3
-7220.9 -7623.7 2.5
-7304.2 -7622.8 2.3
-7325.9 -7621.2 1.9
-7332.2 -7621.8 1.9
-7354.3 -7623.7 1.9
-7383.5 -7617.7 2.2
-7409.3 -7623.6 1.9
-6901.6 -7602.5 1.1
-6933.3 -7601.7 0.8
-6962.5 -7605.3 1.1
-6987.8 -7601.3 1.8
-7034.9 -7603.9 2.1
-7097.0 -7604.6 2.0
-7202.8 -7601.2 2.4
-7218.8 -7599.6 2.5
-7263.6 -7604.9 2.8
-7277.9 -7607.8 2.9
-7384.0 -7606.3 2.5
-7412.6 -7601.4 2.7
-6781.5 -7585.8 2.1
-6828.6 -7590.5 1.5
-6874.0 -7591.2 1.2
-6905.6 -7586.0 1.0
-6950.8 -7587.0 0.8
-7009.5 -7584.6 2.3
-7069.0 -7590.1 2.3
-7085.0 -7594.1 2.2
-7167.8 -7592.9 2.1
-7184.5 -7588.4 2.2
-7201.7 -7593.1 2.3
-7263.8 -7585.6 2.8
-7380.9 -7592.6 2.8
-7461.8 -7591.6 3.4
-6721.6 -7578.2 1.9
-6751.2 -7570.1 2.4
-6766.2 -7578.0 2.5
-6825.8 -7579.2 1.4
-6853.0 -7571.0 1.2
-6901.0 -7576.0 1.0
-6948.7 -7575.0 0.7
-7003.3 -7577.1 2.1
-7049.2 -7577.5 2.5
-7063.5 -7576.3 2.5
-7085.6 -7579.5 2.4
-7200.3 -7577.2 2.4
-7249.5 -7574.3 2.6
-7273.1 -7574.4 2.8
-7309.9 -7579.1 3.2
-7321.6 -7574.4 3.3
-7336.8 -7579.0 3.3
-7392.9 -7578.8 3.2
-6675.4 -7561.5 1.3
-6706.1 -7558.9 1.6
-6766.2 -7562.4 2.4
-6812.7 -7556.8 1.4
-6976.4 -7563.4 1.3
-7200.9 -7562.8 2.6
-7220.4 -7559.6 2.6
-7235.7 -7563.8 2.6
-7277.8 -7555.9 2.6
-7303.2 -7560.4 2.9
-7355.4 -7558.4 3.4
-7370.5 -7563.7 3.7
-6792.7 -7543.1 1.5
-6861.1 -7543.0 1.1
-6872.9 -7546.2 1.0
-6916.0 -7542.6 0.5
-6945.8 -7546.5 0.6
-6963.8 -7541.4 0.9
-6978.9 -7542.2 1.3
-7094.3 -7544.7 3.0
-7144.8 -7548.6 2.9
-7152.4 -7540.7 3.0
-7185.8 -7548.3 2.8
-7220.1 -7541.9 2.9
-7337.4 -7545.1 3.1
-7370.4 -7544.9 3.4
-7396.7 -7539.7 3.6
-7460.1 -7541.4 3.4
-6676.0 -7529.0 1.2
-6717.2 -7532.0 1.7
-6739.4 -7531.1 2.1
-6765.4 -7527.2 2.1
-6814.8 -7532.8 1.3
-6874.8 -7533.9 0.9
-6966.9 -7529.4 1.0
-7005.6 -7532.7 2.0
-7020.4 -7525.9 2.4
-7071.0 -7527.1 3.3
-7097.0 -7529.6 3.2
-7115.1 -7529.4 3.2
-7128.1 -7533.8 3.1
-7140.3 -7529.1 3.2
-7282.0 -7531.0 3.1
-7302.8 -7525.1 3.1
-7356.6 -7527.8 3.1
-7392.7 -7534.2 3.5
-7410.9 -7530.9 3.7
-7474.7 -7530.9 3.0
-6666.2 -7515.2 1.2
-6756.5 -7516.1 2.2
-6764.6 -7511.1 1.9
-6888.6 -7518.0 0.6
-6905.5 -7513.5 0.3
-6993.4 -7515.4 1.6
-7055.1 -7514.7 3.2
-7205.7 -7512.2 3.4
-7215.8 -7518.3 3.3
-7380.3 -7518.0 3.2
-7427.2 -7514.6 3.6
-7491.7 -7514.5 2.5
-6604.1 -7499.2 1.6
-6633.8 -7500.9 1.4
-6650.0 -7498.7 1.3
-6657.3 -7497.7 1.3
-6694.8 -7496.7 1.2
-6718.8 -7498.7 1.7
-6768.9 -7503.1 1.7
-6792.2 -7503.5 1.3
-6875.8 -7495.4 0.7
-6883.4 -7503.9 0.5
-6990.6 -7501.1 1.5
-7008.5 -7497.4 2.0
-7109.9 -7501.6 3.6
-7140.5 -7501.4 3.6
-7154.8 -7496.6 3.7
-7221.6 -7496.4 3.6
-7229.9 -7501.7 3.6
-7246.5 -7501.1 3.6
-7318.4 -7497.6 3.6
-7459.8 -7503.6 3.9
-7506.4 -7500.5 2.2
-6585.1 -7480.0 1.7
-6603.6 -7489.5 1.6
-6705.2 -7482.5 1.4
-6738.2 -7486.6 2.0
-6796.2 -7483.5 1.2
-6897.9 -7480.8 0.2
-7127.2 -7485.0 3.9
-7186.0 -7482.3 3.9
-7202.8 -7482.1 3.9
-7257.7 -7480.2 3.9
-7276.1 -7489.3 3.7
-7296.8 -7481.9 3.8
-7340.7 -7485.7 3.7
-7353.9 -7485.8 3.7
-7467.1 -7487.3 3.7
-6573.8 -7465.2 1.7
-6586.2 -7471.4 1.7
-6635.5 -7469.8 1.3
-6666.2 -7466.5 1.1
-6688.4 -7469.0 1.0
-6748.0 -7466.1 2.0
-6764.7 -7472.7 1.6
-6814.7 -7472.7 1.0
-6826.8 -7469.0 0.9
-6846.6 -7471.2 0.8
-6868.2 -7464.9 0.3
-6884.5 -7469.8 0.1
-6934.8 -7469.0 0.3
-7055.4 -7469.9 3.1
-7066.2 -7470.9 3.4
-7141.2 -7468.8 4.1
-7203.6 -7469.6 4.1
-7248.5 -7464.9 4.1
-7294.3 -7472.9 4.0
-7323.5 -7469.1 4.0
-7368.7 -7465.1 4.1
-7385.5 -7470.4 4.0
-7412.1 -7474.5 3.9
-6556.8 -7450.7 1.6
-6602.7 -7450.6 1.5
-6636.7 -7456.4 1.3
-6661.0 -7452.4 1.1
-6726.0 -7455.7 1.7
-6756.9 -7458.2 1.7
-6771.8 -7454.6 1.2
-6814.7 -7456.2 1.0
-6829.8 -7455.6 0.9
-6870.6 -7454.7 -0.0
-6888.8 -7455.3 0.0
-6942.9 -7452.4 0.3
-6979.4 -7453.2 1.1
-7296.8 -7450.5 4.3
-6567.8 -7436.7 1.6
-6586.1 -7439.8 1.6
-6617.5 -7437.7 1.4
-6636.0 -7441.0 1.3
-6690.6 -7438.0 0.9
-6736.0 -7437.8 1.8
-6751.4 -7434.9 1.6
-6887.1 -7438.7 -0.0
-6966.5 -7443.4 0.7
-7130.5 -7443.4 4.6
-7183.8 -7442.1 4.5
-7231.1 -7442.3 4.5
-7369.6 -7442.5 4.4
-7378.1 -7443.9 4.4
-7395.3 -7442.7 4.4
-7443.4 -7439.3 4.4
-7520.2 -7438.4 1.7
-6522.9 -7424.7 2.3
-6554.8 -7426.6 1.5
-6617.5 -7421.9 1.4
-6660.7 -7421.3 1.1
-6679.2 -7429.2 1.0
-6710.4 -7428.5 1.3
-6727.0 -7426.6 1.6
-6772.0 -7425.2 1.1
-6785.2 -7427.2 1.0
-6823.7 -7423.2 0.8
-6959.7 -7426.7 0.5
-6978.8 -7419.7 0.9
-7011.2 -7421.7 1.8
-7018.3 -7420.9 2.0
-7039.2 -7427.1 2.5
-7053.8 -7422.0 2.9
-7157.2 -7428.6 4.8
-7191.6 -7425.9 4.8
-7234.4 -7422.2 4.8
-7382.8 -7426.2 4.7
-7483.3 -7425.0 3.9
-7497.1 -7425.2 3.1
-7518.9 -7427.5 1.9
-6553.6 -7408.3 1.5
-6598.1 -7413.7 1.5
-6615.9 -7408.7 1.4
-6628.4 -7411.4 1.3
-6725.5 -7407.7 1.5
-6792.6 -7411.6 0.9
-6812.0 -7405.0 0.8
-6891.4 -7404.7 -0.1
-6915.7 -7408.9 0.0
-6949.8 -7405.0 0.2
-7038.3 -7409.5 2.4
-7082.4 -7413.7 3.6
-7171.0 -7409.2 5.1
-7197.7 -7407.8 5.1
-7227.6 -7406.1 5.1
-7318.2 -7407.2 5.0
-7333.7 -7407.6 5.0
-7354.9 -7409.3 5.0
-7363.3 -7412.9 4.9
-7385.9 -7411.9 4.9
-7400.1 -7414.3 4.8
-7437.8 -7408.8 4.9
-6546.1 -7397.6 1.7
-6552.1 -7397.1 1.6
-6621.6 -7390.8 1.3
-6658.1 -7392.3 1.0
-6733.0 -7392.5 1.6
-6752.2 -7390.6 1.2
-6771.8 -7395.8 1.0
-6827.7 -7398.8 0.6
-6854.7 -7397.2 -0.3
-6889.4 -7392.6 -0.2
-6958.6 -7393.7 0.3
-7035.1 -7397.5 2.3
-7107.5 -7392.6 4.2
-7123.0 -7396.3 4.6
-7216.1 -7399.3 5.2
-7246.7 -7397.1 5.2
-7257.2 -7398.2 5.2
-7273.4 -7389.7 5.3
-7293.4 -7395.8 5.2
-7347.7 -7399.4 5.1
-7363.3 -7395.1 5.2
-7380.4 -7391.3 5.2
-7452.3 -7395.6 5.1
-7548.2 -7399.2 0.9
-6462.6 -7375.4 2.2
-6485.5 -7382.4 2.1
-6500.4 -7381.0 2.0
-6513.0 -7382.8 2.1
-6531.2 -7377.6 2.1
-6557.7 -7375.1 1.4
-6602.0 -7375.8 1.3
-6718.4 -7382.6 1.4
-6740.5 -7375.4 1.4
-6800.5 -7376.8 0.7
-6810.8 -7375.0 0.6
-6823.1 -7380.6 0.6
-6891.7 -7376.7 -0.2
-6936.3 -7377.6 -0.0
-6947.9 -7382.3 0.1
-7026.5 -7375.1 2.0
-7047.4 -7374.9 2.6
-7079.3 -7374.9 3.4
-7114.5 -7383.2 4.3
-7145.9 -7382.9 5.1
-7175.9 -7378.2 5.6
-7310.9 -7374.9 5.5
-7398.9 -7378.1 5.4
-7440.2 -7381.6 5.3
-7453.8 -7383.8 5.3
-7491.0 -7379.1 3.9
-6481.0 -7366.5 2.1
-6571.5 -7365.9 1.2
-6657.9 -7362.9 0.9
-6707.6 -7363.7 1.1
-6721.2 -7361.4 1.3
-6755.9 -7364.8 0.9
-6797.1 -7362.4 0.7
-6813.8 -7361.6 0.6
-6861.9 -7367.8 -0.4
-6868.3 -7361.5 -0.4
-6907.0 -7365.2 -0.2
-6936.2 -7367.0 -0.0
-6945.9 -7368.9 0.0
-7023.3 -7361.7 1.9
-7116.3 -7360.2 4.3
-7349.4 -7366.3 5.6
-7371.0 -7360.4 5.7
-7394.9 -7366.5 5.6
-7461.8 -7368.2 5.5
-7486.2 -7366.9 4.2
-7549.6 -7362.2 1.7
-7562.2 -7361.4 1.5
-6423.9 -7347.1 3.5
-6498.5 -7346.0 1.8
-6567.1 -7346.9 1.2
-6588.1 -7348.1 1.2
-6636.7 -7351.5 1.1
-6748.1 -7350.6 0.9
-6798.5 -7350.8 0.6
-6875.7 -7348.2 -0.4
-6900.0 -7345.6 -0.3
-6935.1 -7345.6 -0.1
-6948.7 -7348.6 0.0
-6982.0 -7348.0 0.8
-7049.0 -7348.8 2.5
-7067.4 -7352.3 3.0
-7083.8 -7345.5 3.4
-7115.8 -7346.2 4.2
-7183.9 -7346.9 6.0
-7264.9 -7351.5 5.9
-7325.7 -7349.9 5.9
-7355.9 -7353.9 5.8
-7380.0 -7350.8 5.9
-7409.1 -7353.2 5.8
-7455.2 -7350.0 5.8
-7471.9 -7346.8 5.2
-7564.7 -7352.9 1.7
-6435.0 -7336.6 3.1
-6450.4 -7333.6 2.4
-6465.5 -7329.6 1.9
-6478.9 -7336.0 2.0
-6496.1 -7330.4 1.8
-6529.4 -7338.3 1.7
-6617.4 -7337.0 1.1
-6648.6 -7333.0 0.9
-6889.2 -7338.5 -0.4
-7017.4 -7336.6 1.7
-7062.1 -7336.3 2.8
-7098.7 -7331.2 3.8
-7154.6 -7338.6 5.2
-7186.7 -7336.6 6.0
-7264.4 -7336.4 6.2
-7295.6 -7339.1 6.1
-7385.2 -7338.6 6.1
-7425.9 -7336.9 6.1
-7443.5 -7331.6 6.1
-7459.0 -7338.4 6.0
-7486.2 -7338.0 4.5
-7513.9 -7332.8 3.0
-6411.9 -7319.0 4.5
-6470.7 -7316.1 1.8
-6524.3 -7324.1 1.6
-6605.6 -7320.1 1.0
-6837.6 -7320.9 -0.7
-6949.6 -7323.4 -0.1
-6990.0 -7314.9 0.9
-7018.7 -7324.1 1.7
-7048.1 -7317.4 2.4
-7096.6 -7320.6 3.7
-7108.1 -7317.4 3.9
-7142.9 -7316.2 4.8
-7158.6 -7320.1 5.3
-7172.0 -7323.2 5.6
-7216.9 -7316.2 6.5
-7247.8 -7322.8 6.4
-7260.9 -7323.3 6.4
-7290.9 -7319.5 6.4
-7309.7 -7315.4 6.5
-7336.6 -7314.9 6.5
-7380.0 -7317.1 6.4
-7399.2 -7316.0 6.4
-7409.1 -7318.2 6.4
-7491.6 -7318.1 4.4
-6395.7 -7302.2 5.3
-6404.4 -7304.0 5.1
-6419.9 -7301.6 4.4
-6456.6 -7305.7 2.5
-6467.6 -7306.4 2.0
-6530.4 -7300.9 1.4
-6543.5 -7302.5 1.5
-6558.1 -7304.1 1.6
-6570.0 -7299.9 1.2
-6763.6 -7308.0 0.6
-6813.7 -7303.4 -0.8
-6869.3 -7306.4 -0.6
-7057.0 -7304.3 2.6
-7062.1 -7299.8 2.7
-7113.3 -7303.4 4.0
-7125.3 -7302.7 4.3
-7140.9 -7300.1 4.7
-7185.8 -7301.3 5.9
-7197.5 -7305.1 6.2
-7217.2 -7307.6 6.7
-7236.6 -7307.9 6.7
-7306.3 -7300.9 6.7
-7354.8 -7299.8 6.7
-7378.6 -7302.1 6.7
-7457.8 -7304.0 6.3
-6381.7 -7289.1 5.2
-6424.3 -7286.6 4.4
-6452.6 -7289.0 3.0
-6529.5 -7291.5 1.4
-6541.2 -7291.1 1.4
-6613.9 -7292.6 0.9
-6635.6 -7286.0 0.9
-6646.7 -7284.6 0.9
-6720.4 -7289.7 1.1
-6796.6 -7291.4 -0.3
-6965.5 -7290.2 0.2
-6991.7 -7285.8 0.8
-7078.5 -7286.0 3.1
-7122.8 -7293.8 4.3
-7232.5 -7289.1 7.0
-7249.8 -7289.8 6.9
-7290.0 -7287.2 6.9
-7383.2 -7286.5 6.9
-7461.7 -7288.0 6.3
-7470.6 -7289.7 5.8
-7576.7 -7291.0 2.9
-6361.9 -7274.7 5.0
-6509.4 -7278.4 1.5
-6526.9 -7272.4 1.4
-6582.5 -7279.3 1.0
-6722.7 -7273.6 0.9
-6749.9 -7273.0 0.6
-6793.8 -7270.9 -0.7
-6815.0 -7273.6 -0.9
-6828.6 -7277.8 -0.8
-6856.6 -7276.1 -0.7
-6946.2 -7274.5 -0.2
-7033.2 -7274.5 1.9
-7099.8 -7270.6 3.6
-7200.9 -7271.7 6.2
-7234.0 -7272.0 7.1
-7310.8 -7276.7 7.1
-7352.8 -7271.7 7.2
-7500.7 -7275.3 4.4
-7549.9 -7275.4 3.6
-6381.7 -7263.0 5.6
-6432.7 -7260.2 4.4
-6512.3 -7258.4 1.3
-6531.5 -7258.6 1.3
-6541.4 -7258.2 1.2
-6582.4 -7261.7 1.0
-6720.6 -7256.8 0.8
-6778.0 -7263.9 0.0
-6810.5 -7255.4 -1.0
-6828.1 -7261.8 -0.9
-6854.7 -7258.8 -0.8
-6936.6 -7256.5 -0.4
-6947.8 -7256.4 -0.3
-6979.8 -7258.9 0.5
-6991.6 -7255.0 0.8
-7094.4 -7257.8 3.4
-7122.1 -7259.4 4.1
-7138.0 -7262.1 4.5
-7176.4 -7263.8 5.5
-7221.5 -7261.9 6.7
-7244.0 -7259.6 7.3
-7259.1 -7255.8 7.5
-7353.7 -7257.8 7.4
-7377.5 -7259.2 7.3
-7445.7 -7255.6 7.4
-7469.9 -7255.4 6.1
-7532.5 -7259.8 4.2
-7606.7 -7257.6 3.5
-6425.6 -7245.8 5.0
-6605.1 -7248.1 0.7
-6647.2 -7241.1 0.7
-6660.1 -7241.7 0.7
-6753.4 -7244.8 0.4
-6822.2 -7247.0 -1.0
-6854.0 -7239.9 -0.9
-6918.8 -7246.0 -0.5
-7023.4 -7246.2 1.5
-7048.7 -7248.9 2.2
-7172.9 -7245.9 5.4
-7183.9 -7245.4 5.7
-7221.5 -7243.0 6.6
-7228.7 -7248.8 6.8
-7272.3 -7244.1 7.6
-7304.7 -7248.7 7.6
-7349.5 -7246.5 7.6
-7413.7 -7249.3 7.5
-7426.8 -7246.3 7.5
-7439.8 -7244.2 7.5
-7468.8 -7242.6 6.3
-6316.8 -7225.1 4.8
-6480.8 -7230.7 2.5
-6545.1 -7225.5 1.1
-6586.2 -7226.5 0.9
-6599.9 -7232.7 0.7
-6779.4 -7227.3 -1.1
-6856.7 -7224.6 -0.9
-6875.5 -7231.3 -0.8
-6889.8 -7234.0 -0.7
-6950.3 -7226.4 -0.4
-6979.8 -7232.1 0.4
-7006.7 -7234.2 1.1
-7026.9 -7229.4 1.6
-7124.6 -7229.4 4.1
-7169.2 -7225.9 5.2
-7272.5 -7234.5 7.8
-7293.0 -7229.8 7.9
-7383.3 -7224.6 7.9
-7423.3 -7226.7 7.8
-7459.6 -7226.7 6.9
-7469.0 -7230.2 6.4
-7531.4 -7229.7 4.9
-6374.4 -7211.8 6.4
-6392.4 -7213.0 6.7
-6560.8 -7218.3 1.0
-6632.3 -7213.0 0.6
-6645.7 -7217.0 0.6
-6692.0 -7217.5 0.4
-6710.1 -7218.8 0.8
-6750.7 -7215.4 0.3
-6764.7 -7211.3 -0.7
-6823.0 -7210.0 -1.1
-6838.9 -7214.3 -1.0
-6913.1 -7215.4 -0.7
-6988.9 -7217.9 0.6
-7050.6 -7215.1 2.1
-7080.8 -7216.3 2.9
-7099.3 -7215.3 3.4
-7154.6 -7210.3 4.8
-7171.0 -7215.1 5.2
-7188.0 -7209.7 5.7
-7215.1 -7216.6 6.4
-7250.3 -7219.4 7.3
-7317.4 -7218.0 8.0
-7411.0 -7218.7 8.0
-7429.3 -7212.2 8.1
-7445.3 -7217.8 7.8
-7485.1 -7213.6 5.9
-7497.8 -7213.8 5.7
-7535.2 -7216.1 5.1
-7559.3 -7210.9 5.1
-7620.1 -7215.7 4.7
-6316.5 -7200.6 5.2
-6508.4 -7203.3 1.6
-6597.8 -7202.1 0.7
-6621.3 -7201.3 0.5
-6757.0 -7198.4 -0.6
-6810.8 -7202.6 -1.2
-6823.2 -7196.0 -1.2
-6860.7 -7195.3 -1.0
-6874.0 -7204.4 -0.9
-7024.0 -7203.2 1.4
-7122.6 -7198.4 3.9
-7205.7 -7198.0 6.1
-7229.4 -7198.1 6.7
-7260.2 -7203.6 7.5
-7273.9 -7199.3 7.9
-7319.5 -7204.4 8.3
-7460.2 -7199.6 7.1
-7490.2 -7195.7 6.2
-7557.9 -7198.0 5.5
-7593.3 -7198.4 5.3
-6315.1 -7180.9 5.4
-6328.4 -7184.3 5.7
-6343.5 -7179.8 6.2
-6360.2 -7180.4 6.6
-6390.2 -7188.4 7.1
-6409.7 -7182.3 6.8
-6421.2 -7185.4 6.2
-6456.4 -7180.6 4.5
-6478.9 -7188.5 3.3
-6494.7 -7183.5 2.6
-6650.6 -7185.8 0.5
-6719.7 -7189.4 0.4
-6754.6 -7179.7 -1.0
-6785.7 -7179.7 -1.4
-6885.2 -7185.8 -0.9
-6917.3 -7183.6 -0.8
-6932.3 -7181.7 -0.7
-6967.0 -7189.1 -0.1
-7007.2 -7184.0 0.9
-7096.3 -7185.0 3.2
-7174.3 -7185.1 5.2
-7204.0 -7180.2 6.0
-7291.6 -7187.6 8.3
-7339.2 -7181.6 8.6
-7446.5 -7184.5 8.0
-7487.7 -7180.4 6.6
-7534.2 -7187.8 5.9
-7578.3 -7185.1 5.8
-6267.1 -7169.1 4.4
-6287.9 -7172.2 4.9
-6418.5 -7174.1 6.5
-6470.4 -7167.9 4.0
-6496.2 -7174.1 2.6
-6586.6 -7172.8 0.6
-6615.0 -7173.6 0.4
-6846.9 -7168.3 -1.1
-6884.9 -7164.7 -1.0
-6943.3 -7171.0 -0.6
-7047.1 -7164.8 1.9
-7117.0 -7166.6 3.7
-7232.1 -7171.5 6.7
-7302.3 -7168.4 8.5
-7383.5 -7166.6 8.8
-7425.4 -7169.2 8.8
-7444.5 -7170.4 8.2
-7459.3 -7171.6 7.4
-7530.6 -7165.7 6.5
-7542.4 -7171.8 6.3
-7565.5 -7168.3 6.3
-7624.1 -7167.1 5.2
-6315.1 -7157.4 5.8
-6351.2 -7151.8 6.8
-6437.3 -7152.2 5.9
-6455.8 -7158.1 4.9
-6468.8 -7150.2 4.4
-6499.2 -7155.0 2.8
-6543.0 -7152.7 0.7
-6674.0 -7156.4 0.4
-6884.5 -7156.7 -1.0
-7098.2 -7152.6 3.2
-7128.8 -7152.4 4.0
-7156.7 -7152.0 4.7
-7186.7 -7150.4 5.5
-7229.4 -7154.9 6.6
-7266.2 -7153.4 7.5
-7321.6 -7150.7 8.9
-7408.3 -7153.5 9.0
-7440.3 -7151.6 8.6
-7471.1 -7154.2 7.4
-7530.5 -7155.7 6.8
-7549.9 -7153.7 6.8
-7574.4 -7154.1 6.5
-7621.9 -7153.8 5.3
-6276.6 -7142.8 4.9
-6315.8 -7136.9 5.9
-6381.1 -7135.7 7.5
-6561.5 -7141.5 0.3
-6582.9 -7141.1 0.4
-6613.3 -7140.5 0.3
-6690.6 -7136.4 0.2
-6704.4 -7135.9 0.2
-6720.2 -7140.6 -0.0
-6838.6 -7136.2 -1.3
-6901.4 -7139.7 -1.0
-6918.5 -7143.7 -0.9
-6961.3 -7138.5 -0.4
-7097.1 -7142.2 3.1
-7159.1 -7138.9 4.7
-7236.9 -7134.7 6.7
-7242.8 -7139.9 6.9
-7261.8 -7143.7 7.4
-7272.8 -7135.0 7.6
-7302.6 -7141.4 8.4
-7337.2 -7139.9 9.3
-7371.7 -7140.4 9.2
-7377.4 -7141.7 9.2
-7399.3 -7137.1 9.3
-7488.3 -7136.5 7.6
-7543.4 -7141.8 7.2
-7573.2 -7144.4 6.5
-6270.5 -7121.0 4.7
-6317.0 -7128.0 5.9
-6329.4 -7121.9 6.2
-6393.5 -7126.1 6.3
-6403.7 -7128.4 6.0
-6452.4 -7122.0 3.8
-6478.5 -7124.8 3.6
-6501.3 -7129.5 3.1
-6537.5 -7122.7 1.4
-6561.6 -7123.2 0.2
-6585.4 -7121.0 0.2
-6664.4 -7122.1 0.2
-6778.0 -7129.5 -1.6
-6905.4 -7123.0 -1.0
-6919.1 -7123.2 -0.9
-6948.6 -7128.3 -0.7
-6966.7 -7123.9 -0.3
-6974.6 -7122.6 -0.1
-7011.3 -7123.2 0.8
-7050.3 -7121.9 1.8
-7095.4 -7125.7 3.0
-7126.5 -7126.9 3.8
-7153.8 -7123.5 4.5
-7203.5 -7127.4 5.8
-7213.1 -7122.4 6.0
-7293.5 -7128.1 8.1
-7304.7 -7122.9 8.4
-7322.8 -7120.5 8.9
-7351.4 -7124.7 9.5
-7369.9 -7121.8 9.5
-7411.9 -7121.4 9.5
-7443.9 -7126.0 8.7
-7487.4 -7128.7 7.8
-7501.6 -7128.8 7.7
-7513.8 -7123.1 7.8
-7590.6 -7123.3 6.2
-7634.0 -7128.2 5.2
-6322.0 -7110.1 5.9
-6358.2 -7114.1 6.8
-6376.6 -7107.9 5.4
-6407.8 -7113.1 4.5
-6418.5 -7114.2 4.1
-6469.1 -7114.1 2.5
-6538.8 -7110.0 0.4
-6572.0 -7113.5 0.1
-6590.1 -7112.4 0.1
-6618.8 -7104.7 -0.0
-6643.4 -7108.8 0.1
-6664.7 -7106.6 0.1
-6793.1 -7114.2 -1.6
-6814.8 -7108.4 -1.5
-6920.1 -7110.4 -1.0
-6929.1 -7107.6 -0.9
-6987.4 -7108.5 0.2
-7039.9 -7108.3 1.5
-7154.2 -7109.2 4.5
-7169.8 -7108.0 4.9
-7206.7 -7107.7 5.8
-7332.5 -7107.0 9.1
-7348.8 -7105.3 9.5
-7363.2 -7109.7 9.7
-7383.0 -7107.4 9.8
-7453.0 -7111.3 8.7
-7470.8 -7105.9 8.5
-7536.3 -7113.1 7.6
-7596.8 -7108.3 6.2
-6304.9 -7093.5 5.3
-6357.9 -7091.0 4.7
-6382.0 -7094.7 4.0
-6409.4 -7096.8 2.9
-6420.3 -7097.1 2.4
-6448.5 -7093.7 0.8
-6496.8 -7099.2 0.0
-6512.4 -7099.2 -0.3
-6541.6 -7091.4 -1.1
-6598.4 -7090.1 -1.0
-6694.5 -7091.0 0.1
-6736.1 -7090.8 -1.9
-6751.7 -7095.9 -1.8
-6786.0 -7098.9 -1.7
-6860.0 -7094.1 -1.3
-6875.9 -7098.8 -1.2
-6891.5 -7099.0 -1.2
-6915.7 -7098.5 -1.0
-7011.9 -7097.5 0.8
-7071.6 -7093.8 2.3
-7095.6 -7097.3 2.9
-7232.4 -7092.8 6.4
-7280.1 -7090.1 7.7
-7296.0 -7098.9 8.1
-7341.6 -7096.7 9.3
-7413.3 -7094.4 10.0
-7438.4 -7094.2 9.2
-7536.5 -7097.2 7.7
-6297.5 -7076.9 5.0
-6359.9 -7077.5 3.4
-6379.0 -7076.2 2.4
-6632.0 -7080.5 -1.5
-6705.4 -7074.8 -1.4
-6719.9 -7079.8 -1.7
-6737.8 -7074.8 -1.9
-6783.9 -7080.1 -1.8
-6793.4 -7075.6 -1.7
-6853.0 -7080.1 -1.4
-6927.3 -7081.8 -1.0
-7065.7 -7075.5 2.1
-7095.8 -7080.9 2.9
-7137.9 -7075.8 4.0
-7162.0 -7080.1 4.6
-7175.1 -7081.7 4.9
-7191.0 -7080.3 5.3
-7272.7 -7074.7 7.4
-7287.9 -7077.0 7.8
-7322.6 -7080.4 8.7
-7333.4 -7077.0 9.0
-7410.1 -7076.2 10.2
-7501.8 -7076.2 8.7
-7532.0 -7080.4 7.9
-6312.6 -7067.9 4.7
-6343.7 -7068.2 3.3
-6389.9 -7066.0 1.2
-6424.7 -7064.4 -0.1
-6470.8 -7064.1 -2.0
-6480.1 -7062.7 -2.0
-6557.2 -7069.4 -2.0
-6613.6 -7068.5 -2.0
-6665.4 -7063.4 -2.0
-6721.7 -7068.4 -2.0
-6798.0 -7060.7 -1.7
-6814.2 -7066.1 -1.6
-6845.6 -7067.3 -1.5
-6949.8 -7068.8 -0.9
-6958.1 -7069.1 -0.7
-6972.6 -7064.4 -0.3
-7056.3 -7061.7 1.8
-7080.6 -7067.7 2.5
-7116.5 -7060.2 3.4
-7172.8 -7067.2 4.8
-7281.8 -7064.2 7.6
-7337.9 -7065.9 9.1
-7365.6 -7067.8 9.8
-7438.2 -7068.3 9.8
-7472.6 -7062.5 9.4
-6357.7 -7044.8 2.1
-6378.0 -7051.2 1.4
-6395.4 -7053.3 0.8
-6409.2 -7051.8 0.3
-6451.1 -7048.1 -1.8
-6539.6 -7053.5 -2.0
-6663.8 -7050.7 -2.0
-6740.0 -7046.9 -2.0
-6831.6 -7049.1 -1.6
-6949.1 -7051.5 -0.9
-6988.1 -7049.7 0.0
-7081.0 -7049.5 2.4
-7110.6 -7048.4 3.2
-7122.3 -7051.4 3.5
-7159.5 -7051.1 4.4
-7183.0 -7051.2 5.0
-7305.1 -7053.9 8.2
-7386.1 -7048.9 10.3
-7441.0 -7050.8 10.3
-7473.8 -7053.6 9.5
-7518.2 -7051.2 8.4
-6315.1 -7033.1 3.5
-6332.5 -7035.2 2.9
-6402.2 -7037.8 0.3
-6422.8 -7030.9 -1.0
-6451.7 -7032.1 -2.0
-6468.2 -7034.2 -2.0
-6482.7 -7035.2 -2.0
-6629.1 -7038.9 -2.0
-6659.6 -7033.1 -2.0
-6752.6 -7034.9 -2.0
-6853.8 -7033.0 -1.6
-6871.9 -7029.9 -1.5
-6903.1 -7038.7 -1.3
-6973.5 -7032.3 -0.4
-7007.3 -7030.2 0.5
-7026.4 -7030.1 0.9
-7048.3 -7037.2 1.5
-7067.9 -7036.3 2.0
-7096.3 -7037.2 2.8
-7139.6 -7035.2 3.9
-7201.3 -7036.4 5.5
-7236.4 -7030.8 6.4
-7257.3 -7031.4 6.9
-7280.5 -7033.5 7.5
-7309.9 -7032.7 8.3
-7370.2 -7035.9 9.8
-7395.9 -7031.0 10.5
-7416.8 -7035.6 10.9
-7454.2 -7037.2 10.0
-7473.4 -7030.4 9.6
-7486.1 -7031.9 9.3
-7521.5 -7031.3 8.5
-6394.7 -7016.3 -0.2
-6410.0 -7017.7 -0.9
-6453.9 -7022.0 -2.0
-6464.0 -7016.6 -2.0
-6515.9 -7015.1 -2.0
-6543.5 -7015.3 -2.0
-6569.0 -7014.8 -2.0
-6586.1 -7022.9 -2.0
-6664.2 -7023.4 -2.0
-6693.8 -7020.0 -2.0
-6725.7 -7022.7 -2.0
-6737.0 -7021.7 -2.0
-6772.0 -7018.6 -2.0
-7009.4 -7017.5 0.5
-7101.4 -7014.6 2.8
-7114.5 -7018.6 3.2
-7217.9 -7019.0 5.8
-7258.4 -7015.8 6.9
-7369.5 -7016.2 9.7
-7385.8 -7021.7 10.2
-7410.2 -7021.9 10.7
-7432.0 -7021.4 10.2
-7445.6 -7023.1 10.1
-7468.5 -7024.0 9.8
-7537.0 -7020.2 8.1
-7545.6 -7024.2 7.9
-6388.6 -7001.2 -0.5
-6421.6 -7003.0 -2.0
-6432.1 -7003.6 -2.0
-6456.6 -7003.0 -2.0
-6486.6 -7002.2 -2.0
-6601.0 -7005.8 -2.0
-6627.9 -7000.9 -2.0
-6649.8 -7007.9 -2.0
-6673.3 -7003.0 -2.0
-6723.9 -7006.5 -2.0
-6766.9 -7004.4 -2.0
-6782.7 -7004.8 -2.0
-6813.2 -7001.5 -1.9
-7018.5 -7004.8 0.7
-7052.3 -7001.2 1.5
-7352.9 -7006.6 9.3
-7423.9 -7000.9 9.6
-7460.8 -7003.5 8.6
-6405.1 -6992.7 -1.7
-6496.8 -6984.9 -2.0
-6509.1 -6988.7 -2.0
-6537.1 -6994.1 -2.0
-6575.5 -6984.8 -2.0
-6587.6 -6988.6 -2.0
-6694.2 -6989.7 -2.0
-6766.8 -6990.4 -2.0
-6799.0 -6991.1 -2.0
-6903.1 -6991.2 -1.5
-6913.4 -6988.0 -1.4
-6950.4 -6985.0 -1.1
-6980.0 -6986.6 -0.4
-6989.9 -6988.4 -0.1
-7003.3 -6987.9 0.2
-7079.1 -6991.5 2.2
-7123.6 -6991.0 3.3
-7137.4 -6985.6 3.7
-7288.6 -6991.9 7.6
-7351.4 -6985.3 8.9
-7378.1 -6993.5 9.4
-7415.3 -6985.1 9.1
-7468.6 -6985.5 7.3
-7533.5 -6993.6 6.7
-6387.9 -6970.1 -2.0
-6417.7 -6977.9 -2.0
-6438.5 -6973.0 -2.0
-6453.4 -6979.0 -2.0
-6467.2 -6973.0 -2.0
-6552.1 -6970.5 -2.0
-6601.5 -6972.6 -2.0
-6649.0 -6973.0 -2.0
-6661.1 -6971.8 -2.0
-6733.3 -6972.2 -2.0
-6748.0 -6976.7 -2.0
-6792.3 -6978.0 -2.0
-6809.5 -6973.6 -2.0
-6831.9 -6972.3 -1.9
-6981.9 -6975.0 -0.4
-6992.7 -6969.7 -0.1
-7007.4 -6973.3 0.3
-7068.8 -6972.4 1.9
-7079.5 -6974.4 2.1
-7123.0 -6976.0 3.3
-7137.9 -6971.3 3.6
-7171.5 -6974.8 4.5
-7326.8 -6974.7 8.4
-7333.3 -6978.1 8.6
-7354.1 -6978.3 8.6
-7364.2 -6978.4 8.7
-7395.7 -6970.1 8.4
-7411.1 -6973.6 8.6
-7501.9 -6976.5 6.2
-7517.9 -6978.1 6.0
-6394.4 -6955.7 -2.0
-6422.8 -6957.5 -2.0
-6437.7 -6957.5 -2.0
-6591.4 -6963.4 -2.0
-6634.1 -6962.1 -2.0
-6650.1 -6960.1 -2.0
-6706.4 -6964.3 -2.0
-6734.6 -6961.4 -2.0
-7019.1 -6963.4 0.5
-7037.0 -6958.7 1.0
-7048.2 -6960.7 1.3
-7161.7 -6961.9 4.2
-7216.1 -6961.5 5.6
-7281.9 -6960.8 7.3
-7291.3 -6959.2 7.6
-7302.1 -6960.1 7.7
-7341.8 -6961.7 7.9
-7368.0 -6959.7 7.9
-7380.6 -6960.8 8.0
-7455.1 -6958.9 6.8
-6372.8 -6943.1 -1.3
-6408.8 -6942.9 -2.0
-6435.6 -6941.3 -2.0
-6462.1 -6942.6 -2.0
-6494.3 -6945.1 -2.0
-6538.0 -6946.0 -2.0
-6587.0 -6947.2 -2.0
-6629.1 -6942.5 -2.0
-6665.8 -6945.6 -2.0
-6888.8 -6947.7 -1.7
-6902.4 -6942.6 -1.6
-6966.5 -6943.2 -0.9
-6997.0 -6945.2 -0.1
-7064.3 -6940.7 1.6
-7201.3 -6939.8 5.2
-7323.3 -6943.6 7.1
-7444.8 -6940.1 6.5
-7472.8 -6943.3 5.5
-6361.6 -6926.7 -0.7
-6452.8 -6932.6 -2.0
-6509.5 -6930.1 -2.0
-6525.2 -6934.0 -2.0
-6555.2 -6927.0 -2.0
-6568.5 -6926.8 -2.0
-6706.3 -6926.0 -2.0
-6750.5 -6926.7 -2.0
-6795.4 -6928.6 -2.0
-6826.2 -6928.4 -2.0
-6869.2 -6934.1 -1.8
-6960.4 -6925.0 -1.1
-6973.9 -6932.5 -0.7
-6987.8 -6930.9 -0.4
-7077.3 -6934.1 2.0
-7125.4 -6927.4 3.2
-7182.3 -6925.5 4.6
-7236.4 -6933.5 6.1
-7281.5 -6928.0 6.3
-7295.9 -6924.6 6.2
-7303.5 -6933.9 6.6
-7319.0 -6926.6 6.3
-7377.5 -6932.1 6.7
-7437.6 -6931.3 6.4
-6525.9 -6916.4 -2.0
-6618.5 -6914.4 -2.0
-6628.0 -6910.3 -2.0
-6734.8 -6912.7 -2.0
-6757.0 -6909.6 -2.0
-6771.2 -6912.2 -2.0
-6811.1 -6911.7 -2.0
-6901.0 -6918.1 -1.7
-6932.2 -6914.8 -1.5
-6949.3 -6912.0 -1.4
-6973.9 -6916.4 -0.8
-6989.1 -6912.6 -0.4
-7085.2 -6919.5 2.1
-7096.2 -6916.2 2.4
-7140.3 -6914.2 3.5
-7168.6 -6910.3 4.2
-7188.3 -6916.3 4.8
-7229.1 -6909.8 5.3
-7333.1 -6918.6 6.0
-7439.4 -6916.7 5.8
-6377.8 -6900.0 -1.2
-6395.9 -6901.7 -1.9
-6420.0 -6897.5 -2.0
-6449.5 -6902.8 -2.0
-6466.6 -6897.2 -2.0
-6482.7 -6902.7 -2.0
-6515.8 -6902.2 -2.0
-6574.3 -6897.6 -2.0
-6622.0 -6899.0 -2.0
-6661.6 -6901.3 -2.0
-6754.5 -6900.8 -2.0
-6762.2 -6900.6 -2.0
-6799.5 -6901.3 -2.0
-6875.3 -6903.2 -1.9
-6882.2 -6902.9 -1.9
-6973.6 -6897.8 -0.8
-7083.5 -6896.5 2.0
-7096.0 -6895.6 2.3
-7161.3 -6896.9 4.0
-7229.0 -6901.2 5.0
-7280.4 -6896.6 4.9
-6453.2 -6887.2 -2.0
-6469.4 -6886.5 -2.0
-6477.7 -6883.4 -2.0
-6576.5 -6883.6 -2.0
-6584.8 -6886.3 -2.0
-6621.8 -6884.4 -2.0
-6674.5 -6886.3 -2.0
-6704.5 -6882.9 -2.0
-6735.9 -6883.5 -2.0
-6794.0 -6888.9 -2.0
-6884.4 -6880.3 -1.9
-6919.3 -6886.5 -1.7
-7041.8 -6888.8 0.9
-7115.2 -6882.0 2.8
-7125.9 -6889.4 3.1
-7146.3 -6882.0 3.6
-7186.7 -6887.0 4.2
-7356.3 -6884.7 4.7
-7365.8 -6879.9 4.5
-6388.9 -6869.4 -1.0
-6420.1 -6872.0 -2.0
-6435.9 -6868.0 -2.0
-6477.9 -6867.3 -2.0
-6508.5 -6871.1 -2.0
-6526.0 -6865.3 -2.0
-6552.1 -6866.4 -2.0
-6630.8 -6872.9 -2.0
-6643.9 -6872.6 -2.0
-6665.2 -6870.1 -2.0
-6726.1 -6872.0 -2.0
-6780.0 -6872.9 -2.0
-6917.9 -6874.5 -1.8
-6932.3 -6873.6 -1.6
-6981.4 -6867.0 -0.7
-7055.2 -6864.6 1.2
-7065.8 -6867.9 1.5
-7168.4 -6865.7 3.2
-7204.0 -6871.8 3.6
-7218.2 -6870.9 3.6
-7295.2 -6865.0 3.6
-7351.5 -6871.3 4.1
-6450.9 -6852.2 -2.0
-6494.3 -6851.5 -2.0
-6559.5 -6850.2 -2.0
-6602.8 -6850.0 -2.0
-6660.2 -6849.8 -2.0
-6708.1 -6854.4 -2.0
-6797.0 -6851.2 -2.0
-6873.0 -6852.5 -2.0
-6907.0 -6858.3 -1.9
-6920.3 -6854.8 -1.8
-6951.9 -6855.8 -1.5
-6979.4 -6857.5 -0.8
-6987.6 -6852.6 -0.6
-7006.9 -6857.8 -0.1
-7040.5 -6853.0 0.8
-7050.4 -6854.1 1.0
-7081.0 -6852.0 1.8
-7153.4 -6855.6 2.8
-7175.1 -6853.8 2.8
-7186.6 -6852.5 2.7
-7287.1 -6852.2 3.0
-7308.8 -6853.8 3.2
-7326.6 -6858.1 3.4
-6407.6 -6844.4 -2.0
-6437.2 -6839.7 -2.0
-6463.3 -6836.7 -2.0
-6486.0 -6834.9 -2.0
-6553.3 -6843.3 -2.0
-6621.9 -6844.2 -2.0
-6690.1 -6844.6 -2.0
-6709.9 -6839.4 -2.0
-6797.4 -6841.0 -2.0
-6838.9 -6842.2 -2.0
-6873.1 -6835.0 -2.0
-6987.9 -6840.6 -0.6
-7084.0 -6834.6 1.7
-7141.2 -6838.5 2.0
-7167.3 -6840.2 2.2
-6422.0 -6824.0 -1.7
-6436.3 -6819.9 -2.0
-6467.2 -6824.8 -2.0
-6484.0 -6820.7 -2.0
-6529.2 -6822.1 -2.0
-6539.5 -6822.1 -2.0
-6560.3 -6820.1 -2.0
-6573.1 -6824.3 -2.0
-6605.9 -6822.8 -2.0
-6666.6 -6824.4 -2.0
-6737.4 -6827.1 -2.0
-6750.0 -6828.4 -2.0
-6794.2 -6823.9 -2.0
-6830.3 -6823.1 -2.0
-6975.6 -6827.7 -1.0
-7201.4 -6828.5 1.8
-7215.6 -6828.0 1.8
-7258.9 -6827.6 2.0
-6691.8 -6812.5 -2.0
-6703.9 -6813.6 -2.0
-6720.1 -6810.9 -2.0
-6784.5 -6811.3 -2.0
-6810.8 -6809.3 -2.0
-6874.5 -6813.3 -2.0
-6914.0 -6808.0 -2.0
-6927.8 -6805.3 -1.9
-6974.1 -6804.7 -1.1
-6989.0 -6814.1 -0.7
-7041.1 -6806.0 0.3
-7051.5 -6805.6 0.3
-7062.7 -6805.5 0.3
-7092.3 -6809.5 0.6
-7189.5 -6807.6 1.0
-7228.7 -6804.9 1.1
-6467.0 -6797.7 -2.0
-6477.3 -6793.1 -2.0
-6598.1 -6789.9 -2.0
-6633.1 -6791.5 -2.0
-6678.5 -6791.9 -2.0
-6778.1 -6790.0 -2.0
-6799.1 -6796.2 -2.0
-6975.0 -6798.5 -1.1
-7011.2 -6798.2 -0.2
-7100.9 -6795.7 0.1
-7108.7 -6798.4 0.2
-7158.2 -6796.0 0.4
-7191.0 -6790.4 0.5
-6441.2 -6774.9 -0.0
-6463.4 -6784.0 -1.3
-6480.8 -6777.5 -1.2
-6514.1 -6780.9 -2.0
-6552.4 -6775.9 -2.0
-6628.9 -6783.1 -2.0
-6649.0 -6777.1 -2.0
-6704.9 -6777.6 -2.0
-6739.6 -6784.2 -2.0
-6785.8 -6777.8 -1.9
-6812.1 -6775.4 -1.9
-6823.6 -6780.3 -1.9
-6846.8 -6779.4 -1.9
-6935.5 -6779.0 -1.9
-6945.2 -6779.9 -1.8
-6980.1 -6782.9 -1.0
-7064.9 -6784.3 -0.5
-7127.6 -6781.5 -0.1
-6440.6 -6765.6 0.7
-6450.7 -6768.3 0.2
-6465.8 -6760.0 0.2
-6528.3 -6762.7 -1.8
-6560.3 -6767.1 -2.0
-6583.6 -6766.7 -2.0
-6702.9 -6764.9 -2.0
-6726.3 -6760.4 -1.9
-6735.3 -6767.6 -1.9
-6769.1 -6764.7 -1.9
-6931.4 -6766.0 -1.8
-6978.9 -6760.0 -1.6
-7082.3 -6760.9 -0.9
-7131.1 -6768.6 -0.4
-7155.5 -6767.9 -0.2
-6472.0 -6746.0 0.5
-6483.5 -6753.5 -0.1
-6538.0 -6745.3 -1.4
-6721.2 -6745.4 -1.9
-6739.5 -6747.5 -1.9
-6815.4 -6751.9 -1.9
-6824.5 -6750.4 -1.9
-6837.2 -6750.4 -1.9
-6888.1 -6746.4 -1.8
-6914.5 -6744.6 -1.8
-6933.5 -6752.6 -1.8
-6947.8 -6746.6 -1.8
-6996.1 -6752.8 -1.6
-7053.4 -6749.5 -1.2
-7068.3 -6746.1 -1.2
-7108.0 -6752.5 -0.9
-6467.6 -6736.1 0.9
-6497.2 -6734.6 0.1
-6571.0 -6736.8 -2.0
-6605.0 -6736.5 -2.0
-6620.9 -6734.7 -2.0
-6648.3 -6731.4 -2.0
-6831.7 -6733.1 -1.9
-6897.8 -6736.0 -1.8
-6945.2 -6738.3 -1.8
-7007.7 -6730.6 -1.5
-7107.8 -6731.0 -1.0
-7129.6 -6735.4 -0.8
-6466.5 -6720.4 1.4
-6544.4 -6721.4 -1.0
-6634.4 -6718.0 -2.0
-6672.2 -6724.0 -2.0
-6703.1 -6722.7 -1.9
-6765.2 -6717.0 -1.9
-6825.7 -6722.4 -1.9
-6842.2 -6715.9 -1.9
-6854.8 -6722.7 -1.9
-6898.5 -6718.1 -1.8
-6914.5 -6717.1 -1.8
-6927.3 -6722.7 -1.8
-6991.4 -6723.7 -1.6
-7110.0 -6720.3 -1.0
-6471.8 -6709.4 1.6
-6478.5 -6703.0 1.6
-6525.6 -6699.8 0.0
-6546.6 -6707.6 -0.6
-6573.8 -6700.8 -1.1
-6591.6 -6705.1 -1.6
-6646.2 -6705.7 -2.0
-6657.5 -6706.5 -2.0
-6749.9 -6701.6 -1.9
-6768.9 -6704.6 -1.9
-6813.7 -6703.3 -1.9
-6852.5 -6709.4 -1.9
-7024.7 -6702.9 -1.4
-7082.9 -6707.6 -1.1
-6509.3 -6689.6 0.8
-6540.2 -6691.6 -0.1
-6556.9 -6694.5 -0.5
-6687.6 -6690.1 -2.0
-6740.5 -6686.4 -1.9
-6770.6 -6687.8 -1.9
-6838.8 -6688.0 -1.9
-6856.8 -6689.1 -1.9
-6903.7 -6689.6 -1.9
-7077.5 -6688.4 -1.2
-7096.7 -6684.9 -1.1
-7116.9 -6691.8 -1.0
-7140.5 -6689.5 -0.9
-6481.8 -6673.9 2.1
-6628.2 -6676.6 -1.6
-6704.6 -6670.3 -2.0
-6725.8 -6678.9 -2.0
-6737.8 -6678.8 -2.0
-6752.1 -6670.3 -1.9
-6837.4 -6676.9 -1.9
-6902.5 -6678.2 -1.9
-6918.7 -6670.3 -1.8
-6927.8 -6677.2 -1.8
-6949.1 -6670.5 -1.8
-6966.9 -6679.2 -1.7
-6978.2 -6673.6 -1.7
-7017.5 -6676.9 -1.6
-7107.3 -6669.9 -1.1
-7142.4 -6671.5 -0.9
-6599.8 -6663.7 -0.6
-6642.5 -6660.7 -1.4
-6801.1 -6655.3 -1.9
-6814.6 -6658.7 -1.9
-6841.3 -6660.2 -1.9
-6852.6 -6657.2 -1.9
-6905.6 -6657.8 -1.9
-6917.8 -6659.9 -1.9
-6988.4 -6655.3 -1.6
-7017.9 -6655.1 -1.6
-7143.1 -6656.5 -1.0
-6529.3 -6649.2 1.4
-6552.8 -6648.8 0.9
-6572.1 -6647.3 0.5
-6632.3 -6641.1 -0.7
-6719.5 -6646.6 -2.0
-6751.6 -6646.0 -2.0
-6764.5 -6648.4 -2.0
-6780.7 -6640.8 -2.0
-6828.1 -6643.0 -1.9
-6887.4 -6648.3 -1.9
-6902.9 -6645.5 -1.9
-7008.4 -6643.8 -1.6
-7025.8 -6640.6 -1.6
-7093.3 -6642.1 -1.3
-7160.7 -6648.2 -1.0
-6514.4 -6628.9 2.3
-6538.1 -6631.6 1.7
-6556.5 -6626.1 1.4
-6604.4 -6624.6 0.4
-6660.3 -6627.3 -0.9
-6735.2 -6627.5 -2.0
-6756.4 -6630.2 -2.0
-6770.5 -6631.4 -2.0
-6798.4 -6634.2 -1.9
-6854.7 -6627.8 -1.9
-6884.9 -6627.2 -1.9
-6920.6 -6625.1 -1.8
-6927.7 -6634.5 -1.8
-6523.4 -6613.0 2.5
-6537.9 -6616.9 2.1
-6571.2 -6611.9 1.5
-6598.6 -6613.5 0.9
-6614.0 -6611.6 0.6
-6811.9 -6614.0 -1.9
-6824.5 -6614.2 -1.9
-6944.4 -6615.6 -1.8
-7018.0 -6609.8 -1.6
-7049.6 -6614.7 -1.6
-7109.4 -6613.9 -1.3
-7125.2 -6617.1 -1.3
-6525.1 -6598.7 2.9
-6644.7 -6601.8 0.2
-6679.7 -6598.7 -0.5
-6704.8 -6598.6 -1.1
-6723.7 -6595.9 -1.4
-6763.0 -6594.7 -2.0
-6778.7 -6603.1 -2.0
-6801.0 -6601.3 -2.0
-7026.6 -6596.1 -1.6
-7039.2 -6596.2 -1.6
-7052.0 -6599.0 -1.6
-7067.6 -6597.7 -1.6
-7172.6 -6602.4 -1.1
-6573.0 -6587.7 2.2
-6589.9 -6581.9 2.0
-6650.4 -6587.1 0.5
-6679.6 -6587.7 -0.2
-6718.5 -6587.8 -1.0
-6780.0 -6587.8 -2.0
-6920.4 -6589.2 -1.8
-6980.2 -6586.1 -1.6
-6994.0 -6587.5 -1.6
-7018.0 -6581.6 -1.6
-7036.7 -6587.0 -1.6
-6555.4 -6570.9 3.1
-6574.6 -6568.5 2.8
-6583.4 -6568.1 2.6
-6726.6 -6574.2 -0.5
-6777.9 -6569.9 -2.0
-6822.2 -6566.5 -2.0
-6919.8 -6570.6 -1.8
-6990.8 -6570.1 -1.6
-7067.4 -6564.8 -1.6
-7139.0 -6568.7 -1.3
-7156.6 -6567.3 -1.0
-6602.9 -6551.3 2.7
-6660.5 -6559.4 1.2
-6724.0 -6557.5 0.7
-6783.4 -6549.9 -1.8
-6840.0 -6555.9 -2.0
-6966.8 -6559.3 -1.7
-7023.1 -6558.3 -1.6
-7034.2 -6558.6 -1.6
-7048.8 -6553.9 -1.6
-7081.1 -6552.2 -1.6
-7113.0 -6555.4 -1.5
-7174.7 -6550.0 -0.8
-6598.2 -6537.0 3.3
-6659.2 -6536.6 2.1
-6719.5 -6539.7 2.0
-6782.7 -6537.6 -1.3
-6809.9 -6543.1 -2.0
-6888.4 -6543.0 -1.9
-6943.5 -6537.6 -1.8
-7087.0 -6537.1 -1.6
-7170.8 -6541.4 -0.9
-7183.7 -6539.7 -0.8
-6590.9 -6528.5 3.8
-6605.1 -6527.6 3.5
-6662.0 -6523.6 3.0
-6725.7 -6526.6 2.5
-6811.9 -6520.1 -2.0
-6838.7 -6524.9 -2.0
-6903.4 -6525.1 -1.9
-6944.2 -6521.9 -1.8
-7100.6 -6521.7 -1.6
-7143.6 -6519.8 -1.3
-7154.7 -6521.8 -1.2
-7175.6 -6524.9 -1.0
-6589.5 -6512.0 4.4
-6702.2 -6509.4 4.2
-6767.0 -6506.7 1.0
-6816.8 -6508.9 -2.0
-6830.0 -6509.3 -2.0
-6846.3 -6513.7 -2.0
-6874.7 -6507.1 -1.9
-6933.6 -6507.2 -1.8
-7017.3 -6510.2 -1.6
-7064.3 -6514.4 -1.6
-7185.6 -6508.8 -1.0
-7198.6 -6505.9 -0.9
-6590.8 -6497.8 4.9
-6675.3 -6496.9 5.0
-6695.9 -6496.3 5.1
-6717.5 -6490.4 4.5
-6816.9 -6498.6 -1.5
-6857.4 -6491.0 -2.0
-6948.6 -6498.3 -1.8
-6994.5 -6494.8 -1.7
-7004.2 -6497.6 -1.7
-7032.9 -6497.3 -1.6
-7079.3 -6498.5 -1.6
-7142.3 -6492.9 -1.6
-7168.4 -6492.0 -1.3
-6615.0 -6475.1 6.4
-6636.0 -6474.9 6.5
-6674.6 -6484.6 5.9
-6726.6 -6478.4 4.5
-6785.1 -6476.9 1.2
-6799.9 -6482.1 0.1
-6861.7 -6483.9 -2.0
-6889.4 -6483.3 -1.9
-6901.5 -6483.1 -1.9
-6928.2 -6484.5 -1.8
-7047.8 -6480.0 -1.6
-7065.5 -6475.5 -1.6
-7101.0 -6480.8 -1.6
-7160.0 -6477.7 -1.4
-7168.1 -6482.3 -1.3
-7188.0 -6478.5 -0.9
-6647.7 -6462.6 7.5
-6661.0 -6464.2 7.4
-6734.7 -6465.5 4.6
-6751.0 -6464.2 3.7
-6771.6 -6468.5 2.4
-6780.0 -6460.7 2.2
-6822.5 -6465.1 -0.5
-6899.5 -6459.7 -1.9
-7022.6 -6465.4 -1.7
-7068.3 -6463.8 -1.6
-7084.5 -6459.8 -1.6
-7100.1 -6459.8 -1.6
-7140.3 -6460.2 -1.6
-7175.7 -6468.2 -1.1
-7187.4 -6467.1 -0.9
-6630.8 -6454.0 7.6
-6657.1 -6449.3 8.5
-6710.6 -6448.9 6.7
-6723.3 -6452.7 5.8
-6783.0 -6445.4 2.4
-6815.8 -6447.5 0.4
-6852.4 -6454.3 -2.0
-6890.1 -6445.2 -1.9
-6978.1 -6449.6 -1.7
-6996.4 -6445.4 -1.7
-7005.9 -6449.1 -1.7
-7111.1 -6452.7 -1.6
-7145.2 -6445.4 -1.5
-7160.4 -6447.5 -1.3
-6718.9 -6434.7 6.5
-6753.9 -6437.0 4.4
-6767.4 -6435.6 3.6
-6846.6 -6430.7 -1.1
-6898.1 -6434.9 -1.9
-6934.7 -6437.7 -1.8
-6948.2 -6437.2 -1.8
-7018.9 -6431.9 -1.7
-7086.6 -6436.2 -1.6
-7094.1 -6436.1 -1.6
-6708.3 -6416.8 6.2
-6898.6 -6418.9 -1.9
-6931.2 -6422.6 -1.8
-6966.4 -6423.3 -1.7
-6994.4 -6418.4 -1.7
-7009.9 -6417.8 -1.7
-7055.6 -6424.0 -1.6
-7078.6 -6422.5 -1.6
-7116.1 -6420.9 -1.6
-7144.1 -6419.8 -1.4
-7201.2 -6423.1 -0.7
-6703.1 -6401.5 5.7
-6770.7 -6401.8 2.5
-6813.2 -6400.9 0.5
-6860.8 -6405.0 -1.5
-6868.3 -6408.5 -1.9
-6889.5 -6407.6 -1.9
-6935.0 -6409.5 -1.8
-7048.9 -6403.5 -1.7
-7093.9 -6409.0 -1.6
-7189.1 -6402.6 -0.9
-6706.2 -6386.5 4.8
-6860.7 -6386.5 -1.3
-6886.5 -6393.9 -2.0
-6966.2 -6391.4 -1.7
-6977.6 -6386.7 -1.7
-7083.0 -6392.3 -1.6
-7111.7 -6389.7 -1.5
-7167.9 -6388.3 -1.2
-7214.7 -6385.0 -0.5
-6687.5 -6377.3 5.2
-6750.3 -6374.6 2.2
-6762.2 -6372.9 1.7
-6783.7 -6374.6 1.0
-6900.7 -6373.8 -1.7
-6914.2 -6377.9 -1.9
-6944.9 -6372.1 -1.8
-7220.8 -6372.1 -0.5
-6696.6 -6358.0 3.9
-6709.2 -6357.5 3.4
-6768.9 -6362.7 1.5
-6777.5 -6354.6 1.3
-6814.1 -6359.0 0.4
-6829.5 -6357.4 0.2
-6885.8 -6359.1 -1.0
-6902.5 -6357.3 -1.3
-6988.5 -6356.9 -1.7
-7021.1 -6357.8 -1.7
-7034.6 -6363.7 -1.7
-7066.6 -6358.1 -1.6
-7116.2 -6361.1 -1.4
-7125.5 -6363.1 -1.3
-7157.8 -6356.1 -1.1
-7175.3 -6356.6 -1.0
-7207.0 -6355.8 -0.8
-6696.4 -6341.8 3.9
-6777.5 -6343.0 1.6
-6838.7 -6346.6 0.3
-6916.9 -6347.6 -1.3
-6951.1 -6341.5 -1.8
-6958.9 -6349.1 -1.8
-7006.5 -6347.3 -1.7
-7018.1 -6340.5 -1.7
-7052.7 -6340.1 -1.6
-6694.0 -6327.7 4.0
-6708.7 -6328.5 3.5
-6917.7 -6325.5 -1.0
-6961.2 -6329.4 -1.7
-7018.4 -6325.7 -1.6
-7038.9 -6331.6 -1.6
-7093.8 -6328.8 -1.4
-7113.4 -6325.8 -1.3
-7138.9 -6326.3 -1.0
-6754.9 -6314.7 2.7
-6825.8 -6313.5 1.0
-6844.0 -6313.6 0.6
-6870.2 -6317.5 0.0
-6994.0 -6317.1 -1.6
-7020.5 -6315.7 -1.6
-7062.9 -6310.5 -1.1
-7123.7 -6314.8 -1.3
-7143.0 -6313.1 -1.2
-7161.8 -6311.1 -1.1
-7191.2 -6318.7 -0.7
-6784.5 -6296.7 1.9
-6931.2 -6299.9 -0.3
-6966.3 -6295.6 -1.0
-7126.8 -6295.9 -0.9
-7177.0 -6302.9 -1.0
-7197.3 -6301.9 -0.7
-6719.4 -6288.4 3.4
-6741.6 -6284.7 2.8
-6783.2 -6286.7 1.8
-6887.5 -6289.5 0.3
-6933.5 -6281.5 0.2
-6943.8 -6289.5 -0.2
-6978.9 -6285.9 -0.9
-6992.8 -6286.0 -1.1
-7017.4 -6286.3 -1.1
-7055.3 -6283.4 -0.7
-7113.0 -6288.5 -0.6
-7152.7 -6286.7 -0.7
-6740.8 -6269.8 2.7
-6753.1 -6265.4 2.6
-6884.7 -6272.0 0.8
-6931.0 -6270.1 0.6
-6959.8 -6266.5 -0.2
-6976.2 -6269.1 -0.5
-7008.5 -6266.6 -0.8
-7068.7 -6272.4 -0.4
-7125.3 -6269.0 -0.2
-6889.2 -6256.3 1.4
-6903.1 -6250.3 1.5
-6913.0 -6255.9 1.2
-6959.2 -6257.7 -0.0
-6974.8 -6257.3 -0.2
-6992.5 -6254.1 -0.4
-7007.5 -6251.5 -0.5
-7092.5 -6252.0 0.1
-7113.6 -6255.4 0.2
-7168.1 -6253.7 0.1
-6739.5 -6236.2 3.5
-6844.7 -6239.8 2.1
-6936.7 -6236.2 1.4
-7005.9 -6238.1 -0.2
-7023.5 -6239.1 -0.2
-7110.2 -6239.4 0.5
-6750.7 -6222.3 3.7
-6770.4 -6222.0 3.4
-6810.8 -6228.0 2.8
-6867.9 -6225.4 2.6
-6980.9 -6222.4 0.5
-7011.7 -6223.7 0.1
-7068.7 -6223.6 0.4
-7125.2 -6225.1 0.8
-6960.8 -6206.7 1.1
-6987.6 -6208.3 0.7
-7038.2 -6209.0 0.4
-7053.3 -6214.4 0.5
-7078.9 -6205.3 0.8
-6904.3 -6191.0 3.3
-6918.2 -6190.4 3.1
-6945.9 -6196.3 1.8
-7017.2 -6190.7 0.8
-7047.3 -6189.6 0.8
-7078.3 -6198.5 0.9
-6832.0 -6179.5 4.4
-6901.6 -6177.4 3.7
-6933.0 -6180.5 2.9
-6963.3 -6180.4 1.6
-6978.6 -6175.9 1.6
-6994.6 -6178.2 1.3
-7009.7 -6177.8 1.2
-7022.3 -6183.7 0.9
-6883.4 -6165.1 4.3
-6918.0 -6162.9 3.9
-6980.3 -6162.3 1.9
-6996.9 -6160.3 1.7
-7024.8 -6168.9 1.2
-6900.4 -6154.2 4.4
-6947.5 -6147.9 2.8
-6964.0 -6148.6 2.3
-6915.1 -6137.5 4.7
-2855.8 2462.1 3.4
-2868.1 2467.1 3.4
-2869.5 2473.8 3.4
-2903.9 2477.4 3.5
-2883.9 2487.2 3.5
-2881.1 2506.8 3.5
-2855.6 2526.2 3.5
-2887.1 2520.8 3.5
-2929.1 2526.6 3.7
-2873.1 2537.7 3.5
-2905.1 2554.4 3.5
-2905.4 2571.0 3.3
-2917.4 2570.2 3.3
-123.4 4127.0 32.0
-68.2 4140.7 30.8
-76.0 4135.2 30.8
-111.3 4139.6 31.9
-119.3 4138.9 32.2
-150.3 4134.8 32.7
-171.9 4142.2 32.4
-94.3 4150.1 31.7
-77.9 4167.8 32.0
-134.3 4164.1 33.2
-63.9 4178.6 31.9
-156.0 4186.3 32.4
-179.2 4181.0 31.8
-61.1 4194.7 32.2
-95.2 4199.1 33.4
-126.6 4200.4 33.2
-156.2 4199.7 32.3
-60.9 4209.4 32.3
-148.5 4210.3 32.4
-171.0 4217.1 31.6
-197.4 4217.5 30.8
-92.5 4232.8 33.2
-105.5 4223.4 33.5
-165.8 4226.6 31.7
-185.0 4231.5 31.0
-48.2 4242.2 31.1
-61.9 4244.6 31.5
-73.8 4241.3 32.1
-122.4 4241.9 32.6
-197.5 4240.7 30.6
-63.7 4261.1 30.9
-104.8 4254.1 32.6
-167.7 4259.9 31.2
-215.2 4262.9 29.8
-138.5 4271.8 31.4
-185.2 4269.9 30.5
-182.2 4285.2 30.1
-197.6 4292.4 29.6
-62.9 4305.2 30.1
-92.4 4302.2 30.1
-148.7 4306.1 30.1
6222.3 6267.4 19.3
6226.2 6291.0 19.0
6209.6 6300.5 19.1
6223.5 6351.4 18.3
6228.5 6365.8 18.0
6228.5 6377.1 17.9
