6688.4 -4100.4 48.0
6709.0 -4130.6 48.2
5955.2 2307.3 20.4
5955.9 2267.4 20.7
5337.0 1810.6 20.3
5266.1 1762.6 20.6
5227.1 1785.5 20.5
5226.8 1817.2 20.7
5286.5 1838.1 20.6
5289.0 1817.1 20.5
5269.6 1751.9 20.9
5904.1 2305.1 20.7
5869.8 2341.4 20.7
5912.6 2304.9 20.7
5955.9 2288.4 20.5
6736.4 -4203.8 47.3
-6688.2 -8372.5 16.7
-6686.8 -8375.5 16.8
-6683.7 -8376.9 16.7
-6679.6 -8375.1 16.6
-6539.5 -8594.1 18.4
6731.2 -4188.0 47.5
6742.9 -4180.6 47.6
6765.3 -4198.2 47.5
-5437.3 8045.5 39.4
5427.9 1093.1 23.9
-4704.8 -6716.9 35.7
4652.6 -7030.7 64.1
4775.3 -7040.2 62.3
4642.6 -6992.7 63.9
-5440.3 8039.7 39.4
5285.2 1864.4 20.8
5285.7 1848.4 20.7
5337.0 1806.1 20.3
5339.3 1845.7 20.5
5340.4 1866.6 20.7
5340.8 1870.5 20.7
5257.8 1778.0 20.3
5404.0 1093.0 23.8
5339.2 1856.0 20.6
4662.1 -7043.8 64.2
4647.9 -7024.1 64.1
4763.6 -7015.9 62.0
4671.4 -6976.1 63.2
4644.5 -6985.0 63.8
4684.3 -7066.0 64.2
4674.5 -7052.7 64.1
4660.3 -7033.0 64.0
4666.8 -7050.4 64.2
4670.8 -6970.1 63.3
5924.0 2305.6 20.6
5939.9 2304.4 20.5
5956.6 2273.4 20.6
1524.7 7704.9 24.5
1507.0 7760.4 24.5
4747.7 -7049.6 62.9
4768.2 -7037.9 62.4
4772.9 -7047.6 62.4
4739.5 -7018.1 62.5
4663.1 -6980.8 63.4
4630.3 -6999.8 64.1
4648.7 -6982.6 63.7
4666.6 -6972.5 63.4
4675.0 -6967.7 63.2
4683.5 -6962.9 63.0
5227.2 1776.9 20.4
5233.7 1778.8 20.4
5395.8 1093.3 23.7
5438.9 1092.5 23.9
5291.4 1795.1 20.3
5289.8 1808.5 20.4
5313.3 1732.1 21.3
5263.1 1770.3 20.4
5253.8 1785.2 20.4
-6773.5 -8439.0 20.8
4638.4 -7011.0 64.0
4743.3 -7039.8 62.8
4762.4 -7045.4 62.6
4634.4 -6997.5 64.0
4631.8 -6992.2 64.1
4679.3 -6965.3 63.1
4676.3 -7063.5 64.3
4752.2 -7059.3 63.0
4758.1 -7057.0 62.8
6692.9 -4109.1 48.1
6780.6 -4209.8 47.5
6795.8 -4221.5 47.6
6777.7 -4284.2 48.0
6770.9 -4285.6 47.9
6777.4 -4292.8 48.1
5337.4 1815.6 20.3
5285.1 1858.2 20.8
5289.7 1812.5 20.5
5209.8 1805.5 20.7
-5436.2 8038.9 39.5
4671.6 -7056.9 64.3
4655.5 -7026.5 64.0
4691.7 -6964.1 62.8
4646.7 -6990.3 63.8
4734.9 -7011.8 62.4
4770.5 -7042.7 62.4
4758.7 -7037.6 62.5
4777.6 -7045.1 62.3
4766.0 -7020.8 62.1
4747.0 -7033.6 62.6
4654.9 -6985.6 63.6
4627.5 -6994.6 64.2
4636.0 -6989.8 64.0
5336.4 1791.5 20.2
5338.2 1831.0 20.4
5340.1 1860.8 20.6
5286.0 1843.4 20.7
5290.3 1804.1 20.4
5290.9 1799.4 20.4
5242.4 1791.0 20.5
5238.7 1818.5 20.7
5225.9 1748.1 21.1
5229.2 1738.6 21.4
5456.5 -249.4 30.0
5337.0 1800.6 20.2
5339.5 1851.5 20.6
5240.3 1781.0 20.4
1505.7 7765.5 24.5
5388.6 1093.4 23.7
5411.6 1093.1 23.8
4637.4 -7001.7 64.0
4646.0 -7013.4 63.9
4641.2 -7006.9 63.9
4679.3 -7059.2 64.2
4669.8 -7046.1 64.1
4665.0 -7039.6 64.1
4650.7 -7020.0 64.0
4688.4 -7071.6 64.2
4681.0 -7070.0 64.3
4657.3 -7037.2 64.2
4643.1 -7017.6 64.0
4633.6 -7004.5 64.0
4749.9 -7054.4 62.9
4745.5 -7044.7 62.8
4759.3 -7018.0 62.2
4754.3 -7007.0 62.0
4756.7 -7012.3 62.1
4751.2 -7022.1 62.4
4755.0 -7029.9 62.4
4766.1 -7053.2 62.6
4747.5 -7014.3 62.3
4768.3 -7025.7 62.1
4773.0 -7035.4 62.2
4770.6 -7030.5 62.2
4779.9 -7049.9 62.4
4761.3 -7011.1 62.0
4754.4 -7049.2 62.8
4743.2 -7025.9 62.6
4750.7 -7041.4 62.7
4747.9 -7008.3 62.2
4681.6 -6970.0 63.0
4687.7 -6966.5 62.9
4638.5 -6995.1 63.9
4659.0 -6983.2 63.5
4667.2 -6978.5 63.3
4650.8 -6988.0 63.7
4640.2 -6987.4 63.9
4653.9 -6979.7 63.6
4658.1 -6977.3 63.5
4662.3 -6974.9 63.4
4687.8 -6960.5 62.9
6818.8 -4076.2 46.4
6698.0 -4117.3 48.1
6723.0 -4171.3 47.7
6757.6 -4191.9 47.5
6772.4 -4204.1 47.5
6767.6 -4278.8 47.8
6783.5 -4291.3 48.2
6681.6 -4086.5 47.4
6805.1 -4228.3 47.6
6820.2 -4240.1 47.6
6759.1 -4252.9 47.3
5337.8 1821.0 20.4
5338.7 1841.8 20.5
-6675.8 -8373.6 16.4
5334.1 1740.4 21.0
5251.3 1793.9 20.5
6684.6 -4093.3 47.8
6729.8 -4116.6 48.3
6793.8 -4147.0 48.3
6719.5 -4218.5 47.0
6733.3 -4174.5 47.7
6811.5 -4234.0 47.6
5931.0 2305.2 20.6
5323.5 1736.1 21.2
5303.0 1728.3 21.5
5336.4 1784.6 20.1
5336.6 1795.6 20.2
5338.0 1826.0 20.4
5338.2 1836.2 20.5
5310.7 1891.4 20.9
5285.4 1853.5 20.7
5248.5 1800.8 20.5
5238.5 1797.3 20.5
5228.4 1794.1 20.5
5235.0 1788.0 20.5
5225.0 1771.8 20.5
5247.3 1783.3 20.4
5217.6 1814.5 20.7
5224.3 1757.3 20.9
5420.6 1093.6 23.9
5396.9 1519.4 25.1
-1568.5 8729.9 56.3
-1550.8 8749.8 56.6
-1545.9 8758.4 56.8
-1536.0 8775.4 57.1
-6955.9 -8768.0 19.2
-6944.4 -8764.3 19.4
-6940.7 -8683.9 18.5
-6935.7 -8682.2 18.7
-6945.5 -8652.7 17.8
5180.1 1023.2 22.5
5165.4 1026.4 23.1
5150.8 1029.6 23.7
5136.2 1032.9 24.3
5121.5 1036.1 24.5
5106.9 1039.3 24.0
5092.3 1042.9 23.6
5077.7 1046.5 23.1
5063.2 1050.1 22.6
5048.7 1054.1 22.5
5034.5 1058.7 22.1
5020.2 1063.4 21.8
5005.9 1068.1 21.4
4991.7 1072.7 21.1
4977.4 1077.4 20.9
4960.1 1083.0 20.6
-6918.0 -8754.6 20.4
-6912.2 -8752.7 20.6
-6913.9 -8747.6 20.5
5403.4 8493.6 18.1
5417.5 8498.6 17.9
5431.6 8503.7 17.6
5445.7 8508.8 17.4
5459.9 8513.8 17.2
5474.0 8518.8 16.9
5491.4 8525.0 16.6
-6917.0 -8740.7 20.3
-6927.6 -8708.7 19.4
-1524.5 8790.4 57.4
-1515.8 8804.0 57.7
4955.4 1077.6 20.5
4956.3 1092.6 20.4
4957.2 1107.5 20.3
4958.1 1122.5 20.3
4958.6 1137.5 20.5
4958.7 1152.5 20.6
4959.9 1167.4 20.8
4961.2 1182.4 21.1
4963.1 1204.3 21.5
-6729.6 -8847.8 18.6
-7029.3 -7855.5 8.5
-7053.1 -7845.0 8.5
-7021.7 -7810.7 8.6
-6980.7 -7798.5 8.4
-6992.9 -7796.2 8.4
-7007.9 -7786.8 8.3
-6969.6 -7769.8 8.1
-7015.6 -7765.9 8.0
-7022.6 -7765.8 8.0
-7041.5 -7749.3 7.8
-7053.9 -7757.7 7.9
3010.0 1741.0 22.3
3024.3 1783.2 21.6
2993.8 1788.4 21.6
3036.2 1807.1 21.2
3028.5 1798.5 21.3
3130.9 1820.1 21.2
3114.1 1820.4 21.2
3059.2 1822.3 21.2
3040.8 1813.2 21.2
3020.1 1820.6 21.2
2976.2 1816.7 21.3
2963.1 1816.7 21.3
4086.4 1832.7 16.5
3336.5 1832.0 21.0
3309.8 1828.0 21.3
3126.8 1828.1 21.2
3103.8 1837.0 21.2
3025.9 1830.6 21.2
2963.0 1830.2 21.2
2946.3 1834.5 21.2
2936.1 1828.9 21.3
4147.5 1849.3 16.0
3277.8 1847.5 20.7
3220.8 1850.9 21.0
3149.1 1850.8 21.2
3130.9 1847.7 21.2
3099.5 1849.8 21.2
3080.9 1846.5 21.2
3026.3 1849.5 21.2
2980.9 1849.7 21.2
2965.6 1852.6 21.2
4162.4 1860.0 16.0
4153.9 1858.5 16.0
4136.6 1859.8 16.0
4088.5 1863.2 16.0
4011.7 1864.1 16.0
3998.7 1860.9 16.0
3775.0 1863.5 18.1
3336.8 1860.3 20.5
3298.2 1864.2 20.7
3162.2 1860.8 21.2
3143.1 1867.8 21.2
3110.7 1865.8 21.2
3103.6 1866.6 21.2
3082.8 1860.4 21.2
3068.1 1865.5 21.2
2964.7 1858.8 21.2
2930.4 1861.6 21.2
4453.6 1877.5 18.4
4439.9 1877.3 18.2
4150.7 1882.8 16.0
4091.8 1873.9 16.0
4072.2 1874.3 16.0
4055.0 1874.2 16.0
3973.4 1879.2 16.0
3801.4 1879.8 16.9
3734.3 1875.9 18.7
3714.9 1882.5 18.8
3329.2 1879.7 20.6
3299.3 1881.4 20.7
3208.7 1880.3 21.2
3193.2 1879.9 21.2
3172.1 1878.1 21.2
3163.6 1874.6 21.2
3141.0 1875.6 21.2
3126.8 1873.2 21.2
3089.1 1878.7 21.2
2949.8 1875.2 21.2
2920.2 1875.4 21.2
4385.9 1889.9 17.6
4379.8 1890.4 17.6
4310.4 1896.7 17.0
4273.8 1895.2 16.4
4199.0 1895.0 16.0
4179.7 1896.9 16.0
4160.1 1891.6 16.0
4104.2 1888.7 16.0
4077.3 1890.3 16.0
4042.5 1894.9 16.0
3973.3 1893.8 16.0
3715.8 1888.2 18.7
3685.3 1890.4 18.9
3674.8 1889.3 18.9
3658.6 1897.7 18.9
3248.6 1893.2 21.0
3230.0 1895.9 21.1
3219.4 1891.5 21.2
3191.0 1892.9 21.2
3134.3 1895.7 21.2
3112.2 1893.2 21.2
3103.9 1897.7 21.2
3059.3 1897.1 21.2
3036.4 1890.1 21.2
3021.5 1891.5 21.2
3009.0 1889.7 21.2
2990.7 1894.9 21.2
2964.3 1897.4 21.2
2920.0 1896.7 21.2
4445.3 1910.8 18.5
4400.6 1909.9 18.0
4389.0 1905.1 17.8
4310.4 1912.4 17.5
4289.6 1912.6 16.9
4257.7 1912.6 16.0
4222.4 1904.3 16.0
4191.0 1904.6 16.0
4161.0 1909.3 16.0
4026.0 1912.6 16.0
3938.0 1909.4 16.4
3756.0 1904.6 17.8
3672.2 1910.2 18.9
3596.3 1904.5 18.9
3269.0 1909.6 20.9
3219.4 1908.8 21.1
3205.7 1911.1 21.2
3171.1 1907.7 21.2
3129.9 1910.1 21.2
3113.1 1910.9 21.2
3065.0 1904.6 21.2
3058.6 1911.0 21.2
3019.9 1907.3 21.2
2990.8 1905.5 21.2
2981.0 1903.6 21.2
4392.5 1921.2 18.4
4370.9 1927.1 18.4
4347.1 1920.9 18.1
4280.1 1919.3 16.5
4255.7 1920.6 16.0
4192.3 1925.3 16.0
4179.7 1926.1 16.0
4109.6 1926.7 16.0
4077.4 1926.3 16.0
4047.1 1925.0 16.0
4028.5 1923.0 16.0
3941.4 1923.8 16.9
3764.8 1925.6 17.3
3743.9 1924.4 17.9
3695.2 1921.0 18.6
3583.9 1921.9 18.9
3533.4 1921.7 19.1
3264.5 1920.1 20.8
3248.2 1927.0 20.3
3216.1 1926.3 20.7
3148.1 1925.5 21.2
3067.0 1921.0 21.2
3006.2 1922.6 21.2
2976.0 1918.6 21.2
2951.9 1921.7 21.2
2922.9 1919.3 21.2
4433.1 1934.8 19.1
4302.0 1935.9 17.2
4286.5 1938.9 16.6
4271.5 1942.9 16.1
4258.0 1936.5 16.0
4240.9 1942.1 16.0
4207.5 1934.2 16.0
4119.5 1935.5 16.0
4088.4 1939.5 16.0
3847.7 1934.0 16.0
3719.5 1935.9 18.1
3674.9 1936.2 18.6
3638.2 1941.3 18.9
3582.3 1933.9 18.9
3550.2 1935.9 18.9
3472.5 1936.0 19.4
3441.4 1933.4 19.6
3250.7 1934.5 19.9
3223.1 1939.7 20.2
3148.6 1942.7 21.2
3130.8 1934.0 21.2
3067.2 1939.7 21.2
3026.5 1939.6 21.2
2993.3 1933.9 21.2
2915.0 1938.5 21.2
4304.3 1951.5 17.2
4192.3 1949.1 16.0
4152.0 1957.6 16.0
4123.2 1948.4 16.0
4093.8 1955.1 16.1
4045.3 1951.8 16.6
4033.8 1955.1 16.9
3999.0 1956.3 17.5
3983.3 1952.4 17.5
3969.9 1949.3 17.6
3925.1 1956.3 17.7
3894.1 1949.7 16.4
3881.0 1949.2 16.0
3851.0 1953.0 16.0
3832.3 1957.1 16.0
3805.4 1957.6 16.0
3761.9 1955.4 17.0
3742.8 1956.5 17.5
3732.9 1954.2 17.7
3650.3 1954.4 18.6
3507.0 1956.3 19.0
3489.7 1956.0 19.1
3417.0 1949.5 19.6
3386.9 1954.8 19.8
3366.7 1948.2 20.0
3336.2 1955.3 19.8
3264.4 1951.0 19.2
3201.6 1956.6 20.2
3188.4 1955.0 20.6
3173.9 1953.4 20.9
3161.9 1957.6 21.1
2968.3 1949.5 21.2
2918.3 1954.1 21.2
4433.7 1969.1 20.3
4421.7 1969.7 20.3
4406.0 1972.4 20.2
4361.1 1971.1 19.2
4349.4 1967.4 18.8
4329.7 1964.8 18.1
4310.3 1964.6 17.4
4240.6 1971.6 16.0
4192.1 1972.7 16.0
4168.3 1970.4 16.0
4089.1 1968.5 20.7
3922.9 1968.8 17.7
3892.0 1964.0 16.4
3850.9 1967.3 16.0
3755.3 1968.4 17.1
3712.6 1970.9 17.7
3684.3 1968.5 18.0
3607.4 1966.0 18.9
3595.8 1966.4 18.9
3523.1 1964.9 18.9
3501.4 1971.4 19.0
3490.3 1972.9 19.0
3416.6 1967.8 19.5
3340.4 1966.1 19.2
3171.5 1967.3 20.6
3145.3 1971.7 21.0
3058.5 1971.5 21.2
3014.1 1963.7 21.2
2904.5 1968.4 21.2
4375.2 1981.5 19.6
4327.8 1981.2 17.9
4302.3 1986.3 16.9
4211.1 1983.1 16.0
4196.4 1983.1 16.0
4180.1 1982.8 16.0
4032.6 1979.1 17.9
4015.1 1985.1 18.4
3959.5 1978.1 18.9
3819.3 1983.9 16.0
3792.1 1984.5 16.0
3748.2 1986.6 17.0
3726.9 1983.9 17.3
3713.3 1979.7 17.5
3685.4 1981.3 17.9
3595.7 1983.0 18.9
3508.7 1982.9 18.9
3442.1 1986.9 19.2
3341.1 1985.8 18.9
3307.9 1985.5 18.9
3231.1 1980.7 19.0
3189.1 1985.8 19.7
3041.2 1982.2 21.2
2992.0 1982.0 21.2
2886.3 1985.3 21.5
2857.9 1982.4 21.3
4415.4 1998.9 20.4
4405.5 1999.3 20.3
4364.6 1995.8 18.9
4226.4 2000.7 16.0
4169.0 1993.6 16.0
4136.4 2002.1 16.0
4118.8 1995.7 16.0
4092.3 1998.7 16.1
4010.3 2000.9 21.7
3999.1 2001.0 20.0
3967.2 1998.5 19.6
3955.3 2002.5 19.2
3852.6 1999.7 16.0
3824.8 1998.1 16.0
3809.0 1995.4 16.0
3770.6 1993.7 16.4
3725.4 1995.6 17.2
3702.9 1997.9 17.4
3687.8 2001.6 17.6
3593.3 1999.7 18.9
3569.5 1998.3 18.9
3501.2 2001.9 18.9
3477.1 2002.1 18.9
3414.5 1997.7 18.9
3340.3 1999.9 18.9
3111.3 1996.6 21.1
2931.8 1994.4 21.2
2889.7 2001.4 21.8
2876.9 2000.8 21.9
4433.2 2011.5 20.4
4406.1 2016.8 20.0
4328.6 2011.3 17.3
4303.3 2008.6 16.6
4179.0 2011.5 16.0
4168.0 2012.1 16.0
4130.5 2014.5 16.0
4123.2 2008.7 16.0
4079.6 2013.4 29.2
4047.3 2008.7 27.6
4002.4 2011.0 22.3
3938.3 2008.2 18.5
3925.1 2011.2 18.0
3912.2 2013.3 17.5
3883.1 2014.9 16.4
3731.2 2012.3 16.9
3671.4 2016.4 17.7
3625.1 2017.4 18.7
3461.1 2011.8 18.9
3396.8 2017.0 18.9
3355.8 2016.0 18.9
3342.0 2009.7 18.9
3162.6 2015.2 19.5
3085.2 2017.9 21.1
3066.5 2011.2 21.2
3052.1 2008.5 21.2
2991.6 2016.1 21.2
2962.2 2010.4 21.2
2935.3 2008.3 21.2
2915.1 2013.1 21.5
2817.4 2013.1 22.1
2772.7 2016.6 22.0
4373.6 2032.9 18.5
4333.6 2030.8 17.2
4297.3 2030.8 16.2
4288.0 2027.3 16.0
4225.5 2027.8 16.0
4131.6 2025.7 16.0
4124.2 2028.5 16.0
3972.5 2030.7 18.5
3954.5 2029.5 18.3
3786.2 2024.2 16.0
3714.6 2029.5 16.9
3701.2 2025.5 17.1
3655.0 2025.0 18.1
3636.9 2023.7 18.5
3596.2 2027.1 18.9
3582.2 2031.2 18.9
3523.9 2032.5 18.9
3508.0 2028.2 18.9
3433.8 2027.1 18.9
3358.1 2024.6 18.9
3296.4 2027.3 18.9
3266.2 2026.2 18.9
3247.6 2027.2 18.9
3192.3 2032.2 19.2
3175.9 2027.4 19.3
3158.9 2032.7 19.4
3131.9 2025.9 19.9
3096.7 2023.1 20.8
3029.5 2024.5 21.2
2935.9 2023.8 21.2
2917.7 2030.3 21.4
2901.6 2024.6 21.7
2861.9 2028.9 22.2
2849.1 2028.7 22.3
2811.7 2026.4 22.4
2787.6 2031.6 22.5
4435.4 2041.8 20.4
4243.5 2039.2 16.0
4154.2 2040.4 16.0
4130.6 2041.1 16.0
3995.0 2044.1 17.8
3941.1 2039.9 17.4
3928.8 2046.4 16.7
3891.2 2047.2 16.0
3877.9 2038.1 16.3
3727.9 2039.3 16.6
3629.4 2044.1 18.8
3546.2 2044.5 18.9
3522.6 2044.4 18.9
3491.7 2038.9 18.9
3478.0 2043.2 18.9
3432.4 2038.1 18.9
3291.8 2042.9 18.9
3261.7 2046.8 18.9
3194.0 2044.5 19.2
3158.6 2044.0 19.4
3101.6 2047.0 20.0
3026.8 2046.5 21.2
3013.5 2043.2 21.2
2998.4 2047.7 21.2
2981.7 2047.1 21.2
2951.7 2039.1 21.2
2932.2 2045.2 21.2
2920.8 2042.1 21.4
2885.6 2046.9 22.0
2863.0 2039.0 22.2
2847.2 2044.0 22.4
4437.2 2053.1 20.3
4402.3 2062.8 19.0
4371.2 2062.8 18.0
4271.8 2056.7 16.0
4239.6 2058.9 16.0
4224.7 2060.8 16.0
4189.9 2053.3 16.0
4149.7 2058.5 16.0
4060.7 2057.5 16.1
3982.7 2057.4 16.9
3952.9 2062.3 16.1
3865.3 2054.9 16.0
3817.7 2060.9 16.0
3710.4 2058.0 17.1
3669.2 2062.0 18.2
3622.8 2054.7 18.9
3578.6 2057.4 18.9
3479.8 2058.4 18.9
3459.0 2055.3 18.9
3328.4 2053.4 18.9
3276.5 2059.6 18.9
3250.7 2053.4 18.9
3160.3 2054.7 19.4
3131.9 2053.8 19.6
2900.0 2059.2 21.4
2862.0 2062.8 22.2
2803.6 2056.5 22.8
4514.9 2077.7 20.3
4444.9 2075.9 20.1
4329.8 2071.0 16.7
4259.6 2074.1 16.0
4178.4 2075.9 16.0
4136.5 2073.3 16.0
4117.5 2072.1 16.0
4102.6 2070.9 16.0
4031.4 2076.8 16.0
4019.6 2070.7 16.0
3996.5 2074.2 16.0
3937.8 2075.4 16.0
3836.9 2070.1 16.0
3800.8 2075.7 16.0
3714.7 2075.2 17.6
3696.2 2069.3 17.8
3683.1 2077.3 18.4
3652.7 2072.5 18.9
3608.9 2074.8 19.4
3478.0 2071.1 18.9
3267.4 2070.7 18.9
4526.6 2090.9 20.2
4495.9 2088.2 20.3
4436.5 2086.8 19.8
4417.0 2088.8 19.2
4392.5 2088.4 18.4
4345.0 2088.7 17.0
4280.3 2084.7 16.0
4241.1 2090.6 16.0
4175.9 2091.8 16.0
3995.5 2086.0 16.0
3974.0 2086.4 16.0
3943.6 2087.0 16.0
3866.3 2091.1 16.0
3852.5 2091.6 16.0
3836.7 2086.9 16.0
3718.3 2091.3 18.0
3703.5 2089.6 18.3
3655.5 2087.8 19.3
3638.5 2083.8 19.5
3595.6 2089.0 19.7
3459.9 2085.3 19.9
3397.8 2088.6 19.3
3320.1 2092.8 19.0
3314.1 2087.6 18.9
3295.2 2083.8 18.9
3284.1 2092.5 19.1
3254.4 2086.0 19.1
3219.8 2087.6 19.8
4509.6 2105.4 20.2
4483.4 2102.7 20.2
4460.6 2098.0 20.4
4424.5 2104.7 19.4
4400.3 2104.3 18.5
4376.5 2106.5 17.8
4297.5 2105.4 16.0
4183.9 2098.0 16.0
4056.5 2104.5 16.0
4042.8 2104.3 16.0
4013.3 2099.2 16.0
3995.2 2103.6 16.0
3987.4 2104.9 16.0
3950.7 2104.3 16.0
3911.7 2105.6 16.0
3866.6 2101.7 16.0
3835.5 2100.6 16.4
3808.1 2104.0 17.1
3758.5 2100.1 17.5
3748.9 2105.1 17.7
3668.5 2099.4 19.4
3657.2 2104.6 19.8
3639.1 2107.0 20.1
3610.5 2102.8 20.0
3592.0 2105.7 19.8
3550.1 2106.1 20.7
3518.1 2101.5 21.8
3474.5 2098.8 22.1
3460.3 2098.7 21.8
3448.1 2104.4 22.4
3371.3 2104.2 21.2
3328.0 2099.3 19.7
3310.0 2103.8 19.5
4446.8 2117.1 20.1
4437.8 2119.8 19.8
4379.5 2119.0 17.8
4327.1 2119.2 16.1
4212.7 2118.3 16.0
4197.1 2119.5 16.0
4160.2 2119.8 16.0
4034.5 2120.5 16.0
4018.1 2122.2 16.0
4003.7 2117.8 16.0
3984.0 2120.1 16.0
3913.9 2116.2 16.0
3896.1 2121.6 16.2
3830.6 2114.4 17.1
3770.1 2119.2 18.3
3688.2 2117.5 19.5
3652.0 2119.0 20.3
3599.0 2121.5 20.3
3574.9 2117.8 20.2
3547.6 2115.7 20.8
3536.6 2115.4 21.0
3508.4 2118.8 21.8
3460.2 2113.3 23.5
3444.6 2113.3 23.6
3415.4 2121.1 24.2
4491.8 2137.4 20.2
4476.0 2128.6 20.3
4430.3 2130.8 19.5
4358.6 2133.1 17.0
4333.6 2133.3 16.2
4235.4 2130.2 16.0
4121.8 2132.4 16.0
4092.3 2129.6 16.0
4064.4 2135.6 16.0
4002.0 2135.0 16.0
3983.0 2136.3 16.0
3729.9 2132.0 18.9
3656.6 2137.7 20.8
3642.0 2132.7 20.8
3624.1 2137.7 21.0
3578.0 2132.3 20.4
3568.5 2136.9 20.4
3509.0 2132.4 21.6
3434.7 2130.7 23.9
4454.3 2144.5 20.3
4423.3 2144.3 19.2
4377.0 2146.5 17.6
4342.2 2148.1 16.4
4296.2 2148.4 16.9
4286.9 2149.8 17.1
4209.7 2143.0 16.3
4153.3 2143.9 16.0
4101.6 2149.1 16.1
4045.3 2144.1 16.0
4015.1 2152.1 16.1
3968.9 2151.8 16.1
3952.8 2146.3 16.2
3921.3 2145.1 16.7
3817.1 2143.7 18.6
3808.8 2143.3 18.7
3794.3 2148.1 19.2
3710.7 2150.7 20.0
3686.4 2144.8 20.4
3650.4 2152.3 21.2
3594.2 2145.3 20.9
3485.2 2148.3 21.9
4508.1 2161.7 20.1
4432.0 2165.6 19.5
4340.4 2163.4 17.4
4301.7 2161.8 17.7
4222.8 2160.9 17.2
4183.8 2162.8 17.0
4091.0 2163.0 17.4
4061.4 2164.1 17.5
4049.6 2161.1 17.1
4012.5 2161.4 17.1
3988.9 2161.3 16.8
3866.8 2158.6 18.3
3785.9 2163.6 19.9
3731.0 2161.7 19.8
3698.1 2158.9 20.6
3653.7 2161.3 21.4
3591.5 2165.8 21.5
3537.6 2161.9 20.8
3516.4 2158.8 21.2
4509.0 2176.2 20.2
4480.7 2175.3 20.3
4437.3 2177.3 19.6
4375.6 2176.1 18.3
4340.5 2181.7 18.6
4319.7 2181.1 18.8
4296.5 2179.0 18.5
4267.0 2179.8 18.3
4206.8 2176.5 17.8
4181.0 2181.5 17.9
4160.1 2176.8 17.7
4122.8 2175.3 18.1
4103.6 2182.1 18.8
4090.8 2180.6 18.9
4055.5 2181.1 18.8
4011.1 2180.1 18.2
3997.9 2181.2 18.1
3940.4 2180.3 18.1
3865.9 2174.3 19.0
3772.3 2181.2 20.3
3757.0 2179.8 20.1
3713.0 2175.5 20.7
3702.9 2180.9 21.1
3651.0 2182.4 22.0
3623.4 2182.1 22.0
3597.9 2182.7 21.6
3580.9 2174.6 21.2
4513.4 2188.4 20.4
4444.9 2192.3 19.9
4436.3 2188.3 19.6
4420.0 2192.8 19.4
4408.7 2196.6 19.6
4378.2 2189.7 19.1
4329.1 2193.8 19.4
4314.2 2193.2 19.3
4266.0 2194.7 19.0
4183.3 2196.3 18.6
4150.3 2194.5 18.9
4139.8 2193.9 19.0
4115.4 2194.5 19.4
4085.3 2195.3 19.3
3970.9 2191.7 18.4
3944.0 2196.6 18.9
3922.1 2189.5 18.8
3898.7 2194.5 19.4
3848.0 2191.0 20.0
3805.0 2193.0 20.9
3789.3 2192.7 20.9
3758.7 2196.0 20.6
4480.2 2212.6 20.8
4467.9 2208.8 20.5
4439.8 2203.4 20.1
4401.4 2212.7 20.4
4389.3 2208.9 20.3
4282.7 2207.8 19.8
4210.2 2207.1 19.3
4177.9 2206.4 19.2
4073.9 2206.3 19.2
4063.6 2209.5 19.5
4026.6 2212.5 20.2
3996.9 2210.9 19.9
3987.1 2209.1 19.7
3973.6 2209.6 19.5
3897.8 2206.0 20.1
3853.3 2206.5 20.6
3839.6 2211.9 21.1
3688.4 2205.6 21.6
4400.1 2222.4 20.4
4389.2 2227.8 20.4
4374.6 2224.2 20.4
4313.2 2225.1 20.8
4302.4 2223.1 20.7
4258.9 2221.5 20.3
4244.1 2226.2 20.5
4210.4 2222.7 20.1
4055.2 2222.8 19.7
4048.6 2219.4 19.9
4027.8 2219.2 20.3
4017.8 2219.1 20.5
3986.2 2227.4 20.8
3970.8 2223.9 20.4
3880.0 2220.9 21.2
3864.0 2219.3 21.3
3837.7 2226.8 22.0
3823.7 2222.8 21.9
3789.2 2222.1 21.8
3760.1 2225.7 20.9
4505.0 2236.6 21.8
4495.6 2238.3 21.9
4484.9 2237.4 22.1
4445.2 2235.8 21.7
4418.9 2237.7 20.4
4406.4 2236.7 20.4
4331.9 2238.5 21.1
4208.1 2236.1 20.8
4167.4 2237.4 21.2
4150.3 2236.3 21.3
4045.8 2239.6 20.0
4027.3 2239.9 20.4
4004.1 2239.4 20.9
3968.2 2239.6 21.3
3941.3 2241.2 21.2
3914.8 2239.9 21.6
3882.7 2237.4 22.1
3839.0 2236.5 22.4
3789.9 2235.3 21.6
4420.3 2255.7 22.4
4329.2 2249.9 21.4
4272.5 2252.4 22.0
4256.8 2248.5 21.7
4226.8 2255.5 21.9
4213.4 2255.7 21.8
4075.7 2256.5 19.4
4031.5 2255.8 20.4
3986.6 2253.9 21.3
3955.7 2254.1 21.9
3912.7 2248.3 22.1
4375.8 2270.7 21.9
4285.9 2264.4 22.2
4254.7 2267.7 22.6
4237.7 2270.5 22.7
4213.0 2266.0 22.3
4197.8 2269.9 22.7
4101.8 2263.0 19.8
4090.7 2266.3 19.2
4046.6 2268.3 20.1
4018.3 2272.1 20.8
3998.6 2266.2 21.1
3957.8 2272.7 21.7
4363.0 2281.3 21.6
4311.6 2285.9 21.9
4167.7 2279.1 22.5
4046.2 2284.4 20.2
3969.5 2278.9 21.5
5345.9 1952.8 21.2
5352.5 1969.9 21.3
5363.8 1983.1 21.4
5321.8 1983.8 21.5
5367.7 1999.7 21.5
5374.5 2011.0 21.5
5313.6 2009.1 21.7
5298.3 2044.1 22.0
5370.5 1105.1 23.6
-6851.7 -9249.6 21.5
-6883.3 -9250.7 20.3
-6756.2 -9232.9 25.5
-6758.8 -9220.9 25.8
-6800.3 -9222.0 24.3
-6834.5 -9214.8 23.4
-6683.7 -9204.5 24.7
-6699.0 -9200.8 25.3
-6732.9 -9207.7 26.0
-6773.8 -9199.7 26.1
-6799.7 -9204.7 25.0
-6895.7 -9208.9 21.3
-6905.9 -9202.3 20.6
-6728.8 -9191.9 26.4
-6741.4 -9193.2 26.7
-6785.6 -9188.7 26.0
-6821.7 -9188.0 24.8
-6711.7 -9172.3 26.4
-6728.5 -9170.6 27.0
-6742.3 -9171.0 27.4
-6835.2 -9177.1 24.7
-6862.8 -9172.0 23.8
-6905.0 -9176.9 20.8
-6713.2 -9162.3 26.8
-6725.3 -9163.4 27.1
-6741.5 -9160.8 27.6
-6805.9 -9161.1 26.3
-6832.2 -9159.1 25.5
-6895.9 -9163.1 21.5
-6935.3 -9157.9 18.8
-6949.2 -9155.2 17.9
-6683.0 -9141.5 25.6
-6696.5 -9144.2 26.4
-6725.1 -9143.9 27.6
-6801.1 -9140.1 27.2
-6815.9 -9143.0 26.6
-6828.5 -9144.1 26.1
-6910.7 -9143.9 20.6
-6684.5 -9126.3 25.7
-6729.9 -9126.8 28.3
-6829.5 -9124.8 26.4
-6850.5 -9131.0 24.9
-6679.5 -9115.9 25.4
-6702.8 -9112.8 26.8
-6709.2 -9112.3 27.3
-6745.0 -9117.9 29.0
-6788.2 -9111.6 28.7
-6829.3 -9116.6 26.4
-6847.3 -9117.6 25.2
-6926.5 -9116.1 19.7
-6710.3 -9102.9 27.3
-6730.4 -9096.9 28.6
-6786.3 -9097.5 29.3
-6821.0 -9104.1 27.1
-6867.2 -9097.6 23.9
-6893.5 -9095.2 22.1
-6905.0 -9100.2 21.3
-6928.2 -9099.2 19.7
-6673.2 -9082.2 23.4
-6682.5 -9088.4 24.5
-6701.5 -9088.4 26.2
-6770.0 -9086.5 30.3
-6805.6 -9088.5 28.2
-6820.0 -9081.3 27.3
-6838.1 -9087.8 26.0
-6867.7 -9082.9 24.0
-6892.0 -9086.0 22.3
-6912.3 -9085.1 20.9
-6920.5 -9085.5 20.3
-6695.0 -9071.5 24.9
-6814.3 -9069.8 27.7
-6837.7 -9065.2 26.2
-6846.7 -9072.4 25.5
-6880.5 -9069.6 23.2
-6724.2 -9053.4 26.5
-6790.9 -9050.0 29.5
-6799.9 -9056.3 28.8
-6853.1 -9058.3 25.1
-6922.9 -9058.2 20.3
-6935.6 -9058.4 19.4
-6953.9 -9055.2 18.2
-6679.4 -9035.1 21.6
-6862.6 -9035.3 24.6
-6880.9 -9037.4 23.3
-6956.8 -9041.8 18.2
-6965.9 -9040.3 17.9
-6978.6 -9040.3 17.5
-6668.0 -9028.1 20.3
-6728.8 -9026.5 25.4
-6761.1 -9021.6 28.0
-6804.8 -9023.1 28.4
-6908.4 -9028.5 21.5
-6938.3 -9025.5 19.4
-6985.3 -9028.7 17.4
-6335.2 -9006.3 15.7
-6639.0 -9010.9 16.9
-6668.6 -9009.5 19.3
-6742.4 -9011.6 25.8
-6776.4 -9011.3 28.3
-6792.3 -9009.5 28.0
-6819.7 -9006.3 27.5
-6379.2 -8995.8 14.6
-6589.2 -8990.8 15.6
-6673.3 -8994.4 19.0
-6807.6 -8989.5 26.9
-6837.4 -8995.4 26.6
-6849.9 -8999.0 25.7
-6891.2 -8992.2 22.9
-6909.0 -8995.4 21.7
-6492.5 -8980.7 14.1
-6507.1 -8975.1 14.4
-6590.1 -8981.7 15.7
-6657.3 -8976.9 17.1
-6667.9 -8980.3 17.8
-6745.7 -8981.2 24.5
-6835.8 -8977.8 26.0
-6873.6 -8983.8 24.2
-6904.5 -8982.5 22.1
-6966.6 -8976.8 18.3
-6337.1 -8967.2 14.7
-6353.6 -8960.7 14.2
-6366.2 -8967.5 14.1
-6409.9 -8962.9 13.1
-6425.8 -8962.0 13.2
-6438.7 -8967.5 13.4
-6502.8 -8968.6 14.4
-6621.4 -8965.2 16.2
-6739.0 -8967.2 23.2
-6844.5 -8965.5 25.4
-6861.1 -8960.6 24.9
-6891.3 -8965.9 23.1
-6923.5 -8968.5 20.8
-6936.5 -8964.7 20.0
-6951.6 -8967.0 18.9
-6418.1 -8948.5 13.2
-6493.3 -8948.7 14.3
-6500.1 -8949.2 14.4
-6565.8 -8949.9 15.5
-6578.3 -8951.8 15.6
-6641.2 -8945.5 16.7
-6654.4 -8945.4 16.9
-6703.2 -8954.2 19.4
-6709.9 -8947.8 19.7
-6757.0 -8944.7 23.6
-6778.0 -8952.5 25.7
-6805.2 -8945.6 25.0
-6823.0 -8949.9 24.9
-6877.6 -8950.5 24.1
-6888.8 -8951.3 23.3
-6981.3 -8946.5 18.0
-6355.1 -8933.2 13.4
-6393.8 -8939.3 12.8
-6566.1 -8932.8 15.6
-6624.3 -8937.5 16.4
-6697.7 -8933.0 18.2
-6711.1 -8938.4 19.3
-6964.8 -8935.1 18.6
-6323.1 -8917.3 13.6
-6416.0 -8920.2 13.3
-6547.5 -8920.5 15.3
-6578.0 -8915.7 15.8
-6621.8 -8917.9 16.5
-6715.8 -8917.7 18.8
-6770.7 -8919.5 23.4
-6801.5 -8921.4 24.0
-6818.3 -8924.4 23.9
-6949.0 -8920.0 19.4
-6311.9 -8901.2 13.4
-6342.0 -8902.6 12.9
-6410.1 -8902.8 13.3
-6428.2 -8904.0 13.6
-6475.1 -8904.5 14.3
-6648.9 -8903.2 17.0
-6668.1 -8899.8 17.3
-6688.3 -8906.7 17.6
-6711.9 -8904.4 18.5
-6724.1 -8905.5 19.0
-6775.6 -8906.0 23.1
-6791.1 -8906.6 23.4
-6832.2 -8903.0 22.7
-6893.7 -8901.7 21.8
-6939.6 -8905.9 20.1
-6979.4 -8907.8 18.6
-6326.0 -8889.7 12.9
-6340.8 -8886.3 12.5
-6372.4 -8892.7 12.7
-6379.1 -8890.2 12.9
-6431.1 -8893.7 13.7
-6456.7 -8885.2 14.1
-6500.4 -8888.7 14.8
-6590.4 -8886.3 16.2
-6667.0 -8885.5 17.4
-6919.6 -8891.4 21.0
-6327.2 -8878.7 12.6
-6339.2 -8878.7 12.3
-6353.4 -8870.1 12.6
-6438.7 -8876.8 13.9
-6503.9 -8878.0 14.9
-6520.1 -8870.2 15.2
-6529.2 -8877.1 15.3
-6550.5 -8870.4 15.7
-6568.2 -8879.1 15.9
-6579.6 -8873.4 16.1
-6618.9 -8876.7 16.7
-6862.1 -8869.6 20.8
-6971.4 -8870.5 19.5
-6310.6 -8864.3 12.5
-6319.7 -8863.7 12.3
-6537.6 -8860.9 15.5
-6566.2 -8855.0 16.0
-6684.7 -8857.4 17.8
-6921.2 -8863.6 19.8
-6432.5 -8840.2 14.0
-6472.7 -8845.1 14.6
-6537.0 -8842.6 15.6
-6549.2 -8844.8 15.8
-6619.8 -8840.2 16.9
-6649.3 -8839.9 17.4
-6535.6 -8830.9 15.4
-6681.7 -8833.0 17.9
-6697.5 -8831.1 18.0
-6413.0 -8815.8 13.6
-6425.8 -8818.3 13.6
-6442.1 -8810.6 14.0
-6548.8 -8818.2 14.7
-6564.3 -8815.3 14.7
-6506.9 -8798.6 14.9
-6598.3 -8797.1 14.9
-6426.6 -8782.4 13.7
-6546.1 -8782.7 15.6
-6576.3 -8782.1 15.9
-6409.0 -8766.6 13.4
-6426.6 -8771.8 13.7
-6517.5 -8771.3 15.0
-6533.3 -8753.8 15.2
-6545.9 -8754.1 15.6
-5094.7 -5858.5 8.4
-5129.4 -5854.4 8.6
-5142.4 -5862.3 9.1
-5156.3 -5863.6 9.5
-5100.4 -5845.9 8.4
-5110.2 -5842.8 8.4
-5078.1 -5823.8 8.2
-5093.8 -5832.2 8.3
-5116.1 -5830.4 8.5
-5071.7 -5810.2 8.2
-5084.3 -5810.3 8.2
-5097.1 -5813.1 8.3
-5112.8 -5811.8 8.4
-5217.8 -5816.5 9.2
-5092.5 -5797.6 8.3
-5205.8 -5795.4 9.0
-5218.5 -5793.7 9.1
-5039.5 -5787.1 7.9
-5051.4 -5787.3 8.0
-5068.6 -5788.1 8.1
-5128.3 -5786.7 8.5
-5155.3 -5780.2 8.7
-5173.0 -5779.6 8.8
-5191.6 -5783.5 8.9
-5212.8 -5782.0 9.0
-5234.5 -5783.6 9.2
-5062.2 -5765.3 8.1
-5218.1 -5771.8 9.1
-5235.1 -5766.0 8.9
-5025.5 -5756.2 7.8
-5054.7 -5756.7 8.0
-5093.6 -5756.9 8.2
-5155.1 -5756.9 8.6
-5025.5 -5743.3 7.8
-5085.3 -5740.2 8.2
-5099.2 -5741.6 8.3
-5123.1 -5735.7 8.4
-5141.9 -5741.1 8.5
-5040.9 -5722.4 7.9
-5126.8 -5725.6 8.4
-5172.9 -5724.1 8.3
-5009.8 -5704.9 7.7
-5021.4 -5708.6 7.7
-5036.2 -5704.1 7.8
-5086.8 -5704.8 8.1
-5101.9 -5711.7 8.2
-5110.5 -5712.4 8.2
-5125.3 -5704.0 8.0
-5141.8 -5705.6 8.0
-5021.9 -5694.9 7.7
-5100.5 -5692.0 7.8
-5009.7 -5677.5 7.6
-5018.6 -5677.2 7.7
-5429.3 -6803.3 5.7
-5446.8 -6802.0 5.5
-5444.1 -6788.8 5.7
-5428.1 -6776.7 6.0
-5461.6 -6772.9 5.6
-5489.7 -6772.3 5.3
-5509.6 -6770.9 5.0
-5466.1 -6757.8 5.7
-5496.6 -6763.4 5.3
-5502.5 -6760.0 5.3
-5401.6 -6740.9 6.7
-5495.3 -6746.8 5.5
-5404.8 -6729.9 6.8
-5419.0 -6731.5 6.6
-5445.0 -6727.4 6.3
-5493.2 -6711.0 6.0
-5288.3 -6959.0 7.8
-5272.8 -6939.7 7.5
-5265.2 -6920.7 7.3
-5302.9 -6927.5 7.6
-5311.5 -6926.0 7.6
-5328.2 -6927.2 7.7
-5378.3 -6921.3 7.7
-5256.3 -6913.0 7.1
-5327.6 -6911.3 7.3
-5342.2 -6906.6 7.2
-5360.1 -6909.1 7.3
-5314.3 -6892.2 6.8
-5341.5 -6897.8 7.0
-5419.9 -6897.7 6.5
-5402.3 -6881.1 6.5
-5415.3 -6879.4 6.2
-5468.0 -6884.1 6.6
-5453.3 -6860.5 6.2
-5479.9 -6851.0 6.2
-5467.2 -6836.2 6.0
-5542.1 -6816.4 6.0
