-3818.5 1930.2 44.3
-3805.4 1923.0 43.9
-3792.3 1915.7 43.5
-3779.1 1908.4 43.1
-3766.0 1901.1 42.7
-3752.9 1893.8 42.3
-3739.8 1886.6 41.9
-3726.7 1879.3 41.4
-3713.6 1872.0 41.0
-3700.4 1864.7 40.6
-3687.3 1857.4 40.1
-3674.2 1850.2 39.5
-3658.6 1841.5 38.8
-4905.6 -635.1 34.2
-4897.3 -610.6 34.3
-3824.6 1912.3 45.2
-3811.5 1905.1 44.7
-3798.3 1897.8 44.3
-3785.2 1890.6 43.7
-3772.1 1883.4 43.2
-3758.9 1876.1 42.6
-3745.8 1868.9 42.0
-3732.6 1861.6 41.4
-3719.5 1854.4 40.8
-3706.4 1847.2 40.2
-3693.2 1839.9 39.6
-3667.8 1825.9 38.6
6761.0 -1123.9 121.6
6773.4 -1115.4 123.0
6785.7 -1106.9 124.4
6798.1 -1098.4 125.8
6810.5 -1089.9 127.2
6822.8 -1081.4 128.6
6835.2 -1072.9 130.0
6847.5 -1064.3 131.1
6859.9 -1055.8 130.9
6872.2 -1047.3 130.8
6884.6 -1038.8 130.6
6896.9 -1030.3 129.8
6909.3 -1021.8 129.0
6921.6 -1013.3 128.2
6934.0 -1004.8 127.3
6946.3 -996.3 126.5
6958.7 -987.8 126.2
6971.0 -979.2 126.3
6983.4 -970.7 126.5
6995.7 -962.2 128.5
7008.1 -953.7 130.4
7020.4 -945.2 130.4
7032.8 -936.7 130.0
7045.1 -928.2 129.6
7057.5 -919.7 129.2
7069.8 -911.2 128.8
7082.2 -902.7 128.3
7094.6 -894.1 127.9
7106.9 -885.6 127.5
7119.3 -877.1 127.5
7131.6 -868.6 127.5
7144.0 -860.1 127.4
7156.3 -851.6 127.4
7168.7 -843.1 127.4
7181.0 -834.6 127.3
7193.2 -825.8 127.3
7205.2 -816.8 127.3
7217.2 -807.8 127.2
7229.2 -798.8 126.2
7241.2 -789.8 125.3
7253.8 -781.8 125.2
7266.9 -774.4 125.0
7279.9 -767.0 124.9
7292.1 -758.3 124.8
7304.3 -749.6 124.7
7316.5 -740.8 124.6
7328.7 -732.1 124.5
7340.9 -723.4 124.4
7353.1 -714.7 124.3
7365.3 -705.9 124.3
7377.5 -697.2 124.2
7397.2 -683.1 123.9
7414.1 -695.3 124.2
7401.7 -703.8 124.4
7389.4 -712.3 124.5
7377.0 -720.8 124.6
7364.6 -729.3 124.7
7352.3 -737.8 124.8
7339.9 -746.3 124.9
7327.6 -754.8 125.0
7315.2 -763.3 125.1
7302.8 -771.8 125.2
7290.5 -780.3 125.2
7278.1 -788.8 125.3
7265.8 -797.3 125.4
7253.4 -805.8 125.6
7241.0 -814.3 126.1
7228.7 -822.8 127.5
7216.3 -831.3 127.8
7204.0 -839.9 127.8
7191.8 -848.5 127.8
7179.5 -857.1 128.1
7167.2 -865.7 128.6
7154.9 -874.3 129.0
7142.7 -883.0 129.4
7130.4 -891.6 129.9
7118.1 -900.2 130.3
7105.8 -908.8 130.8
7093.6 -917.5 131.2
7081.3 -926.1 131.6
7069.0 -934.7 132.1
7056.8 -943.3 132.5
7044.5 -952.0 132.9
7032.2 -960.6 131.1
7019.9 -969.2 129.1
7007.7 -977.8 127.2
6995.4 -986.5 125.9
6983.1 -995.1 125.8
6970.8 -1003.7 125.7
6958.6 -1012.3 125.6
6946.3 -1021.0 126.0
6934.0 -1029.6 126.8
6921.8 -1038.2 127.6
6909.5 -1046.8 128.4
6897.2 -1055.5 129.2
6884.9 -1064.1 130.1
6872.7 -1072.7 130.9
6860.4 -1081.3 131.4
6848.1 -1089.9 130.2
6835.8 -1098.6 128.8
6823.6 -1107.2 127.4
6811.3 -1115.8 126.0
6799.0 -1124.4 124.6
6786.7 -1133.1 123.2
6772.5 -1143.1 121.6
-1372.8 4094.4 45.1
-1358.5 4089.8 45.5
-1344.2 4085.3 45.9
-1329.9 4080.8 46.4
-1315.6 4076.2 46.8
-1307.9 4085.4 46.7
-1302.5 4099.4 46.5
-1297.1 4113.4 46.6
-1291.6 4127.5 47.0
-5059.5 -1561.1 27.2
-546.2 -115.0 101.1
-545.6 -100.0 100.9
-591.0 -100.1 100.3
-546.1 -91.8 100.8
-562.4 -87.3 100.5
-537.9 -72.1 100.7
-589.9 -76.3 100.0
-503.6 -53.9 101.0
-516.0 -62.3 100.9
-533.4 -58.0 100.6
-548.9 -63.2 100.4
-582.6 -62.2 99.9
-498.7 -38.8 100.8
-551.8 -40.0 100.1
-594.1 -41.8 99.5
-603.1 -42.3 99.4
-624.6 -45.8 99.2
-634.2 -47.5 99.0
-518.5 -24.8 100.4
-529.5 -28.0 100.3
-581.6 -25.8 99.6
-590.5 -31.7 99.5
-622.1 -25.0 99.1
-672.8 -25.2 98.6
-678.3 -25.0 98.5
-702.3 -30.5 98.2
-537.4 -13.4 100.1
-567.6 -17.0 99.7
-624.1 -15.7 99.1
-702.3 -18.8 98.3
-567.0 3.0 99.8
-754.7 4.2 97.3
-474.7 18.7 100.8
-562.2 11.9 99.8
-679.1 18.9 98.5
-761.0 15.8 97.1
-445.2 32.3 101.2
-477.0 31.7 100.8
-485.6 30.9 100.7
-534.3 31.4 100.2
-682.1 26.8 98.4
-760.0 32.0 96.8
-771.8 33.8 96.7
-462.5 49.7 101.0
-489.0 46.7 100.7
-475.5 60.0 100.9
-483.8 58.7 100.8
-534.5 59.7 100.3
-550.6 62.7 100.1
-558.2 58.2 100.0
-669.1 57.9 98.5
-686.2 57.3 98.3
-693.3 57.3 98.2
-559.1 79.4 100.1
-581.3 77.5 99.8
-595.4 75.5 99.6
-611.1 73.9 99.4
-686.8 72.1 98.2
-515.2 87.1 100.6
