437.0 1621.4 60.0
-7142.9 -1126.8 121.6
-7130.5 -1118.3 123.0
-7118.2 -1109.8 124.4
-7105.9 -1101.3 125.8
-7093.5 -1092.7 127.2
-7081.2 -1084.2 128.6
-7068.8 -1075.7 130.0
-7056.5 -1067.2 131.1
-7044.2 -1058.6 130.9
-7031.8 -1050.1 130.8
-7019.5 -1041.6 130.6
-7007.1 -1033.1 129.8
-6994.8 -1024.5 129.0
-6982.4 -1016.0 128.2
-6970.1 -1007.5 127.3
-6957.8 -999.0 126.5
-6945.4 -990.4 126.2
-6933.1 -981.9 126.3
-6920.7 -973.4 126.5
-6908.4 -964.9 128.5
-6896.1 -956.3 130.4
-6883.7 -947.8 130.4
-6871.4 -939.3 130.0
-6859.0 -930.8 129.6
-6846.7 -922.2 129.2
-6834.3 -913.7 128.8
-6822.0 -905.2 128.4
-6809.7 -896.7 127.9
-6797.3 -888.1 127.5
-6785.0 -879.6 127.5
-6772.6 -871.1 127.5
-6760.3 -862.6 127.4
-6747.9 -854.0 127.4
-6735.6 -845.5 127.4
-6723.3 -837.0 127.3
-6711.1 -828.2 127.3
-6699.1 -819.2 127.3
-6687.1 -810.2 127.2
-6675.1 -801.2 126.2
-6663.1 -792.2 125.3
-6650.5 -784.1 125.2
-6637.5 -776.7 125.1
-6624.5 -769.3 124.9
-6612.2 -760.6 124.8
-6600.0 -751.8 124.7
-6587.8 -743.1 124.6
-6575.7 -734.3 124.6
-6563.5 -725.6 124.5
-6551.3 -716.9 124.4
-6539.1 -708.1 124.3
-6526.9 -699.4 124.2
-6506.7 -684.9 123.9
-6648.3 -457.0 123.8
-6637.9 -467.9 123.8
-6627.6 -478.8 123.8
-6617.3 -489.7 123.8
-6607.0 -500.6 123.8
-6588.6 -520.0 123.8
-6663.2 -640.7 122.8
-6648.3 -642.3 122.8
-6633.4 -644.0 122.8
-6618.5 -645.7 122.8
-6603.5 -647.3 122.9
-6588.6 -649.0 122.9
-6573.7 -650.7 123.0
-6558.8 -652.3 123.1
-6543.9 -654.0 123.1
-6529.0 -655.7 123.2
-6504.8 -658.4 123.2
-6573.3 -543.4 123.7
-6562.9 -554.3 123.7
-6552.5 -565.1 123.7
-6542.2 -575.9 123.7
-6531.8 -586.8 123.6
-6521.4 -597.6 123.4
-6511.1 -608.5 123.2
-6499.1 -621.0 123.0
-6663.1 -629.7 122.8
-6648.1 -631.0 122.8
-6633.2 -632.2 122.8
-6618.2 -633.5 122.8
-6603.3 -634.8 122.9
-6588.3 -636.0 122.9
-6573.4 -637.3 122.9
-6558.5 -638.5 122.9
-6543.5 -639.8 122.9
-6528.6 -641.1 122.8
-6502.1 -643.3 122.8
-6489.9 -697.1 124.2
-6502.2 -705.6 124.4
-6514.6 -714.1 124.5
-6526.9 -722.6 124.6
-6539.3 -731.1 124.7
-6551.6 -739.6 124.8
-6564.0 -748.2 124.9
-6576.3 -756.7 125.0
-6588.7 -765.2 125.1
-6601.0 -773.7 125.2
-6613.4 -782.2 125.2
-6625.7 -790.7 125.3
-6638.1 -799.3 125.4
-6650.4 -807.8 125.6
-6662.8 -816.3 126.1
-6675.1 -824.8 127.5
-6687.5 -833.3 127.8
-6699.7 -841.9 127.8
-6712.0 -850.6 127.8
-6724.3 -859.2 128.1
-6736.5 -867.8 128.6
-6748.8 -876.5 129.0
-6761.0 -885.1 129.4
-6773.3 -893.8 129.9
-6785.6 -902.4 130.3
-6797.8 -911.0 130.8
-6810.1 -919.7 131.2
-6822.4 -928.3 131.6
-6834.6 -937.0 132.1
-6846.9 -945.6 132.5
-6859.1 -954.2 132.9
-6871.4 -962.9 131.1
-6883.7 -971.5 129.2
-6895.9 -980.1 127.2
-6908.2 -988.8 125.9
-6920.5 -997.4 125.8
-6932.7 -1006.1 125.7
-6945.0 -1014.7 125.6
-6957.2 -1023.3 125.9
-6969.5 -1032.0 126.8
-6981.8 -1040.6 127.6
-6994.0 -1049.3 128.4
-7006.3 -1057.9 129.2
-7018.6 -1066.5 130.0
-7030.8 -1075.2 130.8
-7043.1 -1083.8 131.5
-7055.3 -1092.5 130.2
-7067.6 -1101.1 128.8
-7079.9 -1109.7 127.4
-7092.1 -1118.4 126.0
-7104.4 -1127.0 124.6
-7116.7 -1135.7 123.2
-7131.4 -1146.1 121.6
-3673.1 2298.5 116.8
-3664.4 2310.7 117.1
-3655.8 2323.0 117.4
-3647.2 2335.3 117.7
-3638.6 2347.5 118.0
-3629.9 2359.8 118.2
-3621.3 2372.1 118.4
-3612.3 2384.0 118.6
-3602.4 2395.3 118.7
-3592.5 2406.6 118.8
-3582.6 2417.9 118.8
-3572.8 2429.2 118.9
-3562.9 2440.5 119.0
-3553.0 2451.8 119.1
-3535.1 2472.3 122.0
5494.7 5217.7 123.7
5482.6 5230.9 123.4
5469.6 5245.5 123.0
5462.4 5276.7 122.3
5521.9 5295.1 123.4
5484.4 5295.8 122.4
5438.9 5294.0 121.5
5513.1 5305.5 122.9
5482.1 5303.3 122.2
5465.8 5307.8 121.7
5439.5 5324.9 121.2
5495.5 5337.0 121.8
5483.3 5339.4 121.5
5535.4 5353.0 122.2
5483.3 5348.8 121.3
5536.6 5365.7 122.3
5490.5 5369.7 121.0
5483.6 5369.8 121.0
5522.4 5379.0 122.1
5479.7 5386.3 121.3
5467.3 5377.9 121.0
5449.8 5382.1 121.0
5434.4 5376.9 121.0
5535.6 5392.9 123.0
5434.3 5393.8 121.3
5493.1 5408.4 122.0
