6949.0 1059.3 61.1
6941.9 1064.4 60.5
6951.4 1074.8 60.0
6939.3 1077.9 59.9
6930.4 1077.5 60.0
6951.2 1090.4 59.4
6921.8 1087.6 59.8
6902.8 1115.6 59.1
6950.4 2336.3 73.8
6939.9 2352.5 74.1
6929.3 2356.2 74.3
6918.6 2358.1 74.5
6914.3 2366.3 74.6
6892.4 2366.8 74.9
6881.9 2366.2 75.0
6914.6 2377.6 74.8
6890.7 2372.1 75.0
6878.9 2375.0 75.2
6873.8 2372.0 75.2
6864.7 2372.4 75.3
6904.7 2387.4 75.0
6894.5 2382.8 75.1
6884.5 2387.3 75.3
6872.3 2386.8 75.4
6860.1 2383.6 75.5
6850.6 2382.4 75.6
6840.6 2384.3 75.8
6810.2 2395.0 76.3
6819.1 2413.8 76.5
6771.1 2435.1 77.6
6821.3 2443.4 77.0
6761.1 2444.3 77.9
6912.4 2468.0 76.0
6881.3 2468.3 76.5
6870.7 2466.3 76.6
6865.0 2467.7 76.7
6900.3 2473.2 76.3
6891.3 2471.8 76.4
6879.1 2474.7 76.6
6763.2 2475.5 78.4
6939.2 2485.7 75.9
6924.0 2485.2 76.1
6913.4 2482.0 76.2
6902.8 2488.3 76.5
6878.6 2488.3 76.8
6870.7 2482.6 76.9
6889.9 2492.5 76.7
6900.9 2501.9 76.7
6892.1 2507.9 76.9
6880.4 2508.0 77.1
6891.3 2512.0 77.0
6763.7 2517.0 79.0
6868.9 2527.3 77.5
6895.0 2534.7 77.2
6950.1 2542.5 78.5
6934.5 2547.0 78.3
6873.2 2546.5 77.7
6913.2 2552.4 78.0
6881.1 2554.6 77.7
6922.3 2562.0 79.0
6903.2 2562.5 78.4
6889.1 2562.7 78.0
6880.5 2563.5 77.8
6892.8 2575.0 79.0
6852.6 2574.6 78.4
6841.0 2572.7 78.5
6828.9 2575.8 78.7
6811.9 2575.9 79.0
6769.9 2576.9 79.7
6945.2 2585.2 81.4
6919.2 2585.3 80.6
6880.3 2582.4 79.1
6830.5 2586.1 78.8
6810.6 2583.8 79.1
6800.7 2584.0 79.3
6784.5 2588.3 79.6
6943.9 2592.2 81.8
6920.6 2593.4 81.2
6914.2 2597.1 81.2
6889.6 2597.5 80.5
6861.2 2597.6 79.5
6851.5 2592.3 78.9
6790.6 2593.3 79.5
6942.0 2607.1 82.8
6914.9 2603.8 81.7
6899.8 2605.3 81.3
6882.5 2602.9 80.6
6819.8 2604.5 79.2
6809.3 2602.9 79.4
6799.7 2607.6 79.6
6782.5 2603.3 79.8
6763.4 2606.4 80.1
6945.2 2614.9 83.5
6934.9 2615.5 83.2
6919.9 2616.3 82.8
6910.0 2616.8 82.5
6769.6 2615.5 80.1
6759.5 2612.8 80.3
6944.1 2622.1 84.0
6914.7 2627.8 83.4
6860.4 2627.7 81.7
6769.7 2622.4 80.2
6914.2 2638.2 84.1
6901.5 2634.8 83.5
6889.2 2635.4 83.1
6879.3 2636.9 82.9
6871.1 2637.5 82.7
6761.7 2637.1 80.5
6909.2 2644.3 84.4
6881.1 2655.8 84.3
6873.8 2658.2 84.2
6764.2 2656.3 80.7
6871.1 2665.5 84.7
6758.6 2662.9 80.9
6751.9 2667.8 81.0
6759.3 2672.6 81.6
6803.8 2686.1 84.0
6752.7 2686.2 82.3
6794.9 2692.1 84.1
6762.4 2705.7 84.0
6750.5 2706.0 83.6
6779.8 2045.7 72.2
6770.5 2043.0 72.0
6743.1 2045.7 71.7
6774.2 2056.5 72.5
6768.6 2065.0 72.7
6803.6 2078.3 72.4
6763.6 2076.2 73.1
6753.3 2076.8 73.0
6802.8 2088.0 72.5
6760.2 2086.0 73.3
6752.1 2084.7 73.3
6771.8 2094.7 73.1
6758.9 2095.3 73.4
6749.1 2098.6 73.6
6814.0 2106.6 72.5
6764.3 2103.1 73.4
6754.3 2107.0 73.6
6814.4 2117.5 72.6
6779.2 2119.1 73.2
6770.7 2113.1 73.3
6752.4 2114.3 73.7
6741.2 2118.3 73.9
6831.6 2125.7 72.5
6793.8 2124.4 73.0
6769.3 2127.9 73.5
6762.6 2123.4 73.6
6749.8 2127.6 73.9
6742.8 2127.7 74.0
6792.0 2134.5 73.2
6752.3 2136.5 73.9
6740.5 2137.0 74.1
6729.0 2138.2 74.3
6820.5 2146.2 72.9
6811.2 2146.3 73.0
6802.8 2143.9 73.1
6782.3 2146.9 73.5
6760.7 2145.3 73.8
6750.2 2144.6 74.0
6811.3 2154.2 73.1
6799.4 2155.1 73.3
6749.7 2154.1 74.1
6744.4 2159.5 74.3
6828.9 2168.7 73.1
6813.1 2163.6 73.2
6793.3 2166.8 73.5
6778.8 2167.6 73.7
6769.5 2168.4 73.9
6854.1 2172.9 72.9
6838.7 2174.5 73.1
6831.9 2173.1 73.1
6810.4 2176.4 73.4
6759.0 2176.6 74.2
6743.5 2173.3 74.4
6874.2 2185.5 72.8
6812.5 2187.5 73.6
6784.5 2187.1 73.9
6879.2 2196.8 72.9
6849.5 2195.1 73.2
6845.2 2195.3 73.3
6822.1 2193.1 73.5
6814.1 2194.2 73.6
6779.9 2194.7 74.1
6880.4 2208.1 73.0
6863.9 2204.6 73.1
6850.6 2203.0 73.3
6724.9 2208.3 75.1
6864.3 2217.1 73.3
6852.0 2212.9 73.4
6772.8 2217.7 74.5
6891.2 2225.8 73.1
6854.7 2223.7 73.5
6822.8 2228.0 74.0
6809.5 2225.5 74.1
6774.0 2225.0 74.5
6859.0 2234.9 73.6
6853.1 2236.6 73.7
6821.0 2235.0 74.1
6789.4 2235.5 74.5
6779.6 2233.4 74.6
6774.1 2237.0 74.7
6903.0 2249.0 73.2
6880.9 2243.5 73.4
6861.6 2247.9 73.7
6830.4 2246.8 74.1
6822.9 2247.3 74.2
6810.3 2245.3 74.4
6894.8 2255.7 73.4
6882.8 2257.8 73.6
6861.8 2255.0 73.8
6850.0 2256.7 74.0
6852.4 2268.2 74.1
6844.8 2265.6 74.2
6819.4 2266.1 74.5
6853.7 2275.6 74.2
6830.8 2276.7 74.5
6822.9 2275.7 74.6
6805.0 2275.5 74.8
6861.6 2284.1 74.2
6841.3 2284.9 74.5
6831.3 2286.8 74.6
6821.8 2283.1 74.7
6800.1 2288.5 75.0
6791.9 2287.8 75.1
6938.6 2296.5 73.4
6932.4 2293.5 73.5
6860.1 2292.9 74.4
6840.4 2294.9 74.6
6832.5 2293.6 74.7
6823.6 2294.7 74.8
6805.1 2294.9 75.1
6790.2 2293.2 75.2
6862.3 2307.6 74.5
6853.4 2305.7 74.6
6830.3 2303.2 74.9
6819.4 2308.1 75.1
6813.7 2307.0 75.1
6788.6 2306.4 75.4
6752.8 2306.3 75.9
6908.7 2316.8 74.1
6902.2 2317.3 74.1
6889.5 2317.0 74.3
6873.0 2319.3 74.5
6851.0 2317.2 74.8
6810.8 2313.4 75.2
6799.7 2315.5 75.4
6790.9 2313.0 75.5
6902.8 2327.9 74.3
6879.8 2325.0 74.5
6869.3 2328.3 74.7
6840.6 2325.3 75.0
6800.1 2325.9 75.5
6769.0 2328.4 76.0
6874.1 2334.2 74.7
6864.6 2336.8 74.9
6848.6 2338.7 75.1
6845.1 2334.6 75.1
6831.4 2335.9 75.3
6824.6 2337.0 75.4
6808.6 2333.4 75.5
6801.0 2333.1 75.6
6790.7 2334.1 75.8
6874.1 2349.4 74.9
6833.6 2349.2 75.4
6813.8 2343.3 75.6
6801.3 2344.7 75.8
6848.7 2358.9 75.4
6834.9 2365.1 75.6
6820.6 2364.5 75.8
6802.6 2364.3 76.0
6794.5 2365.4 76.1
6921.8 1136.9 57.9
6923.2 1146.4 57.5
6943.6 1166.4 56.3
6944.2 1172.6 56.0
6931.0 1186.9 55.7
6951.5 1197.6 54.9
6951.2 1208.4 54.5
6939.3 1207.4 54.7
6939.4 1223.7 54.0
6923.1 1224.2 54.5
6930.6 1233.8 54.0
6923.4 1232.7 54.3
6912.4 1236.9 54.6
6895.2 2048.0 70.7
6884.3 2051.3 70.9
6873.9 2050.7 71.0
6862.1 2047.7 71.1
6878.8 2056.5 71.0
6870.5 2056.3 71.1
6851.6 2056.0 71.4
6902.3 2076.1 71.0
6892.2 2075.7 71.1
6820.6 2081.5 72.1
6908.7 2089.3 71.1
6903.6 2086.5 71.1
6823.9 2088.4 72.1
6909.8 2096.6 71.2
6902.9 2096.3 71.2
6895.0 2099.4 71.4
6882.4 2101.0 71.6
6872.6 2100.3 71.7
6850.7 2100.7 72.0
6923.7 2110.1 71.2
6899.0 2105.1 71.4
6892.5 2110.7 71.6
6882.1 2107.7 71.6
6922.1 2121.2 71.3
6913.5 2116.1 71.4
6888.6 2121.1 71.7
6868.7 2119.4 72.0
6863.0 2119.8 72.0
6920.6 2130.8 71.5
6901.9 2130.2 71.7
6882.7 2127.6 71.9
6890.9 2137.1 71.9
6910.0 2148.2 71.8
6903.0 2147.4 71.9
6871.3 2150.9 72.4
6860.8 2147.6 72.4
6902.7 2156.9 72.0
6944.9 2167.3 71.6
6921.8 2178.0 72.1
6944.2 2191.5 72.0
6933.0 2188.7 72.1
6940.5 2201.6 72.1
6931.2 2196.8 72.2
6941.7 2205.8 72.2
6930.1 2209.9 72.4
6919.3 2220.7 72.7
6914.9 2217.8 72.7
6934.2 2005.9 69.7
6951.5 2023.3 69.7
6939.8 2027.7 69.9
6951.6 2116.6 70.9
6944.9 2111.4 70.9
6301.7 1452.8 67.5
6944.4 961.8 68.5
6932.9 962.2 68.7
6922.5 959.7 68.9
6941.8 971.1 68.0
6889.4 982.2 67.1
6881.4 978.2 67.5
6854.9 991.3 66.7
6852.8 1001.4 65.8
6833.6 997.6 66.6
6811.5 1002.3 66.8
6851.2 1007.7 65.4
6811.7 1007.7 66.4
6802.6 1012.3 66.2
6784.6 1021.1 66.1
6788.8 1027.9 65.7
6769.4 1026.3 66.3
6759.7 1029.7 66.5
6933.1 1041.1 62.4
6898.9 1039.2 62.1
6870.8 1041.2 62.8
6863.1 1040.6 63.0
6782.8 1039.2 65.4
6929.5 1046.5 61.7
6892.0 1050.9 61.7
6769.7 1051.9 65.5
6889.4 1057.8 61.5
6790.6 1060.8 64.5
6773.8 1057.8 65.2
6882.5 1067.1 61.3
6873.7 1071.9 61.4
6852.3 1067.5 62.2
6853.8 1081.2 61.6
6789.3 1082.8 63.8
6779.5 1081.8 64.2
6790.8 1086.9 63.6
6784.3 1091.3 63.7
6873.5 1102.8 60.2
6861.0 1099.3 60.7
6852.1 1102.5 60.9
6662.9 1102.6 66.4
6654.0 1101.0 66.6
6644.9 1099.2 66.9
6633.3 1100.0 67.0
6799.9 1106.6 62.6
6793.8 1108.0 62.8
6680.9 1109.9 65.8
6671.1 1106.3 66.1
6660.8 1108.3 66.1
6649.1 1107.7 66.4
6639.9 1108.5 66.5
6628.6 1108.3 66.7
6850.4 1119.7 60.4
6814.0 1119.2 61.7
6801.7 1118.1 62.1
6690.8 1121.8 65.0
6679.8 1117.7 65.4
6668.8 1121.0 65.4
6658.7 1118.2 65.7
6641.9 1116.6 66.1
6863.6 1127.5 59.7
6855.1 1131.5 59.8
6793.9 1126.4 62.0
6781.2 1128.8 62.3
6692.7 1132.6 64.4
6682.3 1131.1 64.7
6669.9 1130.2 64.9
6653.5 1127.5 65.3
6864.7 1137.0 59.3
6851.5 1137.4 59.7
6798.6 1139.5 61.4
6789.4 1138.7 61.7
6700.7 1139.6 63.9
6674.7 1138.5 64.4
6664.6 1138.9 64.6
6641.9 1136.8 65.1
6790.3 1151.0 61.4
6780.2 1150.6 61.8
6770.0 1147.8 62.2
6760.1 1150.4 62.5
6693.3 1148.9 63.6
6684.2 1148.1 63.8
6644.6 1152.8 64.5
6801.3 1159.5 60.8
6789.2 1161.9 61.2
6771.3 1159.9 61.8
6761.7 1156.9 62.1
6744.4 1162.4 62.1
6699.0 1160.7 63.0
6694.0 1157.9 63.2
6650.5 1159.8 64.2
6759.8 1172.4 61.3
6754.0 1169.8 61.6
6692.9 1167.7 63.0
6775.0 1178.2 60.8
6750.7 1181.9 61.3
6735.0 1182.8 61.7
6694.9 1180.2 62.7
6673.1 1177.5 63.3
6763.2 1189.7 60.9
6752.8 1188.2 61.1
6738.8 1192.3 61.4
6730.3 1186.3 61.7
6720.9 1186.8 61.9
6702.5 1190.0 62.3
6744.0 1199.2 61.3
6733.1 1200.9 61.5
6721.4 1199.1 61.8
6691.4 1202.7 62.5
6683.8 1199.1 62.7
6728.7 1226.7 61.8
6704.8 1238.5 62.1
6670.5 1240.2 62.7
6661.1 1238.3 62.9
6948.8 1875.8 67.8
6911.2 1885.8 68.0
6944.1 1894.2 68.1
6922.8 1895.2 68.3
6951.6 1901.9 68.1
6920.2 1902.0 68.5
6914.1 1900.2 68.4
6949.5 1910.7 68.2
6920.7 1910.4 68.6
6902.2 1913.9 68.7
6929.6 1923.1 68.6
6921.9 1921.0 68.7
6903.4 1920.5 69.0
6934.9 1933.6 68.7
6934.1 1944.2 68.9
6945.1 1965.0 69.0
6941.4 1974.5 69.2
6929.1 1972.4 69.3
6920.2 1719.8 63.5
6951.8 1733.0 63.7
6939.9 1729.3 63.7
6931.4 1738.5 64.0
6949.6 1753.0 64.3
6941.7 1754.0 64.4
6940.8 1770.5 64.9
6940.9 1783.1 65.3
6951.2 1804.5 65.9
6577.0 1142.8 66.1
6576.9 1154.6 65.9
6569.4 1149.6 66.1
6567.0 1164.5 65.9
6556.8 1160.7 66.1
6596.7 1175.5 65.1
6574.7 1169.8 65.6
6547.4 1172.7 66.1
6603.7 1181.0 64.9
6598.6 1179.2 65.0
6557.8 1182.6 65.7
6577.5 1194.6 65.1
6568.0 1193.1 65.4
6555.3 1192.7 65.6
6537.1 1190.8 66.0
6574.8 1203.5 65.1
6555.5 1200.7 65.6
6540.2 1200.0 65.9
6577.4 1213.0 65.0
6556.5 1211.4 65.5
6578.1 1221.5 64.9
6566.0 1222.9 65.1
6534.5 1222.2 65.8
6527.5 1223.8 66.0
6507.4 1223.4 66.4
6565.1 1234.1 65.0
6560.2 1234.4 65.1
6637.5 1239.1 63.4
6549.5 1242.9 65.2
6536.4 1242.2 65.5
6519.7 1244.8 65.7
6509.7 1243.7 65.9
6498.5 1243.7 66.2
6619.6 1251.6 63.6
6535.5 1252.0 65.3
6509.8 1250.9 65.8
6489.7 1253.5 66.1
6634.5 1261.4 63.2
6624.4 1264.9 63.3
6517.6 1260.7 65.5
6525.4 1272.4 65.3
6509.0 1270.9 65.7
6498.1 1280.4 66.0
6595.5 1291.1 63.8
6589.8 1292.3 64.0
6584.9 1305.4 64.2
6580.1 1300.4 64.3
6513.7 1301.8 65.8
6566.9 1324.9 64.8
6950.3 1435.7 54.7
6945.2 1445.4 55.1
6943.4 1488.8 56.4
6911.5 1539.2 58.1
6901.0 1534.5 58.0
6894.7 1534.6 58.1
6932.6 1545.0 58.1
6905.2 1548.8 58.4
6892.2 1547.0 58.5
6933.0 1560.5 58.6
6904.4 1557.0 58.7
6894.7 1554.6 58.7
6881.8 1556.2 58.8
6923.8 1570.2 59.0
6911.7 1564.6 58.9
6899.4 1565.7 59.0
6889.9 1565.4 59.0
6882.5 1569.3 59.2
6919.1 1576.5 59.2
6895.2 1580.5 59.5
6880.6 1579.7 59.5
6869.2 1574.8 59.8
6919.6 1589.4 59.6
6892.8 1584.1 59.6
6883.6 1589.9 59.8
6930.7 1604.2 60.0
6923.5 1608.5 60.1
6930.4 1619.6 60.4
6941.7 1630.3 60.7
6932.4 1629.4 60.7
6942.0 1638.3 60.9
6942.6 1645.9 61.1
6950.2 1675.7 62.0
6460.2 1273.8 66.8
6468.0 1283.8 66.7
6451.6 1285.7 66.9
6438.7 1284.7 67.1
6467.4 1298.1 66.8
6430.0 1297.2 67.2
6463.4 1308.4 66.8
6442.9 1310.1 67.1
6432.8 1320.3 67.2
6423.6 1317.4 67.3
6413.5 1314.4 67.4
6429.5 1326.1 67.2
6452.2 1345.0 67.0
6432.6 1345.4 67.2
6390.0 1344.6 67.3
6481.0 1360.3 66.6
6449.1 1359.1 67.1
6438.3 1355.5 67.2
6433.0 1358.3 67.3
6398.0 1358.2 67.2
6429.4 1365.7 67.1
6390.7 1369.2 67.0
6442.6 1376.8 67.0
6419.9 1376.1 66.9
6403.6 1376.4 66.9
6412.6 1387.6 66.8
6398.1 1389.2 66.8
6389.8 1386.5 66.9
6438.7 1394.7 66.8
6427.3 1398.7 66.8
6392.2 1398.4 66.9
6398.1 1404.1 66.9
6411.5 1415.0 66.9
6459.5 1427.2 66.9
6390.5 1439.5 67.2
6914.4 1370.9 53.0
6893.2 1388.7 53.9
6903.4 1396.2 53.9
6932.4 1410.8 54.1
6951.6 1414.9 54.1
6934.0 1419.5 54.3
6881.9 1418.2 54.7
6924.9 1426.1 54.6
6914.8 1425.7 54.7
6890.9 1431.0 55.0
6879.7 1429.9 55.1
6934.5 1438.3 54.9
6888.6 1439.1 55.3
6871.2 1437.3 55.3
6898.8 1447.1 55.4
6880.8 1445.0 55.5
6862.1 1450.1 55.7
6882.0 1456.0 55.8
6869.2 1457.6 56.0
6854.1 1457.5 55.9
6869.4 1469.5 56.3
6859.1 1466.0 56.2
6849.9 1468.0 56.3
6884.7 1505.3 57.3
6375.5 1342.2 67.3
6367.8 1352.6 67.2
6374.9 1384.8 66.9
6275.4 1452.2 67.5
6929.2 1326.7 52.1
6944.1 1344.1 52.0
6933.9 1343.6 52.1
6950.6 1357.1 52.4
6949.2 1365.2 52.6
6939.4 1367.6 52.7
6921.2 1365.5 52.8
6647.8 1531.0 63.8
6636.9 1529.1 64.0
6658.6 1538.0 63.7
6636.7 1537.0 64.3
6669.1 1551.1 63.9
6647.3 1552.3 64.5
6670.5 1558.2 64.1
6657.8 1557.5 64.4
6698.7 1568.0 63.6
6670.4 1569.6 64.5
6661.7 1568.0 64.7
6751.3 1581.1 62.5
6685.3 1579.2 64.4
6669.1 1579.7 64.9
6787.5 1587.9 61.7
6761.0 1589.7 62.6
6750.8 1588.6 62.8
6788.5 1598.6 62.2
6765.2 1598.3 62.7
6755.9 1601.2 63.1
6689.0 1599.9 65.0
6819.6 1612.0 61.9
6786.5 1606.2 62.5
6778.5 1609.6 62.9
6758.9 1612.5 63.5
6825.5 1618.8 62.1
6821.2 1621.6 62.3
6787.1 1620.8 63.1
6770.8 1616.1 63.3
6755.1 1620.1 63.9
6810.6 1631.6 63.0
6791.5 1626.7 63.2
6765.6 1626.3 63.9
6755.6 1631.3 64.3
6856.7 1640.9 62.5
6806.4 1641.0 63.5
6796.6 1640.7 63.7
6789.7 1636.7 63.7
6747.0 1640.5 64.9
6689.7 1636.9 66.3
6856.3 1647.2 62.7
6837.6 1652.5 63.3
6810.6 1650.2 63.7
6790.9 1652.6 64.3
6775.1 1650.3 64.6
6771.6 1649.5 64.7
6749.8 1649.2 65.2
6699.0 1646.3 66.4
6866.8 1658.6 62.9
6846.6 1662.4 63.6
6836.9 1660.9 63.7
6826.1 1661.7 63.8
6818.4 1658.8 63.9
6807.5 1657.6 64.1
6785.6 1660.7 64.8
6769.0 1656.6 65.0
6756.8 1662.4 65.6
6875.4 1668.4 63.2
6865.1 1672.2 63.4
6855.2 1668.3 63.6
6828.0 1666.1 64.0
6806.2 1669.3 64.6
6800.3 1668.7 64.8
6769.7 1666.9 65.5
6761.6 1666.1 65.6
6890.7 1681.9 63.2
6866.3 1680.7 63.7
6806.1 1677.7 65.0
6930.1 1691.7 62.6
6868.5 1688.4 64.0
6855.1 1692.0 64.5
6825.2 1690.7 65.1
6916.9 1702.3 63.0
6876.6 1696.1 64.2
6870.7 1698.3 64.3
6858.1 1696.9 64.6
6837.7 1700.5 65.2
6837.5 1711.9 65.7
6807.9 1709.8 66.3
6855.3 1716.9 65.5
6818.1 1719.7 66.4
6549.5 1544.6 66.0
6580.2 1574.5 65.9
6568.8 1574.7 65.9
6641.6 1593.7 66.0
6578.4 1613.6 67.0
6559.9 1613.6 67.2
6253.1 1569.3 68.2
6241.8 1566.4 68.3
6232.3 1587.2 68.0
6215.3 1609.5 67.7
6204.5 1608.7 67.6
6182.3 1610.3 67.5
6176.5 1609.7 67.5
6205.2 1618.8 67.6
6191.5 1619.7 67.6
6182.2 1618.0 67.5
6175.1 1621.9 67.5
6193.7 1629.1 67.6
6187.0 1628.1 67.5
6155.9 1626.9 67.4
6182.6 1641.2 67.6
6146.1 1649.7 67.5
6164.0 1657.2 67.5
6525.9 1373.9 66.1
6543.4 1430.8 65.8
6536.4 1432.4 66.0
6490.4 1434.0 66.9
6532.2 1440.1 66.1
6525.5 1441.0 66.2
6551.3 1448.8 65.6
6543.1 1452.0 65.8
6522.2 1449.4 66.3
6523.0 1461.4 66.3
6099.0 1691.5 68.0
6097.5 1698.6 68.0
6099.2 1710.3 68.0
6084.4 1710.2 68.0
6093.7 1719.6 68.0
6084.9 1722.5 68.0
6175.7 1730.0 68.0
6118.3 1728.2 68.0
6088.1 1732.5 68.0
6075.2 1730.2 68.0
6106.8 1739.7 67.9
6098.5 1740.4 67.9
6088.0 1741.1 67.9
6093.8 1754.3 67.9
6055.7 1749.0 68.1
6047.4 1751.2 68.2
6107.4 1758.4 67.9
6084.6 1761.1 68.0
6077.7 1762.0 68.1
6066.3 1758.4 68.1
6067.2 1771.0 68.2
6055.5 1771.1 68.2
6018.9 1774.3 68.4
6099.2 1781.2 68.1
6023.8 1782.9 68.5
6037.9 1794.1 68.5
6007.0 1791.3 68.6
6026.7 1803.1 68.6
6016.6 1803.1 68.6
5978.3 1801.9 68.9
5996.9 1821.9 68.9
5985.5 1820.6 69.0
5967.4 1818.2 69.1
5957.4 1818.4 69.2
5986.5 1830.7 69.1
5969.1 1834.3 69.4
5956.7 1834.7 69.7
5944.5 1833.3 69.9
5964.3 1840.9 69.8
5957.4 1844.1 70.0
5943.7 1843.7 70.3
5937.0 1838.5 70.2
5927.6 1851.6 70.7
5917.3 1853.4 70.7
5905.3 1851.9 70.8
5939.2 1859.9 70.6
5929.0 1864.6 70.5
5897.8 1864.3 70.8
5934.5 1868.8 70.4
5919.3 1872.7 70.5
5886.8 1871.3 71.1
5908.6 1879.0 70.6
5889.0 1881.9 71.1
5878.5 1882.1 71.3
5884.5 1889.0 71.2
5918.5 1899.5 70.4
6702.6 1402.7 60.6
6712.0 1441.2 60.0
6842.3 1291.8 57.3
6779.8 1292.4 59.9
6831.9 1300.0 57.6
6833.6 1322.6 57.0
6830.3 1331.8 56.9
6763.1 1343.1 59.6
6753.6 1338.5 60.0
6793.2 1353.4 58.2
6729.8 1353.5 60.6
6793.7 1358.0 58.1
6779.3 1360.1 58.5
6763.9 1358.8 59.2
6739.0 1361.1 60.0
6788.5 1371.7 57.9
6754.6 1372.1 59.2
6729.8 1370.0 60.2
6724.3 1367.2 60.5
6772.4 1380.2 58.4
6752.5 1377.6 59.2
6738.6 1391.1 59.4
6734.0 1389.2 59.6
6753.9 1399.9 58.6
6738.4 1407.4 59.0
6669.8 2345.4 76.4
6649.1 2343.9 75.9
6600.6 2343.8 75.9
6679.4 2351.2 76.8
6655.8 2349.4 76.1
6647.1 2355.2 76.0
6589.3 2349.8 75.8
6578.3 2354.7 76.0
6570.2 2355.6 76.5
6716.3 2362.0 77.3
6701.8 2360.4 77.5
6687.9 2362.9 77.2
6669.9 2361.8 76.7
6630.3 2363.1 75.7
6619.4 2362.6 75.7
6610.5 2359.5 75.7
6601.5 2361.2 75.7
6571.4 2364.7 76.1
6540.6 2363.2 75.3
6708.7 2373.2 77.6
6700.5 2373.5 77.7
6676.6 2371.0 77.1
6656.8 2375.7 76.6
6639.4 2371.9 76.1
6629.3 2370.8 75.8
6616.8 2373.2 75.6
6579.8 2371.6 75.6
6567.6 2373.1 76.1
6558.4 2371.2 76.5
6546.9 2369.4 75.7
6536.7 2371.4 74.9
6710.4 2382.9 77.7
6685.8 2380.5 77.5
6678.7 2384.7 77.4
6658.1 2384.9 76.8
6630.2 2385.5 76.1
6620.2 2384.8 75.8
6595.6 2382.1 75.5
6572.0 2385.0 75.5
6560.8 2380.4 76.3
6518.8 2383.4 73.5
6745.5 2394.8 77.3
6709.1 2395.0 77.9
6701.0 2390.5 78.0
6681.2 2389.2 77.5
6671.5 2395.5 77.4
6651.4 2390.1 76.7
6638.8 2393.8 76.4
6607.2 2393.7 75.6
6580.2 2392.6 75.4
6527.9 2394.9 74.1
6511.3 2390.4 72.9
6708.5 2403.4 78.1
6691.7 2403.4 78.1
6679.6 2399.4 77.7
6657.9 2399.6 77.1
6648.1 2404.4 76.9
6641.8 2401.8 76.7
6627.4 2402.6 76.3
6601.9 2403.2 75.6
6556.8 2404.8 75.7
6718.7 2410.8 78.0
6708.4 2411.2 78.2
6701.1 2410.0 78.3
6668.6 2412.9 77.6
6657.6 2415.6 77.3
6647.4 2410.3 77.0
6630.8 2414.0 76.6
6598.6 2414.2 75.7
6591.7 2415.6 75.6
6561.2 2415.6 75.2
6709.5 2422.9 78.4
6671.1 2422.0 77.8
6661.4 2425.2 77.6
6649.3 2425.7 77.3
6636.4 2422.4 76.9
6587.9 2423.8 75.6
6578.5 2422.5 75.3
6560.8 2421.4 75.2
6536.4 2423.0 74.4
6479.0 2420.9 72.5
6468.9 2424.8 72.2
6708.5 2434.2 78.6
6700.2 2432.3 78.7
6660.1 2430.1 77.7
6650.8 2431.4 77.4
6636.1 2432.6 77.1
6620.2 2429.2 76.6
6588.4 2429.8 75.7
6579.3 2432.6 75.5
6565.7 2435.6 75.2
6557.7 2433.9 75.0
6487.6 2432.1 72.9
6470.9 2433.7 72.4
6610.2 2442.4 76.5
6600.0 2445.7 76.3
6587.8 2444.5 76.0
6571.4 2445.1 75.5
6559.9 2445.1 75.2
6538.5 2444.1 74.6
6449.1 2444.8 71.8
6711.5 2453.5 78.8
6691.8 2450.5 78.9
6641.9 2450.1 77.5
6615.4 2449.7 76.8
6578.3 2452.0 75.8
6567.9 2451.5 75.5
6548.0 2452.3 75.0
6467.5 2455.0 72.5
6638.0 2465.8 77.7
6631.6 2465.7 77.5
6618.6 2459.6 77.1
6609.8 2464.3 76.9
6598.4 2459.5 76.5
6576.5 2463.4 76.0
6540.6 2463.2 74.8
6522.0 2465.1 74.3
6506.8 2463.0 73.8
6467.3 2460.6 72.5
6435.9 2462.5 71.5
6718.9 2472.9 79.1
6710.4 2471.5 79.2
6690.1 2473.3 79.3
6680.6 2474.2 79.0
6669.6 2469.9 78.6
6660.4 2469.4 78.4
6651.1 2474.8 78.2
6640.0 2469.4 77.8
6626.9 2475.3 77.6
6618.8 2475.6 77.4
6596.7 2470.3 76.6
6547.9 2472.5 75.1
6505.7 2469.6 73.8
6717.7 2479.7 79.2
6687.1 2482.7 79.3
6665.6 2482.4 78.8
6618.2 2482.1 77.4
6605.4 2482.7 77.0
6586.6 2483.3 76.4
6578.6 2481.4 76.2
6571.9 2479.5 75.9
6519.7 2485.6 74.3
6427.3 2483.3 71.4
6728.9 2491.0 79.2
6668.3 2491.9 79.0
6618.3 2489.2 77.5
6601.7 2495.7 77.0
6577.4 2491.6 76.2
6450.0 2492.2 72.2
6435.5 2489.2 71.7
6430.2 2494.8 71.5
6419.5 2489.8 71.1
6731.4 2501.7 79.3
6701.4 2502.4 79.8
6681.0 2501.1 79.5
6661.7 2500.4 78.9
6619.6 2505.4 77.6
6608.0 2505.2 77.3
6601.0 2505.6 77.0
6570.2 2503.3 76.1
6430.5 2505.4 71.6
6731.6 2511.4 79.5
6669.8 2514.0 79.3
6640.8 2511.3 78.3
6626.1 2513.0 77.9
6621.3 2510.2 77.7
6590.5 2510.1 76.7
6566.6 2514.5 76.0
6479.0 2510.9 73.2
6685.7 2524.5 79.9
6657.9 2523.2 78.9
6650.7 2521.1 78.7
6631.5 2522.5 78.1
6588.8 2521.2 76.8
6479.7 2519.7 73.3
6438.8 2525.6 72.1
6419.7 2519.2 71.4
6338.8 2522.7 68.8
6689.3 2535.1 80.2
6680.9 2534.3 79.9
6665.9 2535.8 79.4
6655.6 2529.2 78.9
6640.3 2530.5 78.4
6619.3 2535.2 77.8
6596.8 2529.3 77.1
6591.4 2535.4 76.9
6369.8 2529.5 69.9
6336.4 2535.4 68.8
6696.9 2545.0 80.4
6650.8 2541.6 78.9
6640.1 2543.3 78.6
6607.9 2540.0 77.5
6601.1 2541.5 77.3
6451.1 2541.6 72.6
6426.4 2545.6 71.8
6688.2 2550.1 80.3
6666.4 2554.3 79.6
6639.2 2551.5 78.6
6631.3 2553.7 78.4
6587.4 2550.4 76.9
6432.0 2551.2 72.0
6365.4 2549.7 69.9
6688.0 2559.4 80.5
6678.8 2564.2 80.2
6655.9 2560.1 79.3
6651.2 2562.4 79.2
6639.4 2562.4 78.8
6590.0 2561.9 77.1
6486.7 2560.8 73.8
6635.5 2572.2 78.8
6627.3 2570.8 78.5
6620.6 2571.5 78.3
6607.9 2571.1 77.8
6581.6 2573.4 76.9
6567.5 2575.3 76.4
6461.7 2572.2 73.1
6445.6 2572.0 72.6
6735.7 2579.6 80.2
6677.0 2584.6 80.4
6669.7 2581.5 80.1
6659.4 2579.8 79.7
6627.6 2580.9 78.6
6596.1 2582.7 77.5
6566.0 2582.4 76.5
6520.2 2582.3 74.9
6481.3 2584.1 73.7
6736.2 2591.2 80.4
6707.5 2594.7 80.9
6698.4 2595.7 81.0
6661.8 2594.4 80.0
6645.8 2590.5 79.4
6641.7 2592.4 79.3
6601.0 2591.5 77.8
6577.2 2594.6 77.0
6571.2 2591.7 76.8
6561.8 2589.6 76.4
6507.6 2592.1 74.6
6486.8 2592.6 73.9
6711.7 2603.4 80.9
6689.3 2602.3 81.1
6660.1 2599.5 80.0
6628.5 2600.3 78.9
6608.4 2601.9 78.2
6589.0 2602.5 77.6
6576.2 2605.7 77.2
6547.7 2605.2 76.2
6535.4 2603.8 75.7
6517.8 2602.4 75.1
6511.7 2599.4 74.8
6500.1 2600.5 74.4
6696.9 2610.0 81.2
6681.8 2611.6 81.0
6666.6 2614.2 80.5
6655.4 2612.4 80.0
6635.6 2610.1 79.3
6618.1 2611.2 78.7
6575.8 2611.8 77.2
6557.6 2614.7 76.6
6548.2 2614.6 76.3
6540.5 2615.4 76.0
6525.5 2609.7 75.4
6276.2 2611.5 68.9
6701.7 2622.2 81.3
6679.1 2619.9 81.0
6670.4 2625.1 80.7
6659.6 2619.2 80.3
6627.6 2625.6 79.2
6616.1 2619.7 78.8
6608.8 2622.1 78.5
6570.6 2623.1 77.2
6558.4 2621.1 76.7
6540.5 2625.6 76.2
6531.8 2620.7 75.8
6268.8 2619.4 69.0
6705.9 2632.3 81.3
6691.9 2629.8 81.5
6668.0 2630.2 80.7
6660.7 2634.9 80.5
6628.3 2631.2 79.3
6621.6 2632.6 79.1
6601.3 2632.8 78.4
6580.9 2632.8 77.7
6548.3 2634.4 76.6
6540.4 2634.2 76.3
6259.7 2634.6 69.3
6736.6 2639.3 80.9
6700.7 2639.4 81.5
6680.2 2639.7 81.3
6608.1 2639.5 78.7
6560.4 2639.4 77.1
6487.7 2643.1 74.6
6481.0 2643.2 74.3
6299.1 2644.6 69.4
6668.0 2655.6 81.1
6535.9 2652.8 76.4
6508.4 2650.2 75.4
6481.2 2650.8 74.3
6306.7 2650.0 69.5
6298.9 2650.4 69.5
6248.5 2650.7 69.6
6717.8 2662.2 81.5
6676.6 2659.5 81.4
6670.8 2664.4 81.3
6568.0 2665.1 77.7
6531.0 2665.0 76.4
6516.7 2665.6 75.7
6511.2 2662.1 75.5
6500.7 2664.6 75.0
6296.5 2665.5 69.8
6259.6 2660.6 69.7
6236.3 2664.4 69.8
6729.1 2673.0 81.5
6721.3 2675.2 81.6
6687.8 2674.4 82.0
6559.5 2673.9 77.5
6305.7 2672.9 69.9
6300.7 2675.5 69.9
6286.3 2675.8 70.0
6708.7 2679.5 81.9
6691.8 2680.8 82.1
6677.8 2679.2 81.7
6538.5 2681.0 76.4
6478.3 2684.3 73.6
6471.1 2685.8 73.3
6300.1 2685.4 70.1
6720.9 2695.0 81.9
6708.3 2694.5 82.0
6699.8 2693.8 82.2
6677.0 2692.3 81.9
6551.3 2692.6 76.8
6468.6 2691.3 73.2
6288.0 2695.2 70.2
6281.8 2695.6 70.2
6266.1 2692.3 70.2
6230.9 2693.5 70.3
6221.4 2695.5 70.3
6728.0 2699.5 82.4
6716.7 2703.0 82.3
6708.3 2699.8 82.1
6700.7 2701.1 82.2
6546.5 2703.4 76.4
6476.0 2705.1 73.3
6471.6 2700.2 73.3
6370.3 2702.6 70.6
6362.0 2699.7 70.4
6338.8 2703.9 70.3
6316.2 2703.9 70.2
6297.5 2705.2 70.3
6288.5 2705.6 70.3
6271.1 2703.2 70.3
6715.5 2712.6 83.0
6685.4 2709.7 82.4
6668.6 2710.8 81.8
6637.4 2715.2 80.4
6546.1 2711.8 76.3
6500.1 2713.6 74.2
6468.7 2713.7 73.0
6380.7 2709.3 70.8
6365.7 2715.7 70.6
6358.8 2712.8 70.5
6347.0 2710.9 70.4
6337.1 2709.9 70.4
6319.7 2710.6 70.3
6310.6 2709.2 70.3
6295.8 2715.6 70.3
6278.5 2710.8 70.3
6727.3 2719.2 83.8
6719.7 2724.0 83.9
6706.6 2723.8 83.5
6700.7 2722.5 83.2
6689.3 2721.8 82.7
6679.0 2724.2 82.2
6656.1 2725.5 81.1
6650.9 2724.5 80.9
6636.7 2722.7 80.2
6605.9 2722.5 78.8
6510.8 2724.4 74.6
6481.6 2723.2 73.5
6379.3 2720.6 70.7
6366.9 2722.1 70.7
6327.0 2725.8 70.6
6316.0 2722.5 70.5
6296.4 2723.9 70.4
6695.4 2730.4 83.1
6675.7 2734.1 82.0
6670.9 2733.2 81.7
6649.0 2733.4 80.6
6581.1 2734.6 77.5
6546.1 2734.1 76.0
6505.6 2735.5 74.4
6501.8 2735.1 74.2
6485.5 2733.9 73.6
6407.1 2732.8 71.1
6401.1 2734.4 71.0
6345.5 2731.6 70.7
6330.6 2732.3 70.7
6298.5 2729.9 70.5
6276.0 2734.5 70.5
6271.2 2729.8 70.5
6257.2 2735.5 70.6
6250.3 2729.8 70.6
6235.7 2729.5 70.6
6218.7 2733.6 70.7
6690.1 2739.6 82.9
6675.8 2741.0 81.9
6665.6 2739.9 81.4
6660.9 2740.2 81.2
6651.6 2740.9 80.7
6610.5 2741.5 78.7
6551.2 2740.3 76.2
6536.1 2742.8 75.6
6529.6 2740.8 75.3
6501.2 2745.5 74.2
6407.2 2740.9 71.1
6386.8 2741.1 71.0
6350.0 2739.7 70.9
6321.6 2740.9 70.8
6311.8 2742.1 70.7
6258.3 2741.5 70.7
6676.3 2753.1 82.0
6667.8 2750.1 81.5
6661.8 2751.0 81.2
6599.5 2754.3 78.0
6590.6 2749.7 77.7
6545.6 2753.9 75.9
6428.5 2749.8 71.4
6377.0 2752.3 71.2
6310.9 2755.7 71.0
6300.6 2754.8 71.0
6290.0 2752.3 70.9
6278.8 2752.1 70.8
6266.9 2750.2 70.7
6595.8 2765.5 77.8
6577.4 2762.7 77.1
6569.8 2764.1 76.8
6558.7 2764.0 76.3
6549.6 2760.6 76.0
6526.3 2764.2 75.1
6420.9 2765.5 71.6
6370.1 2765.3 71.4
6331.0 2760.3 71.2
6319.0 2759.2 71.1
6285.7 2761.6 71.0
6280.9 2762.1 71.0
6268.3 2765.6 71.0
6578.0 2769.7 77.0
6556.7 2773.2 76.2
6548.5 2772.1 75.9
6458.5 2773.6 72.5
6402.0 2775.7 71.7
6330.0 2769.9 71.4
6309.3 2774.6 71.4
6301.1 2771.3 71.3
6279.8 2771.8 71.2
6547.0 2779.1 75.8
6469.4 2785.1 73.0
6399.5 2782.4 71.8
6381.0 2783.9 71.8
6331.0 2782.7 71.6
6306.9 2782.7 71.5
6297.2 2781.9 71.5
6476.7 2791.7 73.3
6466.7 2790.9 73.1
6461.7 2792.3 73.1
6438.2 2795.8 72.8
6416.8 2793.3 72.3
6405.6 2795.3 72.2
6389.3 2789.2 71.9
6439.1 2799.2 72.9
6420.2 2801.2 72.6
6410.7 2800.5 72.4
6389.1 2803.1 72.2
6366.6 2801.9 72.1
6358.0 2803.3 72.1
6510.5 1791.1 69.2
6530.6 1799.3 69.4
6521.5 1804.0 69.2
6534.9 1812.2 69.4
6462.3 1809.4 68.4
6551.4 1829.4 69.6
6534.6 1830.8 69.4
6521.0 1844.7 69.1
6514.2 1843.6 69.0
6533.4 1850.6 69.2
6523.6 1854.0 69.1
6480.7 1849.5 68.4
6475.3 1849.2 68.3
6535.3 1860.7 69.3
6511.3 1859.4 68.9
6505.5 1863.7 68.8
6545.6 1874.0 69.4
6510.3 1871.5 68.9
6502.8 1872.5 68.7
6483.6 1873.9 68.4
6540.9 1884.4 69.3
6522.3 1881.3 69.0
6516.6 1882.2 68.9
6501.2 1880.2 68.7
6493.6 1882.2 68.6
6565.2 1893.3 69.7
6544.2 1891.9 69.4
6526.5 1888.5 69.1
6515.3 1888.8 68.9
6470.7 1891.6 68.2
6430.4 1894.5 67.6
6560.7 1900.4 69.6
6553.6 1903.9 69.5
6600.9 1912.1 70.2
6580.6 1908.8 69.9
6565.8 1908.2 69.7
6556.7 1908.8 69.6
6591.6 1918.7 70.1
6586.8 1924.7 70.0
6574.1 1919.8 69.8
6565.3 1924.4 69.7
6551.9 1920.2 69.5
6565.4 1931.2 69.6
6554.9 1930.3 69.5
6575.7 1939.8 69.8
6566.1 1938.8 69.7
6564.2 1952.7 69.7
6604.2 1962.5 70.4
6545.7 1961.9 69.5
6069.7 2075.9 67.5
5941.4 2122.8 67.6
5933.9 2130.0 67.6
5912.1 2135.0 68.0
5880.5 2142.0 68.6
5854.0 2145.5 69.0
6446.2 2034.6 68.7
6446.3 2040.8 68.7
6548.7 2050.2 69.8
6542.2 2051.2 69.7
6548.0 2059.3 69.8
6266.3 1903.7 67.9
6258.3 1909.7 68.0
6240.8 1925.4 68.1
6308.6 1942.2 67.9
6335.5 1952.3 67.7
6308.8 1952.4 67.9
6268.2 1953.8 68.1
6235.8 1950.3 68.3
6369.0 1964.9 67.3
6340.6 1964.7 67.6
6329.9 1964.2 67.7
6268.5 1959.4 68.2
6230.1 1959.7 68.4
6217.8 1960.7 68.5
6201.5 1963.9 68.8
6191.1 1965.8 68.8
6370.5 1975.6 67.3
6308.2 1972.2 67.9
6298.2 1971.1 68.0
6290.8 1973.7 68.1
6278.8 1970.8 68.2
6260.5 1975.9 68.3
6241.6 1970.9 68.4
6217.4 1972.4 68.7
6207.0 1969.4 68.7
6201.7 1971.7 68.7
6188.7 1969.5 68.7
6181.2 1973.7 68.7
6368.8 1982.3 67.4
6328.4 1985.2 67.7
6321.6 1983.3 67.8
6299.9 1979.4 68.0
6277.3 1982.1 68.2
6271.0 1981.9 68.3
6237.2 1984.1 68.5
6226.4 1984.1 68.5
6218.6 1981.1 68.5
6205.7 1980.1 68.6
6327.3 1992.4 67.7
6220.3 1994.7 68.3
6200.7 1991.8 68.4
6357.0 2004.7 67.6
6219.0 2005.3 68.2
6206.1 2000.6 68.3
6171.6 2010.7 68.2
6248.2 2020.5 68.4
6236.7 2021.9 68.3
6231.0 2022.4 68.2
6171.7 2020.5 68.1
6158.4 2023.7 68.0
6240.3 2035.2 68.3
6199.1 2029.7 67.9
6146.0 2033.6 67.9
6137.8 2033.8 67.9
6228.4 2044.5 68.3
6220.5 2043.8 68.3
6191.2 2045.6 68.2
6159.4 2042.3 67.8
6139.6 2041.4 67.8
6128.1 2044.9 67.7
6147.1 2050.8 67.7
6108.7 2055.7 67.2
6216.4 2062.3 68.2
6533.1 2134.4 70.0
6482.2 2151.0 69.2
6473.4 2153.4 69.1
6455.6 2164.5 68.8
6517.5 2174.7 70.0
6446.0 1726.1 68.6
6438.2 1731.2 68.5
6443.8 1742.5 68.5
6426.8 1741.3 68.5
6393.2 1747.2 68.3
6436.5 1754.8 68.5
6395.4 1754.7 68.3
6423.4 1761.4 68.4
6396.1 1797.1 68.0
6385.0 1795.6 68.0
6387.7 1811.2 67.7
6373.7 1813.0 67.6
6387.2 1846.7 67.1
6364.7 1844.1 67.2
6386.2 1850.7 67.1
6346.2 1852.4 67.2
6385.7 1862.3 67.1
6375.0 1862.7 67.1
6365.9 1867.1 67.2
6388.2 1876.2 67.1
6344.6 1873.4 67.3
6324.3 1870.8 67.4
6378.0 1881.2 67.2
6347.0 1882.1 67.4
6347.9 1897.0 67.4
6345.5 1904.5 67.5
6373.3 1916.5 67.2
6501.0 2214.6 70.0
6450.5 2212.0 69.0
6443.4 2221.6 68.9
6424.9 2224.1 68.6
6453.4 2234.1 69.2
6423.7 2236.7 68.7
6450.2 2246.3 69.2
6444.3 2246.4 69.1
6481.4 2256.6 69.8
6421.6 2252.1 68.8
6413.7 2254.3 68.6
6446.3 2263.9 69.3
6432.0 2267.1 69.0
6424.8 2267.4 68.9
6412.9 2266.3 68.7
6475.1 2273.2 69.8
6444.4 2276.5 69.3
6424.3 2272.9 69.0
6461.2 2307.4 69.8
6438.2 1700.5 68.6
6550.3 1684.1 69.7
6546.2 1696.8 69.6
6516.0 1727.5 69.3
6480.6 1746.6 68.9
6456.5 1765.9 68.7
6440.5 1806.2 68.2
6446.2 1820.1 68.1
6399.0 2310.0 68.8
6385.6 2308.6 68.6
6379.1 2306.4 68.4
6366.6 2311.6 68.4
6386.5 2331.6 69.1
6444.8 2336.1 70.0
6374.8 2336.3 69.0
6385.4 2348.6 69.3
6367.8 2347.9 69.0
6415.0 2358.9 70.0
6395.5 2360.6 69.6
6377.7 2357.3 69.2
6406.8 2368.4 69.9
6386.8 2370.7 69.5
6377.6 2371.6 69.4
6365.8 2368.3 69.1
6374.0 2381.3 69.4
6353.7 2380.1 68.9
6373.8 2385.5 69.4
6339.2 2386.8 68.6
6382.7 2401.0 69.6
6366.8 2398.6 69.3
6358.5 2401.3 69.1
6335.2 2396.7 68.5
6302.6 2396.7 67.7
6365.6 2409.1 69.3
6346.9 2407.4 68.8
6327.2 2410.6 68.4
6315.8 2405.2 68.1
6347.5 2419.2 68.8
6275.8 2419.7 67.2
6399.1 2425.6 70.0
6335.8 2431.1 68.5
6313.7 2427.5 68.0
6305.4 2425.2 67.8
6283.6 2428.6 67.3
6333.2 2436.9 68.4
6329.1 2437.2 68.3
6318.8 2439.6 68.1
6283.9 2450.4 67.3
6298.5 2457.8 67.6
6274.0 2459.4 67.1
6537.1 2148.9 70.2
6535.0 2157.5 70.3
6596.0 2188.4 74.3
6576.2 2184.5 73.2
6568.0 2187.3 72.8
6615.6 2194.9 75.6
6577.0 2197.1 73.6
6565.9 2192.6 72.9
6543.8 2197.3 71.9
6633.1 2209.1 76.5
6627.2 2203.6 76.2
6615.8 2207.8 75.9
6567.0 2205.2 73.3
6513.2 2203.4 70.4
6655.3 2217.4 76.5
6585.9 2213.3 74.5
6647.5 2227.2 76.7
6633.3 2225.1 76.9
6628.9 2229.1 77.0
6595.6 2226.4 75.9
6572.8 2227.3 75.2
6726.3 2234.8 75.3
6714.8 2239.1 75.6
6684.4 2237.1 76.1
6678.9 2236.0 76.2
6668.4 2233.5 76.4
6656.2 2238.4 76.6
6616.3 2235.1 77.4
6585.5 2234.0 76.2
6574.2 2234.3 75.8
6558.4 2236.2 75.4
6546.0 2239.2 74.7
6515.8 2235.6 71.7
6506.9 2236.3 70.9
6673.6 2244.5 76.4
6643.9 2245.0 76.8
6638.0 2246.6 76.8
6602.8 2247.4 78.0
6533.8 2242.8 73.7
6697.1 2254.7 76.1
6654.2 2258.6 76.7
6633.9 2255.4 76.7
6628.9 2256.9 76.7
6603.1 2257.6 77.7
6533.8 2253.0 74.0
6505.2 2253.1 71.3
6707.4 2265.6 76.0
6695.0 2264.9 76.2
6667.0 2264.9 76.7
6654.6 2262.9 76.7
6646.2 2263.3 76.7
6625.8 2268.4 76.6
6618.9 2266.5 76.6
6608.7 2268.7 76.9
6505.7 2267.0 71.9
6498.3 2268.3 71.3
6487.9 2266.7 70.2
6697.1 2274.4 76.2
6663.9 2273.1 76.6
6648.7 2278.0 76.5
6615.4 2273.2 76.6
6584.0 2272.7 78.6
6577.3 2273.9 78.7
6513.8 2274.1 73.0
6726.8 2283.9 75.9
6714.3 2287.3 76.1
6703.0 2288.8 76.3
6698.1 2286.4 76.3
6683.8 2285.3 76.5
6673.3 2283.1 76.5
6664.5 2283.3 76.5
6645.7 2285.4 76.5
6606.6 2289.0 76.4
6583.8 2288.8 78.0
6566.2 2287.6 77.8
6554.1 2289.0 76.9
6717.2 2298.9 76.2
6696.1 2298.4 76.3
6582.4 2293.6 77.9
6575.1 2295.7 78.3
6565.3 2299.0 77.6
6508.8 2297.2 73.4
6694.8 2304.3 76.4
6683.4 2308.3 76.2
6664.9 2302.7 76.3
6654.9 2305.3 76.3
6634.9 2307.7 76.2
6627.8 2305.3 76.3
6567.2 2302.8 77.7
6554.2 2309.0 76.7
6519.0 2304.9 74.2
6509.0 2308.3 73.5
6746.4 2317.5 76.1
6676.2 2312.6 76.2
6665.2 2315.4 76.2
6597.2 2317.9 76.1
6554.1 2314.4 76.7
6534.1 2315.0 75.2
6466.6 2314.6 70.1
6743.1 2328.3 76.3
6733.7 2326.2 76.4
6726.6 2323.5 76.5
6705.9 2323.1 76.8
6696.5 2326.8 76.8
6672.9 2325.7 76.2
6668.4 2328.7 76.1
6659.0 2329.2 76.0
6634.5 2326.1 76.1
6615.4 2328.0 76.0
6608.2 2327.8 76.0
6555.6 2323.0 76.7
6544.3 2328.4 75.8
6536.6 2327.5 75.3
6523.5 2326.0 74.4
6462.5 2325.1 70.2
6744.4 2338.3 76.4
6723.7 2333.4 76.7
6628.9 2334.5 76.0
6603.7 2334.3 76.0
6587.8 2337.8 76.0
6567.5 2336.3 77.4
6556.6 2335.2 76.6
6545.1 2338.8 75.8
6534.6 2337.4 75.1
6523.7 2335.8 74.3
6737.8 2343.4 76.6
6553.4 2343.9 76.3
6506.7 2347.0 73.0
6485.1 2343.2 71.5
6747.8 2359.1 76.7
6496.8 2357.2 72.2
6484.8 2353.5 71.4
6447.8 2366.4 70.8
6489.0 2375.0 71.9
6475.8 2372.6 71.6
6468.0 2377.3 71.5
6475.9 2387.1 71.9
6388.5 2004.8 67.7
6298.8 2015.7 68.0
6401.6 2022.1 68.1
6322.1 2027.0 68.0
6291.5 2022.6 68.0
6383.6 2031.9 68.1
6340.8 2035.7 67.9
6319.6 2037.0 68.0
6308.2 2037.3 68.0
6301.5 2033.2 68.0
6353.7 2042.7 67.9
6337.5 2042.3 67.8
6269.4 2045.0 68.1
6361.6 2054.5 67.9
6351.8 2051.4 67.8
6307.9 2054.4 67.8
6299.9 2053.4 67.8
6282.4 2051.4 68.0
6331.7 2062.2 67.4
6283.5 2063.0 67.7
6273.8 2064.6 67.8
6260.5 2061.5 67.9
6289.7 2075.6 67.5
6282.0 2077.5 67.5
6168.7 2073.4 67.7
6150.9 2073.6 67.5
6268.3 2085.2 67.4
6257.4 2086.0 67.5
6238.2 2083.1 67.8
6230.3 2085.7 67.8
6208.0 2084.2 68.0
6163.9 2084.4 67.6
6144.0 2083.5 67.4
6357.7 2097.7 67.4
6302.7 2097.1 67.0
6280.6 2091.6 67.2
6253.7 2097.2 67.4
6223.8 2092.1 67.8
6210.7 2097.7 67.7
6200.7 2093.5 67.9
6192.5 2096.8 67.8
6178.8 2095.6 67.7
6173.9 2096.2 67.7
6159.8 2092.7 67.6
6133.3 2091.6 67.4
6280.7 2107.2 66.9
6248.0 2102.4 67.4
6232.1 2101.8 67.5
6209.1 2106.6 67.6
6200.4 2103.2 67.7
6163.0 2105.3 67.6
6108.4 2102.0 67.2
6339.6 2113.7 66.9
6273.7 2111.9 66.9
6238.1 2114.7 67.2
6222.7 2113.3 67.3
6212.3 2115.4 67.3
6200.0 2116.4 67.4
6187.7 2115.9 67.5
6179.2 2117.0 67.5
6323.2 2123.0 66.6
6272.7 2123.7 66.7
6263.7 2124.9 66.8
6248.5 2126.2 66.9
6237.5 2125.6 66.9
6188.9 2127.8 67.2
6313.4 2133.6 66.3
6270.2 2131.4 66.6
6260.5 2132.9 66.6
6231.9 2136.8 66.7
6250.1 2146.3 66.4
6252.9 2157.8 66.1
6211.5 2157.0 66.4
6070.2 2104.9 67.2
6064.1 2107.7 67.2
6064.8 2115.9 67.1
6054.3 2114.7 67.2
6045.3 2114.3 67.3
6080.8 2125.6 67.0
6069.8 2125.9 67.0
6044.1 2124.1 67.1
6029.4 2127.0 67.1
6012.8 2138.0 66.9
5995.1 2138.7 67.0
6079.3 2143.9 66.9
5990.5 2144.3 66.9
5971.3 2144.7 67.0
5960.9 2156.5 66.8
5950.1 2156.5 66.9
5931.7 2158.8 67.2
5921.6 2168.6 67.3
5912.5 2168.7 67.4
5894.4 2183.7 67.7
5874.5 2184.4 68.0
5850.1 2197.0 68.2
5845.1 2193.5 68.4
6660.0 1652.9 67.6
6646.1 1653.1 67.7
6668.4 1682.9 68.3
6660.6 1680.8 68.2
6660.7 1688.5 68.4
6151.9 2141.7 67.2
6105.9 2149.6 67.1
6162.4 2159.6 66.7
6135.3 2161.7 66.9
6121.1 2160.9 67.0
6115.4 2156.5 67.1
6095.4 2158.5 66.9
6200.6 2171.9 66.2
6192.8 2169.7 66.3
6186.6 2170.9 66.3
6173.2 2168.2 66.5
6165.7 2168.1 66.5
6135.8 2170.5 66.7
6116.7 2165.9 66.9
6161.6 2180.6 66.3
6134.8 2180.8 66.5
6115.1 2177.7 66.7
6235.3 2191.3 65.5
6222.9 2191.5 65.6
6225.9 2196.9 65.5
6131.8 2201.8 66.0
6120.6 2196.2 66.2
6166.4 2207.8 65.7
6190.8 2222.2 65.2
6182.4 2221.5 65.3
6171.9 2220.9 65.3
6165.9 2218.8 65.4
6134.7 2220.2 65.6
6141.5 2229.0 65.4
6131.5 2238.9 65.2
6121.6 2239.0 65.2
6146.1 2259.8 64.7
6132.1 2259.6 64.7
6123.0 2259.4 64.8
6705.0 1727.2 69.0
6693.6 1731.3 69.3
6683.7 1728.6 69.2
6704.5 1737.2 69.2
6693.9 1745.7 69.6
6190.4 2243.4 65.0
6224.0 2261.9 65.6
6170.4 2264.2 64.9
6172.9 2285.7 64.9
6162.4 2283.5 64.8
6220.2 2292.3 65.6
6170.1 2292.7 64.9
6165.6 2291.8 64.8
6150.1 2293.0 64.6
6142.6 2290.1 64.6
6223.9 2303.0 65.7
6224.9 2310.9 65.7
6172.4 2313.9 64.9
6201.0 2319.5 65.3
6185.8 2323.6 65.1
6173.3 2320.1 64.9
6210.1 2333.3 65.4
6216.0 2339.9 65.6
6192.9 2340.3 65.2
6211.4 2355.4 65.5
6202.1 2365.5 65.3
6192.0 2359.4 65.2
6182.4 2379.5 65.0
6185.5 2389.5 65.1
6172.3 2393.8 64.9
6174.9 2414.8 64.9
6164.6 2411.8 64.9
6176.1 2424.0 64.9
6174.5 2431.6 64.9
6163.3 2443.2 65.0
6351.3 2461.9 68.8
6357.5 2465.9 68.9
6350.8 2467.5 68.8
6328.5 2466.1 68.3
6149.3 2469.7 65.2
6268.1 2481.8 67.0
6182.0 2479.8 65.6
6148.2 2477.0 65.2
6288.7 2496.4 67.5
6268.9 2498.6 67.2
6240.5 2501.7 66.7
6207.7 2498.0 66.1
6300.7 2506.0 67.8
6281.3 2506.9 67.5
6268.9 2509.9 67.3
6246.3 2508.9 66.8
6207.0 2510.8 66.3
6268.6 2520.2 67.4
6236.5 2520.8 66.8
6226.7 2521.8 66.6
6288.9 2531.2 67.8
6269.4 2530.3 67.5
6257.5 2531.1 67.3
6248.9 2526.1 67.1
6242.1 2529.8 67.0
6230.5 2526.3 66.7
6211.5 2526.1 66.5
6279.9 2540.3 67.7
6257.1 2537.2 67.3
6241.8 2541.1 67.1
6217.1 2541.9 66.8
6210.1 2535.8 66.6
6181.2 2541.4 66.4
6308.8 2550.7 68.1
6268.7 2548.3 67.6
6259.4 2547.2 67.4
6219.7 2550.1 66.9
6206.5 2548.3 66.7
6196.3 2550.7 66.7
6180.0 2548.1 66.5
6269.3 2557.6 67.6
6240.9 2556.1 67.2
6229.1 2556.7 67.1
6220.8 2556.8 67.0
6200.9 2555.5 66.8
6170.8 2556.1 66.5
6292.2 2567.1 67.9
6266.3 2565.8 67.6
6259.8 2569.1 67.6
6250.1 2569.8 67.5
6181.9 2566.8 66.7
6258.1 2579.3 67.9
6251.6 2575.6 67.7
6247.1 2587.4 67.9
6251.4 2599.0 68.2
6239.9 2596.8 68.0
6232.2 2601.4 68.0
6216.9 2598.3 67.8
6221.4 2620.1 68.3
6208.5 2627.4 68.3
6247.4 2636.6 69.2
6605.2 1764.3 70.1
6686.4 1798.9 70.8
6624.1 1810.4 70.5
6614.6 1810.2 70.4
6624.1 1822.6 70.5
6623.0 1833.0 70.5
6683.9 1834.1 70.7
6717.1 1865.2 70.0
6726.0 1873.2 69.9
6740.8 1886.9 69.7
6733.3 1883.5 69.8
6756.7 1897.2 69.4
6773.6 1916.2 69.2
6791.1 1927.8 68.9
6397.5 1154.6 66.7
6398.7 1158.6 66.7
6346.5 1163.5 66.9
6358.8 1172.1 66.8
6348.8 1173.1 67.1
6340.2 1173.2 67.3
6368.2 1184.3 66.9
6347.8 1178.5 67.2
6319.7 1179.3 67.9
6357.4 1192.0 67.2
6349.3 1189.0 67.3
6337.3 1190.9 67.7
6325.4 1191.3 68.0
6305.8 1188.7 68.4
6298.7 1194.4 68.7
6289.9 1193.3 68.9
6299.4 1200.3 68.8
6297.3 1212.3 69.0
6281.0 1208.2 69.4
6304.6 1221.3 69.0
6297.8 1220.2 69.2
6287.7 1219.9 69.4
6415.7 1232.0 67.0
6299.1 1231.4 69.3
6409.4 1242.3 67.1
6396.8 1242.6 67.2
6400.3 1248.8 67.2
6320.4 1274.4 69.2
6574.5 1089.0 66.8
6557.1 1109.4 66.7
6436.1 1110.4 66.5
6404.8 1117.0 66.4
6483.4 1128.1 66.5
6467.2 1129.4 66.4
6439.0 1138.3 66.5
6495.1 1149.2 66.5
6446.1 1146.1 66.6
6434.2 1146.5 66.6
6459.1 1159.6 66.7
6447.5 1160.1 66.7
6438.5 1155.1 66.7
6475.9 1170.4 66.7
6458.1 1169.7 66.8
6444.9 1168.7 66.8
6433.4 1165.7 66.7
6423.8 1167.2 66.8
6455.0 1179.2 66.8
6438.9 1180.7 66.8
6415.6 1175.9 66.8
6414.0 1187.6 66.8
6655.3 1968.7 70.1
6666.7 1982.6 69.7
6686.2 2003.8 69.6
6665.8 2004.8 69.5
6693.7 2013.5 70.0
6683.6 2008.8 69.7
6676.2 2011.8 69.8
6632.2 2008.8 69.9
6715.2 2024.1 70.6
6700.1 2025.0 70.5
6686.7 2019.8 70.2
6672.0 2020.1 70.0
6645.2 2024.2 69.9
6700.7 2029.6 70.7
6694.3 2032.1 70.7
6615.9 2035.0 69.9
6584.9 2034.2 70.1
6692.1 2042.3 71.1
6680.5 2043.7 71.0
6694.5 2051.4 71.4
6611.0 2048.6 70.4
6690.6 2064.7 71.9
6633.0 2059.4 71.0
6671.5 2081.4 72.2
6565.8 2081.9 70.1
6610.7 2095.4 72.1
6599.5 2106.7 72.4
6556.7 2101.0 70.0
6639.0 2113.5 73.1
6638.6 2124.4 73.5
6620.4 2124.6 73.3
6606.6 2127.0 73.2
6660.8 2137.3 74.2
6647.8 2137.3 74.0
6640.5 2133.0 73.8
6669.0 2145.8 74.6
6648.2 2147.3 74.4
6630.4 2141.1 74.0
6617.4 2143.7 73.9
6677.3 2155.5 75.0
6675.4 2162.4 75.2
6782.2 1800.4 69.4
6776.1 1808.4 69.5
6777.9 1819.3 69.4
6770.3 1815.1 69.5
6762.7 1818.3 69.6
6796.7 1829.9 69.2
6872.7 1834.4 68.3
6788.9 1837.3 69.4
6882.0 1844.7 68.2
6800.9 1845.7 69.1
6872.7 1855.2 68.3
6879.9 1870.5 68.4
6882.2 1876.2 68.3
6838.1 1879.4 68.7
6828.1 1880.5 68.8
6837.3 1888.8 68.7
6853.0 1916.1 68.3
6847.5 1980.6 70.5
6904.1 1985.6 69.8
6896.8 1984.4 69.9
6875.4 1988.0 70.2
6853.6 1986.7 70.6
6845.5 1987.4 70.7
6813.0 1989.4 70.5
6884.7 1995.7 70.2
6855.5 2000.1 70.7
6846.2 1999.1 70.8
6816.7 1994.1 70.7
6863.2 2004.1 70.6
6843.5 2007.0 71.0
6838.3 2008.2 71.1
6827.4 2007.0 71.3
6883.8 2014.9 70.4
6865.9 2020.0 70.7
6802.2 2018.8 71.4
6798.1 2015.9 71.3
6806.8 2026.9 71.8
6822.0 2058.3 71.9
6816.2 2059.7 72.0
6807.9 2057.5 72.1
6898.7 1730.5 64.8
6902.4 1740.2 65.0
6868.8 1735.6 65.7
6880.0 1744.4 65.9
6872.2 1747.5 66.1
6862.6 1747.6 66.4
6900.4 1759.5 66.0
6893.2 1757.4 66.2
6869.0 1756.4 66.5
6889.8 1768.3 66.7
6893.2 1780.2 67.1
6821.1 1736.7 67.0
6774.3 1733.2 67.9
6822.9 1744.3 67.2
6795.6 1744.5 67.8
6709.3 1295.5 61.8
6695.2 1294.8 62.0
6689.7 1291.3 62.1
6689.8 1301.4 62.0
6893.6 1147.2 58.3
6869.3 1158.3 58.7
6884.9 1185.5 57.2
6878.0 1200.9 57.1
6863.8 1201.5 57.6
6874.7 1207.4 57.0
6857.8 1206.6 57.8
6864.5 1221.5 57.1
6856.4 1220.6 57.5
6839.0 1220.8 58.4
6863.8 1231.2 57.0
6846.9 1227.2 57.9
6856.2 1238.1 57.3
6818.8 1240.7 59.1
6628.8 1306.9 63.2
6594.6 1328.1 64.2
6625.9 1341.5 63.4
6618.9 1339.2 63.6
6607.0 1336.6 63.9
6569.3 1335.4 64.8
6647.4 1350.6 62.8
6615.1 1349.2 63.7
6605.0 1345.3 64.0
6676.0 1358.5 62.1
6619.7 1375.3 63.6
6587.5 1381.8 64.6
6587.7 1390.3 64.6
6553.3 2512.7 75.6
6275.2 2237.8 66.2
6291.6 2257.4 66.6
6320.4 2265.9 67.2
6301.2 2267.6 66.8
6289.0 2268.1 66.6
6331.5 2273.1 67.4
6310.5 2276.2 67.1
6323.0 2282.3 67.3
6269.2 2286.5 66.4
6244.9 2287.4 66.1
6292.2 2297.5 67.0
6311.3 2306.6 67.4
6270.4 2302.9 66.7
6261.5 2303.1 66.5
6293.5 2314.3 67.2
6279.8 2315.5 67.0
6294.1 2325.9 67.4
6284.9 2327.8 67.2
6264.2 2336.0 66.7
6293.2 2343.8 67.4
6281.4 2343.3 67.1
6270.6 2348.0 66.9
6261.9 2342.8 66.7
6252.0 2343.0 66.4
6260.5 2353.3 66.6
6252.9 2354.2 66.5
6242.1 2357.5 66.2
6221.8 2357.7 65.7
6260.8 2378.8 66.7
6254.3 2372.5 66.5
6214.7 2374.2 65.6
6282.9 2387.9 67.2
6262.1 2387.3 66.8
6214.6 2385.2 65.6
6282.7 2393.5 67.3
6252.1 2393.1 66.5
6229.7 2398.6 66.0
6254.4 2405.2 66.6
6205.1 2403.1 65.4
6263.2 2412.7 66.8
6233.1 2416.6 66.1
6222.8 2428.5 65.9
6212.8 2428.1 65.7
6190.2 2422.8 65.1
6235.1 2435.4 66.2
6224.4 2437.0 65.9
6195.0 2436.9 65.3
6225.0 2443.5 65.9
6211.9 2458.5 65.8
6411.9 2090.7 68.3
6427.4 2110.5 68.4
6452.3 2117.0 68.7
6423.0 2119.7 68.2
6401.4 2118.8 67.9
6390.2 2116.7 67.7
6367.7 2119.3 67.3
6363.1 2114.9 67.3
6393.1 2129.5 67.7
6382.9 2130.2 67.5
6349.0 2130.6 66.9
6339.1 2129.4 66.8
6391.7 2145.1 67.5
6397.9 2158.1 67.8
6359.5 2158.7 67.1
6350.6 2156.5 66.9
6339.0 2155.0 66.7
6340.9 2167.5 66.8
6297.7 2169.5 66.1
6293.1 2165.5 66.0
6330.6 2176.2 66.7
6293.2 2180.8 66.1
6281.8 2180.2 65.9
6330.3 2190.9 66.8
6308.0 2186.2 66.4
6299.5 2186.8 66.2
6289.4 2190.8 66.1
6320.7 2197.1 66.7
6307.7 2200.3 66.5
6373.0 2208.6 67.6
6353.8 2205.8 67.3
6340.0 2205.9 67.0
6360.5 2218.7 67.5
6348.0 2220.4 67.3
6331.0 2214.8 67.0
6352.9 2230.5 67.4
6371.4 1432.3 67.2
6372.8 1442.3 67.3
6387.2 1459.3 67.4
6294.6 1511.6 67.7
6286.6 1517.2 67.7
6311.1 1527.9 67.8
6281.6 1532.6 67.8
6275.1 1528.1 67.8
6285.2 1542.7 67.9
6275.6 1551.6 67.9
6264.7 1552.2 68.0
6258.3 1574.8 68.2
6288.4 1603.9 67.9
6181.0 1685.5 67.9
6182.1 1694.5 67.9
6199.7 1711.2 68.0
6450.2 1527.1 67.7
6361.5 1532.7 67.8
6406.0 1557.1 67.9
6385.2 1586.8 67.9
6384.7 1616.4 68.0
6323.8 1614.4 68.0
6377.7 1677.3 68.3
6335.1 1677.3 68.2
6308.7 1676.9 68.1
6293.8 1672.6 68.0
6377.9 1684.9 68.4
6307.0 1687.1 68.1
6288.4 1683.8 68.0
6276.7 1687.2 67.9
6382.3 1696.2 68.4
6324.4 1693.4 68.1
6286.7 1697.6 67.9
6265.1 1697.0 67.8
6372.3 1706.8 68.3
6362.6 1704.0 68.3
6353.5 1706.1 68.2
6286.1 1706.3 67.9
6274.8 1705.7 67.9
6266.8 1702.1 67.9
6365.3 1715.5 68.3
6355.2 1714.9 68.2
6304.8 1712.5 68.0
6265.1 1717.6 68.0
6357.1 1722.7 68.2
6263.1 1732.1 68.0
6356.6 1744.6 68.2
6274.0 1742.3 68.1
6266.9 1742.2 68.1
6245.4 1745.9 68.0
6276.9 1752.4 68.1
6233.5 1755.6 68.0
6283.8 1767.3 68.0
6278.2 1765.2 68.0
6263.8 1765.8 68.0
6248.0 1765.8 68.0
6238.1 1766.8 67.9
6226.3 1768.0 67.9
6206.8 1774.2 67.7
6352.8 1787.7 68.0
6268.7 1782.6 67.8
6234.3 1788.1 67.5
6283.3 1798.0 67.5
6277.8 1795.7 67.6
6266.0 1796.6 67.5
6268.7 1806.3 67.5
6258.7 1802.1 67.5
6276.8 1817.3 67.5
6219.7 1808.8 67.6
6228.0 1812.8 67.6
6217.4 1834.2 67.8
6203.4 1836.3 67.8
6234.7 1844.3 67.7
6225.9 1848.8 67.8
6214.8 1844.7 67.8
6207.2 1845.5 67.9
6245.5 1854.2 67.7
6204.2 1863.0 68.0
6227.4 1878.6 67.9
6227.1 1888.9 68.0
6177.7 1912.7 68.4
6087.1 1915.6 69.6
6089.1 1924.9 69.5
6063.5 1928.0 69.5
6054.2 1929.2 69.5
6067.1 1933.8 69.4
6056.9 1937.3 69.3
6048.8 1933.5 69.4
6044.7 1944.4 69.3
6035.2 1945.7 69.3
6028.0 1945.3 69.3
6044.6 1957.8 69.1
6045.2 1963.0 69.0
6023.8 1969.0 68.7
5973.2 1929.3 69.5
5953.4 1929.1 69.8
5971.7 1942.5 69.5
5963.4 1938.7 69.7
5969.9 1952.3 69.5
5958.5 1952.6 69.7
5951.0 1948.0 69.8
5929.9 1953.3 70.1
5951.8 1959.4 69.8
5994.1 1983.9 69.1
5967.8 1981.7 69.5
5953.7 1978.4 69.7
5971.7 1993.2 69.4
5959.0 1992.4 69.6
5950.0 1993.3 69.7
6001.1 2002.0 68.9
5960.4 2001.1 69.6
5954.1 2003.7 69.6
5997.9 2010.4 69.0
5971.8 2009.7 69.4
5950.6 2010.5 69.7
6012.6 2019.2 68.7
5998.5 2024.1 68.9
5969.5 2019.3 69.4
5963.7 2017.7 69.5
6000.4 2029.0 68.9
5991.3 2029.3 69.0
5961.5 2032.3 69.5
6051.1 2038.3 68.1
6008.0 2039.8 68.7
5982.4 2042.8 69.1
5971.2 2040.5 69.3
5987.8 2048.5 69.0
5971.9 2048.8 69.2
6021.4 2060.9 68.4
6011.9 2058.8 68.5
5969.2 2062.6 69.1
6033.4 2072.0 68.1
5978.8 2068.1 68.9
5972.8 2071.5 68.9
5963.2 2083.5 68.6
6001.9 2089.4 68.2
5982.8 2090.4 68.3
5971.6 2091.8 68.3
5957.8 2090.7 68.4
6022.8 1888.8 70.0
6167.2 1746.7 68.0
6180.3 1765.0 67.7
6160.4 1775.2 67.8
6159.3 1784.4 67.8
6152.5 1798.1 67.9
6122.5 1792.6 68.0
6141.2 1806.4 68.0
6133.1 1806.0 68.0
6119.2 1803.6 68.1
6736.1 1463.5 59.6
6746.3 1485.0 59.9
6701.5 1482.5 61.5
6751.4 1492.5 59.9
6717.6 1497.3 61.3
6741.1 1503.2 60.6
6711.2 1505.9 61.9
6699.0 1506.4 62.3
6689.3 1506.3 62.5
6670.1 1507.0 63.0
6767.2 1517.0 60.0
6739.8 1517.7 61.1
6727.1 1511.4 61.4
6711.2 1514.2 62.0
6701.4 1515.4 62.2
6665.4 1512.0 63.1
6771.9 1521.9 60.0
6747.1 1521.3 61.0
6735.9 1521.9 61.3
6727.2 1527.7 61.6
6701.7 1525.3 62.2
6687.8 1524.8 62.6
6680.9 1525.5 62.7
6727.1 1536.7 61.6
6719.1 1532.8 61.8
6697.8 1536.4 62.5
6689.9 1533.5 62.6
6769.2 1544.6 60.5
6740.2 1547.3 61.6
6715.4 1545.2 62.3
6862.8 1384.4 55.1
6844.0 1404.5 55.5
6834.3 1442.9 55.8
6822.1 1455.6 56.4
6823.0 1461.5 56.5
6802.1 1474.1 57.7
6806.4 1485.1 58.0
6795.7 1484.0 58.3
6834.9 1492.9 57.3
6826.7 1494.2 57.6
6811.5 1494.0 58.1
6804.7 1492.4 58.2
6787.1 1493.1 58.8
6831.5 1501.7 57.6
6824.1 1504.3 57.9
6815.5 1505.9 58.2
6811.2 1513.4 58.5
6823.7 1522.9 58.4
6812.9 1520.5 58.6
6839.0 1356.5 56.1
6866.5 1370.5 54.8
6859.8 1374.9 55.2
6850.7 1381.0 55.6
6779.9 1419.0 57.2
6758.5 1438.2 58.0
6769.5 1449.7 58.0
