-101.5 939.5 93.5
542.7 349.4 113.9
1241.7 -579.4 131.0
1252.7 -572.9 131.0
1260.0 -568.4 131.0
1262.0 -584.8 131.3
-592.3 1560.3 63.0
-598.0 1581.5 61.3
6207.0 -3621.7 26.6
6197.6 -3647.4 26.8
6169.8 -3627.8 27.6
6188.1 -3627.9 27.1
6189.6 -3625.1 27.1
6191.0 -3622.4 27.1
6158.6 -3645.7 27.9
6195.8 -3649.0 26.9
6200.7 -3608.8 26.8
6160.2 -3640.2 27.8
-682.8 1637.9 55.2
1481.8 -1222.4 129.8
1469.3 -1170.1 130.8
1247.6 -576.0 131.0
1272.5 -562.3 131.1
1280.0 -573.9 131.4
1274.0 -578.2 131.4
1268.2 -579.8 131.3
1250.1 -592.2 131.2
1243.2 -595.7 131.2
390.5 588.2 106.4
-14.6 853.0 99.1
-125.5 966.1 91.8
6215.2 -3631.4 26.4
6212.7 -3633.2 26.5
6204.3 -3617.7 26.7
6202.5 -3606.5 26.8
6200.9 -3645.2 26.8
6199.1 -3610.8 26.9
6196.8 -3613.9 26.9
6194.4 -3616.8 27.0
6194.1 -3650.1 26.9
6192.5 -3620.0 27.0
6180.8 -3638.1 27.3
6180.1 -3652.8 27.3
6163.5 -3630.9 27.8
6162.3 -3634.2 27.8
6162.0 -3654.4 27.8
6161.1 -3637.4 27.8
6159.0 -3653.5 27.8
6157.7 -3649.3 27.9
6156.3 -3652.1 27.9
1472.7 -1185.8 130.5
6186.9 -3630.9 27.2
1267.1 -565.0 131.1
1278.4 -558.2 131.1
23.1 831.2 100.7
6211.6 -3628.8 26.5
6209.6 -3625.6 26.6
6199.5 -3646.2 26.8
6164.6 -3627.8 27.8
6159.4 -3643.2 27.9
1235.3 -583.8 131.0
1285.4 -570.1 131.4
1255.3 -589.2 131.3
6229.8 -3502.4 26.7
6219.5 -3491.5 27.0
6209.3 -3480.6 27.4
6189.8 -3459.9 28.2
6218.0 -3506.7 26.9
6207.3 -3496.1 27.3
6196.6 -3485.6 27.8
6182.5 -3471.7 28.3
6248.1 -3536.4 26.0
6224.5 -3513.1 26.7
6297.6 -3574.2 25.3
6287.3 -3563.3 25.4
6277.0 -3552.4 25.4
6266.7 -3541.5 25.7
6256.4 -3530.5 26.0
6242.9 -3516.3 26.4
6575.3 -2540.7 39.1
6576.1 -2555.7 38.6
6576.9 -2570.7 37.9
6577.2 -2585.7 37.2
6575.8 -2600.5 36.5
6572.4 -2615.1 36.0
6569.0 -2629.7 35.9
6563.9 -2643.8 36.0
6558.4 -2657.8 36.0
6553.0 -2671.7 36.1
6547.5 -2685.7 36.0
6542.0 -2699.7 35.7
6536.9 -2713.8 35.4
6531.9 -2727.9 35.1
6526.7 -2742.0 34.8
6520.2 -2755.5 34.5
6513.7 -2769.0 34.2
6507.1 -2782.5 33.9
6499.8 -2795.5 33.6
6491.1 -2807.8 33.3
6482.5 -2820.1 33.0
6474.0 -2832.4 32.8
6465.5 -2844.8 32.5
6459.4 -2858.3 32.2
6458.1 -2873.3 31.6
6462.8 -2889.6 30.8
6374.5 -3530.1 24.8
6364.3 -3519.1 24.9
6354.1 -3508.2 25.0
6343.9 -3497.2 25.2
6333.7 -3486.2 25.4
6323.5 -3475.2 25.7
6313.2 -3464.2 25.9
6300.5 -3450.5 26.2
6369.4 -3534.9 24.9
6359.2 -3523.9 24.9
6349.0 -3512.9 25.0
6338.8 -3501.9 25.2
6328.5 -3490.9 25.5
6318.3 -3480.0 25.7
6308.1 -3469.0 25.9
6288.6 -3448.0 26.4
6379.6 -3525.4 24.8
6369.4 -3514.4 24.9
6359.2 -3503.4 25.0
6349.0 -3492.4 25.2
6338.8 -3481.4 25.4
6328.6 -3470.4 25.6
6318.4 -3459.4 25.9
6308.2 -3448.4 26.1
6289.0 -3427.8 26.6
2567.9 8169.3 58.5
2569.3 8184.2 58.4
2570.7 8199.1 58.3
2572.1 8214.1 58.2
2573.5 8229.0 58.1
2574.9 8243.9 58.0
2576.4 8258.9 57.9
2577.8 8273.8 57.8
2579.2 8288.7 57.6
2580.6 8303.7 57.5
2582.0 8318.6 57.4
2583.4 8333.6 57.3
2580.7 8345.2 57.3
2565.8 8347.2 57.6
2550.9 8349.3 58.0
2536.1 8351.3 58.4
2521.2 8353.3 58.8
2506.3 8355.4 59.2
2491.5 8357.4 59.6
2487.5 8345.6 60.1
2485.9 8330.6 60.7
2484.4 8315.7 61.2
2482.8 8300.8 61.1
2481.2 8285.9 61.0
2479.7 8271.0 61.0
2478.1 8256.0 61.0
2475.4 8230.0 60.9
2059.0 -6517.5 53.0
2048.1 -6507.6 53.0
2055.3 -6494.4 50.7
2062.5 -6481.3 48.5
2069.7 -6468.1 46.2
2081.5 -6446.8 43.9
2171.8 -6482.7 45.4
2163.7 -6495.4 45.4
2155.7 -6508.0 45.4
2147.6 -6520.6 45.5
2139.5 -6533.3 46.0
2131.4 -6545.9 48.3
2121.9 -6552.8 50.1
2099.8 -6540.4 51.1
2072.3 -6391.8 43.2
2085.7 -6398.6 43.4
2099.1 -6405.3 43.7
2112.5 -6412.1 43.9
2125.8 -6418.9 44.1
2139.2 -6425.7 44.4
2151.8 -6433.7 44.6
2162.5 -6443.8 44.9
2172.2 -6462.9 45.2
2380.3 -6936.3 54.8
2387.0 -6922.9 54.2
2393.7 -6909.4 53.6
2400.4 -6896.0 52.9
2407.1 -6882.6 51.8
2413.8 -6869.2 50.4
2420.5 -6855.7 49.1
2427.2 -6842.3 47.8
2423.1 -6831.0 47.6
2411.9 -6821.1 48.3
2400.6 -6811.2 48.9
2389.9 -6818.2 50.3
2379.3 -6828.8 51.9
2368.7 -6839.4 53.5
2355.1 -6844.4 55.0
2341.1 -6843.1 56.4
2328.4 -6835.1 57.2
2315.7 -6827.2 57.8
2295.7 -6814.8 58.7
2493.9 -6835.8 43.0
2481.2 -6827.9 43.3
2468.4 -6820.0 43.7
2459.1 -6824.4 43.9
2452.3 -6837.8 45.1
2445.5 -6851.2 46.4
2438.7 -6864.6 47.7
2432.0 -6877.9 49.1
2425.2 -6891.3 50.4
2418.4 -6904.7 51.2
2411.6 -6918.1 51.8
2414.9 -6930.2 51.4
2421.2 -6943.5 50.8
2431.1 -6954.6 49.8
2443.7 -6961.8 48.5
2458.0 -6966.5 47.1
2472.2 -6971.0 45.8
2474.1 -6956.1 45.6
2476.0 -6941.2 45.5
2479.9 -6926.9 45.2
2486.5 -6913.5 44.6
2493.2 -6900.0 44.0
2499.8 -6886.6 42.8
2506.5 -6873.1 42.7
2515.3 -6855.3 42.4
1244.8 -5556.1 55.8
1254.9 -5545.1 53.4
1265.0 -5534.0 51.1
1275.2 -5522.9 48.8
1285.3 -5511.9 49.5
1295.4 -5500.8 50.2
1294.9 -5490.1 50.5
1284.1 -5479.7 50.5
1273.3 -5469.3 50.6
1262.5 -5458.9 50.6
1251.7 -5448.5 50.6
1240.9 -5438.1 50.6
1230.0 -5427.7 50.6
1219.2 -5417.3 50.6
1207.8 -5406.3 50.6
-3131.3 39.5 48.1
-3145.4 34.2 48.2
-3159.4 29.0 48.3
-3173.5 23.8 48.4
-3187.5 18.4 48.6
-3201.5 13.0 48.7
-3215.3 7.1 49.0
-3228.9 0.9 49.3
-3242.5 -5.4 49.6
-3256.2 -11.7 49.4
-3269.8 -18.0 49.1
-3280.6 -18.2 48.5
-3284.4 -3.7 47.0
-3288.2 10.8 45.5
-3292.1 25.3 43.3
-3296.2 41.0 41.9
653.6 -172.2 128.3
665.9 -163.6 128.4
678.2 -155.0 128.4
690.4 -146.3 128.2
702.7 -137.7 127.7
715.0 -129.1 127.2
727.3 -120.5 126.7
739.5 -111.9 126.4
751.8 -103.2 126.4
764.1 -94.6 126.4
776.4 -86.0 126.4
788.6 -77.4 126.4
800.9 -68.7 126.4
813.2 -60.1 126.3
832.0 -46.9 125.8
