-4291.4 -5661.1 3.9
-4139.2 -5718.4 3.2
-4015.3 -4975.1 1.6
-4126.8 -5708.4 2.9
-4492.7 -5753.0 5.4
-4278.6 -5659.3 3.8
-4989.8 -4927.1 2.0
-4029.6 -4982.9 1.7
-4043.2 -4988.9 1.7
-4992.7 -4960.6 2.0
-5061.8 -4922.3 2.0
-4121.0 -5703.7 2.8
-4133.2 -5714.0 3.1
-4145.8 -5723.6 3.3
-4157.9 -5734.1 3.6
-4151.0 -5728.4 3.5
-4265.7 -5657.4 3.6
-4501.6 -5743.0 5.5
-6591.0 -5107.1 3.7
-5014.1 -4952.4 2.1
-2736.3 -4562.4 0.2
-2733.0 -4577.0 0.1
-2729.7 -4591.6 0.2
-2726.2 -4606.2 0.4
-2722.5 -4620.8 0.6
-2718.9 -4635.3 0.7
-2717.7 -4648.5 0.8
-2732.2 -4652.4 0.8
-2746.6 -4656.4 0.8
-2761.1 -4660.4 0.8
-2775.6 -4664.4 0.8
-2790.0 -4668.4 0.9
-2804.5 -4672.4 0.9
-2818.9 -4676.4 1.0
-2820.7 -4662.2 0.9
-2822.1 -4647.3 0.9
-2823.4 -4632.3 0.9
-2824.7 -4617.4 0.8
-2826.1 -4602.4 0.8
-2827.6 -4584.6 0.8
-5564.4 -8043.4 3.1
-5549.6 -8041.1 3.1
-5534.8 -8038.8 3.0
-5505.8 -8034.4 3.0
-5510.5 -8733.5 3.9
-5502.8 -8771.9 3.6
-5566.1 -8018.3 3.0
-5551.2 -8016.3 3.0
-5536.3 -8014.4 3.0
-5508.2 -8010.7 2.9
-5503.0 -8062.7 3.1
-5505.8 -8034.4 3.0
-5508.2 -8010.7 2.9
-5550.9 -8789.4 4.2
-5536.8 -8784.3 4.2
-5522.7 -8779.2 4.0
-5508.6 -8774.0 3.7
-5494.5 -8768.9 3.5
-5480.4 -8763.8 3.3
-5466.3 -8758.6 3.0
-5452.2 -8753.5 2.8
-5438.2 -8748.4 2.5
-5430.3 -8739.4 2.4
-5431.8 -8724.4 2.5
-5433.4 -8709.5 2.6
-5434.9 -8694.6 2.6
-5437.9 -8665.3 2.8
-4930.9 -6124.5 2.3
-4909.9 -6116.7 2.2
-4888.2 -6876.0 1.9
-4873.5 -6873.1 1.9
-4858.8 -6870.1 1.9
-4844.1 -6866.9 1.9
-4829.9 -6862.3 1.9
-4815.6 -6857.7 1.9
-4822.0 -6835.6 1.9
-4901.9 -6114.8 2.1
-4887.8 -6109.7 2.1
-4873.7 -6104.7 2.1
-4864.7 -6096.6 2.0
-4867.0 -6081.8 1.8
-4869.4 -6066.9 1.7
-4871.7 -6052.1 1.6
-4874.1 -6037.3 1.5
-4876.4 -6022.5 1.7
-4878.8 -6007.7 1.9
-4881.1 -5992.9 2.0
-4883.5 -5978.1 2.0
-4886.1 -5963.7 2.0
-4901.1 -5965.0 2.0
-4916.0 -5966.4 2.0
-4931.0 -5967.8 2.0
-4945.9 -5969.1 2.0
-4960.8 -5970.5 2.0
-4965.4 -5980.9 2.0
-4964.6 -5995.9 1.9
-4963.8 -6010.8 1.8
-4963.0 -6025.8 1.6
-4962.2 -6040.8 1.7
-4961.4 -6055.8 1.8
-4960.6 -6070.8 1.9
-4959.9 -6085.7 2.0
-4954.8 -6099.3 2.1
-4942.1 -6118.4 2.3
-4320.3 -5609.1 4.0
-4305.6 -5606.0 4.0
-4291.0 -5602.9 3.9
-4276.3 -5599.8 3.8
-4248.4 -5593.9 3.7
-4326.8 -5653.6 4.2
-4328.5 -5638.7 4.1
-4330.3 -5623.8 4.1
-4321.3 -5617.5 4.0
-4306.4 -5615.9 3.9
-4291.4 -5614.4 3.8
-4269.9 -5612.2 3.7
-5714.5 -1197.7 2.1
-5699.8 -1194.8 2.1
-5685.1 -1192.0 2.1
-5670.4 -1189.1 2.0
-5644.3 -1184.0 2.1
-5653.2 -1145.8 2.2
-5670.5 -1148.1 2.2
-5684.2 -1154.1 2.2
-5512.6 -1240.2 2.4
-5480.7 -1239.1 2.5
-5445.7 -1237.4 2.5
-5433.5 -1236.5 2.5
-5706.7 -1172.2 2.1
-5702.3 -1157.8 2.2
-5698.1 -1143.4 2.2
-5694.2 -1129.0 2.1
-5689.7 -1112.0 1.9
-5522.4 -1295.7 2.0
-5518.6 -1310.2 2.2
-5514.8 -1324.7 2.2
-5511.1 -1339.2 2.0
-5508.3 -1353.9 1.7
-5505.6 -1368.7 1.9
-5501.1 -1393.1 1.9
-4020.6 -5817.0 2.0
-3986.4 -5798.4 1.3
-4954.2 -3965.7 4.4
-4925.8 -3957.8 3.9
-3948.2 -5769.7 1.5
-3954.7 -5756.1 1.3
-3961.1 -5742.6 1.2
-3967.6 -5729.0 1.3
-3974.0 -5715.5 1.4
-3980.5 -5701.9 1.4
-3986.9 -5688.4 1.5
-3993.4 -5674.9 1.5
-4004.8 -5650.9 1.6
-4275.7 -4373.0 1.2
-4279.9 -4343.8 1.1
-4884.5 -4144.4 1.4
-4887.4 -4129.7 1.8
-4896.5 -4123.4 2.1
-4911.5 -4124.9 2.4
-4926.4 -4126.5 2.6
-4925.6 -4141.3 2.3
-4924.7 -4156.3 2.0
-4923.5 -4171.0 1.7
-4908.6 -4169.8 1.4
-4893.6 -4168.7 1.1
-4878.3 -4167.5 1.0
-1847.9 -7806.0 0.9
-1861.4 -7811.6 0.9
-1873.5 -7815.9 0.9
-1882.2 -7818.4 0.9
-1895.4 -7819.9 0.9
-1909.7 -7819.4 0.9
-1915.7 -7818.3 0.9
-1923.6 -7816.8 0.9
-1929.6 -7815.3 0.9
-1939.4 -7811.5 0.9
-1946.8 -7807.9 0.9
-1953.8 -7803.5 0.9
-1959.4 -7799.8 0.9
-1967.9 -7794.0 0.9
-1975.9 -7786.9 1.0
-1984.8 -7778.9 1.0
-1998.4 -7766.2 1.0
-2006.4 -7758.7 1.1
-2012.7 -7753.4 1.0
-2018.3 -7749.0 1.0
-2023.4 -7745.5 1.1
-2028.8 -7742.4 1.1
-2037.9 -7737.9 1.1
-1851.6 -7795.1 0.9
-1861.6 -7799.6 0.9
-1867.6 -7802.2 0.9
-1877.5 -7805.7 0.9
-1889.4 -7807.1 0.9
-1897.1 -7807.4 0.9
-1904.5 -7807.3 0.9
-1911.8 -7806.6 0.9
-1917.9 -7806.0 0.9
-1925.5 -7804.2 0.9
-1930.8 -7802.4 0.9
-1938.1 -7799.0 0.9
-1943.2 -7796.6 0.9
-1949.2 -7792.6 0.9
-1955.5 -7787.8 0.9
-1961.0 -7783.5 1.0
-1966.1 -7779.3 1.0
-1971.2 -7775.2 1.0
-1976.5 -7770.8 1.0
-1981.6 -7766.6 1.0
-1987.3 -7760.9 1.0
-1992.5 -7755.9 1.0
-1997.0 -7751.7 1.0
-2007.4 -7743.5 1.0
-2013.8 -7738.8 1.0
-2021.7 -7734.3 1.1
-2032.2 -7729.0 1.1
-2039.5 -7726.1 1.1
-5490.4 -4565.6 2.4
-5488.4 -4531.2 2.4
-5448.1 -4526.3 2.4
-5428.0 -4525.0 2.4
-5428.3 -4503.3 2.4
-5487.7 -4524.1 2.4
-5488.3 -4509.1 2.4
-5488.8 -4494.1 2.4
-5489.4 -4479.1 2.4
-5490.0 -4464.1 2.4
-5479.0 -4459.3 2.4
-5464.1 -4457.8 2.4
-5450.7 -4469.1 2.4
-3635.9 -7999.8 7.3
-3621.6 -7995.1 7.1
-3607.4 -7990.4 6.9
-3593.1 -7985.7 6.6
-3578.9 -7981.1 6.4
-3564.6 -7976.4 6.2
-3550.2 -7972.2 6.0
-3535.5 -7970.7 5.8
-3520.5 -7971.4 5.6
-3494.5 -7977.2 5.3
-3494.5 -7977.2 5.3
-3493.8 -7992.1 5.4
-3493.1 -8007.1 5.5
-3492.4 -8022.1 5.7
-3491.6 -8037.1 5.8
-3490.9 -8052.1 6.0
-3490.2 -8067.1 6.2
-3489.5 -8082.0 6.3
-3488.8 -8097.0 6.3
-3488.0 -8112.0 6.3
-3486.9 -8136.8 6.3
-3684.8 -8166.8 6.5
-3679.6 -8182.3 6.0
-3640.7 -8152.6 7.0
-3625.8 -8151.1 7.1
-3610.8 -8149.6 7.2
-3595.9 -8148.0 7.3
-3581.0 -8146.5 7.4
-3566.1 -8145.0 7.5
-3551.1 -8143.4 7.2
-3536.2 -8141.9 7.0
-3521.3 -8140.4 6.7
-3506.4 -8138.8 6.5
-3486.9 -8136.8 6.3
-3678.2 -7262.4 1.1
-3691.2 -7270.0 1.1
-3704.1 -7277.6 1.1
-3717.0 -7285.2 1.1
-3729.9 -7292.8 1.2
-3742.9 -7300.4 1.2
-3755.8 -7308.1 1.2
-3768.7 -7315.7 1.2
-3781.6 -7323.3 1.2
-3794.6 -7330.9 1.2
-3807.5 -7338.5 1.2
-3820.4 -7346.1 1.3
-3833.3 -7353.7 1.3
-3846.2 -7361.4 1.3
-3859.2 -7369.0 1.3
-3872.1 -7376.6 1.4
-3885.0 -7384.2 1.4
-3882.8 -7395.7 1.4
-3875.1 -7408.6 1.4
-3867.5 -7421.4 1.4
-3859.8 -7434.3 1.4
-3852.1 -7447.2 1.4
-3844.4 -7460.1 1.4
-3836.7 -7472.9 1.4
-3829.0 -7485.8 1.4
-3821.3 -7498.7 1.4
-3812.9 -7512.7 1.3
-3486.9 -8149.5 6.3
-3480.4 -8161.7 6.3
-3477.0 -8176.3 6.5
-3473.7 -8190.9 6.4
-3470.3 -8205.6 6.0
-3467.0 -8220.2 5.5
-3463.6 -8234.8 5.1
-3460.3 -8249.4 4.6
-3456.9 -8264.0 4.2
-3452.5 -8283.2 3.6
-3700.8 -8157.6 6.7
-3685.8 -8157.6 6.7
-3670.8 -8157.3 6.8
-3656.0 -8155.2 6.9
-3648.5 -8146.4 7.2
-3647.3 -8125.1 7.9
-3310.0 -8034.6 3.7
-3312.4 -8049.4 3.8
-3314.8 -8064.2 4.0
-3307.1 -8069.7 3.9
-3292.2 -8068.4 3.7
-3277.2 -8067.0 3.5
-3262.3 -8065.7 3.3
-3247.3 -8064.4 3.1
-3232.4 -8063.0 2.9
-3217.4 -8061.7 2.7
-3216.6 -8052.5 2.6
-3223.3 -8039.1 2.6
-3236.2 -8013.1 2.5
-3754.2 -7644.9 1.4
-3748.4 -7658.7 1.4
-3742.6 -7672.6 1.5
-3736.7 -7686.4 1.7
-3730.9 -7700.2 1.8
-3725.0 -7714.0 1.9
-3719.2 -7727.8 2.2
-3713.3 -7741.6 2.5
-3707.5 -7755.4 2.8
-3694.2 -7752.7 2.9
-3680.0 -7747.8 2.9
-3665.8 -7743.0 3.0
-3651.6 -7738.1 3.0
-3637.4 -7733.3 3.0
-3623.2 -7728.4 3.1
-3609.0 -7723.6 3.1
-3594.8 -7718.7 3.1
-3580.7 -7713.9 3.1
-3566.5 -7709.0 3.2
-3552.3 -7704.2 3.2
-3538.1 -7699.3 3.2
-3523.9 -7694.5 3.3
-3509.7 -7689.6 3.3
-3495.5 -7684.8 3.1
-3481.3 -7679.9 2.7
-3467.1 -7675.1 2.4
-3453.0 -7669.8 2.0
-3439.1 -7664.4 1.7
-3427.6 -7658.1 1.4
-3435.4 -7645.3 1.5
-3443.3 -7632.5 1.7
-3451.1 -7619.7 1.9
-3458.9 -7606.9 2.0
-3466.8 -7594.1 2.0
-3474.6 -7581.3 1.8
-3482.5 -7568.6 1.7
-3490.3 -7555.8 1.6
-3498.1 -7543.0 1.4
-3506.0 -7530.2 1.3
-3513.8 -7517.4 1.2
-3521.7 -7504.6 1.2
-3529.5 -7491.8 1.1
-3537.4 -7479.0 1.1
-3551.1 -7456.6 1.0
-3663.4 -8230.9 4.5
-3678.1 -8233.7 4.4
-3692.9 -8236.4 4.2
-3707.6 -8239.2 4.1
-3722.4 -8241.9 4.0
-3724.5 -8254.3 3.6
-3730.5 -8262.9 3.3
-3743.5 -8256.4 3.4
-3755.9 -8248.0 3.7
-3765.6 -8236.7 4.0
-3780.1 -8236.2 4.0
-3795.1 -8236.8 3.9
-3807.5 -8229.0 4.1
3742.9 3119.3 1.7
3757.2 3123.7 1.8
3771.6 3128.1 1.9
3785.9 3132.6 2.0
3800.2 3137.0 2.2
3814.6 3141.4 2.3
3829.0 3145.7 2.4
3843.4 3149.7 2.4
3857.7 3154.2 2.3
3872.0 3158.9 2.2
3886.2 3163.6 2.2
3890.6 3173.8 2.0
3887.3 3188.4 1.8
3883.9 3203.0 1.6
3880.6 3217.7 1.4
3877.2 3232.3 1.2
3874.3 3247.0 0.9
3871.4 3261.7 0.7
3868.5 3276.4 0.5
3865.7 3291.2 0.9
3862.8 3305.9 1.3
3859.9 3320.6 1.4
3856.7 3335.3 1.5
3850.6 3364.0 0.6
3858.8 627.6 1.9
3870.9 636.5 1.9
3882.9 645.4 1.9
3895.0 654.4 1.9
3907.0 663.3 1.9
3919.1 672.2 1.9
3934.1 683.4 1.9
-3778.6 2932.8 0.7
-3785.1 2946.4 0.6
-3791.5 2959.9 0.5
-3801.9 2981.8 0.5
-3592.9 2953.0 0.5
-3606.6 2946.9 0.6
-3620.3 2940.8 0.7
-3634.0 2934.6 0.7
-3647.7 2928.5 0.7
-3661.4 2922.3 0.6
-3675.0 2916.2 0.5
-3688.7 2910.1 0.4
-3702.4 2903.9 0.5
-3716.1 2897.8 0.6
-3729.8 2891.6 0.7
-3736.7 2882.9 0.8
-3730.7 2869.2 0.8
-3724.6 2855.4 0.8
-3711.6 2860.2 0.8
-3698.9 2864.0 0.7
-3692.0 2849.3 0.7
-3747.8 2863.1 0.9
-3761.3 2856.6 0.9
-3774.9 2850.1 1.0
-3782.4 2841.6 1.1
-3775.4 2828.3 1.1
-3768.5 2815.1 1.1
-3761.5 2801.8 1.0
-3754.5 2788.5 0.9
-3747.6 2775.2 0.8
-3740.6 2761.9 0.7
-3733.7 2748.6 0.5
-3726.7 2735.3 0.4
-3719.8 2722.0 0.5
-3712.8 2708.7 0.6
-3705.8 2695.4 0.5
-3698.9 2682.2 0.4
-3691.9 2668.9 0.3
-3680.3 2646.7 0.5
6739.0 -3778.9 9.5
6707.9 -3803.3 9.4
6725.9 -3768.5 9.5
6701.1 -3786.4 9.3
6694.5 -4206.4 9.9
6708.8 -4201.7 10.3
6712.3 -4187.3 10.8
6715.5 -4172.7 10.7
6718.8 -4158.0 10.7
6722.0 -4143.4 10.7
6725.3 -4128.7 10.5
6728.5 -4114.1 10.2
6731.7 -4099.4 9.8
6735.0 -4084.8 9.4
6740.8 -4058.6 8.9
6730.2 -4058.6 9.1
6718.7 -4068.3 9.5
6707.2 -4078.0 9.9
6695.8 -4087.6 10.3
6684.3 -4097.3 10.8
6667.2 -4111.7 10.4
6647.5 -4128.9 9.9
6636.3 -4138.8 9.7
6625.0 -4148.7 9.6
6613.7 -4158.6 9.4
6602.4 -4168.5 9.0
6591.2 -4178.4 9.4
6579.8 -4188.1 9.8
6568.1 -4197.6 10.1
6556.5 -4207.1 10.2
6545.2 -4214.5 10.0
6537.7 -4201.5 9.5
6530.2 -4188.6 9.0
6522.7 -4175.6 8.5
6515.2 -4162.6 8.3
6503.8 -4142.9 8.0
6586.5 -4098.7 9.5
6595.2 -4110.9 9.5
6604.0 -4123.1 9.5
6616.5 -4140.4 9.4
6568.1 -3855.0 8.5
6556.5 -3864.6 8.3
6545.0 -3874.2 8.2
6533.5 -3883.8 8.1
6515.0 -3899.2 8.0
6893.3 -3459.5 9.3
6898.5 -3440.0 9.4
6903.8 -3419.0 9.4
6907.2 -3403.4 9.3
-6390.3 100.4 5.7
-6376.3 123.8 6.8
-6422.5 122.6 5.9
-6359.7 139.1 6.5
-6331.1 151.7 5.5
-6435.0 154.5 6.6
-6335.6 160.2 5.5
-6369.5 164.2 5.8
-6390.1 161.7 6.1
-6444.0 166.7 6.2
-6453.9 161.8 6.3
-6470.8 169.0 6.1
-6332.7 177.1 5.0
-6345.1 176.3 5.1
-6367.3 180.9 5.1
-6396.8 180.5 5.4
-6473.5 183.4 5.8
-6487.7 177.0 6.0
-6412.3 193.7 5.0
-6428.4 190.0 5.2
-6468.5 192.8 5.5
-6485.0 198.1 5.4
-6503.6 197.8 5.5
-6300.3 207.0 4.2
-6314.9 205.2 4.3
-6347.0 211.0 4.4
-6392.2 209.4 4.5
-6442.4 212.0 4.7
-6503.7 210.5 5.0
-6349.3 227.5 4.3
-6362.8 225.7 4.3
-6394.1 222.6 4.5
-6411.3 225.5 4.5
-6544.8 225.3 5.1
-6352.0 237.9 4.2
-6361.5 241.7 4.2
-6380.5 237.6 4.3
-6399.4 240.8 4.4
-6408.2 237.8 4.4
-6435.1 236.1 4.6
-6487.1 241.2 4.7
-6382.2 250.8 4.3
-6571.9 250.5 4.2
-6365.7 272.1 4.1
-6419.8 270.7 4.3
-6440.4 273.0 4.4
-6454.8 266.5 4.5
-6502.8 269.1 4.1
-6513.7 269.5 4.0
-6359.9 284.6 4.0
-6392.7 286.9 4.1
-6459.1 280.9 4.0
-6501.7 282.7 3.6
-6615.3 281.2 2.6
-6398.7 295.8 4.0
-6435.4 304.5 3.4
-6455.8 297.4 3.5
-6548.5 301.1 2.6
-6542.5 314.4 2.2
-6587.6 319.7 1.7
-6604.2 316.7 1.6
-6630.7 318.3 1.4
-6408.3 325.1 2.9
-6438.8 328.1 2.6
-6468.3 333.6 2.2
-6534.3 334.2 1.6
-6559.3 332.8 1.5
-6591.4 327.0 1.4
-6630.5 330.4 1.0
-6375.8 346.3 2.5
-6422.0 341.0 2.3
-6485.0 346.8 1.6
-6516.2 348.6 1.3
-6534.0 345.9 1.2
-6638.6 343.5 0.5
-6697.9 349.3 -1.0
-6322.4 357.1 2.5
-6332.4 360.8 2.3
-6350.0 364.7 2.0
-6368.3 355.9 2.2
-6404.8 360.7 1.7
-6591.2 363.9 0.1
-6648.9 363.3 -0.3
-6683.6 359.2 -1.0
-6351.2 370.9 1.8
-6368.3 375.3 1.5
-6397.9 373.9 1.3
-6422.7 372.9 1.2
-6454.4 376.7 0.8
-6510.9 373.5 0.4
-6546.3 375.4 0.1
-6573.8 379.2 -0.3
-6587.5 370.3 -0.1
-6680.2 373.3 -1.2
-6393.1 394.0 1.2
-6465.5 394.5 0.6
-6578.4 390.8 -0.5
-6600.4 385.3 -0.7
-6331.7 400.3 1.8
-6352.3 407.5 1.7
-6529.2 404.2 0.1
-6654.1 401.5 -1.0
-6320.9 415.6 2.0
-6369.2 418.3 1.6
-6474.1 415.5 0.7
-6564.5 421.2 -0.1
-6589.0 418.0 -0.3
-6633.1 420.7 -0.7
-6367.7 434.3 1.8
-6375.5 439.6 1.8
-6424.9 439.7 1.3
-6472.4 433.7 0.8
-6605.6 439.4 -0.3
-6367.3 448.2 1.9
-6392.6 446.3 1.7
-6410.0 449.9 1.5
-6426.2 450.1 1.4
-6440.6 451.0 1.3
-6510.1 452.0 0.7
-6545.7 454.5 0.4
-6557.0 452.6 0.3
-6593.7 452.6 -0.1
-6383.7 460.7 1.9
-6398.9 468.6 1.8
-6526.1 463.1 0.6
-6562.9 464.5 0.3
-6575.8 464.5 0.2
-6586.8 460.0 0.1
-6382.5 480.2 1.7
-6423.5 475.2 1.6
-6450.3 478.4 1.4
-6528.1 476.1 0.7
-6276.2 490.3 0.7
-6303.6 494.2 0.8
-6331.5 493.2 1.0
-6375.4 492.5 1.3
-6422.6 491.6 1.7
-6499.1 491.5 1.1
-6530.8 498.9 0.9
-6361.5 505.0 0.9
-6397.4 506.0 1.2
-6410.7 506.9 1.2
-6436.0 506.8 1.4
-6487.7 514.8 1.4
-6501.3 514.7 1.3
-6512.5 510.3 1.2
-6380.5 525.3 1.0
-6394.6 521.1 1.0
-6409.8 528.1 1.1
-6459.1 522.0 1.2
-6319.1 538.9 1.0
-6429.5 538.0 1.2
-6465.7 539.9 1.3
-6425.9 573.5 1.5
-6307.7 586.6 1.4
-6347.6 582.6 1.5
-6367.3 589.6 1.6
-6379.5 586.7 1.5
-6422.5 587.0 1.6
-6301.9 601.3 1.6
-6315.0 603.3 1.6
-6338.0 599.0 1.6
-6353.0 595.2 1.6
-6367.1 596.7 1.6
-6375.0 597.7 1.6
-6424.2 598.1 1.7
-6254.9 647.4 1.9
-6302.0 648.7 2.1
-6375.1 642.2 2.0
-6304.2 656.2 2.1
-6307.6 674.5 2.1
-6317.8 677.4 2.2
-6306.2 693.9 2.1
-6278.6 709.5 2.1
-6293.6 702.1 2.1
-4120.1 -5392.9 2.5
-4615.1 -5070.5 2.6
-4648.9 -5055.7 2.7
-4657.0 -5058.8 2.7
-4654.9 -5038.7 2.7
-4658.4 -5008.3 2.4
-4113.4 -5286.4 2.2
-4112.3 -5269.2 2.1
-4419.0 -5378.5 2.6
-4433.9 -5368.5 2.5
-5526.0 -93.0 4.8
-5629.8 -74.4 3.5
-5603.3 -55.1 4.4
-5682.3 -55.5 3.9
-5662.7 -40.8 3.9
-5664.8 -15.9 4.4
-5662.0 -3.2 4.7
-5680.1 50.6 4.9
-7470.2 -423.6 3.1
-7492.1 -419.4 3.0
-7436.1 -406.4 3.4
-7449.9 -412.1 3.3
-7460.6 -414.0 3.2
-7466.3 -397.8 3.3
-7491.2 -391.2 3.1
-7345.9 -379.6 4.1
-7378.7 -381.7 3.9
-7432.5 -376.5 3.6
-7271.0 -362.1 4.4
-7289.4 -359.8 4.5
-7349.2 -365.1 4.2
-7241.3 -348.1 4.3
-7281.5 -353.8 4.4
-7347.2 -352.3 4.2
-7439.3 -350.1 3.7
-7496.5 -349.3 3.3
-7515.1 -346.0 3.2
-7242.8 -334.1 4.3
-7259.9 -337.1 4.4
-7272.2 -334.1 4.4
-7317.0 -334.5 4.3
-7361.5 -330.4 3.7
-7390.1 -334.3 3.7
-7433.7 -336.1 3.5
-7509.8 -338.5 3.2
-7199.5 -316.5 4.2
-7241.9 -323.3 4.3
-7286.5 -320.1 4.3
-7376.4 -322.9 3.5
-7393.8 -319.2 3.2
-7432.5 -318.8 3.0
-7469.6 -317.4 2.8
-7492.1 -314.6 2.6
-7225.0 -309.3 4.3
-7244.6 -308.9 4.3
-7273.8 -303.1 4.2
-7296.1 -303.8 4.0
-7319.9 -304.1 3.8
-7345.8 -307.7 3.5
-7388.7 -302.7 3.0
-7420.1 -303.1 2.7
-7446.5 -302.8 2.4
-7505.8 -306.9 2.2
-7168.6 -290.5 4.1
-7228.9 -286.3 4.1
-7289.0 -284.7 3.8
-7319.1 -294.2 3.6
-7432.5 -287.1 2.3
-7446.8 -285.8 2.1
-7138.1 -273.5 4.0
-7196.9 -273.9 4.0
-7243.9 -273.4 4.0
-7347.2 -269.5 2.9
-7357.0 -277.9 3.0
-7407.7 -277.8 2.4
-7423.0 -278.9 2.3
-7225.5 -258.1 3.9
-7266.0 -258.3 3.6
-7348.6 -257.5 2.8
-7394.1 -258.3 2.3
-7422.0 -263.4 2.1
-7430.4 -258.9 1.9
-7135.1 -241.1 3.9
-7224.4 -240.0 3.8
-7273.1 -248.7 3.4
-7330.5 -240.0 2.7
-7362.3 -244.2 2.4
-7117.8 -232.0 4.0
-7163.9 -225.9 3.7
-7176.1 -233.1 3.7
-7190.4 -229.4 3.7
-7213.8 -224.7 3.7
-7256.1 -225.5 3.2
-7299.3 -229.2 2.8
-7315.6 -233.0 2.7
-7343.8 -234.0 2.4
-7359.9 -226.6 2.3
-7136.5 -215.1 3.8
-7163.8 -218.5 3.6
-7209.3 -213.3 3.6
-7229.7 -211.5 3.3
-7239.9 -214.1 3.2
-7267.7 -218.1 3.0
-7297.5 -211.8 2.6
-7340.9 -214.6 2.4
-7365.3 -214.1 2.2
-7417.7 -215.4 1.8
-7163.6 -199.4 3.5
-7200.1 -204.1 3.5
-7329.1 -199.3 2.4
-7388.0 -202.8 2.0
-7184.0 -183.3 3.4
-7239.9 -183.9 3.0
-7257.7 -184.3 2.9
-7269.0 -183.1 2.8
-7327.3 -181.1 2.3
-7358.2 -187.8 2.1
-7160.7 -174.3 3.4
-7230.2 -174.2 3.1
-7273.6 -164.9 2.7
-7286.1 -169.2 2.6
-7372.9 -171.8 1.9
-7223.9 -157.6 3.0
-7241.6 -151.3 2.9
-7272.2 -157.0 2.6
-7302.8 -158.5 2.4
-7358.8 -156.4 2.0
-7375.1 -156.3 1.8
-7405.8 -157.2 1.6
-7421.6 -153.8 1.5
-7437.0 -152.4 1.3
-7179.7 -135.2 3.3
-7196.9 -136.6 3.1
-7273.8 -142.5 2.6
-7328.4 -134.7 2.1
-7346.7 -136.1 2.0
-7357.2 -142.8 1.9
-7406.4 -138.1 1.5
-7149.3 -123.8 3.4
-7214.2 -120.4 2.9
-7272.7 -127.7 2.5
-7296.2 -123.0 2.3
-7320.1 -122.0 2.1
-7417.0 -120.7 1.3
-7448.4 -128.8 1.1
-7138.2 -108.3 3.4
-7153.8 -110.0 3.3
-7210.3 -108.2 2.9
-7228.4 -109.3 2.7
-7238.3 -112.0 2.7
-7297.4 -106.9 2.2
-7376.8 -112.2 1.6
-7133.6 -96.2 3.4
-7155.2 -98.3 3.2
-7175.7 -97.3 3.1
-7208.5 -98.2 2.8
-7238.7 -90.6 2.6
-7258.0 -98.3 2.4
-7272.9 -99.1 2.3
-7358.1 -92.6 1.6
-7401.4 -93.7 1.3
-7466.1 -91.3 0.8
-7223.8 -78.6 2.6
-7288.7 -77.2 2.1
-7451.8 -81.0 0.9
-7094.3 -60.7 3.5
-7119.9 -63.1 3.3
-7147.6 -65.5 3.1
-7208.1 -62.2 2.6
-7220.7 -63.5 2.5
-7302.7 -68.5 1.9
-7328.2 -61.8 1.7
-7045.0 -53.8 2.7
-7087.7 -45.1 3.5
-7193.5 -50.5 2.7
-7225.7 -53.3 2.5
-7256.9 -48.2 2.3
-7301.2 -51.8 2.0
-7377.1 -49.1 1.5
-7385.5 -51.2 1.4
-7085.5 -31.5 3.4
-7240.1 -31.6 2.6
-7266.1 -31.2 2.4
-7330.7 -38.1 1.9
-7343.4 -36.0 1.9
-7374.0 -32.8 1.7
-7393.8 -35.9 1.5
-7402.4 -36.4 1.5
-7433.3 -32.7 1.3
-6984.4 -16.9 1.7
-7055.8 -22.2 3.0
-7119.1 -22.6 3.4
-7194.1 -18.0 3.0
-7220.4 -23.5 2.8
-7241.3 -17.2 2.7
-7281.6 -19.6 2.4
-7401.2 -18.2 1.7
-7419.5 -21.3 1.5
-7466.6 -14.5 1.3
-7480.4 -14.4 1.2
-6986.2 -8.6 1.7
-7253.3 -7.1 2.7
-7289.4 0.2 2.6
-7375.1 -7.1 1.9
-7434.7 -6.8 1.6
-7469.5 0.2 1.4
-7475.8 -5.1 1.3
-7495.4 -2.0 1.2
-6989.5 10.8 2.0
-7108.1 11.3 3.2
-7184.1 13.2 3.2
-7198.0 13.2 3.3
-7224.6 10.7 3.1
-7300.7 10.4 2.6
-7314.9 14.7 2.6
-7372.2 14.5 2.2
-7389.3 6.6 2.0
-7417.0 6.5 1.8
-7494.5 5.9 1.3
-6832.0 26.9 4.0
-6898.3 29.7 2.6
-6939.8 26.4 1.7
-6990.1 27.3 2.3
-7026.6 26.0 3.2
-7064.8 28.4 3.2
-7080.1 22.2 3.2
-7152.9 30.4 3.2
-7168.4 27.4 3.2
-7178.7 29.9 3.2
-7387.3 28.4 2.2
-7424.9 27.5 2.0
-7435.3 24.6 1.9
-6913.7 37.7 2.4
-6956.2 38.7 1.8
-6988.3 37.9 2.5
-7115.6 42.1 3.1
-7140.1 40.6 3.1
-7239.1 43.9 3.1
-7253.0 35.9 3.2
-7388.3 36.2 2.3
-7462.0 41.7 1.9
-6900.1 55.9 2.9
-6936.6 51.9 2.2
-7018.0 54.9 3.3
-7163.4 51.1 3.1
-7316.2 53.5 2.9
-7346.5 58.5 2.8
-7390.6 58.3 2.5
-7402.1 60.3 2.5
-7422.6 50.7 2.2
-7438.9 59.9 2.2
-6793.9 70.0 4.7
-6809.8 73.7 4.6
-6974.3 73.1 2.8
-7042.7 69.7 3.2
-7091.3 73.3 3.0
-7109.8 73.7 3.0
-7150.5 75.6 3.0
-7242.7 66.0 3.0
-7250.6 70.7 3.0
-7345.6 72.3 2.9
-7445.5 71.1 2.3
-6831.0 83.5 4.5
-6898.0 86.5 4.1
-6950.9 84.8 3.0
-7042.1 81.8 3.1
-7312.0 87.4 3.0
-7346.7 82.7 3.0
-7363.9 81.4 2.9
-7439.9 86.9 2.5
-7451.3 86.5 2.4
-6788.0 105.1 4.7
-6824.4 104.2 4.5
-6831.0 103.0 4.5
-6898.8 103.3 4.2
-6926.7 104.8 4.0
-6938.2 98.4 3.5
-7045.2 98.8 2.8
-7064.4 99.9 2.8
-7120.9 98.5 2.9
-7160.9 103.5 2.9
-7178.3 98.8 2.9
-7212.1 104.7 2.9
-7228.8 99.7 2.9
-7241.1 98.0 2.9
-7315.3 100.9 2.9
-7363.7 98.8 2.9
-7377.8 103.7 2.9
-7386.4 97.9 2.9
-6762.2 119.7 4.8
-6839.5 120.0 4.4
-6863.3 118.3 4.3
-6879.7 112.3 4.2
-6913.3 117.1 4.1
-6957.7 115.6 3.7
-7043.6 116.2 2.8
-7072.2 117.1 2.8
-7211.9 118.4 2.8
-7274.1 115.2 2.8
-7415.6 116.4 2.9
-6743.0 133.8 4.8
-6759.7 129.5 4.8
-6802.3 133.0 4.6
-6840.1 126.0 4.4
-7073.9 130.4 2.7
-7123.5 132.8 2.7
-7176.7 132.4 2.7
-7192.2 126.1 2.8
-7283.0 130.0 2.8
-7320.1 130.7 2.8
-7378.7 128.3 2.8
-7389.7 130.9 2.9
-7424.9 130.6 2.9
-6718.6 148.2 4.9
-6778.0 140.7 4.7
-6805.3 143.2 4.5
-6864.1 141.9 4.3
-6878.6 141.8 4.1
-6926.6 145.5 3.3
-7063.3 143.5 2.7
-7076.4 146.2 2.6
-7130.6 144.7 2.7
-7208.3 142.2 2.7
-7229.6 148.0 2.6
-7239.0 146.7 2.6
-6715.5 160.8 4.9
-6758.9 163.8 4.7
-6792.8 155.9 4.6
-6815.8 164.1 4.1
-6852.6 158.8 3.8
-6868.4 160.2 3.5
-6892.5 163.8 3.0
-7093.4 162.4 2.5
-7147.2 162.6 2.5
-7225.7 164.3 2.7
-7254.6 157.2 2.8
-7284.8 163.1 2.9
-7373.7 159.6 2.8
-7404.5 160.0 2.8
-6729.7 175.4 4.8
-6792.5 179.2 3.8
-6819.3 177.9 3.5
-6849.0 177.2 3.1
-6877.4 172.3 2.8
-7168.1 178.5 2.7
-7184.3 176.3 2.8
-7196.4 179.4 2.8
-7245.0 178.7 2.8
-7258.2 180.4 2.8
-7286.0 171.7 2.8
-7378.0 177.8 2.8
-6681.1 190.9 5.0
-6729.3 190.0 4.4
-6761.1 187.2 4.0
-6778.4 195.5 3.4
-6789.6 195.4 3.2
-6809.1 192.7 3.0
-6818.8 188.8 3.0
-6836.5 194.7 2.5
-7119.6 188.7 2.7
-7148.0 194.1 2.8
-7194.8 195.1 2.8
-7272.5 191.5 2.8
-7288.8 192.3 2.8
-7341.8 191.4 2.8
-7375.5 186.7 2.8
-6659.8 207.6 4.7
-6667.0 204.9 4.7
-6730.7 205.8 3.7
-6823.9 201.9 2.4
-7161.7 209.0 2.8
-7206.9 207.4 2.8
-7226.6 201.6 2.8
-7265.8 204.1 2.8
-6682.2 219.1 3.8
-6758.2 221.1 2.6
-6794.9 217.2 2.2
-6837.5 217.5 1.6
-7225.9 225.3 2.8
-7256.6 225.3 2.8
-7312.9 218.4 2.8
-7342.5 224.1 2.7
-7357.0 218.5 2.7
-6635.4 236.8 3.8
-6760.7 237.2 1.9
-6774.8 238.8 1.6
-6806.4 234.5 1.3
-7170.1 230.9 2.8
-7224.6 230.7 2.8
-7273.8 233.9 2.8
-6658.8 255.0 2.7
-6703.6 254.0 2.0
-7195.4 246.9 2.7
-6698.7 266.4 1.6
-6760.3 269.8 0.5
-6777.3 267.1 0.4
-7224.7 266.9 2.4
-7244.2 261.9 2.7
-6655.2 280.9 1.7
-6671.2 280.4 1.4
-6697.4 282.2 1.0
-6712.7 280.2 0.8
-6786.2 278.2 -0.1
-7240.8 282.9 2.1
-7268.8 278.5 2.6
-7288.6 285.1 2.7
-7301.9 275.8 2.7
-7319.0 285.2 2.7
-6716.0 300.6 -0.1
-6731.1 299.8 -0.2
-6774.2 291.3 -0.4
-6673.2 310.7 0.1
-6718.0 324.8 -1.0
-7282.2 325.9 1.2
-4920.6 85.9 1.3
-4898.6 99.1 1.5
-4921.8 92.4 1.4
-4853.5 127.6 1.5
-4883.1 130.8 1.8
-4840.5 161.2 1.8
-4825.2 169.6 1.7
-4786.6 204.8 1.7
-4765.2 217.5 1.6
-4781.9 218.7 1.7
-4766.8 233.8 1.4
-4727.1 260.0 0.9
-4712.4 275.1 0.7
-4680.0 288.5 0.6
-4718.0 303.0 0.9
-4695.3 322.4 1.6
-4703.4 319.3 1.5
-4634.8 336.8 2.0
-4644.9 350.5 2.4
-4587.6 372.1 2.5
-4602.8 368.2 2.7
-4613.9 366.6 2.7
-4664.7 362.5 2.7
-4613.0 387.1 2.6
-4635.4 377.7 2.8
-4555.1 396.4 2.2
-4631.7 396.7 2.7
-4658.1 394.0 2.9
-4682.2 396.4 3.0
-4526.2 410.8 2.0
-4572.5 408.4 2.2
-4586.1 411.3 2.3
-4607.3 411.4 2.4
-4631.3 411.7 2.6
-4529.3 431.2 1.8
-4552.8 422.5 2.0
-4572.7 430.6 2.0
-4584.2 425.3 2.2
-4613.6 445.8 2.2
-4629.0 438.4 2.3
-4587.2 458.7 2.1
-4607.0 456.5 2.2
-4614.5 454.6 2.2
-4637.2 459.3 2.3
-4659.2 458.0 2.4
-4528.2 469.3 1.8
-4650.6 476.6 2.3
-4510.5 486.3 1.7
-4568.0 487.1 1.9
-4603.9 487.1 2.1
-4621.9 490.6 2.2
-4508.5 502.0 1.6
-4526.1 504.3 1.7
-4544.0 499.6 1.8
-4553.3 504.1 1.8
-4644.4 514.1 2.3
-4556.8 533.8 1.8
-4584.2 536.0 1.9
-4601.1 527.2 2.0
-4643.0 531.9 2.2
-4568.6 545.9 1.9
-4636.3 552.0 2.2
-4660.9 545.6 2.3
-4497.6 565.0 1.4
-4517.1 562.8 1.5
-4529.9 558.6 1.6
-4552.9 560.1 1.7
-4574.3 559.6 1.8
-4621.7 566.1 2.1
-4515.9 577.3 1.5
-4558.5 573.2 1.7
-4574.4 577.8 1.8
-4588.4 573.4 1.9
-4617.7 579.2 2.0
-4651.5 573.5 2.2
-4497.7 589.5 1.3
-4486.9 638.0 1.1
-4462.9 670.0 1.0
-4452.9 700.6 1.0
-4453.6 715.1 1.1
-4451.0 740.3 1.1
-4448.3 758.9 1.2
-4455.2 776.1 1.2
-4433.0 782.8 1.2
-4606.9 2273.5 1.8
-4596.5 2296.5 1.6
-4610.2 2312.7 1.0
-4627.1 2312.7 0.8
-4577.1 2325.4 1.5
-4593.3 2334.2 1.0
-4597.7 2353.1 0.8
-4563.0 2371.2 1.2
-4596.2 2387.4 1.0
-4589.4 2414.9 0.9
-4592.1 2439.6 1.0
-4567.4 2469.5 1.1
-4576.7 2474.6 1.1
-4583.9 2565.4 1.0
-4471.8 2623.4 1.1
-4484.3 2638.2 0.9
-4441.0 2654.4 0.9
-4400.8 2670.1 0.7
-4416.1 2664.1 0.8
-4425.0 2673.0 0.7
-4356.7 2712.4 0.3
-4323.4 2730.7 0.6
-4310.3 2742.9 0.8
-4322.5 2743.5 0.8
-4341.3 2745.6 0.7
-4365.2 2743.2 0.7
-4340.2 2761.9 0.8
-4280.4 2775.6 0.3
-4296.5 2777.9 0.5
-4253.5 2793.0 -0.0
-4276.6 2791.9 0.2
-4275.4 2803.3 0.1
-4374.2 2799.9 0.8
-4401.7 2805.1 0.7
-4253.1 2822.0 -0.0
-4307.2 2821.2 0.3
-4204.5 2836.4 -0.3
-4231.4 2831.1 -0.1
-4249.6 2829.4 -0.0
-4394.4 2829.0 0.8
-4410.3 2828.7 0.7
-4194.1 2853.2 -0.1
-4209.2 2843.4 -0.2
-4218.2 2845.1 -0.2
-4321.4 2843.4 0.3
-4336.2 2847.3 0.4
-4352.7 2843.6 0.6
-4171.6 2863.3 0.1
-4191.0 2864.5 0.0
-4200.4 2863.7 -0.0
-4237.0 2858.3 -0.1
-4326.8 2867.1 0.4
-4350.2 2862.6 0.5
-4365.9 2867.7 0.6
-4276.4 2875.9 0.1
-4311.8 2874.1 0.4
-4322.8 2882.9 0.4
-4350.6 2881.7 0.4
-4368.3 2880.8 0.5
-4387.1 2882.3 0.7
-4188.8 2896.8 0.1
-4277.2 2891.2 0.1
-4312.8 2888.6 0.4
-4366.1 2897.8 0.5
-4144.4 2904.8 0.4
-4178.6 2903.6 0.2
-4193.7 2907.5 0.1
-4220.5 2908.8 0.2
-4252.5 2912.7 0.1
-4280.7 2911.4 0.3
-4290.6 2907.3 0.3
-4412.6 2907.6 0.8
-4446.6 2909.8 0.9
-4203.1 2923.1 0.0
-4232.5 2920.1 0.3
-4244.3 2922.0 0.2
-4294.6 2919.0 0.4
-4334.3 2927.3 0.5
-4349.7 2923.4 0.6
-4366.6 2918.8 0.6
-4410.5 2922.0 0.7
-4056.3 2939.5 1.2
-4247.0 2935.0 0.3
-4275.0 2938.2 0.2
-4342.5 2938.1 0.5
-4351.9 2936.5 0.6
-4388.5 2933.8 0.7
-4040.9 2951.6 1.4
-4097.8 2957.1 0.8
-4114.0 2950.0 0.7
-4207.8 2956.3 0.1
-4402.3 2948.3 0.7
-4413.3 2950.3 0.7
-4098.3 2967.2 0.9
-4369.7 2970.6 0.7
-4388.5 2964.3 0.8
-4440.2 2971.1 0.8
-4454.5 2971.4 0.9
-4473.3 2963.3 1.0
-4490.2 2971.8 1.0
-4023.5 2986.4 1.4
-4043.6 2981.7 1.3
-4071.3 2984.1 1.3
-4312.2 2978.6 0.6
-4326.2 2979.6 0.7
-4404.0 2985.5 0.9
-4430.4 2983.1 0.9
-3946.1 2999.1 1.0
-4026.8 3000.6 1.4
-4036.3 2994.4 1.4
-4156.4 2994.4 0.3
-4217.6 3000.0 -0.2
-4295.1 2995.0 0.3
-3922.5 3011.1 0.8
-4050.2 3017.3 1.5
-4086.4 3014.0 1.3
-4148.5 3014.8 0.8
-4159.6 3008.6 0.5
-4173.4 3012.4 0.3
-3885.7 3027.7 0.5
-3900.6 3028.6 0.6
-3918.6 3031.2 0.7
-3953.8 3029.9 1.0
-3989.5 3028.5 1.2
-4005.0 3023.4 1.3
-4022.1 3024.3 1.3
-4036.7 3032.7 1.4
-4084.4 3031.1 1.5
-4096.9 3032.6 1.4
-4159.8 3029.5 0.8
-3873.1 3039.1 0.6
-3917.1 3045.9 0.7
-4013.7 3044.4 1.3
-3863.1 3053.7 0.8
-3907.4 3054.5 0.9
-3916.3 3061.9 1.0
-3937.7 3055.4 0.8
-3983.6 3058.3 1.1
-4036.3 3054.1 1.3
-3899.7 3072.3 1.1
-4028.6 3069.8 1.3
-4044.1 3077.7 1.4
-4068.8 3070.2 1.5
-3890.0 3088.4 1.3
-3947.5 3093.1 1.5
-3983.2 3089.3 1.3
-3932.8 3099.9 1.5
-3945.7 3106.4 1.6
-3992.7 3106.3 1.6
-3997.0 3115.0 1.7
-4005.0 3120.1 1.8
-4020.5 3117.1 1.7
-3966.2 3133.5 2.1
-3724.7 3149.5 1.2
-3934.0 3145.8 2.3
-3963.6 3148.5 2.3
-3728.1 3163.8 1.1
-3831.4 3166.6 1.4
-3893.0 3166.1 1.7
-3907.1 3167.9 1.9
-3699.0 3182.4 0.9
-3842.4 3179.1 1.3
-3859.7 3179.0 1.3
-3869.8 3173.7 1.4
-3916.1 3181.9 1.6
-3796.5 3191.6 1.0
-3873.3 3195.8 1.2
-3907.3 3192.4 1.4
-3712.2 3205.9 0.8
-3741.9 3205.5 0.7
-3796.0 3211.3 0.7
-3854.8 3211.8 0.9
-3892.9 3205.7 1.1
-3697.4 3226.7 0.8
-3711.8 3222.2 0.7
-3737.0 3224.5 0.6
-3751.1 3225.3 0.6
-3845.9 3225.1 0.7
-3855.1 3225.2 0.7
-3681.5 3240.7 1.0
-3713.2 3243.1 0.9
-3734.3 3234.4 0.6
-3770.1 3241.8 0.4
-3786.5 3243.1 0.4
-3632.9 3251.9 1.1
-3750.6 3252.3 0.7
-3619.0 3268.1 1.1
-3631.7 3273.1 1.1
-3666.9 3264.9 1.1
-3707.5 3265.6 0.9
-3797.3 3263.8 0.5
-3840.7 3266.4 0.2
-3683.9 3286.1 1.1
-3713.8 3284.3 1.1
-3811.3 3284.3 0.7
-3617.4 3294.5 1.1
-3636.0 3302.8 1.1
-3617.6 3312.1 1.1
-3646.1 3313.8 1.0
-3663.2 3315.8 1.0
-3695.2 3313.6 1.0
-3725.5 3314.9 1.1
-3771.4 3310.6 1.1
-3600.1 3328.5 1.1
-3675.8 3328.7 0.9
-3585.4 3339.9 1.1
-3653.4 3338.9 1.0
-3576.5 3355.2 0.9
-3664.9 3355.7 1.0
-3682.6 3363.1 0.9
-3698.5 3357.5 0.9
-3719.9 3355.1 0.8
-3636.3 3374.5 0.9
-3541.7 3390.3 -0.3
-3562.4 3392.9 -0.1
-3630.3 3392.9 0.7
-3668.5 3387.7 0.9
-3572.1 3400.3 -0.2
-3588.8 3401.5 -0.0
-3677.9 3407.5 0.7
-3531.1 3417.2 -0.3
-3556.7 3423.1 -0.2
-3622.4 3416.4 0.2
-3637.9 3419.1 0.3
-3539.8 3436.8 0.1
-3591.1 3429.3 -0.1
-3487.6 3446.8 0.5
-3515.3 3450.9 0.6
-3615.9 3450.2 0.2
-3575.3 3465.0 0.4
-3608.6 3461.2 0.3
-3450.1 3473.9 0.3
-3486.4 3481.9 0.5
-3500.4 3482.0 0.6
-3590.1 3480.9 0.6
-3413.0 3496.0 0.4
-3426.9 3492.4 0.3
-3500.5 3493.2 0.6
-3488.4 3507.4 0.6
-3440.1 3522.8 0.5
-3468.9 3527.5 0.7
-3518.3 3526.1 0.9
-3526.7 3525.7 0.9
-3470.9 3541.1 0.7
-3496.7 3539.2 0.8
-3513.5 3534.5 0.9
-3472.4 3550.8 0.6
-3497.6 3554.4 0.8
-3399.0 3571.0 0.9
-3441.1 3567.8 1.1
-3393.8 3581.1 1.0
-3425.5 3584.4 0.8
-3275.0 3595.8 0.3
-3288.7 3594.0 0.3
-3303.2 3596.8 0.4
-3359.3 3600.7 1.2
-3334.2 3614.8 0.5
-3367.0 3613.8 1.1
-3437.7 3610.2 1.4
-3229.3 3623.7 -0.2
-3330.1 3631.3 0.6
-3351.5 3627.8 0.6
-3398.9 3623.6 1.5
-3198.6 3646.1 -0.5
-3216.8 3640.7 -0.5
-3231.0 3643.9 -0.5
-3306.9 3641.4 0.1
-3377.0 3639.1 0.8
-3393.6 3641.4 1.1
-3183.1 3659.9 -0.1
-3196.4 3661.6 -0.3
-3269.3 3656.8 -0.5
-3158.0 3676.8 0.3
-3293.4 3669.0 -0.5
-3151.7 3684.1 0.5
-3234.1 3685.7 -0.3
-3247.3 3688.7 -0.4
-3275.9 3688.6 -0.7
-3321.1 3686.5 -0.5
-3335.3 3690.2 -0.5
-3156.4 3702.7 0.8
-3218.1 3703.3 -0.1
-3141.6 3717.1 1.1
-3197.0 3722.9 0.5
-3224.4 3715.8 -0.0
-3261.0 3720.8 -0.4
-3302.5 3719.5 -0.7
-3317.3 3715.5 -0.8
-3107.5 3730.6 1.3
-3128.3 3729.1 1.2
-3196.1 3729.6 0.5
-3226.6 3733.7 0.2
-3271.2 3728.9 -0.4
-3109.5 3744.0 1.2
-3124.9 3748.1 1.1
-3134.7 3752.2 1.1
-3154.8 3751.4 1.0
-3179.5 3753.2 0.7
-3259.6 3750.7 -0.2
-3081.4 3761.7 1.3
-3093.4 3761.1 1.2
-3107.5 3763.0 1.2
-3119.9 3763.7 1.1
-3140.3 3765.0 1.0
-3170.4 3761.6 0.8
-3209.5 3765.7 0.4
-3067.9 3782.0 1.4
-3079.2 3780.8 1.3
-3090.2 3776.6 1.2
-3143.6 3777.2 0.9
-3112.6 3792.7 1.2
-3135.6 3789.9 0.9
-3150.3 3795.8 0.8
-3209.5 3794.9 0.4
-3227.3 3789.6 0.2
-3049.0 3804.0 1.0
-3093.8 3807.3 1.1
-3140.9 3812.0 1.2
-3119.4 3823.4 1.2
-3138.3 3825.3 1.1
-3185.9 3826.1 1.0
-3038.4 3840.1 1.4
-3079.0 3840.8 1.6
-3093.3 3839.2 1.6
-3106.4 3837.7 1.5
-3165.3 3838.0 1.3
-3007.5 3852.3 1.2
-3053.3 3851.9 1.5
-3096.5 3854.9 1.7
-3104.9 3853.1 1.8
-3140.1 3850.1 1.7
-2963.9 3869.3 1.2
-3005.9 3866.3 1.3
-3022.4 3869.7 1.3
-3038.2 3871.3 1.3
-3081.5 3865.8 1.5
-3134.4 3869.3 1.9
-3077.1 3885.7 1.4
-2956.6 3896.2 1.3
-3006.6 3901.1 1.1
-3065.0 3901.7 1.2
-3077.5 3902.1 1.3
-2963.8 3915.6 1.3
-2987.2 3916.1 1.2
-3001.4 3910.7 1.2
-3079.1 3910.2 1.2
-2932.1 3930.5 1.1
-2955.2 3926.4 1.2
-2977.7 3931.1 1.2
-2943.1 3943.7 1.1
-3045.8 3942.1 1.0
-2855.4 3960.6 0.6
-2865.0 3962.8 0.6
-2896.7 3959.9 0.9
-2926.7 3956.8 1.2
-2945.1 3961.9 1.3
-2988.5 3953.4 1.1
-3017.2 3956.8 1.1
-2852.1 3972.7 0.5
-2960.5 3976.9 1.4
-2991.0 3975.2 1.5
-2827.5 3992.2 0.3
-2839.1 3985.0 0.4
-2874.0 3983.5 0.7
-2879.8 3990.7 0.7
-2930.9 3984.8 1.1
-2955.7 3986.6 1.3
-2986.4 3992.1 1.6
-2805.3 4000.6 0.3
-2823.6 3998.9 0.3
-2871.7 4001.6 0.7
-2797.8 4021.9 0.3
-2810.6 4021.9 0.4
-2841.9 4020.1 0.5
-2856.4 4019.2 0.6
-2871.4 4017.8 0.6
-2887.8 4014.2 0.8
-2899.6 4016.2 0.9
-2909.5 4023.2 0.9
-2805.4 4034.4 0.4
-2864.9 4028.6 0.6
-2886.8 4048.3 0.8
-2897.6 4050.9 0.9
-2718.6 4064.7 0.1
-2782.8 4067.9 0.4
-2791.6 4066.2 0.4
-2871.4 4066.6 0.9
-2774.3 4074.6 0.3
-2823.4 4081.5 0.6
-2869.3 4080.1 0.9
-2687.5 4094.2 0.3
-2730.2 4088.6 0.2
-2752.8 4096.9 0.2
-2777.2 4093.2 0.3
-2797.3 4095.2 0.4
-2856.0 4091.7 0.8
-2669.8 4109.3 0.3
-2689.4 4103.7 0.3
-2705.7 4110.7 0.3
-2735.9 4108.2 0.3
-2765.1 4105.2 0.3
-2797.3 4107.1 0.4
-2807.0 4106.3 0.5
-2670.0 4125.3 0.6
-2690.0 4122.4 0.2
-2767.8 4123.0 0.4
-2705.3 4138.0 0.3
-2718.0 4140.0 0.2
-2734.7 4135.4 0.2
-2752.3 4143.1 0.2
-2777.9 4135.3 0.3
-2678.2 4150.6 0.7
-2752.0 4151.5 0.1
-2779.8 4150.0 0.2
-2702.2 4164.1 0.6
-2733.9 4171.9 0.3
-2731.9 4183.5 0.3
-2716.5 4198.0 0.5
-2733.8 4201.2 0.3
-2708.3 4229.4 0.7
-2647.0 4246.5 1.3
-2662.6 4258.6 1.2
-2614.5 4268.4 1.3
-2603.2 4290.1 1.1
-2614.1 4288.6 1.0
-2479.5 4298.6 2.4
-2510.6 4298.3 2.0
-2460.5 4317.0 2.1
-2481.5 4322.4 1.8
-2524.2 4317.5 1.3
-2538.6 4321.1 1.0
-2585.0 4319.9 0.4
-2596.2 4321.9 0.3
-2612.3 4315.1 0.2
-2495.0 4331.2 1.5
-2510.3 4331.1 1.3
-2543.1 4331.1 0.8
-2489.8 4350.0 1.3
-2463.0 4365.7 1.1
-2481.8 4362.2 1.1
-2509.6 4361.2 0.9
-2526.4 4359.6 0.8
-2536.1 4368.1 0.5
-2567.7 4366.9 0.1
-2579.4 4358.5 0.0
-2421.4 4379.5 1.2
-2510.8 4375.8 0.5
-2552.8 4374.3 0.2
-2424.0 4388.3 1.1
-2460.0 4393.5 0.8
-2482.5 4390.3 0.7
-2491.7 4390.4 0.6
-2433.5 4403.5 1.0
-2478.2 4409.5 0.6
-2544.1 4411.2 0.1
-2504.5 4423.4 0.4
-2435.9 4439.7 0.9
-2466.9 4442.3 0.6
-2461.6 4458.2 0.6
-2497.9 4452.2 0.3
-2528.3 4453.9 0.0
-2453.1 4469.7 0.6
-2481.7 4467.8 0.4
-2491.8 4467.1 0.3
-2512.0 4463.4 0.1
-2423.6 4481.2 0.9
-2436.6 4485.1 0.7
-2495.2 4497.2 0.2
-2507.1 4497.4 0.1
-2449.4 4509.4 0.6
-2490.5 4515.1 0.2
-2450.5 4528.8 0.6
-2461.4 4532.6 0.5
-2484.2 4524.8 0.3
-2429.7 4540.0 0.8
-2477.1 4539.7 0.3
-2454.2 4562.7 0.5
-2494.4 4591.2 0.1
-2465.1 4622.6 0.3
-2478.5 4619.5 0.2
-2445.4 4629.7 0.5
-2462.1 4630.7 0.3
-2483.6 4668.1 -0.4
-2450.4 4679.3 -0.0
-2498.0 4676.3 -0.6
-2493.3 4694.2 -0.7
-2480.4 4707.7 -0.6
-2461.6 4723.4 -0.5
-2493.0 4733.8 -0.7
-2482.3 4768.2 -0.4
-2495.4 4768.9 -0.5
-2482.3 4786.3 -0.4
-2507.7 4783.8 -0.5
-2459.9 4799.9 -0.2
-2464.6 4811.2 -0.2
-2495.9 4812.8 -0.0
-2482.0 4833.2 0.1
-2494.4 4825.6 0.1
-2511.6 4830.4 0.2
-2447.9 4839.6 0.0
-2479.4 4844.0 0.1
-2449.4 4856.0 0.1
-2492.3 4874.2 0.2
-2510.6 4875.3 0.2
-2520.0 4887.3 0.2
-2489.9 4898.6 0.3
-2452.8 4922.1 0.5
-2491.8 4919.9 0.4
-2524.9 4936.6 0.3
-2476.3 4947.9 0.5
-2474.7 4959.7 0.6
-2526.9 4962.5 0.3
-2499.2 4982.9 0.6
-2509.9 4975.1 0.5
-2525.9 4979.9 0.4
-2474.4 4992.4 0.9
-2465.3 5009.4 1.2
-2511.6 5026.0 1.0
-2509.3 5038.2 1.1
-2526.4 5042.0 1.0
-2483.8 5055.8 1.2
-2497.4 5070.6 1.1
-2506.8 5071.1 1.1
-2476.6 5079.9 1.2
-2510.8 5087.6 1.0
-2464.1 5101.2 1.1
-2483.9 5096.6 1.1
-2528.6 5114.1 1.0
-2475.2 5142.1 1.2
-2494.0 5145.7 1.3
-2523.3 5157.5 1.2
-2534.9 5170.8 1.1
-2506.7 5198.9 1.7
-2537.5 5205.8 1.5
-2521.1 5213.9 1.8
-2508.9 5247.6 2.5
-2525.7 5252.1 2.5
-2476.9 5260.5 3.1
-2493.5 5275.7 3.1
-2513.5 5288.3 2.9
-2524.4 5298.1 2.7
-2543.5 5298.0 2.6
-2513.3 5328.0 3.0
-2483.5 5342.9 3.7
-2490.6 5340.0 3.5
-2520.8 5334.9 2.9
-2540.5 5341.2 2.6
-2553.8 5335.4 2.3
-2539.6 5368.2 2.6
-2506.2 5400.2 3.1
-2554.0 5396.9 2.4
-2496.3 5411.9 3.0
-2522.3 5408.8 2.8
-2522.9 5428.8 2.4
-2557.1 5432.8 2.0
-2511.0 5446.5 2.1
-2529.2 5448.1 1.9
-2551.1 5443.1 1.9
-2527.4 5459.4 1.8
-2552.3 5460.5 1.6
-2494.4 5483.3 1.7
-2522.9 5485.1 1.5
-2535.1 5507.6 1.3
-2539.1 5516.1 1.2
-2553.5 5514.8 1.1
-2509.3 5536.5 1.3
-2528.6 5531.3 1.2
-2511.6 5544.8 1.2
-2506.9 5567.8 1.1
-2537.4 5562.6 1.1
-2528.3 5581.0 1.1
-2525.3 5592.1 1.2
-2538.9 5595.2 1.1
-2572.7 5597.2 1.0
-2537.7 5611.5 1.2
-2543.4 5641.7 1.5
-2586.1 5634.7 1.3
-2525.0 5655.9 1.6
-2550.4 5670.1 1.6
-2567.4 5670.6 1.6
-2551.3 5683.0 1.5
-2573.0 5682.3 1.6
-2538.1 5712.9 1.1
-2566.2 5713.7 1.3
-2594.5 5713.3 1.6
-2558.6 5733.0 1.2
-2570.3 5755.2 1.2
-2537.3 5769.0 0.6
-2555.6 5774.4 0.8
-2602.8 5770.7 1.5
-2556.8 5788.7 0.7
-2587.6 5784.8 1.1
-2550.8 5806.9 0.4
-2604.2 5799.2 1.1
-2555.2 5829.1 0.1
-2626.3 5834.6 0.6
-2602.6 5844.9 0.3
-2639.9 5862.7 0.2
-2573.8 5877.4 -0.1
-2615.9 5880.8 0.1
-2583.2 5891.6 0.3
-2616.6 5888.9 0.3
-2633.1 5891.3 0.4
-2639.5 5892.8 0.5
-2656.2 5895.7 0.6
-2609.4 5907.3 0.7
-2669.4 5910.8 0.7
-2661.8 5972.4 0.4
-2626.6 5985.9 0.7
-2678.2 5982.7 0.3
-2641.5 6014.1 0.6
-2671.1 6009.4 0.4
-2690.9 6011.2 0.2
-2709.1 6010.3 0.1
-2717.4 6041.7 0.1
-2690.4 6063.2 0.5
-2706.0 6059.2 0.3
-2672.7 6071.1 0.7
-2690.4 6068.3 0.5
-2674.5 6084.8 0.8
-2689.4 6085.1 0.7
-2732.2 6087.8 0.3
-2719.5 6118.1 0.6
-2753.6 6122.1 0.3
-2706.8 6131.9 0.9
-2748.8 6137.4 0.5
-2766.7 6132.0 0.3
-2761.2 6145.0 0.5
-2745.7 6165.7 0.9
-2780.0 6158.7 0.4
-2750.1 6177.9 1.0
-2792.4 6175.9 0.5
-2766.8 6197.1 1.2
-2776.0 6190.8 0.9
-2754.0 6205.0 1.5
-2809.4 6209.4 0.9
-2828.4 6208.4 0.6
-2834.9 6211.8 0.6
-2855.4 6224.7 0.4
-2838.2 6238.5 1.0
-2821.7 6257.4 1.7
-2849.6 6249.5 1.0
-2812.0 6270.1 2.1
-2823.0 6268.7 1.9
-2820.1 6279.5 2.2
-2850.2 6284.2 1.6
-2864.5 6280.3 1.2
-2897.3 6279.7 0.4
-2870.2 6301.3 1.7
-2882.0 6297.1 1.3
-2895.6 6300.4 1.1
-2912.4 6299.3 0.6
-2918.3 6317.5 1.1
-2971.1 6330.2 0.3
-4994.9 457.2 4.8
-4986.8 474.3 4.5
-5015.2 507.5 4.1
-5075.1 579.2 4.0
-5105.5 585.8 4.1
-5220.1 593.8 3.1
-5234.5 598.2 2.9
-5085.0 612.3 4.0
-5100.4 613.3 4.0
-5116.6 609.7 3.8
-5191.3 612.1 3.4
-5219.5 610.2 3.2
-5236.4 611.8 2.7
-5117.3 623.8 3.9
-5131.8 630.6 3.9
-5158.5 631.0 3.7
-5239.5 644.6 2.4
-5178.2 659.6 3.8
-5219.4 670.2 2.8
-5237.9 675.1 2.2
-5209.3 687.1 2.9
-5249.9 689.5 1.9
-5301.8 702.1 1.1
-4047.8 271.3 2.3
-4107.9 284.0 2.2
-4123.4 285.3 2.1
-4005.9 298.6 2.2
-4019.7 299.5 2.1
-4062.2 296.3 2.1
-4144.3 295.9 2.0
-3916.4 315.2 2.1
-3944.3 309.5 2.1
-3963.1 310.5 2.1
-4006.5 315.3 2.0
-4054.2 308.4 2.0
-4108.6 308.9 2.0
-4137.9 308.3 2.0
-3869.6 327.3 2.1
-3927.6 328.3 2.0
-3957.3 329.8 2.0
-4034.8 326.5 1.9
-4060.2 325.4 1.9
-3809.9 342.0 2.0
-3873.6 343.8 2.0
-3886.2 337.3 2.0
-3917.8 338.4 2.0
-4023.7 340.8 1.8
-4032.0 345.5 1.9
-3844.7 354.1 1.9
-3854.3 358.5 1.9
-3869.5 361.3 1.9
-3889.3 359.4 1.9
-3943.9 359.6 1.8
-4060.3 356.6 2.0
-4122.6 359.8 2.2
-3829.2 369.0 1.9
-3837.6 370.5 1.8
-3910.5 370.6 1.9
-3930.6 370.2 1.9
-3946.7 376.3 2.0
-3963.7 368.8 2.0
-4005.6 370.6 2.1
-4077.9 368.1 2.2
-4107.1 368.5 2.3
-4142.7 370.1 2.4
-4167.2 374.4 2.4
-3766.2 391.3 1.9
-3796.2 383.2 1.8
-3811.3 383.7 1.9
-3882.7 385.8 2.0
-3897.2 387.8 2.1
-3944.8 387.9 2.2
-3991.7 390.7 2.3
-4023.4 389.9 2.4
-4038.1 386.8 2.4
-4078.7 382.2 2.4
-3677.1 404.1 1.9
-3734.8 397.1 1.9
-3745.7 405.2 2.0
-3763.2 398.8 2.0
-3779.9 405.2 2.1
-3843.6 396.8 2.1
-3856.7 403.5 2.2
-3884.2 403.5 2.3
-3925.8 404.1 2.4
-3945.7 400.6 2.4
-4064.2 402.5 2.6
-4077.8 399.2 2.6
-3679.3 412.7 2.0
-3764.4 420.8 2.1
-3824.0 418.1 2.3
-3856.3 418.6 2.4
-3955.1 412.6 2.6
-3970.8 416.0 2.6
-4065.4 414.0 2.8
-4081.8 416.0 2.9
-4093.3 420.1 3.0
-4122.2 413.3 2.9
-4168.9 418.3 3.1
-3629.4 433.2 1.4
-3642.4 429.4 1.6
-3663.8 429.9 1.6
-3719.3 435.0 1.7
-3730.9 428.3 1.8
-3864.7 435.5 2.2
-3901.2 435.9 2.3
-3917.4 427.8 2.4
-3944.4 428.9 2.4
-3959.8 432.7 2.5
-3978.1 429.4 2.5
-4021.9 431.9 2.7
-4122.2 426.9 3.0
-4157.1 432.0 3.1
-4173.0 429.1 3.2
-4180.5 433.4 3.1
-3655.9 449.1 1.4
-3685.8 442.4 1.6
-3708.8 444.7 1.6
-3750.6 446.1 1.8
-3793.8 444.6 1.9
-3825.3 450.5 2.0
-3866.1 443.1 2.1
-3916.0 449.5 2.3
-3930.9 447.5 2.3
-3993.0 449.9 2.5
-4006.5 449.3 2.5
-4039.5 449.6 2.7
-4052.6 446.9 2.7
-4184.4 443.9 3.2
-3586.9 462.8 0.6
-3600.6 465.4 0.7
-3675.5 462.3 1.2
-3693.5 461.8 1.3
-3718.3 462.9 1.5
-3746.9 460.7 1.7
-3775.8 457.8 1.8
-3835.3 465.0 1.9
-3942.8 462.6 2.3
-4033.8 465.5 2.6
-4171.6 463.1 3.0
-4183.7 460.2 3.1
-4197.8 457.6 3.2
-3596.0 478.9 0.6
-3634.1 471.8 0.7
-3644.5 473.8 0.7
-3707.8 481.2 1.0
-3720.6 480.1 1.1
-3780.2 479.7 1.5
-3811.2 480.9 1.6
-3932.5 475.2 2.2
-4037.7 477.4 2.5
-4062.7 478.9 2.6
-4079.1 478.4 2.7
-4159.0 474.2 2.9
-3602.0 487.9 0.6
-3641.1 492.9 0.8
-3746.8 493.7 1.1
-3778.1 490.9 1.2
-3812.2 486.9 1.5
-3912.9 491.6 2.0
-3928.1 494.0 2.0
-3942.4 496.1 2.1
-4045.4 491.6 2.5
-4090.1 495.1 2.6
-4109.9 493.4 2.7
-4204.4 496.5 3.0
-3536.4 507.3 0.5
-3571.0 504.6 0.6
-3603.0 505.3 0.7
-3692.5 505.0 0.9
-3706.6 510.1 1.0
-3723.6 507.2 1.0
-3737.9 505.1 1.1
-3841.3 502.1 1.4
-3858.6 508.8 1.5
-3870.6 511.5 1.5
-3903.7 505.0 1.7
-3910.6 506.5 1.7
-3931.8 510.7 1.7
-3974.6 503.3 2.1
-4048.0 503.9 2.4
-4112.7 511.5 2.6
-4122.1 507.2 2.6
-4155.2 503.7 2.8
-4182.1 507.9 2.8
-4212.9 506.6 2.9
-3527.2 523.0 0.4
-3550.5 521.6 0.5
-3574.0 518.5 0.6
-3603.8 523.2 0.7
-3632.5 517.9 0.8
-3807.6 525.3 1.3
-3823.5 525.1 1.4
-3835.3 519.8 1.4
-3910.1 517.4 1.6
-3942.8 526.6 1.7
-3955.0 518.4 1.8
-4019.5 517.7 2.1
-4033.5 519.8 2.1
-4109.0 519.7 2.5
-4136.8 522.5 2.6
-4150.6 522.0 2.6
-4187.4 518.1 2.8
-3512.5 539.1 0.5
-3551.6 539.6 0.4
-3583.0 538.1 0.5
-3602.4 540.7 0.5
-3633.1 538.6 0.7
-3660.0 540.9 0.7
-3700.5 535.5 0.9
-3767.7 537.2 1.1
-3796.5 541.3 1.2
-3824.8 541.5 1.3
-3838.5 537.4 1.4
-3853.9 536.7 1.5
-3928.8 540.7 1.7
-3945.7 533.4 1.8
-4106.6 532.0 2.3
-4216.2 540.0 2.7
-3534.8 548.3 0.5
-3640.5 552.2 0.6
-3739.1 555.2 0.9
-3753.6 553.0 1.0
-3769.1 549.3 1.1
-3810.3 549.9 1.2
-3843.6 547.8 1.3
-3925.4 551.3 1.6
-3947.4 551.0 1.7
-4019.5 549.4 2.0
-4127.0 553.1 2.3
-4189.4 548.5 2.6
-3480.3 565.3 0.7
-3499.0 566.9 0.6
-3511.7 566.7 0.6
-3555.2 563.2 0.6
-3567.0 566.3 0.6
-3703.0 571.7 0.6
-3761.7 567.4 0.9
-3795.0 562.1 1.0
-3838.6 571.0 1.1
-3859.5 567.9 1.2
-3880.1 562.3 1.3
-3969.8 566.5 1.6
-4008.5 568.3 1.8
-4016.3 567.3 1.8
-4169.9 563.3 2.4
-3475.1 581.5 0.8
-3509.3 585.5 0.7
-3558.8 581.4 0.7
-3611.3 576.8 0.6
-3631.4 583.7 0.6
-3664.4 586.1 0.5
-3792.3 582.0 0.9
-3825.1 584.5 1.0
-3854.8 583.3 1.1
-3868.1 580.9 1.1
-3911.8 583.1 1.3
-3961.4 586.2 1.4
-3986.3 582.2 1.6
-4172.9 583.8 2.2
-4215.2 578.9 2.4
-4240.1 581.9 2.5
-3499.6 600.3 0.8
-3556.1 597.0 0.7
-3612.0 599.8 0.7
-3629.3 594.4 0.6
-3693.6 597.5 0.6
-3703.4 600.5 0.6
-3828.6 601.3 0.8
-3889.1 600.3 1.1
-3976.5 593.4 1.4
-3993.6 598.1 1.4
-4186.6 598.4 2.1
-3535.6 611.5 0.8
-3571.6 613.7 0.8
-3599.8 608.2 0.7
-3715.9 613.4 0.6
-3730.2 612.9 0.6
-3760.4 612.7 0.6
-3811.9 616.0 0.6
-3827.9 615.3 0.7
-3858.8 610.5 0.9
-3925.4 610.0 1.1
-3944.3 608.4 1.2
-3959.0 610.9 1.2
-3977.5 608.8 1.3
-4002.8 607.4 1.4
-4095.5 614.9 1.7
-4119.8 606.9 1.8
-4141.2 609.8 1.9
-4241.8 615.7 2.2
-3418.0 626.5 0.7
-3449.1 625.5 0.7
-3504.9 625.3 0.7
-3525.9 628.0 0.7
-3540.8 626.3 0.7
-3550.5 625.2 0.7
-3631.7 629.3 0.8
-3708.3 628.5 0.7
-3732.0 628.9 0.7
-3768.1 631.4 0.7
-3796.2 625.2 0.6
-3827.7 622.7 0.6
-3839.0 625.4 0.7
-3868.8 628.4 0.7
-4038.6 630.2 1.3
-4111.9 624.6 1.7
-4213.2 628.6 2.0
-3403.7 642.9 0.8
-3513.5 642.9 0.7
-3555.4 645.4 0.7
-3610.9 639.7 0.8
-3675.4 643.7 0.8
-3795.3 645.6 0.7
-3837.9 642.7 0.6
-3933.2 641.3 0.9
-3944.3 646.3 0.9
-3957.0 642.6 0.9
-4049.9 641.4 1.3
-4082.2 643.5 1.4
-4095.3 639.4 1.5
-4129.6 646.4 1.5
-4158.9 642.8 1.7
-4169.4 640.1 1.7
-3370.8 653.6 1.0
-3403.7 652.9 0.9
-3496.2 660.2 0.6
-3555.0 653.0 0.7
-3586.6 654.4 0.7
-3684.9 661.7 0.8
-3722.7 652.0 0.8
-3793.3 658.2 0.8
-3807.3 653.9 0.7
-3837.2 652.8 0.7
-4005.1 655.6 1.0
-4052.5 653.0 1.2
-4091.2 654.4 1.3
-4151.1 656.3 1.5
-4168.6 658.3 1.6
-4270.3 652.6 2.3
-3314.8 668.0 1.2
-3332.6 670.4 1.1
-3343.8 673.3 1.1
-3364.2 676.3 1.1
-3390.6 675.0 1.0
-3419.6 676.5 0.9
-3484.1 671.9 0.8
-3509.1 667.9 0.6
-3523.4 674.6 0.6
-3574.6 666.9 0.6
-3751.6 670.4 0.7
-3873.3 676.4 0.8
-3915.6 676.6 0.7
-3942.7 669.9 0.7
-3957.7 667.1 0.7
-3978.0 672.6 0.8
-3993.3 668.8 0.8
-4031.5 666.9 1.0
-4138.4 670.8 1.4
-4218.6 670.5 1.7
-4228.1 674.3 1.7
-4275.7 672.3 2.2
-3270.5 690.9 1.4
-3453.9 688.0 0.9
-3478.8 681.8 0.8
-3495.8 682.4 0.8
-3508.5 689.4 0.8
-3535.9 683.9 0.6
-3557.1 691.6 0.6
-3625.5 686.9 0.6
-3647.0 685.2 0.6
-3664.1 688.5 0.6
-3675.4 691.3 0.6
-3719.8 691.0 0.6
-3733.8 682.6 0.8
-3829.3 686.3 0.8
-3881.1 686.4 0.8
-3900.5 685.8 0.8
-3919.1 683.9 0.8
-3934.4 687.4 0.8
-4022.3 688.4 0.8
-4034.6 690.0 0.8
-4107.5 683.4 1.1
-4169.6 688.9 1.3
-4197.4 691.3 1.4
-3259.5 701.6 1.4
-3342.0 697.2 1.2
-3401.0 698.6 1.1
-3438.0 705.8 1.0
-3703.6 703.0 0.6
-3724.5 704.3 0.6
-3735.8 697.0 0.6
-3762.7 705.5 0.6
-3843.6 706.1 0.7
-3856.5 702.4 0.7
-3910.3 696.8 0.8
-3958.9 703.9 0.8
-3976.9 702.7 0.8
-3989.1 706.5 0.8
-4047.3 700.5 0.8
-4063.0 698.6 0.8
-4105.0 700.8 1.0
-4170.6 705.7 1.2
-4189.5 705.1 1.3
-4199.7 706.5 1.3
-4258.4 705.1 1.6
-3257.8 718.4 1.5
-3287.5 717.8 1.4
-3360.1 715.4 1.2
-3372.0 721.1 1.2
-3385.7 717.1 1.2
-3449.7 721.6 1.1
-3465.3 721.0 1.0
-3580.1 714.1 0.7
-3655.2 712.8 0.3
-3738.7 716.5 0.6
-3867.0 717.3 0.7
-4031.5 716.1 0.8
-4044.8 713.2 0.8
-4091.4 714.5 0.8
-4181.9 720.6 1.1
-4239.9 719.0 1.3
-4261.5 721.3 1.5
-3211.2 729.6 1.7
-3244.3 732.4 1.6
-3281.1 730.4 1.5
-3343.0 734.1 1.4
-3356.1 727.2 1.3
-3389.3 732.7 1.2
-3405.7 736.1 1.2
-3431.9 733.6 1.1
-3513.6 732.7 0.9
-3558.2 733.7 0.8
-3611.5 734.8 0.7
-3655.0 733.0 0.4
-3718.0 729.2 0.4
-3865.8 735.6 0.7
-3918.8 731.5 0.7
-3943.9 736.5 0.7
-3975.7 733.7 0.7
-4080.9 727.5 0.8
-4184.9 736.6 1.0
-4218.5 733.3 1.1
-3362.9 748.9 1.4
-3431.0 750.8 1.2
-3450.6 747.8 1.2
-3512.0 746.5 1.0
-3583.4 745.1 0.8
-3659.9 749.1 0.5
-3672.3 748.6 0.5
-3705.6 745.6 0.2
-3719.7 744.1 0.2
-3750.6 751.3 0.1
-3769.6 742.2 0.5
-3779.3 749.5 0.4
-3841.1 743.6 0.5
-3856.5 747.8 0.5
-3928.2 745.2 0.7
-3963.2 748.0 0.7
-3993.9 748.2 0.7
-4036.9 750.8 0.7
-4156.2 745.7 0.8
-4244.2 747.8 1.1
-3210.0 762.7 1.8
-3235.8 762.4 1.7
-3385.8 764.2 1.4
-3421.9 758.4 1.3
-3522.9 764.9 1.1
-3564.8 757.3 0.9
-3589.2 765.0 0.9
-3657.0 758.2 0.7
-3677.0 759.4 0.6
-3705.5 763.0 0.4
-3737.3 762.2 0.2
-3768.8 757.2 0.1
-3794.8 765.0 0.2
-3806.3 759.9 0.3
-3930.7 766.3 0.6
-3969.9 756.8 0.7
-3985.9 760.5 0.7
-4066.0 759.0 0.7
-4081.0 766.5 0.7
-4113.7 757.6 0.8
-4140.4 762.3 0.8
-4226.3 763.4 0.9
-3207.3 777.1 1.8
-3229.3 772.5 1.8
-3274.0 773.9 1.7
-3325.1 772.2 1.6
-3407.4 778.0 1.4
-3417.1 776.6 1.4
-3431.9 780.6 1.3
-3448.4 779.8 1.3
-3492.8 772.6 1.2
-3514.4 779.3 1.1
-3528.9 771.8 1.1
-3542.8 774.4 1.1
-3553.8 779.1 1.0
-3611.2 773.2 0.9
-3630.5 780.4 0.9
-3660.2 775.5 0.8
-3685.0 773.5 0.6
-3733.7 772.0 0.3
-3752.1 778.7 0.3
-3781.8 774.0 0.1
-3880.6 781.2 0.4
-3896.3 773.5 0.5
-3973.6 778.1 0.6
-4035.2 780.8 0.7
-4047.8 776.6 0.7
-4082.1 780.3 0.7
-4155.9 778.5 0.7
-4195.6 779.0 0.8
-3154.5 787.6 2.0
-3163.8 789.2 1.9
-3213.2 787.6 1.8
-3226.7 787.6 1.8
-3270.0 791.8 1.7
-3282.4 792.6 1.7
-3339.8 790.8 1.6
-3374.5 790.1 1.5
-3506.0 796.0 1.2
-3555.8 790.1 1.1
-3616.0 787.3 0.9
-3662.0 792.7 0.8
-3821.0 793.9 0.1
-3857.9 789.8 0.0
-3886.9 794.0 0.2
-3899.6 790.6 0.3
-3992.0 787.5 0.6
-4019.9 787.8 0.7
-4151.1 794.3 0.6
-4167.0 789.8 0.7
-4188.5 795.8 0.7
-3145.8 807.6 2.0
-3271.9 805.1 1.8
-3421.3 807.3 1.5
-3600.7 803.9 1.0
-3715.2 810.6 0.8
-3851.0 804.7 0.0
-3865.9 810.0 -0.0
-3964.4 802.7 0.4
-3989.5 803.6 0.4
-4020.4 805.3 0.5
-4046.3 804.2 0.6
-4062.9 804.4 0.7
-4079.2 808.7 0.7
-4142.4 803.5 0.7
-4199.9 805.0 0.6
-3106.1 823.0 2.5
-3118.2 822.8 2.4
-3129.9 819.1 2.2
-3191.3 825.8 2.0
-3214.0 825.3 2.0
-3235.2 823.8 1.9
-3304.3 818.6 1.7
-3314.9 819.8 1.7
-3347.5 826.1 1.7
-3360.6 819.1 1.6
-3421.9 821.7 1.5
-3433.1 824.4 1.5
-3448.9 821.2 1.5
-3526.8 823.0 1.3
-3557.9 821.0 1.2
-3642.9 826.7 1.0
-3691.1 825.2 0.9
-3760.4 822.5 0.7
-3792.3 823.9 0.5
-3885.8 819.5 -0.0
-3927.9 824.0 -0.2
-3955.7 826.6 -0.1
-4127.5 822.2 0.7
-4138.7 825.2 0.7
-4169.0 818.7 0.7
-3103.3 840.6 2.4
-3137.4 832.1 2.3
-3148.4 841.3 2.3
-3191.2 834.4 1.9
-3257.9 833.8 1.9
-3401.9 839.3 1.6
-3444.8 841.7 1.5
-3476.0 839.6 1.5
-3491.2 834.1 1.4
-3510.7 841.7 1.4
-3603.2 836.2 1.2
-3610.1 838.9 1.2
-3631.6 839.2 1.1
-3642.4 840.7 1.1
-3724.7 840.7 0.9
-3739.7 837.2 0.9
-3886.1 833.7 0.1
-3898.2 836.1 0.0
-4082.6 839.4 0.4
-4121.1 834.9 0.6
-3085.4 849.4 2.4
-3107.3 850.5 2.4
-3138.8 850.9 2.3
-3153.7 852.4 2.2
-3181.1 854.3 2.1
-3257.1 847.9 1.9
-3266.7 852.6 1.9
-3334.6 855.2 1.8
-3355.4 855.0 1.8
-3389.4 847.6 1.7
-3403.2 854.8 1.7
-3437.6 850.6 1.6
-3496.6 854.8 1.5
-3510.4 855.6 1.4
-3526.2 851.0 1.4
-3582.8 847.1 1.3
-3626.4 854.6 1.2
-3657.8 851.7 1.1
-3886.3 851.0 0.2
-3919.4 853.2 0.1
-3928.6 849.9 -0.0
-3962.3 846.8 -0.2
-3976.5 848.5 -0.2
-4078.4 854.0 0.2
-4092.9 848.9 0.3
-4127.1 855.4 0.3
-3012.9 865.0 2.2
-3076.3 863.4 2.3
-3132.3 863.6 2.4
-3177.0 863.8 2.2
-3243.7 866.5 1.7
-3274.1 867.9 1.8
-3298.4 867.0 1.9
-3362.0 871.5 1.8
-3403.6 861.8 1.7
-3447.9 866.0 1.6
-3704.8 870.7 1.1
-3730.5 865.7 1.0
-3899.1 870.9 0.4
-3926.1 869.7 0.2
-4076.5 869.1 -0.2
-4096.3 870.5 -0.1
-4136.2 868.1 0.2
-2912.7 879.9 1.8
-2935.2 885.6 1.9
-2968.2 884.4 2.1
-2987.9 881.3 2.2
-3031.2 881.5 2.2
-3056.0 884.0 2.2
-3117.9 886.3 2.3
-3149.4 882.7 2.3
-3169.2 877.9 2.2
-3190.1 878.9 2.1
-3220.0 882.0 2.0
-3255.6 879.5 1.6
-3303.5 880.4 1.7
-3361.6 883.3 1.8
-3479.1 879.9 1.6
-3568.2 877.8 1.4
-3699.9 885.6 1.2
-3719.9 885.7 1.1
-3761.7 881.9 1.0
-3784.0 880.4 0.9
-3822.9 881.5 0.8
-3854.9 879.3 0.7
-3869.4 876.8 0.6
-4095.4 879.3 -0.3
-2877.5 898.2 1.7
-3079.4 898.2 2.2
-3089.0 899.4 2.2
-3114.8 897.1 2.3
-3147.9 892.9 2.3
-3252.7 898.7 1.8
-3317.4 894.4 1.6
-3346.3 900.4 1.6
-3370.1 901.3 1.6
-3558.5 895.1 1.5
-3699.8 892.0 1.2
-3796.5 892.1 1.0
-2866.1 908.4 1.7
-2908.0 916.7 1.9
-2967.9 912.1 2.1
-3004.3 915.6 2.1
-3031.4 908.1 2.2
-3040.0 907.0 2.2
-3061.4 913.7 2.2
-3093.5 910.4 2.2
-3145.9 913.1 2.2
-3184.1 915.1 2.3
-3224.4 909.5 2.0
-3259.4 907.1 1.9
-3285.9 911.1 1.6
-3348.4 908.6 1.5
-3364.4 912.0 1.5
-3388.5 909.5 1.6
-3421.2 912.5 1.7
-3504.9 916.2 1.6
-3528.7 916.3 1.6
-3601.1 913.0 1.4
-3618.5 914.0 1.4
-3648.7 907.9 1.3
-3692.8 911.2 1.2
-3749.5 907.7 1.1
-3764.4 908.2 1.1
-3793.2 910.1 1.0
-3854.6 912.2 0.9
-2837.5 931.2 1.6
-2951.0 930.5 2.0
-3031.2 927.5 2.1
-3102.1 923.9 2.2
-3138.0 922.1 2.2
-3228.4 926.5 2.0
-3235.9 921.9 2.0
-3300.7 922.1 1.6
-3334.6 931.2 1.4
-3363.6 930.6 1.4
-3417.3 929.1 1.4
-3527.1 930.2 1.6
-3662.8 925.3 1.4
-3688.5 926.9 1.3
-3752.9 931.4 1.2
-3760.5 929.5 1.2
-3774.8 928.3 1.1
-3796.5 929.8 1.1
-2821.4 939.7 1.6
-2848.7 941.1 1.7
-2937.9 939.6 2.0
-2956.3 939.7 2.0
-2988.3 943.9 2.0
-3058.1 941.4 2.1
-3103.4 943.3 2.1
-3115.8 942.2 2.1
-3162.9 937.8 2.2
-3198.7 939.2 2.2
-3401.8 946.2 1.3
-3421.0 938.3 1.4
-3460.8 946.7 1.3
-3554.3 945.4 1.6
-3589.7 943.5 1.5
-3613.8 943.3 1.5
-3655.4 942.9 1.4
-3673.7 946.2 1.4
-3717.4 938.2 1.3
-3746.2 937.7 1.2
-3766.1 937.1 1.2
-2806.1 956.3 1.5
-2849.2 955.5 1.7
-2892.6 953.4 1.9
-2913.5 954.3 2.0
-2951.8 958.3 2.0
-3048.4 957.5 2.1
-3062.3 952.3 2.1
-3076.4 957.8 2.1
-3118.0 953.1 2.1
-3135.0 959.4 2.1
-3168.2 958.5 2.1
-3273.0 959.0 1.8
-3302.8 958.1 1.7
-3422.5 956.9 1.3
-3445.1 955.8 1.3
-3480.4 958.2 1.3
-3551.7 960.7 1.5
-3596.2 957.8 1.5
-3647.9 955.6 1.4
-3716.4 958.1 1.3
-3752.5 957.2 1.3
-2865.9 970.0 1.9
-2890.1 975.8 1.9
-2935.4 970.7 1.9
-2965.0 972.7 2.0
-3076.6 967.8 2.0
-3134.5 974.2 2.1
-3146.3 976.6 2.1
-3179.1 971.6 2.1
-3370.3 974.7 1.5
-3393.0 967.6 1.2
-3478.2 973.1 1.2
-3510.4 974.4 1.2
-3551.9 967.5 1.4
-3656.4 969.0 1.4
-3692.7 973.7 1.4
-3722.6 969.8 1.4
-3750.0 974.4 1.3
-2714.0 983.5 1.2
-2732.0 987.8 1.3
-2803.2 989.2 1.6
-2831.6 991.6 1.8
-2852.8 982.4 1.8
-2867.2 990.6 1.8
-2883.3 989.8 1.8
-2965.8 984.2 1.9
-2986.5 988.3 1.9
-3013.0 982.4 2.0
-3094.4 987.6 2.0
-3115.3 989.1 2.0
-3132.3 987.8 2.0
-3148.8 985.9 2.1
-3237.7 985.0 2.2
-3259.4 991.0 2.2
-3271.0 982.9 1.9
-3377.1 989.2 1.5
-3404.1 991.5 1.4
-3430.5 986.3 1.0
-3465.8 990.2 1.1
-3514.7 984.3 1.1
-3618.1 989.7 1.4
-3627.3 987.9 1.5
-3701.5 990.1 1.4
-3715.6 991.3 1.4
-2717.1 1006.2 1.3
-2739.9 997.2 1.4
-2776.0 998.6 1.5
-2867.7 1002.5 1.8
-2941.8 997.4 1.9
-2956.7 1001.8 1.9
-3025.5 1003.9 1.9
-3044.1 997.7 1.9
-3056.0 1001.9 1.9
-3078.1 1002.2 2.0
-3086.1 1001.1 2.0
-3163.2 1002.7 2.0
-3227.5 1003.9 2.1
-3273.8 1000.0 2.1
-3310.9 1004.1 1.7
-3326.9 1003.0 1.6
-3348.1 1004.8 1.5
-3362.8 1006.2 1.5
-3419.8 1003.9 1.4
-3462.8 1004.0 0.9
-3566.4 1002.4 1.0
-3616.0 1004.1 1.1
-3672.2 1002.5 1.4
-2682.8 1016.7 1.2
-2740.8 1018.4 1.4
-2819.2 1021.1 1.7
-2879.4 1018.9 1.8
-2939.2 1014.5 1.8
-2988.7 1020.5 1.8
-3018.7 1015.9 1.9
-3063.0 1018.6 1.9
-3104.7 1013.7 2.0
-3313.7 1013.1 1.7
-3345.7 1020.9 1.6
-3379.7 1019.4 1.4
-3437.1 1019.6 1.3
-3450.1 1019.2 1.2
-3478.3 1016.5 0.9
-3490.6 1016.6 0.8
-3506.4 1014.6 0.9
-3539.1 1019.1 1.0
-3567.0 1014.5 1.0
-3584.3 1021.7 0.9
-3598.3 1017.0 1.0
-3628.5 1013.0 1.0
-3644.3 1016.6 1.0
-2657.1 1034.3 1.1
-2686.1 1035.5 1.2
-2742.4 1032.3 1.5
-2831.4 1031.4 1.7
-2852.6 1029.4 1.7
-2866.0 1027.6 1.7
-2878.7 1031.0 1.7
-3012.1 1035.4 1.8
-3085.6 1035.5 1.9
-3241.3 1028.6 2.0
-3300.5 1027.5 2.0
-3310.7 1031.1 1.9
-3332.2 1036.0 1.7
-3342.1 1030.9 1.6
-3388.0 1031.5 1.4
-3407.5 1034.2 1.3
-3491.8 1028.8 0.9
-3507.1 1033.4 0.8
-3550.6 1031.4 0.9
-3617.2 1026.8 0.9
-3662.5 1032.8 0.9
-3671.8 1028.5 0.9
-2620.6 1051.5 1.0
-2687.9 1043.9 1.3
-2699.3 1046.8 1.3
-2726.8 1050.0 1.4
-2739.9 1044.9 1.5
-2808.6 1048.7 1.6
-2831.6 1051.2 1.7
-3010.7 1045.8 1.8
-3029.5 1043.8 1.8
-3119.4 1044.5 1.9
-3137.7 1051.6 1.9
-3150.3 1046.6 1.9
-3249.9 1049.5 2.0
-3282.9 1049.6 2.0
-3301.9 1045.5 2.1
-3324.8 1042.3 1.8
-3375.0 1047.4 1.5
-3454.6 1049.7 1.3
-2642.0 1063.8 1.1
-2680.8 1061.2 1.3
-2741.8 1062.7 1.5
-2823.4 1061.6 1.6
-2832.2 1061.6 1.6
-2868.0 1057.3 1.7
-2955.2 1062.5 1.7
-3013.9 1063.3 1.8
-3030.3 1058.7 1.8
-3148.9 1057.6 1.9
-3207.5 1059.0 1.9
-3238.6 1062.8 1.9
-3255.8 1060.6 2.0
-3496.7 1063.2 1.1
-3589.3 1057.3 0.7
-2551.4 1075.8 0.7
-2575.4 1079.0 0.8
-2594.7 1076.0 0.9
-2613.5 1072.2 1.0
-2626.8 1072.5 1.1
-2670.0 1074.3 1.3
-2685.1 1077.7 1.3
-2712.1 1078.7 1.4
-2749.2 1074.7 1.5
-2848.2 1075.4 1.6
-2876.4 1077.3 1.6
-2894.0 1074.1 1.6
-2937.2 1075.2 1.7
-2957.4 1075.6 1.7
-2968.0 1075.0 1.7
-3034.0 1075.6 1.7
-3063.8 1078.2 1.8
-3147.9 1073.4 1.8
-3162.0 1080.8 1.8
-3240.8 1073.6 1.9
-3256.6 1071.8 1.9
-3286.3 1081.4 1.9
-3296.3 1077.8 1.9
-3348.9 1076.4 1.9
-3375.5 1077.5 1.5
-3491.5 1072.6 1.1
-3508.0 1075.5 1.1
-3524.7 1078.3 1.1
-3584.7 1079.3 0.6
-3603.7 1073.4 0.5
-3609.9 1079.6 0.4
-3633.3 1080.8 0.6
-3662.5 1073.5 0.7
-2529.8 1096.4 0.7
-2640.6 1089.0 1.2
-2651.3 1091.0 1.2
-2733.2 1090.7 1.5
-2758.5 1088.8 1.5
-2770.2 1093.8 1.5
-2785.5 1093.4 1.5
-2920.3 1091.7 1.6
-2942.2 1096.4 1.6
-2956.7 1095.8 1.6
-2982.8 1089.9 1.7
-3028.6 1089.7 1.7
-3148.4 1090.7 1.8
-3209.2 1091.4 1.8
-3222.2 1090.6 1.9
-3250.8 1093.3 1.9
-3311.2 1092.3 1.9
-3421.9 1092.9 1.3
-3436.4 1090.5 1.2
-3476.6 1093.7 1.0
-3504.9 1087.1 1.1
-3521.4 1087.7 1.0
-3536.8 1095.0 1.0
-3553.0 1089.8 1.0
-3571.7 1095.8 0.9
-3640.4 1095.0 0.4
-3705.2 1092.6 0.6
-2507.3 1109.5 0.6
-2524.1 1110.1 0.7
-2611.4 1104.5 1.1
-2806.0 1109.8 1.5
-2834.5 1106.1 1.5
-2959.2 1106.3 1.6
-3048.6 1106.6 1.7
-3175.2 1102.6 1.8
-3266.1 1102.9 1.9
-3298.3 1106.7 1.9
-3387.7 1108.5 1.7
-3406.6 1107.8 1.4
-3468.4 1104.2 1.1
-3482.1 1111.6 1.1
-3536.9 1104.9 1.0
-3573.6 1103.0 0.9
-3581.8 1107.4 0.9
-3615.0 1109.5 0.6
-3671.6 1107.8 0.4
-2486.2 1120.6 0.6
-2501.9 1124.3 0.6
-2623.0 1118.2 1.2
-2681.1 1123.8 1.4
-2701.5 1117.6 1.4
-2733.4 1117.2 1.4
-2743.1 1118.2 1.4
-2923.4 1124.3 1.5
-2957.9 1122.5 1.6
-2979.9 1119.6 1.6
-3101.4 1125.2 1.7
-3166.1 1122.8 1.7
-3208.3 1121.9 1.8
-3236.2 1126.3 1.8
-3304.0 1124.2 1.8
-3438.1 1125.3 1.3
-3508.0 1117.8 0.9
-3644.6 1125.8 0.5
-3659.1 1120.0 0.3
-2590.7 1132.2 1.1
-2701.0 1132.6 1.4
-2719.7 1133.6 1.4
-2775.8 1140.5 1.4
-2822.7 1139.8 1.4
-2864.0 1134.6 1.5
-2920.2 1134.2 1.5
-2953.9 1140.9 1.5
-3046.3 1138.0 1.6
-3228.7 1138.2 1.7
-3254.6 1135.2 1.8
-3271.1 1140.0 1.8
-3360.2 1134.3 2.0
-3402.0 1136.9 1.8
-3454.2 1133.4 1.2
-3461.7 1133.7 1.2
-3493.4 1136.4 1.1
-3612.8 1135.3 0.8
-3691.1 1135.1 0.2
-2464.3 1155.3 0.6
-2515.1 1156.3 0.8
-2532.1 1152.1 0.9
-2608.2 1152.6 1.2
-2695.9 1151.4 1.3
-2777.0 1151.6 1.4
-2818.6 1149.8 1.4
-2848.7 1148.1 1.4
-2878.7 1156.0 1.4
-2896.9 1147.8 1.5
-2974.6 1148.1 1.5
-2986.2 1149.5 1.5
-3088.9 1150.3 1.6
-3138.5 1149.1 1.6
-3238.9 1154.6 1.7
-3258.6 1155.1 1.7
-3268.3 1152.6 1.7
-3734.5 1151.3 0.0
-2430.7 1162.7 0.4
-2500.7 1162.1 0.8
-2565.1 1168.3 1.1
-2623.1 1166.9 1.2
-2641.3 1166.7 1.2
-2673.4 1166.6 1.2
-2891.4 1163.0 1.4
-2914.7 1169.6 1.4
-2921.2 1168.8 1.4
-2954.7 1169.1 1.4
-2971.5 1166.3 1.5
-2987.0 1163.1 1.5
-3011.2 1169.4 1.5
-3108.9 1162.7 1.6
-3123.7 1169.2 1.6
-3132.1 1169.4 1.6
-3196.5 1166.7 1.6
-3237.8 1165.2 1.7
-3267.1 1164.4 1.7
-3283.4 1166.2 1.7
-3334.4 1166.9 1.7
-3344.7 1169.3 1.8
-3359.8 1169.1 1.8
-3419.3 1166.3 1.9
-3451.7 1164.4 1.4
-3480.8 1171.7 1.2
-3498.3 1167.6 1.0
-3537.8 1165.7 0.9
-3589.7 1167.6 0.6
-3615.0 1167.1 0.6
-3671.9 1168.2 0.6
-3687.9 1162.7 0.5
-3717.0 1169.7 0.3
-2446.7 1181.3 0.6
-2457.6 1182.1 0.6
-2471.0 1183.6 0.7
-2490.3 1181.6 0.8
-2536.4 1184.7 1.0
-2655.6 1182.9 1.2
-2669.4 1180.2 1.2
-2683.6 1181.3 1.2
-2700.3 1177.9 1.2
-2756.4 1185.4 1.3
-2788.8 1186.0 1.3
-2800.5 1181.5 1.3
-2829.8 1180.8 1.3
-2846.2 1181.7 1.3
-2866.6 1181.0 1.4
-2877.5 1185.7 1.3
-2905.4 1182.5 1.4
-2919.8 1181.1 1.4
-2935.3 1183.0 1.4
-2973.7 1184.5 1.4
-3040.0 1180.7 1.5
-3061.7 1186.4 1.5
-3104.5 1183.0 1.5
-3407.8 1183.8 1.9
-3430.0 1186.4 1.9
-3474.9 1185.7 1.3
-3509.9 1185.5 1.0
-3520.2 1182.9 1.0
-3559.3 1185.6 0.8
-3569.5 1180.0 0.8
-3582.4 1178.7 0.7
-3662.5 1181.6 0.6
-3691.9 1179.7 0.5
-2387.8 1200.1 0.4
-2447.6 1197.0 0.6
-2561.2 1192.6 1.1
-2607.7 1197.6 1.1
-2669.0 1198.3 1.2
-2681.1 1197.7 1.2
-2702.7 1194.4 1.2
-2740.5 1192.6 1.2
-2764.1 1194.9 1.2
-2790.5 1198.1 1.3
-2910.1 1197.5 1.3
-3024.7 1192.9 1.4
-3040.2 1200.5 1.4
-3093.7 1198.4 1.5
-3100.1 1201.2 1.5
-3139.1 1196.2 1.5
-3251.4 1201.4 1.6
-3301.1 1196.4 1.6
-3332.3 1195.6 1.7
-3433.9 1199.5 1.9
-3446.1 1200.0 1.8
-3461.6 1197.0 1.7
-3536.4 1196.6 0.9
-3596.3 1199.0 0.7
-3644.1 1193.3 0.5
-3687.6 1196.3 0.5
-2386.3 1216.7 0.4
-2418.3 1214.3 0.5
-2607.1 1214.6 1.1
-2627.0 1208.3 1.1
-2757.9 1207.8 1.2
-2777.6 1213.2 1.2
-2815.1 1215.8 1.2
-2854.6 1216.2 1.3
-2910.8 1209.0 1.3
-2967.7 1212.8 1.3
-2995.2 1209.7 1.4
-3018.9 1216.4 1.4
-3072.4 1216.7 1.4
-3093.3 1215.8 1.4
-3119.6 1211.6 1.5
-3190.5 1211.9 1.5
-3328.3 1208.7 1.6
-3345.3 1212.6 1.6
-3357.0 1210.0 1.7
-3451.3 1215.7 1.9
-3483.9 1208.5 1.5
-3520.8 1209.3 1.0
-3538.3 1212.2 0.9
-3551.3 1214.0 0.9
-3673.5 1213.2 0.4
-3731.4 1209.7 0.4
-3748.2 1211.6 0.3
-2339.8 1226.9 0.2
-2353.8 1224.5 0.3
-2487.4 1225.0 0.9
-2517.6 1226.7 1.0
-2568.1 1231.5 1.0
-2581.0 1229.8 1.0
-2622.2 1231.6 1.1
-2657.4 1230.4 1.1
-2791.7 1227.6 1.2
-2837.2 1221.8 1.2
-2884.4 1229.6 1.2
-2955.1 1227.8 1.3
-3042.0 1230.0 1.4
-3078.8 1229.4 1.4
-3107.0 1223.8 1.4
-3117.6 1226.9 1.4
-3135.2 1222.9 1.4
-3301.6 1229.1 1.6
-3433.8 1230.9 1.8
-3465.8 1225.8 1.8
-3511.8 1224.2 1.2
-3613.4 1230.2 0.6
-3661.3 1229.7 0.4
-3679.4 1224.8 0.3
-3702.1 1224.0 0.4
-3760.8 1225.8 0.3
-2327.1 1239.3 0.2
-2356.9 1241.5 0.3
-2367.3 1239.6 0.4
-2415.7 1238.3 0.6
-2476.9 1241.8 0.9
-2491.6 1241.0 0.9
-2539.6 1245.0 1.0
-2547.9 1241.7 1.0
-2595.7 1238.5 1.0
-2644.0 1238.4 1.0
-2680.9 1246.3 1.1
-2704.1 1246.1 1.1
-2743.7 1245.4 1.1
-2790.0 1243.2 1.1
-2818.7 1238.7 1.2
-2897.0 1241.0 1.2
-2959.1 1243.0 1.3
-2967.5 1242.4 1.3
-3028.2 1242.7 1.3
-3043.2 1245.8 1.3
-3195.8 1241.2 1.5
-3226.8 1244.1 1.5
-3237.4 1244.0 1.5
-3304.6 1243.9 1.5
-3340.3 1244.3 1.6
-3374.1 1240.2 1.6
-3476.6 1236.8 1.8
-3495.9 1245.0 1.7
-3513.4 1240.4 1.4
-3615.5 1240.8 0.6
-3644.6 1244.5 0.5
-3676.3 1242.0 0.3
-3693.2 1237.9 0.3
-3715.6 1243.2 0.3
-2325.1 1252.1 0.2
-2413.5 1258.0 0.6
-2443.5 1260.7 0.8
-2473.0 1260.1 0.9
-2492.1 1252.2 0.9
-2547.5 1254.0 0.9
-2565.6 1260.5 0.9
-2636.8 1257.9 1.0
-2700.3 1252.2 1.1
-2809.4 1255.1 1.1
-2832.6 1259.1 1.1
-2928.1 1253.6 1.2
-2938.7 1252.5 1.2
-2951.6 1257.6 1.2
-2982.1 1259.7 1.2
-3136.7 1253.4 1.4
-3152.4 1260.6 1.4
-3212.3 1256.8 1.4
-3241.2 1258.0 1.4
-3250.7 1260.8 1.4
-3296.8 1257.6 1.5
-3333.0 1251.8 1.5
-3372.1 1259.2 1.6
-3389.3 1256.2 1.6
-3405.0 1253.0 1.6
-3453.1 1252.5 1.7
-3510.2 1255.3 1.7
-3581.2 1253.0 0.8
-3634.6 1258.6 0.6
-3658.8 1260.1 0.5
-3675.9 1254.7 0.4
-3692.6 1257.2 0.3
-3701.1 1260.0 0.2
-3735.8 1252.3 0.2
-2244.8 1271.0 0.1
-2384.4 1275.4 0.6
-2490.2 1273.4 0.9
-2507.6 1272.4 0.9
-2576.4 1274.0 0.9
-2624.6 1273.6 0.9
-2636.9 1273.8 1.0
-2788.6 1273.4 1.1
-2865.2 1268.4 1.1
-2882.0 1274.4 1.1
-3030.4 1272.7 1.2
-3044.8 1273.6 1.3
-3152.3 1274.6 1.3
-3282.1 1274.0 1.4
-3311.6 1274.5 1.5
-3359.6 1272.6 1.5
-3464.7 1274.4 1.7
-3507.2 1273.7 1.8
-3535.6 1272.8 1.5
-3588.7 1271.5 0.8
-3619.7 1272.3 0.6
-3693.7 1271.8 0.3
-3768.9 1271.7 0.1
-2291.7 1286.1 0.2
-2336.3 1289.4 0.4
-2387.6 1287.3 0.6
-2433.7 1288.5 0.8
-2448.2 1286.4 0.8
-2456.0 1282.5 0.8
-2507.5 1283.2 0.8
-2687.8 1288.9 1.0
-2697.9 1286.4 1.0
-2774.9 1284.9 1.0
-2804.4 1284.3 1.1
-2877.3 1286.4 1.1
-2936.1 1284.5 1.1
-2980.4 1287.1 1.2
-3010.3 1285.4 1.2
-3118.8 1283.9 1.3
-3179.6 1286.4 1.3
-3236.1 1291.2 1.4
-3283.8 1283.9 1.4
-3318.9 1282.1 1.5
-3347.0 1290.9 1.5
-3356.1 1284.4 1.5
-3405.5 1289.0 1.5
-3432.2 1289.7 1.5
-3450.2 1289.9 1.5
-3465.7 1282.6 1.6
-3491.2 1287.2 1.8
-3526.3 1284.9 1.7
-3589.3 1282.7 0.8
-3705.0 1283.6 0.3
-3734.6 1286.4 0.1
-3767.7 1291.6 -0.0
-2232.7 1297.3 -0.1
-2295.6 1302.9 0.2
-2312.1 1300.0 0.3
-2342.5 1297.3 0.4
-2379.9 1298.5 0.6
-2427.5 1297.6 0.8
-2448.7 1300.8 0.8
-2509.2 1297.0 0.8
-2535.4 1305.5 0.8
-2553.8 1304.9 0.8
-2629.1 1298.4 0.9
-2653.9 1297.9 0.9
-2687.4 1299.6 0.9
-2696.9 1298.2 0.9
-2764.2 1303.8 1.0
-2897.1 1297.0 1.1
-2956.7 1306.5 1.1
-2980.2 1303.5 1.1
-3018.0 1305.4 1.2
-3136.6 1306.4 1.2
-3149.5 1305.6 1.3
-3175.6 1300.6 1.3
-3207.3 1299.6 1.3
-3332.1 1305.1 1.4
-3360.7 1296.9 1.4
-3509.4 1297.6 1.8
-3615.7 1298.7 0.7
-3640.2 1300.2 0.6
-3664.3 1304.1 0.5
-3718.8 1298.5 0.2
-3736.3 1297.8 0.1
-3795.5 1303.1 -0.1
-2190.1 1317.3 0.2
-2207.3 1317.5 -0.0
-2260.9 1313.7 0.1
-2325.9 1318.6 0.4
-2380.8 1313.2 0.6
-2399.2 1319.5 0.7
-2457.7 1315.3 0.7
-2508.2 1312.6 0.8
-2519.3 1316.0 0.8
-2553.4 1318.4 0.8
-2579.9 1319.4 0.8
-2628.0 1318.2 0.8
-2698.7 1313.9 0.9
-2718.9 1312.8 0.9
-2881.9 1314.2 1.0
-3145.1 1320.0 1.2
-3160.1 1313.2 1.2
-3211.7 1311.8 1.3
-3222.6 1319.7 1.3
-3315.6 1315.0 1.4
-3386.0 1319.8 1.4
-3479.9 1320.1 1.5
-3553.8 1316.5 1.6
-3586.0 1318.0 1.3
-3659.2 1314.0 0.5
-3678.1 1312.9 0.4
-2175.6 1336.6 0.2
-2187.6 1332.2 0.1
-2206.2 1333.1 -0.1
-2252.2 1335.5 0.1
-2267.5 1335.0 0.2
-2290.6 1336.4 0.3
-2354.7 1334.5 0.6
-2370.1 1326.9 0.6
-2425.8 1334.0 0.7
-2472.9 1332.3 0.7
-2491.2 1334.9 0.7
-2506.5 1336.4 0.7
-2566.8 1328.6 0.8
-2590.3 1327.0 0.8
-2644.4 1336.6 0.8
-2653.7 1327.0 0.8
-2912.0 1330.6 1.0
-2959.6 1328.8 1.1
-3018.9 1328.5 1.1
-3025.0 1330.6 1.1
-3057.2 1331.6 1.1
-3075.3 1335.4 1.1
-3108.6 1333.4 1.2
-3210.0 1333.9 1.2
-3282.6 1329.9 1.3
-3331.6 1332.7 1.3
-3400.5 1333.4 1.4
-3463.9 1330.1 1.4
-3494.3 1331.5 1.5
-3567.3 1331.9 1.6
-3735.7 1332.3 0.2
-2160.1 1343.1 0.2
-2188.5 1346.7 -0.1
-2265.0 1350.2 0.2
-2310.4 1343.7 0.4
-2369.7 1347.1 0.6
-2447.6 1350.0 0.6
-2475.2 1345.2 0.7
-2493.7 1347.5 0.7
-2595.7 1342.8 0.8
-2673.3 1345.1 0.8
-2684.5 1343.5 0.8
-2926.1 1342.1 1.0
-2956.2 1342.0 1.0
-2966.1 1346.5 1.0
-3026.5 1342.1 1.1
-3077.1 1343.4 1.1
-3121.9 1344.8 1.1
-3150.6 1348.2 1.2
-3175.3 1350.2 1.2
-3225.2 1345.4 1.2
-3297.9 1342.9 1.3
-3345.8 1351.7 1.3
-3362.6 1351.7 1.3
-3451.8 1351.0 1.4
-3525.8 1342.0 1.6
-3539.7 1344.7 1.7
-3657.6 1351.1 0.6
-3708.7 1345.6 0.3
-3715.5 1349.0 0.3
-2144.0 1365.2 0.2
-2157.3 1365.8 0.1
-2233.0 1360.4 0.1
-2253.2 1364.6 0.2
-2260.3 1363.4 0.2
-2281.1 1359.0 0.3
-2323.8 1360.0 0.5
-2351.8 1365.2 0.5
-2447.7 1361.3 0.6
-2476.8 1360.8 0.6
-2485.8 1360.6 0.6
-2509.3 1363.9 0.6
-2520.8 1358.6 0.7
-2554.2 1364.6 0.7
-2564.5 1361.6 0.7
-2581.5 1358.4 0.7
-2591.3 1358.2 0.7
-2613.2 1365.2 0.7
-2626.5 1361.4 0.7
-2670.4 1364.4 0.8
-2868.6 1357.3 0.9
-2889.8 1357.2 0.9
-2935.2 1363.2 0.9
-2996.4 1364.4 1.0
-3121.0 1359.0 1.1
-3197.8 1365.5 1.1
-3330.6 1357.2 1.3
-3343.9 1366.0 1.3
-3373.9 1357.7 1.3
-3419.5 1360.4 1.3
-3448.4 1360.3 1.4
-3462.6 1357.6 1.4
-3510.6 1364.2 1.4
-3610.3 1359.6 1.4
-3694.2 1361.4 0.4
-3739.0 1363.8 0.2
-3764.0 1359.9 0.1
-2159.9 1380.1 -0.1
-2176.5 1375.2 -0.1
-2221.1 1375.8 0.1
-2396.7 1378.4 0.5
-2417.8 1373.4 0.6
-2439.9 1377.4 0.6
-2517.4 1374.6 0.6
-2565.0 1380.9 0.6
-2629.4 1374.4 0.7
-2896.3 1378.0 0.9
-2914.6 1376.8 0.9
-2953.3 1380.2 0.9
-2969.2 1377.4 0.9
-2983.7 1381.5 0.9
-3040.6 1374.2 1.0
-3134.5 1377.9 1.1
-3150.1 1378.3 1.1
-3183.7 1377.3 1.1
-3273.8 1377.9 1.2
-3302.6 1376.3 1.2
-3421.5 1371.9 1.3
-3446.6 1373.2 1.3
-3465.5 1380.5 1.3
-3490.9 1379.7 1.4
-3512.1 1379.4 1.4
-3588.6 1373.5 1.6
-3663.6 1380.0 0.8
-3717.7 1377.1 0.3
-3751.8 1374.8 0.2
-3769.5 1378.8 0.1
-2252.2 1387.8 0.3
-2336.3 1393.5 0.5
-2383.1 1389.7 0.5
-2474.1 1388.4 0.6
-2505.7 1395.3 0.6
-2515.9 1393.8 0.6
-2912.3 1395.6 0.9
-2940.2 1389.7 0.9
-2968.0 1395.6 0.9
-3013.0 1392.0 0.9
-3174.9 1394.9 1.1
-3271.4 1387.9 1.1
-3334.6 1388.4 1.2
-3467.7 1395.6 1.3
-3483.9 1389.7 1.3
-3510.8 1394.2 1.3
-3521.7 1386.8 1.4
-3572.8 1387.5 1.6
-3587.8 1393.8 1.7
-3657.7 1392.3 1.1
-3708.3 1390.6 0.4
-3724.1 1387.2 0.3
-3767.6 1395.1 0.1
-2101.3 1407.9 0.1
-2147.2 1409.5 -0.1
-2158.2 1405.3 -0.1
-2187.4 1402.3 0.0
-2236.2 1408.4 0.2
-2261.1 1402.0 0.3
-2281.4 1401.8 0.4
-2417.4 1411.1 0.5
-2441.7 1409.4 0.5
-2476.9 1405.1 0.5
-2520.6 1403.5 0.6
-2537.6 1402.8 0.6
-2546.0 1408.1 0.6
-2562.0 1403.4 0.6
-2912.2 1407.9 0.8
-2943.7 1406.3 0.8
-2957.1 1410.8 0.8
-2968.4 1406.8 0.9
-2998.8 1407.4 0.9
-3107.4 1410.2 1.0
-3146.2 1407.8 1.0
-3225.9 1407.4 1.1
-3295.0 1404.2 1.1
-3315.6 1407.2 1.1
-3329.0 1406.3 1.2
-3435.2 1405.6 1.2
-3451.7 1406.7 1.2
-3523.8 1407.4 1.3
-3602.2 1406.9 1.6
-3610.5 1407.9 1.6
-3641.7 1401.9 1.5
-3707.5 1411.6 0.5
-3724.0 1405.3 0.3
-3761.1 1410.4 0.2
-3779.0 1410.3 0.1
-2163.7 1418.8 -0.0
-2177.9 1422.2 0.0
-2190.5 1426.4 0.1
-2203.0 1418.2 0.1
-2250.4 1425.1 0.3
-2266.4 1424.9 0.3
-2343.5 1420.5 0.4
-2355.9 1419.7 0.4
-2380.6 1425.8 0.4
-2524.1 1422.3 0.5
-2894.9 1424.5 0.8
-2937.2 1426.3 0.8
-3094.0 1421.7 0.9
-3167.5 1421.3 1.0
-3184.4 1425.3 1.0
-3197.1 1418.2 1.0
-3330.1 1425.8 1.1
-3364.1 1420.0 1.1
-3402.1 1424.2 1.2
-3448.7 1417.3 1.2
-3509.8 1425.6 1.3
-3543.9 1420.0 1.3
-3553.6 1423.5 1.3
-3626.1 1418.6 1.6
-3745.5 1417.4 0.3
-2101.0 1437.9 -0.1
-2133.5 1433.2 -0.1
-2231.3 1433.9 0.3
-2250.4 1432.4 0.3
-2275.1 1441.3 0.3
-2308.7 1439.7 0.3
-2430.6 1438.6 0.4
-2506.1 1433.8 0.5
-2924.1 1436.3 0.8
-2971.9 1438.4 0.8
-3153.1 1432.2 0.9
-3183.8 1432.1 1.0
-3197.0 1433.5 1.0
-3225.5 1441.3 1.0
-3269.6 1432.9 1.0
-3325.7 1440.2 1.1
-3386.8 1439.1 1.1
-3409.6 1434.7 1.1
-3421.2 1436.0 1.2
-3448.8 1441.6 1.2
-3463.2 1441.5 1.2
-3507.0 1434.3 1.2
-3573.2 1441.7 1.3
-3597.7 1438.1 1.4
-3618.2 1439.7 1.6
-3634.2 1435.3 1.6
-3762.8 1438.2 0.2
-3775.6 1439.6 0.2
-2113.2 1449.7 -0.1
-2154.9 1452.4 0.0
-2176.9 1454.4 0.1
-2305.7 1450.7 0.3
-2340.8 1455.9 0.3
-2351.9 1447.8 0.3
-2425.8 1450.4 0.4
-2953.0 1455.0 0.7
-3239.3 1453.4 1.0
-3296.3 1455.3 1.0
-3314.2 1452.2 1.0
-3343.4 1451.0 1.1
-3453.2 1450.8 1.1
-3478.7 1453.7 1.2
-3495.0 1454.1 1.2
-3521.1 1449.8 1.2
-3602.0 1456.0 1.3
-3634.7 1453.4 1.6
-3646.1 1450.7 1.6
-3655.1 1452.9 1.5
-3674.9 1454.7 1.4
-3686.5 1455.5 1.4
-3760.0 1455.6 0.2
-2128.5 1471.7 -0.0
-2140.8 1464.1 -0.0
-2160.2 1463.4 0.1
-2177.4 1469.6 0.2
-2269.2 1467.4 0.2
-2282.5 1463.0 0.2
-2295.6 1470.0 0.2
-2309.0 1468.5 0.3
-2366.5 1462.0 0.3
-2386.3 1461.8 0.3
-2400.6 1467.2 0.3
-2419.2 1471.3 0.3
-2429.0 1469.2 0.3
-2445.3 1465.9 0.3
-2460.2 1470.7 0.3
-2943.3 1470.9 0.7
-3219.8 1464.5 0.9
-3287.2 1470.3 1.0
-3317.9 1469.7 1.0
-3329.4 1468.0 1.0
-3386.4 1467.0 1.0
-3449.1 1467.7 1.1
-3535.1 1466.3 1.2
-3572.0 1467.4 1.2
-2155.2 1483.4 0.1
-2193.0 1486.6 0.1
-2231.1 1478.9 0.2
-2250.3 1482.2 0.2
-2305.2 1477.8 0.2
-2328.1 1477.6 0.2
-2373.6 1485.0 0.3
-2401.6 1482.4 0.3
-2431.4 1484.4 0.3
-3177.6 1486.6 0.8
-3311.5 1477.1 1.0
-3376.4 1479.9 1.0
-3454.3 1480.0 1.1
-3632.8 1485.1 1.3
-3657.0 1482.0 1.5
-2157.9 1493.2 0.1
-2191.2 1494.4 0.1
-2238.7 1492.4 0.1
-2245.4 1499.6 0.1
-2291.6 1495.5 0.2
-2310.6 1493.2 0.2
-2357.5 1493.4 0.2
-2371.7 1491.9 0.2
-2387.3 1492.8 0.2
-3165.5 1496.2 0.8
-3244.0 1493.8 0.9
-3266.6 1498.7 0.9
-3285.8 1496.8 0.9
-3358.9 1499.5 0.9
-3392.2 1500.6 1.0
-3423.9 1493.4 1.0
-3482.9 1497.3 1.1
-3499.2 1492.1 1.1
-3506.2 1499.0 1.1
-3536.6 1493.9 1.1
-3570.1 1494.5 1.1
-3581.3 1495.6 1.1
-3661.3 1500.0 1.4
-3707.6 1491.9 1.4
-3731.1 1494.3 1.3
-2160.9 1510.3 0.1
-2235.8 1511.1 0.1
-2246.2 1513.1 0.1
-2260.7 1514.5 0.1
-2353.7 1507.9 0.2
-2371.7 1516.2 0.2
-2386.6 1515.7 0.2
-3149.8 1507.5 0.8
-3175.1 1507.0 0.8
-3191.3 1508.4 0.8
-3258.6 1509.2 0.8
-3280.0 1509.1 0.9
-3296.9 1511.7 0.9
-3386.7 1509.3 0.9
-3408.0 1510.0 1.0
-3484.6 1515.8 1.0
-3603.8 1512.5 1.1
-3678.4 1514.9 1.4
-3718.9 1509.8 1.4
-2189.6 1525.2 0.1
-2341.2 1529.8 0.1
-3224.9 1525.8 0.8
-3258.7 1528.1 0.8
-3268.3 1528.9 0.8
-3348.7 1528.7 0.9
-3439.6 1523.8 1.0
-3452.9 1523.3 1.0
-3685.7 1526.5 1.4
-2144.9 1538.9 0.1
-3228.2 1543.7 0.7
-3241.8 1541.1 0.8
-3251.2 1544.5 0.7
-3273.3 1538.6 0.8
-3287.6 1538.5 0.8
-3355.2 1540.7 0.8
-3415.2 1544.9 0.9
-3449.8 1541.8 0.9
-3508.8 1541.2 1.0
-3525.8 1539.1 1.0
-3585.1 1539.6 1.0
-3599.4 1541.6 1.0
-3615.3 1542.4 1.1
-3643.7 1540.3 1.1
-2276.3 1559.6 0.2
-3167.9 1559.9 0.6
-3239.8 1560.9 0.7
-3281.2 1555.3 0.7
-3311.1 1552.9 0.8
-3341.4 1558.5 0.8
-3438.1 1561.5 0.9
-3450.3 1560.2 0.9
-3496.9 1552.8 0.9
-3514.2 1555.4 0.9
-3664.2 1555.8 1.1
-2189.2 1574.5 0.2
-2218.1 1574.0 0.2
-2238.7 1567.2 0.2
-2267.2 1574.9 0.2
-2280.9 1574.5 0.2
-3207.0 1567.8 0.7
-3285.5 1571.3 0.7
-3316.5 1576.5 0.7
-3361.8 1570.1 0.8
-3370.7 1568.7 0.8
-3438.4 1575.2 0.8
-3453.2 1569.3 0.9
-3461.0 1573.7 0.8
-3490.1 1572.4 0.9
-3512.4 1575.8 0.9
-3602.3 1575.4 1.0
-3617.9 1568.1 1.0
-3631.1 1571.8 1.0
-3649.7 1568.8 1.0
-3302.6 1589.8 0.7
-3349.0 1584.2 0.8
-3448.1 1588.7 0.8
-3514.4 1584.4 0.9
-3525.0 1588.9 0.9
-3628.1 1582.7 1.0
-3649.4 1591.0 1.0
-3658.7 1589.7 1.0
-3224.2 1603.7 0.7
-3299.7 1598.6 0.7
-3316.0 1604.9 0.7
-3393.8 1605.1 0.8
-3448.7 1603.8 0.8
-3482.2 1605.7 0.9
-3494.9 1601.8 0.9
-3528.6 1603.7 0.9
-3598.4 1606.5 0.9
-3274.2 1617.1 0.8
-3312.3 1613.7 0.8
-3438.8 1615.1 0.8
-3467.8 1612.6 0.9
-3475.4 1617.3 0.9
-3544.1 1611.9 0.9
-3570.1 1616.4 0.9
-3235.5 1628.7 0.7
-3280.0 1627.4 0.8
-3296.6 1631.4 0.8
-3317.3 1632.3 0.8
-3327.6 1632.0 0.8
-3390.6 1636.0 0.8
-3454.7 1631.6 0.9
-3476.3 1627.1 0.9
-3543.1 1632.4 0.9
-3552.0 1633.6 0.9
-3569.8 1631.3 0.9
-3598.5 1633.1 1.0
-3178.3 1650.1 0.6
-3228.7 1647.9 0.7
-3287.1 1644.0 0.8
-3343.4 1649.1 0.8
-3401.4 1649.5 0.8
-3435.0 1649.1 0.9
-3525.9 1646.8 0.9
-3182.9 1659.0 0.6
-3194.6 1666.7 0.6
-3270.2 1662.4 0.7
-3285.0 1665.7 0.7
-3356.2 1661.4 0.8
-3407.5 1657.0 0.8
-3570.3 1657.8 1.0
-3242.2 1681.0 0.6
-3266.3 1679.7 0.6
-3345.7 1675.0 0.7
-3424.7 1675.9 0.8
-3467.3 1680.2 0.8
-3585.0 1671.8 0.9
-3182.2 1693.3 0.4
-3235.0 1689.5 0.5
-3363.4 1689.3 0.7
-3409.1 1690.5 0.7
-3463.3 1690.4 0.7
-3494.3 1694.2 0.7
-3514.1 1690.4 0.8
-3550.2 1696.0 0.8
-3597.0 1687.6 0.9
-3269.4 1703.4 0.4
-3324.9 1711.5 0.3
-3345.3 1703.7 0.5
-3359.5 1708.1 0.4
-3393.4 1706.4 0.5
-3405.3 1702.9 0.5
-3436.5 1707.3 0.5
-3448.5 1705.1 0.6
-3464.8 1705.3 0.6
-3480.5 1705.2 0.6
-3535.8 1709.5 0.6
-3558.9 1706.2 0.7
-3225.3 1717.8 0.2
-3271.4 1722.1 0.2
-3281.3 1724.0 0.2
-3331.6 1721.8 0.2
-3347.5 1722.0 0.2
-3364.6 1717.1 0.3
-3387.8 1726.4 0.2
-3432.9 1722.5 0.3
-3513.2 1720.5 0.4
-3287.2 1738.5 0.5
-3345.3 1741.2 0.5
-3377.3 1739.7 0.4
-3528.3 1736.3 0.2
-3297.0 1754.2 1.0
-3415.5 1756.1 0.9
-3541.4 1748.4 0.5
-3555.1 1756.5 0.7
-3249.9 1771.1 1.0
-3285.0 1770.0 1.1
-3295.6 1763.9 1.1
-3329.3 1763.9 1.2
-3377.2 1766.7 1.2
-3409.3 1768.8 1.2
-3493.4 1765.9 1.1
-3521.8 1765.5 1.0
-3240.8 1777.9 0.9
-3283.3 1781.1 1.0
-3311.8 1781.0 1.0
-3373.2 1780.8 1.1
-3467.7 1782.3 1.2
-3526.4 1778.9 1.3
-3257.6 1796.5 0.8
-3406.6 1796.4 1.0
-3434.8 1794.9 1.1
-3460.9 1799.0 1.1
-3508.5 1800.4 1.1
-3242.2 1815.9 0.8
-3362.5 1806.9 0.9
-3424.5 1806.8 1.0
-3433.6 1812.9 1.0
-3454.5 1826.9 1.0
-3250.0 1836.8 0.9
-3265.6 1837.1 0.9
-3282.2 1844.5 1.0
-3303.5 1837.1 0.9
-3330.5 1843.1 1.0
-3371.8 1842.9 0.9
-3407.1 1845.3 1.0
-3475.7 1839.0 1.0
-3371.7 1854.9 1.1
-3466.0 1854.9 1.1
-3349.2 1870.4 1.4
-3376.8 1873.4 1.4
-3438.6 1872.7 1.4
-3281.4 1884.4 1.2
-3315.6 1883.9 1.3
-3360.4 1883.7 1.4
-3388.0 1885.5 1.4
-3280.2 1898.5 1.1
-3310.9 1904.0 1.1
-3325.5 1900.4 1.2
-3342.8 1904.7 1.2
-3390.0 1900.5 1.3
-3404.8 1898.5 1.3
-3301.7 1919.5 0.7
-3423.8 1913.3 1.3
-3435.6 1915.9 1.3
-3300.8 1933.1 0.3
-3331.9 1932.8 0.4
-3416.6 1936.5 0.6
-3340.6 1951.3 0.1
-3371.2 1946.9 0.2
-3389.2 1945.9 0.3
-3298.1 1959.6 -0.1
-3391.8 1963.2 -0.1
-3316.4 2008.8 -0.3
-3334.7 2010.8 -0.3
-3344.1 2024.9 -0.2
-6105.9 -193.8 3.3
-6069.7 -173.9 3.2
-6057.6 -166.1 3.2
-6071.9 -160.4 3.2
-6133.2 -164.4 3.7
-6075.1 -144.9 3.3
-6101.7 -143.1 3.5
-6145.4 -146.9 3.9
-6068.7 -131.0 3.3
-6177.4 -128.2 4.2
-6011.9 -118.1 3.0
-6032.0 -122.1 3.1
-6073.8 -113.3 3.5
-6117.9 -116.5 3.8
-6177.8 -114.1 4.3
-6053.6 -106.0 3.3
-6085.8 -100.7 3.6
-5985.3 -83.4 2.8
-6182.0 -85.2 4.4
-5979.8 -77.9 2.6
-6001.4 -75.4 2.9
-6029.6 -72.2 3.3
-6100.2 -72.5 3.9
-6146.5 -76.2 4.2
-6180.6 -73.3 4.5
-6098.1 -55.3 3.9
-6119.3 -55.0 4.1
-6128.5 -58.2 4.1
-6178.8 -56.0 4.5
-6241.1 -54.2 4.9
-5981.6 -47.0 2.3
-6001.4 -46.7 2.6
-6028.3 -48.1 3.0
-6074.4 -47.5 3.7
-6160.6 -39.1 4.5
-6192.8 -42.7 4.7
-6103.2 -30.4 3.9
-6149.3 -31.8 4.4
-6162.8 -27.5 4.5
-6193.9 -28.5 4.8
-6203.4 -30.3 4.8
-6222.5 -23.7 5.0
-6000.8 -9.4 2.2
-6007.8 -12.8 2.3
-6031.2 -13.9 2.7
-6061.3 -13.5 3.1
-6164.2 -17.0 4.6
-6191.9 -16.4 4.8
-6016.7 -1.3 2.3
-6054.4 5.1 2.8
-6103.9 4.0 3.6
-6112.8 4.6 3.7
-6164.4 -2.4 4.6
-6249.1 2.5 5.3
-5963.5 20.5 1.3
-6031.2 18.7 2.3
-6221.9 13.8 5.2
-6268.0 12.4 5.5
-6009.3 29.9 1.9
-6104.0 29.0 3.3
-6134.4 30.8 3.7
-6172.6 34.8 4.3
-6189.9 27.4 4.6
-6270.6 35.8 5.6
-6281.4 33.4 5.7
-5998.6 49.0 1.6
-6038.4 43.4 2.2
-6105.0 48.0 3.2
-6118.6 45.2 3.3
-6204.3 49.6 4.6
-6256.3 42.8 5.4
-6325.5 43.4 5.9
-5964.7 59.1 0.9
-6008.1 59.4 1.4
-6092.0 66.3 3.2
-6296.1 63.0 5.9
-6310.5 57.8 6.0
-5956.5 72.5 0.8
-6142.2 74.8 4.0
-6158.2 75.0 4.2
-6193.1 75.0 4.7
-6225.7 74.5 5.1
-6255.6 77.0 5.6
-6294.9 72.2 6.0
-6327.8 76.3 6.2
-5964.2 93.5 0.7
-5992.1 96.1 1.0
-6188.3 95.4 4.5
-6342.8 90.0 6.4
-5939.8 109.2 0.0
-6148.0 109.1 2.8
-6174.9 102.3 3.9
-6193.0 110.4 4.0
-6296.1 108.1 6.3
-5938.4 121.1 -0.1
-5955.9 118.0 0.4
-6221.7 121.6 4.2
-6308.1 120.3 6.3
-5953.7 132.5 0.3
-6014.3 139.5 1.0
-6031.5 137.2 1.2
-6047.0 132.1 1.4
-6055.8 141.5 1.4
-6083.0 139.1 1.8
-6157.5 138.0 2.6
-6219.0 140.8 3.3
-6270.1 136.0 4.8
-6307.4 138.2 5.6
-6055.3 152.9 1.4
-6117.1 148.5 2.1
-6162.8 149.4 2.6
-6179.2 156.3 2.9
-6204.3 156.1 3.2
-6265.1 150.8 4.0
-5997.5 164.6 1.1
-6015.7 171.8 1.6
-6143.2 166.2 2.9
-6226.2 169.4 3.5
-6239.1 166.7 3.5
-6248.6 162.2 3.6
-6270.8 163.0 4.0
-6283.7 164.6 4.3
-5964.2 182.9 1.3
-5978.1 177.3 1.3
-6027.7 181.7 2.0
-6239.4 186.7 3.6
-6283.1 180.0 4.1
-5968.4 192.2 1.7
-6057.1 194.4 2.8
-6088.7 192.6 3.1
-5966.9 208.4 2.3
-5998.5 214.8 2.8
-6043.1 216.6 2.9
-6067.9 208.9 3.0
-6118.8 208.0 3.1
-6178.3 215.3 3.3
-6190.3 216.8 3.3
-6205.2 214.8 3.3
-5980.6 225.0 2.8
-6031.3 227.9 2.9
-6045.0 230.0 2.9
-6061.2 231.4 3.0
-6086.7 226.9 3.0
-6172.6 222.0 3.2
-6190.6 227.8 3.3
-6202.9 222.0 3.3
-6239.1 223.9 3.8
-6037.5 238.6 2.9
-6089.1 241.2 3.0
-6148.3 239.5 3.1
-6172.9 243.8 3.2
-6225.3 239.8 3.7
-6235.1 242.0 3.7
-6029.9 261.6 2.9
-6116.5 261.2 3.0
-6158.6 259.3 3.1
-6196.0 259.2 3.4
-6219.9 257.8 3.6
-5984.9 269.8 2.6
-6026.6 276.7 2.8
-6146.6 270.3 3.1
-6191.0 271.9 3.4
-6037.5 282.4 2.7
-6082.1 290.7 2.8
-6099.8 289.5 2.9
-6132.4 283.2 3.0
-6144.7 283.2 3.0
-6190.6 283.1 3.3
-6083.6 301.7 3.1
-6097.5 302.9 3.1
-6118.5 301.6 2.9
-6145.5 302.1 3.0
-6192.1 298.6 3.2
-6044.5 316.7 2.7
-6068.0 316.1 3.0
-6087.8 319.9 3.2
-6146.7 314.1 3.0
-6190.3 318.0 3.1
-6059.0 327.9 2.8
-6075.2 327.2 3.0
-6121.3 331.9 3.4
-6112.9 350.5 3.1
-6146.4 346.2 3.2
-6067.7 362.9 2.7
-6119.7 358.3 3.0
-6130.3 366.0 2.9
-6098.6 379.6 2.6
-6073.3 390.6 2.4
-6058.0 402.6 2.2
-6098.0 404.7 2.3
-5800.3 230.6 4.2
-5735.9 275.7 3.6
-5758.2 273.2 3.7
-5770.7 273.9 3.5
-5796.8 271.6 3.1
-5764.8 297.5 3.3
-5683.6 318.2 3.6
-5661.7 331.3 3.6
-5688.8 80.0 3.9
-3867.3 2258.0 1.0
-3610.8 2268.4 0.9
-3690.8 2272.7 0.9
-3714.1 2265.7 0.9
-3825.9 2269.9 1.0
-3625.4 2288.0 0.9
-3688.8 2283.1 0.9
-3721.3 2283.0 0.9
-3735.3 2279.1 0.9
-3764.6 2285.7 1.0
-3774.9 2283.5 1.0
-3792.0 2287.8 1.0
-3584.1 2296.0 0.9
-3601.1 2293.8 0.9
-3653.7 2296.0 0.9
-3715.2 2300.9 0.9
-3806.9 2299.4 1.0
-3825.4 2297.6 1.0
-3836.2 2300.0 1.0
-3612.9 2313.8 0.9
-3628.5 2311.4 0.9
-3704.8 2313.8 0.9
-3749.4 2316.5 0.9
-3841.9 2309.5 1.0
-3856.7 2309.5 1.0
-4002.5 2317.1 1.0
-3617.3 2327.7 0.9
-3640.5 2326.1 0.9
-3672.3 2329.7 0.9
-3748.3 2333.2 0.9
-3773.6 2329.1 0.9
-3792.6 2332.8 0.9
-3986.8 2333.2 1.0
-3672.2 2344.5 0.9
-3764.1 2343.1 0.9
-3788.8 2340.1 0.9
-3893.6 2348.4 1.0
-4019.0 2338.7 1.0
-3624.2 2362.3 0.8
-3661.5 2360.6 0.9
-3750.3 2359.6 0.9
-3779.7 2361.9 0.9
-3832.9 2358.4 0.9
-3630.4 2369.6 0.8
-3674.1 2372.7 0.9
-3712.7 2373.1 0.9
-3749.1 2377.2 0.9
-3823.6 2370.0 0.9
-3838.5 2376.0 0.9
-3870.4 2376.0 0.9
-3898.4 2368.6 1.0
-3955.8 2370.7 1.0
-4032.9 2370.1 1.0
-3699.4 2386.3 0.9
-3719.5 2390.7 0.9
-3855.6 2384.9 0.9
-3870.5 2391.1 0.9
-3885.6 2390.2 0.9
-3900.5 2389.7 0.9
-3947.1 2385.7 1.0
-3954.6 2384.4 1.0
-3972.3 2393.2 1.0
-4032.3 2385.6 1.0
-3776.6 2408.6 0.9
-3832.9 2399.7 0.9
-3915.7 2402.7 0.9
-3961.1 2404.3 1.0
-3973.6 2402.2 1.0
-3983.8 2408.2 1.0
-4020.4 2399.6 1.0
-3712.6 2419.4 0.8
-3730.6 2420.9 0.8
-3763.3 2422.0 0.9
-3789.5 2418.2 0.9
-3837.8 2418.7 0.9
-3986.3 2413.9 1.0
-4051.3 2421.4 1.0
-3804.6 2436.1 0.9
-3850.3 2429.8 0.9
-3878.3 2435.5 0.9
-3915.8 2431.5 0.9
-3926.2 2430.8 0.9
-3942.0 2437.7 0.9
-4035.5 2429.3 1.0
-3758.5 2451.0 0.8
-3825.2 2448.3 0.9
-3850.7 2446.2 0.9
-3880.3 2452.4 0.9
-3898.3 2451.3 0.9
-3925.5 2447.3 0.9
-3944.2 2445.2 0.9
-3747.9 2459.8 0.8
-3791.3 2460.3 0.8
-3805.1 2460.2 0.9
-3825.6 2459.1 0.9
-3834.2 2465.9 0.9
-3908.2 2461.6 0.9
-3930.2 2468.4 0.9
-3943.5 2462.8 0.9
-3999.5 2465.8 0.9
-4061.3 2467.9 1.0
-3745.9 2477.6 0.8
-3790.7 2480.5 0.8
-3826.1 2477.2 0.9
-3838.8 2481.9 0.9
-3856.8 2478.5 0.9
-3885.6 2474.8 0.9
-3902.2 2481.3 0.9
-3931.0 2483.0 0.9
-3974.2 2479.7 0.9
-4013.6 2479.9 0.9
-3759.0 2497.5 0.8
-3838.3 2496.8 0.8
-3880.4 2490.2 0.9
-3893.8 2492.8 0.9
-3992.0 2498.2 0.9
-4020.5 2491.2 0.9
-4062.5 2488.7 1.0
-3746.5 2509.1 0.8
-3775.1 2507.1 0.8
-3819.2 2507.9 0.8
-3833.3 2507.8 0.8
-3957.9 2508.5 0.9
-3991.6 2513.5 0.9
-4037.3 2508.1 0.9
-4051.8 2511.4 0.9
-3761.6 2522.4 0.9
-3911.4 2521.3 0.9
-4018.5 2525.2 0.9
-4044.7 2526.6 0.9
-3811.7 2534.8 0.8
-3850.3 2535.5 0.8
-3885.1 2542.4 0.8
-3999.4 2538.3 0.9
-4013.2 2537.8 0.9
-4044.8 2537.0 0.9
-3774.8 2556.9 0.7
-3788.2 2554.9 0.8
-3811.8 2554.0 0.9
-3835.1 2550.8 0.8
-3852.9 2550.1 0.8
-3900.5 2557.6 0.8
-3927.0 2550.0 0.9
-3946.8 2552.4 0.9
-3960.3 2554.4 0.9
-3967.5 2550.9 0.9
-4002.8 2553.0 0.9
-4045.9 2557.4 0.9
-4091.5 2556.8 0.9
-3900.9 2567.5 0.8
-3947.3 2564.4 0.9
-4077.6 2568.7 0.9
-4096.0 2568.6 0.9
-3763.5 2580.5 0.5
-3838.3 2587.4 0.6
-3854.7 2582.6 0.8
-3908.4 2588.6 0.9
-3959.2 2587.3 0.8
-4031.2 2587.2 0.9
-4074.8 2581.4 0.9
-3774.5 2601.5 0.5
-3938.3 2594.8 0.9
-3953.4 2593.8 0.8
-3991.4 2595.7 0.9
-4049.4 2596.8 0.9
-3746.8 2609.4 0.3
-3854.4 2610.7 0.4
-3878.2 2609.2 0.5
-3898.8 2617.7 0.5
-3956.4 2615.8 0.8
-3970.5 2613.2 0.9
-3999.9 2611.6 0.9
-4032.1 2612.7 0.9
-4059.1 2617.7 0.9
-3733.6 2632.4 0.2
-3743.9 2629.8 0.2
-3803.2 2632.1 0.3
-3836.5 2628.6 0.4
-3852.4 2629.8 0.4
-4048.5 2630.3 0.9
-4107.4 2625.8 0.9
-3780.7 2639.3 0.2
-3793.6 2642.1 0.2
-3808.5 2644.6 0.2
-3820.4 2641.6 0.2
-3834.9 2643.4 0.3
-3944.2 2638.9 0.5
-3957.4 2643.5 0.5
-4001.7 2648.0 0.6
-4090.3 2639.4 0.9
-4111.6 2640.8 0.9
-4122.3 2642.1 0.9
-3701.2 2659.5 0.5
-3728.2 2659.0 0.4
-3742.8 2659.3 0.4
-3779.5 2655.5 0.2
-3835.6 2655.5 0.2
-3913.3 2657.9 0.3
-3927.6 2654.1 0.4
-3959.6 2658.5 0.4
-3967.6 2656.3 0.4
-3983.4 2656.1 0.4
-4013.0 2659.7 0.5
-4035.0 2660.6 0.6
-4059.6 2660.0 0.8
-4078.0 2663.4 0.8
-3744.0 2668.6 0.4
-3780.5 2676.7 0.3
-3795.4 2674.9 0.3
-3808.0 2669.5 0.2
-3834.6 2670.9 0.1
-3886.2 2673.4 0.1
-3909.9 2674.9 0.2
-3938.3 2673.4 0.3
-3954.1 2677.6 0.3
-4002.8 2677.7 0.3
-4043.9 2670.7 0.5
-4073.5 2668.7 0.7
-3715.9 2690.6 0.4
-3804.9 2688.8 0.3
-3824.8 2689.8 0.3
-3864.8 2691.0 0.1
-3930.1 2690.7 0.1
-4017.2 2693.6 0.3
-4031.0 2692.5 0.3
-4092.2 2691.7 0.5
-4141.9 2688.2 0.8
-3745.7 2704.7 0.4
-3765.1 2705.7 0.3
-3777.2 2703.7 0.3
-3907.8 2699.7 0.0
-3925.6 2705.1 0.0
-3987.5 2702.5 0.2
-4001.4 2703.1 0.2
-4047.4 2699.6 0.3
-4139.1 2705.5 0.6
-3820.0 2715.7 0.3
-3832.5 2716.4 0.4
-3854.1 2722.0 0.4
-3863.8 2713.8 0.3
-3922.6 2716.0 0.0
-3944.7 2717.7 -0.0
-3956.4 2722.3 -0.0
-3968.8 2722.3 -0.0
-3997.5 2723.5 0.0
-4139.7 2720.5 0.4
-3758.0 2728.8 0.6
-3796.8 2738.0 0.5
-3820.1 2734.6 0.4
-3848.5 2731.9 0.3
-3866.2 2731.0 0.3
-3922.5 2731.5 0.2
-3989.8 2732.6 -0.1
-4104.9 2733.0 0.2
-4121.8 2730.2 0.2
-3736.3 2752.4 0.6
-3764.6 2750.1 0.4
-3802.7 2745.1 0.5
-3849.3 2753.2 0.4
-3899.6 2749.3 0.3
-3929.7 2743.6 0.2
-4065.6 2750.3 -0.0
-4141.7 2744.8 0.2
-4166.0 2745.8 0.2
-3750.0 2768.0 0.7
-3883.9 2765.7 0.4
-3975.0 2760.3 0.2
-4124.8 2767.9 -0.0
-4171.7 2763.0 0.1
-3774.4 2774.0 0.7
-3838.5 2778.1 0.5
-3854.0 2781.9 0.5
-3871.9 2777.5 0.6
-3899.0 2773.8 0.4
-3988.0 2783.1 0.3
-4018.8 2780.3 0.2
-4062.4 2775.6 -0.1
-4089.7 2779.4 -0.1
-4164.2 2782.3 -0.1
-3848.6 2794.0 0.6
-3883.0 2793.4 0.5
-3971.6 2797.4 0.4
-4014.9 2796.4 0.2
-4051.2 2794.9 0.1
-4092.3 2792.9 -0.0
-3914.8 2808.9 0.5
-3930.7 2805.5 0.6
-3942.5 2812.7 0.6
-4049.8 2804.5 0.2
-4078.8 2804.5 0.1
-3853.7 2827.2 0.9
-3880.2 2819.0 0.8
-3898.7 2819.2 0.7
-3926.8 2820.5 0.6
-4001.0 2820.6 0.5
-4156.8 2826.7 -0.0
-3856.7 2839.9 1.1
-3940.1 2843.4 0.8
-4036.6 2834.1 0.5
-4126.0 2839.3 0.2
-3916.4 2856.9 1.0
-3973.8 2855.2 0.8
-4074.2 2849.1 0.4
-4138.8 2853.6 0.2
-3958.7 2868.4 1.0
-3974.2 2867.3 0.9
-4045.8 2865.0 0.7
-4057.8 2868.9 0.6
-4104.4 2864.5 0.5
-4119.0 2869.6 0.5
-3910.1 2884.3 1.3
-3942.7 2879.4 1.2
-3957.6 2881.1 1.1
-3976.4 2880.7 1.1
-4030.9 2880.6 0.9
-4093.9 2883.5 0.7
-3912.3 2898.2 1.3
-3923.4 2900.1 1.3
-3989.2 2901.2 1.2
-4042.9 2893.7 1.0
-4047.5 2911.6 1.1
-3910.1 2925.8 1.1
-3923.2 2924.9 1.2
-3999.7 2925.4 1.4
-3939.4 2942.8 1.2
-3958.4 2942.1 1.2
-3997.8 2940.3 1.4
-3961.7 2959.8 1.2
-3969.9 2954.7 1.2
4494.5 4927.2 0.7
4447.8 4925.4 0.5
4471.5 4937.3 0.6
4481.0 4954.4 0.7
4767.9 4358.1 1.4
4740.3 4361.1 1.5
4757.1 4395.9 1.0
4724.1 4388.2 1.4
4737.2 4404.0 1.1
4737.3 4423.1 1.1
4741.7 4437.1 1.1
4706.1 4437.2 1.4
4751.4 4450.8 0.8
4734.0 4448.1 1.0
4718.5 4450.2 1.1
4740.1 4486.4 0.4
4712.5 4486.3 0.7
4725.3 4493.8 0.5
4707.6 4501.4 0.6
4693.6 4496.2 0.8
4722.3 4515.9 0.3
4691.0 4511.0 0.7
4720.0 4524.5 0.4
4688.3 4530.0 0.6
4723.7 4538.6 0.4
6404.4 -2832.2 3.7
6387.9 -2816.8 3.7
6492.5 -3035.3 5.0
6447.1 -3032.2 5.0
6454.2 -2969.0 4.2
