-1354.2 7775.3 105.4
-1348.1 7773.7 105.5
-1346.6 7761.2 105.4
-1359.8 7770.9 105.3
-1342.8 7765.3 105.5
-1352.9 7758.5 105.3
-1543.8 7746.6 101.8
-1534.5 7758.4 101.0
-1525.3 7770.2 101.2
-1516.0 7782.0 101.4
-1506.7 7793.8 101.6
-1497.5 7805.6 101.8
-1488.2 7817.4 102.0
-1479.0 7829.2 102.5
-1469.7 7841.0 103.2
-1460.4 7852.8 104.0
-1451.2 7864.6 104.3
-1441.9 7876.4 104.5
-1432.7 7888.2 104.7
-1423.7 7900.2 104.9
-1418.5 7914.2 105.3
-1425.6 7925.6 106.0
-1436.2 7936.3 106.5
-1453.1 7953.2 108.4
-1529.6 7745.1 100.7
-1520.2 7756.8 100.9
-1510.9 7768.5 101.1
-1501.5 7780.3 101.3
-1492.2 7792.0 101.5
-1482.8 7803.7 101.8
-1473.5 7815.4 102.5
-1464.1 7827.2 103.2
-1454.8 7838.9 104.0
-1445.4 7850.6 104.3
-1431.0 7868.8 104.6
-4259.8 -1876.0 85.5
