176.7 3942.6 130.5
175.7 3954.5 130.8
186.3 3947.5 130.6
146.1 3939.0 130.7
163.6 3925.9 130.2
196.4 3940.8 130.3
166.4 3960.6 131.0
185.5 3916.7 129.8
187.0 3924.4 130.0
168.5 3948.0 130.7
154.8 3932.5 130.4
159.9 3953.7 130.9
214.1 3926.9 129.9
171.1 3935.4 130.4
208.0 3933.1 130.1
163.1 3941.0 130.6
154.7 3946.8 130.8
179.4 3929.7 130.2
193.6 3931.4 130.1
185.2 3937.0 130.3
178.3 3914.0 129.8
171.0 3920.4 130.0
2486.9 4031.9 116.7
2524.1 4022.8 115.4
2518.3 4044.5 114.8
2471.0 4086.8 116.2
2506.8 4086.5 114.7
2474.4 4073.2 116.1
2480.2 4053.4 116.1
2512.5 4064.6 114.5
2503.9 4097.8 114.7
2491.9 4010.3 117.3
416.8 4002.2 130.3
401.9 3992.9 130.1
384.8 3982.3 130.0
369.5 3972.7 129.9
2429.3 2902.6 71.1
2415.0 2933.2 74.4
2408.2 2912.7 72.1
4680.1 5875.7 115.1
4672.0 5864.6 115.4
4661.8 5894.3 115.6
4655.4 5843.8 116.1
4652.9 5902.4 115.8
4648.8 5831.4 116.3
4640.4 5917.2 116.1
4628.2 5908.2 116.5
4609.1 5895.1 117.1
4598.4 5885.4 117.4
-307.6 5642.6 144.4
-307.3 5651.0 144.7
123.0 3956.4 131.2
129.8 3951.3 131.1
138.1 3945.0 130.9
139.0 3978.7 131.6
142.9 3976.1 131.6
152.6 3969.7 131.3
149.6 3959.6 131.1
145.8 3953.0 131.0
-1634.3 1733.1 140.9
-460.7 1269.5 124.6
-455.2 1264.1 124.7
-466.0 1253.6 125.2
-473.3 1247.1 125.4
-579.1 1357.4 126.7
-571.2 1393.8 127.4
-561.7 1406.6 127.6
-545.5 1402.4 127.2
-540.1 1388.4 126.8
-544.9 1369.8 126.4
-549.5 1350.7 126.1
-4075.7 2229.4 130.7
-4061.8 2239.4 131.3
-4083.4 2241.5 130.9
-4070.7 2251.2 131.5
-5677.6 5422.2 125.8
-5671.0 5408.7 126.0
-5664.4 5395.3 126.2
-5657.9 5381.8 126.3
-5651.3 5368.3 126.5
-5644.7 5354.8 126.8
-5638.2 5341.3 127.0
-5631.6 5327.8 127.2
-5622.3 5308.8 127.5
4658.5 5313.4 119.1
4651.0 5326.3 119.2
4643.4 5339.3 119.3
4631.8 5336.5 119.7
4612.7 5325.1 120.3
4664.0 5316.5 118.9
4656.4 5329.4 119.0
4648.7 5342.3 119.2
4639.2 5347.7 119.4
4626.2 5340.1 119.8
4605.8 5328.1 120.4
4670.5 5317.6 118.7
4662.5 5330.3 118.8
4654.5 5343.0 119.0
4646.5 5355.7 119.2
4634.3 5351.4 119.5
4621.3 5343.9 119.9
4600.6 5331.9 120.5
4579.5 5191.5 118.3
4573.7 5205.3 118.9
4567.9 5219.1 119.7
4562.0 5233.0 120.5
4556.2 5246.8 121.3
4550.4 5260.6 121.8
4538.2 5286.9 122.0
854.5 4743.9 138.8
860.7 4757.6 138.4
866.9 4771.3 138.0
873.1 4784.9 137.6
879.3 4798.6 137.3
885.4 4812.3 136.9
891.6 4825.9 136.5
897.8 4839.6 136.1
904.0 4853.3 135.7
910.2 4866.9 135.3
916.4 4880.6 135.0
922.5 4894.3 134.6
928.7 4907.9 134.2
934.9 4921.6 133.8
941.1 4935.3 133.4
947.3 4948.9 133.0
953.4 4962.6 132.7
959.6 4976.3 132.3
965.8 4989.9 131.9
972.0 5003.6 131.5
978.2 5017.3 131.1
989.0 5041.2 130.5
-147.1 4948.6 148.0
-140.9 4962.3 147.8
-134.8 4976.0 148.1
-128.7 4989.7 148.4
-122.6 5003.4 148.7
-116.5 5017.1 148.9
-110.4 5030.8 149.2
-104.3 5044.5 149.5
-98.2 5058.2 149.8
-92.1 5071.9 150.1
-85.9 5085.6 150.4
-79.8 5099.3 150.7
-73.7 5113.0 151.0
-67.6 5126.7 151.3
-54.8 5122.3 151.9
-41.2 5116.0 152.6
-27.6 5109.7 153.3
-14.0 5103.3 154.0
-0.4 5097.0 154.7
13.2 5090.6 154.4
26.8 5084.3 154.1
40.4 5078.0 153.7
54.0 5071.6 153.4
67.6 5065.3 153.1
81.2 5058.9 152.7
94.8 5052.6 152.4
108.4 5046.3 152.1
132.2 5035.2 151.5
155.9 5024.0 150.9
169.5 5017.7 150.6
183.1 5011.5 150.2
196.8 5005.2 149.9
210.4 4998.9 149.6
224.0 4992.7 149.3
237.7 4986.4 148.9
251.3 4980.1 148.6
264.9 4973.9 148.3
278.6 4967.6 147.9
275.5 4954.9 148.0
269.7 4941.1 148.2
263.9 4927.3 148.5
258.0 4913.4 148.9
252.2 4899.6 149.3
246.3 4885.8 149.7
240.5 4872.0 150.0
234.7 4858.2 150.4
228.8 4844.4 150.8
223.0 4830.5 151.2
217.1 4816.7 151.6
211.3 4802.9 151.8
205.5 4789.1 151.5
199.6 4775.3 151.2
191.4 4755.8 150.7
2312.4 -5289.3 135.2
2309.3 -5274.6 134.6
2306.2 -5259.9 133.9
2303.2 -5245.3 133.2
2300.1 -5230.6 132.5
2297.0 -5215.9 131.8
2293.9 -5201.2 131.1
2290.8 -5186.5 130.4
2287.5 -5170.4 129.7
2318.2 -5292.8 135.3
2315.0 -5278.1 134.6
2311.8 -5263.5 133.9
2308.6 -5248.8 133.3
2305.4 -5234.2 132.6
2302.2 -5219.5 131.9
2299.0 -5204.8 131.2
2295.8 -5190.2 130.5
2290.6 -5166.8 129.4
6752.6 1814.3 69.8
6776.9 1835.6 69.5
6747.7 1819.4 69.8
6772.1 1840.6 69.5
6785.5 1851.9 69.3
6807.2 1870.7 69.1
6790.3 1846.4 69.3
6801.9 1855.9 69.0
6813.5 1865.4 69.0
6831.5 1880.3 68.8
6751.9 1913.2 69.3
6774.8 1931.5 69.1
6758.1 1906.5 69.3
6769.7 1916.0 69.2
6706.6 1874.7 70.0
6718.1 1884.4 69.9
6737.2 1900.7 69.6
6710.8 1868.0 70.0
6722.4 1877.4 69.9
6741.9 1893.1 69.6
1299.8 4099.1 133.9
1278.1 4127.1 135.1
1297.0 4137.8 136.4
1330.4 4156.8 138.6
1313.7 4155.9 138.1
1267.5 4159.4 137.0
1256.5 4156.2 136.4
1326.9 4168.5 139.3
1248.7 4165.4 136.8
1361.3 4188.3 141.6
1281.3 4187.9 139.2
1238.9 4196.0 138.5
1250.5 4214.2 140.1
1242.2 4212.9 139.7
1191.5 4213.9 138.3
1331.9 4233.6 143.7
1309.7 4231.7 142.9
1295.7 4229.7 142.4
1279.9 4228.1 141.8
1219.5 4228.1 140.1
1204.2 4226.3 139.5
1330.8 4242.2 144.2
1297.7 4250.1 143.8
1161.0 4245.9 139.6
1374.9 4265.3 146.4
1330.9 4264.9 145.7
1163.4 4262.4 140.7
1387.2 4278.7 146.9
1371.3 4280.4 146.9
1326.5 4275.1 146.3
1312.1 4272.2 145.7
1206.1 4273.7 142.7
1177.5 4278.5 142.2
1418.4 4294.5 147.5
1385.8 4290.4 147.3
1345.6 4295.2 147.5
1294.2 4290.5 146.3
1280.1 4288.1 145.8
1249.8 4290.5 145.1
1196.5 4290.3 143.5
1401.4 4304.5 147.9
1356.1 4303.8 147.8
1324.4 4308.9 148.0
1279.3 4308.0 147.1
1220.5 4310.4 145.5
1161.0 4304.8 143.4
1145.0 4300.8 142.7
1374.1 4317.4 148.4
1293.2 4318.3 148.2
1221.9 4315.9 145.9
1190.0 4318.2 145.2
1428.3 4331.8 147.5
1413.2 4337.6 147.8
1404.3 4338.4 148.1
1387.6 4330.5 148.7
1263.8 4336.0 148.5
1225.0 4339.5 147.6
1178.1 4333.4 145.8
1148.5 4331.7 144.9
1118.8 4339.8 144.5
1103.8 4331.9 143.6
1446.4 4349.9 146.6
1391.7 4347.8 148.2
1194.8 4347.8 147.2
1145.5 4350.6 146.0
1121.9 4350.5 145.3
1418.5 4365.7 147.0
1371.5 4368.9 148.3
1360.8 4367.6 148.6
1189.7 4361.1 148.0
1147.4 4368.5 147.2
1460.4 4379.1 145.5
1428.2 4383.8 146.3
1416.6 4381.5 146.7
1390.3 4383.7 147.4
1359.6 4378.5 148.4
1329.0 4381.0 149.2
1268.8 4377.5 150.6
1222.3 4383.2 150.4
1359.2 4392.1 148.1
1339.7 4395.4 148.6
1324.4 4391.1 149.1
1282.2 4399.0 150.2
1256.8 4394.6 151.0
1204.7 4396.6 150.7
1189.5 4391.3 150.0
1445.4 4410.3 145.2
1428.7 4409.9 145.7
1376.5 4411.7 147.2
1219.3 4406.2 151.7
1207.9 4411.5 151.8
1163.5 4414.3 149.2
1149.8 4411.9 148.3
1070.8 4408.8 143.0
1407.3 4426.9 145.9
1338.9 4426.9 147.9
1327.2 4423.7 148.3
1284.1 4427.4 149.5
1254.2 4423.5 150.4
1236.3 4428.5 150.5
1221.1 4427.8 151.0
1105.7 4425.2 145.4
1055.3 4421.4 142.0
1047.6 4429.2 141.6
1387.6 4439.9 146.2
1354.6 4440.1 147.1
1328.4 4445.2 147.8
1265.0 4443.6 149.0
1212.0 4440.9 150.8
1195.1 4443.9 149.9
1173.9 4438.1 149.3
1133.5 4437.6 147.4
1047.7 4439.1 141.6
1026.5 4443.8 140.2
1361.9 4455.0 146.6
1347.8 4456.4 146.7
1192.7 4451.1 149.4
1164.1 4455.9 147.8
1122.8 4452.9 146.1
1100.7 4453.8 145.0
1074.7 4457.7 143.5
1025.2 4452.1 140.2
1398.1 4470.5 144.8
1359.4 4467.3 145.6
1344.7 4474.0 145.3
1294.0 4472.8 147.0
1268.0 4470.3 148.0
1250.0 4470.6 148.5
1237.0 4466.2 149.1
1224.8 4470.8 149.3
1083.0 4468.9 143.3
1062.2 4474.9 142.0
1008.5 4472.2 140.0
1415.4 4484.1 143.4
1314.1 4485.4 145.9
1233.8 4483.2 148.6
1189.0 4484.9 147.3
1134.5 4483.6 144.9
1085.9 4488.9 142.3
1070.1 4486.8 141.7
997.4 4480.6 140.2
1418.5 4501.8 141.9
1371.6 4503.2 143.4
1338.9 4499.7 144.6
1116.4 4496.9 143.3
1099.6 4501.4 142.2
1077.5 4495.7 141.5
1011.6 4499.5 139.7
1324.4 4517.7 144.4
1314.3 4511.7 145.0
1149.7 4512.0 144.0
1102.8 4515.4 141.6
1038.3 4515.4 138.9
1338.1 4528.2 143.6
1295.0 4529.3 144.9
1271.0 4532.9 145.6
1075.0 4532.8 139.3
1040.9 4530.7 138.5
1011.3 4529.1 139.2
1377.8 4541.5 141.8
1286.6 4541.0 144.8
1179.4 4543.8 143.5
1161.6 4547.6 142.5
1060.1 4543.4 138.0
1161.5 4558.6 141.9
1113.9 4564.8 139.3
1083.8 4557.1 138.3
1073.0 4559.4 137.7
1339.5 4620.1 140.2
1358.8 4636.2 139.0
2738.8 6922.2 147.6
2724.0 6929.9 147.7
2770.8 6939.1 146.5
2763.5 6955.6 146.2
2718.1 6955.8 147.3
2747.1 6984.9 146.2
4900.1 4449.7 91.5
4875.3 4510.4 93.0
6341.2 -4541.0 128.7
6420.4 -4530.8 124.2
6388.5 -4532.7 126.0
6417.6 -4512.4 123.5
6399.1 -4520.3 124.9
6368.0 -4519.6 126.7
6351.3 -4517.7 127.5
6441.3 -4501.3 121.7
6428.1 -4503.3 122.6
6389.6 -4499.3 124.6
6388.6 -4487.8 124.2
6369.5 -4480.8 125.0
