-6464.4 -8816.1 13.8
-6489.0 -8818.2 13.8
-6480.0 -8805.6 14.5
-6488.4 -8808.7 14.7
-6459.1 -8800.5 14.2
-6443.9 -8757.7 13.9
-6504.0 -8748.0 14.7
-6479.3 -8739.8 14.3
-6488.7 -8735.6 14.5
-6502.7 -8734.9 14.7
-6514.2 -8728.5 14.8
-6514.8 -8708.5 14.7
-6510.6 -8697.5 14.6
-6708.7 -8794.3 17.6
-6681.3 -8777.2 16.6
-6687.5 -8768.4 17.9
-6681.2 -8757.5 18.3
-6747.9 -8746.4 22.1
-6876.9 -8602.2 20.1
-6891.2 -8561.2 18.9
-6911.3 -8562.9 18.1
-6890.5 -8552.1 18.8
-6897.0 -8551.1 18.5
-6908.9 -8546.8 18.0
-6892.1 -8541.5 18.6
-6898.2 -8541.0 18.3
-6924.7 -8511.3 16.8
-6908.0 -8481.7 17.1
-6915.8 -8473.8 16.7
-6920.9 -8155.7 12.1
-6903.7 -8125.4 12.4
-6872.0 -8117.4 12.6
-6921.7 -8088.3 11.1
-6928.4 -8023.0 9.9
-6920.7 -7955.1 8.4
-6935.0 -7953.4 8.6
-6883.3 -7946.0 7.2
-6922.2 -7944.8 8.1
-6932.1 -7945.4 8.3
-6860.8 -7937.7 6.6
-6899.8 -7939.0 7.3
-6911.9 -7936.9 7.6
-6923.6 -7937.0 7.8
-6864.6 -7928.8 6.7
-6905.2 -7926.5 7.1
-6924.7 -7927.0 7.5
-6628.7 -8739.6 17.6
-6638.3 -8740.7 17.7
-6651.5 -8741.7 17.9
-6661.2 -8719.9 19.1
-6587.5 -8712.2 17.3
-6573.4 -8697.6 17.5
-6670.1 -8699.2 20.0
-6583.3 -8690.2 18.4
-6587.9 -8691.6 18.3
-6596.9 -8687.7 18.6
-6681.1 -8692.2 20.5
-6582.2 -8681.7 19.0
-6691.4 -8653.1 22.0
-6709.4 -8650.8 22.6
-6723.7 -8654.0 23.0
-6695.6 -8645.7 22.3
-6709.5 -8644.1 22.8
-6723.3 -8642.1 23.3
-6701.1 -8632.5 22.9
-6735.8 -8622.0 24.2
-6740.9 -8604.6 24.8
-6715.4 -8471.4 20.6
-6656.1 -8462.1 18.8
-6681.3 -8451.3 19.1
-6702.6 -8431.3 19.0
-6585.6 -8338.4 13.1
-6586.7 -8333.5 13.0
-6500.2 -8304.9 11.7
-6798.5 -8334.7 18.0
-6795.9 -8264.9 15.6
-6840.2 -8242.7 15.9
-6806.2 -8231.5 14.8
-6809.0 -8190.5 13.5
-6806.9 -8182.6 13.2
-6816.9 -8179.7 13.3
-6735.3 -8170.4 11.1
-6749.4 -8168.7 11.4
-6804.2 -8173.1 12.8
-6815.4 -8168.9 12.9
-6754.1 -8164.8 11.4
-6766.6 -8160.2 11.5
-6775.5 -8164.4 11.9
-6786.4 -8163.6 12.1
-6809.7 -8160.4 12.5
-6754.1 -8153.3 11.0
-6769.7 -8151.6 11.3
-6759.6 -8142.5 10.8
-6631.6 -8288.0 12.6
-6679.7 -8198.8 10.8
-6687.4 -8199.4 11.0
-6681.2 -8179.9 10.2
-6642.0 -8170.0 9.0
-6657.5 -8168.6 9.3
-6680.0 -8165.6 9.7
-6700.4 -8165.6 10.2
-6641.3 -8160.8 8.6
-6661.8 -8160.7 9.1
-6650.3 -8148.3 8.4
-6666.1 -8148.4 8.8
-6681.5 -8151.0 9.2
-6685.9 -8149.6 9.3
-6697.9 -8151.2 9.6
-6659.2 -8135.0 8.2
-6697.6 -8135.3 9.1
-6711.3 -8135.0 9.4
-6668.2 -8126.6 8.1
-6679.0 -8125.0 8.3
-6690.0 -8125.3 8.6
-6545.8 -8263.7 9.8
-6630.1 -8120.4 7.1
-6710.6 -8089.5 7.9
-6686.1 -8082.3 7.1
-6609.9 -8021.8 5.6
-6630.6 -8018.4 5.6
-6554.8 -8009.1 5.9
-6604.6 -8009.7 5.9
-6565.0 -8002.4 5.9
-6571.5 -7988.8 5.6
-6580.1 -7989.7 5.7
-6660.8 -7986.8 6.2
-6810.9 -8011.1 7.6
-6823.2 -8004.0 7.7
-6564.4 -8644.8 20.3
-6579.8 -8632.4 22.5
-6501.8 -8600.3 13.5
-6572.1 -8595.4 23.4
-6580.7 -8596.5 24.6
-6574.7 -8583.9 21.8
-6592.9 -8586.0 24.0
-6599.2 -8583.9 24.2
-6542.9 -8551.0 15.8
4940.7 2020.4 18.9
4958.5 2039.3 19.6
4950.9 2040.3 19.3
4941.1 2040.0 19.0
4932.1 2042.5 18.8
4920.7 2043.6 18.5
4959.1 2049.8 19.9
4938.9 2050.9 19.3
4952.3 2061.4 19.9
4929.5 2059.1 19.3
4923.7 2061.9 19.2
4944.0 2073.0 19.8
4923.3 2068.9 19.4
5038.3 2084.8 21.1
5013.5 2084.6 20.8
5000.8 2083.3 20.6
4972.0 2083.9 20.2
4963.6 2080.3 20.1
4949.1 2080.2 19.9
4940.7 2085.2 19.7
4932.5 2079.5 19.6
5040.2 2092.1 21.1
5032.0 2090.2 21.0
5008.7 2089.2 20.7
5002.0 2093.9 20.6
4971.8 2090.1 20.2
4959.2 2091.3 20.0
4922.5 2092.1 19.5
5070.3 2104.9 21.6
5060.6 2101.4 21.4
4913.0 2105.2 19.3
4892.4 2101.4 19.0
5079.2 2115.0 21.7
5080.7 2122.9 21.7
5062.5 2122.0 21.5
5051.0 2119.4 21.3
5028.5 2121.3 20.9
5071.3 2129.1 21.5
5093.9 2141.4 21.6
5069.6 2141.2 21.1
5029.9 2140.5 20.4
4902.1 2139.5 18.5
5068.6 2155.4 20.9
5028.1 2154.9 20.0
4912.4 2154.1 18.1
5108.4 2160.2 21.8
5071.3 2159.4 20.9
4908.2 2161.9 17.7
5093.2 2170.4 21.3
5070.4 2174.6 20.8
5064.3 2171.6 20.6
5119.9 2182.0 21.8
5101.1 2180.0 21.4
5083.1 2184.6 20.9
5071.9 2179.4 20.7
5103.6 2191.8 21.3
5094.0 2189.8 21.1
5080.8 2193.7 20.8
5062.9 2194.0 20.4
5090.9 2203.6 20.9
5080.3 2205.0 20.7
5091.1 2210.3 20.9
5080.7 2211.0 20.6
5070.3 2211.5 20.4
5060.0 2210.2 20.1
5079.3 2224.6 20.8
5110.1 2229.9 21.6
5100.7 2232.4 21.5
5068.2 2229.8 20.6
5062.6 2234.2 20.5
5003.8 2232.2 18.8
4988.9 2232.5 18.4
5059.3 2240.7 20.5
5044.0 2240.6 20.1
5038.9 2254.1 20.2
5033.8 2250.4 20.0
5022.4 2253.5 19.7
5010.6 2251.3 19.4
5004.4 2254.6 19.3
-5054.6 -8830.4 45.4
-5068.2 -8833.1 45.2
-5029.2 -8825.9 46.0
-5035.2 -8820.7 45.2
-5056.4 -8822.7 44.6
-5070.6 -8823.6 44.2
-5076.3 -8821.8 43.8
-5085.1 -8825.0 43.7
-5017.0 -8815.2 45.4
-5027.0 -8816.6 45.2
-5048.2 -8813.3 44.0
-5069.2 -8811.8 43.1
-5077.7 -8816.1 43.2
-5029.9 -8802.1 43.9
-5045.1 -8805.1 43.4
-5066.2 -8805.6 42.7
-5097.6 -8802.3 41.6
-5008.5 -8792.9 44.6
-5029.4 -8791.5 43.8
-5047.3 -8795.2 43.2
-5076.1 -8795.5 42.2
-5085.7 -8796.8 41.9
-5094.5 -8791.8 41.5
-5104.8 -8791.6 41.2
-5000.3 -8781.9 44.7
-5031.0 -8785.3 43.7
-5040.5 -8783.1 43.3
-5055.5 -8782.7 42.8
-5066.1 -8783.5 42.4
-5080.2 -8786.5 42.0
-5090.3 -8781.9 41.5
-5098.9 -8783.9 41.3
-5017.8 -8776.1 44.0
-5026.8 -8770.3 43.7
-5037.7 -8775.3 43.3
-5049.6 -8774.9 42.9
-5079.6 -8776.0 41.9
-5090.0 -8770.9 41.5
-5109.9 -8771.5 40.9
-4999.2 -8761.3 44.6
-5007.1 -8766.3 44.4
-5015.3 -8761.0 44.1
-5030.6 -8763.5 43.6
-5086.9 -8763.3 41.7
-5097.0 -8763.3 41.3
-4995.2 -8754.0 44.8
-5017.6 -8756.4 44.0
-5038.5 -8756.0 43.3
-5077.1 -8753.1 42.0
5042.5 1939.1 20.8
5056.1 1957.0 21.0
5040.9 1958.8 20.8
5070.9 1968.9 21.2
5065.7 1971.3 21.1
5021.5 1970.8 20.6
5014.5 1970.4 20.6
5053.2 1981.8 21.0
5032.7 1977.4 20.8
5002.4 1980.2 20.5
5013.8 1988.1 20.6
5314.5 2482.3 22.7
5304.4 2511.1 22.7
5327.2 2524.3 22.7
5305.5 2523.5 22.8
4736.5 2096.6 21.8
4727.9 2099.5 21.8
4757.9 2110.5 21.2
4725.6 2109.4 21.6
4771.4 2119.9 20.7
4757.3 2127.7 20.8
4720.5 2127.8 21.3
4749.2 2140.5 20.7
4728.4 2139.3 21.1
4721.3 2137.7 21.2
-6285.6 -8833.0 11.9
-6262.9 -8821.2 11.9
-6273.1 -8822.3 11.9
-6287.5 -8791.6 12.0
-6359.1 -8831.7 12.7
-6355.3 -8826.0 12.7
-6377.5 -8820.9 13.1
-6383.7 -8823.2 13.1
-6307.6 -8803.1 12.1
-6335.0 -8802.1 12.4
-6309.5 -8791.1 12.1
-6318.5 -8792.2 12.2
-6345.2 -8795.7 12.6
-6369.4 -8793.2 12.9
-6299.4 -8786.2 12.0
-6329.3 -8783.5 12.1
-6364.2 -8786.7 12.8
-6386.0 -8780.7 13.1
-6294.5 -8773.3 11.7
-6323.9 -8773.4 11.9
-6344.9 -8775.6 12.3
-6355.5 -8776.8 12.6
-6368.6 -8775.4 12.8
-6376.4 -8774.9 12.9
-6385.1 -8775.9 13.1
-6389.5 -8764.4 13.1
-6307.2 -8756.2 11.6
-6335.2 -8751.3 11.7
-6348.0 -8753.4 11.9
-6355.7 -8752.9 11.9
-6376.2 -8751.9 12.2
-6395.6 -8752.2 13.1
-6358.2 -8745.3 11.8
-6405.2 -8745.6 13.2
-6415.1 -8730.6 12.6
-6386.7 -8726.0 11.7
-6419.2 -8721.7 12.2
-6426.6 -8720.8 12.5
-6350.1 -8711.6 11.3
-6387.7 -8716.7 11.7
-6397.7 -8712.3 11.6
-6354.6 -8705.5 11.2
-6400.2 -8705.6 11.6
-6436.2 -8704.1 11.7
-6410.3 -8691.0 11.5
-6418.6 -8690.4 11.5
-6445.0 -8684.9 11.3
-6455.7 -8683.9 11.3
-6434.9 -8664.4 11.4
-6460.3 -8660.5 11.2
-6464.6 -8653.3 11.2
-5986.7 -8833.2 12.1
-6081.0 -8832.8 11.2
-6126.9 -8832.0 11.3
-5971.3 -8821.7 12.9
-5981.3 -8823.0 12.5
-5989.6 -8822.7 12.3
-6000.6 -8825.3 11.9
-6078.7 -8820.3 11.1
-6122.0 -8825.9 11.4
-6132.9 -8820.5 11.4
-6162.5 -8823.2 11.5
-6178.6 -8825.9 11.5
-5967.3 -8815.1 13.1
-5990.7 -8815.3 12.4
-6117.7 -8810.7 11.2
-6140.4 -8814.3 11.4
-6147.4 -8811.3 11.4
-6181.3 -8810.5 11.6
-5938.9 -8801.4 14.3
-5951.1 -8804.8 13.8
-6001.5 -8805.6 11.8
-6152.7 -8806.8 11.4
-6170.5 -8800.3 11.4
-6186.8 -8802.9 11.5
-6236.8 -8804.6 11.8
-5943.0 -8791.6 14.2
-6142.2 -8796.8 11.2
-6149.8 -8796.0 11.2
-6188.0 -8796.3 11.4
-5917.9 -8781.1 15.2
-5947.6 -8781.7 14.0
-6099.1 -8780.5 10.7
-6109.8 -8782.8 10.8
-6139.2 -8784.0 11.0
-6171.2 -8783.0 11.1
-6187.9 -8783.6 11.2
-6199.8 -8784.8 11.3
-6209.1 -8780.3 11.3
-5921.8 -8776.3 15.0
-5936.5 -8772.8 14.4
-6069.2 -8772.4 10.3
-6119.8 -8772.3 10.7
-6156.6 -8773.7 10.9
-6168.4 -8776.0 11.0
-6200.0 -8772.2 11.2
-6210.6 -8774.8 11.3
-5917.7 -8765.0 15.1
-5929.4 -8765.5 14.6
-6081.0 -8765.2 10.3
-6140.2 -8761.4 10.6
-6199.5 -8761.3 11.0
-5919.2 -8752.1 14.9
-6148.5 -8755.3 10.6
-6162.3 -8752.3 10.6
-6166.6 -8750.9 10.6
-6177.0 -8753.3 10.7
-6191.7 -8752.8 10.8
-6200.7 -8750.9 10.8
-6218.2 -8751.2 11.0
-6258.7 -8751.7 11.2
-5920.5 -8744.8 14.8
-5938.8 -8743.2 14.0
-6142.3 -8740.7 10.3
-6177.5 -8745.0 10.6
-6192.7 -8741.8 10.7
-6196.8 -8745.4 10.7
-5931.5 -8734.5 14.3
-5951.5 -8733.8 13.4
-6059.0 -8734.6 9.2
-6076.8 -8731.5 9.4
-6132.3 -8731.6 10.1
-6161.3 -8733.8 10.4
-6168.0 -8735.3 10.4
-6178.4 -8733.9 10.5
-6187.9 -8734.5 10.5
-6200.2 -8731.0 10.5
-6221.0 -8736.8 10.8
-5949.8 -8722.4 13.4
-6130.6 -8720.7 10.0
-6168.7 -8725.7 10.3
-6177.3 -8723.0 10.3
-5939.7 -8714.9 13.7
-5961.4 -8711.2 12.8
-5967.5 -8713.5 12.5
-5976.5 -8712.8 12.1
-6040.2 -8714.5 9.4
-6061.3 -8715.5 8.7
-6070.7 -8714.7 8.9
-5959.5 -8703.8 12.8
-5968.5 -8703.2 12.4
-5977.9 -8700.3 12.0
-6032.0 -8706.8 9.7
-6046.6 -8700.4 9.0
-6062.1 -8701.6 8.4
-5959.1 -8692.4 12.7
-5969.9 -8693.6 12.2
-6017.5 -8696.0 10.2
-6040.9 -8693.6 9.2
-6071.6 -8692.7 8.4
-6118.8 -8673.1 8.7
-6120.6 -8663.7 8.5
-6107.8 -8652.0 8.0
-6116.8 -8654.2 8.2
-6150.8 -8650.5 8.7
-6156.7 -8653.0 8.8
-6102.9 -8644.8 7.7
-6160.7 -8643.1 8.7
-6170.6 -8640.3 8.8
-6109.9 -8633.7 7.6
-6121.0 -8632.2 7.7
-6131.6 -8633.1 7.9
-6160.3 -8634.8 8.5
-6120.9 -8626.4 7.6
-6132.2 -8622.5 7.7
-6141.6 -8624.2 7.9
-6148.8 -8625.5 8.0
-6163.1 -8621.3 8.2
-6170.5 -8622.6 8.3
-6132.0 -8613.4 7.5
4796.7 1448.7 21.0
4836.5 1457.1 21.1
4821.6 1458.5 21.1
4816.2 1462.0 21.0
4812.9 1467.7 21.0
4805.7 1472.2 21.0
4870.3 1478.4 21.3
4814.7 1478.0 21.0
4844.0 1491.6 21.1
4812.7 1490.3 21.0
4796.1 1490.9 21.0
4864.5 1501.9 21.4
4832.7 1502.1 21.1
4826.6 1497.2 21.1
4800.5 1500.5 21.0
4881.2 1509.2 21.5
4870.6 1506.8 21.4
4836.2 1509.0 21.2
4825.0 1512.0 21.1
4815.0 1506.7 21.0
4802.9 1510.9 21.0
4870.3 1519.8 21.5
4800.6 1516.4 21.0
4873.4 1528.6 21.6
4815.8 1531.4 21.2
4801.0 1532.3 21.1
4792.4 1532.9 21.0
4872.3 1538.5 21.6
4795.7 1546.4 21.1
4854.3 1567.3 21.5
4795.8 1572.3 21.0
4840.6 1578.3 21.4
4800.3 1579.8 21.0
4830.9 1592.2 21.1
4820.5 1587.1 21.1
4801.1 1589.1 21.0
-6237.3 -8722.6 10.6
-6241.7 -8718.7 10.6
-6266.3 -8722.7 10.8
-6284.5 -8724.2 11.0
-6295.5 -8720.7 11.0
-6215.8 -8709.5 10.3
-6275.5 -8709.3 10.7
-6294.6 -8711.9 10.8
-6306.2 -8711.4 10.9
-6216.5 -8699.7 10.2
-6233.1 -8702.4 10.3
-6253.0 -8703.9 10.5
-6197.1 -8689.2 9.9
-6224.7 -8691.5 10.1
-6235.8 -8694.2 10.2
-6313.7 -8694.0 10.7
-6324.0 -8690.5 10.7
-6333.0 -8690.4 10.8
-6355.3 -8693.9 11.1
-6361.1 -8690.2 11.1
-6206.8 -8684.7 9.9
-6212.8 -8679.2 9.9
-6221.8 -8683.3 10.0
-6291.3 -8681.4 10.4
-6303.6 -8683.4 10.5
-6323.7 -8682.7 10.6
-6151.4 -8672.8 9.2
-6213.8 -8669.4 9.7
-6231.3 -8671.6 9.9
-6286.6 -8673.5 10.2
-6337.1 -8671.2 10.6
-6205.9 -8658.6 9.5
-6305.2 -8662.8 10.2
-6313.0 -8659.5 10.2
-6197.2 -8652.7 9.4
-6211.8 -8649.6 9.4
-6223.8 -8648.8 9.5
-6316.0 -8654.3 10.1
-6341.9 -8651.1 10.3
-6353.8 -8654.2 10.5
-6193.1 -8644.9 9.2
-6216.2 -8640.5 9.3
-6232.9 -8639.5 9.4
-6337.0 -8643.5 10.2
-6342.1 -8639.0 10.2
-6351.7 -8641.3 10.3
-6365.0 -8638.7 10.4
-6371.4 -8639.7 10.4
-6223.1 -8633.0 9.2
-6231.3 -8633.0 9.3
-6332.5 -8634.4 10.0
-6345.3 -8631.4 10.1
-6354.1 -8632.1 10.2
-6361.7 -8633.8 10.3
-6375.9 -8635.1 10.4
-6211.8 -8621.7 9.0
-6344.6 -8622.8 9.9
-6357.0 -8623.3 10.1
-6365.5 -8618.7 10.1
-6396.8 -8619.5 10.4
-6217.0 -8610.3 8.8
-6224.0 -8609.3 8.9
-6272.6 -8612.5 9.2
-6283.7 -8613.5 9.3
-6364.1 -8613.2 10.0
-6225.3 -8599.3 8.7
-6272.6 -8604.0 9.1
-6282.2 -8602.3 9.2
-6332.9 -8600.0 9.5
-6352.9 -8603.0 9.7
-6362.0 -8599.7 9.8
-6267.4 -8589.0 8.9
-6277.1 -8595.2 9.0
-6286.9 -8590.4 9.0
-6335.6 -8591.9 9.4
-6354.2 -8590.5 9.6
-6243.7 -8583.1 8.6
-6311.9 -8583.0 9.1
-6326.3 -8581.6 9.2
-6333.5 -8581.6 9.3
-6344.3 -8584.1 9.4
-6351.4 -8582.6 9.4
-6251.0 -8572.3 8.5
-6266.0 -8575.0 8.7
-6296.6 -8571.4 8.8
-6316.6 -8572.0 9.0
-6325.3 -8573.2 9.1
-6331.5 -8574.0 9.1
-6296.0 -8562.5 8.6
-6304.3 -8561.6 8.7
-6275.1 -8552.7 8.4
-6282.9 -8551.7 8.4
-6332.7 -8553.3 8.8
-6285.1 -8539.2 8.2
-6068.0 -8573.1 7.0
-6068.6 -8565.0 6.9
-6078.6 -8565.7 6.4
-6070.4 -8556.5 6.7
-6088.4 -8556.7 5.9
-6098.2 -8540.8 5.4
-6111.2 -8545.7 5.5
-6051.4 -8532.0 7.3
-6098.4 -8530.2 5.3
-6060.7 -8524.9 6.9
-6058.6 -8513.5 6.9
-6098.4 -8514.2 5.2
-6109.2 -8512.8 4.7
-6082.6 -8502.5 5.7
-6088.2 -8501.5 5.5
-6088.4 -8483.1 5.5
-6097.6 -8482.1 5.1
-6107.8 -8481.4 4.5
-6081.7 -8476.3 6.1
-6087.9 -8473.3 5.8
-6102.2 -8472.9 5.1
-6077.5 -8463.6 6.6
-6088.0 -8461.2 6.1
-6097.6 -8466.7 5.5
-6058.6 -8442.5 8.2
-6069.3 -8445.8 7.6
-6066.9 -8432.7 8.0
-6128.2 -8433.9 6.3
-6138.3 -8435.2 6.4
-6150.2 -8430.6 6.8
-6066.5 -8416.1 8.5
-6128.0 -8416.0 7.3
-6142.2 -8411.7 7.5
-6158.9 -8411.8 7.7
-6127.2 -8400.8 8.2
-6137.6 -8402.5 7.9
-6131.9 -8395.0 8.4
-6110.1 -8385.6 9.8
-5122.0 -8833.3 43.1
-5164.1 -8830.5 41.3
-5215.3 -8833.1 39.6
-5110.8 -8823.3 42.6
-5151.4 -8823.7 41.1
-5185.2 -8821.8 39.6
-5191.5 -8821.3 39.3
-5205.2 -8821.2 38.8
-5214.7 -8825.8 38.9
-5162.6 -8813.8 39.7
-5160.3 -8803.8 39.4
-5181.5 -8806.5 38.7
-5254.9 -8833.1 38.1
-5265.8 -8821.8 36.6
-5385.7 -8826.1 32.4
-5263.8 -8810.7 35.8
-5272.7 -8805.4 35.4
-5241.2 -8795.4 36.4
-5250.0 -8793.2 36.1
-5262.8 -8790.5 35.6
-5170.5 -8781.2 38.8
-5192.3 -8785.5 38.0
-5201.3 -8784.8 37.7
-5212.8 -8781.4 37.3
-5223.4 -8785.5 37.0
-5234.4 -8782.8 36.6
-5245.7 -8786.2 36.2
-5262.7 -8780.2 35.7
-5332.1 -8780.5 33.3
-5340.9 -8785.0 33.0
-5141.6 -8776.5 39.8
-5175.9 -8774.1 38.6
-5190.9 -8773.7 38.1
-5211.6 -8773.3 37.4
-5230.6 -8776.7 36.8
-5243.1 -8773.3 36.3
-5261.5 -8773.8 35.7
-5272.6 -8772.1 35.4
-5292.2 -8776.1 34.7
-5151.8 -8766.0 39.5
-5174.9 -8762.4 38.7
-5225.3 -8765.2 37.0
-5163.9 -8756.1 39.1
-5292.5 -8755.8 34.8
-5170.3 -8745.4 38.9
-5186.4 -8746.5 38.4
-5246.2 -8741.1 36.5
-5262.4 -8746.5 35.9
-5459.9 -8832.2 30.2
-5478.6 -8832.9 29.5
-5445.9 -8822.6 29.8
-5499.4 -8816.1 27.6
-5506.5 -8813.9 27.3
-5529.2 -8811.3 26.5
-5499.4 -8804.3 27.6
-5530.4 -8806.5 26.5
-5535.5 -8832.4 27.3
-5575.3 -8830.6 25.6
-5561.9 -8822.6 25.5
-5571.4 -8811.9 25.1
-5550.6 -8804.7 25.8
-5650.6 -8823.8 22.4
-5684.3 -8826.5 21.3
-5624.5 -8812.8 23.3
-5634.1 -8812.4 23.0
-5651.1 -8816.2 22.4
-5664.5 -8814.9 22.0
-5655.5 -8800.9 22.5
-5661.5 -8806.2 22.1
-5671.8 -8805.7 21.9
-5692.1 -8804.0 21.4
-5593.7 -8791.0 24.6
-5602.7 -8795.9 24.2
-5624.5 -8796.5 23.5
-5636.7 -8791.4 23.4
-5643.7 -8795.0 23.0
-5655.5 -8795.0 22.7
-5624.9 -8786.4 23.9
-5634.3 -8770.5 23.7
-5646.0 -8771.9 23.4
-5665.6 -8774.5 22.7
-5672.9 -8771.0 22.6
-5606.3 -8760.4 24.8
-5633.1 -8753.0 24.2
-5643.9 -8756.3 23.8
-5672.2 -8751.2 23.1
-5671.1 -8743.4 23.3
-5611.0 -8736.4 25.2
-5621.1 -8732.0 24.8
-5632.9 -8733.2 24.5
-5646.3 -8732.8 24.0
-5654.4 -8732.4 23.7
-5636.0 -8723.0 24.4
-5663.4 -8726.5 23.5
-5673.2 -8725.9 23.2
-5635.3 -8713.7 24.5
-5661.7 -8701.8 23.8
-5662.2 -8695.2 23.8
-5682.4 -8691.0 23.2
-5650.7 -8685.0 24.1
-5681.5 -8685.8 23.1
-5666.7 -8676.4 23.6
-5681.9 -8672.5 23.3
-5634.8 -8664.9 24.5
-5645.1 -8662.5 24.3
-5662.1 -8650.3 24.1
-5680.6 -8651.1 23.6
-5675.5 -8641.3 23.9
-5681.2 -8641.5 23.8
-5684.1 -8636.8 23.5
-5636.8 -8625.8 24.6
-5673.1 -8624.5 23.9
-5683.1 -8625.6 23.7
-5692.0 -8622.9 23.6
-5661.0 -8615.7 24.2
-5673.8 -8614.4 24.0
-5685.8 -8616.1 23.8
-5676.2 -8603.0 24.2
-5646.7 -8592.3 24.8
-5663.7 -8593.4 24.5
-5686.2 -8594.0 24.2
-5645.4 -8585.3 25.0
-5685.3 -8585.4 24.3
-5640.3 -8575.1 24.9
-5684.7 -8573.0 24.0
-5636.4 -8564.1 24.7
-5646.8 -8562.9 24.5
-5635.6 -8556.2 24.5
-5673.5 -8556.4 23.8
-5624.7 -8545.4 24.5
-5663.0 -8543.7 23.7
-5640.7 -8534.2 23.9
-5652.4 -8536.0 23.7
-5474.3 -8407.0 23.3
-5485.6 -8406.7 23.1
-5315.5 -8549.3 32.2
-5307.7 -8531.1 31.8
-5316.3 -8525.1 31.3
-5346.3 -8524.9 30.3
-5308.7 -8515.1 31.2
-5315.0 -8510.1 30.8
-5323.4 -8511.4 30.6
-5368.8 -8512.9 29.2
-5384.6 -8509.6 28.7
-5309.1 -8505.1 30.9
-5324.0 -8502.9 30.3
-5348.8 -8500.0 29.4
-5357.8 -8501.0 29.2
-5324.1 -8492.9 29.9
-5357.9 -8490.8 28.8
-5377.2 -8493.3 28.3
-5393.5 -8490.1 27.9
-5407.9 -8491.6 27.9
-5354.7 -8483.9 28.7
-5363.3 -8485.1 28.5
-5376.9 -8484.6 28.0
-5383.4 -8484.0 27.7
-5417.1 -8481.1 27.4
-5333.8 -8470.2 28.9
-5385.7 -8471.0 27.3
-5396.0 -8469.6 27.1
-5407.3 -8473.0 27.1
-5336.9 -8465.0 28.6
-5397.0 -8462.7 26.8
-5402.6 -8464.0 26.8
-5416.9 -8464.0 26.7
-5423.3 -8462.7 26.7
-5346.8 -8453.0 27.9
-5366.7 -8451.9 27.3
-5376.3 -8455.5 27.1
-5385.8 -8455.2 26.8
-5418.0 -8453.5 26.3
-5354.0 -8440.2 27.3
-5364.9 -8445.1 27.1
-5394.5 -8445.1 26.2
-5419.1 -8443.4 25.9
-5426.8 -8439.6 25.7
-5358.1 -8431.5 26.9
-5395.3 -8430.8 25.7
-5403.4 -8422.2 25.2
-5364.8 -8415.6 26.1
-5373.9 -8410.2 25.7
-5386.8 -8400.3 25.0
-5396.7 -8399.1 24.6
-5403.1 -8401.5 24.5
-5344.7 -8394.2 26.0
-5387.3 -8394.6 24.8
-5393.1 -8394.3 24.6
-5317.8 -8380.7 26.4
-5325.7 -8384.6 26.3
-5375.2 -8385.4 24.8
-5334.5 -8374.6 25.7
-5368.4 -8370.6 24.5
-5376.5 -8374.6 24.4
-5275.9 -8360.5 27.0
-5256.5 -8351.0 27.2
-5276.6 -8355.4 26.8
-5329.1 -8355.7 25.2
-5349.2 -8352.7 24.4
-5248.4 -8340.8 27.1
-5255.0 -8340.9 27.0
-5277.6 -8339.6 26.2
-5315.6 -8344.9 25.3
-5344.7 -8343.5 24.1
-5239.1 -8329.4 27.0
-5245.3 -8329.4 26.9
-5257.6 -8335.5 26.7
-5264.4 -8331.3 26.3
-5305.8 -8332.3 25.0
-5227.6 -8320.3 27.1
-5275.4 -8321.1 25.5
-5306.3 -8323.7 24.4
-5315.0 -8324.4 24.1
-5323.9 -8325.7 23.8
-5346.3 -8319.3 22.7
-5227.5 -8311.6 26.8
-5275.1 -8313.3 25.0
-5288.4 -8312.0 24.5
-5297.7 -8314.5 24.3
-5305.3 -8309.3 23.8
-5327.0 -8309.5 23.1
-5335.2 -8313.6 22.9
-5349.2 -8310.2 22.3
-5235.3 -8299.2 25.9
-5257.0 -8305.3 25.4
-5262.6 -8301.4 25.0
-5303.9 -8301.5 23.6
-5345.1 -8300.2 22.1
-5208.6 -8291.6 26.5
-5224.9 -8289.9 25.8
-5236.7 -8293.1 25.6
-5257.0 -8295.3 25.0
-5277.3 -8291.3 24.0
-5283.4 -8291.8 23.8
-5299.1 -8295.1 23.5
-5317.6 -8290.4 22.5
-5328.9 -8292.4 22.2
-5347.3 -8293.6 21.6
-5353.0 -8294.5 21.5
-5203.4 -8285.0 26.5
-5216.4 -8285.1 25.9
-5228.9 -8284.5 25.4
-5243.3 -8282.7 24.8
-5278.3 -8281.9 23.5
-5313.4 -8284.2 22.3
-5326.8 -8282.5 21.7
-5218.1 -8272.1 25.6
-5228.0 -8269.3 25.1
-5243.9 -8272.4 24.5
-5253.4 -8271.5 24.1
-5263.4 -8273.5 23.7
-5295.3 -8274.1 22.4
-5308.6 -8273.7 21.9
-5328.0 -8269.4 21.0
-5253.4 -8259.9 23.8
-5294.1 -8263.4 22.2
-5315.2 -8259.9 21.2
-5256.5 -8251.4 23.5
-5283.6 -8249.7 22.3
-5304.0 -8252.3 21.5
-4858.2 -8740.4 49.5
-4885.8 -8739.2 48.4
-4855.0 -8734.3 49.5
-4867.6 -8734.8 49.1
-4875.1 -8732.1 48.8
-4884.3 -8732.9 48.5
-4923.5 -8731.6 47.1
-4946.3 -8728.9 46.4
-4997.2 -8730.9 44.6
-4843.3 -8721.1 49.9
-4876.2 -8724.8 48.8
-4887.3 -8724.2 48.4
-4908.3 -8723.2 47.7
-4915.4 -8725.2 47.4
-4994.8 -8724.4 44.7
-4838.1 -8711.7 50.1
-4858.8 -8709.9 49.4
-4875.9 -8713.9 48.8
-4895.5 -8710.5 48.2
-4905.3 -8712.5 47.8
-4938.0 -8711.8 46.7
-4946.2 -8712.3 46.4
-5017.9 -8710.8 44.1
-4843.8 -8703.7 49.9
-4862.2 -8703.0 49.3
-4873.7 -8703.8 48.9
-4884.7 -8705.0 48.5
-4913.4 -8701.3 47.6
-4942.6 -8702.4 46.6
-4956.5 -8701.3 46.2
-5027.6 -8703.2 43.9
-5033.0 -8700.7 43.8
-4848.6 -8693.4 49.8
-4855.9 -8694.2 49.5
-4936.1 -8693.6 46.9
-5054.0 -8691.6 43.2
-5064.1 -8690.5 42.9
-4832.5 -8682.5 50.4
-4847.3 -8679.0 50.0
-4854.3 -8683.5 49.7
-4935.6 -8681.2 47.1
-4946.5 -8679.7 46.8
-4966.5 -8682.7 46.1
-4985.2 -8678.8 45.5
-4993.7 -8679.2 45.2
-5013.8 -8683.2 44.6
-5042.8 -8684.6 43.6
-5064.1 -8680.9 42.7
-4835.9 -8669.9 50.4
-4844.9 -8672.2 50.1
-4954.6 -8671.8 46.4
-4998.0 -8670.7 44.8
-5005.1 -8671.1 44.5
-5015.2 -8669.4 44.1
-5028.5 -8671.6 43.7
-5052.6 -8674.7 42.9
-4845.6 -8661.9 50.0
-4934.8 -8660.0 46.7
-4957.6 -8665.1 46.1
-4967.6 -8665.1 45.7
-4998.3 -8659.4 44.4
-5006.9 -8660.4 44.1
-5017.3 -8662.6 43.8
-5023.0 -8662.1 43.6
-5038.1 -8660.0 43.0
-5044.6 -8660.6 42.8
-5053.4 -8660.9 42.5
-5106.4 -8661.8 41.2
-4822.2 -8648.9 50.5
-4835.0 -8654.0 50.2
-4967.9 -8652.4 45.3
-4975.0 -8651.2 45.0
-4987.6 -8649.4 44.5
-4996.8 -8654.0 44.3
-5002.9 -8650.5 44.0
-5034.0 -8653.0 42.9
-5064.8 -8651.2 41.9
-5118.1 -8651.6 40.7
-4813.0 -8640.4 50.6
-4824.2 -8639.7 50.1
-4847.2 -8639.3 49.3
-4926.6 -8638.7 46.4
-4944.8 -8640.2 45.8
-4965.6 -8640.2 45.0
-4973.3 -8641.9 44.8
-4985.8 -8642.4 44.4
-4993.1 -8638.7 44.0
-5008.3 -8641.8 43.5
-5024.3 -8644.2 43.0
-5032.7 -8641.8 42.6
-5056.7 -8643.3 42.0
-5134.5 -8638.8 40.0
-5146.2 -8642.1 39.7
-4808.2 -8630.7 50.4
-4815.2 -8635.1 50.3
-4826.8 -8633.6 49.9
-4845.4 -8633.0 49.2
-4935.7 -8633.8 45.9
-4947.7 -8631.2 45.4
-4952.6 -8631.3 45.2
-4966.8 -8634.7 44.8
-4974.3 -8631.5 44.4
-4986.5 -8631.6 44.0
-5003.6 -8630.8 43.4
-5015.8 -8630.4 42.9
-5033.1 -8632.8 42.3
-5102.6 -8634.1 40.7
-5137.5 -8633.2 39.7
-5154.0 -8630.8 39.2
-4937.3 -8621.2 45.5
-4943.3 -8619.2 45.2
-4977.7 -8623.3 44.1
-5003.4 -8621.4 43.1
-5065.0 -8619.3 41.3
-5158.4 -8622.5 38.9
-4786.7 -8610.6 50.6
-4807.3 -8614.2 50.0
-4812.4 -8614.0 49.8
-4834.5 -8609.7 48.8
-4842.3 -8609.8 48.6
-4967.9 -8611.6 44.1
-4978.6 -8609.3 43.6
-4993.6 -8609.3 43.1
-5003.1 -8609.1 42.7
-5017.4 -8613.2 42.3
-5028.0 -8612.2 42.0
-5038.6 -8613.7 41.8
-5044.5 -8609.4 41.5
-5084.4 -8609.4 40.6
-5095.1 -8609.5 40.3
-5107.8 -8613.3 40.0
-5128.7 -8611.5 39.4
-5144.0 -8613.0 39.0
-5195.1 -8614.5 37.6
-4818.2 -8604.7 49.3
-4826.1 -8602.1 48.9
-4832.5 -8603.3 48.7
-4936.4 -8602.3 44.9
-4944.3 -8603.6 44.7
-4957.4 -8603.1 44.2
-4967.0 -8603.2 43.8
-4978.7 -8598.8 43.3
-4986.7 -8600.8 43.0
-5027.6 -8605.0 41.8
-5033.0 -8600.1 41.6
-5047.1 -8604.2 41.4
-5065.5 -8604.2 40.9
-5074.6 -8604.3 40.7
-5085.2 -8604.8 40.5
-5112.7 -8602.4 39.6
-5127.2 -8603.1 39.2
-5136.6 -8604.9 39.0
-5145.7 -8600.2 38.7
-5212.3 -8604.9 36.9
-4814.3 -8593.1 49.1
-4833.2 -8590.7 48.3
-4967.2 -8595.2 43.6
-4974.6 -8590.1 43.2
-4987.9 -8590.4 42.7
-4996.8 -8588.9 42.3
-5024.7 -8592.5 41.6
-5052.6 -8589.4 40.9
-5114.3 -8591.7 39.3
-5126.7 -8591.6 39.0
-4832.3 -8584.3 48.1
-4843.1 -8584.9 47.8
-4858.5 -8579.7 47.1
-4863.0 -8582.3 47.0
-4987.6 -8579.9 42.4
-5023.9 -8584.7 41.5
-5038.4 -8579.1 41.0
-5043.8 -8581.8 41.0
-5124.7 -8584.5 38.8
-5154.1 -8579.1 37.9
-4832.8 -8574.6 47.8
-4847.5 -8572.9 47.2
-4856.3 -8575.0 47.0
-4868.4 -8574.6 46.5
-4985.8 -8571.2 42.2
-4993.7 -8569.9 41.9
-5047.2 -8574.2 40.7
-5056.7 -8572.7 40.4
-5073.7 -8574.8 40.0
-5106.3 -8569.6 39.0
-5123.4 -8573.1 38.6
-5133.1 -8573.3 38.3
-5143.9 -8575.1 38.0
-5205.2 -8569.7 36.2
-4853.3 -8564.5 46.8
-4972.8 -8560.2 42.3
-5003.3 -8563.6 41.5
-5092.3 -8565.1 39.2
-5155.1 -8564.9 37.5
-5172.4 -8559.8 36.9
-5185.3 -8559.1 36.5
-5202.2 -8560.2 36.0
-5292.8 -8563.1 33.4
-4843.3 -8552.1 46.8
-4856.9 -8552.4 46.3
-4872.7 -8553.7 45.7
-4886.6 -8555.0 45.3
-4993.1 -8549.4 41.5
-5017.5 -8553.4 41.0
-5038.3 -8548.8 40.3
-5043.0 -8548.8 40.2
-5053.0 -8550.7 40.0
-5078.1 -8551.8 39.3
-5097.8 -8555.2 38.8
-5102.2 -8551.3 38.6
-5174.9 -8550.0 36.5
-5216.5 -8548.8 35.4
-5228.2 -8555.1 35.2
-4858.3 -8539.7 45.8
-4885.5 -8543.8 45.0
-4896.6 -8544.9 44.6
-4948.6 -8540.4 42.6
-4967.6 -8541.0 41.9
-4976.8 -8540.7 41.7
-4997.3 -8540.6 41.2
-5045.9 -8543.3 40.0
-5166.6 -8543.4 36.6
-5205.1 -8539.0 35.4
-5213.8 -8540.2 35.1
-5233.1 -8544.3 34.7
-4862.8 -8528.7 45.3
-4916.0 -8531.9 43.5
-4928.6 -8533.3 43.1
-4933.0 -8529.2 42.8
-4945.0 -8533.6 42.5
-4955.3 -8532.3 42.1
-4964.1 -8529.8 41.7
-4972.5 -8530.6 41.6
-4998.4 -8535.0 41.1
-5004.3 -8530.6 40.8
-5055.2 -8534.9 39.5
-5126.3 -8533.3 37.5
-5147.0 -8530.1 36.8
-5168.5 -8532.3 36.3
-5197.5 -8529.8 35.3
-5223.7 -8532.9 34.6
-5234.7 -8534.8 34.3
-5256.9 -8533.2 33.5
-5285.8 -8531.2 32.5
-4872.6 -8522.3 44.8
-4888.2 -8523.1 44.2
-4894.2 -8524.2 44.0
-4923.5 -8520.9 42.9
-4936.7 -8524.2 42.5
-4955.4 -8520.3 41.7
-4967.5 -8522.7 41.5
-4994.5 -8520.2 40.8
-5007.1 -8521.5 40.5
-5052.8 -8525.1 39.3
-5064.6 -8521.4 38.9
-5118.2 -8522.1 37.4
-5123.7 -8524.4 37.3
-5144.5 -8519.0 36.6
-5186.8 -8519.5 35.3
-5254.8 -8518.8 33.1
-4918.5 -8510.8 42.8
-4925.0 -8512.6 42.6
-4946.6 -8512.9 41.8
-4957.2 -8510.0 41.5
-4964.5 -8514.3 41.4
-4973.0 -8513.4 41.2
-4987.7 -8511.9 40.8
-5003.3 -8508.7 40.3
-5024.3 -8511.7 39.8
-5037.8 -8511.1 39.4
-5047.1 -8511.0 39.1
-5058.4 -8510.9 38.8
-5132.5 -8513.3 36.8
-5153.3 -8515.1 36.2
-5166.8 -8513.5 35.7
-5174.0 -8512.5 35.4
-5183.7 -8510.0 35.1
-5193.3 -8510.5 34.8
-5253.5 -8511.7 32.9
-5263.2 -8513.7 32.6
-5275.1 -8509.9 32.1
-5284.8 -8512.2 31.9
-4883.0 -8502.0 43.8
-4893.5 -8503.2 43.4
-4967.9 -8500.0 41.0
-4984.3 -8500.5 40.6
-4993.1 -8503.8 40.4
-5027.7 -8500.0 39.4
-5033.0 -8500.0 39.2
-5062.2 -8500.4 38.4
-5136.9 -8499.2 36.2
-5175.9 -8500.2 35.0
-5193.4 -8502.5 34.5
-5218.2 -8504.8 33.8
-5226.5 -8502.0 33.4
-5237.2 -8501.0 33.0
-4918.0 -8495.2 42.3
-4926.1 -8493.5 41.9
-4933.3 -8489.6 41.6
-4945.2 -8491.5 41.4
-4958.4 -8491.4 41.1
-5014.1 -8490.2 39.5
-5048.5 -8493.8 38.6
-5053.8 -8495.2 38.5
-5084.4 -8492.6 37.6
-5124.3 -8493.9 36.4
-5135.9 -8493.5 36.0
-5142.9 -8494.5 35.8
-5163.7 -8489.1 35.0
-5178.5 -8495.2 34.7
-5186.9 -8491.3 34.3
-5196.2 -8490.3 34.0
-5223.7 -8492.9 33.2
-5253.2 -8488.9 32.1
-4893.6 -8483.9 42.8
-4926.3 -8478.8 41.5
-4942.5 -8484.7 41.3
-4958.4 -8480.8 40.8
-4967.4 -8482.7 40.6
-4998.0 -8481.0 39.7
-5006.2 -8480.2 39.5
-5025.0 -8484.6 39.0
-5042.9 -8484.9 38.5
-5053.2 -8484.2 38.2
-5075.0 -8483.8 37.6
-5144.7 -8479.7 35.2
-5152.7 -8480.2 35.0
-5177.2 -8480.0 34.2
-5207.4 -8482.4 33.3
-5238.3 -8479.9 32.3
-5246.7 -8485.0 32.2
-5253.5 -8484.9 32.0
-5283.8 -8483.3 30.9
-5297.5 -8480.6 30.4
-5304.5 -8481.4 30.2
-4945.5 -8468.9 40.9
-4964.6 -8472.6 40.4
-5032.4 -8470.6 38.5
-5052.3 -8470.8 37.9
-5064.1 -8474.0 37.6
-5115.2 -8473.2 36.0
-5133.0 -8474.4 35.4
-5158.3 -8470.6 34.5
-5163.6 -8469.8 34.3
-5212.2 -8469.5 32.7
-5236.7 -8471.9 32.0
-5247.7 -8473.5 31.7
-5286.0 -8473.5 30.5
-5305.6 -8470.8 29.8
-4897.9 -8462.7 42.0
-4902.8 -8464.1 41.9
-4944.7 -8464.3 40.8
-5037.7 -8464.3 38.1
-5054.5 -8464.9 37.6
-5075.8 -8459.8 36.7
-5097.0 -8462.3 36.2
-5132.8 -8458.6 34.9
-5143.8 -8461.9 34.7
-5157.1 -8462.4 34.2
-5178.1 -8462.9 33.6
-5182.8 -8464.4 33.5
-5257.3 -8462.5 31.1
-5275.3 -8461.7 30.4
-5287.3 -8459.3 30.0
-5302.7 -8463.9 29.6
-4957.0 -8449.6 40.0
-4985.0 -8451.6 39.3
-4992.3 -8454.9 39.2
-5014.9 -8454.2 38.5
-5025.5 -8454.4 38.2
-5036.7 -8450.8 37.7
-5085.5 -8451.9 36.2
-5096.6 -8450.3 35.8
-5107.4 -8452.9 35.5
-5143.5 -8454.2 34.4
-5187.0 -8451.9 32.9
-5253.8 -8454.9 30.9
-5294.2 -8454.0 29.5
-4897.6 -8445.1 41.5
-4902.5 -8441.9 41.3
-4926.4 -8439.7 40.6
-4933.3 -8444.6 40.6
-4962.7 -8444.7 39.8
-4997.6 -8439.0 38.5
-5005.1 -8445.0 38.5
-5058.3 -8444.5 36.8
-5067.2 -8442.8 36.4
-5075.1 -8443.1 36.2
-5088.4 -8438.8 35.6
-5142.8 -8444.7 34.1
-5197.6 -8441.9 32.2
-5248.7 -8439.1 30.5
-5258.5 -8443.0 30.3
-5273.4 -8441.2 29.8
-5287.3 -8444.4 29.4
-5318.2 -8442.4 28.4
-5324.5 -8441.2 28.2
-4925.8 -8433.3 40.5
-4933.4 -8431.6 40.2
-4944.6 -8434.7 40.0
-4996.1 -8434.5 38.4
-5054.3 -8431.3 36.4
-5074.4 -8430.2 35.8
-5097.1 -8432.9 35.1
-5117.9 -8433.3 34.5
-5157.5 -8432.7 33.2
-5243.5 -8433.3 30.5
-5252.6 -8429.2 30.0
-5262.4 -8429.6 29.7
-5283.4 -8432.9 29.2
-5294.0 -8433.1 28.8
-5307.5 -8429.2 28.3
-4922.2 -8421.0 40.3
-4936.0 -8421.6 39.9
-4944.0 -8421.2 39.6
-4966.9 -8421.0 38.9
-4976.4 -8424.9 38.7
-4995.0 -8420.9 38.0
-5008.6 -8421.8 37.6
-5013.6 -8421.6 37.4
-5034.1 -8421.9 36.8
-5042.5 -8425.1 36.6
-5072.6 -8422.1 35.5
-5088.3 -8424.0 35.1
-5093.0 -8422.4 34.9
-5104.4 -8423.2 34.6
-5113.7 -8422.1 34.2
-5153.0 -8422.5 33.0
-5176.0 -8421.8 32.2
-5212.8 -8420.5 31.0
-5226.7 -8419.3 30.5
-5233.1 -8420.0 30.3
-5295.3 -8420.3 28.4
-4997.1 -8410.5 37.5
-5012.9 -8408.9 37.0
-5023.6 -8413.0 36.8
-5043.0 -8411.4 36.1
-5076.6 -8411.1 35.0
-5087.9 -8408.7 34.6
-5092.8 -8414.3 34.6
-5152.6 -8409.4 32.5
-5166.8 -8409.7 32.1
-5224.7 -8411.1 30.3
-5235.5 -8409.1 29.9
-5243.7 -8412.7 29.8
-5278.3 -8415.0 28.7
-5304.1 -8411.6 27.8
-4998.3 -8400.4 37.2
-5004.4 -8403.5 37.1
-5027.6 -8401.2 36.2
-5074.2 -8402.4 34.8
-5098.3 -8399.7 33.9
-5122.2 -8404.6 33.3
-5135.2 -8402.3 32.9
-5146.6 -8399.0 32.4
-5152.7 -8399.8 32.2
-5165.7 -8399.3 31.8
-5205.6 -8398.9 30.5
-5217.1 -8404.6 30.3
-5278.5 -8401.3 28.3
-5302.9 -8403.1 27.6
-5312.3 -8399.4 27.2
-5327.9 -8404.3 26.9
-4935.9 -8394.0 38.9
-4957.0 -8393.8 38.2
-4964.0 -8391.3 37.9
-4982.7 -8393.0 37.4
-4998.5 -8389.2 36.8
-5034.4 -8390.4 35.7
-5043.5 -8393.8 35.5
-5085.7 -8393.8 34.1
-5096.3 -8394.3 33.8
-5105.3 -8392.0 33.4
-5125.2 -8393.8 32.9
-5174.8 -8390.4 31.2
-5267.9 -8394.0 28.3
-5298.1 -8394.3 27.4
-4934.3 -8382.0 38.6
-4963.7 -8382.3 37.6
-4996.8 -8382.1 36.6
-5008.2 -8379.9 36.1
-5028.1 -8382.4 35.6
-5138.5 -8380.6 32.0
-5173.7 -8383.5 31.0
-5206.3 -8378.9 29.8
-5214.3 -8380.1 29.6
-5227.2 -8380.9 29.2
-4965.9 -8373.7 37.3
-5012.4 -8368.8 35.6
-5056.9 -8370.0 34.2
-5084.4 -8372.9 33.4
-5096.9 -8373.4 33.1
-5102.4 -8372.7 32.9
-5137.0 -8370.7 31.7
-5147.4 -8373.8 31.5
-5154.5 -8373.4 31.2
-5163.4 -8373.9 31.0
-5197.3 -8371.8 29.8
-5204.8 -8373.3 29.6
-5264.3 -8369.2 27.6
-4953.8 -8364.7 37.3
-5004.0 -8362.6 35.7
-5016.3 -8360.9 35.2
-5055.2 -8358.8 33.9
-5067.8 -8359.2 33.5
-5077.0 -8361.3 33.3
-5113.0 -8363.0 32.2
-5178.2 -8359.6 30.0
-5183.8 -8363.8 30.0
-5193.1 -8364.9 29.7
-5243.4 -8359.6 27.9
-4955.9 -8352.4 36.6
-5025.7 -8351.4 34.6
-5038.6 -8350.8 34.1
-5057.5 -8353.6 33.6
-5123.1 -8349.8 31.4
-5133.8 -8352.0 31.1
-5162.2 -8354.7 30.3
-5174.7 -8352.0 29.8
-5187.5 -8354.4 29.5
-5193.5 -8349.1 29.1
-5203.5 -8352.1 28.9
-5237.6 -8349.1 27.7
-5247.3 -8354.6 27.6
-4967.9 -8340.4 35.4
-4994.4 -8340.3 34.9
-5002.1 -8342.2 34.9
-5087.5 -8342.0 32.3
-5123.4 -8343.9 31.2
-5134.8 -8341.7 30.8
-5145.2 -8342.6 30.5
-5162.1 -8342.0 29.9
-5196.7 -8338.8 28.7
-5204.1 -8342.3 28.6
-4973.8 -8328.7 34.3
-5027.4 -8330.5 33.5
-5035.0 -8334.5 33.7
-5043.2 -8334.9 33.4
-5056.3 -8328.7 32.8
-5067.9 -8332.7 32.6
-5098.3 -8331.7 31.6
-5114.3 -8331.8 31.1
-5124.8 -8332.5 30.8
-5168.2 -8330.7 29.3
-5175.9 -8333.5 29.2
-5184.4 -8333.4 28.9
-4998.5 -8324.1 33.5
-5026.3 -8319.8 32.7
-5055.1 -8319.0 32.0
-5113.2 -8321.2 30.7
-5154.8 -8320.6 29.4
-5188.1 -8320.8 28.3
-5195.6 -8318.7 28.0
-4987.5 -8313.6 32.9
-5018.1 -8310.6 32.1
-5054.0 -8313.3 31.6
-5087.1 -8309.4 30.7
-5098.8 -8311.1 30.6
-5146.1 -8308.7 29.2
-5157.2 -8313.5 29.1
-5166.6 -8314.9 28.8
-5174.2 -8312.1 28.5
-5184.4 -8312.2 28.1
-5207.9 -8312.6 27.4
-4992.3 -8300.7 31.7
-5013.7 -8298.6 31.2
-5024.9 -8305.0 31.5
-5034.6 -8299.1 30.8
-5064.0 -8301.2 30.4
-5077.5 -8304.5 30.5
-5116.8 -8303.1 29.6
-5126.1 -8305.1 29.6
-5146.0 -8304.5 29.1
-5173.6 -8304.5 28.2
-5196.6 -8303.7 27.5
-4994.5 -8291.5 31.0
-5008.4 -8294.6 31.0
-5018.4 -8290.2 30.4
-5023.6 -8294.9 30.7
-5032.5 -8294.0 30.5
-5044.5 -8292.3 30.1
-5064.2 -8290.5 29.6
-5074.0 -8294.7 29.7
-5082.3 -8290.0 29.2
-5166.1 -8295.0 28.0
-5176.9 -8292.7 27.7
-5033.8 -8279.9 29.3
-5056.0 -8279.6 28.9
-5065.0 -8278.9 28.7
-5073.8 -8280.5 28.7
-5098.1 -8281.4 28.4
-5104.9 -8279.4 28.3
-5118.2 -8279.1 28.1
-5124.3 -8280.3 28.0
-5156.5 -8284.2 27.7
-5185.1 -8280.4 27.2
-4919.5 -8831.6 50.7
-4950.0 -8831.8 49.6
-4863.3 -8823.6 52.4
-4872.7 -8825.6 51.9
-4895.5 -8826.0 51.1
-4923.7 -8821.4 49.6
-4952.2 -8824.5 48.8
-4881.4 -8812.6 50.7
-4890.2 -8810.7 50.0
-4902.4 -8806.7 49.0
-4915.2 -8804.5 48.3
-4921.0 -8804.3 48.0
-4972.0 -8824.7 48.0
-4977.7 -8826.4 48.0
-5001.7 -8822.9 46.7
-4989.2 -8810.7 46.0
-5001.5 -8804.1 45.0
-4940.4 -8794.1 47.0
-4949.5 -8790.7 46.6
-4957.4 -8790.6 46.3
-4980.5 -8795.4 45.6
-4991.7 -8794.0 45.2
-4997.1 -8794.4 45.0
-4989.4 -8780.5 45.1
-4996.4 -8784.9 44.9
-4979.5 -8765.6 45.3
-5402.8 -8821.1 31.3
-5390.6 -8805.7 31.3
-5412.9 -8807.9 30.6
-5384.5 -8797.2 31.5
-5400.6 -8799.5 30.9
-5370.4 -8785.9 32.0
-5420.2 -8785.5 30.3
-5442.7 -8790.9 29.5
-5470.1 -8787.0 28.6
-5394.2 -8775.7 31.2
-5434.4 -8768.3 30.0
-5452.6 -8761.7 29.6
-5463.5 -8747.5 29.4
-5480.7 -8741.5 28.8
-5493.9 -8740.9 28.5
-5500.4 -8738.7 28.3
-5492.5 -8728.6 28.8
-5525.3 -8720.2 27.9
-5531.3 -8718.5 27.7
-5582.4 -8718.9 26.0
-5592.0 -8721.1 25.7
-5543.8 -8705.8 27.2
-5561.3 -8705.5 26.7
-5589.3 -8705.5 25.9
-5544.2 -8698.8 27.3
-5554.6 -8700.2 26.9
-5614.1 -8690.8 25.3
-5591.4 -8681.7 26.0
-5582.4 -8666.6 26.0
-5613.1 -8665.3 25.0
-5594.9 -8658.9 25.6
-5605.3 -8658.2 25.3
-5609.4 -8651.4 25.3
-5610.3 -8639.4 25.5
-5356.3 -8779.3 32.5
-5362.0 -8762.1 32.4
-5382.3 -8764.8 31.7
-5387.1 -8754.7 31.7
-5397.8 -8752.8 31.5
-5368.7 -8742.0 32.6
-5379.4 -8742.7 32.3
-5410.4 -8741.2 31.2
-5417.0 -8744.0 31.0
-5327.5 -8731.6 34.0
-5357.5 -8732.7 33.0
-5369.5 -8731.6 32.6
-5380.2 -8732.0 32.2
-5412.2 -8731.2 31.1
-5418.2 -8730.7 30.9
-5321.5 -8720.9 34.2
-5399.2 -8720.8 31.6
-5371.5 -8708.8 32.7
-5406.2 -8714.1 31.6
-5420.9 -8708.7 31.3
-5428.9 -8710.3 31.0
-5379.6 -8699.2 32.6
-5386.1 -8700.1 32.4
-5419.4 -8702.7 31.3
-5428.2 -8705.0 31.0
-5478.7 -8702.3 29.3
-5366.3 -8694.4 33.0
-5386.9 -8690.1 32.2
-5401.5 -8690.9 31.7
-5407.8 -8692.4 31.5
-5429.2 -8688.9 30.7
-5451.5 -8692.4 30.0
-5397.9 -8685.0 31.7
-5408.5 -8685.1 31.4
-5417.7 -8681.5 31.1
-5426.4 -8680.1 30.9
-5447.1 -8682.0 30.3
-5508.8 -8684.1 28.4
-5399.4 -8673.0 31.7
-5419.5 -8670.2 31.2
-5431.9 -8669.1 30.8
-5458.8 -8669.8 30.0
-5477.4 -8670.4 29.4
-5419.3 -8663.8 31.2
-5426.2 -8658.8 30.9
-5438.2 -8662.7 30.6
-5447.6 -8664.9 30.3
-5468.4 -8661.2 29.6
-5427.6 -8654.9 30.8
-5438.6 -8648.9 30.3
-5448.0 -8652.1 30.1
-5459.7 -8640.9 29.5
-5683.6 -8400.5 20.3
-5650.5 -8379.8 19.3
-5659.2 -8382.9 19.5
-5662.8 -8373.1 19.1
-5674.3 -8361.9 18.7
-5214.9 -8724.8 37.7
-5212.4 -8718.9 37.9
-5213.5 -8705.5 37.9
-5263.1 -8708.2 36.2
-5284.2 -8694.8 35.5
-5291.1 -8698.5 35.3
-5239.6 -8686.4 37.0
-5311.9 -8688.6 34.7
-5303.0 -8675.6 34.8
-5310.5 -8679.1 34.6
-5331.0 -8677.1 33.9
-5262.5 -8664.1 36.0
-5302.0 -8669.7 34.8
-5314.1 -8664.5 34.3
-5342.2 -8668.2 33.5
-5391.0 -8667.2 32.0
-5314.2 -8654.6 34.4
-5323.8 -8659.3 34.1
-5333.0 -8654.1 33.8
-5343.6 -8658.2 33.5
-5409.9 -8654.4 31.3
-5284.7 -8646.8 35.2
-5354.5 -8639.6 32.9
-5372.5 -8636.5 32.2
-5390.3 -8637.4 31.7
-5383.5 -8628.3 31.7
-5389.4 -8626.3 31.5
-5402.6 -8625.6 31.0
-5332.1 -8617.9 33.2
-5389.7 -8620.3 31.4
-5410.6 -8620.2 30.7
-5391.9 -8584.0 30.8
-5433.6 -8607.4 30.2
-5460.1 -8592.8 29.0
-5521.9 -8589.0 26.9
-5450.1 -8580.8 28.8
-5463.3 -8579.9 28.4
-5469.9 -8582.8 28.3
-5463.4 -8567.6 28.2
-5519.9 -8571.0 27.2
-5514.9 -8560.6 27.3
-5491.7 -8548.6 27.3
-5499.9 -8551.2 27.2
-5530.3 -8556.1 26.7
-5509.5 -8546.1 26.8
-5552.0 -8535.9 25.7
-5558.8 -8533.1 25.5
-5600.1 -8618.3 25.5
-5589.5 -8610.1 25.5
-5603.8 -8590.7 25.5
-5607.4 -8589.6 25.5
-5622.1 -8591.5 25.2
-5558.3 -8577.9 26.5
-5603.2 -8578.9 25.7
-5610.9 -8582.2 25.6
-5619.1 -8583.1 25.4
-5504.1 -8509.6 26.0
-5517.5 -8511.8 25.8
-5479.1 -8500.2 26.3
-5479.2 -8492.9 26.1
-5504.4 -8493.2 25.6
-5553.3 -8494.1 24.5
-5513.9 -8482.8 25.0
-5523.3 -8479.4 24.6
-5513.9 -8473.7 24.5
-5536.7 -8471.3 23.8
-5524.9 -8462.6 23.7
-5545.4 -8460.2 23.1
-5528.2 -8454.4 23.3
-5538.0 -8455.3 23.0
-5543.6 -8452.1 22.7
-5556.1 -8454.8 22.5
-5128.9 -8757.4 40.3
-5137.8 -8760.3 40.0
-5133.9 -8747.7 40.1
-5093.5 -8742.8 41.5
-5110.5 -8739.8 40.9
-5160.0 -8741.0 39.3
-5168.2 -8737.7 39.1
-5113.6 -8728.6 41.0
-5159.5 -8729.9 39.4
-5119.2 -8717.4 40.9
-5181.1 -8722.7 38.8
-5187.8 -8717.0 38.7
-5131.2 -8710.7 40.6
-5140.3 -8711.2 40.3
-5149.2 -8711.8 40.0
-5182.3 -8706.9 39.0
-5138.3 -8699.7 40.5
-5159.7 -8698.6 39.7
-5189.9 -8701.6 38.7
-5210.4 -8696.7 38.0
-5152.1 -8688.6 39.9
-5162.5 -8691.0 39.6
-5169.2 -8689.7 39.3
-5151.4 -8680.3 39.9
-5163.0 -8680.6 39.5
-5229.8 -8676.7 37.4
-5121.1 -8672.5 40.9
-5139.9 -8667.6 40.3
-5148.7 -8668.6 40.0
-5180.7 -8666.4 38.9
-5202.9 -8671.9 38.2
-5183.5 -8657.5 38.6
-5252.8 -8659.5 36.3
-5199.6 -8648.9 38.0
-5224.0 -8651.3 37.2
-5173.3 -8638.6 38.8
-5203.1 -8637.3 37.7
-5198.0 -8627.9 37.7
-5198.6 -8621.1 37.7
-5234.2 -8618.4 36.4
-5240.4 -8619.5 36.2
-5259.5 -8621.4 35.6
-5278.1 -8619.7 35.0
-5231.6 -8606.9 36.3
-5274.2 -8609.3 34.9
-5261.8 -8590.6 35.0
-5271.7 -8588.5 34.6
-5299.8 -8587.0 33.7
-5321.0 -8589.0 33.1
-5351.9 -8589.8 32.3
-5277.8 -8581.4 34.3
-5292.7 -8577.0 33.7
-5324.4 -8582.8 32.9
-5311.5 -8571.7 32.9
-5323.1 -8570.5 32.5
-5333.9 -8570.9 32.1
-5312.0 -8560.7 32.5
-5322.8 -8562.4 32.2
-5332.8 -8561.8 31.8
-5352.0 -8548.1 30.7
-5443.7 -8532.4 27.8
-5449.0 -8529.5 27.7
-5412.1 -8521.8 28.2
-5422.9 -8520.7 28.0
-5523.3 -8633.2 27.6
-5538.3 -8638.6 27.2
-5510.0 -8627.2 28.1
-5520.1 -8625.2 27.8
-5560.3 -8624.0 26.9
-5534.1 -8614.1 27.4
-5572.1 -8612.4 26.2
-5558.4 -8603.0 26.2
-5554.1 -8597.0 26.2
-5522.3 -8774.1 27.2
-5572.3 -8776.9 25.7
-5522.7 -8765.2 27.4
-5579.2 -8749.0 25.8
5415.6 2240.9 22.9
5405.7 2249.6 23.0
5412.7 2260.8 23.0
5336.9 2269.7 22.9
5335.8 2277.4 22.9
5374.7 2290.2 23.1
5364.9 2290.9 23.0
5354.5 2286.6 23.0
5343.7 2291.3 22.9
5333.6 2291.4 22.9
5326.3 2289.9 22.9
5314.4 2339.0 24.1
5308.4 2335.8 24.0
5292.3 2335.6 23.7
5454.2 2361.5 22.9
5315.1 2359.6 24.0
5294.6 2360.9 23.6
5445.0 2371.7 23.0
5488.4 2380.1 22.5
5316.4 2375.9 24.1
5303.8 2381.0 23.8
5323.3 2389.2 24.1
5308.0 2388.7 23.9
5532.3 2396.9 22.2
5523.4 2395.9 22.2
5318.5 2396.7 24.0
5514.3 2408.0 22.2
5537.6 2421.1 22.0
5527.1 2418.0 22.0
5317.1 2418.6 23.6
5526.4 2430.9 21.9
5518.5 2427.9 22.0
5533.1 2440.5 21.8
5525.9 2436.6 21.9
5512.8 2437.3 22.0
5524.4 2451.0 21.9
5508.3 2449.4 22.1
5526.4 2459.1 21.8
5503.7 2471.2 21.8
5526.2 2476.2 21.6
5505.7 2477.6 21.7
5515.7 2486.6 21.7
5465.3 2491.8 22.0
5444.4 2488.8 22.0
5436.9 2488.4 22.1
5404.3 2490.2 22.2
5363.7 2489.9 22.4
5354.6 2487.9 22.5
5347.5 2485.9 22.5
5505.1 2499.6 21.7
5485.1 2495.9 21.9
5476.8 2496.2 21.9
5444.4 2495.5 22.1
5438.1 2496.3 22.1
5426.9 2498.2 22.1
5413.2 2499.6 22.2
5378.7 2498.5 22.3
5368.8 2496.1 22.4
5357.8 2500.4 22.4
5516.6 2507.6 21.7
5506.2 2511.1 21.7
5456.9 2510.6 22.1
5427.8 2505.9 22.2
5407.6 2506.8 22.3
5373.6 2506.3 22.4
5366.0 2505.3 22.4
5502.4 2518.6 21.8
5495.0 2518.4 21.8
5483.1 2521.3 21.8
5466.2 2516.4 21.9
5458.6 2517.3 22.0
5443.8 2519.9 22.2
5423.2 2515.9 22.3
5413.3 2519.9 22.3
5384.2 2515.4 22.4
5376.1 2521.8 22.5
5365.1 2517.7 22.5
5347.5 2516.1 22.6
5504.9 2531.1 21.7
5494.5 2525.8 21.8
5484.4 2529.6 21.8
5472.5 2525.4 21.9
5466.7 2526.2 21.9
5445.7 2525.3 22.1
5424.0 2530.2 22.3
5402.7 2529.2 22.4
5513.0 2536.8 21.7
5503.3 2538.2 21.7
5425.2 2540.1 22.1
5418.7 2539.4 22.2
5503.6 2549.7 21.7
5497.3 2549.2 21.8
5476.7 2551.2 21.9
5503.0 2556.0 21.7
5475.1 2561.1 21.9
5458.8 2560.6 22.0
5468.8 2568.6 21.9
5446.7 2568.5 22.0
5482.4 2576.2 21.8
5497.1 2611.0 21.8
-6843.6 -8353.2 18.1
-6891.9 -8353.5 16.0
-6867.3 -8346.0 17.0
-6877.2 -8344.8 16.6
-6893.1 -8345.2 15.9
-6812.5 -8335.0 18.3
-6859.7 -8323.2 17.0
-6876.9 -8322.7 16.3
-6879.9 -8005.7 9.1
-6832.8 -8290.5 17.3
-6873.3 -8235.7 15.2
-6882.2 -8240.6 14.9
-6891.4 -8238.9 14.5
4784.1 2219.2 16.8
4800.9 2227.1 16.0
4790.6 2248.2 16.1
4777.7 2247.2 16.4
4760.1 2251.6 17.0
4789.7 2267.4 17.1
4761.2 2272.9 17.9
4750.7 2270.7 17.9
4802.7 2279.3 17.4
4790.6 2281.2 17.7
4812.0 2289.1 17.6
4802.7 2290.2 17.9
-5704.4 -8277.7 16.9
-5728.2 -8279.6 16.2
-5737.9 -8275.5 15.5
-5716.2 -8269.5 16.1
-5678.0 -8254.3 17.2
-5686.5 -8258.6 16.9
-5674.0 -8248.4 17.2
-5747.0 -8248.2 14.5
-5654.7 -8227.1 17.0
-5676.5 -8223.8 16.4
-5688.0 -8226.2 16.1
-5755.9 -8228.9 14.5
-5624.8 -8219.8 17.4
-5639.5 -8215.6 17.1
-5645.2 -8216.6 17.0
-5663.2 -8214.2 16.6
-5694.5 -8216.5 15.8
-5735.2 -8214.3 15.0
-5745.6 -8215.9 14.5
-5755.8 -8219.3 14.1
-5526.4 -8204.8 16.6
-5576.5 -8207.7 17.4
-5594.1 -8207.8 17.2
-5602.9 -8204.4 17.1
-5624.6 -8206.3 16.9
-5637.5 -8205.4 16.8
-5648.4 -8205.4 16.8
-5657.4 -8208.8 16.8
-5752.9 -8209.0 14.4
-5533.9 -8194.5 17.1
-5548.6 -8195.0 17.3
-5568.6 -8197.4 17.3
-5595.7 -8193.8 16.9
-5607.6 -8196.6 16.9
-5623.0 -8197.9 16.7
-5653.8 -8197.5 16.5
-5688.9 -8196.0 16.2
-5698.6 -8199.7 15.9
-5479.2 -8185.9 16.2
-5518.2 -8185.6 17.0
-5538.6 -8187.5 17.3
-5547.4 -8184.6 17.3
-5556.5 -8183.8 17.1
-5576.1 -8187.2 17.0
-5617.7 -8185.0 16.5
-5634.1 -8187.5 16.4
-5646.3 -8187.3 16.2
-5673.2 -8188.4 16.0
-5687.3 -8185.6 15.9
-5716.0 -8184.5 15.6
-5478.9 -8175.1 16.5
-5519.1 -8174.2 17.3
-5564.1 -8177.3 16.9
-5577.7 -8175.4 16.7
-5609.3 -8179.0 16.5
-5624.2 -8177.0 16.3
-5638.2 -8175.8 16.1
-5665.5 -8176.8 15.8
-5686.8 -8177.3 15.6
-5694.4 -8177.1 15.5
-5704.5 -8179.3 15.6
-5459.4 -8169.0 16.3
-5504.5 -8167.0 17.2
-5535.3 -8169.7 17.1
-5564.2 -8165.4 16.7
-5574.5 -8164.6 16.5
-5588.1 -8163.7 16.4
-5608.2 -8167.2 16.2
-5629.0 -8167.7 16.0
-5643.8 -8169.9 15.9
-5668.4 -8169.8 15.6
-5686.3 -8168.5 15.4
-5706.3 -8166.2 15.1
-5454.3 -8155.0 16.7
-5583.2 -8156.5 16.3
-5615.0 -8154.9 15.9
-5627.2 -8155.6 15.8
-5653.7 -8155.4 15.5
-5669.4 -8157.5 15.4
-5687.6 -8156.3 15.1
-5699.2 -8158.8 15.1
-5705.9 -8156.4 14.9
-5465.0 -8146.0 17.1
-5474.5 -8146.5 17.2
-5547.9 -8143.8 16.4
-5577.9 -8148.0 16.2
-5585.9 -8146.5 16.0
-5602.9 -8147.5 15.9
-5624.3 -8148.7 15.7
-5474.4 -8134.6 17.0
-5484.0 -8139.2 17.0
-5495.8 -8136.3 16.8
-5568.5 -8134.9 16.0
-5577.2 -8136.4 15.9
-5609.3 -8139.8 15.6
-5633.3 -8138.9 15.4
-5484.1 -8126.0 16.7
-5497.3 -8125.2 16.6
-5733.5 -8125.6 14.0
-5494.1 -8117.4 16.4
-5637.8 -8117.7 14.9
-5733.7 -8117.1 13.8
-5618.9 -8107.4 14.9
-5516.0 -8094.5 15.7
-5533.6 -8097.1 15.6
-5715.0 -8095.8 13.6
-5529.5 -8084.1 15.3
-5659.2 -8087.0 14.0
-5688.9 -8090.0 13.7
-5696.7 -8085.4 13.5
-5519.5 -8078.5 15.3
-5526.2 -8074.7 15.2
-5533.0 -8077.3 15.1
-5644.1 -8077.9 14.0
-5655.6 -8073.6 13.7
-5684.2 -8077.0 13.5
-5667.5 -8065.4 13.4
-5666.4 -8060.0 13.3
-5587.8 -8045.2 14.3
-5594.5 -8043.7 14.2
-5604.0 -8035.4 14.2
-5618.8 -8376.3 19.6
-5618.2 -8366.4 19.4
-5643.2 -8369.8 19.2
-5617.3 -8356.2 19.2
-5656.4 -8356.4 18.7
-5572.4 -8326.7 19.2
-5672.3 -8329.7 18.0
-5595.6 -8313.5 18.7
-5634.6 -8320.1 18.3
-5573.0 -8306.7 18.8
-5592.3 -8303.8 18.5
-5602.8 -8304.4 18.4
-5616.6 -8303.8 18.2
-5555.1 -8294.8 18.6
-5568.0 -8295.6 18.6
-5584.0 -8294.1 18.6
-5593.2 -8295.3 18.6
-5615.0 -8299.5 18.3
-5668.0 -8297.5 17.6
-5674.7 -8298.9 17.5
-5554.9 -8289.4 18.4
-5563.2 -8288.9 18.4
-5577.4 -8289.4 18.4
-5595.3 -8287.3 18.3
-5604.2 -8286.6 18.3
-5664.9 -8288.1 17.7
-5678.6 -8288.5 17.5
-5547.6 -8274.3 18.2
-5554.0 -8279.1 18.3
-5565.0 -8274.8 18.3
-5575.0 -8277.3 18.3
-5588.7 -8278.7 18.3
-5603.8 -8277.3 18.1
-5613.5 -8277.4 18.1
-5626.2 -8274.6 18.0
-5655.2 -8278.5 17.8
-5577.9 -8265.8 18.2
-5618.3 -8270.0 18.1
-5654.5 -8269.3 17.8
-5607.8 -8257.7 18.1
-5634.8 -8259.5 18.1
-5644.2 -8253.7 18.1
-5602.3 -8249.1 17.8
-5638.2 -8250.0 18.0
-5574.5 -8239.0 17.7
-5582.9 -8239.3 17.7
-5614.9 -8238.7 17.8
-5627.2 -8239.9 17.9
-5825.5 -8697.4 18.6
-5825.8 -8683.4 18.4
-5832.8 -8686.2 18.2
-5810.8 -8675.2 19.0
-5820.7 -8674.4 18.6
-5833.1 -8673.2 18.0
-5796.4 -8663.3 19.6
-5825.9 -8663.2 18.3
-5833.8 -8663.8 17.9
-5840.3 -8666.1 17.7
-5854.7 -8665.5 17.0
-5781.7 -8653.8 20.4
-5794.6 -8657.7 19.7
-5815.3 -8653.5 18.7
-5855.7 -8656.1 16.9
-5785.9 -8649.2 20.2
-5791.3 -8646.3 19.9
-5814.6 -8647.9 18.8
-5821.7 -8646.5 18.4
-5831.5 -8646.5 17.9
-5865.7 -8646.6 16.4
-5791.8 -8636.4 19.9
-5825.7 -8639.1 18.2
-5871.4 -8638.3 16.1
-5811.8 -8626.2 18.9
-5854.0 -8625.0 16.8
-5873.2 -8628.7 15.9
-5793.2 -8617.8 19.9
-5803.5 -8618.8 19.4
-5815.2 -8613.2 18.8
-5844.0 -8615.1 17.4
-5870.7 -8613.9 16.0
-5894.3 -8615.6 14.9
-5834.5 -8606.8 17.8
-5771.0 -8594.5 20.9
-5781.8 -8595.1 20.4
-5916.5 -8593.4 13.8
-5756.9 -8589.7 21.6
-5766.5 -8589.0 21.1
-5773.7 -8584.0 20.8
-5920.8 -8583.6 13.6
-5770.5 -8576.6 20.9
-5914.7 -8578.1 13.9
-5925.1 -8575.5 13.4
-5745.3 -8567.5 22.1
-5774.2 -8567.6 20.7
-5913.7 -8566.6 14.0
-5936.0 -8569.7 12.9
-5940.7 -8565.6 12.6
-5751.4 -8556.1 22.1
-5766.0 -8555.5 21.3
-5946.4 -8559.0 12.4
-5740.3 -8545.0 22.9
-5765.1 -8549.0 21.5
-5904.2 -8547.9 14.4
-5943.6 -8548.5 12.5
-5952.0 -8545.0 12.1
-5741.8 -8537.7 23.0
-5752.8 -8538.1 22.4
-5923.0 -8538.0 13.5
-5936.9 -8534.4 12.8
-5954.3 -8539.3 12.0
-5911.5 -8523.2 14.2
-5923.8 -8529.7 13.5
-5931.3 -8525.0 13.1
-5945.4 -8524.0 12.4
-5951.2 -8529.8 12.1
-5721.7 -8519.8 23.8
-5926.9 -8518.6 13.4
-5945.3 -8518.7 12.5
-5974.5 -8515.0 11.0
-5966.6 -8509.3 11.5
-5981.8 -8504.2 10.8
-5971.4 -8495.7 11.6
-5986.1 -8496.8 10.8
-5965.9 -8486.5 12.1
-5994.3 -8484.4 10.6
-5980.8 -8477.8 11.5
-6002.5 -8475.6 10.4
-5953.9 -8465.8 13.2
-6004.9 -8468.0 10.4
-6016.8 -8465.4 9.9
-5994.0 -8458.7 11.3
-6012.0 -8458.0 10.3
-5996.0 -8446.7 11.5
-6005.7 -8443.4 11.1
-6016.6 -8446.0 10.4
-6020.3 -8444.5 10.2
-5963.6 -8434.3 13.6
-5996.1 -8434.8 11.8
-6002.1 -8438.0 11.4
-6026.8 -8435.5 10.1
-5953.2 -8424.2 14.4
-5963.7 -8424.4 13.8
-5971.7 -8423.7 13.4
-5994.0 -8425.0 12.2
-6001.6 -8424.4 11.8
-6023.0 -8425.9 10.6
-5983.2 -8419.3 12.9
-6013.2 -8416.2 11.4
-6046.8 -8417.0 9.5
-5963.1 -8405.8 14.3
-5970.7 -8406.9 13.9
-5980.4 -8404.7 13.4
-6004.6 -8409.8 12.0
-5973.8 -8396.4 14.0
-6003.8 -8396.4 12.4
-6056.1 -8396.0 9.6
-6062.5 -8395.9 9.3
-5992.3 -8383.3 13.4
-6055.4 -8386.3 9.9
-6000.7 -8377.4 13.1
-6065.5 -8375.5 9.6
-6071.9 -8374.2 9.3
-6082.3 -8376.2 8.7
-6023.6 -8363.8 12.0
-6032.3 -8365.0 11.7
-6042.5 -8363.5 11.2
-6054.0 -8369.1 10.4
-6061.1 -8364.0 10.2
-6071.3 -8369.7 9.5
-6013.6 -8356.8 12.2
-6020.5 -8355.7 11.9
-6030.3 -8358.9 11.7
-6050.4 -8357.2 10.9
-6060.6 -8353.9 10.5
-6071.7 -8358.6 9.8
-6034.3 -8348.3 11.3
-6041.3 -8346.2 11.0
-5789.1 -8559.6 20.0
-5720.7 -8495.3 23.6
-5722.8 -8477.8 23.2
-5712.7 -8464.5 22.9
-5723.1 -8468.3 23.3
-5714.8 -8459.0 22.9
-5728.5 -8456.1 22.9
-5688.4 -8447.3 22.1
-5699.0 -8438.6 22.0
-5693.3 -8429.3 21.6
-5703.6 -8427.7 21.6
-5709.2 -8425.1 21.5
-5718.9 -8415.9 21.1
-5941.0 -8414.2 15.3
-5703.3 -8408.3 20.8
-5940.3 -8406.2 15.6
-5949.1 -8408.2 15.0
-5703.2 -8398.4 20.3
-5714.2 -8394.4 20.2
-5729.2 -8388.6 19.8
-5960.2 -8389.0 14.7
-5740.1 -8375.4 19.1
-5783.0 -8374.3 18.5
-5829.8 -8373.3 17.9
-5942.3 -8378.4 15.1
-5974.6 -8377.9 14.0
-5731.1 -8369.2 18.9
-5749.6 -8367.3 18.6
-5762.9 -8367.5 18.4
-5769.6 -8365.0 18.2
-5799.1 -8364.0 17.9
-5809.9 -8366.1 17.8
-5819.3 -8363.4 17.6
-5850.4 -8367.2 17.6
-5861.0 -8368.7 17.6
-5870.7 -8363.5 17.1
-5891.5 -8367.7 16.5
-5903.1 -8365.5 16.1
-5918.5 -8367.5 15.6
-5931.2 -8365.5 15.1
-5974.4 -8365.4 13.7
-5982.7 -8364.9 13.4
-5988.7 -8367.9 13.3
-5723.3 -8355.8 18.3
-5728.6 -8358.5 18.4
-5752.2 -8355.5 18.0
-5763.0 -8353.9 17.8
-5774.1 -8358.3 17.9
-5783.0 -8353.9 17.6
-5800.5 -8358.8 17.6
-5838.7 -8358.4 17.1
-5862.5 -8354.4 16.8
-5874.5 -8356.6 16.8
-5879.4 -8354.7 16.6
-5910.7 -8359.9 15.7
-5921.7 -8355.4 15.2
-5942.7 -8356.5 14.5
-5975.0 -8359.9 13.5
-6002.1 -8353.9 12.5
-5722.3 -8349.3 18.0
-5770.6 -8343.3 17.2
-5789.0 -8349.6 17.3
-5804.7 -8347.5 17.0
-5833.5 -8348.8 16.7
-5843.1 -8347.2 16.6
-5872.0 -8349.6 16.6
-5879.8 -8344.6 16.3
-5893.7 -8349.4 16.0
-5901.9 -8345.8 15.6
-5913.3 -8346.3 15.3
-5932.4 -8346.0 14.6
-5949.3 -8343.8 14.0
-5984.0 -8344.8 12.9
-5999.5 -8347.4 12.4
-6013.5 -8346.2 11.9
-5710.9 -8334.8 17.4
-5730.3 -8335.8 17.3
-5752.9 -8339.3 17.2
-5769.4 -8337.6 16.9
-5800.8 -8338.9 16.6
-5828.8 -8334.5 16.1
-5859.9 -8337.9 15.9
-5888.6 -8333.5 15.7
-5921.0 -8338.6 14.8
-5991.8 -8339.7 12.5
-5752.7 -8327.4 16.6
-5758.9 -8327.6 16.6
-5784.4 -8325.1 16.2
-5790.7 -8324.6 16.1
-5830.3 -8324.1 15.6
-5851.8 -8324.0 15.3
-5899.4 -8328.3 15.3
-5922.4 -8325.7 14.5
-5951.0 -8326.3 13.5
-5960.3 -8324.5 13.2
-6012.7 -8325.0 11.3
-5753.7 -8314.5 16.2
-5792.1 -8316.7 15.7
-5813.9 -8315.2 15.3
-5820.0 -8318.2 15.4
-5832.9 -8314.1 15.1
-5853.8 -8316.7 15.0
-5862.6 -8317.7 14.9
-5873.1 -8317.0 14.8
-5892.3 -8318.8 14.8
-5900.1 -8315.4 14.6
-5913.0 -8314.6 14.5
-5918.6 -8314.6 14.3
-5930.5 -8315.4 14.0
-5944.4 -8315.4 13.5
-5963.3 -8313.5 12.8
-5983.3 -8313.7 11.9
-5992.7 -8313.4 11.5
-5784.9 -8305.8 15.4
-5799.0 -8305.0 15.2
-5838.5 -8309.1 14.8
-5869.9 -8306.2 14.3
-5882.4 -8304.7 14.1
-5904.3 -8304.4 13.9
-5914.7 -8305.6 14.1
-5931.3 -8304.4 13.7
-5940.5 -8304.7 13.4
-5983.7 -8306.1 11.9
-5988.6 -8309.1 11.8
-5789.0 -8294.5 14.7
-5800.5 -8296.1 14.6
-5821.8 -8296.1 14.4
-5833.3 -8299.8 14.5
-5852.4 -8297.6 14.1
-5869.4 -8298.8 14.0
-5883.7 -8296.7 13.7
-5890.6 -8294.4 13.4
-5830.4 -8283.4 13.2
-5838.4 -8283.9 13.1
4901.9 1519.4 21.7
4914.3 1530.6 21.8
4904.1 1530.5 21.8
4915.2 1536.2 21.8
4926.1 1546.0 21.9
4915.1 1555.6 21.9
4922.0 1569.4 21.9
4915.1 1567.4 21.9
4944.2 1580.2 22.1
4924.1 1577.8 22.0
4942.2 1589.4 22.1
4931.3 1587.1 22.0
4922.7 1588.7 22.0
4945.9 1595.7 22.2
4922.9 1600.1 22.0
4975.1 1606.7 22.4
4943.6 1609.7 22.1
4911.4 1605.8 21.8
4895.6 1610.7 21.6
4971.8 1615.4 22.3
4953.7 1619.9 22.1
4944.0 1618.9 22.0
4926.5 1616.3 21.9
4911.5 1615.9 21.7
4982.0 1627.2 22.3
4964.1 1627.1 22.2
4903.3 1629.3 21.5
4984.6 1639.6 22.3
4932.3 1639.7 21.7
4904.1 1636.0 21.5
4947.1 1657.1 21.7
4966.5 1670.7 21.8
4935.1 1667.4 21.5
4927.2 1664.2 21.5
4984.3 1679.3 21.9
4961.5 1679.2 21.7
4944.2 1675.4 21.5
4991.9 1685.6 21.9
4942.9 1687.9 21.4
4935.7 1686.1 21.4
4961.3 1697.1 21.5
4925.4 1697.5 21.2
4917.0 1698.1 21.1
4996.2 1707.0 21.8
4963.5 1709.7 21.5
4945.8 1710.0 21.3
4915.8 1708.2 21.0
4914.4 1719.9 21.0
4996.9 1724.4 21.9
4962.8 1727.9 21.5
4954.5 1727.8 21.4
4931.3 1726.9 21.1
4923.1 1729.7 21.0
4913.3 1725.7 21.0
4947.5 1737.8 21.2
4935.0 1740.5 21.0
4924.2 1734.4 21.0
4944.0 1748.0 21.1
4917.0 1750.1 21.0
4951.1 1757.2 21.2
4942.5 1756.5 21.1
4992.8 1766.5 21.7
4986.8 1774.9 21.6
4982.8 1785.4 21.6
4933.9 1786.1 21.1
4925.7 1788.8 21.1
4974.8 1796.7 21.4
4923.3 1797.6 21.1
4971.8 1805.3 21.3
4937.6 1806.4 21.1
4927.7 1819.8 21.1
4934.1 1826.6 21.1
4907.3 1836.3 21.2
4904.3 1850.0 21.2
4895.7 1849.9 21.1
4885.7 1847.7 20.7
4887.0 1854.7 20.8
4884.5 1865.9 20.8
4916.1 1879.3 21.6
4884.0 1888.5 21.0
4896.0 1899.1 21.3
4871.4 1990.8 19.3
4891.0 2003.2 18.6
4901.4 2011.7 18.3
4879.4 2036.6 18.7
4888.7 2046.5 18.5
4848.9 2055.8 19.2
4840.1 2054.1 19.3
4878.5 2063.9 18.8
4873.5 2066.7 18.9
4857.3 2062.5 19.1
4868.5 2075.5 19.0
4838.8 2084.4 19.3
4863.4 2092.2 19.0
4851.1 2093.5 19.1
4812.4 2093.6 19.6
4852.2 2106.7 19.2
4829.0 2101.4 19.4
4819.9 2105.2 19.5
4832.0 2113.3 19.3
4828.2 2134.2 19.5
4822.3 2145.1 19.0
4812.2 2143.7 19.4
4983.9 1885.3 20.4
4974.9 1885.6 20.6
4964.9 1886.0 20.8
4978.0 1894.0 20.3
4956.3 1889.8 20.9
4956.8 1901.8 20.5
4953.5 1913.3 20.1
4956.1 1922.4 19.8
4946.7 1932.4 19.7
4917.3 1970.9 19.1
5152.4 1345.2 23.0
5146.4 1346.6 23.0
5156.3 1367.0 23.0
5155.1 1387.1 23.0
5105.9 1285.9 23.2
5094.2 1281.4 23.0
5087.4 1286.3 23.1
5079.7 1283.3 23.0
5100.1 1303.6 23.2
5089.5 1307.3 23.2
5054.9 1305.5 22.9
5054.4 1313.4 22.8
4967.9 1275.4 21.6
4967.4 1297.6 21.5
4971.6 1303.1 21.5
4978.0 1327.0 21.5
5010.1 1336.7 22.0
5008.2 1345.2 21.9
5021.3 1354.3 22.0
4996.6 1356.4 21.6
4987.9 1356.2 21.4
4976.6 1356.4 21.3
4961.1 1357.6 21.3
5049.4 1368.2 22.2
5011.2 1364.1 21.7
4998.2 1363.1 21.6
4969.8 1367.1 21.3
5000.7 1375.9 21.6
4990.4 1383.5 21.6
4969.0 1382.2 21.4
4957.1 1387.8 21.4
5035.2 1393.5 22.0
5027.9 1398.5 21.9
4976.6 1395.2 21.6
4969.6 1395.0 21.5
4998.1 1405.2 21.8
4986.7 1404.2 21.7
4969.8 1405.7 21.6
4985.4 1416.2 21.7
4957.8 1415.1 21.5
4956.1 1424.4 21.6
4947.6 1424.6 21.5
5008.8 1436.2 22.0
4969.8 1432.1 21.7
4945.2 1435.3 21.6
4968.7 1446.0 21.8
4958.8 1445.5 21.7
4937.5 1445.0 21.6
4947.5 1458.7 21.7
4939.9 1456.8 21.6
4930.5 1457.9 21.6
4960.0 1467.5 21.9
4946.8 1467.2 21.8
4937.6 1468.5 21.7
4959.5 1476.6 21.9
4946.1 1474.1 21.8
4939.9 1506.6 21.9
5079.6 1356.2 22.8
5082.0 1367.7 22.7
5100.6 1376.2 22.9
5077.3 1376.7 22.6
5088.1 1384.8 22.6
5073.1 1385.2 22.4
5061.5 1383.7 22.3
5050.8 1383.1 22.1
5078.4 1393.4 22.5
5067.3 1396.2 22.4
5063.3 1404.5 22.4
5118.4 1414.3 22.9
5112.9 1415.3 22.9
5082.3 1417.0 22.6
5088.5 1428.2 22.7
5083.5 1423.2 22.6
5092.2 1438.6 22.7
5077.0 1447.5 22.6
5057.3 1448.4 22.4
5013.3 1448.9 22.1
5060.1 1457.8 22.5
5047.7 1458.4 22.4
5062.1 1467.5 22.6
5039.8 1469.1 22.4
5029.8 1467.5 22.4
5060.8 1475.8 22.6
5100.7 1485.4 22.9
5092.1 1485.7 22.9
5047.7 1484.5 22.6
5021.6 1489.0 22.4
4993.3 1485.2 22.2
5013.5 1494.3 22.4
5081.1 1506.7 22.8
5062.1 1506.5 22.7
5049.9 1505.5 22.6
5038.3 1507.2 22.6
5032.5 1503.4 22.5
5017.9 1506.0 22.4
5003.1 1509.4 22.3
5089.7 1519.2 22.9
5048.1 1518.3 22.6
5041.8 1519.5 22.6
5027.8 1516.4 22.5
5038.0 1523.4 22.6
5068.8 1538.5 22.8
5057.2 1538.2 22.7
5047.5 1538.4 22.7
5039.9 1534.3 22.6
5043.1 1558.2 22.7
5051.6 1566.7 22.7
5029.4 1564.0 22.6
5040.1 1601.3 22.7
5000.2 1599.3 22.5
5058.1 1614.6 22.9
5039.5 1611.8 22.8
4986.7 1612.5 22.5
5038.2 1632.0 22.8
5041.3 1639.4 22.8
5019.5 1640.3 22.6
5012.2 1639.0 22.5
5038.2 1651.7 22.7
5016.5 1661.3 22.4
4673.1 1264.7 19.7
4661.1 1258.9 19.9
4650.7 1264.5 20.3
4642.2 1264.3 20.4
4682.0 1271.4 19.7
4659.5 1270.0 20.2
4645.3 1270.5 20.5
4699.6 1284.2 19.5
4695.2 1281.8 19.6
4679.5 1278.6 19.9
4674.9 1284.5 20.1
4643.2 1282.9 20.6
4865.5 1294.3 20.0
4814.6 1293.0 19.7
4804.2 1293.8 19.6
4781.1 1294.1 19.4
4721.3 1292.1 19.2
4695.1 1293.9 19.8
4684.9 1291.3 20.0
4670.6 1288.5 20.2
4661.2 1291.6 20.4
4652.8 1290.0 20.6
4642.4 1290.6 20.7
4634.7 1294.6 20.7
4859.7 1302.2 19.9
4854.9 1301.5 19.9
4814.1 1302.0 19.6
4805.4 1299.5 19.6
4779.7 1302.0 19.4
4769.3 1300.4 19.3
4751.9 1298.9 19.2
4743.3 1301.0 19.1
4719.0 1299.0 19.3
4711.9 1304.5 19.4
4699.8 1298.9 19.7
4684.2 1298.9 19.9
4669.4 1300.7 20.2
4635.3 1304.7 20.8
4870.5 1308.2 20.0
4860.6 1312.7 19.9
4792.3 1311.3 19.5
4774.7 1313.3 19.5
4759.6 1310.8 19.4
4754.2 1313.6 19.4
4744.7 1311.7 19.4
4732.2 1309.6 19.3
4669.3 1314.5 20.2
4630.0 1314.6 20.8
4860.0 1321.6 19.9
4815.5 1323.3 19.8
4782.5 1319.2 19.6
4774.4 1324.6 19.7
4759.9 1322.4 19.6
4731.5 1319.3 19.5
4723.8 1318.9 19.5
4681.5 1323.6 20.1
4663.9 1324.2 20.4
4645.4 1323.3 20.6
4630.0 1320.2 20.8
4944.8 1329.7 21.0
4874.3 1333.6 20.2
4823.2 1332.1 20.0
4811.6 1333.3 20.0
4772.4 1331.6 19.9
4754.9 1329.6 19.8
4719.4 1331.5 19.7
4714.1 1330.3 19.8
4702.0 1328.1 19.9
4690.6 1333.3 20.1
4642.2 1332.6 20.8
4929.9 1341.8 20.8
4840.4 1342.7 20.3
4759.3 1341.0 20.0
4709.2 1344.4 20.0
4639.6 1338.6 20.9
4635.6 1339.2 21.0
4941.6 1351.9 21.1
4914.2 1350.3 20.9
4859.3 1349.8 20.6
4932.7 1358.3 21.2
4913.2 1362.7 21.2
4890.6 1362.1 21.1
4883.7 1363.2 21.1
4872.8 1364.7 21.1
4842.6 1361.0 20.8
4934.5 1372.3 21.2
4921.5 1370.1 21.2
4910.9 1373.0 21.2
4872.4 1369.3 21.1
4829.4 1371.8 21.1
4773.1 1371.0 20.7
4702.3 1373.6 20.6
4943.7 1382.9 21.3
4895.4 1383.4 21.2
4884.2 1384.2 21.2
4791.5 1378.8 21.0
4771.4 1378.5 20.9
4941.4 1390.3 21.3
4925.1 1392.7 21.2
4911.1 1392.8 21.2
4882.0 1393.8 21.2
4873.6 1391.3 21.1
4862.4 1392.9 21.1
4854.3 1390.5 21.1
4839.9 1391.0 21.1
4825.4 1390.2 21.1
4805.2 1388.5 21.0
4919.4 1401.9 21.2
4911.7 1402.9 21.2
4895.3 1400.7 21.2
4879.3 1398.6 21.1
4862.8 1402.1 21.1
4840.6 1403.9 21.1
4819.3 1401.2 21.0
4812.9 1401.1 21.0
4850.5 1408.7 21.1
4813.8 1409.8 21.0
4783.7 1414.1 21.0
4869.8 1423.0 21.1
4834.9 1420.3 21.1
4919.1 1430.7 21.3
4913.5 1430.0 21.3
4882.5 1428.9 21.2
4871.1 1434.6 21.1
4864.9 1429.0 21.1
4899.6 1444.4 21.3
4914.6 1453.3 21.4
4900.0 1449.4 21.3
4863.9 1463.7 21.1
4666.3 1363.1 20.9
4633.3 1368.1 21.0
4627.1 1372.0 21.1
4644.4 1377.7 21.1
4632.7 1380.2 21.2
4715.4 1392.9 20.9
4704.8 1390.3 20.8
4673.0 1389.4 21.0
4662.3 1392.2 21.0
4653.8 1388.1 21.1
4687.4 1402.8 20.9
4667.7 1398.6 20.9
4656.4 1400.7 21.0
4646.3 1399.4 21.1
4632.3 1397.4 21.1
4713.3 1412.7 20.9
4676.9 1408.2 20.9
4661.6 1410.4 20.9
4653.4 1408.2 21.0
4637.3 1409.1 21.0
4763.7 1422.0 20.9
4712.2 1417.5 20.9
4704.8 1417.8 20.9
4675.9 1420.7 20.9
4631.6 1420.3 21.0
4764.1 1431.3 20.9
4745.3 1433.1 20.9
4723.0 1430.2 20.9
4677.8 1432.7 21.1
4666.4 1430.5 21.0
4762.9 1436.9 20.9
4754.7 1442.7 20.9
4737.6 1442.2 20.9
4702.0 1438.0 21.0
4675.5 1437.4 21.2
4665.1 1442.5 21.1
4774.8 1450.5 21.0
4726.9 1448.1 20.9
4714.3 1450.8 21.0
4706.6 1448.4 21.0
4676.7 1453.5 21.3
4766.0 1479.6 21.0
5140.1 1711.7 21.1
5041.3 1712.6 22.0
5046.5 1723.2 21.8
5041.4 1723.7 21.9
5028.8 1718.1 22.0
5048.4 1740.5 21.6
5122.3 1753.5 20.7
5059.0 1753.9 21.4
5036.9 1751.5 21.6
5079.3 1763.4 21.1
5089.5 1783.7 20.9
5061.0 1783.0 21.3
5047.1 1803.6 21.3
5132.9 1220.4 22.6
5134.9 1274.3 23.2
5026.8 1289.9 22.5
5015.6 1294.0 22.3
5006.8 1766.5 21.8
4968.8 1835.8 21.0
4966.7 1853.5 21.0
4755.5 2160.9 19.9
4716.1 2172.3 19.9
4719.5 2183.6 19.5
4720.0 2196.1 19.2
4664.7 2197.3 19.6
4748.7 2202.8 18.5
4739.5 2201.4 18.7
4660.8 2202.4 19.6
4646.1 2202.1 19.8
4656.1 2214.8 19.6
4649.1 2216.2 19.7
4637.7 2215.5 19.8
4618.9 2211.8 20.0
4665.1 2222.2 19.4
4647.6 2223.2 19.6
4638.0 2223.2 19.7
4630.6 2225.5 19.8
4600.9 2221.7 20.2
4580.7 2227.0 20.4
4646.5 2231.8 19.6
4637.4 2234.8 19.7
4616.1 2236.1 19.9
4606.4 2233.6 20.1
4575.7 2232.4 20.4
4604.6 2242.5 20.0
4596.1 2245.6 20.1
4586.6 2244.8 20.2
4567.5 2247.1 20.3
4585.7 2251.0 20.2
4566.3 2254.4 20.2
4550.6 2255.9 20.3
4525.8 2252.9 20.5
4516.6 2254.8 20.6
4530.8 2266.9 20.3
4518.0 2262.5 20.5
4504.8 2264.3 20.5
4514.7 2272.6 20.3
4506.0 2282.5 20.2
4490.4 2283.9 20.3
4734.2 2220.9 18.4
4698.9 2222.3 18.9
4738.0 2230.7 18.1
4675.8 2231.3 19.2
4698.8 2237.2 18.8
4685.3 2240.3 19.0
4679.5 2237.1 19.1
4667.5 2242.1 19.3
4659.3 2239.7 19.4
4726.9 2252.1 18.1
4674.2 2252.9 19.1
4663.8 2251.7 19.3
4655.5 2250.5 19.4
4647.9 2250.5 19.5
4686.4 2259.5 18.9
4673.5 2256.9 19.1
4606.6 2260.9 19.9
4599.4 2257.8 20.0
4706.2 2269.6 18.6
4686.5 2269.6 18.9
4676.7 2268.8 19.0
4717.6 2279.1 18.1
4683.4 2277.5 18.9
4668.2 2282.5 19.0
4659.6 2279.2 19.1
4648.1 2281.4 19.3
4638.3 2277.1 19.4
4575.9 2279.2 19.8
4538.5 2281.0 20.0
4688.2 2290.7 18.7
4668.9 2290.4 19.0
4657.4 2286.5 19.1
4646.5 2288.2 19.2
4629.0 2291.3 19.2
4549.0 2288.1 19.9
4526.5 2288.9 20.0
4684.7 2302.6 18.7
4678.1 2297.0 18.8
4669.5 2297.9 18.9
4654.3 2297.7 19.0
4643.1 2297.7 19.1
4618.7 2302.0 19.2
4579.6 2301.3 19.4
4547.1 2301.7 19.7
4493.5 2297.7 20.1
4679.0 2306.7 18.7
4653.8 2310.7 18.8
4644.7 2312.5 18.9
4596.2 2312.7 19.2
4567.4 2312.8 19.4
4545.3 2311.1 19.5
4533.8 2312.4 19.6
4509.4 2312.7 19.8
4493.9 2312.5 19.9
4473.3 2307.3 20.1
4468.9 2312.2 20.1
4676.0 2316.6 18.7
4658.0 2320.1 18.8
4625.7 2316.5 19.0
4606.5 2320.4 19.1
4596.1 2318.1 19.2
4585.8 2320.9 19.2
4579.1 2318.8 19.3
4548.5 2321.8 19.5
4536.0 2319.5 19.5
4455.6 2319.9 20.0
4668.3 2331.2 18.9
4626.8 2327.4 19.1
4586.6 2329.7 19.3
4567.3 2331.1 19.4
4558.9 2332.9 19.5
4546.1 2331.9 19.6
4528.2 2329.4 19.6
4513.9 2327.1 19.7
4467.0 2332.7 20.0
4457.8 2328.5 20.0
4666.3 2336.7 18.9
4656.9 2336.9 19.0
4646.3 2337.0 19.0
4626.2 2337.8 19.2
4618.6 2342.5 19.2
4608.1 2337.5 19.3
4495.9 2340.1 19.9
4476.6 2338.8 20.0
4467.3 2342.4 20.1
4454.6 2339.7 20.0
4654.8 2349.3 19.0
4645.0 2348.5 19.1
4495.6 2346.6 19.9
4488.5 2350.3 20.0
4473.9 2351.4 20.1
4654.0 2360.7 19.0
4644.1 2362.9 19.1
4485.6 2360.4 20.1
4478.0 2357.9 20.0
4464.7 2357.5 19.8
4637.7 2368.1 19.2
4615.7 2370.3 19.5
4499.2 2372.4 20.1
4464.5 2369.4 19.5
4638.5 2380.6 19.1
4545.3 2379.4 19.9
4534.3 2382.1 20.0
4527.4 2377.9 20.0
4513.9 2376.7 20.1
4466.0 2378.6 19.4
4454.3 2378.0 19.2
4638.0 2388.6 19.1
4555.0 2389.0 20.0
4516.3 2391.2 20.1
4493.7 2391.1 19.7
4463.2 2388.6 19.1
4627.7 2399.7 19.2
4617.2 2401.9 19.4
4559.4 2403.1 20.0
4548.1 2396.5 20.1
4525.7 2401.7 20.0
4485.0 2396.4 19.4
4609.0 2409.6 19.5
4589.3 2411.9 19.8
4608.4 2416.9 19.5
4573.9 2417.6 20.1
4754.5 1964.3 19.7
4745.5 1967.3 19.7
4747.6 1975.6 19.9
4734.2 1977.0 19.9
4746.3 1986.5 20.2
4734.4 1993.6 20.3
4726.1 1995.5 20.3
5591.1 2442.4 21.6
5603.6 2458.1 21.4
5593.7 2460.0 21.4
5602.6 2467.7 21.3
5606.0 2476.0 21.3
5604.3 2491.2 21.4
5595.6 2486.7 21.4
5602.0 2498.7 21.4
5611.3 2511.7 21.4
5602.9 2510.4 21.4
5620.6 2539.6 21.3
5625.5 2548.9 21.2
5615.4 2547.5 21.2
5625.4 2562.0 21.2
5631.9 2568.0 21.1
5635.2 2579.9 21.1
5645.2 2589.8 21.1
5711.6 2609.4 21.0
5655.7 2607.1 21.0
5701.8 2619.3 21.0
5661.2 2621.1 20.9
5651.3 2621.2 21.0
5680.0 2626.5 21.0
5660.5 2626.2 21.0
5656.1 2626.0 20.9
5671.2 2637.1 21.0
5671.6 2649.4 21.0
5664.6 2652.2 21.0
5680.0 2658.3 21.0
5675.3 2665.8 21.1
5683.3 2681.7 21.1
5696.1 2696.0 21.1
5712.2 2706.7 21.0
5705.5 2708.8 21.0
5731.0 2742.0 20.8
5755.9 2759.0 20.6
5736.1 2758.6 20.7
5790.7 2771.1 20.2
5760.8 2772.4 20.5
5804.2 2780.2 20.1
5786.5 2777.8 20.3
5774.9 2780.0 20.4
5760.2 2777.5 20.5
5833.7 2787.2 19.7
5820.2 2789.0 19.9
5773.3 2791.4 20.3
5763.7 2792.1 20.4
5754.4 2786.1 20.4
5746.2 2788.9 20.5
5851.8 2802.0 19.5
5894.7 2811.4 19.0
5876.2 2810.5 19.2
5845.4 2808.8 19.6
5772.0 2809.8 20.3
5765.8 2809.2 20.3
5922.6 2817.9 18.7
5911.0 2815.8 18.8
5900.5 2819.2 19.0
5886.6 2818.2 19.1
5875.1 2817.0 19.3
5863.5 2817.0 19.4
5850.1 2820.9 19.6
5771.6 2821.8 20.2
5935.8 2825.9 18.5
5922.8 2828.1 18.7
5904.4 2829.3 18.9
5886.4 2827.6 19.2
5876.2 2826.8 19.3
5843.3 2827.7 19.7
5885.6 2836.7 19.2
5871.6 2838.9 19.4
5856.5 2836.9 19.6
5846.4 2836.1 19.7
5804.6 2841.0 20.0
5912.7 2852.5 18.9
5904.9 2852.1 19.0
5883.8 2848.8 19.3
5873.2 2851.8 19.4
5846.5 2846.2 19.7
5811.4 2846.9 19.9
5801.3 2849.4 20.0
5796.3 2850.0 20.0
5781.7 2850.5 20.0
5924.0 2858.3 18.8
5895.0 2856.4 19.1
5883.6 2860.1 19.3
5871.0 2858.8 19.5
5853.8 2859.7 19.7
5800.7 2859.7 19.9
5911.2 2868.0 19.0
5901.4 2868.7 19.1
5929.9 2879.7 18.7
5926.0 2881.9 18.8
5883.2 2875.9 19.3
5871.2 2878.6 19.5
5866.1 2878.5 19.6
5851.6 2878.2 19.7
5840.9 2880.4 19.7
5815.4 2878.3 19.8
5801.8 2876.4 19.8
5900.9 2889.1 19.1
5872.6 2886.9 19.5
5866.6 2885.8 19.6
5851.9 2890.1 19.7
5836.5 2886.1 19.7
5935.6 2900.5 18.7
5860.8 2899.4 19.6
5853.0 2897.8 19.7
5846.4 2900.7 19.7
5822.1 2901.7 19.8
5852.9 2908.6 19.7
5842.2 2907.7 19.8
5832.6 2911.0 19.8
5821.3 2911.4 19.8
5844.3 2920.1 19.7
5835.6 2917.7 19.8
5826.5 2917.2 19.8
5852.5 2930.6 19.7
5864.4 2941.4 19.6
5930.7 2947.9 18.9
5925.3 2951.6 19.0
5880.2 2946.0 19.5
5873.3 2949.7 19.5
5922.6 2958.4 19.0
5900.8 2958.9 19.3
5890.0 2956.9 19.4
5880.6 2957.9 19.5
5671.0 2396.9 21.6
5608.4 2393.1 21.9
5688.6 2402.6 21.5
5720.5 2417.6 21.2
5639.2 2416.3 21.6
5751.5 2422.1 21.0
5742.0 2422.8 21.1
5710.6 2422.6 21.2
5651.0 2426.2 21.4
5641.8 2422.1 21.5
5649.8 2437.7 21.4
5837.8 2446.1 20.4
5830.0 2444.3 20.5
5813.3 2441.9 20.6
5704.2 2445.4 21.1
5704.1 2454.5 21.0
5851.1 2462.0 20.3
5838.9 2464.9 20.4
5830.9 2464.8 20.4
5731.8 2467.6 20.8
5722.5 2462.7 20.9
5712.4 2463.1 20.9
5848.3 2475.4 20.2
5758.9 2476.4 20.6
5748.7 2472.8 20.7
5852.1 2481.9 20.2
5818.4 2483.4 20.3
5809.6 2484.9 20.3
5801.5 2484.1 20.4
5791.4 2484.2 20.4
5773.4 2484.0 20.5
5854.1 2492.1 20.1
5811.2 2496.0 20.3
5607.4 2380.1 22.0
5600.8 2379.2 22.0
5589.6 2376.3 22.1
-6550.4 -8497.5 16.5
-6535.2 -8488.7 15.9
-6549.7 -8486.0 16.4
-6507.9 -8477.4 14.7
-6518.0 -8478.2 15.1
-6538.0 -8474.6 15.8
-6510.6 -8468.2 14.7
-6529.0 -8466.4 15.4
-6568.8 -8463.7 16.9
-6589.6 -8464.5 17.6
-6528.3 -8457.8 15.3
-6536.8 -8446.5 15.5
-6603.0 -8409.0 16.1
-6612.4 -8412.9 16.2
-6554.3 -8347.3 13.5
-6527.0 -8226.2 8.2
-6527.0 -8207.7 7.5
-6535.8 -8195.8 7.3
-6438.2 -8184.2 6.5
-6589.8 -8142.0 6.8
-6498.2 -8084.9 4.7
-6505.8 -8087.4 4.7
-6406.8 -8544.4 10.5
-6349.3 -8522.9 8.2
-6369.4 -8521.7 8.9
-6407.6 -8520.3 10.5
-6413.9 -8522.4 10.7
-6396.3 -8512.8 10.1
-6416.1 -8510.6 10.9
-6390.5 -8502.9 9.9
-6416.6 -8500.0 11.0
-6404.4 -8494.0 10.5
-6419.1 -8491.6 11.1
-6375.1 -8484.7 9.4
-6386.4 -8484.4 9.9
-6398.9 -8483.9 10.4
-6407.2 -8484.9 10.7
-6378.7 -8471.6 9.6
-6396.7 -8473.0 10.4
-6415.8 -8475.3 11.1
-6385.4 -8465.6 9.9
-6409.5 -8460.6 10.9
-6416.2 -8461.5 11.1
-6429.4 -8463.8 11.7
-6387.8 -8452.1 10.0
-6378.8 -8444.2 9.6
-6378.9 -8374.4 9.0
-6381.8 -8368.4 9.0
-6378.4 -8357.9 8.8
-6392.6 -8355.5 9.3
-6380.2 -8347.3 8.7
-6411.2 -8334.7 9.7
-6388.7 -8329.5 8.8
-6410.1 -8327.3 9.5
-6379.8 -8316.2 8.3
-6428.6 -8309.2 10.0
-6451.4 -8309.4 10.8
-6382.7 -8296.9 8.2
-6368.1 -8286.6 7.5
-6382.1 -8288.4 8.1
-6403.3 -8287.2 8.8
-6393.2 -8274.2 8.3
-6370.4 -8259.6 7.3
-6378.9 -8260.4 7.6
-6370.5 -8250.6 7.2
-6447.9 -8252.2 9.5
-6448.6 -8225.0 8.3
-6472.6 -8521.2 13.1
-6472.4 -8515.1 13.2
-6502.0 -8500.6 14.5
-6500.7 -8491.8 14.5
-6483.9 -8484.1 13.9
-6460.1 -8414.4 12.4
-6466.2 -8416.5 12.6
-6444.4 -8404.9 11.7
-6446.4 -8399.4 11.7
-6458.0 -8400.3 12.1
-6506.4 -8387.3 13.7
-6439.5 -8374.6 11.2
-6456.7 -8368.4 11.7
-6469.4 -8366.0 12.1
-6450.0 -8358.4 11.3
-6467.1 -8358.7 11.9
-6458.6 -8335.4 11.4
-6459.7 -8329.0 11.3
-6467.0 -8325.5 11.5
-6488.5 -8326.9 12.2
-6498.9 -8326.3 12.5
-6860.5 -8766.4 21.8
-6785.9 -8787.5 22.3
-6820.6 -8742.7 22.5
-6830.6 -8746.3 22.3
-6904.8 -8715.9 20.5
-6913.2 -8713.8 20.1
-6884.5 -8693.0 21.0
-6804.8 -8637.7 23.4
-6825.3 -8436.1 20.1
-6841.0 -8426.1 19.2
-6851.3 -8423.1 18.8
-6817.0 -8415.5 20.1
-6856.6 -8412.3 18.4
-6865.8 -8411.6 18.0
-6829.7 -8402.1 19.4
-6856.4 -8403.3 18.3
-6817.7 -8393.3 19.8
-6854.9 -8396.7 18.2
-6865.3 -8391.9 17.7
-6857.6 -8386.1 18.0
-6747.1 -8379.9 18.3
-6784.9 -8380.1 19.2
-6747.7 -8352.2 17.4
-6873.0 -8090.2 11.7
-6797.0 -8064.7 9.1
-6802.6 -8042.8 8.5
-6813.4 -8031.2 8.4
-6732.0 -8021.3 6.2
-6770.4 -8005.5 6.5
-6768.5 -7991.4 6.0
-6715.7 -8539.9 22.7
-6703.0 -8014.2 5.5
-6741.3 -7989.3 5.9
-6736.1 -7982.1 6.0
-6744.3 -7981.5 6.0
-6733.3 -7973.7 6.2
-6802.1 -7891.6 7.2
-6781.5 -7882.3 7.6
-6792.2 -7885.0 7.5
-6777.8 -7861.5 7.3
-6781.2 -7855.0 7.2
-6869.4 -7852.2 8.0
-6836.0 -7846.1 7.6
-6757.9 -7832.8 6.8
-6772.2 -7831.4 6.9
-6832.5 -7836.2 7.4
-6810.9 -7822.6 7.1
-6771.9 -7812.5 6.6
-6777.2 -7812.2 6.7
-6826.5 -7815.7 7.1
5567.6 2439.7 21.7
5546.0 2446.2 21.7
5537.0 2460.1 21.7
5565.0 2468.8 21.5
5537.7 2468.5 21.7
5576.0 2479.5 21.4
5568.8 2475.1 21.4
5579.9 2489.1 21.5
5580.7 2498.1 21.4
5558.7 2500.4 21.5
5567.8 2505.8 21.4
5547.4 2506.5 21.5
5537.2 2507.0 21.6
5529.7 2508.8 21.6
5580.9 2519.7 21.4
5570.6 2518.3 21.4
5549.5 2520.8 21.5
5537.8 2517.1 21.6
5527.9 2516.3 21.6
5585.0 2526.5 21.3
5530.5 2524.9 21.6
5587.5 2536.6 21.3
5578.2 2537.4 21.4
5538.8 2539.6 21.6
5596.5 2550.4 21.3
5576.3 2550.4 21.4
5524.7 2546.5 21.6
5596.3 2555.8 21.3
5619.4 2588.6 21.1
5619.8 2595.8 21.1
5635.8 2609.9 21.1
5617.9 2605.0 21.2
5637.1 2620.9 21.0
5627.4 2616.5 21.1
5525.4 2618.5 21.6
5638.2 2628.4 20.9
5556.1 2627.7 21.3
5541.1 2630.9 21.3
5568.1 2637.6 21.1
5639.6 2647.5 21.0
5590.6 2649.7 21.0
5658.1 2657.3 21.0
5655.0 2671.5 21.1
5628.7 2670.6 21.1
5670.8 2678.7 21.1
5646.6 2681.3 21.1
5636.3 2677.9 21.1
5650.1 2687.0 21.1
5657.7 2695.5 21.1
5690.8 2715.0 21.0
5698.6 2730.8 20.9
5688.3 2728.7 20.9
5700.8 2739.0 20.9
5706.1 2757.5 20.8
5111.7 2239.2 21.6
5109.3 2248.5 21.5
5099.3 2249.6 21.4
5101.7 2257.9 21.3
5088.8 2257.4 21.2
5076.7 2269.9 21.0
5048.8 2269.7 20.7
5037.4 2271.9 20.5
5027.5 2267.5 20.1
5047.5 2288.8 20.7
5046.3 2305.9 21.4
5054.2 2306.6 21.5
5060.2 2317.7 21.9
5062.2 2336.4 22.7
5062.0 2342.5 23.0
5045.4 2345.3 22.1
5084.6 2358.3 23.7
5055.5 2358.1 23.1
5071.2 2362.9 23.9
5059.9 2362.9 23.5
5043.5 2363.1 22.1
5091.6 2375.6 24.4
5083.2 2375.2 24.4
5062.7 2372.7 23.8
5113.0 2383.1 24.7
5104.0 2384.3 24.8
5095.0 2382.5 24.7
5080.5 2387.7 24.9
5071.0 2384.0 24.6
5053.8 2386.7 23.1
5112.6 2395.3 25.2
5099.2 2396.7 25.3
5093.1 2392.8 25.2
5183.0 2403.8 24.3
5175.1 2403.7 24.6
5123.5 2402.9 25.6
5093.4 2403.8 25.6
5061.8 2409.0 24.0
5073.2 2413.4 24.9
5179.1 2423.7 24.7
5175.4 2427.8 24.9
5189.7 2432.6 24.4
5182.4 2433.7 24.7
5072.5 2435.7 25.3
5099.8 2504.2 26.8
5144.9 2523.7 26.2
5132.4 2525.5 26.4
5145.1 2535.1 25.9
5155.4 2552.5 25.3
5139.2 2558.2 25.5
5164.7 2567.4 24.7
5144.9 2566.4 25.1
5224.7 2430.2 22.8
5211.7 2428.0 23.4
5204.3 2426.9 23.7
5230.0 2446.1 23.0
5212.9 2450.4 23.8
5229.8 2458.8 23.3
5191.6 2466.8 25.0
5224.6 2498.9 24.2
5202.8 2501.6 25.1
5189.5 2499.6 25.6
5219.1 2508.5 24.5
5210.5 2507.7 24.9
5199.7 2508.5 25.4
5194.3 2506.9 25.6
5234.7 2519.0 24.1
5225.2 2516.5 24.5
5214.3 2517.3 24.9
5190.0 2531.1 25.2
5259.4 2542.2 23.6
5251.2 2541.2 23.8
5242.7 2540.3 24.0
5195.2 2538.8 24.9
5268.9 2550.4 23.2
5249.6 2548.7 23.6
5239.2 2551.1 23.8
5204.2 2548.8 24.5
5252.9 2558.8 23.3
5225.3 2560.3 23.8
5200.5 2556.8 24.3
5195.1 2556.4 24.5
5202.3 2571.0 23.9
5262.4 2581.0 22.7
5224.0 2577.7 23.4
5269.8 2592.1 22.8
5213.2 2590.5 23.2
5203.1 2599.6 23.2
5280.9 2610.6 22.7
5260.9 2606.4 22.6
5223.2 2610.3 22.6
5214.0 2607.9 22.8
5281.2 2619.5 22.5
5269.9 2619.9 22.5
5264.8 2621.4 22.5
5128.9 2218.9 21.8
5152.7 2224.1 22.0
5149.3 2238.5 21.9
5133.7 2244.2 21.7
5154.0 2258.9 21.7
5151.5 2270.1 21.6
5141.3 2264.8 21.6
5109.3 2265.3 21.3
5159.4 2277.7 21.7
5148.0 2274.6 21.6
5111.5 2276.1 21.2
5157.9 2286.2 21.7
5153.6 2284.4 21.6
5130.3 2308.2 21.7
5124.2 2309.3 21.7
5108.1 2309.2 21.6
5101.2 2307.7 21.5
5122.4 2313.8 21.7
5133.3 2325.4 22.2
5138.0 2334.1 22.6
5128.0 2346.2 23.1
5148.0 2355.9 23.5
5143.9 2357.1 23.6
5160.5 2366.3 24.0
5128.3 2375.5 24.4
5121.2 2375.7 24.4
5172.0 2384.8 24.4
5162.4 2385.4 24.8
