-6533.3 8012.9 20.9
-1205.0 -7025.4 18.4
-1262.9 -7015.2 17.7
-3604.6 -3292.4 28.9
-3614.0 -3271.0 28.5
-3613.5 -3210.5 28.6
-2618.4 6871.6 20.9
-2608.9 6847.7 21.0
-1809.9 7405.8 19.5
-1810.0 7373.3 19.3
-2624.1 6865.8 20.9
-5539.0 8820.6 23.7
-6700.9 7472.5 24.7
-6689.6 7477.5 25.2
-5574.5 8740.2 24.4
-5553.2 8714.4 24.9
-5487.7 8646.8 25.0
-5498.3 8681.3 25.0
-5523.8 8721.8 25.3
-6533.7 6138.8 37.3
-6489.7 6112.4 35.9
-6484.9 6222.4 33.6
-6488.5 6236.1 33.4
-6472.0 6247.5 33.1
-6485.2 6251.9 33.1
-6488.4 6120.0 35.8
-6509.8 6138.0 36.4
-6560.1 6124.2 38.3
1248.4 2753.4 21.3
1244.0 2759.4 21.3
-5099.5 -3207.1 19.9
-1805.3 -32.5 30.4
-1790.3 39.9 30.8
-1434.3 -7083.9 18.3
-3628.4 -3313.6 28.8
4248.4 4780.5 23.6
-3653.8 -3334.9 28.6
-3659.8 -3339.5 28.6
-2885.8 6464.1 19.8
-2991.5 6149.0 23.4
4261.5 4810.2 24.1
-2602.0 6841.6 21.0
-2547.4 6807.2 20.9
-2539.7 6852.1 20.9
-2553.7 6802.4 21.0
-2560.7 6805.3 21.0
-1406.0 -7070.8 18.0
3766.9 -8374.9 30.1
3700.2 -8387.6 30.7
3675.0 -8391.2 30.1
3071.6 -7493.5 27.8
3742.4 -8341.3 29.9
3741.7 -8347.3 30.0
3715.9 -8392.9 30.6
-3681.4 -3154.6 28.7
-3674.2 -3159.6 28.7
-3652.1 -3178.9 28.7
-3644.4 -3185.4 28.7
-3628.9 -3197.7 28.7
-3621.7 -3203.9 28.6
-3638.7 -3322.1 28.7
-3614.1 -3300.4 28.9
-3599.2 -3287.7 29.0
-3602.7 -3283.2 28.9
-4039.1 -3879.0 22.5
-3876.0 -3798.8 26.9
-3124.6 6365.8 20.5
-1775.5 45.2 30.5
1256.4 2742.3 21.2
4293.9 4776.9 23.8
4278.1 4852.8 24.9
4269.4 4783.5 23.7
4269.0 4844.3 24.9
4263.6 4839.9 24.8
4262.4 4763.9 23.6
4251.1 4796.0 23.9
4248.7 4827.4 24.7
4239.0 4787.4 23.8
-3667.3 -3166.7 28.7
-1814.2 20.1 31.1
4295.5 4797.7 23.9
4269.1 4752.8 23.6
-4285.0 3058.3 33.3
-4290.1 3068.7 33.3
-4295.1 3078.6 33.3
-4301.8 3092.6 33.2
-4324.8 3010.7 33.8
-6555.0 8023.1 20.7
-6549.4 8025.3 20.6
-6512.7 6128.7 36.6
-6548.5 8002.7 21.2
3752.6 -8347.8 29.9
3729.6 -8353.4 30.2
-3865.4 -3813.6 26.3
-6329.7 -2924.4 17.7
-3660.1 -3522.1 30.4
-6609.0 7431.4 22.9
-6695.1 7465.2 24.8
-5520.5 8637.5 24.9
1269.0 2720.7 21.0
1255.9 2758.4 21.5
-6326.2 -2919.0 17.6
-6491.5 6103.9 36.0
-6481.3 6078.5 36.0
-6477.5 6089.3 35.9
-6566.7 6132.5 38.4
-5531.1 8710.6 25.1
-2529.9 6849.3 20.9
-2634.0 6882.3 20.9
-6505.3 6125.8 36.3
-6501.6 6133.5 36.0
-6580.5 6144.6 38.5
-6609.7 7447.1 23.1
-3649.0 -3330.8 28.7
-3632.7 -3247.1 28.6
-6333.3 -2930.0 17.7
-6475.8 6254.4 33.0
-6514.6 6119.8 36.7
-6474.4 6098.6 35.8
-6543.3 6108.9 37.8
-6645.7 7472.7 25.1
-6636.3 7461.7 24.5
-5482.3 8627.2 24.9
-5645.2 8764.2 22.8
-3858.8 -3824.9 25.8
-2798.9 -4396.3 20.8
-1416.5 -7123.2 18.2
-1431.8 -7099.0 18.3
-1436.6 -7095.4 18.4
-1199.1 -7036.0 18.4
-1222.4 -6994.5 18.2
-1239.6 -7056.6 18.3
-6343.8 -2946.3 17.8
-4288.0 3065.0 33.3
-3637.3 -3191.2 28.7
1253.2 2713.7 20.6
-4283.3 3055.1 33.4
-4293.5 3075.5 33.3
4284.3 4763.8 23.8
4234.6 4780.7 23.7
4303.4 4809.5 24.0
4286.8 4789.7 23.8
-3271.8 5964.1 19.8
3769.9 -8356.6 29.8
3753.1 -8342.5 29.9
3697.8 -8380.9 30.8
3717.4 -8387.4 30.9
3733.4 -8316.5 29.4
3696.3 -8340.7 30.2
3664.3 -8387.9 30.1
4276.6 4744.0 23.7
-3608.8 -3296.7 28.9
-3633.6 -3317.2 28.8
-3643.6 -3326.1 28.7
-3626.0 -3255.7 28.7
-3605.9 -3216.7 28.6
-3688.3 -3148.6 28.7
-4297.0 3082.3 33.3
-4298.4 3085.4 33.3
-4300.3 3089.0 33.2
-4312.3 2989.4 33.9
4281.3 4730.9 23.7
3760.9 -8347.7 29.8
1259.5 2753.8 21.5
-5504.9 8771.0 25.0
-6555.4 8014.9 20.9
-6340.3 -2940.9 17.7
3731.1 -8357.2 30.3
4288.3 4845.3 24.6
1264.0 2748.1 21.5
1276.3 2727.2 21.2
-5343.8 7677.0 22.3
-5340.8 7681.4 22.4
-5338.5 7670.1 22.2
-5338.1 7677.4 22.3
-4320.1 3003.6 33.9
1264.7 2739.6 21.3
-5541.3 8801.2 24.0
-2544.0 6860.3 20.9
-6552.3 8005.5 21.1
-6603.4 7457.9 23.1
-6537.1 8018.9 20.8
-5492.1 8593.3 24.4
-4291.6 3071.6 33.3
-4286.3 3061.6 33.3
-4316.5 2996.9 33.9
-1395.9 -7063.8 17.9
-6481.2 6229.5 33.5
-6793.7 -3434.2 18.1
-6805.1 -3435.7 17.6
-6336.7 -2935.3 17.7
-5558.8 8686.6 24.3
-5534.1 8824.6 23.7
-5514.2 8784.5 24.7
-5516.4 8580.6 24.1
-6481.0 6108.7 35.8
-6486.6 6090.5 36.0
-6499.5 6105.2 36.2
-3619.0 -3305.5 28.9
-3619.9 -3263.6 28.7
-3659.1 -3173.1 28.7
-1802.7 29.8 31.0
-6833.0 -3417.9 17.5
-6551.3 6116.1 38.0
-6591.8 6153.9 38.4
-6519.3 6140.1 36.8
-6523.8 6130.4 37.0
-6495.0 6124.0 35.8
-6479.0 6119.0 35.6
-6485.1 6100.6 35.9
-6484.7 6244.5 33.2
-3874.3 -3844.1 25.4
-6832.0 -3407.7 17.5
4295.4 4831.0 24.2
-1812.8 -18.7 30.7
-6541.5 8013.6 20.9
-6545.5 8008.9 21.0
-5575.9 8718.8 24.6
-5605.9 8764.9 23.5
-5544.2 8674.2 24.6
-5499.8 8747.8 25.6
-5524.7 8775.4 24.6
-5532.5 8787.7 24.3
-5523.0 8834.0 23.8
-5528.9 8828.9 23.8
-5544.8 8815.3 23.7
-5560.1 8756.8 24.5
-5490.1 8696.1 25.2
-5484.9 8581.2 24.0
-5495.1 8566.5 23.8
-5528.1 8591.8 24.5
-5546.1 8611.3 24.8
-5483.5 8614.9 24.9
-5485.9 8606.5 24.7
-5496.1 8620.3 24.9
-5506.2 8621.3 24.9
-5479.5 8639.8 24.9
-5483.9 8660.7 24.9
-6620.4 7444.5 23.5
-6580.6 7494.9 23.1
-2555.0 6866.6 20.9
-5079.5 7457.8 20.7
-5077.6 7442.9 20.8
-5075.7 7428.0 20.9
-5073.8 7413.2 21.0
-5071.9 7398.3 21.1
-5067.5 7386.5 21.2
-5052.6 7387.7 21.1
-5051.0 7399.6 21.0
-5053.0 7414.5 20.9
-5055.0 7429.4 20.7
-5057.0 7444.2 20.6
-5059.2 7460.6 20.5
-6741.2 7394.7 23.1
-6733.8 7381.7 23.0
-6726.4 7368.6 22.9
-6719.0 7355.6 22.8
-6711.6 7342.5 22.8
-6704.2 7329.5 22.9
-6696.4 7319.2 22.9
-6686.2 7330.1 22.8
-6675.9 7341.0 22.7
-6665.6 7351.9 22.6
-6655.3 7362.9 22.7
-6645.0 7373.8 22.8
-6634.4 7369.1 22.7
-6623.7 7358.6 22.5
-6613.0 7364.8 22.5
-6602.2 7375.3 22.6
-6591.5 7385.7 22.7
-6580.7 7396.2 22.6
-6570.0 7406.6 22.5
-6563.6 7417.3 22.4
-6573.4 7428.7 22.3
-6583.1 7440.0 22.5
-6595.3 7464.6 23.0
-6630.7 7452.4 24.1
-6619.5 7462.4 23.8
-6608.3 7472.5 23.6
-6589.3 7489.6 23.2
4271.7 4715.2 23.6
4262.7 4727.2 23.5
4253.6 4739.2 23.5
4235.7 4762.9 23.5
-215.0 -8690.2 17.1
-209.7 -8704.3 17.1
-204.3 -8718.3 17.0
-196.2 -8739.7 17.0
4237.0 4768.0 23.5
4246.2 4756.2 23.5
4255.4 4744.4 23.5
4264.6 4732.5 23.6
4276.7 4717.1 23.6
3569.7 -3519.7 22.5
3581.8 -3510.8 22.5
3593.9 -3502.0 22.6
3606.1 -3493.1 22.6
3618.2 -3484.2 22.6
3630.3 -3475.4 22.6
3642.4 -3466.5 22.4
3654.4 -3457.6 22.0
3666.5 -3448.7 21.6
3678.6 -3439.8 21.2
3701.4 -3423.1 20.5
3563.5 -3545.1 22.4
3575.7 -3536.4 22.4
3587.9 -3527.7 22.4
3600.1 -3519.0 22.4
3612.3 -3510.3 22.4
3624.5 -3501.6 22.4
3636.7 -3492.9 22.4
3649.0 -3484.2 22.4
3661.2 -3475.5 22.0
3673.4 -3466.8 21.6
3685.6 -3458.0 21.2
3709.5 -3441.0 20.4
-229.0 -8747.3 17.1
-234.6 -8735.6 17.1
-242.3 -8719.5 17.2
-249.2 -8708.0 17.4
-6867.9 -3459.2 17.5
-6859.9 -3446.5 17.5
-6851.9 -3433.8 17.5
-6843.5 -3420.6 17.5
-6818.6 -3436.8 17.4
-6802.9 -3446.6 17.8
-6827.7 -3486.4 17.5
-6840.2 -3478.1 17.5
-6852.7 -3469.8 17.5
-6868.0 -3459.7 17.5
-6842.9 -3419.8 17.5
-6829.3 -3428.2 17.5
-6801.4 -3447.5 17.9
-6809.6 -3460.1 17.7
-6817.8 -3472.6 17.5
-6827.1 -3486.8 17.5
3483.9 -3898.9 23.5
3509.4 -3839.3 22.7
3520.8 -3807.9 22.3
3527.0 -3805.8 22.2
3536.4 -3812.1 22.2
3546.7 -3827.2 22.3
3553.5 -3843.6 22.4
3555.2 -3861.1 22.6
3553.4 -3875.8 22.7
3545.3 -3894.5 23.0
3535.3 -3905.0 23.1
3526.5 -3911.5 23.3
3519.1 -3915.7 23.4
3517.8 -3914.7 23.4
3520.8 -3901.4 23.2
-2449.4 2278.1 36.2
-2444.2 2264.0 36.2
-2439.1 2250.0 36.3
-2433.9 2235.9 36.4
-2428.7 2221.8 36.5
-2423.5 2207.7 36.6
-2418.4 2193.7 36.8
-2413.2 2179.6 36.7
-2408.0 2165.5 36.7
-2402.8 2151.4 36.6
-2397.7 2137.3 36.5
-2392.5 2123.3 36.5
-2387.3 2109.2 36.4
-2382.1 2095.1 36.4
-2376.9 2081.0 36.4
-2371.8 2067.0 36.4
-2362.3 2041.1 36.4
-4212.8 8495.7 23.3
-4203.9 8483.6 23.1
-4187.1 8460.9 22.7
-1212.5 3706.6 26.8
-1204.4 3693.9 26.8
-1196.3 3681.3 26.8
-1188.3 3668.6 26.8
-1180.2 3656.0 26.8
-1170.2 3652.8 26.7
-1157.9 3661.3 26.5
-1145.6 3669.8 26.3
-1133.2 3678.4 26.0
-1120.9 3686.9 25.8
-1108.6 3695.5 25.6
-1096.3 3704.0 25.4
-1071.7 3721.0 25.2
-1505.6 3849.5 29.3
-1497.0 3837.2 29.3
-1488.4 3825.0 29.3
-1479.7 3812.7 29.3
-1471.1 3800.4 29.3
-1462.5 3788.1 29.3
-1453.9 3775.9 29.3
-1445.2 3763.6 29.3
-1436.6 3751.3 29.3
-1428.0 3739.1 29.2
-1419.4 3726.8 29.2
-1410.7 3714.5 29.2
-1396.8 3694.6 29.2
-3239.2 5922.9 19.7
-3229.5 5911.4 19.6
-3219.8 5900.0 19.7
-3210.1 5888.5 20.0
-3200.5 5877.1 20.2
-3190.8 5865.6 20.3
-3181.1 5854.2 20.3
-3171.4 5842.7 20.3
-3161.7 5831.2 20.3
-3151.3 5818.9 20.3
3480.8 -3914.5 23.6
3488.2 -3918.2 23.6
3494.2 -3917.5 23.6
3500.0 -3914.5 23.5
3505.4 -3897.2 23.3
-4178.8 8466.4 22.7
-4187.0 8479.0 22.9
-4201.1 8500.6 23.2
2882.9 4122.3 20.4
2928.7 4137.1 20.1
2899.7 4139.9 20.1
2848.1 4146.2 20.0
2837.1 4140.1 20.2
2823.1 4137.9 20.2
2946.0 4158.1 19.9
2854.5 4158.2 19.8
2818.4 4151.9 20.0
2939.5 4172.0 19.6
2900.2 4172.7 19.5
2864.2 4171.7 19.5
2945.1 4189.9 19.4
2939.0 4203.8 19.2
2922.5 4220.5 19.1
2881.4 4228.0 18.9
2944.2 4245.8 19.3
2856.0 4241.9 19.3
2895.9 4265.1 19.2
-4675.1 8376.7 26.8
-4702.7 8383.4 27.0
-4689.2 8390.0 27.0
-4731.6 8394.7 27.3
-4769.8 8435.4 27.9
-4792.6 8441.8 28.1
-1049.5 -689.7 32.3
-1097.0 -684.2 32.8
-1124.4 -689.6 32.7
-1138.2 -688.2 32.7
-1157.2 -675.1 32.5
-1174.1 -667.8 32.4
-1038.5 -660.3 32.5
-1220.5 -628.1 31.8
-1221.9 -596.3 31.4
-1248.8 -600.0 31.4
-1262.5 -579.3 31.1
-1203.7 -554.3 31.2
-1222.6 -551.1 31.2
-1231.4 -554.1 31.2
-1258.3 -555.8 31.1
-1213.7 -532.5 31.2
-1230.9 -474.9 30.9
-1247.7 -462.6 30.8
-1117.4 -1493.2 36.0
-1064.0 -1469.5 36.0
-1084.5 -1476.5 36.2
-1087.2 -1457.9 36.0
2560.1 5184.6 21.6
2543.5 5181.6 21.2
2548.0 5193.7 21.9
2571.2 5212.4 23.3
2559.4 5228.5 23.9
-703.9 5217.4 21.0
-693.2 5232.9 21.0
-724.3 5234.8 21.0
-742.2 5232.1 21.0
-726.8 5244.6 20.9
-4776.8 2820.8 35.4
-2309.7 861.0 41.9
-2324.2 880.4 42.6
-2312.5 886.6 42.3
-6800.1 7380.2 23.0
-6817.2 7384.5 23.1
-6846.8 7383.2 23.1
-7022.8 7388.4 23.8
-7129.1 7382.5 24.3
-6917.1 7403.2 22.7
-6989.5 7403.7 23.1
-7102.4 7400.0 24.2
-7124.4 7394.5 24.2
-6930.6 7409.6 22.6
-6652.0 7698.7 23.9
-6700.2 7701.5 23.7
-2978.5 6119.1 23.1
-2945.4 6135.6 23.1
-2961.8 6133.9 23.1
-3013.1 6132.7 22.8
-3020.8 6138.0 22.7
-3070.2 6138.1 22.3
-2937.7 6147.1 23.0
-3071.0 6152.9 22.3
-2951.5 6161.3 22.9
-2995.5 6159.1 23.4
-3059.9 6167.7 22.4
-3071.7 6159.2 22.3
-2952.6 6176.6 22.8
-2977.9 6174.8 22.9
-2995.3 6178.3 23.3
-3011.6 6178.5 23.4
-3025.9 6179.4 23.3
-2962.3 6196.1 22.7
-2999.0 6196.1 23.1
-2964.8 6203.7 22.7
-2995.1 6210.3 22.7
-3027.8 6253.7 23.0
-3068.8 6248.7 23.6
-3044.8 6270.1 23.4
4862.2 -408.8 26.3
4875.0 -394.6 25.6
3666.3 1871.8 19.3
3652.9 1872.8 19.3
3627.7 1872.6 19.3
3695.2 1886.9 19.5
3654.9 1890.4 19.5
3682.8 1903.4 19.6
3619.2 1918.8 19.7
3682.9 1951.8 19.9
3625.4 1951.2 19.9
3499.7 1947.0 19.8
3607.7 1969.3 19.9
3490.2 1968.4 19.9
3667.0 1982.9 19.9
3625.3 1980.4 19.9
3608.7 1980.2 19.9
3561.0 1982.4 19.9
3521.1 1978.4 19.9
3501.3 1985.4 19.9
3489.1 1982.5 19.9
3679.8 1991.4 19.9
3650.8 1992.7 19.9
3583.5 1993.0 19.9
3566.7 1992.9 19.9
3680.7 2009.8 19.9
3665.7 2006.0 19.9
3651.5 2007.5 19.9
3643.7 2008.5 19.9
3594.5 2009.0 19.9
3549.0 2007.0 19.9
3516.7 2008.9 19.9
3490.7 2005.7 19.8
3634.7 2025.4 19.9
3686.8 2039.3 19.9
3669.5 2040.4 19.9
3652.0 2039.3 19.9
3636.0 2043.2 19.9
3622.2 2043.2 19.9
3593.8 2040.9 19.8
3560.7 2036.7 19.8
3548.7 2037.6 19.8
3517.2 2040.0 19.8
3500.0 2040.5 19.8
3598.4 2056.0 19.8
3579.3 2060.5 19.8
3505.3 2060.2 19.8
3484.9 2055.1 19.8
3696.5 2074.0 19.8
3681.8 2070.2 19.8
3583.7 2073.3 19.8
3536.6 2074.5 19.8
3732.6 2088.4 19.8
3709.9 2083.0 19.8
3671.7 2088.8 19.8
3653.8 2090.5 19.8
3577.2 2082.4 19.8
3684.4 2097.1 19.8
3505.3 2096.1 19.7
3757.3 2116.5 19.8
3709.9 2113.6 19.8
3666.5 2118.1 19.8
3652.0 2117.6 19.8
3516.0 2115.3 19.8
3505.8 2118.2 19.8
3763.9 2133.0 19.8
3717.1 2128.6 19.8
3636.4 2129.0 19.8
3609.4 2133.0 19.7
3597.6 2129.1 19.7
3544.5 2135.5 19.8
3515.9 2126.4 19.8
3667.4 2149.7 19.7
3596.2 2146.0 19.8
3529.9 2142.4 19.8
3754.4 2156.4 19.8
3679.1 2156.4 19.7
3575.6 2156.4 19.8
3530.1 2165.3 19.8
3515.0 2157.9 19.8
3679.7 2178.8 19.7
3623.6 2177.4 19.8
3592.1 2178.5 19.8
3568.1 2174.1 19.8
3472.7 2173.9 19.8
3686.6 2188.6 19.8
3625.1 2187.2 19.8
3576.4 2190.1 19.8
3559.6 2204.2 19.8
3547.9 2205.6 19.8
3619.4 2221.9 19.8
3611.2 2218.9 19.8
3589.7 2219.3 19.8
3561.4 2217.4 19.8
3654.9 2239.3 19.8
3620.9 2237.6 19.8
3596.6 2231.7 19.8
3641.1 2250.4 19.8
3620.7 2246.5 19.8
3610.6 2249.1 19.8
3595.6 2250.8 19.9
3568.4 2250.1 19.9
3608.3 2268.6 19.9
3595.4 2266.0 19.9
6701.2 -584.2 24.2
6731.8 -576.6 24.7
6685.0 -572.5 24.8
6639.6 -576.0 24.5
6763.9 -560.1 25.1
6743.7 -552.8 26.0
6711.9 -561.7 25.4
6650.9 -560.0 25.4
6623.9 -554.6 25.6
6801.5 -542.6 23.7
6775.4 -540.9 24.8
6656.5 -537.5 26.6
6640.9 -543.5 26.2
6505.8 -542.2 24.8
6487.4 -545.8 24.4
6463.3 -540.7 24.3
6806.0 -529.0 23.6
6719.6 -527.0 27.3
6650.5 -529.3 27.0
6592.6 -527.0 26.6
6472.4 -528.9 24.8
6778.7 -513.3 25.0
6764.9 -508.1 25.7
6734.3 -515.3 26.9
6669.6 -510.1 28.0
6626.1 -509.4 27.8
6561.6 -511.1 26.8
6503.1 -513.0 25.9
6983.8 -493.5 21.7
6836.7 -498.2 23.5
6819.7 -493.9 23.6
6805.9 -499.5 24.0
6795.3 -501.4 24.4
6734.7 -500.1 27.1
6717.1 -492.0 27.9
6698.4 -492.8 28.7
6594.9 -497.7 27.9
6578.8 -496.3 27.7
7094.3 -482.0 19.5
7071.5 -482.0 18.9
6928.9 -481.1 24.2
6862.9 -482.6 23.8
6786.1 -479.9 25.1
6714.7 -486.4 28.1
6666.0 -485.3 29.3
6643.3 -485.1 29.0
6549.5 -485.3 27.6
6524.6 -478.7 27.5
6471.3 -481.6 26.6
6442.6 -480.9 26.2
7079.4 -470.7 19.3
7056.8 -463.9 18.8
7047.8 -463.0 18.6
6900.0 -464.8 24.1
6817.0 -468.6 23.9
6800.7 -464.9 24.6
6762.2 -464.0 26.3
6749.6 -465.7 26.8
6715.6 -467.7 28.3
6653.4 -471.1 29.7
6624.8 -466.5 29.5
6599.9 -469.7 29.0
6478.0 -464.9 27.3
7102.1 -454.2 20.3
7048.3 -449.0 18.9
6953.6 -447.1 24.5
6894.4 -454.5 24.2
6878.4 -449.6 24.1
6850.9 -448.2 24.0
6742.1 -447.1 27.4
6583.6 -450.2 29.4
6521.4 -448.6 28.6
7107.0 -433.6 20.9
7089.1 -434.9 20.3
7062.5 -438.2 19.4
6969.9 -434.5 23.2
6951.5 -432.3 24.7
6891.6 -437.5 24.3
6665.5 -440.2 30.1
6635.6 -432.8 30.3
6614.6 -439.9 30.2
6584.9 -438.6 29.9
6538.9 -436.0 29.3
6524.2 -434.0 29.1
7110.3 -421.4 21.2
7071.7 -424.5 19.9
6970.3 -422.2 23.3
6893.0 -421.8 24.4
6870.3 -418.6 24.3
6840.2 -424.6 24.1
6791.7 -418.8 25.6
6759.5 -420.5 26.9
6719.3 -426.3 28.6
6653.6 -424.7 30.1
6561.5 -422.6 30.1
6504.4 -421.8 29.3
6485.7 -418.4 29.1
7019.7 -404.0 19.4
6999.0 -402.7 21.1
6975.0 -409.1 23.0
6951.9 -403.0 24.9
6885.4 -402.8 24.5
6822.8 -402.2 24.4
6807.0 -408.0 25.0
6745.7 -404.9 27.7
6719.1 -410.1 28.8
6697.0 -401.9 29.9
6669.8 -406.9 30.0
6621.8 -405.6 30.4
6606.5 -404.5 30.5
6569.8 -407.3 30.7
6518.0 -406.5 30.0
6500.9 -409.5 29.6
6488.6 -406.6 29.6
6443.8 -406.9 28.9
7104.3 -387.8 21.7
7075.8 -391.7 20.7
7032.1 -393.5 19.6
6956.0 -396.0 24.6
6885.3 -389.3 24.6
6815.8 -388.8 24.9
6788.9 -391.1 26.0
6742.0 -388.6 28.1
6713.3 -390.8 29.3
6596.7 -391.3 30.5
6562.2 -391.8 30.7
6552.9 -392.7 30.8
6502.2 -394.6 30.2
6459.1 -396.3 29.5
7088.1 -381.7 21.2
7026.4 -373.9 19.8
6983.9 -380.7 22.5
6939.4 -377.6 25.0
6849.4 -380.4 24.5
6832.0 -376.6 24.6
6793.3 -376.2 26.0
6756.2 -374.9 27.6
6733.7 -372.0 28.6
6684.8 -374.1 30.0
6653.7 -374.6 30.2
6636.7 -376.4 30.3
6518.6 -371.9 31.0
6475.0 -379.7 30.3
7028.5 -359.8 20.1
6965.8 -359.9 24.1
6936.8 -364.7 25.1
6928.2 -362.3 25.0
6894.6 -363.1 24.9
6878.2 -364.8 24.7
6830.8 -366.0 24.7
6825.0 -365.6 24.7
6760.8 -366.7 27.5
6741.2 -366.4 28.4
6712.0 -360.5 29.7
6689.7 -361.2 29.9
6665.9 -361.5 30.1
6640.0 -365.2 30.3
6597.1 -360.1 30.5
6565.7 -360.6 30.7
6539.3 -360.3 30.9
6480.1 -364.3 31.3
6457.5 -362.9 30.9
7105.4 -346.6 22.5
7000.1 -344.0 21.5
6907.2 -349.7 25.0
6896.1 -344.3 25.0
6878.6 -351.0 24.9
6854.7 -351.4 24.7
6791.4 -342.6 26.5
6683.0 -351.1 30.0
6655.4 -348.2 30.2
6577.2 -347.9 30.7
6517.0 -343.8 31.0
6456.8 -342.1 30.9
6426.7 -351.6 29.7
7018.3 -329.5 20.5
7004.0 -328.2 21.3
6880.0 -326.8 25.0
6773.7 -333.2 27.3
6579.0 -329.6 30.7
6479.4 -331.9 30.8
7103.2 -315.5 23.0
7089.1 -313.3 22.5
7072.8 -316.0 22.0
7013.9 -316.4 20.7
6966.9 -315.9 24.4
6863.6 -311.9 25.1
6853.9 -320.3 25.0
6803.1 -320.3 26.2
6787.8 -321.3 26.9
6696.3 -317.9 29.9
6684.0 -321.4 30.0
6657.7 -315.4 30.2
6582.9 -321.0 30.6
6566.4 -319.5 30.7
6547.5 -318.3 30.9
6531.6 -321.7 30.9
6928.8 -305.3 25.5
6911.4 -301.6 25.4
6891.7 -300.4 25.3
6876.0 -298.5 25.2
6745.3 -300.5 29.0
6704.8 -300.8 29.9
6622.2 -299.9 30.4
6576.7 -300.8 30.7
6548.9 -305.8 30.9
6540.4 -301.4 30.8
6521.1 -300.0 30.7
6491.2 -299.8 30.7
6472.8 -301.9 30.6
6442.1 -297.7 30.6
7015.2 -291.7 21.2
6959.4 -287.7 25.2
6853.4 -287.8 25.3
6757.7 -286.0 28.6
6718.2 -290.6 29.8
6704.5 -282.3 29.9
6669.3 -283.7 30.1
6595.7 -283.5 30.6
6506.4 -282.4 30.6
6457.7 -291.2 30.5
7073.5 -271.6 22.9
7002.7 -275.9 21.7
6910.0 -267.6 25.6
6894.6 -271.2 25.5
6860.8 -274.5 25.4
6671.0 -274.2 30.1
6591.5 -269.9 30.6
6582.9 -271.9 30.6
6548.4 -274.5 30.7
6536.9 -272.6 30.6
6507.6 -274.1 30.5
6474.9 -273.3 30.4
7078.0 -259.4 23.3
7031.9 -253.4 22.3
7019.7 -260.6 21.9
7005.4 -256.8 21.7
6982.0 -252.2 23.6
6939.7 -252.9 25.9
6896.5 -256.6 25.6
6880.2 -260.5 25.5
6852.0 -261.4 25.6
6835.9 -254.0 25.7
6702.8 -259.9 29.9
6673.6 -258.3 30.1
6626.4 -258.1 30.4
6577.3 -254.9 30.6
6564.9 -253.7 30.6
6547.5 -259.8 30.6
6540.4 -257.0 30.5
6490.1 -255.4 30.4
6434.5 -261.3 30.2
7073.0 -245.8 23.4
7016.3 -243.3 22.2
6912.2 -243.9 25.8
6884.7 -242.3 25.7
6834.0 -238.1 25.9
6819.3 -242.5 26.4
6792.0 -246.0 27.6
6746.5 -240.7 29.6
6726.1 -238.9 29.7
6716.0 -241.5 29.8
6688.1 -245.5 30.0
6658.3 -239.3 30.2
6614.9 -242.0 30.5
6590.5 -241.5 30.6
6538.2 -242.9 30.4
6524.2 -242.3 30.4
6445.8 -238.1 29.9
6430.0 -237.4 29.6
7033.2 -226.9 22.9
6927.6 -230.4 26.0
6862.8 -228.8 25.8
6847.5 -225.8 25.9
6808.0 -227.4 27.1
6787.2 -225.3 28.0
6713.5 -225.6 29.8
6552.2 -226.8 30.4
6515.7 -231.5 30.3
7032.8 -215.3 23.1
6971.6 -214.2 24.7
6941.6 -209.6 26.2
6920.5 -214.3 26.1
6893.8 -215.8 25.9
6853.9 -207.4 26.0
6835.0 -209.3 26.2
6731.1 -214.4 29.7
6701.5 -210.9 29.9
6668.5 -210.9 30.1
6625.5 -214.3 30.4
6584.9 -209.2 30.3
6435.2 -209.4 29.1
6996.8 -195.8 22.8
6940.9 -196.3 26.3
6923.1 -196.7 26.2
6911.8 -195.6 26.2
6853.6 -193.6 26.2
6822.6 -200.2 26.8
6735.1 -200.0 29.7
6561.2 -201.6 30.2
6535.8 -193.4 30.1
6487.2 -192.8 29.6
6474.3 -201.2 29.5
6449.7 -193.4 29.0
7014.9 -181.2 23.3
6999.7 -179.1 23.0
6974.4 -182.5 24.7
6955.4 -181.3 26.3
6895.0 -177.7 26.2
6881.3 -178.3 26.2
6853.0 -183.5 26.3
6790.9 -183.1 28.4
6780.1 -186.7 28.8
6710.6 -186.7 29.9
6667.2 -177.3 30.1
6654.7 -181.6 30.2
6567.9 -184.3 30.1
6847.9 -162.0 26.5
6792.1 -170.3 28.5
6762.8 -166.3 29.5
6703.5 -166.9 29.9
6643.0 -166.5 30.2
6477.0 -170.1 29.0
6459.2 -163.7 28.6
7000.0 -154.6 23.5
6984.2 -151.3 24.2
6968.8 -149.8 25.4
6942.9 -151.5 26.7
6848.9 -156.1 26.5
6824.4 -153.1 27.3
6785.7 -152.9 29.0
6760.6 -147.7 29.5
6698.3 -151.1 29.9
6670.6 -153.7 30.1
6653.6 -156.6 30.2
6612.7 -147.0 30.0
6546.0 -146.8 29.5
6537.0 -154.5 29.6
6488.7 -151.5 28.8
6476.3 -149.9 28.5
6986.2 -132.7 24.1
6968.9 -134.0 25.5
6892.1 -139.9 26.5
6837.4 -132.1 27.0
6819.1 -133.5 27.8
6808.6 -140.2 28.1
6759.4 -135.6 29.6
6667.0 -140.4 30.1
6531.0 -132.5 29.0
6444.3 -137.4 27.8
7034.4 -126.4 24.9
7003.0 -118.0 24.3
6971.6 -126.4 25.4
6958.6 -117.1 26.5
6927.6 -119.0 26.8
6876.4 -119.9 26.7
6776.5 -121.3 29.4
6711.6 -117.8 29.9
6653.1 -125.1 30.0
6629.6 -120.4 29.9
6605.7 -119.5 29.8
6508.8 -118.1 28.4
6477.4 -126.2 28.1
6462.6 -117.1 27.7
6435.4 -117.1 27.2
6984.2 -109.0 24.5
6973.6 -109.7 25.3
6822.6 -110.1 27.9
6746.9 -104.3 29.6
6711.5 -108.5 29.9
6697.0 -104.2 30.0
6641.3 -108.5 29.8
6569.6 -106.5 29.1
6547.6 -105.7 28.7
6532.0 -107.5 28.5
6475.5 -105.6 27.6
6457.4 -106.8 27.4
6447.5 -109.4 27.3
7014.0 -94.6 25.0
6927.1 -95.6 27.0
6883.5 -88.4 27.0
6865.7 -87.5 27.1
6775.8 -87.8 29.5
6764.9 -87.5 29.5
6644.8 -88.8 29.7
6611.7 -93.4 29.5
6516.9 -93.7 28.0
6509.6 -94.0 27.9
6487.2 -93.0 27.6
7017.2 -78.6 25.4
6995.6 -80.8 24.9
6975.1 -79.7 25.4
6942.3 -80.6 27.2
6912.1 -73.0 27.1
6892.8 -80.7 27.0
6877.9 -81.5 27.1
6792.7 -75.0 29.4
6749.4 -76.2 29.6
6684.7 -73.7 29.7
6644.9 -76.3 29.6
6611.6 -81.2 29.2
6564.2 -72.8 28.3
6479.7 -73.7 27.0
6459.8 -74.1 26.8
6434.5 -74.8 26.4
7061.8 -64.2 26.1
7026.8 -63.4 25.9
6942.0 -63.9 27.3
6879.9 -65.7 27.2
6687.0 -61.1 29.7
6622.1 -59.6 28.9
6459.0 -63.5 26.5
6982.5 -48.8 25.2
6953.3 -42.4 27.5
6939.6 -41.8 27.5
6899.8 -43.2 27.3
6885.4 -42.1 27.4
6852.6 -50.7 27.5
6776.1 -47.7 29.5
6701.3 -48.1 29.6
6675.3 -50.5 29.6
6620.7 -45.2 28.6
6576.5 -43.1 27.9
6550.9 -45.5 27.6
6523.2 -47.9 27.2
6462.8 -44.6 26.3
6450.1 -46.0 26.3
7047.7 -29.2 26.5
6870.3 -31.4 27.6
6837.1 -31.0 28.2
6808.8 -33.8 29.3
6744.2 -34.1 29.7
6670.6 -36.5 29.2
6624.3 -34.2 28.5
6576.4 -30.7 27.7
6566.8 -30.2 27.5
6538.6 -34.4 27.2
6489.5 -27.1 26.6
6472.9 -28.4 26.6
7048.1 -12.5 26.7
6942.3 -17.9 27.7
6910.1 -20.8 27.5
6878.9 -15.6 27.7
6834.6 -19.2 28.4
6758.7 -16.6 29.6
6750.3 -18.6 29.6
6645.1 -19.2 28.5
6579.5 -19.6 27.5
6549.4 -20.9 27.0
6517.4 -15.3 26.8
7012.3 -4.2 26.8
6971.5 -4.7 26.3
6810.3 1.0 29.3
6655.7 1.0 28.2
6629.8 1.4 27.8
6565.1 -5.5 27.0
6552.4 -3.4 27.0
6521.8 -0.3 27.1
6502.0 -3.3 27.0
6493.4 -3.9 27.0
6462.5 -0.1 27.1
7046.6 10.6 26.9
7030.5 14.7 27.0
7010.8 16.4 27.1
6958.3 12.3 27.5
6910.1 17.0 27.8
6899.7 10.6 27.8
6885.3 13.1 27.9
6868.0 14.4 28.0
6809.5 16.5 29.3
6772.3 8.9 29.5
6671.4 15.6 28.2
6600.0 10.4 27.2
6536.8 9.9 27.2
6461.7 14.6 27.4
6435.4 9.1 27.3
6959.6 29.4 27.5
6941.3 26.3 28.0
6894.3 33.0 28.1
6880.4 33.1 28.1
6775.5 32.4 29.3
6746.8 23.8 29.2
6689.4 27.8 28.2
6523.2 32.2 27.7
6429.6 24.0 27.6
6867.5 40.4 28.3
6831.4 47.8 29.2
6745.7 40.4 28.8
6686.1 40.7 27.9
6651.3 47.7 27.9
6645.0 42.4 27.8
6625.4 45.6 27.8
6584.5 45.2 27.9
6536.4 45.2 27.9
6473.8 38.4 27.8
7059.2 53.3 27.2
6984.3 60.2 27.4
6891.4 58.4 28.3
6772.7 58.9 28.9
6696.7 60.8 28.1
6682.8 60.8 28.1
6656.2 58.3 28.0
6580.1 58.0 28.1
6565.9 62.2 28.2
6508.6 62.1 28.2
6491.5 54.1 28.1
6463.8 54.0 28.1
7061.3 73.0 27.4
7048.6 68.5 27.4
7015.3 76.6 27.7
6953.8 73.1 28.3
6877.6 71.3 28.5
6822.6 69.7 29.2
6808.8 74.4 29.1
6742.5 77.3 28.3
6701.0 74.0 28.3
6650.7 74.9 28.3
6614.2 73.6 28.3
6576.0 75.9 28.4
6560.8 69.8 28.3
6487.9 77.9 28.5
6472.5 74.9 28.4
6462.1 77.5 28.5
6958.5 90.9 28.0
6920.9 90.0 28.5
6910.5 87.2 28.5
6821.6 87.5 29.0
6716.3 90.7 28.6
6668.2 92.2 28.6
6644.0 89.2 28.6
6612.1 88.5 28.6
6596.7 89.2 28.6
6487.1 85.2 28.6
6444.6 86.3 28.7
6990.2 104.7 28.2
6965.7 103.2 27.8
6866.7 106.4 28.9
6852.9 98.4 29.0
6717.5 98.7 28.7
6643.8 104.2 28.9
6597.7 106.2 28.9
6471.2 102.4 28.9
6965.8 118.5 28.1
6929.2 114.4 28.7
6847.8 117.5 29.0
6702.4 113.7 29.0
6549.7 116.0 28.8
6519.3 121.1 28.6
6925.5 129.1 28.8
6877.0 135.1 29.0
6831.9 132.5 28.9
6816.1 136.3 28.9
6651.5 135.7 28.2
6583.1 132.3 28.3
6534.5 135.9 28.1
6885.3 148.7 29.0
6861.7 153.2 28.8
6825.1 147.7 29.0
6778.8 152.1 28.8
6715.5 148.9 28.2
6778.8 164.9 28.9
6744.1 160.3 28.6
6727.0 159.0 28.4
3076.2 4522.6 20.0
3131.7 4545.4 20.6
3107.9 4543.7 20.3
3091.5 4537.8 20.1
3058.0 4542.6 19.6
3125.7 4571.9 20.6
3192.7 4590.4 21.3
3138.3 4589.3 20.8
3121.6 4585.0 20.5
3211.9 4605.9 21.4
3168.3 4615.5 21.1
3270.9 4643.6 21.8
3212.2 4642.4 21.4
3197.7 4642.2 21.3
3312.3 4657.4 22.1
3297.9 4659.0 22.0
3284.9 4661.6 21.9
3230.7 4660.1 21.5
5318.0 2968.2 23.7
5306.1 2983.5 23.5
6083.6 -5422.5 26.2
4411.5 3802.3 23.2
4380.1 3814.3 23.4
4406.2 3848.9 23.6
4379.5 3847.6 23.6
4349.8 3846.9 23.6
4408.5 3864.8 23.8
4365.8 3858.9 23.7
4315.3 3860.4 23.8
4420.7 3878.2 23.9
4404.4 3875.9 23.9
4392.4 3879.1 23.9
4343.8 3878.3 23.9
4330.6 3880.1 23.9
4405.8 3892.4 24.0
4379.8 3886.9 24.0
4366.4 3886.6 24.0
4353.3 3893.0 24.0
4335.5 3890.1 24.0
4403.9 3909.3 24.2
4360.7 3904.8 24.1
4352.7 3905.5 24.1
4304.5 3904.7 24.2
4439.2 3925.1 24.3
4419.7 3922.4 24.3
4410.0 3918.5 24.2
4392.3 3924.4 24.3
4332.2 3921.6 24.3
4320.8 3935.7 24.4
4304.2 3933.4 24.4
4423.9 3954.8 24.5
4346.2 3951.2 24.5
4330.0 3952.0 24.6
4411.9 3964.9 24.6
4403.9 3982.2 24.8
4396.8 3979.5 24.8
4333.1 3980.5 24.8
-5333.1 6067.3 25.5
-5363.8 6091.7 25.5
-5382.6 6097.4 25.6
-5303.6 6107.4 25.1
-5379.6 6109.4 25.6
-5416.3 6105.5 25.8
-5356.2 6121.5 25.4
-5364.2 6119.5 25.4
-5440.0 6121.7 25.9
-6559.3 7661.4 23.3
4229.2 650.6 18.1
4197.6 646.2 18.1
4227.6 664.1 18.1
4179.3 658.7 18.1
4224.4 672.9 18.1
4300.2 696.8 18.1
4255.4 695.7 18.1
4302.4 706.4 18.1
4272.4 710.3 18.1
4353.1 738.0 18.1
4321.6 738.8 18.1
4215.3 738.1 18.1
4375.5 755.5 18.1
4338.5 747.5 18.1
4238.9 751.0 18.1
4156.7 749.9 18.1
4381.5 765.8 18.1
4289.3 768.6 18.1
4269.8 763.6 18.1
4152.7 770.0 18.1
4315.7 785.2 18.1
4259.9 784.9 18.1
4213.8 782.7 18.1
4197.8 782.1 18.1
4171.5 783.9 18.1
4156.3 781.9 18.1
4382.8 794.9 18.1
4363.4 795.4 18.1
4153.6 795.3 18.1
4285.2 815.1 18.1
4228.2 814.6 18.1
4200.1 810.2 18.1
4180.4 816.9 18.1
4167.1 807.5 18.1
4150.0 816.9 18.1
4367.8 825.8 18.1
4344.2 826.7 18.1
4307.2 822.7 18.1
4286.2 825.5 18.1
4196.7 830.0 18.1
4392.9 846.5 18.1
4349.8 838.0 18.1
4305.6 843.8 18.1
4248.3 843.4 18.1
4216.6 841.3 18.1
4359.6 856.3 18.1
4330.4 855.5 18.1
4246.6 857.0 18.1
4225.4 856.9 18.1
4209.8 869.0 18.1
4149.5 876.4 18.1
4124.9 868.6 18.1
4196.9 883.8 18.1
4123.9 886.8 18.1
2986.9 5701.1 26.3
2997.4 5709.7 26.1
2981.2 5712.5 26.1
3013.2 5728.2 25.8
5159.7 1624.7 23.3
5205.9 1641.7 23.5
5167.4 1640.8 23.3
5215.2 1654.0 23.6
5174.8 1650.2 23.3
5142.8 1673.9 23.1
5129.0 1665.3 23.0
5204.9 1686.5 23.4
5190.2 1682.4 23.4
5154.2 1688.9 23.1
6439.8 -6846.4 27.9
6528.3 -6819.3 28.4
6503.7 -6813.9 28.3
6543.1 -6805.0 28.5
6514.7 -6796.6 28.3
6500.3 -6802.7 28.2
6515.4 -6787.6 28.3
6485.4 -6772.4 28.1
6530.1 -6755.4 28.4
6513.7 -6752.0 28.3
6518.3 -6742.0 28.3
4084.9 3609.7 23.7
4084.2 3631.7 23.7
4063.9 3638.3 23.8
4082.0 3649.3 23.6
4068.5 3652.7 23.7
4063.5 3680.6 23.7
4055.6 3676.9 23.7
4050.2 3696.8 23.7
4080.5 3709.8 23.4
4064.5 3716.3 23.5
4067.1 3731.0 23.6
4048.1 3745.3 23.7
4041.5 3743.8 23.6
4062.0 3761.6 23.9
4037.0 3761.2 23.9
4055.8 3773.6 24.0
4032.5 3766.9 23.9
4047.3 3788.3 24.1
-3322.5 8421.0 21.0
-3349.6 8423.2 20.7
-3383.4 8431.7 20.1
-3473.5 8437.1 20.7
-3561.5 8434.3 21.2
-3323.3 8444.2 20.4
-3354.6 8452.1 19.8
-3383.0 8452.8 19.8
-3393.2 8450.9 19.9
-3406.8 8452.7 20.0
-3534.4 8446.4 21.2
-3541.2 8449.1 21.2
-3570.8 8452.2 20.9
-3368.3 8460.7 19.6
-3428.1 8459.6 20.2
-3445.0 8462.4 20.3
-3530.4 8459.8 21.1
-3385.1 8481.3 19.7
-3441.5 8477.4 20.2
-3531.1 8475.8 21.0
-3547.1 8478.4 20.9
-3365.6 8497.2 19.4
-3398.4 8492.5 19.7
-3405.8 8493.9 19.8
-3428.4 8494.0 20.0
-3456.8 8490.7 20.3
-3480.3 8495.5 20.4
-3355.0 8505.3 19.3
-3408.1 8512.6 19.7
-3486.3 8513.6 20.4
-3586.6 8505.7 20.2
-5890.9 691.1 25.3
-5905.4 686.0 25.2
-5928.9 685.5 25.2
-5912.5 715.1 25.4
-5943.2 718.8 25.4
-5920.8 734.9 25.5
-5878.1 749.7 25.7
-5893.6 750.1 25.6
-5896.6 763.5 25.9
-5910.8 760.6 25.8
-5898.7 795.1 26.4
5565.9 -5274.0 23.8
5547.0 -5255.2 23.9
5636.7 -5241.3 23.8
5603.7 -5247.0 23.8
5564.5 -5241.7 23.9
5683.5 -5225.9 24.1
5671.0 -5231.2 24.0
5455.1 -5225.6 23.8
5662.8 -5209.2 24.0
5607.9 -5211.8 23.9
5579.4 -5212.7 24.0
5414.3 -5210.1 23.7
5736.4 -5200.1 24.5
5707.8 -5201.1 24.3
5485.9 -5197.9 24.0
5467.4 -5200.4 23.9
5714.6 -5185.2 24.4
5691.2 -5187.5 24.3
5684.8 -5185.9 24.2
5631.5 -5184.8 24.1
5624.6 -5185.4 24.1
5601.1 -5185.1 24.0
5548.4 -5185.2 24.1
5500.1 -5178.6 24.1
5481.5 -5181.1 24.1
5711.5 -5169.0 24.5
5699.5 -5168.7 24.4
5635.3 -5171.2 24.1
5623.1 -5171.2 24.1
5589.1 -5164.8 24.1
5483.5 -5171.6 24.1
5736.6 -5155.3 24.7
5708.0 -5157.9 24.5
5685.1 -5149.5 24.4
5647.8 -5149.1 24.3
5491.0 -5153.8 24.2
5721.4 -5140.8 24.6
5655.5 -5142.2 24.3
5559.7 -5136.1 24.2
5727.7 -5126.6 24.7
5696.0 -5124.5 24.5
5664.6 -5122.0 24.5
5637.1 -5118.8 24.4
5694.0 -5111.8 24.6
5666.7 -5106.0 24.5
-5846.8 610.0 25.2
-5825.6 623.1 25.0
-5815.8 645.2 25.0
-5827.1 668.8 25.2
1717.5 3233.8 21.4
1693.9 3233.9 22.4
1633.4 3235.9 23.0
1705.5 3258.5 21.9
1679.2 3253.0 22.2
1700.9 3269.6 21.6
1680.4 3264.5 21.9
-4767.5 2780.8 35.7
-4810.5 -1372.7 26.9
-4834.6 -1370.3 27.1
-4739.3 -1349.9 25.7
-4758.2 -1353.8 26.1
-4713.9 -1344.4 25.1
-4723.1 -1339.5 25.3
-4737.6 -1337.8 25.6
-4759.4 -1334.7 26.1
-1745.5 7344.6 19.7
-1758.3 7342.7 19.5
-1866.6 7349.0 18.7
-1886.4 7346.8 18.3
-1697.4 7359.4 20.7
-1861.9 7363.2 18.8
-1667.8 7377.3 21.4
-1685.4 7379.6 21.2
-1703.4 7374.9 20.8
-1712.6 7379.4 20.7
-1837.0 7380.1 19.6
-1868.4 7379.5 19.2
-1878.2 7373.5 18.9
-1685.9 7394.4 21.3
-1731.8 7394.4 20.5
-1786.9 7390.3 19.5
-1824.3 7393.7 19.9
-1833.6 7394.3 19.9
-1675.7 7412.3 21.6
-1700.2 7405.9 21.1
-1728.8 7405.2 20.6
-1758.1 7410.8 20.1
-1779.8 7408.1 19.7
-1838.7 7403.9 20.1
-1657.7 7425.3 21.6
-1697.4 7426.2 21.3
-1718.6 7418.7 20.9
-1750.3 7422.6 20.3
-1792.8 7418.5 19.6
-1808.8 7423.1 19.5
-1822.7 7418.7 20.3
-1852.1 7424.5 20.6
-1713.3 7436.0 21.1
-1727.0 7437.0 20.9
-1780.9 7434.5 19.9
-1690.5 7453.1 20.8
-1794.9 7456.0 19.8
-1833.2 7453.1 21.0
-1713.1 7467.9 20.3
-1642.3 7500.9 21.4
-1615.3 7546.2 21.7
-1626.8 7544.1 21.5
-1106.2 7592.4 20.2
-1608.7 7604.5 21.6
-1630.2 7598.3 21.2
-1628.4 7616.8 21.2
-1148.1 7631.8 19.9
-1623.5 7627.5 21.5
-1599.7 7647.5 22.1
-1616.6 7650.9 21.9
-1194.4 7673.3 20.7
-1236.6 7677.0 21.3
-1584.1 7695.7 22.5
-1310.2 7749.0 23.6
-1330.6 7779.3 25.1
-1346.8 7781.5 26.4
-1550.4 7778.7 20.5
-1340.9 7793.8 25.9
-1358.6 7798.3 27.3
-1474.2 7798.4 21.8
-1508.0 7797.9 19.0
-1539.1 7800.0 19.9
-1547.3 7801.9 20.0
-1418.7 7811.0 26.6
-1449.7 7810.2 23.7
-1507.5 7809.0 18.9
-1524.3 7813.9 19.4
-1533.6 7815.2 19.5
-1330.0 7826.8 24.8
-1371.7 7831.0 25.4
-1413.8 7824.4 26.4
-1474.5 7826.3 20.6
-1494.9 7826.1 18.7
-1537.3 7824.8 19.4
-1337.8 7840.8 24.1
-1374.9 7844.3 23.8
-1415.0 7839.3 24.6
-1390.3 7857.2 22.3
-1420.4 7858.3 22.3
-1463.9 7858.1 20.2
-1523.2 7855.4 18.6
-1367.0 7871.5 21.7
-1390.3 7871.2 20.6
-1412.0 7870.0 20.9
-1522.3 7868.1 18.4
-5428.9 7959.8 22.8
-5399.2 7976.0 23.4
-5426.0 7975.6 23.1
-5351.3 7991.4 24.2
-5401.7 7988.5 23.6
-5310.9 8001.1 24.6
-5340.8 8005.1 24.3
-5359.8 8003.3 24.1
-5399.9 8008.4 23.7
-5345.9 8022.3 24.4
-5415.5 8018.4 23.6
-5429.4 8018.4 23.5
-5360.5 8034.5 24.3
-5369.6 8036.6 24.2
-5399.7 8036.7 23.9
-5405.4 8050.4 23.9
-5428.1 8044.0 23.6
2475.6 5552.2 29.8
2492.9 5565.2 29.7
2478.0 5571.8 29.5
2529.6 5593.8 29.2
2517.7 5594.7 29.2
-5352.7 7178.4 22.7
-5370.0 7176.0 22.9
-5356.2 7188.2 22.7
-5366.7 7188.6 22.8
-5350.5 7208.2 22.9
-5415.3 7201.9 23.2
-5327.5 7220.8 22.9
-5349.4 7233.6 23.2
-5351.4 7247.8 23.4
-5350.5 7269.9 23.6
840.3 2186.2 20.8
828.3 2201.9 20.9
813.7 2197.3 20.9
795.5 2198.0 21.0
-1281.5 7125.8 18.6
-1295.8 7126.7 18.6
-1396.1 7132.2 18.8
-1249.5 7144.6 18.8
-1281.2 7143.6 18.8
-1279.9 7160.0 18.9
-1279.8 7175.1 19.0
-1418.5 7172.6 19.3
-1426.4 7169.6 19.3
-1424.1 7189.8 19.5
-1461.0 7188.1 19.7
-1400.6 7199.5 19.5
-1416.5 7200.2 19.6
-1440.6 7199.5 19.9
-1396.3 7217.0 20.2
-1427.3 7215.7 20.6
-1484.3 7233.0 21.1
-1500.6 7250.6 21.4
-1428.0 7260.6 22.1
-1474.6 7265.0 21.8
-1492.6 7267.5 21.7
-1503.6 7261.6 21.5
-1312.3 7279.5 22.1
-1357.5 7275.4 22.6
-1410.1 7282.2 22.6
-1426.9 7277.6 22.4
-1476.7 7275.9 22.0
-1489.8 7278.3 21.9
-1506.8 7275.2 21.7
-1546.4 7282.8 21.5
-1357.7 7294.6 23.2
-1369.0 7293.1 23.1
-1418.9 7293.8 22.7
-1446.1 7292.1 22.5
-1455.3 7295.1 22.4
-1475.1 7290.7 22.2
-1328.4 7307.8 23.2
-1350.4 7304.8 23.4
-1381.4 7312.6 23.3
-1400.9 7313.0 23.1
-1521.7 7310.4 22.1
-1533.0 7304.3 21.9
-1334.3 7319.6 23.5
-1372.9 7326.7 23.5
-1381.6 7323.7 23.4
-1415.0 7319.5 23.1
-1461.7 7320.3 22.7
-1262.8 7341.8 20.8
-1283.6 7338.4 21.1
-1293.4 7342.4 21.5
-1311.0 7341.2 22.4
-1342.6 7341.3 23.9
-1366.4 7335.4 23.7
-1394.3 7337.1 23.5
-1605.9 7343.4 21.8
-1238.1 7354.5 20.4
-1267.1 7357.3 21.0
-1363.9 7351.1 23.9
-1417.9 7354.1 23.5
-1432.6 7348.9 23.3
-1446.8 7356.4 23.3
-1458.9 7355.4 23.2
-1523.2 7357.3 22.7
-1550.5 7350.5 22.4
-1201.6 7371.3 19.9
-1233.9 7367.1 20.5
-1249.0 7369.1 20.8
-1289.8 7367.3 21.5
-1321.4 7369.2 23.0
-1356.8 7371.8 24.2
-1428.7 7369.1 23.6
-1439.2 7370.1 23.5
-1458.2 7371.7 23.4
-1472.9 7371.5 23.3
-1567.3 7371.2 22.6
-1579.5 7371.6 22.5
-1635.8 7364.1 21.7
-1222.0 7380.0 20.4
-1231.4 7385.1 20.6
-1313.9 7385.4 22.6
-1336.7 7388.7 23.7
-1358.7 7388.6 24.3
-1394.2 7382.8 24.0
-1532.1 7386.4 23.0
-1643.0 7386.3 21.9
-1162.8 7393.8 19.4
-1185.0 7397.8 19.9
-1216.4 7402.7 20.6
-1259.9 7400.8 21.4
-1281.2 7398.5 21.7
-1310.7 7402.0 22.5
-1371.2 7399.5 24.4
-1381.3 7398.7 24.3
-1440.3 7396.7 23.8
-1459.7 7397.9 23.7
-1501.5 7400.8 23.4
-1579.7 7400.7 22.9
-1598.6 7399.6 22.7
-1621.4 7396.1 22.4
-1234.1 7412.5 21.1
-1277.8 7410.2 22.0
-1323.8 7411.2 23.1
-1413.5 7409.4 24.2
-1456.7 7410.2 23.9
-1504.8 7414.1 23.5
-1139.1 7431.2 19.4
-1171.7 7426.2 20.0
-1190.6 7431.3 20.6
-1230.7 7429.1 21.4
-1308.1 7431.5 23.3
-1368.2 7431.0 24.7
-1444.5 7429.8 24.2
-1604.7 7423.9 22.6
-1309.3 7446.7 23.7
-1340.8 7439.2 24.3
-1411.1 7446.9 25.1
-1488.2 7441.5 24.8
-1160.2 7455.8 19.9
-1175.8 7456.8 20.3
-1214.0 7458.5 21.2
-1281.6 7454.8 22.9
-1354.1 7456.4 24.6
-1402.9 7463.1 25.9
-1417.8 7463.6 26.0
-1444.6 7459.1 25.7
-1460.0 7458.0 25.7
-1471.5 7456.5 25.6
-1499.1 7461.5 25.9
-1560.1 7462.5 25.9
-1595.9 7456.1 22.6
-1608.7 7454.9 22.3
-1626.3 7459.6 21.9
-1085.0 7473.8 19.8
-1221.9 7470.8 21.2
-1311.3 7474.2 23.3
-1371.6 7469.1 25.3
-1385.8 7476.5 26.1
-1394.7 7476.0 26.6
-1424.7 7475.1 26.6
-1477.9 7473.1 26.5
-1530.4 7469.0 26.3
-1596.4 7475.2 22.5
-1050.7 7484.5 20.0
-1071.8 7488.8 20.1
-1190.3 7487.5 20.4
-1215.4 7486.5 20.7
-1283.8 7488.9 22.4
-1364.3 7489.3 24.6
-1491.7 7491.5 27.5
-1504.2 7492.3 27.5
-1552.6 7493.0 25.8
-1596.3 7492.9 22.4
-1625.3 7493.4 21.8
-1035.8 7501.2 20.3
-1055.4 7500.6 20.3
-1160.4 7504.0 20.7
-1230.2 7506.3 20.9
-1248.2 7507.2 21.2
-1278.5 7501.3 22.0
-1320.5 7505.1 23.0
-1336.8 7502.5 23.4
-1356.8 7500.6 24.1
-1369.3 7502.4 24.8
-1415.6 7506.0 27.5
-1459.0 7507.4 28.3
-1478.1 7504.1 28.1
-1581.2 7501.5 22.7
-1066.0 7516.7 20.8
-1095.9 7522.0 21.0
-1146.2 7515.0 20.9
-1154.8 7521.8 21.1
-1173.6 7518.3 21.1
-1184.4 7515.0 21.0
-1199.8 7516.2 21.1
-1278.0 7514.1 21.8
-1338.9 7521.4 23.2
-1349.9 7523.7 23.4
-1371.7 7522.3 24.7
-1379.0 7519.0 25.2
-1394.2 7515.8 26.1
-1412.3 7519.6 27.2
-1454.0 7519.0 28.9
-1534.9 7522.0 26.7
-1553.1 7522.8 24.8
-1562.8 7520.6 23.9
-1609.9 7514.5 22.0
-1132.1 7530.7 21.3
-1290.2 7536.1 21.8
-1322.6 7529.2 22.6
-1358.3 7531.1 23.8
-1384.1 7536.2 25.3
-1417.4 7533.0 27.3
-1432.7 7538.2 28.2
-1457.9 7532.4 29.6
-1487.8 7536.4 29.9
-1538.4 7530.9 26.1
-1547.3 7531.3 25.2
-1096.3 7544.2 20.9
-1114.2 7543.8 21.0
-1214.4 7545.1 21.8
-1265.6 7544.3 21.9
-1366.8 7551.8 24.0
-1414.7 7553.7 26.9
-1445.1 7550.8 28.8
-1472.7 7549.5 30.5
-1489.4 7546.7 30.4
-1538.7 7550.5 25.5
-1564.3 7546.7 22.9
-1607.2 7546.2 21.9
-1111.9 7566.9 20.6
-1144.5 7562.8 21.0
-1160.9 7562.8 21.1
-1172.9 7563.5 21.2
-1199.2 7568.5 21.3
-1238.3 7561.9 21.8
-1246.1 7564.0 21.8
-1327.9 7560.1 22.5
-1343.7 7567.1 22.6
-1358.5 7567.7 22.8
-1365.3 7559.9 23.8
-1444.8 7560.2 28.6
-1517.7 7562.6 27.3
-1563.7 7558.9 22.8
-1129.0 7576.9 20.6
-1186.1 7578.5 21.1
-1217.8 7578.1 21.3
-1229.5 7574.4 21.5
-1248.9 7581.4 21.5
-1298.6 7577.1 22.0
-1304.6 7574.2 22.1
-1398.4 7577.0 23.7
-1414.1 7582.4 23.7
-1430.3 7583.3 24.5
-1519.9 7578.2 26.6
-1566.2 7582.6 22.7
-1575.2 7577.9 22.5
-1217.0 7598.3 21.0
-1232.4 7590.5 21.3
-1249.4 7589.8 21.4
-1290.6 7597.7 21.9
-1369.0 7591.1 22.6
-1562.1 7597.4 22.7
-1200.7 7609.1 20.7
-1249.6 7608.0 21.3
-1280.8 7611.6 21.8
-1306.2 7612.4 22.2
-1320.1 7606.2 22.4
-1367.3 7607.8 22.6
-1415.9 7608.7 22.7
-1473.7 7604.9 23.7
-1507.9 7608.7 25.0
-1529.1 7612.4 24.6
-1545.3 7607.5 23.0
-1159.6 7620.1 20.2
-1178.5 7626.3 20.3
-1283.4 7627.4 21.9
-1311.9 7627.3 22.3
-1321.2 7625.7 22.5
-1341.1 7623.1 22.5
-1358.6 7621.3 22.6
-1414.4 7624.9 22.7
-1499.3 7626.3 22.9
-1549.3 7621.1 22.8
-1190.3 7634.1 20.5
-1343.9 7637.4 22.5
-1472.7 7637.2 22.9
-1504.8 7637.7 22.9
-1550.3 7636.7 22.8
-1249.2 7651.0 21.4
-1261.1 7652.5 21.6
-1279.5 7653.8 21.9
-1321.5 7653.7 22.4
-1355.0 7652.0 22.5
-1366.8 7656.5 22.6
-1447.2 7657.7 22.8
-1474.9 7657.9 23.2
-1516.3 7652.1 23.7
-1532.5 7649.6 22.8
-1312.8 7667.8 22.4
-1328.0 7669.3 22.4
-1343.5 7667.9 22.5
-1353.1 7669.6 22.5
-1366.7 7669.1 22.5
-1386.0 7665.1 22.6
-1411.7 7672.7 22.8
-1442.5 7668.0 23.2
-1462.3 7671.6 23.8
-1313.5 7680.2 22.4
-1342.9 7683.0 22.5
-1351.8 7685.9 22.5
-1387.4 7680.1 22.8
-1403.1 7685.8 23.5
-1426.1 7679.5 23.6
-1447.0 7685.8 24.4
-1490.0 7680.0 24.9
-1505.2 7685.2 23.8
-1549.1 7687.6 22.2
-1328.5 7700.9 22.9
-1414.6 7695.9 24.4
-1455.7 7694.0 25.1
-1486.0 7702.9 24.9
-1341.1 7717.9 24.2
-1365.3 7716.9 24.6
-1384.1 7718.2 25.1
-1442.6 7710.1 25.8
-1454.5 7716.0 26.5
-1522.0 7713.6 21.0
-1324.7 7732.9 24.8
-1340.8 7724.6 24.6
-1425.5 7724.9 26.4
-1448.5 7733.0 27.2
-1470.1 7725.2 25.4
-1485.1 7730.5 23.8
-1535.1 7724.2 21.3
-1342.4 7740.7 25.6
-1352.7 7742.3 26.0
-1371.3 7746.9 26.6
-1399.6 7745.9 27.2
-1432.1 7744.6 27.8
-1443.4 7741.0 27.3
-1489.3 7744.3 22.8
-1522.4 7740.1 20.7
-1323.1 7758.3 24.6
-1337.6 7760.0 25.8
-1366.8 7757.2 27.2
-1381.4 7763.2 27.9
-1402.0 7755.1 27.8
-1486.0 7755.0 22.6
-1503.0 7761.1 20.7
-1341.7 7776.8 26.0
-1388.1 7778.1 28.9
-1398.3 7777.7 29.1
-1484.5 7768.9 22.2
-1544.2 7775.0 20.4
5932.5 -3184.5 23.0
5921.7 -3184.1 23.0
5905.9 -3180.7 23.0
5877.2 -3177.9 22.9
5858.4 -3169.9 22.9
5845.0 -3148.9 23.0
5906.1 -3131.5 23.2
5842.6 -3134.7 23.1
5920.7 -3120.5 23.3
5861.1 -3124.8 23.2
5891.4 -3101.7 23.4
5871.8 -3108.2 23.3
5857.3 -3106.8 23.3
682.4 1567.2 21.2
681.7 1596.3 21.3
