-6215.2 7296.5 79.2
-3537.5 2005.6 102.8
-3531.6 2000.5 103.0
-4582.0 1464.6 118.8
-4587.0 1478.7 118.7
-4592.1 1492.9 118.6
-4597.1 1507.0 118.5
-4602.2 1521.1 118.4
-4604.5 1533.2 118.2
-4589.5 1532.5 117.8
-4574.5 1531.7 117.4
-4559.6 1531.0 117.1
-4544.6 1530.9 116.6
-4520.7 1532.3 116.0
-4074.1 617.9 121.8
-4087.0 625.5 121.5
-4099.8 633.2 121.2
-4112.7 640.9 120.9
-4125.6 648.6 120.6
-4134.3 658.0 120.2
-4130.3 672.5 119.6
-4126.3 686.9 119.4
-4122.3 701.4 119.1
-4118.3 715.8 118.9
-4114.3 730.3 118.7
-4109.6 747.5 118.5
-3812.8 261.5 122.6
-3822.4 250.0 122.5
-3832.0 238.5 122.7
-3841.7 227.0 123.3
-3851.3 215.4 123.8
-3860.9 203.9 124.3
-3870.5 192.4 124.9
-3880.1 180.9 125.4
-3889.8 169.5 126.0
-3899.5 158.0 126.5
-3909.3 146.6 127.1
-3919.0 135.2 127.6
-3928.7 123.8 128.1
-3938.5 112.4 128.7
-3948.7 101.4 129.2
-3959.2 90.7 129.7
-3969.7 80.0 130.3
-3980.0 69.1 130.8
-3990.1 58.0 131.3
-4005.6 40.8 132.1
-2234.0 -7874.7 173.1
-2240.2 -7861.1 173.1
-2252.5 -7834.1 173.0
-2503.1 -7829.8 170.7
-2517.0 -7835.4 170.4
-2530.9 -7841.0 170.1
-2544.8 -7846.6 169.8
-2558.7 -7852.2 169.5
-2572.6 -7857.8 169.2
-2586.6 -7863.4 168.8
-2600.8 -7868.1 168.5
-2615.3 -7871.6 168.2
-2629.9 -7875.2 167.8
-2644.5 -7878.7 167.5
-2664.8 -7883.7 167.0
-2598.7 -8035.6 167.6
-2606.3 -8022.7 167.7
-2612.3 -8008.9 167.9
-2618.4 -7995.2 168.0
-2624.4 -7981.5 167.9
-2630.4 -7967.7 167.8
-2636.5 -7954.0 167.6
-2642.5 -7940.3 167.5
-2648.2 -7926.4 167.4
-2653.6 -7912.4 167.3
-2659.1 -7898.4 167.2
-2664.8 -7883.7 167.0
-2451.2 -7925.9 171.8
-2460.4 -7937.7 171.4
-2469.5 -7949.6 171.1
-2478.7 -7961.5 170.7
-2488.5 -7972.8 170.4
-2499.2 -7983.3 170.1
-2512.6 -7989.6 169.7
-2526.6 -7994.9 169.4
-2540.7 -8000.2 169.1
-2554.7 -8005.4 168.8
-2568.8 -8010.7 168.5
-2582.8 -8016.0 168.2
-2605.5 -8024.5 167.7
-1185.4 -5524.2 173.3
-1177.5 -5537.0 172.8
-1169.7 -5549.8 172.3
-1161.8 -5562.5 171.8
-1149.9 -5581.8 171.1
-1044.2 -5697.8 166.2
-1032.4 -5707.1 165.9
-1020.6 -5716.3 165.7
-1008.8 -5725.6 165.5
-997.0 -5734.9 165.3
-985.2 -5744.1 165.1
-972.9 -5752.2 165.0
-960.1 -5745.2 165.5
-947.5 -5737.1 166.0
-934.9 -5728.9 166.5
-922.3 -5720.7 167.1
-909.8 -5712.5 167.6
-897.2 -5704.3 168.1
-884.6 -5696.2 168.6
-872.0 -5688.0 169.2
-859.5 -5679.8 169.7
-846.9 -5671.6 170.2
-834.3 -5663.4 170.7
-821.7 -5655.3 171.3
-800.3 -5643.0 172.1
-3389.6 6476.7 116.9
-3383.6 6463.0 116.9
-3377.6 6449.2 117.0
-3369.2 6437.2 117.0
-3358.2 6427.0 117.0
-3346.0 6418.4 117.0
-3333.6 6409.9 116.9
-3321.1 6401.5 116.6
-3308.7 6393.1 116.3
-3295.4 6386.3 116.0
-3268.7 6372.8 115.6
-495.6 111.9 152.2
-502.7 125.1 152.4
-509.9 138.3 152.7
-517.1 151.5 152.9
-524.3 164.6 153.1
-534.7 183.8 153.2
4801.3 3525.8 141.3
4808.4 3512.6 140.8
4815.5 3499.4 140.4
4822.7 3486.2 139.9
4829.8 3473.0 139.4
4837.0 3459.8 139.0
4844.1 3446.6 138.5
4854.1 3428.2 137.8
4759.8 3675.1 144.6
4769.4 3686.6 144.5
4779.1 3698.1 144.4
4788.7 3709.6 144.3
4798.3 3721.1 144.1
4808.0 3732.6 144.0
4817.6 3744.1 143.9
4827.3 3755.6 143.8
4836.9 3767.0 143.7
4842.7 3754.8 143.7
4848.2 3740.8 143.6
4853.8 3726.9 143.5
4859.3 3713.0 143.5
4864.8 3699.0 143.4
4870.4 3685.1 143.3
4875.9 3671.1 143.3
4881.4 3657.2 143.2
4887.0 3643.2 143.2
4892.5 3629.3 142.7
4900.6 3608.8 142.0
-6766.7 2250.0 113.9
-6757.3 2261.7 113.9
-6747.8 2273.3 113.8
-6738.3 2284.9 113.8
-6728.9 2296.6 113.8
-6719.4 2308.2 113.8
-6709.9 2319.8 113.8
-6700.5 2331.5 113.8
-6691.0 2343.1 113.8
-6678.1 2358.9 113.7
-3288.2 -998.0 139.0
-3275.0 -1003.6 139.4
-3235.7 -929.0 138.1
-3247.8 -921.3 138.1
-3261.7 -918.0 138.3
-3275.9 -919.3 138.5
-3289.0 -925.2 138.2
-3299.4 -935.0 137.8
-3306.1 -947.7 137.8
-3308.3 -961.8 137.9
-3305.8 -975.9 138.2
-3260.8 -1004.7 139.8
-3246.9 -1001.0 140.1
-3235.0 -993.0 140.3
-3226.4 -981.6 140.3
-3221.9 -968.1 140.4
-3222.0 -953.7 139.8
-1815.1 -6670.2 158.2
-1821.9 -6656.9 158.2
-1828.7 -6643.5 158.5
-1835.6 -6630.2 158.8
-1842.4 -6616.8 159.0
-1849.3 -6603.5 159.3
-1856.1 -6590.2 159.6
-1863.0 -6576.8 159.8
-1869.8 -6563.5 160.1
-1876.7 -6550.1 160.4
-1883.5 -6536.8 160.6
-1890.3 -6523.4 160.9
-1897.2 -6510.1 161.2
-1905.9 -6493.1 161.4
-5572.8 250.5 131.9
-5564.7 237.9 131.8
-5550.8 216.2 131.8
-5598.8 4588.7 100.9
-5602.8 4603.1 100.8
-5606.9 4617.6 100.7
-5611.0 4632.0 100.5
-5615.0 4646.4 100.4
-5601.7 4652.3 100.7
-5587.8 4657.9 99.9
-5573.9 4663.5 99.2
-5559.9 4669.1 98.4
-5546.0 4674.7 97.8
-5532.1 4680.4 97.2
-5518.3 4686.1 96.6
-5504.5 4691.9 96.0
-5490.6 4697.7 95.4
-5476.8 4703.4 94.7
-5465.8 4702.0 94.4
-5459.7 4688.3 94.4
-5453.6 4674.6 94.4
-5447.5 4660.9 94.5
-5442.7 4646.7 94.5
-5438.1 4632.4 94.6
-5433.6 4618.1 94.9
-5429.0 4603.8 95.1
-5424.5 4589.5 95.4
-5419.9 4575.2 95.6
-5413.5 4555.0 95.3
-6710.2 1831.8 115.9
-6700.9 1843.6 115.9
-6691.7 1855.4 115.9
-6682.4 1867.2 115.9
-6673.1 1879.0 115.9
-6663.9 1890.8 115.8
-6654.6 1902.6 115.8
-6643.4 1916.9 115.8
-88.7 -3807.9 167.8
-90.2 -3793.0 168.0
-91.6 -3778.0 168.2
-86.6 -3768.6 168.4
-71.6 -3767.4 168.4
-56.7 -3766.2 168.5
-37.9 -3764.8 168.6
-4718.4 3834.4 88.6
-4706.1 3842.9 89.3
-4693.7 3851.4 89.9
-4681.4 3859.9 90.5
-4669.0 3868.4 91.0
-4649.9 3881.7 92.2
-4726.2 3846.6 87.7
-4714.6 3856.1 88.3
-4703.0 3865.5 88.8
-4691.3 3875.0 89.4
-4679.7 3884.4 90.3
-4663.1 3897.9 91.5
5421.9 6079.7 126.4
5407.1 6082.1 126.8
5392.3 6084.4 127.3
5384.9 6077.3 127.0
5383.7 6062.4 126.1
5382.5 6047.4 126.5
5382.7 6033.6 127.1
5404.3 6031.1 127.1
4085.8 290.2 150.8
4096.6 300.7 150.9
4107.4 311.1 150.9
4118.1 321.6 151.0
4128.9 332.0 151.1
4139.7 342.5 151.1
4159.6 361.9 151.2
-4103.1 3980.7 119.2
-4115.1 3972.0 118.8
-4124.5 3960.4 118.5
-4132.2 3947.5 118.2
-4139.8 3934.6 117.8
-4136.2 3920.5 118.0
-4131.6 3906.2 118.3
-4127.0 3891.9 118.5
-4122.4 3877.6 118.7
-4116.5 3863.8 119.0
-4110.5 3850.1 119.2
-4098.5 3822.9 119.7
-6178.3 1929.8 129.7
-6195.0 1929.1 130.1
-6238.8 1930.0 129.1
-6142.5 1961.5 129.6
-6218.4 1962.5 131.0
-6157.4 1972.8 130.3
-6171.1 1973.9 130.7
-6230.9 1973.0 130.6
-6217.9 1992.5 131.8
-6083.2 2007.5 128.7
-6148.0 2004.2 130.7
-6223.5 2007.6 131.9
-6126.5 2021.4 130.3
-6187.3 2018.0 132.2
-6218.3 2015.8 132.4
-6215.9 2037.4 132.0
-6114.9 2049.5 130.5
-6127.1 2051.8 130.9
-6210.1 2050.5 131.2
-6163.8 2063.2 130.5
-6209.9 2067.1 130.0
-6216.9 2067.3 130.0
-5336.7 4989.3 83.9
-5315.1 4999.2 84.9
-5328.9 5004.5 84.4
-5359.5 4997.0 83.7
-5373.9 4998.1 83.6
-5345.0 5010.9 84.1
-5372.5 5018.3 84.0
-5427.5 5033.8 83.8
-5381.8 5048.6 84.6
-5426.3 5046.1 84.2
-5414.9 5056.5 84.5
-5461.9 5087.6 85.4
-5404.1 5107.2 85.6
-5418.1 5105.2 85.4
-5433.9 5103.6 85.1
-5368.0 5116.8 86.1
-5477.8 5119.2 85.6
-5417.8 5136.4 85.8
-5449.5 5135.8 85.5
-5398.8 5155.8 86.4
-5442.9 5155.4 85.8
-5413.7 5166.6 86.4
-5475.7 5165.9 85.6
-5432.7 5179.2 86.3
-5461.3 5184.0 86.1
-5520.9 5179.9 86.4
-5536.2 5182.5 86.8
-5415.4 5200.0 86.9
-5447.9 5195.9 86.4
-5488.2 5200.7 86.0
-5539.6 5196.0 86.8
-5478.2 5206.3 86.2
-5489.6 5214.0 86.2
-5520.7 5215.7 86.0
-5478.3 5230.9 86.6
-5537.7 5225.3 86.1
-5553.7 5221.3 86.3
-5519.6 5237.9 86.0
-5464.2 5257.5 87.2
-5488.9 5257.3 86.6
-5533.7 5251.8 85.3
-5547.1 5252.6 85.1
-5441.9 5275.3 87.7
-5494.9 5271.5 86.1
-5533.8 5275.0 84.9
-5580.7 5268.9 84.6
-5459.8 5284.5 87.0
-5507.4 5285.4 85.5
-5562.0 5283.3 83.8
-5478.2 5301.1 86.1
-5501.9 5301.0 85.3
-5538.6 5296.3 84.3
-5550.4 5301.1 83.8
-5565.6 5296.5 83.5
-5447.3 5319.4 86.7
-5457.9 5318.1 86.4
-5459.3 5331.9 86.0
-5553.4 5329.6 83.2
-5461.5 5348.7 85.7
-5519.6 5357.6 83.7
-5524.4 5386.7 83.2
-5535.9 5392.0 82.9
-5531.4 5407.4 83.1
-5553.5 5416.9 82.5
-5561.2 5424.7 82.3
-5538.8 5439.1 83.1
-5591.8 5436.4 82.2
-5538.1 5451.4 83.5
-5568.1 5464.3 83.7
-5594.1 5468.2 83.5
