-5323.0 -5960.7 151.5
-5307.9 -5985.5 151.2
2390.0 -4721.1 107.6
2375.4 -4724.6 108.0
2360.8 -4728.1 108.3
2346.2 -4731.5 108.7
2331.6 -4735.0 109.0
2317.0 -4738.4 109.4
2302.4 -4741.9 109.8
2287.8 -4745.3 110.2
2273.2 -4748.8 110.6
2258.6 -4752.3 111.0
2244.0 -4755.7 111.4
2229.4 -4759.2 111.6
2214.9 -4762.6 111.6
2200.3 -4766.1 111.6
2185.7 -4769.6 111.5
2171.1 -4773.0 111.4
2145.5 -4779.1 111.3
1964.3 -4490.2 114.3
1950.0 -4494.6 113.8
1935.7 -4499.0 113.4
1921.3 -4503.4 112.9
1912.9 -4494.9 112.8
1906.8 -4481.2 112.8
1900.8 -4467.5 112.8
1894.7 -4453.7 112.9
1900.3 -4440.9 112.9
1908.5 -4428.3 113.2
1916.6 -4415.7 113.5
1927.5 -4406.0 113.8
1940.5 -4398.5 114.1
1953.5 -4391.0 114.4
1967.6 -4386.1 114.7
1981.9 -4381.8 114.5
1996.3 -4377.5 114.2
2010.7 -4373.1 113.9
2025.0 -4368.8 113.6
2039.4 -4364.5 113.2
2053.8 -4360.2 112.9
2068.1 -4355.9 112.6
2082.5 -4351.5 112.3
2096.9 -4347.2 112.1
2111.2 -4342.9 111.9
2125.6 -4338.6 111.7
2139.9 -4334.3 111.5
2154.3 -4329.9 111.3
2168.7 -4325.6 111.1
2183.0 -4321.3 110.9
2197.4 -4317.0 110.7
2214.5 -4311.8 110.5
2281.7 -4571.7 108.5
2266.8 -4570.0 108.9
2257.1 -4562.8 109.2
2254.4 -4548.0 109.4
2251.7 -4533.2 109.6
2249.0 -4518.5 109.4
2246.3 -4503.7 109.8
2243.7 -4489.0 110.1
2241.0 -4474.2 110.2
2238.3 -4459.5 110.3
2234.6 -4445.6 110.4
2220.2 -4441.2 110.8
2205.9 -4436.8 111.1
2191.6 -4432.4 111.5
2177.2 -4428.0 111.8
2162.9 -4423.5 112.2
2148.6 -4419.1 112.6
2134.2 -4414.7 112.9
2119.9 -4410.3 113.0
2105.5 -4405.9 113.0
2091.2 -4401.5 113.1
2079.2 -4394.0 113.1
2071.2 -4381.3 113.0
2057.2 -4359.1 112.8
2374.0 -4752.6 108.0
2359.1 -4753.4 108.4
2344.1 -4754.1 108.8
2329.1 -4754.9 109.2
2314.1 -4755.7 109.6
2299.1 -4756.5 110.0
2284.2 -4757.3 110.3
2256.9 -4758.7 111.0
2374.0 -4772.0 108.1
2359.0 -4772.7 108.5
2344.1 -4773.3 108.9
2329.1 -4773.9 109.2
2314.1 -4774.6 109.6
2294.2 -4775.4 110.1
2077.7 -4538.4 114.2
2063.1 -4534.9 114.3
2048.5 -4531.4 114.3
2033.9 -4527.9 114.4
2019.4 -4524.3 114.4
2004.8 -4520.8 114.5
1979.6 -4514.8 114.2
6651.3 -6346.0 26.2
-570.2 -5416.8 85.1
-598.3 -5401.3 83.7
-520.3 -5384.0 75.3
-564.8 -5388.2 79.0
-526.9 -5372.5 73.5
-539.4 -5377.7 75.3
-539.9 -5357.4 71.2
-615.5 -5354.0 75.2
-473.4 -5340.2 64.4
-534.3 -5343.6 68.6
-565.3 -5345.8 70.8
-581.5 -5341.3 71.3
-517.9 -5324.2 65.7
-596.9 -5327.1 70.6
-609.1 -5324.7 71.1
-467.0 -5311.1 62.6
-519.1 -5315.3 65.4
-600.8 -5313.4 69.6
-646.9 -5309.5 71.8
-653.8 -5309.3 72.2
-525.0 -5300.2 65.2
-567.7 -5292.9 66.5
-580.1 -5301.3 67.5
-597.6 -5297.0 68.2
-613.0 -5302.2 69.4
-646.8 -5301.2 71.2
-523.1 -5285.4 64.7
-599.3 -5285.8 67.4
-526.0 -5264.0 63.8
-568.3 -5265.8 65.8
-577.2 -5266.3 66.2
-598.8 -5269.8 67.0
-608.3 -5271.5 67.4
-503.1 -5249.4 61.7
-564.8 -5251.4 65.3
-581.4 -5252.3 65.9
-627.6 -5248.8 67.5
-638.6 -5252.0 67.9
-556.9 -5234.2 64.2
-562.4 -5234.0 64.5
-586.5 -5239.5 65.8
-600.3 -5234.2 66.1
-630.9 -5241.7 67.4
-556.6 -5222.5 63.6
-586.8 -5226.0 65.5
