-615.1 6495.2 125.6
-3720.7 6971.3 112.3
2088.0 -768.6 141.9
-1902.7 1315.9 144.9
-2205.0 1203.5 144.0
3110.8 -3896.8 134.0
-4155.1 -3103.4 137.5
-2696.0 1321.9 138.9
-3359.9 1498.3 144.1
-2152.0 1332.2 144.4
4108.5 3071.7 138.5
-2904.0 4845.0 91.5
-1920.0 1337.2 145.5
-3722.1 6967.5 112.4
-2587.0 1328.9 138.3
-4172.0 -3101.1 137.7
-4182.3 -3099.9 137.9
-2324.1 1263.1 142.9
4181.0 3108.9 137.8
4193.0 3117.8 137.5
4205.1 3126.7 137.3
4217.1 3135.7 137.0
4230.0 3145.2 136.7
4186.5 3105.1 137.8
4198.5 3114.0 137.5
4210.6 3123.0 137.3
4230.0 3137.5 136.8
-3736.3 7097.7 115.0
-3710.8 7095.0 113.2
-3735.5 7101.9 115.0
-3710.3 7099.2 113.3
-2232.6 1250.4 143.7
-2247.5 1249.1 143.8
-2262.5 1247.7 143.6
-2277.4 1246.4 143.5
-2300.9 1244.3 143.2
-2306.1 1254.8 143.1
-2291.2 1256.2 143.3
-2276.2 1257.6 143.5
-2261.3 1258.9 143.6
-2234.3 1261.4 143.8
-2290.8 1267.7 143.3
-2306.5 1266.7 143.1
-2260.7 1269.6 143.6
-2244.6 1272.1 143.8
-2307.3 -2211.9 147.4
-2315.3 -2199.2 147.7
-2323.2 -2186.4 147.9
-2331.2 -2173.7 147.7
-2339.1 -2161.0 147.5
-2348.6 -2145.8 147.2
-2367.8 -2122.8 146.8
-2375.6 -2109.9 146.0
-2383.4 -2097.1 145.2
-2391.2 -2084.3 144.3
-2399.0 -2071.5 143.4
-2414.5 -2045.9 141.7
6358.0 -1607.9 125.9
6370.5 -1599.7 126.1
6383.1 -1591.5 126.1
6395.7 -1583.3 126.3
6408.2 -1575.1 126.7
6420.8 -1566.9 127.2
6433.3 -1558.7 127.6
6445.9 -1550.4 128.1
6458.4 -1542.2 128.4
6471.0 -1534.0 128.3
6483.5 -1525.8 128.3
6496.1 -1517.6 128.3
6508.6 -1509.4 128.3
6521.2 -1501.2 128.3
6533.7 -1493.0 128.3
6546.2 -1484.7 128.3
6558.5 -1476.0 128.3
6570.8 -1467.4 128.3
6583.0 -1458.8 128.3
6595.3 -1450.1 128.1
6607.6 -1441.5 128.0
6619.8 -1432.8 127.8
6632.1 -1424.3 127.6
6644.5 -1415.7 127.5
6656.8 -1407.2 127.3
6669.1 -1398.7 127.1
6681.8 -1390.6 126.8
6694.9 -1383.4 126.4
6708.4 -1377.1 126.1
6723.2 -1374.8 125.9
6738.0 -1372.5 125.7
6752.9 -1370.1 125.5
6767.7 -1367.8 125.3
6782.5 -1365.5 125.2
6797.3 -1363.2 125.0
6812.1 -1360.8 124.8
6826.9 -1358.5 124.6
6841.8 -1356.2 124.4
6856.6 -1353.9 124.2
6871.5 -1354.7 124.1
6886.5 -1355.9 124.0
6901.4 -1356.3 123.9
6916.4 -1355.3 123.7
6931.4 -1354.2 123.5
6946.3 -1353.2 123.4
6947.8 -1362.8 123.7
6943.4 -1377.1 124.0
6938.9 -1391.4 124.2
6934.5 -1405.8 124.5
6930.0 -1420.1 124.7
6925.5 -1434.4 125.3
6913.1 -1442.8 125.3
6900.7 -1451.2 125.3
6888.3 -1459.7 125.3
6875.9 -1468.1 125.5
6863.5 -1476.6 125.7
6851.1 -1485.0 125.9
6839.5 -1494.5 126.1
6828.0 -1504.1 126.3
6816.4 -1513.7 126.4
6804.9 -1523.2 126.4
6793.3 -1532.8 126.4
6781.6 -1542.2 126.3
6769.9 -1551.5 126.3
6758.1 -1560.9 126.3
6746.4 -1570.2 126.3
6734.6 -1579.5 126.3
6723.2 -1589.2 126.3
6711.9 -1599.1 126.3
6700.6 -1609.0 126.3
6689.4 -1618.9 126.3
6678.1 -1628.8 126.2
6666.8 -1638.7 126.2
6655.6 -1648.6 126.1
6644.5 -1658.7 126.1
6633.4 -1668.8 126.0
6622.4 -1679.0 126.0
6611.3 -1689.1 125.9
6600.2 -1699.2 125.9
6589.2 -1709.4 125.8
6578.1 -1719.5 125.8
6567.1 -1729.6 125.7
6554.9 -1738.4 125.7
6542.7 -1747.1 125.7
6530.4 -1755.8 125.8
6518.2 -1764.5 125.8
6506.0 -1773.2 125.8
6484.5 -1788.4 125.8
-5708.7 -8866.7 145.4
