6804.3 5313.8 109.5
3151.5 6833.4 60.8
2806.8 6785.9 49.2
2896.7 6748.6 51.1
2993.8 6753.6 55.1
2997.7 6771.6 56.4
2956.6 6858.4 56.2
2709.7 -4097.4 125.8
3164.8 6844.6 60.9
3143.6 6865.7 59.7
3123.5 7065.6 56.4
3088.6 6919.5 58.3
2939.9 7147.4 53.8
2944.1 7137.7 54.0
2953.6 7104.2 54.6
2959.0 7052.2 55.1
2919.6 7035.0 54.5
2811.3 7032.6 52.4
2910.7 7013.4 54.5
2903.0 6825.5 53.7
2914.2 6864.2 54.6
3016.9 7046.7 56.1
2962.9 6972.1 55.7
2938.1 6972.2 55.2
2977.4 7022.1 55.6
3022.8 7077.6 55.6
3068.6 6991.2 57.4
3085.6 7012.1 57.1
2837.3 6762.5 49.6
2848.7 6952.2 53.2
2825.2 7018.7 52.8
3155.0 6826.2 61.2
2928.3 6750.2 52.4
2842.4 6741.6 48.5
2833.5 6753.2 48.9
3004.9 6742.4 54.9
3062.2 6749.2 57.7
2929.1 7151.4 53.5
2946.3 7071.7 54.7
2805.4 7037.3 52.3
2830.9 7006.3 52.9
3003.5 7015.3 56.1
3036.8 7060.2 56.0
3165.8 6853.0 60.6
2928.8 6821.6 54.7
3063.8 7013.9 57.0
2735.4 -4104.9 126.3
2723.1 -4086.6 126.1
2705.1 -4104.7 125.6
2699.9 -4175.6 125.0
2700.5 -4167.5 125.1
2701.0 -4151.2 125.2
2700.4 -4143.7 125.3
2700.7 -4159.7 125.1
2994.5 6761.6 55.6
2918.7 6806.7 54.2
2946.2 6954.2 55.5
2964.0 7001.2 55.5
3171.1 6903.3 59.6
3130.7 7057.3 56.5
2971.2 7120.9 54.7
2954.5 7065.6 54.9
3010.9 7024.1 56.2
3146.8 7086.9 56.1
3041.0 7088.5 55.5
2930.0 6717.7 50.5
2808.3 6797.1 49.6
2890.8 6751.9 51.0
2995.3 6724.7 53.4
2953.7 6753.0 53.5
2805.2 7045.1 52.2
2777.4 7021.0 51.6
2887.9 6989.4 54.2
2963.2 6867.8 56.6
2949.3 6848.5 55.8
3018.9 7058.6 55.9
2978.9 6990.2 55.8
3054.3 7051.7 56.2
3039.0 7071.5 55.8
3121.0 6823.5 60.2
3139.0 6850.7 59.9
3117.1 7012.8 57.3
3131.1 6971.8 58.1
3156.1 6950.5 58.6
3107.1 7036.6 56.8
2807.1 6995.1 52.4
2985.7 7032.4 55.7
2906.5 6731.7 50.4
2825.0 6772.4 49.6
2955.1 6743.3 53.0
2986.8 6997.9 55.9
2999.8 7050.8 55.8
2705.2 -4112.1 125.6
3167.7 6880.0 60.0
3109.4 6839.7 59.4
3131.6 6815.7 60.8
3136.0 6821.8 60.7
3179.8 6897.1 59.9
3160.1 6861.0 60.2
3120.1 6868.8 60.3
3116.1 6874.5 60.3
2845.4 6769.0 50.3
2789.3 6799.2 48.9
2807.3 6779.2 49.1
2905.0 6741.2 50.9
2882.6 6746.6 50.4
2951.7 6759.1 53.8
3084.4 6761.6 59.5
2847.7 6881.5 52.1
3020.1 6776.6 57.5
2923.5 6815.4 54.5
2896.9 6862.6 53.9
2911.0 6916.1 55.0
2911.4 6726.2 50.3
3103.6 6966.8 58.1
2967.6 7124.6 54.6
2973.8 7088.8 55.1
2958.9 7080.3 54.9
2995.6 7006.6 56.0
2971.1 6981.4 55.8
2992.8 7040.9 55.8
3007.7 7060.8 55.8
3078.4 7001.1 57.3
3053.9 7014.1 56.9
3074.5 7012.5 57.1
3069.2 7029.6 56.7
3060.7 7030.1 56.7
3040.0 7078.9 55.6
3048.8 7095.2 55.4
2945.8 7146.0 53.9
2945.2 7078.0 54.7
2943.3 7040.0 54.9
2934.2 7032.4 54.8
2832.0 6956.0 52.9
2806.6 6976.7 52.4
2807.3 7008.3 52.4
2832.2 6978.6 53.0
2928.9 6935.9 55.8
2938.2 6945.3 55.5
2938.6 6961.0 55.3
2722.1 -4105.8 126.0
2698.9 -4183.7 124.9
2699.6 -4135.9 125.3
3044.6 7038.3 56.4
3036.8 6814.8 58.8
3161.8 6885.3 59.8
2828.2 6779.8 49.9
2920.2 6926.2 55.4
2955.2 6964.3 55.6
3014.2 7068.8 55.7
3130.3 6790.3 61.7
3148.9 6880.2 60.1
3073.3 6996.7 57.3
2984.0 6830.2 57.0
2895.3 6723.6 49.5
2822.3 6759.1 48.8
2941.9 6838.8 55.4
2904.4 6813.5 53.7
2907.9 6820.6 53.9
2902.3 6846.8 53.9
3155.5 6851.5 60.3
3151.9 6874.1 59.8
-175.1 -1622.9 90.8
2900.8 7131.6 53.3
2926.8 7132.7 53.7
2944.0 6966.2 55.4
2830.5 6787.4 50.2
2922.4 6720.9 50.4
3146.0 6812.7 61.4
3146.2 7064.5 56.5
3116.8 6981.5 57.9
2981.6 7094.0 55.0
2892.8 6897.4 54.1
2716.4 -4091.5 125.9
2787.8 6783.0 48.4
2891.0 6739.3 50.3
2866.7 6715.0 48.1
2908.3 6854.9 54.3
2906.6 6882.7 54.5
3151.9 6819.0 61.4
3031.1 6723.4 54.7
3125.4 7022.5 57.2
2916.2 7143.8 53.4
2931.2 6963.6 55.2
3095.5 7033.2 56.8
3055.8 7071.0 55.9
3114.8 6849.2 59.6
3147.7 6852.4 60.1
3120.2 7016.2 57.2
3142.8 7075.3 56.3
2959.0 7127.2 54.4
3014.6 7034.8 56.2
3042.8 7014.9 56.8
3036.9 7044.6 56.3
3034.6 7051.2 56.1
-3484.0 -3342.4 48.4
-3469.6 -3338.5 48.0
-3455.1 -3334.5 47.5
-3440.7 -3330.5 47.0
-3426.2 -3326.5 46.6
-3411.7 -3322.6 46.1
-3397.3 -3318.6 45.6
-3382.8 -3314.6 45.3
-3365.1 -3309.8 45.0
-4711.1 7345.8 17.0
-4702.9 7358.4 17.0
-4694.7 7370.9 17.0
-4686.5 7383.5 17.1
-4678.4 7396.1 17.1
-4670.2 7408.6 17.3
-4662.0 7421.2 17.5
-4661.4 7432.6 17.7
-4673.1 7442.0 18.0
-4684.8 7451.4 18.2
-4696.5 7460.8 18.4
-4708.2 7470.2 18.6
-4719.8 7479.5 18.6
-4731.5 7488.9 18.6
-4743.2 7498.3 18.5
-4747.9 7489.1 18.5
-4750.5 7474.3 18.5
-4753.0 7459.5 18.5
-4755.6 7444.8 18.3
-4758.2 7430.0 18.1
-4760.7 7415.2 17.8
-4763.3 7400.4 17.5
-4765.9 7385.6 17.2
-4769.0 7367.4 16.9
-3480.8 -3361.6 48.6
-3466.4 -3357.7 48.1
-3451.9 -3353.7 47.7
-3437.4 -3349.7 47.2
-3423.0 -3345.7 46.7
-3408.5 -3341.8 46.4
-3394.0 -3337.8 46.1
-3379.6 -3333.8 45.8
-3361.9 -3329.0 45.4
-3297.9 2124.6 26.7
-3321.6 2118.8 26.5
-3264.9 2169.8 25.9
-3291.6 2171.1 25.8
6396.9 6536.0 94.1
6377.8 6572.3 93.8
