4450.1 558.6 25.8
4475.6 616.4 25.8
4386.4 544.6 25.5
4378.6 547.5 25.4
4355.3 546.7 25.1
4348.2 548.5 25.0
4398.1 555.7 25.6
4388.2 555.4 25.5
4419.4 587.2 25.5
4405.8 587.7 25.7
4427.6 604.1 26.0
4429.4 612.6 26.2
4475.4 637.4 25.8
4469.2 637.6 25.8
4458.9 663.5 25.4
4486.9 705.6 24.4
4317.7 236.4 27.9
4310.0 235.1 28.0
4310.2 244.3 27.8
4262.2 241.1 27.9
4326.0 251.5 27.6
4318.4 253.0 27.5
4301.2 263.6 27.4
4290.7 271.9 27.3
4217.8 272.6 27.2
4285.2 595.6 24.9
4517.9 1517.6 25.0
4524.4 1528.8 25.0
4615.7 1535.2 24.8
4555.4 1535.8 25.0
4547.6 1540.4 25.0
4535.2 1535.7 25.0
4515.6 1537.9 25.0
4506.7 1538.2 25.0
4545.3 1546.3 25.0
4514.4 1550.1 24.9
4509.3 1544.3 24.9
4497.6 1545.0 24.9
4604.9 1559.7 24.8
4579.1 1557.6 24.9
4517.4 1560.7 24.9
4507.4 1559.5 24.9
4498.3 1560.1 24.9
4595.8 1568.4 24.8
4544.2 1568.3 24.9
4597.0 1574.1 24.7
4583.2 1574.4 24.8
4537.8 1577.5 24.9
4512.8 1575.8 24.9
4504.3 1577.0 24.9
4499.3 1575.2 24.9
4553.5 1587.7 24.8
4544.2 1589.9 24.9
4533.4 1586.2 24.9
4524.7 1587.5 24.9
4507.1 1585.8 24.9
4575.4 1598.8 24.7
4568.6 1595.4 24.7
4538.9 1595.6 24.9
4515.2 1599.6 24.8
4547.0 1610.7 24.8
4537.4 1605.5 24.8
4533.7 1617.7 24.7
4816.8 1574.2 25.4
4801.8 1572.0 25.2
4813.9 1580.8 25.4
4821.9 1592.9 25.4
4812.6 1590.0 25.4
4806.7 1593.5 25.3
4791.6 1590.2 25.3
4834.7 1602.4 25.3
4821.3 1602.9 25.3
4801.9 1598.2 25.3
4812.5 1613.2 25.2
4792.6 1610.8 25.3
4821.4 1623.2 25.2
4801.3 1619.9 25.2
4746.9 1475.4 24.3
4729.6 1480.0 24.4
4766.3 1487.6 24.2
4754.6 1485.4 24.3
4739.5 1485.7 24.4
4729.9 1489.2 24.4
4714.7 1491.0 24.5
4677.5 1488.6 24.8
4776.6 1498.5 24.1
4756.7 1499.2 24.3
4794.1 1509.5 24.1
4788.0 1510.4 24.1
4749.1 1507.2 24.4
4704.1 1508.0 24.6
4807.1 1539.9 24.1
4789.9 1534.9 24.1
4778.5 1534.3 24.2
4816.7 1557.0 24.8
4607.5 474.7 28.4
4625.2 483.2 28.5
4738.4 492.0 28.7
4714.3 500.7 28.4
4688.2 516.0 27.9
4626.9 515.9 27.7
4786.7 523.7 28.0
4673.4 524.5 27.7
4688.4 534.7 27.4
4692.3 540.4 27.3
4675.2 540.7 27.3
4658.7 545.6 27.1
4636.3 541.0 27.1
4743.4 571.4 26.7
4702.9 594.5 26.0
4702.8 625.3 25.5
4803.6 633.0 26.2
4716.9 633.1 25.6
4692.4 640.4 25.6
4685.8 655.8 25.7
4794.9 665.0 26.5
4713.7 663.8 26.0
4707.3 666.0 26.0
4694.1 660.4 25.8
4713.9 676.9 26.1
4802.4 681.7 26.3
4774.0 684.1 26.6
4723.4 682.2 26.3
4846.2 694.6 25.5
4838.7 696.2 25.6
4825.0 695.5 25.9
4814.2 693.9 26.0
4795.0 690.5 26.4
4778.2 693.3 26.7
4724.3 693.7 26.4
4816.8 704.4 25.9
4804.4 704.0 26.2
4773.6 705.4 26.7
4743.3 703.9 26.7
4838.0 715.7 25.5
4818.3 712.1 25.9
4738.6 710.3 26.7
4874.6 724.3 24.9
4868.1 723.4 25.0
4752.9 721.0 26.8
4883.6 732.1 24.7
4874.2 734.0 24.8
4864.5 735.1 25.0
4852.8 732.9 25.2
4847.2 733.1 25.3
4753.2 732.0 26.5
4738.3 731.0 26.5
4885.3 743.2 24.6
4873.8 745.0 24.8
4853.3 746.7 25.1
4838.8 744.9 25.4
4765.4 743.7 26.1
4754.2 741.6 26.2
4738.1 741.4 26.3
4727.7 746.6 26.1
4898.4 755.8 24.3
4887.2 753.9 24.5
4863.9 755.8 24.8
4842.6 751.8 25.1
4787.7 754.1 25.6
4762.6 750.3 25.9
4727.0 756.4 25.9
4717.7 756.2 25.8
4707.9 753.4 25.8
4888.4 760.7 24.4
4867.5 766.1 24.5
4835.1 764.2 24.8
4787.1 764.9 25.3
4776.3 765.0 25.3
4705.0 763.4 25.6
4805.2 776.5 24.7
4794.5 775.7 24.9
4785.5 774.0 25.0
4778.2 776.4 25.0
4715.8 774.9 25.5
4687.7 770.6 25.3
4678.9 774.2 25.1
4837.8 783.0 24.3
4782.5 782.5 24.8
4674.9 784.9 24.9
4663.7 782.6 24.8
4844.3 794.4 23.9
4826.1 793.0 24.1
4777.2 796.0 24.4
4683.7 795.6 24.8
4677.2 794.5 24.8
4833.1 805.1 23.9
4783.5 802.6 24.2
4773.4 801.8 24.3
4842.9 811.8 24.0
4792.4 810.4 23.9
4777.0 810.8 24.0
4753.0 814.0 24.1
4744.6 812.9 24.2
4668.0 815.0 24.3
4658.2 812.2 24.2
4787.6 821.1 23.8
4776.0 824.1 23.8
4767.4 831.1 23.8
4733.2 834.5 23.7
4718.6 834.4 23.9
4747.9 841.3 23.8
4722.8 842.7 23.7
4715.8 844.7 23.7
4948.7 918.4 26.6
4941.0 914.7 26.4
4940.3 924.5 26.5
4931.8 930.3 26.5
4941.6 940.1 26.7
4909.0 995.9 27.0
4921.2 1005.4 27.3
4931.5 1016.4 27.6
4940.2 1026.8 27.9
4940.9 1036.6 28.0
4910.3 1046.5 27.7
4932.3 1050.9 28.1
4921.1 1054.5 28.0
4887.8 1051.5 27.5
4939.5 1060.8 28.3
4909.9 1060.7 27.9
4877.1 1061.7 27.4
4869.5 1060.5 27.3
4861.6 1065.9 27.3
4847.8 1061.9 27.0
4873.2 1076.7 27.5
4859.2 1073.3 27.3
4840.2 1074.1 27.1
4830.1 1072.6 26.9
4993.4 1086.4 29.1
4862.9 1081.1 27.2
4828.4 1080.6 26.7
4882.9 1100.7 27.0
4889.0 1122.4 27.0
4881.6 1120.6 27.0
4809.4 1125.2 26.2
5029.6 1131.6 28.5
4897.3 1133.0 27.1
5031.9 1145.8 28.5
4882.0 1143.7 26.9
5051.6 1156.5 28.7
4887.2 1152.8 26.9
4879.3 1151.4 26.8
5027.5 1163.1 28.4
5021.0 1164.1 28.3
4949.3 1164.5 27.5
4887.2 1162.7 26.9
4882.7 1163.7 26.8
4807.7 1163.6 26.0
4948.9 1170.6 27.5
4923.6 1171.6 27.2
4909.9 1172.7 27.1
4858.4 1176.5 26.5
4846.9 1175.4 26.4
4827.4 1173.4 26.2
5030.3 1183.7 28.3
5012.4 1180.7 28.2
4941.5 1184.7 27.4
4910.1 1186.4 27.0
4902.0 1184.5 27.0
4880.3 1181.0 26.7
4867.4 1184.8 26.6
4862.7 1182.9 26.5
4833.2 1185.7 26.2
4813.1 1183.8 26.0
5077.0 1196.3 28.8
5040.3 1195.4 28.4
5029.7 1191.7 28.3
5021.1 1193.4 28.2
5010.1 1191.2 28.1
4960.4 1196.3 27.5
4949.0 1193.7 27.4
4930.3 1194.5 27.2
4891.4 1193.3 26.8
4869.0 1194.4 26.6
4861.1 1195.5 26.5
4801.4 1194.3 25.8
5052.5 1204.3 28.5
5029.7 1204.5 28.3
5022.1 1202.8 28.2
4997.6 1203.5 27.9
4948.8 1204.1 27.4
4938.7 1202.9 27.3
4928.4 1205.0 27.2
4877.0 1206.3 26.6
5093.1 1212.8 28.9
5067.7 1211.4 28.6
5038.3 1217.1 28.3
5022.4 1216.6 28.1
4880.6 1210.9 26.6
4871.0 1215.6 26.5
4842.4 1211.4 26.2
4830.6 1211.2 26.1
5093.5 1225.6 28.9
5072.2 1226.9 28.6
5040.4 1225.7 28.3
4882.2 1223.6 26.6
4851.4 1221.9 26.3
4830.8 1221.5 26.1
4822.0 1226.7 26.0
5079.4 1236.0 28.6
5041.5 1236.5 28.2
4891.7 1231.0 26.7
4880.2 1233.6 26.6
4863.4 1231.1 26.4
4891.5 1241.9 26.6
4827.5 1245.2 25.9
5059.2 1254.4 28.3
5032.1 1256.8 28.0
4839.9 1253.5 26.0
4823.4 1254.5 25.8
4812.3 1252.6 25.7
5049.0 1264.3 28.1
4830.4 1262.2 25.8
4813.4 1263.2 25.6
4898.1 1272.0 26.4
4807.9 1275.2 25.4
5027.2 1292.1 27.6
4887.8 1293.9 26.1
4808.9 1294.8 25.3
4801.7 1296.7 25.2
4991.8 1305.1 27.1
4878.5 1306.3 25.9
4799.3 1301.3 25.1
4929.3 1311.8 26.4
4901.2 1311.5 26.1
4832.9 1315.7 25.4
4811.3 1311.2 25.2
4968.2 1320.5 26.7
4930.1 1321.1 26.3
4813.0 1323.3 25.1
4803.3 1326.4 25.0
4937.3 1331.2 26.3
4907.0 1336.8 26.0
4941.3 1341.7 26.3
4821.4 1354.1 24.9
4811.3 1374.6 24.6
4819.7 1383.1 24.6
4797.5 1383.6 24.4
4831.6 1392.4 24.7
4807.0 1393.6 24.4
4799.0 1392.9 24.3
4822.0 1402.2 24.5
4828.3 1415.6 24.5
4817.4 1411.6 24.4
4817.2 1421.7 24.3
4813.6 1421.6 24.2
4808.9 1434.2 24.2
4811.0 1446.9 24.1
4832.6 1453.2 24.2
4837.4 1460.5 24.2
4826.9 1471.5 24.0
4819.6 1472.3 24.0
4839.2 1483.1 24.3
4840.1 1492.2 24.4
4830.8 1497.0 24.2
4842.2 1504.0 24.7
4850.1 1536.5 25.3
4852.9 1542.0 25.4
4909.0 1565.6 25.8
4931.0 1571.1 25.9
4947.7 1580.6 26.1
4912.1 1591.6 26.2
4882.7 1592.8 25.8
4952.4 1602.4 26.3
4937.6 1605.3 26.1
4899.1 1601.8 25.8
4972.5 1613.3 26.2
4961.7 1614.4 26.1
4920.8 1616.1 25.6
4911.7 1611.9 25.6
4900.0 1612.1 25.5
4960.9 1622.0 25.9
4952.5 1623.5 25.7
4942.7 1624.0 25.6
4926.8 1619.8 25.6
4907.4 1621.5 25.3
4961.0 1630.4 25.6
4951.1 1644.4 25.1
4968.8 1652.7 25.0
4947.1 1652.4 24.8
4997.6 1664.7 24.9
4969.4 1666.0 24.5
4959.7 1663.6 24.5
4998.9 1672.2 24.7
4967.1 1670.5 24.4
4979.1 1684.1 24.4
4988.5 1693.9 24.5
4976.9 1694.7 24.3
4997.1 1702.4 24.5
4980.1 1704.9 24.3
5018.4 1709.5 24.7
5010.3 1709.5 24.6
4987.1 1715.7 24.4
4979.8 1710.6 24.3
5031.6 1723.8 24.8
4996.3 1725.8 24.4
4986.8 1721.7 24.3
5069.5 1734.7 25.2
5060.9 1735.3 25.1
5050.9 1730.9 25.0
5012.4 1731.4 24.6
4996.2 1735.5 24.4
4992.3 1734.7 24.4
5029.3 1743.7 24.7
4997.7 1740.9 24.5
5046.8 1749.8 24.9
5039.0 1754.7 24.8
5008.3 1752.4 24.6
5379.2 1269.0 31.6
5366.1 1270.4 31.4
5277.8 1271.8 30.4
5428.4 1281.0 32.0
5416.3 1282.1 31.9
5377.0 1279.5 31.5
5368.9 1277.9 31.4
5315.1 1283.5 30.7
5339.4 1293.5 30.9
5318.7 1291.8 30.7
5308.9 1290.7 30.6
5255.5 1293.4 30.0
5200.1 1287.4 29.5
5068.7 1293.0 28.0
5427.7 1297.7 31.9
5395.8 1302.8 31.5
5358.0 1303.0 31.1
5346.6 1303.7 30.9
5339.3 1301.6 30.9
5313.9 1303.2 30.6
5297.6 1299.7 30.4
5268.5 1301.8 30.1
5408.1 1309.4 31.6
5399.0 1307.3 31.5
5359.7 1313.0 31.0
5346.8 1312.1 30.9
5334.2 1307.7 30.8
5317.0 1308.8 30.6
5297.5 1310.6 30.3
5278.6 1311.0 30.1
5254.6 1307.2 29.9
5236.3 1309.6 29.7
5227.3 1311.3 29.6
5129.9 1308.5 28.6
5400.4 1320.6 31.4
5370.0 1323.3 31.1
5358.3 1322.2 31.0
5348.6 1323.3 30.8
5336.6 1317.9 30.7
5324.5 1319.7 30.6
5305.9 1322.0 30.4
5287.0 1322.6 30.1
5275.8 1320.4 30.0
5245.8 1321.3 29.7
5216.5 1320.8 29.4
5206.2 1318.6 29.3
5056.8 1320.5 27.7
5396.9 1330.9 31.3
5389.2 1331.6 31.2
5376.3 1327.4 31.1
5364.6 1329.7 31.0
5346.0 1329.4 30.8
5215.4 1329.7 29.3
5210.2 1329.5 29.2
5197.4 1331.5 29.1
5170.4 1329.9 28.8
5136.1 1330.6 28.4
5074.4 1331.8 27.8
5068.6 1332.5 27.7
5209.7 1341.1 29.1
5184.4 1337.8 28.9
5164.1 1338.3 28.7
5148.1 1342.0 28.5
5137.4 1339.3 28.4
5128.3 1342.0 28.3
5115.7 1340.1 28.1
5044.4 1339.1 27.4
5008.4 1342.1 27.0
5175.2 1351.6 28.7
5160.2 1362.3 28.4
5146.5 1363.7 28.3
5064.3 1357.5 27.4
5058.2 1360.5 27.4
5027.1 1360.5 27.0
5169.2 1370.0 28.5
5147.8 1371.6 28.2
5089.9 1371.8 27.6
5036.9 1371.2 27.0
5097.9 1382.0 27.6
5176.9 1390.1 28.4
5167.7 1388.8 28.4
5160.3 1393.6 28.2
5107.7 1387.4 27.7
5164.7 1399.1 28.2
5134.2 1402.7 27.9
5125.6 1401.9 27.8
5038.1 1400.8 26.8
5029.1 1402.0 26.7
5129.1 1410.4 27.8
5060.4 1410.4 27.0
5044.4 1410.5 26.8
5187.0 1421.1 28.3
5064.8 1418.4 27.0
5039.1 1417.6 26.7
5167.5 1428.7 28.1
5127.1 1427.7 27.6
5118.0 1427.7 27.5
5065.2 1428.1 26.9
5063.8 1440.3 26.8
5059.9 1441.4 26.8
5120.2 1458.7 27.3
5138.8 1472.5 27.5
5109.1 1472.4 27.1
5085.6 1471.5 26.9
5125.0 1480.7 27.2
5094.9 1481.1 26.9
5129.7 1492.1 27.2
5094.2 1487.2 26.9
5089.5 1490.9 26.8
5056.5 1503.2 26.3
5095.9 1509.2 26.7
5085.0 1513.3 26.6
5077.4 1510.5 26.5
5045.8 1512.2 26.1
5145.5 1522.5 27.2
5129.4 1519.5 27.0
5118.7 1521.9 26.9
5105.6 1522.3 26.7
5086.4 1519.1 26.6
5165.4 1533.0 27.3
5157.8 1527.3 27.3
5148.8 1528.6 27.2
5105.1 1531.2 26.7
5098.1 1528.9 26.6
5030.2 1532.4 25.8
5153.9 1548.1 27.1
5147.3 1550.3 27.0
5059.4 1549.0 26.0
5187.0 1559.0 27.4
5168.5 1563.6 27.2
5155.2 1559.5 27.1
5148.1 1558.1 27.0
5049.0 1560.4 25.9
5040.4 1559.8 25.8
5015.9 1560.6 25.8
5175.8 1568.2 27.2
5167.6 1573.4 27.1
5013.8 1573.4 26.0
5207.0 1583.0 27.5
5197.6 1579.5 27.4
5186.0 1582.6 27.2
5180.3 1580.9 27.2
5159.7 1580.6 27.0
5146.6 1579.1 26.8
5025.1 1580.4 26.2
5183.8 1590.0 27.2
5229.7 1597.3 27.6
5215.5 1602.6 27.4
5124.3 1603.0 26.6
5119.8 1600.3 26.6
5217.2 1621.1 27.3
5206.8 1620.4 27.2
5006.8 384.1 31.7
5015.0 403.9 31.8
5024.8 412.1 31.9
5007.6 416.1 31.8
5045.2 421.2 32.1
5031.4 422.6 32.0
5006.1 423.2 31.8
5061.5 435.4 31.8
5053.0 435.3 31.8
5042.7 434.8 31.8
5037.6 435.6 31.7
5016.5 435.0 31.6
5004.1 436.2 31.5
4994.8 430.6 31.6
4986.0 432.5 31.5
5007.3 442.2 31.4
4995.8 443.2 31.3
4984.1 442.7 31.2
5077.5 454.7 31.4
5036.2 451.8 31.3
5027.3 453.3 31.2
5005.6 451.0 31.1
4996.3 453.5 31.0
4981.6 450.4 31.0
5037.0 460.4 31.0
5002.6 461.8 30.8
4994.8 461.6 30.8
4937.7 462.4 30.5
5086.9 474.5 30.9
5034.1 473.6 30.7
5011.9 471.0 30.6
4992.1 474.1 30.4
4971.3 471.3 30.4
5033.0 485.6 30.3
5012.9 482.9 30.3
4994.9 481.7 30.2
4976.6 483.4 30.1
5017.0 490.7 30.1
5006.5 490.8 30.1
4985.6 495.4 29.8
4975.7 493.1 29.8
4967.1 496.4 29.7
4957.6 494.5 29.7
5071.9 501.3 30.1
5064.6 502.6 30.0
5032.5 505.7 29.8
5002.2 501.3 29.7
4985.2 503.8 29.6
4972.8 506.0 29.5
4964.5 506.1 29.4
4956.2 502.9 29.5
5041.8 512.3 29.7
5011.9 511.4 29.5
4956.7 515.5 29.1
5055.5 522.6 29.4
5022.8 521.9 29.3
5011.9 521.0 29.3
4991.9 520.5 29.2
4961.9 520.9 29.0
4945.1 521.3 28.9
5021.6 530.9 29.0
4981.7 534.8 28.7
4974.8 535.9 28.7
4963.6 531.6 28.7
4935.9 530.8 28.6
4923.2 536.6 28.4
4972.9 544.6 28.4
4966.0 545.0 28.4
4955.8 544.9 28.3
4943.9 543.7 28.3
4927.2 544.2 28.2
5006.5 551.5 28.4
4985.1 555.8 28.2
4977.3 551.4 28.3
4944.3 553.1 28.0
4925.3 554.4 27.9
4916.5 550.6 28.0
5033.0 562.2 29.0
4997.5 562.7 28.4
4987.4 563.1 28.2
4956.8 564.6 27.8
4912.9 563.9 27.6
4984.7 576.4 28.3
4922.3 575.3 27.3
4914.6 576.5 27.3
4902.2 575.2 27.2
5011.8 582.2 28.9
4935.3 585.3 27.5
4921.4 580.9 27.2
4901.2 584.3 27.0
4895.2 584.3 27.0
5011.4 593.7 28.8
5007.3 595.4 28.8
4935.2 590.4 27.6
4897.6 595.0 27.0
4881.9 594.4 26.7
5002.2 605.7 28.7
4965.4 604.9 28.1
4944.9 601.8 27.8
4926.9 604.6 27.5
4913.2 601.4 27.3
4891.3 603.4 26.9
4957.3 614.2 28.0
4932.0 613.6 27.5
4917.6 611.9 27.3
4902.6 614.8 27.1
4891.7 612.0 26.9
4954.5 625.2 27.9
4942.8 622.6 27.7
4923.3 624.7 27.3
4915.7 624.2 27.1
4884.0 623.6 26.5
4932.1 633.8 27.2
4901.2 632.5 26.7
4876.9 631.4 26.2
4865.8 630.3 26.0
4971.5 645.1 27.8
4955.2 640.2 27.6
4944.0 644.3 27.2
4924.2 641.6 26.9
4907.0 643.5 26.6
4891.4 643.4 26.3
4962.0 652.4 27.4
4934.8 650.4 26.9
4913.8 655.2 26.4
4906.6 654.2 26.3
4894.2 655.9 26.0
4963.0 665.3 27.2
4951.5 661.5 27.0
4934.4 665.7 26.6
4944.5 674.7 26.6
4915.8 671.3 26.1
5317.1 460.1 32.9
5298.3 460.6 32.5
5284.2 481.1 32.5
5107.8 479.0 30.9
5346.4 489.3 33.7
5317.1 488.2 33.2
5303.6 488.6 33.0
5103.0 488.8 30.6
5333.8 496.9 33.6
5322.0 497.5 33.4
5305.7 499.9 33.1
5125.0 499.5 30.4
5327.9 510.2 33.7
5335.0 519.4 33.9
5322.5 522.3 33.7
5318.0 518.5 33.6
5263.1 532.6 32.8
5244.5 528.5 32.4
5164.1 532.6 31.0
5122.8 529.3 30.2
5312.2 541.4 33.7
5304.3 542.8 33.6
5292.2 538.6 33.4
5252.3 543.2 32.7
5173.3 538.1 31.2
5113.9 542.7 30.2
5282.8 549.0 33.2
5134.8 552.5 30.7
5126.2 551.7 30.5
5286.1 560.4 33.3
5195.7 558.5 31.8
5154.4 558.6 31.1
5145.3 559.1 31.0
5124.9 561.3 30.6
5093.0 559.8 30.0
5175.8 569.0 31.5
5168.0 573.3 31.4
5135.9 567.8 30.9
5116.7 569.2 30.6
5266.7 581.2 33.0
5242.4 582.8 32.6
5236.1 577.8 32.5
5184.6 581.8 31.6
5161.9 580.9 31.3
5122.0 577.1 30.6
5118.0 579.5 30.6
5254.3 591.0 32.8
5242.8 592.6 32.6
5235.8 587.5 32.5
5154.5 590.0 31.1
5125.1 588.3 30.7
5248.3 598.5 32.6
5235.0 600.1 32.4
5223.6 597.6 32.3
5207.7 601.9 32.0
5172.9 600.9 31.4
5166.4 600.8 31.3
5263.4 607.3 32.9
5255.2 607.5 32.8
5238.0 610.3 32.5
5173.2 611.9 31.4
5146.8 611.8 31.0
5117.4 611.8 30.5
5234.0 619.3 32.4
5207.1 620.5 32.0
5175.6 619.6 31.5
5125.4 620.2 30.7
5111.9 620.6 30.4
5197.4 629.6 31.8
5172.4 628.7 31.4
5154.4 632.8 31.1
5142.8 629.2 30.9
5132.9 631.5 30.8
5203.5 640.9 31.9
5182.1 639.8 31.5
5164.5 641.2 31.3
5116.2 639.4 30.5
5163.9 647.4 31.3
5183.3 663.4 31.5
5168.1 662.8 31.2
5152.5 688.7 30.3
5073.5 564.1 29.7
5066.5 577.1 29.7
5045.0 573.4 29.3
5041.6 598.9 29.3
5071.2 605.2 29.8
5045.2 607.5 29.4
5072.7 615.1 29.8
5055.5 617.2 29.5
5023.2 618.8 29.0
5042.1 628.7 29.3
5035.5 628.9 29.2
5075.0 633.3 29.8
5010.7 637.8 28.7
5026.5 642.9 28.9
5060.4 653.3 29.3
5007.5 653.9 28.3
5098.6 664.7 29.8
5067.8 660.5 29.3
5070.6 671.0 29.1
5061.8 673.2 28.9
5048.9 673.1 28.7
5027.5 673.5 28.2
5078.1 682.2 29.0
5051.6 678.9 28.6
5005.4 678.6 27.7
5055.5 692.8 28.4
5060.8 700.8 28.3
5048.1 700.0 28.1
5029.7 728.8 27.1
5031.8 749.7 26.7
5112.4 680.8 29.7
5126.8 686.8 29.9
5157.2 707.5 30.0
5115.6 708.4 29.2
5106.0 708.6 29.0
5132.9 717.0 29.3
5125.9 721.0 29.1
5108.3 718.1 28.8
5092.8 716.5 28.6
5087.3 718.7 28.4
5122.9 730.7 28.8
5115.3 736.0 28.6
5107.4 738.8 28.4
5122.7 746.0 28.5
5114.9 749.8 28.3
5095.8 747.2 28.0
5084.3 748.0 27.7
5115.2 757.7 28.2
5095.7 755.6 27.8
5084.5 761.0 27.5
5145.1 770.9 28.6
5138.7 769.8 28.5
5124.2 765.6 28.3
5114.2 768.0 28.1
5093.9 768.7 27.6
5078.2 764.6 27.4
5055.0 770.6 26.8
5126.9 779.9 28.1
5085.1 779.4 27.3
5047.6 779.7 26.5
5042.4 830.4 26.8
5022.5 837.9 26.6
4994.4 843.4 26.2
5022.8 852.0 26.8
5012.1 850.1 26.6
4992.1 847.9 26.3
5065.5 862.2 27.5
5053.1 857.9 27.3
5033.7 859.7 27.0
5021.8 862.4 26.9
5021.6 867.5 27.0
5013.4 868.8 26.8
5036.0 880.0 27.3
4995.7 878.9 26.7
5022.9 891.9 27.3
5011.2 893.6 27.1
5005.4 890.3 27.0
4995.3 888.0 26.8
5001.8 902.3 27.1
4983.0 897.1 26.8
4970.7 902.5 26.7
4992.5 923.1 27.3
4986.3 919.8 27.1
5020.2 931.1 27.8
4993.3 929.1 27.4
5090.0 887.7 28.2
5102.7 892.1 28.5
5111.3 907.9 28.8
5066.4 902.0 28.1
5090.3 915.6 28.6
5131.8 924.5 29.4
5078.2 923.6 28.5
5037.5 927.5 28.0
5129.6 934.0 29.4
5082.6 931.9 28.7
5038.8 935.2 28.1
5112.6 948.2 29.4
5089.5 952.0 29.1
5081.3 949.6 28.9
5121.4 960.3 29.7
5088.6 963.2 29.2
5082.1 962.8 29.1
5027.5 962.6 28.3
5088.5 971.4 29.3
5081.9 972.7 29.3
5066.6 971.5 29.0
5098.3 979.6 29.6
5041.5 980.2 28.8
5139.5 960.8 30.0
5137.9 979.0 30.2
5134.1 990.1 30.3
5129.0 987.3 30.2
5136.3 1001.0 30.5
5114.7 999.0 30.1
5125.2 1006.2 30.4
5118.7 1010.6 30.3
5108.0 1016.5 30.2
5113.1 1031.3 30.5
5123.5 1059.3 31.1
5085.9 1040.8 30.2
5071.3 1043.4 30.1
5074.8 1049.6 30.2
5116.4 1071.9 31.1
5081.0 1069.2 30.6
5085.0 1080.2 30.6
5072.1 1123.2 29.2
5138.6 1253.9 29.1
5118.1 1255.2 28.9
5146.3 1265.8 29.1
5124.1 1263.8 28.9
5118.8 1265.1 28.8
5106.7 1264.5 28.7
5105.7 1272.9 28.6
5095.5 1272.9 28.5
4971.3 1343.1 26.6
5005.2 1353.7 26.9
5015.3 1362.9 26.9
5003.5 1365.1 26.7
4981.7 1359.3 26.6
5024.1 1374.9 26.9
4951.4 1385.6 26.0
4940.2 1384.6 25.9
4960.7 1394.2 26.0
4955.5 1395.2 26.0
4944.1 1395.0 25.9
4973.7 1399.6 26.1
4930.3 1404.6 25.6
4910.7 1402.5 25.4
5025.7 1414.5 26.6
4996.1 1410.9 26.3
4973.0 1412.0 26.0
4945.6 1415.3 25.7
4913.8 1410.4 25.4
4902.1 1413.1 25.3
4896.0 1409.6 25.2
4873.6 1414.5 24.9
4971.1 1419.2 25.9
4953.4 1419.8 25.7
4910.1 1421.4 25.3
4884.8 1424.0 25.0
5040.9 1433.4 26.6
5036.1 1433.7 26.6
4959.7 1429.7 25.7
4935.9 1433.4 25.4
4923.3 1433.1 25.3
4910.9 1432.3 25.2
4862.1 1431.1 24.7
5050.8 1442.2 26.7
4910.7 1440.1 25.1
4884.4 1443.7 24.8
4860.0 1443.2 24.6
4963.7 1453.0 25.6
4946.0 1450.9 25.4
4930.3 1450.4 25.3
4920.4 1454.2 25.1
4912.5 1450.1 25.1
4901.5 1455.0 24.9
4880.0 1454.8 24.7
4873.9 1452.9 24.6
5011.8 1463.0 26.1
5004.3 1461.4 26.0
4982.3 1465.5 25.7
4949.9 1461.5 25.4
4940.2 1460.6 25.3
4921.6 1462.0 25.1
4902.4 1459.9 24.9
4893.9 1462.7 24.8
4873.4 1464.7 24.5
5000.0 1475.3 25.9
4979.8 1472.3 25.7
4950.9 1471.7 25.4
4943.1 1469.5 25.3
4913.7 1472.3 24.9
4874.6 1473.4 24.5
5015.4 1479.1 26.0
4962.7 1484.0 25.4
4950.7 1481.8 25.3
4921.2 1479.9 25.0
4901.5 1479.4 24.7
4882.5 1480.6 24.5
5051.1 1489.9 26.4
5014.6 1489.6 25.9
5002.3 1489.2 25.8
4981.2 1494.2 25.5
4949.8 1490.5 25.2
4946.1 1495.5 25.1
4925.0 1489.3 24.9
4914.9 1491.8 24.8
4880.5 1494.2 24.5
4874.9 1490.7 24.4
5041.7 1501.5 26.2
5015.2 1503.3 25.9
5001.0 1502.6 25.7
4991.2 1504.3 25.6
4985.1 1500.2 25.5
4962.4 1501.1 25.3
4945.6 1504.0 25.1
4935.7 1499.4 25.0
4880.9 1501.4 24.6
5009.9 1513.3 25.7
4962.5 1509.9 25.2
4941.6 1515.0 25.0
4911.0 1515.1 24.9
5003.2 1523.0 25.6
4994.6 1521.2 25.5
4984.9 1522.6 25.4
4954.8 1524.5 25.1
4941.8 1519.5 25.0
4921.2 1523.2 25.1
4914.2 1521.9 25.0
4960.0 1531.1 25.2
4952.9 1530.9 25.2
4944.5 1532.2 25.2
4933.5 1533.9 25.3
4920.9 1530.2 25.2
4913.3 1534.7 25.3
4986.0 1539.6 25.4
4963.4 1539.4 25.4
4913.6 1539.1 25.4
5010.4 1551.5 25.6
4920.4 1552.5 25.6
4894.3 1551.6 25.6
5004.9 1565.3 25.9
4934.7 1560.9 25.8
5219.1 878.3 30.3
5228.5 898.9 30.6
5222.3 898.8 30.5
5202.7 894.0 30.1
5236.7 917.2 30.9
5222.5 918.5 30.7
5206.8 916.9 30.4
5258.6 923.2 31.4
5238.0 925.8 31.0
5227.3 927.0 30.8
5262.1 934.9 31.5
5252.6 934.2 31.3
5242.1 935.8 31.2
5227.2 934.4 30.9
5212.8 936.5 30.7
5201.6 933.7 30.5
5302.0 948.0 32.3
5280.2 947.2 31.9
5227.1 944.0 31.0
5216.9 947.0 30.9
5210.6 946.7 30.8
5197.0 947.3 30.6
5310.4 958.1 32.6
5256.6 957.9 31.7
5296.7 964.3 32.4
5260.0 965.1 31.8
5226.8 967.0 31.3
5220.8 964.9 31.2
5191.8 969.3 30.8
5277.0 977.0 32.2
5268.9 979.3 32.1
5247.2 977.4 31.8
5227.9 977.7 31.5
4535.5 1218.4 25.5
4537.8 1227.5 25.3
4515.3 1273.2 25.4
4516.7 1282.8 25.5
4524.5 1288.8 25.5
4513.0 1290.0 25.4
4462.1 1308.7 25.3
4473.5 1320.6 25.3
4567.1 1227.8 25.2
4557.2 1225.3 25.2
4564.5 1238.4 25.2
4544.2 1242.0 25.2
4556.5 1258.7 25.4
4569.4 1267.5 25.6
4648.3 1305.6 25.8
4616.9 1305.5 25.8
4608.6 1305.3 25.7
4609.6 1317.0 25.5
5174.1 819.2 29.0
5189.4 829.8 29.4
5143.8 839.6 28.7
5130.7 842.8 28.4
5123.2 841.5 28.3
5135.6 849.1 28.6
5211.6 863.2 30.0
5192.0 858.0 29.7
5179.7 869.3 29.5
5172.3 871.6 29.4
5110.0 870.5 28.3
5174.8 880.1 29.5
5163.7 877.8 29.3
5150.6 878.0 29.1
5140.2 878.5 28.9
5135.7 878.9 28.8
5181.7 887.2 29.7
5085.3 800.6 27.3
5142.5 808.4 28.4
5126.2 806.0 28.1
5133.8 818.2 28.3
5066.7 818.6 27.1
5098.0 825.8 27.7
5101.9 836.1 27.9
5086.7 840.8 27.7
5185.8 976.8 30.9
5193.4 989.3 31.1
5156.7 992.2 30.6
5171.0 1000.4 31.0
5161.1 1000.5 30.8
5154.5 997.2 30.7
5216.3 1011.3 31.8
5153.3 1009.6 30.8
5211.0 1016.9 31.8
5171.1 1028.1 31.3
5214.0 1031.2 32.0
5217.3 1039.3 32.2
5208.6 1037.0 32.0
5232.8 1046.7 32.5
5226.4 1051.2 32.5
5232.5 1061.1 32.7
5226.9 1055.9 32.5
5147.5 1067.4 31.5
5246.8 1076.5 33.1
5235.8 1078.6 32.9
5185.5 1077.2 32.2
5176.8 1088.1 31.8
5123.5 1087.9 31.0
5305.7 1098.5 33.4
5246.6 1095.7 32.6
5126.8 1099.2 30.7
5115.2 1097.9 30.6
5108.0 1101.2 30.4
5276.9 1106.8 32.8
5265.5 1106.5 32.6
5239.0 1105.6 32.2
5105.5 1106.3 30.2
5287.3 1119.4 32.6
5186.4 1119.6 31.0
5163.9 1120.1 30.7
5108.3 1119.8 29.9
5265.8 1127.5 32.0
5255.0 1129.8 31.8
5227.7 1131.3 31.3
5175.9 1127.6 30.7
5155.5 1127.0 30.4
5144.4 1131.2 30.1
5334.3 1139.5 32.7
5295.7 1139.7 32.1
5277.9 1136.4 31.9
5255.4 1137.7 31.6
5247.7 1139.8 31.4
5238.8 1136.4 31.4
5194.2 1136.3 30.7
5172.5 1137.0 30.3
5168.0 1135.6 30.3
5155.8 1141.0 30.0
5294.7 1151.3 31.8
5274.5 1150.9 31.5
5264.2 1146.8 31.5
5235.3 1148.1 31.0
5194.6 1144.9 30.5
5157.9 1149.6 29.8
5133.2 1150.9 29.6
5318.1 1160.4 31.9
5307.5 1159.8 31.7
5288.0 1157.3 31.5
5247.4 1159.9 30.8
5237.7 1159.0 30.7
5213.9 1158.0 30.4
5206.3 1158.6 30.3
5192.9 1156.0 30.2
5154.6 1156.8 29.8
5147.4 1158.4 29.7
5297.5 1165.7 31.4
5284.8 1167.3 31.2
5156.1 1167.0 29.8
5137.3 1168.3 29.5
5117.4 1167.4 29.3
5103.0 1168.4 29.2
5097.5 1170.4 29.1
5288.8 1177.9 31.2
5273.4 1177.0 31.0
5134.9 1179.2 29.5
5245.5 1189.9 30.6
5237.0 1189.1 30.6
5214.2 1184.8 30.3
5145.4 1186.9 29.6
5123.7 1190.1 29.3
5114.3 1187.6 29.2
5243.0 1195.1 30.6
5216.3 1195.2 30.3
5125.7 1195.3 29.3
5232.9 1217.6 30.4
5226.5 1231.0 30.2
5213.7 1227.6 30.1
5233.3 1235.3 30.3
5224.6 1240.1 30.1
5218.7 1240.3 30.1
5206.8 1241.0 29.9
5219.0 1247.6 30.0
5208.2 1245.9 29.9
5198.3 1247.8 29.8
5188.6 1248.7 29.7
5248.3 1257.4 30.2
5236.1 1270.3 30.0
5287.8 722.8 32.2
5262.7 722.0 31.7
5254.9 727.1 31.5
5247.1 724.1 31.4
5288.8 731.0 32.1
5276.5 735.7 31.8
5263.4 734.2 31.5
5243.7 734.5 31.1
5235.0 741.4 30.9
5225.5 747.1 30.6
5218.9 746.5 30.5
5326.5 751.8 32.6
5314.3 753.6 32.3
5225.9 752.4 30.5
5286.7 762.2 31.6
5244.2 773.1 30.6
5239.2 771.1 30.5
5224.2 775.4 30.2
5207.8 776.1 29.8
5235.8 793.6 30.1
5200.9 794.1 29.4
5252.6 798.7 30.4
5213.9 800.6 29.6
5244.9 810.3 30.2
5224.9 813.7 29.9
5215.5 813.5 29.7
5261.8 821.2 30.6
5253.7 823.5 30.5
5245.2 820.2 30.3
5235.8 819.1 30.1
5234.6 841.2 30.3
5205.5 681.0 31.5
5224.3 695.1 31.6
5243.2 702.2 31.8
5232.5 703.0 31.6
5216.3 704.5 31.2
5204.9 706.0 31.0
5178.9 699.9 30.6
5227.1 713.1 31.2
5207.5 712.8 30.9
5196.5 715.5 30.6
5192.5 725.8 30.3
5185.1 725.5 30.2
5205.2 733.4 30.4
5175.4 765.4 29.3
5177.0 776.1 29.2
4945.1 739.1 25.2
4985.5 768.2 25.5
4924.0 769.8 24.2
4902.4 769.7 24.0
4998.2 778.9 25.6
4987.8 777.9 25.4
4942.4 776.6 24.6
4927.1 775.7 24.3
4995.7 785.2 25.6
4974.0 787.7 25.2
4967.5 787.3 25.1
4927.0 785.6 24.4
4972.2 799.1 25.3
4961.9 795.6 25.1
4957.0 799.9 25.1
4932.3 794.9 24.7
4926.7 795.2 24.6
4893.2 797.9 24.1
4937.5 805.7 24.9
4913.6 808.5 24.6
4894.8 806.3 24.2
4952.1 817.9 25.3
4941.7 817.9 25.1
4937.1 818.8 25.0
4916.2 818.0 24.7
4891.7 815.0 24.3
4977.3 829.8 25.8
4945.7 826.4 25.3
4935.5 826.3 25.1
4923.4 824.8 24.9
4883.9 825.2 24.3
4933.0 834.5 25.2
4922.9 838.0 25.1
4969.9 966.2 27.5
4925.0 962.5 26.8
4959.9 977.7 27.5
4939.9 976.2 27.2
4969.0 992.4 27.9
4948.8 1004.7 27.7
4943.2 1002.3 27.6
4882.5 1346.3 25.6
4870.6 1342.4 25.5
5035.7 990.8 28.8
5046.5 1010.8 29.3
5021.9 1008.6 28.9
5004.2 1007.7 28.6
4971.0 1004.3 28.0
5013.0 1022.4 28.9
5017.4 1031.5 29.1
4967.7 1028.8 28.3
5009.4 1041.4 29.1
4988.5 1041.6 28.8
5003.4 1053.6 29.2
4988.7 1048.6 28.9
5020.3 1058.9 29.5
4988.5 1059.5 29.1
4990.5 1070.9 29.2
5055.5 1037.6 29.7
5052.6 1042.7 29.8
5044.1 1065.4 30.0
5023.0 1092.6 29.3
5051.2 1114.8 29.1
4984.2 649.9 27.9
4995.6 670.8 27.7
4973.9 701.1 26.6
4970.7 707.4 26.4
4965.2 705.7 26.3
4966.0 717.4 26.1
4962.6 741.3 25.5
4538.6 1020.3 24.9
4531.1 1031.7 25.0
4730.7 230.0 29.5
4727.6 240.3 29.5
4730.4 274.6 29.6
4719.6 271.6 29.4
4727.7 282.7 29.6
4809.4 343.5 30.3
4741.5 335.6 29.8
4734.8 347.4 29.8
4782.9 359.4 30.1
4771.1 367.2 30.1
4680.7 355.3 28.9
4679.4 383.6 28.9
4707.2 395.3 29.5
4700.7 389.7 29.3
4691.5 391.6 29.2
4681.9 391.7 29.0
4696.8 402.5 29.3
4699.0 415.5 29.4
4725.2 403.3 29.8
4722.3 416.0 29.8
4713.7 421.6 29.6
4772.1 451.1 29.9
4744.1 453.3 29.7
4761.3 461.0 29.6
4795.6 207.9 29.9
4773.1 235.3 29.8
4766.7 236.4 29.7
4770.3 255.2 29.8
4761.5 258.9 29.8
4860.5 262.7 30.4
4860.6 277.2 30.5
4855.0 288.6 30.5
4834.0 293.8 30.3
4820.8 297.4 30.3
4802.2 294.3 30.1
4842.7 306.4 30.4
4826.5 307.1 30.3
4811.9 304.7 30.2
4803.2 304.3 30.1
4863.6 300.5 30.5
4891.8 321.7 30.8
4854.1 323.4 30.5
4874.6 335.3 30.7
4837.4 335.6 30.5
4823.7 350.3 30.4
4835.6 383.3 30.6
4864.0 427.5 30.8
4817.2 423.9 30.5
4806.4 427.1 30.5
4842.5 445.0 30.5
4802.5 464.4 29.7
4795.2 475.3 29.4
4802.5 489.8 29.0
4785.8 487.1 29.0
4816.5 497.0 28.9
4805.0 499.5 28.8
4831.8 506.8 28.7
4823.1 509.5 28.6
4816.9 505.6 28.7
4892.5 456.7 30.4
4884.5 467.7 30.0
4874.9 474.9 29.8
4892.1 484.5 29.6
4869.2 487.6 29.4
4835.0 539.6 27.9
4805.6 537.4 27.8
4830.7 550.0 27.5
4841.8 555.7 27.5
4835.5 556.1 27.4
4803.0 557.1 27.2
4819.4 564.5 27.1
4814.1 568.1 27.0
4792.4 564.0 27.0
4860.0 574.9 27.0
4812.6 578.7 26.7
4815.2 584.7 26.6
4791.5 588.4 26.4
4830.5 619.5 26.2
4829.3 628.5 26.1
4922.1 394.4 31.2
4927.1 398.1 31.2
4915.8 400.2 31.1
4923.3 413.3 31.2
4914.1 413.0 31.2
4895.5 412.6 31.0
4952.3 422.8 31.4
4946.3 423.3 31.4
4911.4 430.5 31.2
4925.0 442.0 31.0
4925.8 453.6 30.6
4747.3 623.7 25.7
4632.0 390.0 28.3
4598.4 408.9 28.0
4597.4 439.6 28.1
4598.0 446.1 28.2
4707.6 458.2 29.5
4702.8 455.2 29.5
4599.6 456.1 28.3
4702.1 465.9 29.2
4598.4 467.2 28.3
4701.4 282.4 29.1
4687.7 284.9 28.9
4662.0 316.6 28.5
4582.2 184.4 28.1
4621.6 205.3 27.5
4628.0 217.3 27.6
4629.1 229.4 27.7
4618.8 224.9 27.5
4609.0 226.2 27.3
4617.6 238.3 27.5
4597.0 237.0 27.3
4590.9 239.6 27.4
4582.4 237.2 27.5
4612.2 244.0 27.4
4600.7 244.9 27.2
4588.1 249.0 27.3
4578.7 246.0 27.4
4599.0 258.2 27.2
4569.8 254.9 27.4
4591.0 265.8 27.1
4582.5 266.0 27.1
4589.5 273.0 27.1
4581.2 276.8 27.0
4662.2 247.9 28.3
4645.8 265.6 28.1
4633.3 265.9 27.8
4628.4 269.8 27.8
4634.1 279.0 27.9
4623.9 278.1 27.7
4602.6 279.4 27.3
4614.9 297.0 27.6
4602.1 294.9 27.3
4594.8 295.0 27.2
4608.2 306.6 27.5
4606.7 320.1 27.5
4635.1 325.3 28.0
4622.7 325.7 27.8
4638.2 338.2 28.1
4552.9 315.5 26.7
4548.1 320.1 26.7
4552.1 229.0 27.8
4544.8 242.0 27.5
4701.2 1053.9 25.2
4747.2 990.8 25.0
4741.2 994.2 25.0
4796.4 1004.5 25.5
4732.3 1004.2 25.0
4782.8 904.3 24.5
4790.9 909.4 24.5
4783.9 909.6 24.5
4809.7 933.7 24.8
4778.7 928.5 24.6
4787.8 943.7 24.8
4783.2 942.6 24.8
4789.8 950.3 24.9
4509.6 269.2 27.1
4291.8 289.5 27.2
4551.0 366.0 27.0
4564.0 374.6 27.3
4573.0 387.6 27.5
4573.3 396.9 27.5
4574.0 445.6 27.9
4338.3 469.3 25.6
4339.4 476.7 25.5
4331.3 485.2 25.4
4440.3 499.3 26.4
4367.9 497.3 25.4
4362.6 499.5 25.3
4343.4 495.5 25.3
4459.4 508.9 26.5
4348.3 509.1 25.2
4339.0 505.8 25.2
4460.3 516.2 26.5
4441.8 516.9 26.3
4448.7 529.9 26.3
4442.0 524.8 26.2
4452.3 534.8 26.3
4457.5 545.2 26.2
4421.4 545.8 25.9
4409.0 545.8 25.7
4402.0 546.0 25.7
4687.6 547.6 27.1
4634.7 544.3 27.0
4703.8 558.1 26.9
4634.1 554.9 26.7
4627.1 555.4 26.7
4700.0 563.7 26.7
4694.5 574.1 26.5
4687.4 576.7 26.4
4697.0 588.6 26.1
4686.5 598.2 25.8
4545.1 667.7 24.7
4212.7 279.3 27.0
4205.5 277.1 27.1
4184.1 277.2 27.2
4182.6 283.8 27.1
4175.8 297.4 26.9
