6952.4 7745.2 35.1
6925.8 7745.3 34.9
6924.0 7753.6 34.9
6942.5 7784.2 35.5
6904.8 7785.3 35.1
6939.7 7790.7 35.5
6931.3 7793.8 35.5
6899.8 7791.4 35.2
6932.6 7801.0 35.6
6891.1 7803.6 35.2
6921.1 7813.1 35.6
6864.7 7835.8 35.3
6851.7 7850.4 35.3
6870.9 7865.6 35.7
6836.1 7865.4 35.3
6880.0 7871.1 35.9
6863.0 7883.6 35.9
6833.1 7893.5 35.6
6833.7 7901.8 35.7
6814.1 7904.6 35.5
6853.4 7914.7 36.1
6841.2 7911.1 35.9
6831.8 7913.2 35.8
6814.1 7925.6 35.8
6806.1 7922.8 35.6
6780.5 7921.5 35.3
6823.8 7933.9 36.0
6831.4 7950.4 36.3
6825.3 7950.3 36.2
6790.2 7984.8 35.6
6783.2 7982.9 35.5
6801.3 7624.1 34.0
6781.9 7627.8 34.0
6722.1 7625.6 34.1
6821.8 7639.9 33.7
6812.1 7639.5 33.7
6799.3 7638.1 33.8
6778.8 7637.0 33.8
6773.7 7637.7 33.8
6728.3 7638.0 33.8
6813.7 7646.6 33.6
6779.7 7646.5 33.6
6741.3 7649.8 33.6
6733.4 7645.9 33.7
6841.6 7654.1 33.4
6831.8 7657.9 33.3
6800.8 7658.0 33.4
6848.2 7668.9 33.1
6839.7 7667.7 33.1
6811.1 7669.4 33.1
6799.8 7665.1 33.2
6777.7 7667.6 33.2
6788.0 7675.1 33.0
6770.6 7677.0 33.0
6863.3 7685.7 33.3
6822.4 7685.1 32.8
6809.0 7687.3 32.8
6800.0 7684.2 32.9
6787.4 7687.0 32.8
6780.9 7687.0 32.8
6878.8 7695.1 33.6
6819.0 7697.3 32.7
6797.6 7695.0 32.7
6853.2 7706.6 33.4
6837.5 7710.2 33.3
6827.3 7705.4 33.0
6791.6 7709.8 32.4
6858.8 7716.6 33.6
6842.2 7713.8 33.4
6860.8 7728.2 33.8
6849.7 7723.9 33.6
6857.7 7736.3 33.9
6704.7 7626.0 34.1
6714.2 7639.0 33.8
6687.8 7646.0 33.7
6688.1 7657.8 33.5
6664.4 7660.5 33.5
6736.7 7666.9 33.3
6727.5 7671.1 33.2
6725.5 7680.3 33.0
6688.9 7678.4 33.1
6663.5 7680.1 33.1
6724.9 7685.1 32.9
6712.5 7691.5 32.8
6686.5 7690.1 32.9
6664.9 7688.5 32.9
6766.5 7701.7 32.6
6736.9 7697.5 32.7
6687.6 7695.4 32.8
6658.1 7696.1 32.8
6766.2 7706.5 32.5
6742.8 7710.6 32.4
6666.5 7709.5 32.5
6784.6 7720.8 32.5
6756.5 7719.7 32.2
6797.2 7728.7 33.0
6787.7 7730.9 32.8
6776.3 7731.1 32.6
6747.7 7726.1 32.1
6843.0 7736.2 33.7
6837.2 7739.7 33.7
6829.1 7736.3 33.5
6786.8 7741.7 33.0
6837.7 7747.4 33.8
6786.4 7747.0 33.1
6824.5 7761.0 33.8
6816.9 7758.6 33.6
6805.9 7760.1 33.5
6796.4 7759.1 33.4
6787.7 7758.0 33.3
6827.6 7781.4 34.1
6807.8 7775.3 33.7
6825.2 7790.7 34.2
-4386.3 5360.1 19.8
-4390.5 5365.4 19.6
-4405.6 5369.9 19.3
-4432.2 5368.9 19.1
-4371.8 5386.8 19.3
-4383.0 5389.2 19.2
-4434.9 5389.7 18.9
-4520.7 5328.4 19.2
-4522.3 5334.0 19.1
-4488.1 5344.6 19.1
-4511.0 5346.7 19.0
-4522.5 5346.5 19.0
-4478.9 5356.5 19.1
-4488.9 5354.4 19.0
-4528.7 5354.6 19.0
-4489.4 5373.1 18.9
-4488.7 5397.1 18.8
-4498.8 5414.3 18.6
-4512.0 5415.0 18.6
-4517.5 5427.8 18.5
-4462.3 5080.1 18.2
-4394.4 5089.3 17.4
-4440.7 5089.8 17.9
-4472.2 5090.6 18.3
-4365.0 5096.6 17.1
-4381.6 5097.2 17.3
-4391.0 5098.3 17.4
-4399.7 5099.6 17.5
-4419.6 5101.4 17.8
-4434.8 5097.8 17.9
-4452.2 5096.4 18.1
-4474.3 5096.1 18.3
-4375.5 5110.0 17.4
-4384.2 5106.2 17.5
-4390.5 5108.8 17.5
-4414.2 5106.0 17.8
-4432.9 5111.4 18.0
-4466.1 5111.5 18.4
-4472.5 5105.8 18.4
-4371.3 5121.5 17.5
-4382.3 5121.4 17.6
-4404.6 5116.6 17.8
-4454.6 5120.4 18.4
-4470.0 5121.3 18.5
-4375.5 5129.0 17.6
-4391.9 5126.5 17.8
-4421.0 5125.3 18.1
-4455.4 5125.7 18.4
-4461.9 5126.6 18.5
-4376.0 5136.5 17.7
-4402.1 5141.3 18.1
-4414.6 5137.2 18.1
-4420.0 5136.6 18.2
-4431.0 5141.0 18.4
-4444.6 5137.5 18.5
-4449.6 5136.1 18.5
-4381.4 5150.5 18.2
-4404.3 5148.7 18.3
-4425.7 5151.7 18.6
-4432.0 5150.0 18.6
-4441.5 5148.0 18.7
-4459.7 5147.3 18.8
-4484.0 5145.3 19.0
-4405.6 5157.8 18.6
-4413.5 5161.0 18.8
-4425.6 5160.0 18.9
-4439.8 5159.2 19.0
-4462.5 5159.6 19.2
-4479.9 5160.7 19.4
-4399.8 5168.4 18.9
-4442.0 5169.0 19.3
-4461.0 5165.4 19.4
-4491.3 5167.3 19.7
-4395.1 5176.3 19.0
-4414.8 5175.5 19.2
-4419.8 5177.6 19.3
-4430.4 5177.1 19.3
-4440.9 5176.1 19.4
-4449.8 5176.0 19.5
-4463.7 5176.4 19.6
-4481.2 5176.6 19.8
-4491.5 5177.5 19.9
-4405.4 5191.9 19.4
-4432.7 5186.3 19.5
-4439.8 5187.8 19.6
-4482.4 5190.0 19.9
-4404.3 5197.8 19.5
-4425.7 5198.4 19.7
-4445.6 5196.2 19.8
-4453.2 5195.4 19.8
-4463.7 5199.9 19.8
-4475.3 5200.3 19.8
-4482.6 5196.0 19.8
-4492.6 5195.3 19.8
-4400.6 5207.0 19.6
-4410.3 5211.0 19.5
-4419.6 5210.9 19.6
-4430.7 5207.7 19.6
-4421.9 5217.1 19.5
-4430.3 5217.8 19.5
-4450.6 5215.6 19.5
-4481.6 5216.9 19.5
-4506.1 5218.2 19.5
-4403.6 5228.2 19.3
-4416.1 5226.9 19.3
-4424.5 5231.5 19.3
-4446.0 5231.4 19.3
-4452.4 5230.4 19.3
-4483.6 5227.3 19.4
-4490.2 5226.5 19.4
-4502.6 5226.3 19.4
-4510.8 5231.4 19.4
-4409.9 5239.2 19.1
-4423.9 5239.7 19.2
-4435.6 5237.5 19.2
-4513.2 5237.9 19.3
-4412.4 5249.2 19.0
-4424.6 5247.1 19.1
-4451.8 5251.4 19.0
-4461.1 5250.1 19.1
-4470.2 5250.5 19.1
-4480.5 5248.4 19.1
-4489.7 5246.3 19.1
-4511.5 5248.0 19.1
-4415.2 5261.5 18.9
-4421.6 5257.7 18.9
-4464.7 5256.1 19.0
-4471.3 5259.8 19.0
-4484.5 5257.2 19.0
-4494.5 5258.7 19.1
-4413.4 5268.1 19.0
-4420.8 5267.7 19.1
-4433.7 5269.0 19.1
-4445.6 5270.6 19.2
-4460.9 5270.4 19.2
-4473.5 5265.8 19.2
-4514.0 5266.4 19.3
-4423.7 5279.4 19.3
-4455.4 5277.9 19.3
-4472.2 5275.5 19.3
-4481.0 5278.5 19.4
-4491.1 5279.2 19.4
-4509.8 5281.8 19.5
-4422.4 5289.8 19.4
-4431.7 5288.5 19.5
-4515.5 5287.5 19.7
-4452.5 5297.2 19.7
-4472.1 5300.1 19.8
-4444.5 5309.2 19.9
-4450.8 5310.3 19.9
-4460.6 5306.7 19.9
-4473.5 5306.7 19.9
-4421.0 5316.2 19.9
-4441.5 5321.4 20.1
-4451.0 5317.8 20.0
-4471.2 5321.9 19.8
-4510.1 5317.5 19.4
-4521.3 5315.5 19.4
-4421.0 5328.0 20.1
-4431.5 5329.8 20.1
-4441.5 5329.3 20.0
-4455.3 5325.6 19.9
-4475.6 5330.5 19.5
-4465.7 5336.7 19.4
-4473.3 5337.9 19.3
-4388.0 5260.1 18.8
-4301.0 5286.0 19.1
-4320.1 5283.8 19.1
-4301.7 5296.9 19.2
-4312.0 5293.4 19.2
-4320.3 5294.6 19.3
-4338.7 5291.8 19.3
-4299.2 5301.0 19.3
-4309.4 5304.8 19.4
-4353.8 5305.5 19.5
-4363.4 5304.9 19.6
-4293.3 5316.6 19.6
-4301.6 5311.7 19.5
-4313.2 5316.9 19.6
-4317.6 5312.0 19.6
-4349.0 5311.8 19.6
-4363.2 5314.9 19.7
-4292.2 5325.0 19.7
-4343.2 5322.3 19.8
-4348.0 5327.5 19.9
-4357.3 5323.1 19.9
-4318.6 5336.3 20.0
-4353.2 5332.6 20.0
-4479.9 5065.7 18.9
-4487.1 5065.4 19.1
-4497.3 5063.9 19.4
-4507.0 5068.2 19.5
-4495.1 5075.9 19.1
-4506.1 5075.5 19.4
-4490.3 5086.2 18.8
-4498.6 5085.3 19.0
-4511.2 5085.7 19.3
-4518.9 5082.8 19.5
-4490.8 5098.8 18.6
-4496.0 5098.8 18.7
-4508.9 5096.5 19.0
-4485.5 5104.5 18.5
-4496.6 5103.2 18.7
-4509.9 5104.2 18.9
-4528.0 5103.3 19.4
-4535.7 5114.7 19.3
-4497.5 5129.3 18.9
-4510.8 5125.6 19.0
-4519.8 5128.2 19.2
-4499.0 5145.6 19.1
-4508.0 5149.0 19.3
-4510.5 5156.9 19.6
-4516.8 5158.9 19.7
-4537.7 5152.8 19.7
-4551.3 5153.0 19.8
-4547.4 5168.7 20.2
-4569.1 5169.4 20.3
-4515.9 5178.7 20.1
-4527.3 5173.4 20.1
-4548.9 5173.9 20.2
-4560.0 5176.2 20.2
-4521.4 5186.5 20.0
-4527.8 5189.3 20.0
-4535.4 5187.7 20.0
-4529.0 5196.4 19.9
-4540.2 5194.9 19.9
-4557.4 5195.1 19.9
-4548.5 5203.3 19.8
-4579.0 5203.3 19.8
-4540.6 5219.2 19.6
-4546.7 5216.4 19.6
-4554.8 5214.7 19.6
-4567.6 5213.9 19.7
-4575.7 5218.6 19.6
-4589.8 5213.3 19.7
-4538.6 5225.5 19.5
-4550.0 5224.5 19.5
-4577.5 5228.3 19.5
-4587.6 5226.3 19.5
-4525.8 5235.1 19.3
-4547.6 5236.6 19.3
-4567.3 5235.8 19.4
-4577.2 5235.2 19.4
-4605.4 5236.4 19.4
-4557.4 5247.7 19.2
-4606.4 5248.1 19.2
-4530.4 5255.6 19.1
-4577.8 5254.5 19.2
-4616.2 5257.8 19.4
-4537.3 5267.5 19.4
-4597.9 5268.3 19.6
-4541.3 5274.5 19.5
-4549.7 5275.3 19.5
-4556.3 5275.9 19.6
-4581.3 5279.0 19.6
-4600.1 5273.2 19.5
-4619.1 5274.1 19.3
-4546.1 5283.9 19.7
-4560.5 5286.1 19.7
-4558.8 5293.1 19.5
-4597.1 5294.1 19.2
-4620.0 5293.6 19.2
-4576.0 5329.3 19.0
-4601.3 5328.3 19.0
-4610.3 5338.0 18.9
