6845.9 8772.7 16.6
6832.8 8770.9 15.7
6811.5 8775.5 14.5
6804.0 8775.4 14.1
6861.9 8783.6 17.9
6857.5 8779.9 17.6
6787.2 8784.1 14.3
6874.2 8790.3 18.9
6817.7 8794.5 16.5
6802.2 8794.0 16.0
6950.3 8367.4 16.8
6942.3 8366.9 16.6
6950.2 8381.1 16.9
6943.1 8387.3 16.7
6919.7 8383.6 16.2
6950.9 8396.4 17.0
6922.8 8396.1 16.3
6911.5 8396.4 16.1
6930.4 8406.6 16.5
6912.8 8403.9 16.2
6905.5 8416.0 16.1
6942.7 8421.1 16.9
6901.7 8424.8 16.0
6890.3 8423.2 15.8
6934.4 8436.3 16.7
6910.6 8435.8 16.2
6899.5 8431.8 16.0
6902.6 8446.7 16.1
6884.7 8455.3 15.8
6950.5 8467.4 17.4
6934.2 8463.3 16.9
6921.8 8475.2 16.5
6875.2 8472.2 15.6
6940.8 8486.6 17.2
6880.7 8484.0 15.8
6930.1 8497.1 16.9
6923.0 8506.9 16.8
6921.5 8514.3 16.8
6912.1 8516.3 16.5
6896.0 8516.5 16.1
6923.1 8526.2 16.9
6914.3 8527.6 16.6
6946.0 8327.3 17.0
6601.2 8251.1 10.3
6606.8 8260.4 10.3
6598.5 8259.1 10.1
6632.2 8285.9 10.6
6538.9 8287.5 8.5
6519.2 8286.0 8.1
6540.1 8295.7 8.4
6529.1 8301.2 8.3
6507.6 8299.3 7.9
6558.0 8310.8 9.0
6551.2 8315.9 8.9
6541.1 8326.6 8.8
6470.0 8421.5 7.9
6477.0 8435.7 8.1
6471.7 8434.3 8.0
6461.0 8432.2 7.8
6457.7 8447.0 7.8
6481.4 8472.3 8.4
6457.1 8386.2 7.5
6201.0 8061.8 3.5
6212.6 8073.0 3.6
6204.0 8097.5 3.3
6184.9 8094.5 3.0
6234.8 8103.8 3.9
6205.5 8103.4 3.3
6192.2 8103.6 3.1
6222.5 8114.1 3.5
6211.9 8114.9 3.3
6201.1 8112.7 3.2
6191.8 8115.2 3.2
6173.5 8113.7 3.0
6205.9 8122.2 3.3
6225.5 8132.2 3.5
6215.0 8136.2 3.5
6274.4 8144.3 4.4
6233.0 8143.5 3.6
6355.5 8154.5 6.0
6250.3 8152.1 3.8
6241.1 8153.0 3.8
6252.4 8165.4 3.9
6241.7 8166.3 3.9
6340.7 8174.2 5.5
6269.6 8176.1 4.1
6251.9 8175.8 4.0
6262.8 8183.5 4.1
6252.7 8181.6 4.0
6362.4 8193.7 5.8
6355.8 8196.9 5.7
6295.0 8194.3 4.5
6280.5 8192.0 4.3
6395.6 8205.4 6.6
6373.7 8204.9 6.1
6355.0 8206.6 5.7
6345.5 8204.6 5.5
6289.6 8204.4 4.6
6273.3 8206.4 4.4
6403.5 8213.1 6.8
6375.3 8216.5 6.2
6353.7 8212.0 5.7
6310.5 8217.4 5.0
6390.4 8226.8 6.5
6359.9 8227.4 5.9
6341.3 8226.8 5.5
6285.2 8225.1 4.8
6365.2 8231.4 6.1
6356.0 8236.0 5.8
6323.0 8231.7 5.3
6294.8 8235.8 5.1
6380.8 8242.3 6.4
6362.6 8243.5 6.0
6343.2 8242.8 5.6
6303.4 8243.6 5.3
6405.0 8262.0 6.8
6355.2 8267.1 6.1
6401.4 8271.4 6.8
6355.2 8276.0 6.3
6361.4 8293.0 6.6
6355.9 8294.3 6.6
6303.4 8296.1 6.0
6391.7 8302.9 7.0
6359.5 8305.2 6.6
6320.9 8305.4 6.1
6314.4 8304.1 6.0
6392.6 8314.2 6.9
6363.5 8311.6 6.5
6336.1 8315.0 6.1
6300.0 8317.6 5.6
6359.7 8321.3 6.3
6341.4 8322.1 6.1
6395.4 8334.8 6.9
6363.8 8337.1 6.3
6356.0 8333.3 6.2
6345.0 8331.3 6.0
6323.4 8333.7 5.6
6304.4 8336.7 5.3
6381.4 8342.3 6.6
6372.2 8341.8 6.4
6355.2 8341.8 6.1
6344.6 8347.4 5.9
6303.6 8347.5 5.2
6296.0 8343.2 5.0
6394.1 8352.3 6.8
6371.8 8355.0 6.4
6354.5 8352.0 6.1
6304.3 8354.2 5.1
6289.6 8352.6 4.9
6285.6 8355.7 4.8
6384.6 8366.5 6.6
6360.6 8363.8 6.1
6344.5 8367.6 5.8
6329.9 8361.4 5.6
6325.6 8365.9 5.5
6305.0 8366.9 5.1
6282.4 8362.6 4.7
6350.5 8377.2 5.9
6343.1 8375.2 5.8
6322.9 8374.7 5.4
6304.4 8372.7 5.1
6294.9 8377.3 4.9
6341.2 8382.1 5.7
6331.4 8382.9 5.5
6312.1 8381.4 5.2
6304.6 8382.3 5.0
6351.1 8396.1 5.9
6345.1 8394.8 5.8
6335.6 8395.1 5.6
6374.0 8404.9 6.3
6345.5 8403.5 5.7
6330.7 8403.3 5.5
6323.9 8407.3 5.3
6390.3 8415.5 6.6
6343.8 8411.8 5.7
6381.2 8425.8 6.5
6334.5 8424.0 5.6
6353.2 8435.4 6.0
6335.3 8431.9 5.6
6305.7 8437.0 5.1
6391.5 8441.5 6.8
6382.8 8442.5 6.6
6371.8 8444.8 6.4
6319.4 8447.5 5.4
6314.9 8445.4 5.3
6302.8 8442.6 5.1
6295.7 8441.5 4.9
6385.3 8456.3 6.8
6343.4 8454.3 6.0
6329.8 8457.4 5.7
6319.5 8457.1 5.5
6341.8 8461.6 6.0
6310.7 8466.8 5.4
6289.7 8467.3 5.0
6275.3 8461.7 4.7
6341.5 8477.7 6.2
6314.5 8475.2 5.6
6299.9 8477.8 5.4
6295.4 8474.0 5.2
6281.3 8473.9 5.0
6273.7 8471.8 4.8
6261.6 8472.6 4.6
6342.7 8481.6 6.3
6332.6 8486.2 6.2
6323.5 8482.0 5.9
6273.5 8483.7 5.0
6250.0 8482.6 4.5
6345.6 8491.5 6.5
6334.7 8497.2 6.4
6310.8 8496.9 5.9
6304.8 8492.3 5.7
6281.2 8495.6 5.3
6254.1 8497.4 4.9
6384.6 8507.5 7.3
6331.2 8507.1 6.4
6280.9 8506.4 5.5
6239.5 8507.2 4.8
6232.5 8502.8 4.5
6332.3 8517.3 6.4
6319.7 8515.0 6.2
6304.6 8514.2 6.1
6291.6 8515.9 5.9
6281.0 8513.1 5.7
6260.2 8516.1 5.3
6222.8 8514.5 4.6
6384.4 8524.1 7.6
6375.4 8522.2 7.2
6342.7 8524.9 6.5
6330.0 8522.6 6.4
6294.7 8521.8 6.0
6265.7 8522.7 5.5
6244.5 8525.9 5.2
6233.4 8524.5 4.9
6221.6 8524.4 4.7
6214.4 8521.6 4.5
6323.1 8532.6 6.3
6310.9 8536.7 6.1
6259.7 8537.7 5.6
6230.9 8533.8 5.1
6211.1 8537.1 4.7
6206.1 8534.9 4.6
6380.3 8542.5 7.7
6372.0 8546.9 7.4
6345.3 8545.5 6.5
6321.9 8541.5 6.3
6243.7 8542.7 5.4
6212.0 8541.7 4.8
6194.0 8545.0 4.6
6332.4 8553.5 6.2
6323.9 8555.1 6.2
6313.2 8556.2 6.1
6262.0 8552.5 5.6
6254.0 8552.8 5.5
6219.6 8552.8 5.1
6212.9 8554.5 5.0
6195.0 8553.5 4.7
6362.9 8566.4 7.3
6342.8 8561.6 6.3
6319.6 8565.2 5.8
6316.0 8563.0 5.9
6304.2 8567.6 5.7
6292.7 8564.0 5.8
6280.8 8563.4 5.7
6221.0 8566.3 5.1
6204.7 8562.3 5.0
6192.8 8567.4 4.8
6183.2 8563.8 4.7
6175.9 8562.1 4.5
6301.0 8573.2 5.5
6214.2 8572.1 5.0
6202.7 8576.0 4.9
6184.1 8571.9 4.7
6175.1 8572.8 4.6
6374.2 8585.4 8.0
6364.0 8581.6 7.5
6294.0 8584.5 5.1
6274.0 8587.6 5.0
6221.2 8582.1 5.0
6214.7 8585.1 4.9
6184.6 8582.5 4.7
6299.4 8592.1 4.9
6273.5 8596.6 4.7
6233.2 8594.4 4.8
6191.8 8592.8 4.6
6292.7 8601.4 4.6
6250.6 8604.6 4.5
6281.8 8625.8 5.2
6245.5 8635.0 4.7
6274.7 8643.8 5.8
6260.8 8645.4 5.5
6250.9 8642.7 5.1
6223.2 8631.3 4.0
6223.4 8640.7 4.2
6240.0 8650.1 4.7
6229.9 8648.3 4.4
6274.6 8664.2 5.8
6260.7 8662.1 5.3
6251.0 8664.2 4.9
6242.4 8660.5 4.7
6262.8 8670.7 5.2
6254.2 8670.6 5.0
6292.6 8682.1 6.1
6263.2 8681.5 5.3
6292.0 8687.8 5.9
6269.6 8692.4 5.5
6285.0 8698.6 5.8
6372.2 8719.0 8.6
6359.5 8718.0 8.1
6331.5 8722.4 6.9
6352.5 8728.4 7.5
6344.1 8732.6 7.2
6345.3 8741.1 7.3
6370.0 8763.0 7.6
6202.9 8662.7 3.9
6212.6 8672.0 4.1
6207.2 8680.5 4.1
6206.0 8695.0 4.1
6223.2 8706.5 4.6
6205.9 8705.1 4.2
6192.2 8705.4 3.9
6186.6 8702.1 3.8
6217.2 8713.6 4.5
6198.1 8715.9 4.1
6187.5 8710.5 3.9
6204.1 8725.7 4.3
6193.7 8722.3 4.1
6213.0 8732.6 4.5
6206.6 8732.3 4.4
6207.0 8741.7 4.4
6185.1 8742.9 4.0
6204.9 8754.0 4.5
6069.3 8625.1 3.6
6110.9 8637.2 3.6
6100.3 8637.0 3.6
6075.7 8636.8 3.5
6104.4 8647.6 3.6
6094.4 8642.6 3.6
6080.7 8644.9 3.5
6151.5 8651.9 3.7
6142.0 8653.3 3.7
6110.0 8656.6 3.5
6092.0 8654.1 3.5
6169.5 8665.9 3.7
6154.2 8662.2 3.6
6140.2 8667.2 3.6
6134.4 8663.0 3.6
6170.0 8671.1 3.6
6159.3 8671.4 3.6
5882.0 8554.6 2.2
5871.6 8556.8 2.3
5861.0 8556.5 2.2
5857.3 8558.0 2.2
5865.0 8565.4 2.4
5853.4 8566.0 2.4
5966.6 8575.4 2.7
5922.0 8578.8 2.7
5917.4 8576.5 2.6
6005.8 8584.1 3.1
5934.8 8586.0 3.0
5866.7 8586.0 2.7
6032.1 8594.2 3.5
6023.6 8597.2 3.6
6016.8 8596.2 3.5
6001.9 8597.3 3.4
5894.8 8599.1 2.8
5853.3 8597.3 2.5
5841.7 8597.2 2.4
6053.4 8604.6 3.7
6047.4 8607.9 3.6
6026.5 8609.1 3.4
6014.4 8608.8 3.4
5971.3 8604.7 3.2
5855.9 8606.7 2.4
6052.0 8617.0 3.6
6045.5 8617.0 3.5
5877.0 8626.2 2.4
5866.2 8627.4 2.3
5851.5 8623.5 2.1
5865.2 8639.5 2.1
5855.7 8635.9 2.0
5844.3 8636.1 1.9
5880.9 8645.7 2.2
5861.6 8644.4 2.0
5851.9 8647.4 1.9
5875.0 8657.4 2.0
5864.9 8657.5 1.9
5854.4 8656.5 1.8
5912.2 8666.9 2.1
5904.7 8680.1 1.9
5893.1 8679.4 1.9
5887.3 8679.8 1.8
5872.8 8675.6 1.8
5952.1 8688.0 2.2
5905.6 8684.0 1.9
5896.8 8687.6 1.8
5922.5 8695.9 1.9
5913.4 8695.6 1.8
5892.9 8695.7 1.7
5962.6 8706.3 2.2
5934.8 8709.8 1.9
5925.2 8707.4 1.9
5965.6 8719.7 2.1
5942.9 8717.3 2.0
5965.5 8728.1 2.1
5942.9 8729.4 1.9
6006.7 8737.5 2.4
5961.0 8738.7 2.0
5952.0 8737.7 1.9
5933.8 8735.2 1.8
5953.7 8747.8 1.9
5984.3 8754.5 2.1
5962.1 8755.6 1.9
6152.3 8765.2 3.4
6147.4 8766.5 3.4
6132.7 8765.0 3.0
6015.5 8767.7 2.3
6124.8 8793.6 3.0
6055.8 8797.8 2.5
6243.7 8687.8 4.9
6253.2 8692.4 5.1
6233.4 8706.0 4.8
6277.2 8717.9 5.8
6267.2 8717.8 5.6
6255.3 8714.9 5.3
6231.9 8712.0 4.8
6283.4 8725.1 5.9
6263.0 8723.7 5.5
6296.1 8734.3 6.3
6277.0 8734.2 5.9
6254.1 8733.7 5.4
6247.7 8738.1 5.3
6325.2 8746.9 6.9
6302.3 8746.1 6.5
6262.3 8744.6 5.6
6252.6 8746.1 5.4
6246.2 8745.9 5.3
6237.4 8747.2 5.1
6323.3 8754.7 6.9
6297.0 8755.4 6.4
6262.1 8754.6 5.7
6342.1 8763.7 7.2
6323.1 8763.5 6.9
6306.8 8764.7 6.6
6296.0 8767.7 6.4
6273.0 8767.4 6.0
6266.8 8763.9 5.8
6244.8 8768.4 5.4
6327.8 8777.7 6.6
6354.0 8783.2 6.8
6282.0 8794.6 5.5
6401.4 8717.8 9.7
6407.5 8724.3 9.2
6402.4 8724.3 9.3
6409.7 8737.4 8.6
6396.6 8756.3 8.3
6409.5 8767.0 8.1
6402.1 8766.9 8.0
6410.6 8775.9 7.8
6406.5 8782.1 7.6
6446.7 8798.3 7.3
6553.5 8703.3 11.2
6509.8 8702.5 10.0
6498.0 8699.2 9.6
6470.7 8698.9 9.3
6628.8 8712.7 10.9
6620.4 8710.7 10.9
6592.0 8708.1 11.1
6580.3 8711.4 11.0
6558.6 8712.8 10.9
6520.8 8707.5 10.5
6641.2 8719.7 10.8
6627.7 8722.3 10.7
6617.3 8723.5 10.6
6612.9 8720.4 10.6
6601.1 8717.7 10.6
6579.1 8720.4 10.5
6571.2 8718.4 10.6
6562.3 8717.7 10.7
6551.7 8719.4 10.6
6520.0 8719.4 10.5
6510.1 8721.9 10.3
6682.0 8729.5 11.0
6663.8 8729.9 10.8
6632.9 8731.1 10.5
6622.8 8730.7 10.4
6602.3 8732.9 10.2
6591.1 8729.7 10.2
6532.9 8733.6 9.9
6521.6 8730.4 10.1
6711.0 8741.5 11.0
6700.8 8741.6 11.0
6670.0 8742.6 10.6
6659.1 8740.0 10.6
6647.7 8737.2 10.5
6638.9 8740.9 10.3
6631.5 8740.9 10.3
6611.3 8738.9 10.1
6601.3 8738.2 10.1
6569.8 8738.0 9.8
6551.5 8739.6 9.6
6721.5 8747.3 11.0
6688.8 8751.3 10.7
6677.9 8752.2 10.5
6653.7 8752.0 10.3
6639.1 8749.9 10.2
6630.1 8750.7 10.1
6591.8 8747.2 9.8
6572.2 8748.8 9.6
6561.8 8753.2 9.4
6717.4 8763.7 10.7
6691.5 8763.8 10.4
6650.8 8761.3 10.1
6640.2 8762.6 9.9
6633.0 8759.4 9.9
6612.0 8759.1 9.7
6597.3 8760.2 9.6
6579.3 8759.1 9.4
6558.7 8760.5 9.2
6553.4 8761.8 9.1
6711.3 8770.5 10.6
6579.3 8782.5 9.0
6549.2 8792.4 8.8
6802.7 8198.8 14.5
6791.1 8197.6 14.3
6781.0 8202.9 14.1
6788.7 8217.2 14.2
6774.5 8216.6 13.9
6600.8 8216.4 10.6
6799.8 8227.4 14.4
6838.8 8236.5 15.1
6833.4 8236.9 15.0
6809.2 8237.9 14.5
6799.1 8235.1 14.3
6768.5 8237.0 13.7
6764.0 8235.4 13.6
6753.4 8238.0 13.4
6633.9 8235.6 11.2
6831.4 8243.8 14.9
6812.7 8245.9 14.5
6798.3 8246.9 14.3
6769.2 8244.9 13.7
6763.5 8247.1 13.6
6739.5 8246.8 13.1
6593.3 8244.0 10.2
6841.2 8253.4 15.1
6802.4 8253.2 14.3
6789.8 8258.1 14.1
6784.7 8258.4 14.0
6769.8 8253.6 13.7
6699.0 8254.1 12.3
6639.6 8255.9 11.1
6610.7 8253.3 10.5
6563.8 8258.4 9.4
6840.0 8267.6 15.0
6784.8 8267.7 13.9
6752.2 8268.9 13.3
6738.8 8265.4 13.1
6730.4 8264.2 12.9
6683.2 8267.2 12.0
6573.7 8267.9 9.5
6539.5 8263.9 8.8
6779.8 8273.3 13.8
6761.4 8278.3 13.4
6721.5 8279.1 12.7
6704.0 8279.2 12.3
6669.4 8273.3 11.5
6661.1 8274.3 11.3
6542.6 8275.1 8.7
6823.1 8287.8 14.6
6780.3 8289.1 13.8
6772.2 8284.7 13.6
6763.3 8284.6 13.5
6751.8 8286.7 13.2
6708.7 8283.1 12.3
6701.4 8287.5 12.1
6671.8 8285.1 11.5
6653.0 8286.6 11.0
6641.6 8285.7 10.8
6762.6 8298.4 13.3
6749.5 8293.1 13.1
6719.7 8297.6 12.4
6704.3 8294.3 12.1
6658.3 8297.6 11.0
6652.5 8296.6 10.9
6642.9 8294.0 10.7
6774.7 8307.4 13.5
6753.2 8307.3 13.0
6729.0 8309.2 12.5
6684.0 8308.2 11.5
6781.6 8317.3 13.5
6771.5 8313.7 13.4
6694.3 8316.4 11.6
6653.9 8317.5 10.7
6679.6 8327.2 11.4
6790.8 8332.9 13.6
6760.9 8335.0 12.9
6748.6 8338.0 12.8
6741.3 8337.4 12.6
6669.5 8333.9 11.2
6781.2 8345.0 13.4
6769.0 8345.1 13.2
6751.2 8343.8 12.8
6753.4 8368.8 13.0
6738.9 8363.1 12.7
6730.4 8364.9 12.6
6718.5 8367.5 12.4
6784.0 8378.7 13.6
6721.6 8374.1 12.4
6801.3 8387.6 14.0
6792.1 8386.2 13.8
6770.0 8388.6 13.4
6730.2 8383.0 12.6
6711.1 8383.3 12.3
6700.4 8387.9 12.1
6808.3 8393.5 14.2
6799.6 8397.5 14.1
6791.2 8395.9 13.9
6783.6 8397.9 13.8
6771.1 8398.4 13.5
6764.5 8398.7 13.4
6732.5 8399.3 12.8
6711.8 8395.4 12.4
6699.6 8396.5 12.1
6683.7 8397.1 11.8
6671.4 8393.3 11.6
6790.1 8404.9 13.9
6741.8 8408.4 13.0
6734.5 8409.1 12.9
6719.6 8406.4 12.6
6713.1 8405.2 12.5
6673.3 8409.2 11.7
6781.3 8413.7 13.8
6760.4 8417.9 13.4
6739.3 8412.9 13.0
6732.9 8419.4 12.9
6699.9 8413.4 12.3
6694.7 8415.2 12.2
6674.7 8418.0 11.8
6838.7 8429.4 14.9
6833.1 8425.5 14.7
6811.1 8429.0 14.3
6800.2 8427.3 14.1
6778.6 8424.9 13.7
6774.6 8426.4 13.7
6732.0 8423.1 12.9
6718.7 8425.9 12.6
6702.1 8428.9 12.3
6693.8 8423.3 12.2
6664.5 8426.7 11.6
6821.3 8439.2 14.6
6808.2 8433.6 14.3
6793.4 8436.1 14.0
6783.7 8437.6 13.9
6760.2 8434.6 13.4
6750.8 8439.1 13.3
6729.9 8437.6 12.9
6709.9 8435.5 12.5
6699.1 8432.9 12.3
6690.9 8433.0 12.1
6671.2 8434.0 11.8
6833.6 8448.8 14.8
6818.7 8446.7 14.5
6802.6 8445.8 14.2
6791.6 8449.0 14.0
6763.7 8445.1 13.5
6752.7 8447.9 13.3
6742.0 8446.9 13.1
6718.5 8443.6 12.7
6690.0 8444.0 12.1
6671.9 8444.2 11.8
6642.6 8448.5 11.3
6604.5 8446.6 10.6
6814.9 8454.2 14.5
6798.6 8453.2 14.2
6774.4 8459.0 13.7
6752.4 8459.1 13.3
6733.9 8453.1 13.0
6712.3 8456.6 12.6
6688.9 8453.9 12.2
6661.0 8458.3 11.6
6650.1 8458.4 11.4
6630.7 8454.4 11.1
6618.3 8455.2 10.9
6614.2 8453.2 10.8
6800.5 8468.8 14.2
6790.0 8465.1 14.0
6754.8 8467.5 13.4
6712.2 8466.8 12.6
6683.1 8463.8 12.1
6641.3 8464.3 11.3
6624.7 8466.9 11.0
6608.5 8464.3 10.7
6590.5 8463.7 10.4
6583.6 8464.8 10.2
6833.3 8477.4 14.9
6802.1 8477.4 14.3
6730.8 8474.6 13.0
6694.8 8473.6 12.3
6651.1 8474.3 11.5
6624.8 8473.4 11.0
6803.4 8489.1 14.3
6790.3 8485.3 14.1
6734.8 8487.2 13.1
6600.4 8485.2 10.6
6579.0 8484.2 10.2
6564.0 8485.2 9.9
6804.5 8499.1 14.4
6733.6 8495.6 13.1
6721.7 8494.8 12.9
6599.6 8496.9 10.6
6572.3 8493.2 10.1
6784.1 8508.3 14.0
6724.0 8509.1 12.9
6609.1 8505.6 10.8
6591.2 8507.8 10.5
6818.8 8517.8 14.7
6752.5 8517.0 13.5
6731.1 8517.6 13.1
6612.7 8514.3 10.9
6564.4 8516.5 10.0
6502.5 8514.2 9.1
6493.7 8516.9 9.1
6821.7 8523.4 14.8
6808.7 8527.0 14.5
6738.7 8523.7 13.2
6730.4 8527.1 13.1
6722.2 8524.3 12.9
6610.7 8526.5 10.9
6593.1 8528.4 10.6
6564.6 8526.1 10.2
6810.9 8533.8 14.6
6783.8 8532.9 14.1
6750.9 8534.5 13.5
6722.5 8535.6 13.0
6521.0 8537.2 9.8
6510.7 8535.7 9.7
6488.5 8538.1 9.4
6789.0 8547.1 14.2
6782.4 8545.0 14.1
6721.8 8546.4 13.0
6560.8 8548.7 10.6
6521.4 8549.2 10.1
6511.1 8544.7 9.9
6783.3 8555.6 14.1
6753.7 8557.0 13.6
6729.9 8557.9 13.2
6573.9 8557.9 10.9
6519.6 8558.9 10.1
6513.0 8557.7 10.0
6499.3 8558.6 9.8
6493.8 8557.2 9.7
6813.4 8563.9 14.7
6803.1 8569.3 14.5
6783.6 8566.2 14.2
6772.1 8566.4 14.0
6722.0 8566.9 13.0
6578.3 8565.9 11.1
6561.4 8569.0 10.8
6539.0 8564.2 10.5
6531.4 8568.3 10.4
6518.9 8565.9 10.2
6510.1 8563.7 10.0
6494.1 8568.0 9.8
6760.5 8576.5 13.8
6731.7 8575.5 13.3
6720.7 8578.0 13.2
6708.8 8576.7 13.0
6694.5 8577.6 12.8
6683.8 8578.7 12.7
6672.2 8578.8 12.6
6629.2 8578.8 11.9
6610.3 8574.8 11.6
6601.1 8576.3 11.5
6551.4 8573.2 10.7
6433.1 8586.8 9.3
6444.3 8603.5 9.7
6434.8 8617.2 9.2
6420.3 8617.4 9.3
6409.2 8612.7 9.4
6463.4 8627.5 9.9
6439.0 8623.4 9.2
6434.1 8622.4 9.2
6419.2 8628.0 9.5
6409.7 8626.7 9.5
6455.4 8654.0 9.4
6442.0 8652.7 9.5
6460.3 8450.3 7.9
6448.5 8451.1 7.7
6457.8 8458.6 7.9
6447.7 8459.0 7.7
6437.7 8456.9 7.5
6426.3 8461.4 7.3
6469.3 8467.4 8.1
6471.4 8475.4 8.2
6458.8 8479.8 8.0
6446.2 8478.1 7.7
6428.0 8477.5 7.4
6436.6 8765.5 8.4
6421.6 8761.3 8.4
6442.4 8773.6 8.1
6432.1 8777.5 7.9
6743.6 8595.7 13.8
6874.3 8604.9 15.9
6860.9 8605.4 15.7
6844.1 8601.8 15.4
6792.0 8605.2 14.6
6781.8 8603.0 14.4
6755.6 8600.4 14.0
6741.7 8600.6 13.8
6900.4 8616.1 16.7
6895.1 8610.1 16.5
6816.2 8615.4 15.1
6742.2 8615.9 13.9
6721.4 8615.6 13.6
6895.0 8625.6 16.6
6831.7 8624.7 15.3
6810.5 8624.6 15.0
6761.5 8622.3 14.2
6754.0 8625.6 14.1
6894.5 8630.6 16.6
6863.0 8635.6 15.4
6852.2 8632.0 15.5
6843.7 8633.7 15.3
6821.9 8632.3 15.2
6811.6 8633.6 15.1
6792.6 8635.1 14.8
6780.3 8630.1 14.6
6772.9 8634.9 14.5
6750.8 8632.5 14.1
6865.5 8640.5 15.4
6875.3 8509.8 15.7
6847.6 8531.0 15.3
6866.3 8545.0 15.6
6893.7 8552.6 16.2
6882.8 8553.1 16.0
6876.6 8549.5 15.8
6867.0 8552.8 15.7
6842.1 8551.9 15.2
6906.1 8559.5 16.5
6885.7 8565.2 16.0
6876.6 8565.8 15.9
6885.3 8570.7 16.0
6877.1 8574.3 15.9
6904.8 8584.0 16.7
6879.6 8667.0 16.8
6798.4 8663.6 13.9
6785.9 8661.2 13.9
6779.3 8663.5 13.8
6870.7 8672.6 16.3
6878.3 8682.7 16.9
6871.3 8683.6 16.5
6839.0 8687.1 14.4
6796.1 8684.8 13.2
6778.2 8681.2 13.2
6769.3 8683.7 13.0
6758.9 8682.6 12.9
6895.3 8693.4 17.7
6869.3 8696.0 16.6
6838.7 8695.3 14.5
6841.7 8701.7 14.8
6820.4 8705.3 13.5
6770.6 8706.7 12.2
6737.6 8701.2 12.2
6715.9 8702.7 11.9
6887.2 8711.3 18.0
6797.6 8714.4 12.4
6890.1 8722.1 18.3
6887.7 8736.0 18.4
6860.4 8731.7 16.5
6839.3 8731.4 15.2
6757.7 8730.8 11.3
6747.0 8735.9 11.0
6731.2 8734.4 11.0
6848.5 8744.0 16.0
6827.0 8745.5 14.6
6815.4 8742.7 13.8
6800.5 8746.5 12.9
6785.2 8744.3 11.8
6781.5 8743.7 11.6
6818.7 8755.3 14.2
6875.7 8765.8 18.1
6866.2 8767.3 17.5
6827.1 8304.3 14.6
6899.1 8319.7 15.9
6855.8 8318.5 15.1
6832.1 8315.8 14.7
6817.8 8315.4 14.4
6906.0 8325.7 16.0
6879.6 8325.5 15.5
6857.2 8324.8 15.1
6847.4 8324.8 14.9
6837.5 8325.1 14.7
6817.0 8328.7 14.2
6878.3 8336.1 15.5
6870.7 8334.5 15.3
6859.0 8334.9 15.1
6821.4 8338.0 14.2
6807.7 8334.6 13.9
6858.4 8347.2 14.9
6826.7 8348.6 14.3
6821.3 8347.6 14.2
6801.0 8350.0 13.8
6919.0 8355.5 16.2
6859.8 8354.2 15.0
6822.0 8360.2 14.3
6796.2 8354.8 13.8
6877.3 8367.7 15.4
6868.9 8367.1 15.2
6807.4 8369.6 14.1
6860.7 8374.0 15.1
6829.5 8374.6 14.5
6891.0 8384.5 15.7
6880.5 8385.1 15.5
6869.6 8386.5 15.3
6860.6 8390.4 15.2
6852.0 8389.9 15.0
6899.3 8394.9 15.9
6888.9 8398.5 15.7
6857.1 8399.5 15.1
6889.1 8407.4 15.7
6881.3 8404.7 15.6
6866.4 8418.7 15.3
6516.0 8580.2 10.2
6534.2 8598.4 10.6
6527.6 8598.0 10.5
6507.0 8600.2 10.2
6496.8 8597.5 10.0
6527.7 8610.4 10.5
6493.6 8638.0 10.5
6494.3 8645.2 10.4
6607.9 8589.5 11.7
6692.2 8604.3 13.1
6668.9 8613.6 12.8
6636.9 8612.6 12.3
6631.8 8615.1 12.2
6623.0 8610.5 12.0
6597.8 8612.3 11.6
6579.8 8609.6 11.3
6608.0 8620.5 11.8
6600.7 8619.6 11.7
6577.6 8633.6 11.5
6570.5 8632.3 11.3
6626.5 8650.9 12.3
5932.8 8594.6 3.0
5917.3 8590.7 3.0
5978.6 8622.0 3.0
5942.2 8622.2 2.8
5930.3 8620.8 2.7
5919.3 8623.5 2.6
5947.4 8633.3 2.7
5940.1 8636.8 2.6
5967.5 8644.7 2.7
5961.9 8642.0 2.7
5953.5 8642.5 2.6
5988.0 8655.0 2.8
5960.8 8652.4 2.6
6017.1 8664.2 3.0
5988.4 8663.6 2.7
5982.9 8662.2 2.7
5967.4 8664.0 2.5
5990.3 8673.3 2.7
6020.0 8687.4 2.8
6023.3 8693.4 2.8
6009.9 8695.2 2.7
5998.4 8693.3 2.6
5993.1 8696.1 2.5
5969.8 8692.6 2.4
6069.5 8704.9 3.1
6071.1 8714.3 3.1
6058.4 8714.4 3.0
6048.4 8715.6 2.9
5989.0 8712.5 2.4
6093.3 8721.6 3.1
6069.3 8725.2 3.0
6062.2 8725.0 3.0
6101.6 8732.1 3.1
6091.0 8733.5 3.0
6080.9 8736.0 3.0
6073.3 8734.5 3.0
6049.8 8734.4 2.8
6040.9 8736.4 2.7
6119.0 8746.5 3.0
6057.7 8743.9 2.8
6057.2 8756.6 2.7
6043.5 8752.1 2.6
6068.5 8771.9 2.7
6149.0 8694.2 3.4
6169.3 8703.1 3.4
6159.0 8702.6 3.4
6140.1 8705.7 3.3
6169.7 8716.7 3.5
6159.6 8711.6 3.3
6154.7 8717.4 3.2
