-6363.8 8445.0 60.8
-5912.9 7649.7 65.3
-5955.3 8694.2 50.7
-5892.1 7621.5 65.2
-6770.4 8363.7 72.8
-5802.7 7491.1 64.3
-6774.2 8370.0 72.7
-6215.1 8087.0 63.2
-6030.5 8798.6 47.3
-6294.7 8305.9 59.9
-6746.3 8267.0 73.9
-6727.8 8259.4 73.9
-6021.4 7780.2 69.1
-6733.6 8336.7 72.9
-6762.5 8279.6 73.8
-5575.3 7265.5 58.4
-5654.6 7313.0 61.6
-5683.9 7337.6 62.4
-5639.2 7299.5 61.1
-5754.1 7409.6 63.3
-5822.8 7496.3 66.2
-5904.8 7613.5 67.0
-5917.0 7630.6 67.0
-5954.4 7686.8 67.1
-5965.5 7702.5 67.4
-5834.8 7512.6 66.5
-5653.3 7327.1 60.6
-5962.1 8723.2 50.4
-5948.5 8712.1 51.1
-5943.2 8697.6 51.3
-5824.5 7521.9 65.0
-5727.1 7380.1 63.0
-6704.0 8274.3 73.6
-6772.9 8304.2 73.6
-6768.8 8306.1 73.5
-6777.3 8311.9 73.5
-6769.0 8313.0 73.4
-6774.1 8327.9 73.3
-6765.8 8371.9 72.6
-6759.1 8352.8 72.8
-6736.8 8366.6 72.5
-6730.4 8363.3 72.5
-6719.4 8352.4 72.6
-6735.9 8321.9 73.1
-6694.2 8337.1 72.7
-6714.7 8362.4 72.5
-6737.5 8383.1 72.3
-6747.3 8384.8 72.3
-6757.2 8383.8 72.4
-6766.6 8378.5 72.5
-6783.6 8351.7 73.0
-6785.6 8342.1 73.1
-6786.9 8332.1 73.3
-6782.7 8312.9 73.5
-6778.9 8303.5 73.6
-6774.2 8295.5 73.7
-6768.7 8287.8 73.8
-6698.6 8263.9 73.7
-6689.7 8325.5 72.8
-5988.9 7735.8 68.0
-6252.0 8171.8 60.1
-6243.1 8151.2 60.3
-6193.1 8037.8 66.2
-6707.2 8265.4 73.7
-6709.3 8271.0 73.6
-6712.0 8278.5 73.5
-6707.9 8283.0 73.5
-6724.7 8342.2 72.8
-6700.8 8345.9 72.6
-6706.4 8353.9 72.5
-6718.1 8258.5 73.8
-6688.3 8281.2 73.4
-6324.0 8378.6 59.9
-6355.0 8453.9 59.2
-6348.5 8407.4 61.1
-6311.8 8316.2 61.2
-6296.6 8281.2 60.8
-6288.6 8261.7 60.6
-6236.4 8134.6 61.2
-6764.1 8346.5 73.0
-6758.6 8337.1 73.0
-5592.1 7277.4 58.7
-5969.7 8704.9 50.0
-6014.9 8740.3 47.9
-5883.9 7610.7 65.2
-5900.0 7631.5 65.2
-5965.9 8737.7 50.3
-6011.1 8772.3 48.2
-6014.9 8786.1 48.0
-5980.7 8750.2 49.6
-6754.6 8272.4 73.9
-6716.5 8301.1 73.3
-6223.1 8104.2 62.7
-6779.8 8360.9 72.9
-6316.0 8359.7 59.9
-6339.5 8415.9 59.8
-6346.0 8431.7 59.8
-6356.5 8425.3 61.1
-6308.4 8342.3 59.8
-6300.7 8322.9 59.9
-6686.5 8291.0 73.2
-6685.5 8301.9 73.1
-6286.7 8288.7 59.6
-6304.7 8298.1 61.1
-6200.3 8054.2 65.1
-5999.7 7751.8 68.4
-6012.2 7768.0 69.0
-6038.1 8781.1 46.9
-6040.3 8796.0 46.8
-5965.9 8690.8 50.1
-6026.3 8783.8 47.5
-6007.7 8758.2 48.3
-5973.1 8719.8 49.9
-6003.9 8743.0 48.4
-6033.9 8765.5 47.0
-5995.9 8760.2 48.9
-5987.9 8780.0 49.4
-5977.7 8734.2 49.7
-5973.9 8765.1 50.0
-5767.2 7423.1 63.9
-5740.6 7394.3 63.2
-5834.3 7535.6 65.2
-5812.7 7505.0 64.7
-5846.0 7528.7 66.7
-6756.6 8344.7 72.9
-6745.6 8357.7 72.7
-6729.6 8377.6 72.3
-6687.1 8313.3 72.9
-6341.1 8390.7 61.0
-6278.3 8269.9 59.4
-6273.0 8225.0 60.1
-6786.4 8322.5 73.4
-6737.3 8262.2 73.9
-5698.5 7353.2 62.5
-5810.8 7479.8 65.7
-6749.0 8348.3 72.8
-6692.7 8272.1 73.5
-5960.2 8706.4 50.5
-5971.2 8674.8 49.3
-6002.8 8789.5 48.7
-5596.1 7281.7 58.7
-6773.4 8312.9 73.4
-6762.8 8362.3 72.7
-6032.9 7795.7 69.0
-6208.5 8070.6 64.1
-5991.0 8792.5 49.2
-6280.8 8243.3 60.4
-6767.0 8355.5 72.8
-6750.8 8336.3 73.0
-6708.6 8258.5 73.8
-5622.9 7287.1 60.6
-5847.0 7553.6 65.4
-5976.7 7719.8 67.5
-5969.7 8752.9 50.2
-5991.4 8698.8 48.8
-5995.5 8713.3 48.7
-6021.7 8769.7 47.6
-5953.8 8725.5 50.9
-5984.5 8762.8 49.5
-5989.8 8731.2 49.1
-6019.1 8800.9 47.9
-6020.2 8756.0 47.7
-6000.5 8728.9 48.5
-5987.2 8684.7 48.5
-2822.9 8181.6 82.2
-2804.8 8162.0 82.2
-2797.6 8154.0 81.9
-2773.3 8128.3 81.0
-2764.0 8118.7 80.7
-2753.5 8108.1 80.1
-2742.9 8097.4 79.5
-2730.4 8084.6 78.7
6016.1 -6732.0 130.6
6076.7 -2632.1 97.6
6137.6 -2621.8 98.0
6077.2 -2602.1 99.9
6168.5 -2573.2 100.0
6107.7 -2576.6 101.2
6079.1 -2557.2 101.5
6180.1 -2545.1 100.4
6167.9 -2542.8 100.5
6085.0 -2544.1 101.4
6131.2 -2531.4 100.9
6085.1 -2527.5 101.4
6162.0 -2518.2 100.7
6119.3 -2510.9 101.0
6106.9 -2519.3 101.2
6089.4 -2515.0 101.3
6220.2 -2504.3 101.1
6118.9 -2503.4 101.3
6222.7 -2488.8 102.1
6135.2 -2490.1 102.9
6124.1 -2480.9 103.6
6208.7 -2468.8 104.5
6199.7 -2469.3 105.1
6178.2 -2472.8 105.3
6168.7 -2474.5 105.0
6088.5 -2473.8 103.6
6167.2 -2454.5 106.9
6150.5 -2455.3 106.5
6104.4 -2451.8 106.0
6093.3 -2455.0 105.2
6180.8 -2437.0 108.8
6130.1 -2437.2 107.9
6124.6 -2437.0 107.7
6100.5 -2442.5 105.9
6086.7 -2437.2 105.1
1243.0 3008.0 162.9
1205.4 3007.3 164.4
1174.0 3008.7 163.7
1161.3 3008.9 163.4
1164.4 3018.4 163.6
1263.9 3041.3 165.1
1237.4 3038.2 165.3
1312.0 3066.3 164.7
1295.9 3069.3 166.2
1288.3 3064.8 166.1
1177.4 3064.5 164.4
1160.3 3063.9 164.0
1153.2 3063.9 163.8
1267.5 3086.3 166.1
1240.0 3085.6 165.4
1167.4 3086.0 163.6
1145.2 3084.1 163.1
1131.1 3082.1 162.8
1294.9 3095.5 165.7
1279.6 3093.6 166.2
1196.3 3094.6 164.1
1174.7 3096.2 163.6
1168.4 3095.5 163.4
1146.3 3093.6 162.9
1117.0 3099.7 162.1
1221.4 3111.1 164.3
1121.3 3109.6 161.9
