6175.1 -6782.1 117.8
-777.6 4525.3 84.9
-756.5 4507.0 85.4
-1331.3 242.4 79.4
-6497.0 5366.2 53.7
-6532.8 5349.6 52.9
-1338.7 215.4 80.3
-1332.0 235.7 79.5
-766.8 4506.7 85.1
-767.4 4522.9 85.1
-726.2 4523.4 86.1
-6525.1 5375.4 53.7
-1333.4 228.1 79.8
-1356.9 210.0 81.2
-725.9 4506.9 86.1
-777.9 4505.8 84.9
-1340.2 260.7 79.8
-789.3 4508.5 84.6
-6505.9 5343.4 53.0
-788.3 4523.3 84.6
-756.3 4520.5 85.4
-1352.2 207.3 81.1
-1343.8 209.4 80.7
-1332.6 250.1 79.5
-2794.2 -6270.1 80.9
-2800.4 -6283.8 81.3
-2806.6 -6297.4 81.6
-2812.8 -6311.1 81.9
-2819.0 -6324.7 82.3
-2825.2 -6338.4 82.6
-2831.4 -6352.0 82.9
-2837.6 -6365.7 83.1
-2843.8 -6379.4 82.8
-2850.3 -6392.9 82.5
-2856.8 -6406.4 82.2
-2863.4 -6419.9 81.9
-2869.9 -6433.4 81.6
-2876.5 -6446.9 81.3
-2883.0 -6460.4 81.3
-2889.5 -6473.9 81.6
-2896.1 -6487.4 82.0
-2902.5 -6500.9 82.3
-2908.7 -6514.6 82.7
-2914.9 -6528.2 83.1
-2921.0 -6541.9 83.4
-2927.2 -6555.6 83.9
-2933.4 -6569.3 84.4
-2942.1 -6588.7 85.1
-792.2 98.8 69.9
-786.7 84.8 69.9
-781.1 70.9 69.9
-775.6 56.9 69.9
-770.1 43.0 69.9
-764.5 29.0 69.9
-759.0 15.1 70.2
-753.5 1.2 70.5
-747.9 -12.8 70.9
-742.4 -26.7 71.2
-746.1 -36.7 71.1
-760.0 -42.4 70.6
-773.9 -48.1 70.1
-787.8 -53.7 69.5
-801.7 -59.4 68.7
-825.8 -69.3 67.9
-1405.2 -8618.1 86.6
-1395.3 -8629.3 86.8
-1385.3 -8640.5 86.9
-1375.4 -8651.8 87.0
-1365.4 -8663.0 87.1
-1355.5 -8674.3 87.2
-1345.6 -8685.5 87.3
-1335.6 -8696.7 87.4
-1325.7 -8708.0 87.5
-1315.7 -8719.2 87.7
-1305.8 -8730.4 87.8
-1295.9 -8741.7 87.9
-1285.7 -8747.4 87.8
-1274.7 -8737.2 87.3
-1263.7 -8727.0 86.8
-1252.7 -8716.8 86.4
-1241.7 -8706.6 85.9
-1230.7 -8696.4 85.4
-1213.0 -8680.0 85.3
-3862.4 2400.3 67.4
-3847.9 2404.2 66.3
-3833.5 2408.2 65.1
-3819.0 2412.2 64.0
-3804.6 2416.2 62.8
-3790.1 2420.2 61.6
-3775.6 2424.2 60.5
-3755.1 2429.8 58.8
2877.0 -5366.6 114.2
2890.9 -5360.9 114.0
2904.8 -5355.2 113.8
2927.6 -5345.9 113.5
-4036.9 -2894.1 63.7
-4025.6 -2903.9 63.8
-4014.3 -2913.8 63.9
-4000.6 -2925.7 64.1
-5182.5 8701.9 73.7
-5160.3 8720.2 73.2
-5197.5 8722.9 73.1
-5214.1 8722.2 73.0
-5183.0 8738.0 72.8
-5206.7 8732.3 72.8
-5140.7 -5624.3 89.8
-5140.3 -5609.9 89.9
-5154.0 -5608.8 90.0
