2701.2 -2569.1 83.0
2696.7 -2548.4 83.9
2691.2 -2549.2 84.2
2709.1 -2534.5 83.3
2697.1 -2540.4 84.0
2726.0 -2529.1 82.1
2715.8 -2530.3 82.9
2736.8 -2518.1 81.6
2720.1 -2519.1 82.8
2735.2 -2509.1 81.8
2730.9 -2506.3 82.1
2715.9 -2507.6 83.2
2708.8 -2507.8 83.7
2736.8 -2496.9 81.8
2730.3 -2499.5 82.3
2720.6 -2499.9 83.0
2735.4 -2486.3 82.1
2731.2 -2487.6 82.4
2739.5 -2475.2 81.9
2725.4 -2479.0 82.9
2718.7 -2477.3 83.4
2738.7 -2464.8 82.1
2716.9 -2467.6 83.7
2706.2 -2469.1 84.5
2730.2 -2457.1 82.9
2716.8 -2460.6 83.8
2709.2 -2455.5 84.4
2705.1 -2444.8 84.9
2701.1 -2448.0 85.1
2681.4 -2444.9 86.6
2706.1 -2426.5 85.0
2697.4 -2424.9 85.6
2707.8 -2416.4 84.9
2701.0 -2414.7 85.4
2679.3 -2410.7 87.2
2700.7 -2398.7 85.8
2698.5 -2390.5 86.1
2696.1 -2365.5 86.2
2687.6 -2365.5 86.6
2727.9 -2355.7 84.2
2689.9 -2356.4 86.4
2709.2 -2349.7 85.3
2686.0 -2350.4 86.6
2739.1 -2337.4 83.4
2688.7 -2328.9 86.2
2795.8 -2315.6 80.0
2727.0 -2318.6 83.9
2720.1 -2319.8 84.3
2689.2 -2319.9 86.1
2807.4 -2305.7 79.2
2776.9 -2309.0 81.0
2765.9 -2304.9 81.6
2749.4 -2310.0 82.6
2729.7 -2304.7 83.6
2697.2 -2306.0 85.5
2688.9 -2306.6 86.0
2800.2 -2297.7 79.5
2766.6 -2300.2 81.5
2761.5 -2295.0 81.7
2739.2 -2300.0 83.0
2778.6 -2284.4 80.6
2728.0 -2285.1 83.5
2695.7 -2289.1 85.4
2757.4 -2275.3 81.7
2696.9 -2277.3 85.2
2689.8 -2280.2 85.7
2801.6 -2266.9 79.1
2768.9 -2269.3 81.0
2755.2 -2270.3 81.8
2720.0 -2264.4 83.8
2696.8 -2268.6 85.1
2745.1 -2257.5 82.3
2736.7 -2259.2 82.8
2789.6 -2247.3 79.6
2735.1 -2248.6 82.7
2842.6 -2438.2 74.8
2839.5 -2431.8 74.9
2827.8 -2428.1 75.6
2801.2 -2431.8 77.6
2857.9 -2420.5 73.6
2811.2 -2419.5 76.9
2801.4 -2418.2 77.7
2812.1 -2411.9 77.0
2799.6 -2410.3 78.0
2878.0 -2403.7 72.4
2862.0 -2391.8 73.7
2852.5 -2388.6 74.5
2827.8 -2391.3 76.2
2818.9 -2387.5 77.0
2879.2 -2383.2 72.7
2861.6 -2377.7 74.0
2851.1 -2378.0 74.8
2830.0 -2381.7 76.2
2820.5 -2383.3 76.9
2840.5 -2368.6 75.7
2828.6 -2372.7 76.5
2820.9 -2368.4 77.2
2889.6 -2357.9 71.8
2860.2 -2361.9 74.4
2821.5 -2359.8 77.3
2890.9 -2350.9 71.8
2851.7 -2349.1 75.3
2852.0 -2342.2 75.4
2858.2 -2328.0 75.2
2851.0 -2331.0 75.7
2839.8 -2327.6 76.6
2831.5 -2331.8 77.1
2839.5 -2312.8 76.9
2868.9 -2303.8 74.4
2862.9 -2293.6 75.1
2851.1 -2288.0 76.4
2907.7 -2282.9 70.6
2897.8 -2280.5 71.6
2869.2 -2281.6 74.5
2859.1 -2281.2 75.4
2831.9 -2280.6 77.5
2810.2 -2283.3 78.8
2874.1 -2271.2 73.7
2873.0 -2259.9 73.6
2933.5 -2251.3 67.6
2920.7 -2249.9 68.8
2907.9 -2250.2 69.9
2892.4 -2251.0 71.6
2920.4 -2240.4 68.5
2911.7 -2240.9 69.4
2901.0 -2240.0 70.5
2950.9 -2207.5 64.8
2948.1 -2192.0 65.0
2951.7 -2182.8 64.4
2953.7 -2168.1 64.3
2967.9 -2158.8 63.4
2963.9 -2163.8 63.6
2969.6 -2153.1 63.3
2957.9 -2152.8 64.2
2949.5 -2148.7 64.8
2950.6 -2138.2 64.7
2941.5 -2138.9 65.4
2962.7 -2128.8 63.7
2962.6 -2122.3 63.7
2843.5 -2238.2 75.2
2798.3 -2234.1 78.8
2799.5 -2223.7 78.3
2829.5 -2212.6 75.4
2817.5 -2217.3 76.6
2807.6 -2216.7 77.4
2805.0 -2204.0 77.1
2848.7 -2198.2 73.3
2838.6 -2195.8 74.1
2814.4 -2195.5 76.0
2859.4 -2183.7 72.0
2847.9 -2187.0 73.0
2838.2 -2182.1 73.7
2829.8 -2183.8 74.4
2943.9 -2177.2 65.0
2896.2 -2172.9 68.6
2885.8 -2175.5 69.6
2863.9 -2178.2 71.5
2856.8 -2175.3 72.0
2846.3 -2177.3 72.9
2837.6 -2177.6 73.6
2826.8 -2172.6 74.4
2805.1 -2172.4 76.1
2905.4 -2162.8 67.9
2898.8 -2164.3 68.3
2887.8 -2166.6 69.2
2875.8 -2161.9 70.0
2865.5 -2165.1 71.0
2925.1 -2157.2 66.5
2888.2 -2153.9 69.2
2874.7 -2158.3 70.1
2848.6 -2154.7 72.1
2923.7 -2143.3 66.7
2887.3 -2146.0 69.3
2876.3 -2147.6 70.1
2919.9 -2125.5 66.9
2893.8 -2127.4 68.8
2889.7 -2128.4 69.1
2874.4 -2123.3 70.2
2910.0 -2115.6 67.5
2895.9 -2114.9 68.5
2886.2 -2113.5 69.2
2874.0 -2118.0 70.2
2859.6 -2116.5 71.2
2847.5 -2115.6 72.1
2903.8 -2104.9 67.8
2887.9 -2102.5 69.0
2869.1 -2105.1 70.4
2848.9 -2107.2 71.9
2854.5 -2095.6 71.4
2868.7 -2086.1 70.2
2858.2 -2083.6 70.8
2846.9 -2063.7 70.4
2875.5 -2214.0 71.7
2899.3 -2198.2 69.2
2919.8 -2190.1 67.2
2906.5 -2192.1 68.4
2985.9 -2643.5 64.1
2979.1 -2639.8 64.5
2958.6 -2637.9 65.8
2956.3 -2632.2 65.9
2938.1 -2628.0 67.1
2929.0 -2633.6 67.7
2976.1 -2617.9 64.6
2971.9 -2621.3 64.9
2945.9 -2621.3 66.6
2941.8 -2621.4 66.8
2920.4 -2618.1 68.2
2890.9 -2617.5 70.1
2871.8 -2620.6 71.1
2858.5 -2618.0 71.9
2968.9 -2608.9 65.0
2959.0 -2610.4 65.7
2948.9 -2613.4 66.3
2937.2 -2609.9 67.1
2910.0 -2611.3 68.8
2896.4 -2610.4 69.7
2876.1 -2613.3 70.9
2860.0 -2609.1 71.8
2848.6 -2610.0 72.5
2842.3 -2612.9 72.9
2832.4 -2610.5 73.5
2939.4 -2601.1 66.9
2931.5 -2599.7 67.4
2838.5 -2601.9 73.1
2970.5 -2591.9 64.8
2947.2 -2592.0 66.3
2926.8 -2593.2 67.6
2837.6 -2592.0 73.2
2831.8 -2594.1 73.6
2937.1 -2578.0 67.0
2851.2 -2583.6 72.4
2937.8 -2572.5 67.1
2929.1 -2573.6 67.6
2920.2 -2570.4 68.1
2839.7 -2569.1 73.1
2940.9 -2560.1 67.0
3029.8 -2682.8 62.3
3021.7 -2686.8 62.5
3022.4 -2673.1 62.4
3014.1 -2665.9 62.5
3040.6 -2654.8 62.0
3026.0 -2656.7 62.3
3011.7 -2654.1 62.5
3030.5 -2643.9 62.1
3022.3 -2646.3 62.3
3015.1 -2644.1 62.4
3004.7 -2624.6 62.8
3004.7 -2611.3 62.9
3006.0 -2606.8 63.0
2980.6 -2585.1 64.3
2975.8 -2581.4 64.6
2983.8 -2574.3 64.1
2964.3 -2566.1 65.5
2962.3 -2556.3 65.7
2954.9 -2555.1 66.2
2943.1 -2544.4 67.1
2960.1 -2534.3 65.7
2949.8 -2533.5 66.5
2964.1 -2522.9 65.3
2953.6 -2523.1 66.1
2940.6 -2525.7 67.2
2923.8 -2476.9 68.6
2921.7 -2455.5 68.7
2921.9 -2446.5 68.7
2923.8 -2433.7 68.4
2925.0 -2404.7 68.0
2923.6 -2394.0 68.2
2952.2 -2371.2 65.5
2942.5 -2372.8 66.5
2933.6 -2374.7 67.3
2923.4 -2374.1 68.3
2961.2 -2363.0 64.5
2944.4 -2361.2 66.3
2990.0 -2353.7 63.9
2982.7 -2352.4 64.0
2970.5 -2353.4 64.2
2925.4 -2353.1 68.3
2985.4 -2341.2 63.9
2980.7 -2332.7 63.9
2973.4 -2333.2 64.0
2962.2 -2330.7 64.3
2953.9 -2335.2 65.4
2981.8 -2325.9 63.8
2963.2 -2325.6 64.3
2934.7 -2326.8 67.5
2940.4 -2305.5 67.0
2950.1 -2273.3 66.0
3013.0 -2251.1 63.5
3000.0 -2251.6 63.7
2992.3 -2254.6 63.8
2983.9 -2255.2 64.0
3014.5 -2242.3 63.5
2979.8 -2245.6 64.1
3012.2 -2234.6 63.3
2983.6 -2230.9 63.7
2969.9 -2235.5 64.2
2964.7 -2234.8 64.3
3011.9 -2226.0 63.0
2971.1 -2220.5 63.5
3021.8 -2212.1 62.4
3013.7 -2216.6 62.5
2982.6 -2212.6 63.0
3013.8 -2201.7 62.5
2991.5 -2201.0 62.7
2982.6 -2201.1 62.9
2974.3 -2200.3 62.9
3022.9 -2190.8 62.3
3010.7 -2193.7 62.4
2999.9 -2191.7 62.6
2990.5 -2195.0 62.7
2985.5 -2191.7 62.7
2991.0 -2183.4 62.6
3502.4 -1893.4 63.9
3559.8 -1884.3 63.8
3569.7 -1878.0 63.8
3493.3 -1878.8 64.1
3497.3 -1868.7 64.3
3479.8 -1865.1 64.2
3589.7 -1854.7 64.1
3549.9 -1854.1 64.8
3538.8 -1855.0 64.7
3527.7 -1856.1 64.7
3520.0 -1858.0 64.6
3550.8 -1843.6 65.1
3537.9 -1844.4 65.0
3532.5 -1845.5 65.0
3523.0 -1843.9 65.0
3513.2 -1849.6 64.8
3469.1 -1848.7 64.4
3451.9 -1849.3 64.2
3418.7 -1849.0 63.6
3408.0 -1844.8 63.5
3590.1 -1835.7 64.7
3538.3 -1835.8 65.3
3497.4 -1838.9 64.9
3491.8 -1836.5 64.9
3418.3 -1837.7 63.8
3402.2 -1835.4 63.5
3580.7 -1828.8 65.0
3567.1 -1823.6 65.4
3547.2 -1827.2 65.5
3531.8 -1828.1 65.5
3488.7 -1826.2 65.1
3470.2 -1823.5 65.1
3462.6 -1825.6 65.0
3447.2 -1825.9 64.7
3438.2 -1826.9 64.5
3411.7 -1825.4 64.0
3392.5 -1823.8 63.7
3378.9 -1823.7 63.4
3572.2 -1815.4 65.6
3558.8 -1813.4 65.9
3553.3 -1813.8 65.9
3498.6 -1819.3 65.4
3493.1 -1814.1 65.5
3450.7 -1818.0 65.2
3408.5 -1815.2 64.3
3391.2 -1818.4 63.8
3370.9 -1816.2 63.5
3361.1 -1818.9 63.1
3349.4 -1818.1 62.8
3340.0 -1816.1 62.5
3551.1 -1808.0 66.0
3520.1 -1803.3 65.9
3500.9 -1806.5 65.8
3490.9 -1808.3 65.7
3477.0 -1805.3 65.8
3429.3 -1809.3 65.0
3408.3 -1808.3 64.5
3377.6 -1808.5 63.9
3358.9 -1808.5 63.4
3348.2 -1805.4 63.2
3330.4 -1803.5 62.7
3538.1 -1799.5 66.2
3510.2 -1797.6 66.1
3438.0 -1794.6 65.9
3410.8 -1794.7 65.2
3398.5 -1794.7 64.8
3361.8 -1797.3 63.9
3342.2 -1799.2 63.3
3321.7 -1795.7 62.7
3492.7 -1789.1 66.5
3423.3 -1788.3 65.8
3327.0 -1786.8 63.4
3311.3 -1787.1 62.7
3431.4 -1779.6 66.4
3419.2 -1778.2 66.1
3407.5 -1779.3 65.7
3518.4 -1766.7 67.4
3498.9 -1766.4 67.4
3410.3 -1769.9 66.2
3342.6 -1767.2 64.6
3331.8 -1765.1 64.4
3677.1 -1759.1 66.6
3668.1 -1756.5 66.8
3658.8 -1762.6 66.6
3668.4 -1746.2 67.1
3661.0 -1747.8 67.1
3680.0 -1739.3 67.3
3656.9 -1742.7 67.3
3628.7 -1737.2 67.7
3699.7 -1728.4 67.5
3680.1 -1730.6 67.5
3660.5 -1727.8 67.8
3646.9 -1729.4 67.8
3696.3 -1718.2 67.8
3685.4 -1719.1 67.9
3666.6 -1720.4 68.0
3657.4 -1722.2 68.0
3651.3 -1721.1 68.1
3711.5 -1709.7 68.0
3689.9 -1707.5 68.2
3658.3 -1711.5 68.3
3647.8 -1712.3 68.4
3637.2 -1708.8 68.6
3625.4 -1708.7 68.7
3668.3 -1701.6 68.6
3626.4 -1702.0 68.9
3716.9 -1688.6 68.7
3656.2 -1687.6 69.2
3645.5 -1689.4 69.2
3717.1 -1678.6 69.0
3686.0 -1668.9 69.9
3684.9 -1659.3 70.4
3679.3 -1660.5 70.4
3710.1 -1650.9 70.1
3696.1 -1651.9 70.4
3689.2 -1646.4 70.8
3666.0 -1648.8 71.1
3655.3 -1651.8 71.0
3747.8 -1638.8 69.5
3715.9 -1639.3 70.3
3690.7 -1637.4 71.1
3650.0 -1636.5 71.8
3740.1 -1626.9 70.1
3705.1 -1632.4 70.8
3698.6 -1627.7 71.2
3689.7 -1628.6 71.4
3671.2 -1628.1 71.9
3659.9 -1631.2 72.0
3735.3 -1620.5 70.4
3730.6 -1619.6 70.6
3691.5 -1616.5 71.7
3681.5 -1617.1 72.0
3666.5 -1622.0 72.2
3747.5 -1610.1 70.5
3706.2 -1608.2 71.6
3707.4 -1601.5 71.8
3680.6 -1597.0 72.6
3656.1 -1596.8 73.3
3627.8 -1601.4 73.8
3775.6 -1589.4 70.4
3726.2 -1591.1 71.6
3630.2 -1591.4 74.1
3787.7 -1581.4 71.0
3747.2 -1581.4 72.1
3737.6 -1580.6 72.5
3707.4 -1579.2 73.5
3699.9 -1577.2 73.8
3676.3 -1580.5 74.0
3810.2 -1566.8 72.4
3795.6 -1572.7 72.2
3758.3 -1571.1 73.1
3747.2 -1568.9 73.5
3739.7 -1569.8 73.6
3700.4 -1568.0 74.5
3775.5 -1559.5 73.7
3765.7 -1556.8 74.1
3760.7 -1559.4 74.0
3747.3 -1562.0 74.1
3738.8 -1560.9 74.3
3720.7 -1560.9 74.7
3708.1 -1560.0 75.0
3835.5 -1547.4 73.4
3821.1 -1546.6 73.8
3738.3 -1546.4 75.6
3856.7 -1536.5 73.9
3841.5 -1531.5 74.6
3807.0 -1531.7 75.3
3878.1 -1519.3 74.9
3840.2 -1517.7 75.8
3909.7 -1511.0 74.6
3867.7 -1512.0 75.7
3936.1 -1477.7 76.4
3907.6 -1479.8 77.3
3947.3 -1471.5 76.5
3937.8 -1467.3 77.2
3227.5 -2647.9 58.9
3294.7 -2584.2 59.9
3288.7 -2587.1 59.9
3306.5 -2569.5 60.2
3255.8 -2573.9 60.5
3259.7 -2568.0 60.6
3257.0 -2505.2 61.4
3278.9 -2497.9 61.1
3288.9 -2487.7 60.8
3279.9 -2485.0 60.8
3308.7 -2456.7 60.0
3206.4 -2572.8 60.8
3247.1 -2479.7 61.1
3245.2 -2450.3 60.6
3384.8 -2435.2 59.3
3356.8 -2433.6 59.6
3346.7 -2433.6 59.6
3387.1 -2421.5 59.3
3374.7 -2425.1 59.4
3386.9 -2414.3 59.3
3349.1 -2391.9 59.6
3348.1 -2385.5 59.6
3330.8 -2333.9 59.5
3369.4 -2278.9 58.9
3357.8 -2279.1 59.0
3689.9 -2332.9 57.3
3678.2 -2333.2 57.4
3669.8 -2330.7 57.5
3687.7 -2324.9 57.4
3677.0 -2323.0 57.4
3672.6 -2325.0 57.5
3662.5 -2315.5 57.5
3651.3 -2303.4 57.6
3640.3 -2304.3 57.7
3626.3 -2304.7 57.8
3650.3 -2295.7 57.7
3717.0 -2311.4 57.2
3737.0 -2305.8 57.1
3742.6 -2294.8 57.1
3754.1 -2281.7 57.1
3745.8 -2284.1 57.1
3736.5 -2279.8 57.2
3730.8 -2271.4 57.2
3716.2 -2272.6 57.3
3673.1 -2273.1 57.6
3741.3 -2266.4 57.2
3733.0 -2263.7 57.2
3704.7 -2263.6 57.4
3693.9 -2263.4 57.5
3673.0 -2261.6 57.6
3666.8 -2262.6 57.6
3731.0 -2255.4 57.3
3724.5 -2253.7 57.3
3684.7 -2252.4 57.5
3674.6 -2255.2 57.5
3662.9 -2252.0 57.5
3733.6 -2241.1 57.4
3715.1 -2241.3 57.4
3703.0 -2242.9 57.5
3694.6 -2246.3 57.5
3724.6 -2234.7 57.5
3713.3 -2234.3 57.6
3715.9 -2223.1 57.6
3706.7 -2196.4 57.7
3705.8 -2185.1 58.1
3685.4 -2161.1 58.9
3713.3 -2152.0 59.0
3702.4 -2152.3 59.0
3684.8 -2154.0 59.0
3675.6 -2153.8 59.0
3704.8 -2144.1 59.2
3690.8 -2145.6 59.1
3716.5 -2132.4 59.2
3693.9 -2135.6 59.3
3717.0 -2122.8 59.1
3662.8 -2121.5 59.2
3665.8 -2115.0 59.1
3653.6 -2111.5 59.1
3694.8 -2105.0 58.9
3685.1 -2105.7 59.0
3662.5 -2102.8 59.0
3654.4 -2103.2 59.1
3705.7 -2091.7 58.8
3693.7 -2090.2 58.8
3676.3 -2091.3 58.9
3652.9 -2094.4 59.0
3644.1 -2090.4 59.0
3706.5 -2086.0 58.8
3696.4 -2079.8 58.8
3685.4 -2085.6 58.8
3671.6 -2084.0 58.9
3703.4 -2072.7 58.8
3692.4 -2075.8 58.9
3663.1 -2072.7 59.0
3655.7 -2072.4 59.1
3643.5 -2070.7 59.1
3702.3 -2060.7 58.9
3675.4 -2066.1 59.0
3696.3 -2042.9 59.1
3681.9 -2042.0 59.1
3684.2 -2035.6 59.1
3671.5 -2025.4 59.2
3664.2 -2024.5 59.3
3770.0 -2267.6 57.1
3761.4 -2262.2 57.1
3770.4 -2256.0 57.2
3758.5 -2258.0 57.2
3781.6 -2242.5 57.2
3790.6 -2236.8 57.2
3756.4 -2238.1 57.4
3802.1 -2228.1 57.3
3776.2 -2226.3 57.4
3771.1 -2225.8 57.5
3760.4 -2223.4 57.5
3807.2 -2216.9 57.3
3777.7 -2218.8 57.4
3758.7 -2213.3 57.5
3746.1 -2215.8 57.5
3741.5 -2213.8 57.6
3790.0 -2204.6 57.4
3779.8 -2208.7 57.4
3782.0 -2195.4 57.5
3772.5 -2196.7 57.4
3760.0 -2192.9 57.6
3738.4 -2196.8 57.5
3796.3 -2183.7 57.9
3787.2 -2188.2 57.7
3768.8 -2184.5 57.9
3750.3 -2187.9 57.8
3736.4 -2184.0 58.0
3848.7 -2173.0 57.8
3786.4 -2176.2 58.1
3780.0 -2175.3 58.2
3759.8 -2175.0 58.2
3738.6 -2173.7 58.3
3828.2 -2163.3 58.0
3806.1 -2163.3 58.1
3758.8 -2166.9 58.4
3750.2 -2167.5 58.4
3860.8 -2154.0 57.8
3782.0 -2154.4 58.4
3766.3 -2153.8 58.5
3761.6 -2152.7 58.5
3860.8 -2143.1 57.8
3827.9 -2144.4 58.1
3817.4 -2143.4 58.2
3801.5 -2143.6 58.3
3861.1 -2133.8 57.9
3840.6 -2134.5 58.0
3812.3 -2134.2 58.2
3798.5 -2137.4 58.3
3792.7 -2132.4 58.4
3779.9 -2134.9 58.5
3767.0 -2136.8 58.6
3746.7 -2133.8 58.7
3842.5 -2126.3 58.0
3799.9 -2125.5 58.3
3786.4 -2128.6 58.4
3776.6 -2122.9 58.4
3752.2 -2127.4 58.6
3737.9 -2124.1 58.7
3850.5 -2117.2 57.9
3836.1 -2117.4 58.0
3821.7 -2114.4 58.1
3772.6 -2118.2 58.4
3759.1 -2117.0 58.5
3747.3 -2112.6 58.5
3731.7 -2114.9 58.6
3848.0 -2105.4 57.8
3841.1 -2108.4 57.9
3819.0 -2102.9 58.0
3782.2 -2105.7 58.2
3769.2 -2103.6 58.3
3762.4 -2108.8 58.4
3752.5 -2105.6 58.4
3886.6 -2098.3 57.6
3862.8 -2097.6 57.7
3848.0 -2096.7 57.8
3831.5 -2093.6 57.8
3818.1 -2097.9 58.0
3778.9 -2095.7 58.2
3740.0 -2094.2 58.4
3876.2 -2083.5 57.7
3847.1 -2088.1 57.8
3787.3 -2085.3 58.1
3782.6 -2088.4 58.1
3759.3 -2083.2 58.3
3748.4 -2085.3 58.3
3739.8 -2085.4 58.3
3729.3 -2082.9 58.4
3928.7 -2075.8 57.4
3911.6 -2076.7 57.5
3879.9 -2072.4 57.7
3849.6 -2075.5 57.9
3841.0 -2072.2 57.9
3796.9 -2074.9 58.1
3789.8 -2072.6 58.2
3772.3 -2078.3 58.2
3761.1 -2073.4 58.3
3747.6 -2075.7 58.4
3738.8 -2076.4 58.4
3762.2 -2065.1 58.4
3752.0 -2065.9 58.4
3736.6 -2067.3 58.5
3727.5 -2063.8 58.6
3888.8 -2057.9 57.8
3882.8 -2056.0 57.8
3828.7 -2054.7 58.1
3818.7 -2057.0 58.1
3812.1 -2054.7 58.2
3776.3 -2055.9 58.4
3768.0 -2054.7 58.4
3762.2 -2054.7 58.4
3747.5 -2054.2 58.5
3731.9 -2057.9 58.6
3720.0 -2054.8 58.6
3951.1 -2048.2 57.8
3940.0 -2047.7 57.8
3849.1 -2048.6 58.1
3796.6 -2047.7 58.3
3772.6 -2046.8 58.4
3762.5 -2043.2 58.5
3749.6 -2042.2 58.6
3922.6 -2034.0 58.2
3877.1 -2034.3 58.3
3867.7 -2037.7 58.2
3848.3 -2035.8 58.3
3840.4 -2036.8 58.3
3831.9 -2033.3 58.4
3816.4 -2032.3 58.4
3806.2 -2037.9 58.4
3776.2 -2036.2 58.6
3769.0 -2033.9 58.6
3737.4 -2038.7 58.7
3728.6 -2032.4 58.8
3968.0 -2026.2 58.3
3961.3 -2023.1 58.4
3939.0 -2023.0 58.4
3910.8 -2028.0 58.3
3890.3 -2026.1 58.4
3877.8 -2024.9 58.5
3856.6 -2026.7 58.5
3828.3 -2023.4 58.6
3727.6 -2024.3 58.9
3720.9 -2026.8 58.9
3977.9 -2017.8 58.4
3966.7 -2013.5 58.6
3957.6 -2012.2 58.6
3908.8 -2015.9 58.6
3899.0 -2015.5 58.6
3889.0 -2013.7 58.7
3866.9 -2017.6 58.7
3829.4 -2018.3 58.7
3791.9 -2015.5 58.8
3776.5 -2017.2 58.8
3761.9 -2012.8 59.0
3751.6 -2016.3 58.9
3711.5 -2016.4 59.1
3986.5 -2005.7 58.7
3966.3 -2008.1 58.7
3958.2 -2002.7 58.8
3947.5 -2004.9 58.8
3918.2 -2005.5 58.8
3902.7 -2007.2 58.8
3880.3 -2002.2 58.9
3768.9 -2008.3 59.0
3756.5 -2005.6 59.1
3751.9 -2002.2 59.2
3728.5 -2004.3 59.2
3968.9 -1993.8 58.7
3927.1 -1992.3 58.8
3920.3 -1998.0 58.9
3912.6 -1998.1 58.9
3871.5 -1996.8 59.0
3820.2 -1994.7 59.2
3792.1 -1993.0 59.3
3737.6 -1998.7 59.3
3701.1 -1994.6 59.4
3689.3 -1992.4 59.5
3991.1 -1984.9 58.6
3971.9 -1983.5 58.7
3940.8 -1986.7 58.8
3926.7 -1985.2 58.8
3879.8 -1983.8 59.0
3868.9 -1982.9 59.0
3847.9 -1985.6 59.1
3818.0 -1985.6 59.2
3809.7 -1982.2 59.2
3736.8 -1987.5 59.5
3719.3 -1982.3 59.5
3678.7 -1983.1 59.6
3990.1 -1977.9 58.6
3958.3 -1978.6 58.7
3930.9 -1977.3 58.8
3919.9 -1975.5 58.9
3911.3 -1974.4 58.9
3880.4 -1976.2 59.0
3867.2 -1978.2 59.0
3849.0 -1978.6 59.1
3789.8 -1972.7 59.3
3779.9 -1977.5 59.3
3738.2 -1972.9 59.5
3712.4 -1976.1 59.5
3700.8 -1972.7 59.6
3681.6 -1973.2 59.7
4002.7 -1966.6 58.6
3966.8 -1966.0 58.7
3948.5 -1964.3 58.8
3898.4 -1963.3 58.9
3881.5 -1965.9 59.0
3868.2 -1967.5 59.0
3858.3 -1966.1 59.1
3826.4 -1965.8 59.2
3778.4 -1964.1 59.3
3761.6 -1964.9 59.4
3748.3 -1963.8 59.4
3742.0 -1967.5 59.4
3697.8 -1964.6 59.7
4028.2 -1952.6 58.5
4008.9 -1952.2 58.6
3999.6 -1956.3 58.6
3982.8 -1954.6 58.7
3868.8 -1955.8 59.0
3849.2 -1957.0 59.1
3837.3 -1957.3 59.1
3809.4 -1957.7 59.2
3749.5 -1956.2 59.4
3742.5 -1952.4 59.4
3730.7 -1956.2 59.5
3721.6 -1953.2 59.6
3697.8 -1955.2 60.0
4036.2 -1946.5 58.5
4016.3 -1946.4 58.6
4001.0 -1945.1 58.6
3969.2 -1947.0 58.7
3917.5 -1942.7 58.9
3877.8 -1947.0 59.0
3860.5 -1947.9 59.1
3841.3 -1945.7 59.1
3729.7 -1948.5 59.6
4007.1 -1937.4 58.6
3999.4 -1934.9 58.6
3900.4 -1938.8 58.9
3887.5 -1935.1 59.0
3827.7 -1936.9 59.2
3812.0 -1934.7 59.2
3789.4 -1938.7 59.3
3747.0 -1936.8 59.6
3991.1 -1926.7 58.6
3976.5 -1927.6 58.7
3970.7 -1924.6 58.7
3890.3 -1928.1 59.0
3878.0 -1928.1 59.0
3871.0 -1925.4 59.0
3857.6 -1923.5 59.1
3851.8 -1922.2 59.1
3840.9 -1928.3 59.1
3808.7 -1927.6 59.2
3799.5 -1924.1 59.2
3791.0 -1928.5 59.3
3759.8 -1922.9 59.9
3971.6 -1912.9 58.7
3960.4 -1913.6 58.7
3901.1 -1912.6 58.9
3891.7 -1917.4 58.9
3881.5 -1914.2 59.0
3868.9 -1914.3 59.0
3860.7 -1912.5 59.0
3852.3 -1915.9 59.1
3801.0 -1917.1 59.1
3766.4 -1914.5 60.0
3941.7 -1904.3 58.8
3886.1 -1906.3 59.0
3856.3 -1906.1 59.1
3849.0 -1905.8 59.1
3812.4 -1907.7 59.3
3800.8 -1908.7 59.5
3789.9 -1907.0 59.8
3782.0 -1906.0 60.0
3750.1 -1908.6 60.5
3739.2 -1907.2 60.8
3927.8 -1897.2 58.8
3921.5 -1895.1 58.8
3868.0 -1895.7 59.0
3841.0 -1896.6 59.1
3828.1 -1892.3 59.5
3799.9 -1893.2 60.1
3781.9 -1897.0 60.3
3769.6 -1897.5 60.5
3761.5 -1897.1 60.7
3740.1 -1895.6 61.2
3910.0 -1886.4 58.9
3902.0 -1884.4 58.9
3820.7 -1888.0 59.8
3796.8 -1882.3 60.5
3777.0 -1887.5 60.7
3881.8 -1875.1 59.1
3871.4 -1874.2 59.3
3871.3 -1866.2 59.6
3790.7 -1854.0 61.6
3672.0 -1969.8 60.0
3660.8 -1970.1 60.0
3653.3 -1970.7 59.9
3649.8 -1949.7 60.5
3631.5 -1950.3 60.6
3644.3 -1944.5 60.7
3679.9 -1929.0 61.3
3671.3 -1931.1 61.2
3640.9 -1933.6 61.1
3610.6 -1934.2 61.4
3593.9 -1931.0 61.8
3701.8 -1924.5 61.0
3693.3 -1925.2 61.1
3671.0 -1921.3 61.5
3664.5 -1921.2 61.5
3655.0 -1920.3 61.4
3581.6 -1920.3 62.4
3711.9 -1909.0 61.3
3641.8 -1908.9 61.9
3634.4 -1910.6 61.9
3605.5 -1914.2 62.1
3594.3 -1908.9 62.5
3579.5 -1913.9 62.6
3723.5 -1899.6 61.4
3673.7 -1905.5 62.0
3643.4 -1904.4 62.0
3632.2 -1900.1 62.2
3622.8 -1903.0 62.2
3611.3 -1902.1 62.4
3723.7 -1889.8 61.7
3665.1 -1892.8 62.3
3651.9 -1893.9 62.3
3614.7 -1892.1 62.6
3662.7 -1881.8 62.6
3655.5 -1881.0 62.7
3644.4 -1883.7 62.7
3630.7 -1878.9 63.0
3611.3 -1885.0 62.9
3680.2 -1871.5 63.0
3655.6 -1869.4 63.1
3642.5 -1873.7 63.0
3631.5 -1870.3 63.2
3613.1 -1873.5 63.3
3752.7 -1860.1 62.1
3724.2 -1860.8 62.7
3692.4 -1859.4 63.4
3681.1 -1861.7 63.3
3665.2 -1861.7 63.3
3645.4 -1861.3 63.4
3761.1 -1849.5 62.3
3754.4 -1853.4 62.3
3740.8 -1850.4 62.7
3702.1 -1850.5 63.5
3692.0 -1851.6 63.6
3684.3 -1853.9 63.6
3669.4 -1853.6 63.5
3664.4 -1855.4 63.5
3623.6 -1852.0 63.9
3770.0 -1841.2 62.4
3683.7 -1841.5 63.9
3671.0 -1841.9 63.9
3622.7 -1841.2 64.3
3614.7 -1839.1 64.4
3681.5 -1832.3 64.2
3662.4 -1833.4 64.2
3620.4 -1831.2 64.6
3750.1 -1811.2 63.9
3722.8 -1799.8 64.8
3715.0 -1801.8 64.9
3704.4 -1801.6 65.1
3695.3 -1801.8 65.2
3682.2 -1802.5 65.1
3731.2 -1792.6 64.9
3694.7 -1791.7 65.5
3670.2 -1785.4 65.8
3725.7 -1772.4 65.7
3705.0 -1775.5 66.0
3729.9 -1759.9 66.0
3725.2 -1750.4 66.4
3700.5 -1749.7 66.8
3786.9 -2299.8 57.0
3808.2 -2287.4 57.2
3797.6 -2286.4 57.1
3791.4 -2256.1 57.2
3806.6 -2240.6 57.2
3820.4 -2218.3 57.3
3837.2 -2201.5 57.2
4014.8 -1918.4 58.6
4007.0 -1919.7 58.6
4038.1 -1912.5 58.5
4025.2 -1910.9 58.5
4010.1 -1911.0 58.6
3998.1 -1907.7 58.6
3987.8 -1907.3 58.6
4024.8 -1897.5 58.5
4008.3 -1900.3 58.6
4098.6 -1890.0 58.3
4056.5 -1887.8 58.4
4038.7 -1890.1 58.5
4009.3 -1887.9 58.6
3999.5 -1887.8 58.6
3968.7 -1890.6 58.7
4050.3 -1880.2 58.4
4024.9 -1881.2 58.5
4009.3 -1882.2 58.6
3997.6 -1881.3 58.6
3991.1 -1880.8 58.6
3968.1 -1883.3 58.7
3946.3 -1879.3 58.8
4089.0 -1869.4 58.3
4070.2 -1871.9 58.4
4057.0 -1868.4 58.4
4035.0 -1868.6 58.5
4017.6 -1867.7 58.5
3988.5 -1870.8 58.6
3920.3 -1867.3 58.8
3907.2 -1869.5 58.9
4127.9 -1860.0 58.0
4120.4 -1860.7 58.1
4076.7 -1861.0 58.3
4044.9 -1857.9 58.4
4027.3 -1861.6 58.5
3969.9 -1859.0 58.7
3956.1 -1860.2 58.7
3937.5 -1863.1 58.8
3931.2 -1862.6 58.8
3895.0 -1862.4 59.2
3885.9 -1858.8 59.5
4137.2 -1852.8 57.9
4107.4 -1848.5 58.2
4088.4 -1850.3 58.3
4065.0 -1848.1 58.4
4058.6 -1850.0 58.4
4050.6 -1850.6 58.4
4035.5 -1850.5 58.5
3995.4 -1852.0 58.6
3985.3 -1851.8 58.6
3961.1 -1852.3 58.7
3936.0 -1850.7 58.8
3928.0 -1852.2 58.9
3916.4 -1847.8 59.3
3909.4 -1850.7 59.3
3894.7 -1851.6 59.6
3855.7 -1848.4 60.5
4109.3 -1842.6 58.2
4089.3 -1837.4 58.3
4069.4 -1842.2 58.4
4028.7 -1837.5 58.5
4016.7 -1837.8 58.5
4006.0 -1840.9 58.6
3988.5 -1842.1 58.6
3955.9 -1838.7 58.8
3949.5 -1838.3 59.0
3905.2 -1838.5 59.8
3885.2 -1840.1 60.2
3866.2 -1842.1 60.5
4101.2 -1828.2 58.3
4056.3 -1829.2 58.4
4051.3 -1828.8 58.4
4037.2 -1832.9 58.5
4025.6 -1831.2 58.5
4010.2 -1828.4 58.6
4000.9 -1830.5 58.6
3977.8 -1828.8 58.7
3937.3 -1831.0 59.4
3930.8 -1829.5 59.6
3918.0 -1832.0 59.8
3910.0 -1830.9 60.0
3900.8 -1827.9 60.3
3870.3 -1829.7 60.8
3859.7 -1828.3 61.1
3837.9 -1831.1 61.4
4128.5 -1820.0 58.0
4086.5 -1820.8 58.3
4065.1 -1819.3 58.4
4007.3 -1818.6 58.6
3908.6 -1819.5 60.4
3875.9 -1819.7 61.1
3866.3 -1817.5 61.3
3860.2 -1820.7 61.3
3837.6 -1820.9 61.8
4098.3 -1812.9 58.3
4087.7 -1813.4 58.3
4066.9 -1811.7 58.4
4047.7 -1812.2 58.4
4040.0 -1809.9 58.5
4015.2 -1808.1 58.7
4007.5 -1811.3 58.7
3999.3 -1813.1 58.8
3986.1 -1809.7 59.2
3940.7 -1811.1 60.1
3927.1 -1812.2 60.3
3910.9 -1813.7 60.6
3898.5 -1808.9 61.0
3851.2 -1807.5 62.0
4108.5 -1802.5 58.2
4099.6 -1800.5 58.3
4089.0 -1801.5 58.3
4074.9 -1799.2 58.3
4048.5 -1800.8 58.4
4025.6 -1797.4 58.8
4020.1 -1803.4 58.7
4005.1 -1800.0 59.1
4001.0 -1798.5 59.3
3989.7 -1798.2 59.5
3957.5 -1803.3 60.0
3907.9 -1799.7 61.1
3885.9 -1803.4 61.4
3881.0 -1798.7 61.7
3867.3 -1803.4 61.8
3827.5 -1799.5 62.7
4045.8 -1790.0 58.7
4016.1 -1791.6 59.2
4005.5 -1792.6 59.4
4000.3 -1793.7 59.5
3987.4 -1788.7 59.9
3970.5 -1788.6 60.2
3946.1 -1790.3 60.7
3938.1 -1792.3 60.7
3904.8 -1793.1 61.4
3879.0 -1788.4 62.1
3866.2 -1793.7 62.1
3836.5 -1789.5 62.9
4067.3 -1778.1 58.7
4057.9 -1781.1 58.7
4030.6 -1778.4 59.4
4020.3 -1777.4 59.6
4009.6 -1780.3 59.7
4000.1 -1782.0 59.9
3986.5 -1781.5 60.1
3935.4 -1778.8 61.3
3929.8 -1778.8 61.4
3921.0 -1779.9 61.5
3847.4 -1780.5 63.0
4049.9 -1771.3 59.2
4018.3 -1767.3 60.0
4001.2 -1768.1 60.3
3926.9 -1767.1 61.8
3895.2 -1768.8 62.4
3884.8 -1768.4 62.6
4055.6 -1761.6 59.4
4050.8 -1760.5 59.6
4040.5 -1758.6 59.9
4026.4 -1760.6 60.1
3988.8 -1762.3 60.8
3977.4 -1758.0 61.1
3956.7 -1760.2 61.5
3948.2 -1758.1 61.7
3884.6 -1757.3 63.0
4038.7 -1747.3 60.2
4030.4 -1751.2 60.3
4018.3 -1748.4 60.6
4008.5 -1748.1 60.8
3975.3 -1748.2 61.5
3965.8 -1753.0 61.5
3955.4 -1749.3 61.9
3939.4 -1751.5 62.1
4019.4 -1739.5 60.7
3989.6 -1739.5 61.5
3981.2 -1738.3 61.7
3967.2 -1738.9 62.0
3951.0 -1740.6 62.2
3935.2 -1739.7 62.6
3927.1 -1743.2 62.6
3895.0 -1741.1 63.4
4005.3 -1731.4 61.0
3990.1 -1732.5 61.5
3978.6 -1728.0 61.7
3968.0 -1733.1 62.1
3956.4 -1732.4 62.4
3950.5 -1733.2 62.5
3981.2 -1722.6 61.6
3793.1 -1812.8 62.9
3785.3 -1818.3 62.9
3773.9 -1819.0 63.1
3773.1 -1808.5 63.5
3816.6 -1794.1 63.1
3814.8 -1783.3 63.5
3756.6 -1786.1 64.6
3826.2 -1777.1 63.5
3813.4 -1773.6 63.9
3825.0 -1763.0 64.0
3764.4 -1762.9 65.2
3756.8 -1767.9 65.2
3843.5 -1753.1 64.0
3826.1 -1757.1 64.2
3808.8 -1755.0 64.6
3798.9 -1753.1 64.9
3787.2 -1756.0 65.0
3752.8 -1755.3 65.7
3848.2 -1743.1 64.2
3837.3 -1744.8 64.4
3795.2 -1746.6 65.2
3788.6 -1744.2 65.4
3845.8 -1734.9 64.5
3822.9 -1732.6 65.1
3815.0 -1738.5 65.0
3808.7 -1733.3 65.3
3796.8 -1736.7 65.5
3788.4 -1733.2 65.8
3773.1 -1733.3 66.0
3767.8 -1735.9 66.1
3867.7 -1727.0 64.4
3855.7 -1727.0 64.6
3844.2 -1728.1 64.8
3839.2 -1725.1 65.0
3823.5 -1725.7 65.3
3798.3 -1726.9 65.8
3758.8 -1724.9 66.6
3745.2 -1727.0 66.8
3834.4 -1718.9 65.3
3823.8 -1713.5 65.7
3796.9 -1715.8 66.2
3743.5 -1716.5 67.2
3737.6 -1713.5 67.4
3869.1 -1706.9 64.6
3855.9 -1705.4 65.0
3777.9 -1702.8 67.0
3743.4 -1706.8 67.5
3837.3 -1698.4 65.4
3729.0 -1696.6 68.2
3833.6 -1685.4 65.5
3823.0 -1686.8 65.8
3796.4 -1684.2 66.6
3783.1 -1687.5 66.9
3774.0 -1684.5 67.2
3769.2 -1677.9 67.6
3914.7 -1654.5 64.3
3926.8 -1643.3 64.4
3936.1 -1638.0 64.3
3917.9 -1639.0 64.8
3946.2 -1623.4 65.0
3958.0 -1613.4 65.9
3938.8 -1604.2 66.8
3504.2 -2552.2 58.9
3484.3 -2542.4 59.1
3469.5 -2521.1 59.2
3500.1 -2499.5 58.6
3483.8 -2504.2 58.8
3522.5 -2489.1 58.3
3531.6 -2482.4 58.2
3519.7 -2481.5 58.3
3499.8 -2399.6 58.4
3510.3 -2345.2 58.4
3419.2 -2279.8 58.7
3390.2 -2211.5 58.7
3526.6 -2193.0 58.2
3496.0 -2194.5 58.3
3522.7 -2162.0 59.0
3552.9 -2150.8 59.3
3503.9 -2154.6 59.2
3554.2 -2141.6 59.5
3543.6 -2141.9 59.5
3502.5 -2141.9 59.5
3526.0 -2129.6 59.7
3504.8 -2125.1 59.8
3512.4 -2114.6 59.6
3521.6 -2098.7 59.5
3514.5 -2102.8 59.5
3522.7 -2089.4 59.5
3511.8 -2093.6 59.6
3511.2 -2083.5 59.6
3526.2 -2070.6 59.6
3574.8 -2061.0 59.5
3562.9 -2036.5 59.7
3586.1 -2027.1 59.7
3565.4 -2029.1 59.8
3601.0 -2014.1 59.8
3584.0 -2017.6 59.9
3532.5 -2013.8 60.3
3590.8 -2009.1 59.9
3584.7 -2006.9 60.0
3575.1 -2005.9 60.1
3564.1 -2002.7 60.2
3544.7 -2008.1 60.3
3623.9 -1995.3 59.8
3591.0 -1994.0 60.0
3571.7 -1998.8 60.2
3560.4 -1995.5 60.3
3550.5 -1998.3 60.3
3643.3 -1987.0 59.7
3630.9 -1987.5 59.8
3615.9 -1986.3 59.9
3600.2 -1982.5 60.1
3575.9 -1982.6 60.4
3565.4 -1985.1 60.4
3625.9 -1976.4 59.9
3602.7 -1978.1 60.2
3593.9 -1973.3 60.5
3554.4 -1973.9 61.0
3522.4 -1975.7 61.4
3511.3 -1977.7 61.4
3582.4 -1963.7 61.0
3592.5 -1955.8 61.1
3580.1 -1958.5 61.2
3570.8 -1957.5 61.4
3563.5 -1944.9 61.9
3534.2 -1937.0 62.6
3485.0 -1978.6 61.8
3478.6 -1977.4 61.9
3484.4 -1945.0 62.7
3526.8 -1936.0 62.8
3515.4 -1936.3 62.9
3494.5 -1937.2 62.8
3530.6 -1926.5 63.0
3519.4 -1929.3 62.9
3517.9 -1914.2 63.3
3479.7 -1914.9 63.2
3499.5 -1908.4 63.5
3477.3 -1907.0 63.5
3394.1 -1904.1 62.5
3485.1 -1897.3 63.7
3479.9 -1893.2 63.7
3467.2 -1897.3 63.5
3428.6 -1895.1 63.1
3384.4 -1895.5 62.5
3448.3 -1885.2 63.5
3439.3 -1887.4 63.4
3419.1 -1886.3 63.1
3444.1 -1873.8 63.7
3424.7 -1873.1 63.4
3418.8 -1878.6 63.3
3407.6 -1865.6 63.1
3389.4 -1866.2 62.8
3380.3 -1865.4 62.7
3618.5 -2400.0 57.6
3630.1 -2766.6 58.8
3623.1 -2767.6 58.5
3642.6 -2755.6 59.2
3632.1 -2754.0 58.8
3594.8 -2759.0 57.3
3623.1 -2743.6 58.4
3613.4 -2746.8 58.0
3605.4 -2749.0 57.7
3584.5 -2746.1 56.8
3540.3 -2747.8 56.6
3534.0 -2745.8 56.5
3642.1 -2735.9 59.1
3633.5 -2735.1 58.7
3602.7 -2734.8 57.5
3596.2 -2733.9 57.2
3584.5 -2733.5 56.8
3544.9 -2738.0 56.6
3645.8 -2726.8 58.8
3622.1 -2728.3 58.2
3611.7 -2724.2 57.8
3606.0 -2723.2 57.5
3582.8 -2729.1 56.8
3554.0 -2723.3 56.7
3650.0 -2712.5 58.3
3634.6 -2713.8 58.2
3622.5 -2712.7 58.1
3611.7 -2715.3 57.7
3601.8 -2715.3 57.3
3574.5 -2718.0 56.9
3604.0 -2705.8 57.3
3593.0 -2709.2 57.0
3586.2 -2704.7 57.0
3574.1 -2705.8 56.9
3562.1 -2705.4 56.9
3554.2 -2703.4 56.9
3533.5 -2704.8 56.7
3642.8 -2698.7 57.7
3635.8 -2698.3 57.6
3624.7 -2695.1 57.4
3571.2 -2692.7 57.0
3645.3 -2687.9 57.4
3630.1 -2683.7 57.3
3593.6 -2683.8 57.1
3582.6 -2688.1 57.0
3543.5 -2688.2 56.8
3615.6 -2677.1 57.2
3641.9 -2666.8 57.4
3632.9 -2665.8 57.3
3622.1 -2666.8 57.2
3575.0 -2664.6 57.0
3559.7 -2665.7 56.9
3593.0 -2659.2 57.1
3575.8 -2658.0 57.0
3562.2 -2656.6 56.9
3579.0 -2533.6 58.1
3568.7 -2533.4 58.2
3603.8 -2522.2 57.8
3586.3 -2525.6 58.0
3575.3 -2523.4 58.1
3566.0 -2293.5 58.2
3575.5 -2252.1 57.9
4135.0 -3058.1 104.5
4103.5 -3052.2 104.0
4092.9 -3049.1 103.8
4112.7 -3039.4 103.7
4099.5 -3041.2 103.7
4089.3 -3038.8 103.4
4143.8 -3033.4 103.9
4110.3 -3032.2 103.5
4105.4 -3029.7 103.4
4092.3 -3027.5 103.0
4110.1 -3018.5 103.1
4102.3 -3018.7 103.0
4094.8 -3018.2 102.8
4140.1 -3012.1 103.2
4112.5 -3008.5 102.8
4100.5 -3008.3 102.6
4152.2 -3003.2 103.1
4112.5 -3003.6 102.7
4092.7 -2999.9 102.1
4151.8 -2993.3 102.8
4142.2 -2992.7 102.7
4112.6 -2988.5 102.2
4069.7 -2991.4 101.3
4062.1 -2992.8 101.2
4052.9 -2989.1 100.9
4034.4 -2989.4 100.5
4101.5 -2982.1 101.7
4091.1 -2980.0 101.4
4084.3 -2983.3 101.4
4054.5 -2981.1 100.7
4014.4 -2978.0 99.7
4004.4 -2979.6 99.5
4111.4 -2968.7 101.5
4090.7 -2972.0 101.1
4085.7 -2969.6 100.9
4053.3 -2970.6 100.3
4029.5 -2973.9 99.9
4022.9 -2973.7 99.7
4014.9 -2970.4 99.5
3990.3 -2969.0 98.9
4109.6 -2959.3 101.1
4099.6 -2960.7 101.0
4032.7 -2962.2 99.6
4092.7 -2953.1 100.5
4072.3 -2951.0 100.0
4063.4 -2948.6 99.8
4103.4 -2943.4 100.5
4059.6 -2942.9 99.5
4055.4 -2939.5 99.3
3989.6 -2942.2 98.0
3984.6 -2944.0 97.9
3970.7 -2940.6 97.5
4112.8 -2932.7 100.3
4101.2 -2931.4 100.0
4085.3 -2929.7 99.6
4060.4 -2931.7 99.1
4054.6 -2932.3 99.0
4014.9 -2928.7 98.0
4002.3 -2930.3 97.8
4109.8 -2919.7 99.8
4105.6 -2922.1 99.8
4090.7 -2921.9 99.5
4082.6 -2923.2 99.3
4071.5 -2921.5 99.0
4062.3 -2920.8 98.8
4054.8 -2922.4 98.7
4042.6 -2922.4 98.4
4029.9 -2919.7 98.1
4015.1 -2923.9 97.9
4002.5 -2921.4 97.5
3981.9 -2918.8 97.0
3974.4 -2921.6 96.9
4114.8 -2908.7 99.5
4104.1 -2910.6 99.4
4045.1 -2912.2 98.1
4034.7 -2909.0 97.8
4023.0 -2910.2 97.6
4115.7 -2900.7 99.3
4053.1 -2901.0 97.9
4042.6 -2899.0 97.6
4019.9 -2900.4 97.2
4013.4 -2898.0 97.0
3984.7 -2900.0 96.4
4114.0 -2888.9 98.8
4100.6 -2887.6 98.5
4044.3 -2888.5 97.3
4023.1 -2889.3 96.9
4014.4 -2888.4 96.7
3992.5 -2892.3 96.3
3973.8 -2890.5 95.9
3963.2 -2891.2 95.7
3953.2 -2889.6 95.4
4093.2 -2882.2 98.2
4081.4 -2884.1 98.0
4074.7 -2881.1 97.7
4065.5 -2880.3 97.5
4011.7 -2881.9 96.4
3979.6 -2879.5 95.6
3975.2 -2881.2 95.6
3963.7 -2882.5 95.4
3951.0 -2882.0 95.1
3941.3 -2883.4 94.9
3935.7 -2877.6 94.6
4093.4 -2869.7 97.8
4074.5 -2873.4 97.5
4061.2 -2873.9 97.2
4050.4 -2873.5 97.0
3959.3 -2870.8 94.9
3922.6 -2868.6 94.0
3912.3 -2868.7 93.8
3902.6 -2869.3 93.6
4060.9 -2862.1 96.8
4009.9 -2863.0 95.7
3992.2 -2863.1 95.4
3985.4 -2858.0 95.0
3944.1 -2860.7 94.2
3933.6 -2858.9 93.9
3912.3 -2858.7 93.5
3901.7 -2862.3 93.4
3992.5 -2850.3 94.8
3953.3 -2852.2 94.1
3930.6 -2850.5 93.5
3884.5 -2854.1 91.6
3874.2 -2849.9 89.7
3972.8 -2841.0 94.0
3895.2 -2840.4 91.1
4011.4 -2829.1 94.2
4003.9 -2830.6 94.1
3983.7 -2830.2 93.7
3895.9 -2833.9 90.3
3884.2 -2833.5 88.6
3872.5 -2828.7 86.3
3862.6 -2830.8 85.4
4021.1 -2820.9 94.0
3992.7 -2823.9 93.6
3922.0 -2823.2 91.7
3913.4 -2821.5 90.9
3902.8 -2821.2 89.6
3890.5 -2822.5 88.0
3870.2 -2823.5 85.3
3861.6 -2823.1 84.2
4011.3 -2809.0 93.2
3965.1 -2810.6 92.3
3922.9 -2809.8 90.3
4023.9 -2799.2 93.0
4004.9 -2800.0 92.7
3929.7 -2800.1 89.8
3864.9 -2797.6 81.1
4022.2 -2792.2 92.6
4004.3 -2793.0 92.3
3954.2 -2790.1 90.6
3942.4 -2793.6 90.1
3874.7 -2788.1 81.2
3992.4 -2778.3 91.3
3941.9 -2781.8 88.9
3924.2 -2778.8 86.9
3894.6 -2778.0 82.6
3882.2 -2778.2 80.9
4002.0 -2767.9 91.0
3911.3 -2768.5 83.7
3902.0 -2771.5 82.8
3921.8 -2763.8 84.5
3912.9 -2761.3 82.9
3901.0 -2758.9 80.9
3890.3 -2762.6 79.9
3880.0 -2759.9 78.1
3980.5 -2753.1 88.7
3904.1 -2748.9 80.0
3882.4 -2750.2 77.2
3872.1 -2750.3 75.7
3920.0 -2741.7 81.3
3894.9 -2743.0 77.9
3969.8 -2728.7 85.4
3945.6 -2728.2 83.0
3932.5 -2733.7 82.0
3576.4 -2211.0 58.1
3567.7 -2207.7 58.1
3593.7 -2199.0 58.0
3587.3 -2196.9 58.0
3575.1 -2200.5 58.1
3595.0 -2152.2 59.2
3582.5 -2148.1 59.3
3631.3 -2129.4 59.4
3374.6 -2195.0 58.7
3417.9 -2186.2 58.6
3400.8 -2172.5 58.8
3440.1 -2164.4 59.0
3429.9 -2164.0 59.0
3417.3 -2153.2 59.3
3410.2 -2152.3 59.3
3397.3 -2155.4 59.3
3477.1 -2142.2 59.5
3465.3 -2143.6 59.5
3460.3 -2144.2 59.5
3385.2 -2140.7 59.7
3378.6 -2140.3 59.7
3490.5 -2134.7 59.7
3468.0 -2133.6 59.7
3455.2 -2132.6 59.8
3451.1 -2130.9 59.8
3389.4 -2132.6 59.9
3345.3 -2134.5 59.8
3489.7 -2122.7 59.8
3439.2 -2121.3 60.0
3416.2 -2124.7 60.0
3396.4 -2125.7 60.0
3385.4 -2124.8 60.0
3380.9 -2122.2 60.1
3434.9 -2111.4 59.9
3429.8 -2113.2 59.9
3409.2 -2110.4 59.9
3395.2 -2114.3 60.0
3390.1 -2110.4 60.0
3378.4 -2116.6 60.1
3490.7 -2101.4 59.6
3430.8 -2104.7 59.9
3491.1 -2092.8 59.7
3457.7 -2093.2 59.8
3400.7 -2691.8 56.6
3391.2 -2679.0 57.0
3340.1 -2678.2 57.3
3413.2 -2669.5 57.0
3405.5 -2669.5 57.1
3370.0 -2674.1 57.2
3364.9 -2669.0 57.4
3319.8 -2673.4 57.6
3455.1 -2659.7 57.0
3413.2 -2658.0 57.3
3402.3 -2661.9 57.3
3384.4 -2659.3 57.5
3365.0 -2658.4 57.6
3341.3 -2662.2 57.7
3402.6 -2651.9 57.5
3372.1 -2649.6 57.8
3359.3 -2652.2 57.8
3353.7 -2648.8 58.0
3340.4 -2649.5 58.0
3329.4 -2651.5 58.1
3382.3 -2638.7 58.0
3372.3 -2639.6 58.0
3363.9 -2638.2 58.1
3345.2 -2643.1 58.1
3302.1 -2642.3 58.5
3372.8 -2630.5 58.3
3362.9 -2634.1 58.2
3343.9 -2631.0 58.5
3331.3 -2632.4 58.5
3324.1 -2634.4 58.5
3431.7 -2622.3 58.1
3395.1 -2624.5 58.3
3381.6 -2621.4 58.4
3373.1 -2620.0 58.5
3360.3 -2621.2 58.6
3353.9 -2618.6 58.7
3345.3 -2620.7 58.7
3443.5 -2609.5 58.3
3431.8 -2609.1 58.4
3372.7 -2610.9 58.7
3342.9 -2612.7 58.9
3334.3 -2608.6 59.1
3381.3 -2601.5 58.9
3369.5 -2599.0 59.1
3359.8 -2602.8 59.0
3352.0 -2603.1 59.1
3421.0 -2591.3 58.9
3384.2 -2593.4 59.1
3372.0 -2592.5 59.2
2786.9 -2022.9 71.8
2775.4 -2025.4 72.7
2757.8 -2015.9 73.4
2745.6 -2002.6 73.9
2788.5 -1986.4 69.8
2776.2 -1983.4 70.4
2746.4 -1988.2 73.1
2795.8 -1973.5 68.7
2706.4 -1974.2 76.2
2787.6 -1963.8 68.7
2777.7 -1966.2 69.4
2710.3 -1964.3 75.3
2709.1 -1955.5 75.0
2699.7 -1953.3 75.8
2816.7 -1944.8 66.0
2789.5 -1942.7 67.5
2710.7 -1943.1 74.3
2700.8 -1944.6 75.3
2811.0 -1933.3 65.7
2800.4 -1936.0 66.5
2790.1 -1938.2 67.2
2687.8 -1932.7 75.4
2787.5 -1924.5 66.7
2781.2 -1925.8 67.1
2708.0 -1923.3 73.0
2775.9 -1912.4 66.8
2768.7 -1916.5 67.7
2758.0 -1915.4 68.6
2735.3 -1911.6 70.0
2719.6 -1916.8 71.6
2710.8 -1916.9 72.3
2695.6 -1913.9 73.7
2675.7 -1914.5 76.2
2758.3 -1904.7 67.8
2736.4 -1903.5 69.5
2730.5 -1904.1 69.9
2717.5 -1908.0 71.1
2789.9 -1896.2 65.7
2780.1 -1892.0 65.9
2767.5 -1894.9 66.8
2746.2 -1898.0 68.5
2740.3 -1893.7 68.9
2727.3 -1894.7 69.9
2825.0 -1886.1 65.0
2809.8 -1887.9 65.3
2748.4 -1888.1 68.1
2816.4 -2020.2 69.9
2816.0 -2011.0 69.5
2807.6 -2009.2 69.9
2831.1 -2005.7 68.3
2807.1 -2000.9 69.5
2807.5 -1991.1 68.9
2850.4 -1980.5 65.8
2835.8 -1979.1 66.6
2829.2 -1979.3 67.0
2821.8 -1981.5 67.6
2811.0 -1980.1 68.2
2858.2 -1975.1 65.1
2817.7 -1969.5 67.2
2849.8 -1964.9 65.0
2866.3 -1951.4 63.8
2861.6 -1951.4 63.9
2828.7 -1954.6 65.8
2891.6 -1944.0 63.1
2889.7 -1931.3 63.2
2829.9 -1933.0 64.7
2879.9 -1923.0 63.6
2837.5 -1920.1 64.5
2861.0 -1902.6 64.5
2848.1 -1899.4 64.8
2742.9 -2149.4 80.5
2757.4 -2134.8 79.0
2745.5 -2133.2 79.9
2771.8 -2121.1 77.7
2743.5 -2124.3 79.9
2737.6 -2120.1 80.3
2725.7 -2121.9 81.6
2771.7 -2114.7 77.6
2784.5 -2104.1 76.2
2776.9 -2101.2 76.5
2723.2 -2100.1 80.7
2718.0 -2105.4 81.5
2725.0 -2090.6 80.0
2718.0 -2091.9 80.8
2725.7 -2083.7 79.6
2717.5 -2081.2 80.2
2736.0 -2058.9 77.4
2724.0 -2061.3 78.7
2714.7 -2061.4 79.5
3304.7 -2287.8 59.3
3306.4 -2271.7 59.1
3312.8 -2256.4 58.9
3332.6 -2235.7 58.8
3324.6 -2237.9 58.9
3335.5 -2200.8 58.8
3312.0 -2200.0 58.9
3302.7 -2199.5 58.9
3310.7 -2187.8 58.9
3415.8 -2390.5 59.1
3378.8 -2358.7 59.2
2967.5 -2057.7 62.6
2977.3 -2044.7 61.6
2961.4 -2044.6 62.5
2944.5 -2034.5 63.0
2945.3 -2022.8 62.4
2932.3 -2023.9 63.2
3001.8 -2014.4 60.2
2991.6 -2013.8 60.5
2996.8 -2002.5 60.3
2986.8 -2003.7 60.6
2922.4 -2007.0 62.9
2992.3 -1992.5 60.5
2921.0 -1995.4 62.4
2912.0 -1992.3 62.7
2991.8 -1987.7 60.5
2912.1 -1982.9 62.6
2985.7 -1974.6 60.7
2921.6 -1965.7 62.3
2954.1 -1953.6 61.5
2947.2 -1954.7 61.7
2934.9 -1958.0 62.0
3337.2 -2044.0 61.6
3331.6 -2043.5 61.6
3225.7 -2997.4 56.0
3206.7 -2998.9 56.0
3190.0 -2992.8 56.0
3189.7 -2988.1 56.0
3236.9 -2967.9 56.0
3205.8 -2965.4 56.0
3186.1 -2967.5 56.0
3170.2 -2963.3 56.0
3225.5 -2958.1 56.0
3216.8 -2955.0 56.0
3228.8 -2942.8 56.0
3215.3 -2945.3 56.0
3239.6 -2936.8 56.0
3226.1 -2937.4 56.0
3214.7 -2934.6 56.0
3248.3 -2928.4 56.0
3225.5 -2923.4 56.0
3217.4 -2924.2 56.0
3209.5 -2928.3 56.0
3214.7 -2913.5 56.0
3214.5 -2895.7 56.0
3016.7 -3118.2 56.4
3009.5 -3117.1 56.4
3009.9 -3108.8 56.6
3061.6 -3098.2 56.2
3022.7 -3098.8 56.6
3008.9 -3098.9 56.8
3002.6 -3099.4 56.8
2987.3 -3100.9 56.9
3072.5 -3092.5 56.2
2987.5 -3090.7 57.1
3028.1 -3072.6 57.0
3009.2 -3072.6 57.2
3027.8 -3059.7 57.1
3058.0 -3042.5 57.1
3019.2 -3041.8 57.5
3009.7 -3037.7 57.7
3009.0 -3028.9 57.8
3002.8 -3030.3 57.9
3028.0 -3022.2 57.7
3107.6 -3012.1 57.0
3017.4 -3009.3 58.1
3008.8 -3012.9 58.1
3102.7 -3001.7 57.1
3027.0 -2997.0 58.1
3130.4 -2987.6 56.6
3107.4 -2989.8 57.0
3099.2 -2993.0 57.2
3076.6 -2988.5 57.4
3066.9 -2992.1 57.6
3040.7 -2990.3 57.9
3141.9 -2978.4 56.1
3132.3 -2981.5 56.4
3108.1 -2981.6 56.9
3081.7 -2983.4 57.4
3058.4 -2980.7 57.7
3030.8 -2982.1 58.0
3020.3 -2982.2 58.1
3136.9 -2970.6 56.0
3116.9 -2968.5 56.4
3079.2 -2972.4 57.3
3071.9 -2972.3 57.4
3058.0 -2968.9 57.6
3047.1 -2971.3 57.8
3038.1 -2970.1 57.9
3098.5 -2960.7 56.5
3062.1 -2959.9 57.3
3038.2 -2962.2 57.8
3031.6 -2963.4 58.0
2990.3 -2963.6 58.6
3140.4 -2948.5 56.0
3102.1 -2953.1 56.2
3080.8 -2952.0 56.6
3072.8 -2948.8 56.7
3061.9 -2949.7 57.0
3052.0 -2948.4 57.1
3042.0 -2953.4 57.5
3027.5 -2949.8 57.7
3032.4 -2940.6 57.3
3008.2 -2942.7 58.1
3172.1 -2927.8 56.0
3162.8 -2930.0 56.0
3137.6 -2928.9 56.0
3119.1 -2928.3 56.0
3032.6 -2928.8 57.1
3019.5 -2930.7 57.8
3136.8 -2923.4 56.0
3119.7 -2922.7 56.0
3038.8 -2921.2 57.0
3028.5 -2919.7 57.6
3181.1 -2912.8 56.0
3137.6 -2913.5 56.0
3091.0 -2911.9 56.0
3117.4 -2900.4 56.0
3109.4 -2897.1 56.0
3088.7 -2902.5 56.0
3171.8 -2889.6 56.0
3157.2 -2889.9 56.0
3149.3 -2887.0 56.0
3033.0 -2888.7 58.5
3178.6 -2882.4 56.0
3148.1 -2881.0 56.0
3132.0 -2882.6 56.0
3018.2 -2880.7 59.5
3180.0 -2873.0 56.0
3158.5 -2872.7 56.0
3151.2 -2872.7 56.0
3019.7 -2867.0 60.2
3178.0 -2860.4 56.1
3162.7 -2863.5 56.1
3048.5 -2863.1 59.3
3029.8 -2859.7 60.2
3167.8 -2849.8 56.1
3158.3 -2850.9 56.1
3147.1 -2850.8 56.4
3136.9 -2849.2 56.8
3182.5 -2843.2 56.1
3171.9 -2841.6 56.1
3162.9 -2839.8 56.4
3128.4 -2843.3 57.5
3061.1 -2843.1 59.9
3111.2 -2818.3 59.3
3068.5 -2822.2 60.3
3079.4 -2810.4 60.4
3036.2 -2845.6 60.5
3031.3 -2834.3 60.9
3035.4 -2816.1 61.4
3073.6 -2790.2 61.1
3055.0 -2793.9 61.5
3034.4 -2790.6 62.1
3074.4 -2781.1 61.4
3065.9 -2786.1 61.5
3031.9 -2785.3 62.4
3073.9 -2770.6 61.7
3035.8 -2772.4 62.6
3042.6 -2762.1 62.6
3035.6 -2764.2 62.7
3075.5 -2750.1 61.7
3041.5 -2754.8 62.6
3030.6 -2751.3 62.8
3042.8 -2740.4 62.5
3034.0 -2743.1 62.7
3076.9 -2734.0 61.6
3065.0 -2734.8 61.9
3052.3 -2731.6 62.2
3053.9 -2726.7 62.2
3044.6 -2713.0 62.1
3951.2 -2487.6 63.5
3957.8 -2474.1 63.6
3919.9 -2472.2 61.2
3918.3 -2467.6 61.0
3908.7 -2462.7 60.3
3967.9 -2457.7 63.6
3912.1 -2448.4 60.5
3917.9 -2437.4 60.7
3898.9 -2438.6 59.9
3919.3 -2427.0 60.6
3911.0 -2423.6 60.2
3899.6 -2422.5 59.7
3971.8 -2416.9 62.6
3962.9 -2416.9 62.3
3902.9 -2416.2 59.8
3893.3 -2416.5 59.4
3978.0 -2405.3 62.5
3937.7 -2402.5 60.9
3918.3 -2408.4 60.3
3889.9 -2407.3 59.1
3882.7 -2402.8 58.8
3948.4 -2393.4 61.0
3941.2 -2396.9 60.8
3918.4 -2393.2 59.8
3907.9 -2395.7 59.5
3931.7 -2383.3 60.0
3924.1 -2384.4 59.8
3972.6 -2375.7 61.4
3947.9 -2377.2 60.5
3938.2 -2376.8 60.1
3919.8 -2376.3 59.4
3907.6 -2376.6 58.9
3894.2 -2376.1 58.4
4003.6 -2364.8 62.1
3968.1 -2364.2 60.8
3948.8 -2367.6 60.2
3943.9 -2363.5 59.9
3933.6 -2366.0 59.6
3919.5 -2364.1 59.0
4009.2 -2356.9 62.1
3980.3 -2352.4 60.9
3938.8 -2354.9 59.4
3928.3 -2358.3 59.1
4011.4 -2348.8 61.9
3978.7 -2348.6 60.7
3938.5 -2343.8 59.1
4017.6 -2335.5 61.7
4019.9 -2322.9 61.5
3998.5 -2324.0 60.8
4008.9 -2312.5 60.9
3983.8 -2315.0 60.0
3991.4 -2307.6 60.2
4040.6 -2293.4 61.7
4003.2 -2294.6 60.4
4042.6 -2286.3 61.6
4013.3 -2287.0 60.6
4000.3 -2284.6 59.9
4041.2 -2273.6 61.3
4009.3 -2272.4 59.8
4002.4 -2277.7 59.7
4060.6 -2264.9 61.7
4053.1 -2265.8 61.5
4023.4 -2265.9 60.3
4071.6 -2246.7 61.5
4072.9 -2236.7 61.3
4041.6 -2232.9 60.0
4069.5 -2217.2 60.3
4019.4 -2213.3 58.6
4089.6 -2207.2 60.4
4079.4 -2208.3 60.1
4063.9 -2205.7 59.5
4037.7 -2208.2 58.9
4020.8 -2203.5 58.1
4012.7 -2206.4 58.0
4020.1 -2195.3 58.0
4012.0 -2192.9 57.8
4001.6 -2195.7 57.5
3998.4 -2182.5 57.3
4049.7 -2175.3 58.6
4010.9 -2175.7 57.6
4002.3 -2172.4 57.4
4023.6 -2167.7 57.9
4009.6 -2166.0 57.5
3998.3 -2165.9 57.2
4157.9 -2152.8 60.0
4102.5 -2153.1 59.2
4053.2 -2156.4 58.6
4028.0 -2154.1 57.9
4007.7 -2156.5 57.4
4100.0 -2146.1 58.9
4001.9 -2146.4 57.2
4090.8 -2134.7 58.6
4003.2 -2136.2 57.2
4137.6 -2128.4 59.1
4130.5 -2125.2 58.9
4094.1 -2127.0 58.4
4200.5 -2112.9 60.6
4121.5 -2113.4 58.5
4059.4 -2113.0 57.7
4019.9 -2116.2 57.3
4078.3 -2108.6 57.7
4051.2 -2103.8 57.3
4019.0 -2106.7 57.1
4009.4 -2102.8 57.0
4171.7 -2097.2 59.8
4070.7 -2096.3 57.3
4053.1 -2094.0 57.1
4193.1 -2085.1 60.0
4179.3 -2085.7 59.7
4173.7 -2083.3 59.6
4158.2 -2083.4 59.3
4120.3 -2088.1 58.5
4111.4 -2084.9 58.2
4242.0 -2077.6 60.7
4203.3 -2072.9 60.2
4192.2 -2077.1 59.8
4180.5 -2073.0 59.7
4162.6 -2075.0 59.2
4149.7 -2076.2 58.9
4090.8 -2077.8 57.6
4248.1 -2063.8 60.6
4210.5 -2063.1 60.2
4188.3 -2066.5 59.9
4150.9 -2064.9 59.1
4268.1 -2052.7 60.4
4261.7 -2053.6 60.4
4248.8 -2052.7 60.4
4239.7 -2054.8 60.4
4183.6 -2054.7 59.8
4141.2 -2056.8 59.1
4271.3 -2048.8 60.3
4257.8 -2042.9 60.1
4248.9 -2044.9 60.2
4239.7 -2042.2 60.1
4168.3 -2042.9 59.5
4113.4 -2043.4 58.6
4274.0 -2036.7 60.1
4262.5 -2033.5 60.1
4237.8 -2033.8 59.9
4234.2 -2037.2 60.0
4188.6 -2036.1 59.8
4132.1 -2036.0 58.9
4284.1 -2025.5 59.7
4271.7 -2024.0 59.9
4252.6 -2027.0 60.0
4244.0 -2024.7 59.9
4229.2 -2022.7 59.8
4221.2 -2028.9 59.8
4148.7 -2025.3 59.1
4301.9 -2018.9 59.3
4282.0 -2013.6 59.5
4327.8 -2005.7 58.6
4318.5 -2003.2 58.7
4312.1 -2007.2 58.9
4283.3 -2004.0 59.3
4271.3 -2007.8 59.6
4238.1 -2008.0 59.7
4181.8 -2007.1 59.4
4172.5 -2008.9 59.3
4308.5 -1997.8 58.8
4279.4 -1995.9 59.2
4269.7 -1998.1 59.4
4198.7 -1995.1 59.4
4193.1 -1997.4 59.4
4351.1 -1988.4 58.1
4301.1 -1987.7 59.0
4288.9 -1986.7 59.0
4269.9 -1986.9 59.2
4229.7 -1986.9 59.5
4219.5 -1983.0 59.4
4332.5 -1976.2 58.5
4289.5 -1973.2 59.2
4242.4 -1975.2 59.4
4222.7 -1978.9 59.4
4343.9 -1964.4 58.3
4397.8 -1956.6 58.3
4394.0 -1956.1 58.3
4384.1 -1957.5 58.3
4392.4 -1946.4 58.3
4363.3 -1942.6 58.4
4413.7 -1935.2 58.3
4403.4 -1937.0 58.4
4360.7 -1933.3 58.5
4419.1 -1922.7 58.1
4368.2 -1924.3 58.6
4462.3 -1913.1 57.7
4452.2 -1916.5 57.5
4393.7 -1916.8 58.5
4472.8 -1902.5 58.2
4391.0 -1902.7 58.4
4468.9 -1898.6 58.3
4430.8 -1895.5 58.0
4418.7 -1898.1 57.8
4388.6 -1896.2 58.3
4432.2 -1884.9 58.3
4463.5 -1872.6 58.8
4440.9 -1877.6 58.5
4427.7 -1878.1 58.4
4423.0 -1877.0 58.3
4451.5 -1866.8 58.7
2972.5 -3082.0 57.4
2981.8 -3059.8 57.7
2977.1 -3059.3 57.7
3992.1 -2513.5 67.5
3988.2 -2489.1 65.8
4082.3 -2469.0 71.8
3987.5 -2469.4 65.1
4096.5 -2462.2 72.8
4071.6 -2460.1 70.8
3986.6 -2459.4 64.8
4102.3 -2453.7 73.1
4042.5 -2447.9 68.4
3988.3 -2453.7 64.7
4107.1 -2441.6 72.8
4057.9 -2437.8 69.2
4050.6 -2439.8 68.8
4038.7 -2441.0 68.0
4067.1 -2429.2 69.5
4057.9 -2427.5 68.7
4037.2 -2429.9 67.4
4126.8 -2418.0 72.8
4107.4 -2419.7 71.6
4059.4 -2411.9 68.0
4030.9 -2408.6 65.9
4002.4 -2409.3 64.0
4120.7 -2399.4 71.4
4107.1 -2399.3 70.5
4097.5 -2400.1 69.9
4091.5 -2401.7 69.6
4028.4 -2400.4 65.3
4000.3 -2402.4 63.5
4141.1 -2390.0 72.2
4130.8 -2388.0 71.4
4101.8 -2389.0 69.5
4091.1 -2391.8 69.0
4037.1 -2389.4 65.2
4011.0 -2393.7 63.8
4146.5 -2379.0 72.0
4142.4 -2377.8 71.7
4132.4 -2380.0 71.1
4057.2 -2379.8 66.1
4047.1 -2380.5 65.4
4039.4 -2382.6 65.0
4120.4 -2371.9 69.9
4071.2 -2373.5 66.7
4060.9 -2368.3 65.8
4041.8 -2372.9 64.7
4162.8 -2359.7 72.2
4136.4 -2358.7 70.4
4119.1 -2360.5 69.3
4096.3 -2359.7 67.7
4076.8 -2362.2 66.5
4057.3 -2359.3 65.1
4047.4 -2359.3 64.5
4020.8 -2363.8 62.9
4280.5 -2353.4 73.8
4159.4 -2350.8 71.5
4147.5 -2348.9 70.8
4101.2 -2352.5 67.7
4077.7 -2353.3 66.2
4068.2 -2349.2 65.4
4287.6 -2340.7 73.0
4278.1 -2343.0 73.0
4268.3 -2343.5 72.9
4261.1 -2338.1 72.3
4172.7 -2338.8 70.6
4156.5 -2340.8 70.4
4148.1 -2339.6 70.1
4107.5 -2338.2 67.6
4099.2 -2342.7 67.2
4088.4 -2342.0 66.5
4077.3 -2343.8 65.8
4069.4 -2343.4 65.2
4290.9 -2330.9 72.1
4270.8 -2331.7 71.8
4182.8 -2332.3 70.1
4162.7 -2329.2 69.3
4147.1 -2330.4 69.1
4140.8 -2332.4 69.2
4081.1 -2331.7 65.6
4070.4 -2328.0 64.7
4031.5 -2328.7 62.1
4311.8 -2322.6 71.6
4297.8 -2321.8 71.3
4288.5 -2318.6 70.8
4270.1 -2320.7 70.7
4261.1 -2322.7 70.7
4179.4 -2319.2 68.7
4141.1 -2319.0 67.8
4131.9 -2321.3 67.8
4117.9 -2320.5 67.4
4108.7 -2319.9 67.1
4077.4 -2319.1 64.9
4040.8 -2318.5 62.4
4308.0 -2311.4 71.2
4288.2 -2310.5 70.0
4259.9 -2310.3 69.5
4249.3 -2309.9 69.3
4227.7 -2310.3 68.9
4099.2 -2312.2 66.1
4067.0 -2309.6 63.8
4057.9 -2308.6 63.2
4330.2 -2302.0 72.8
4286.7 -2300.3 69.6
4281.0 -2297.7 69.1
4248.3 -2301.9 68.4
4092.7 -2299.7 64.7
4071.6 -2304.0 63.9
4062.4 -2297.6 63.1
4250.1 -2290.8 67.3
4236.4 -2288.6 66.8
4232.0 -2292.8 67.1
4219.8 -2293.4 66.9
4197.9 -2290.4 66.1
4122.8 -2292.6 64.7
4246.3 -2278.9 66.7
4231.4 -2279.1 66.4
4190.4 -2279.5 65.4
4180.0 -2280.3 65.2
4136.6 -2282.8 64.2
4122.6 -2281.8 63.8
4068.3 -2284.0 62.5
4296.8 -2273.3 69.4
4210.2 -2271.6 65.7
4196.9 -2274.1 65.4
4189.0 -2273.7 65.2
4179.5 -2267.8 64.9
4076.6 -2269.8 62.4
4292.6 -2262.3 68.6
4232.3 -2257.6 65.4
4168.6 -2259.3 64.4
4147.3 -2263.9 64.0
4137.7 -2259.4 63.6
4131.6 -2262.6 63.6
4121.8 -2257.7 63.2
4082.5 -2259.5 62.3
4232.0 -2249.3 65.0
4211.1 -2251.7 64.8
4197.1 -2254.1 64.7
4187.6 -2253.4 64.4
4172.1 -2252.3 64.1
4152.8 -2252.8 63.8
4128.0 -2252.8 63.2
4111.4 -2253.1 62.8
4267.6 -2241.3 65.8
4168.8 -2243.6 63.7
4258.5 -2233.9 64.8
4219.6 -2230.3 64.0
4209.6 -2231.7 63.8
4196.9 -2231.5 63.6
4187.9 -2228.6 63.3
4177.3 -2230.7 63.2
4150.0 -2233.9 62.9
4137.1 -2228.1 62.4
4110.1 -2227.7 61.9
4099.9 -2227.8 61.7
4247.3 -2221.4 64.0
4239.6 -2220.9 63.9
4180.6 -2218.0 62.7
4161.2 -2220.7 62.5
4138.7 -2220.0 62.1
4109.5 -2222.1 61.6
4230.3 -2209.0 63.2
4157.6 -2209.9 61.9
4127.4 -2211.4 61.5
4120.1 -2209.5 61.3
4177.4 -2201.6 61.9
4208.6 -2189.2 61.9
4181.9 -2179.8 61.1
4190.6 -2172.6 61.1
3088.5 -2359.3 62.4
3120.5 -2332.8 61.8
3093.2 -2312.4 62.0
2967.6 -2890.4 62.1
2979.5 -2868.5 62.4
2968.3 -2872.2 62.9
2961.0 -2868.1 63.5
2940.9 -2870.8 64.6
2957.9 -2861.2 63.9
2946.4 -2858.5 64.6
2935.6 -2861.2 65.2
2977.3 -2847.3 63.2
3006.2 -2840.3 61.8
2958.0 -2831.7 64.9
2936.3 -2816.0 66.6
2955.1 -2807.3 65.9
2940.4 -2806.1 66.7
2929.3 -2812.5 67.1
2926.0 -2796.3 67.9
2929.1 -2786.2 68.1
2939.7 -2767.4 68.1
2908.2 -2770.2 69.8
2898.8 -2769.8 70.3
3007.5 -2758.9 64.2
2869.8 -2756.4 72.2
2858.2 -2756.2 72.9
2939.2 -2748.2 68.1
2929.6 -2749.1 68.7
2918.3 -2750.6 69.3
2870.5 -2751.1 72.2
2859.3 -2751.6 72.8
2848.1 -2746.3 73.5
2939.2 -2739.8 68.1
2918.1 -2738.4 69.3
2881.0 -2742.6 71.5
2937.1 -2728.3 68.2
2930.3 -2730.1 68.6
2907.8 -2727.2 69.9
2901.0 -2729.7 70.3
2887.3 -2730.1 71.1
3874.5 -2654.2 68.2
3864.0 -2652.8 67.6
3843.0 -2653.6 66.1
3890.3 -2643.0 69.1
3883.3 -2641.5 68.4
3855.2 -2638.0 65.8
3845.0 -2641.6 65.3
3883.5 -2627.9 67.3
3874.6 -2620.5 66.0
3863.6 -2609.3 64.7
3912.2 -2601.8 67.5
3844.7 -2602.2 64.1
3913.0 -2579.4 66.8
3850.9 -2583.2 64.4
3842.5 -2582.9 64.1
2889.0 -2704.6 70.7
3006.8 -2698.3 63.5
2947.0 -2698.2 67.1
2906.3 -2695.7 69.5
2897.0 -2695.3 70.0
3005.4 -2683.6 63.4
2987.4 -2685.1 64.6
2978.5 -2682.6 65.2
2946.8 -2684.0 67.0
2936.5 -2683.4 67.5
2914.2 -2683.2 68.8
2906.7 -2683.9 69.3
2864.0 -2686.9 71.9
2994.5 -2678.4 64.1
2955.0 -2672.6 66.5
2908.9 -2678.2 69.0
2895.7 -2673.1 69.7
2886.1 -2678.9 70.4
2877.7 -2673.0 70.8
2997.0 -2667.9 63.8
2968.8 -2667.6 65.6
2955.6 -2662.7 66.4
2904.6 -2668.6 69.2
2885.0 -2667.9 70.3
2949.3 -2653.5 66.6
2930.6 -2654.4 67.8
2898.9 -2654.3 69.5
2879.7 -2655.4 70.5
2903.9 -2644.3 69.3
2895.8 -2644.0 69.7
2888.1 -2644.1 70.1
2880.2 -2647.6 70.6
3778.5 -2772.3 66.9
3789.7 -2764.6 66.7
3779.4 -2766.2 66.2
3788.8 -2752.2 65.0
3775.5 -2720.9 62.4
2913.8 -2801.4 68.4
3762.9 -2771.1 65.7
3712.5 -2766.2 61.4
3703.4 -2768.7 61.1
3757.4 -2758.9 63.8
3745.5 -2759.1 63.1
3727.8 -2761.9 62.3
3719.4 -2518.4 57.5
3806.2 -2475.6 58.9
3797.9 -2462.9 58.4
3790.1 -2465.2 58.3
3850.1 -2453.9 58.8
3826.0 -2457.2 58.6
3817.7 -2458.3 58.5
3811.4 -2453.9 58.3
3850.5 -2443.3 58.6
3838.7 -2448.6 58.6
3848.2 -2433.3 58.4
3827.0 -2437.1 58.2
3839.2 -2552.5 62.3
3811.4 -2551.0 61.0
3780.6 -2556.4 60.2
3762.1 -2544.8 59.4
3911.3 -2535.5 64.2
3897.7 -2534.7 63.5
3923.1 -2527.3 64.0
3891.0 -2523.9 62.8
3878.8 -2521.7 62.1
3901.4 -2513.8 62.1
3890.2 -2514.3 61.7
3899.6 -2506.0 61.7
3893.8 -2503.1 61.5
3800.7 -2504.8 59.3
3889.2 -2492.5 60.8
3850.1 -2491.2 60.3
3811.6 -2497.1 59.4
3822.1 -2484.4 59.5
3708.4 -2728.2 59.5
3703.4 -2728.9 59.4
3722.1 -2716.9 59.6
3710.6 -2714.3 59.2
3700.3 -2716.2 59.0
3718.4 -2707.7 59.2
3700.6 -2705.2 58.7
3718.0 -2694.9 58.9
3708.1 -2699.4 58.8
3717.7 -2687.2 58.8
3702.9 -2684.0 58.4
3740.9 -2673.5 59.7
3719.6 -2679.7 58.8
3732.7 -2669.0 59.4
3689.0 -2667.3 58.1
3719.2 -2654.3 59.0
3689.6 -2653.8 58.1
3712.1 -2648.5 58.8
3701.9 -2648.7 58.4
3738.6 -2639.5 59.8
3722.8 -2638.6 59.3
3708.8 -2636.3 58.8
3710.3 -2628.6 58.9
3691.1 -2623.3 58.2
3690.4 -2617.4 58.2
3707.9 -2594.0 59.0
3689.2 -2595.8 58.3
3709.7 -2584.7 59.1
3710.6 -2578.2 58.6
3697.6 -2567.6 58.0
3721.9 -2555.1 58.4
3708.6 -2555.5 58.0
3723.2 -2537.6 58.1
3711.2 -2533.6 57.6
2983.8 -1938.7 61.1
2979.1 -1940.2 61.2
2973.8 -1920.7 61.9
2977.5 -1913.6 62.0
3083.1 -1898.6 60.3
3068.6 -1888.1 60.7
3065.3 -1878.8 60.7
3033.6 -1878.2 61.2
2957.5 -1878.9 62.6
3053.9 -1869.9 60.8
3108.9 -1863.4 59.9
3044.3 -1861.5 60.8
3034.5 -1861.1 61.0
3143.8 -1840.1 59.9
3135.5 -1837.9 59.9
3104.1 -1843.1 59.8
3089.6 -1837.7 59.7
3045.5 -1840.3 60.5
3127.3 -1828.9 59.8
3098.0 -1828.9 59.7
3088.3 -1833.0 59.7
3135.5 -1822.2 59.8
3127.9 -1820.0 59.8
3086.8 -1819.3 59.6
3077.5 -1818.0 59.7
3146.6 -1807.5 60.0
3139.1 -1808.7 59.9
3074.2 -1813.8 59.7
3135.3 -1799.3 59.9
3127.6 -1789.4 59.9
3074.2 -1922.4 59.9
3598.7 -2949.1 58.2
3580.5 -2948.3 58.1
3566.6 -2949.8 58.1
3595.0 -2941.2 57.9
3585.6 -2939.1 57.8
3570.0 -2937.7 57.7
3536.0 -2942.1 57.6
3525.5 -2938.7 57.3
3518.3 -2937.4 57.0
3499.8 -2938.2 57.0
3545.9 -2931.7 57.4
3536.1 -2927.8 57.2
3527.7 -2930.2 57.3
3514.1 -2931.0 57.1
3608.5 -2921.0 57.5
3516.0 -2922.4 57.1
3497.3 -2918.4 56.9
3436.2 -2917.9 56.5
3628.7 -2912.7 59.8
3608.4 -2910.4 57.5
3535.3 -2911.8 57.2
3496.2 -2909.1 56.9
3640.7 -2901.7 61.2
3648.9 -2891.1 62.1
3584.9 -2888.2 57.5
3487.0 -2892.4 56.8
3645.0 -2881.5 61.2
3497.3 -2882.7 56.8
3489.1 -2879.6 56.8
3646.2 -2868.7 61.0
3586.8 -2870.6 57.5
3487.2 -2868.7 56.7
3438.0 -2873.4 56.5
3637.8 -2861.1 59.5
3624.3 -2858.9 57.8
3610.0 -2863.0 57.7
3600.2 -2860.2 57.6
3589.5 -2860.6 57.4
3574.0 -2861.4 57.2
3436.5 -2858.6 56.4
3627.7 -2849.6 57.8
3605.9 -2852.5 57.6
3599.2 -2850.2 57.4
3449.1 -2853.4 56.5
3596.6 -2838.1 57.2
3456.2 -2838.0 56.5
3624.0 -2828.5 57.2
3620.0 -2830.1 57.3
3610.2 -2829.2 57.3
3597.7 -2833.1 57.2
3615.9 -2821.4 56.9
3605.2 -2819.3 56.9
3614.2 -2807.9 56.3
3607.0 -2812.1 56.6
3489.3 -2808.2 56.3
3594.2 -2800.5 56.1
3459.9 -2799.8 56.3
3440.1 -2802.9 56.3
3458.1 -2790.7 56.2
3486.1 -2779.7 56.1
3457.0 -2781.2 56.1
3444.1 -2783.4 56.2
3831.4 -2370.5 57.5
3850.5 -2358.1 57.5
3837.2 -2361.0 57.4
3849.2 -2349.6 57.5
3861.3 -2337.3 57.6
3849.0 -2339.4 57.4
3817.3 -2342.4 57.2
3809.7 -2331.5 57.1
3865.9 -2320.2 57.6
3859.1 -2316.5 57.5
3808.5 -2320.4 57.1
3886.7 -2312.2 57.7
3878.5 -2312.5 57.6
3848.2 -2310.6 57.4
3819.2 -2309.6 57.2
3888.9 -2298.0 57.7
3878.3 -2297.3 57.6
3886.2 -2286.6 57.6
3879.9 -2288.3 57.7
3899.3 -2282.3 57.6
3887.4 -2276.4 57.4
3866.4 -2277.1 57.3
3858.2 -2276.9 57.3
3830.7 -2278.7 57.2
3916.9 -2269.2 57.3
3871.0 -2272.1 57.2
3856.6 -2269.0 57.1
3841.2 -2269.8 57.1
3895.9 -2261.5 57.2
3845.5 -2258.1 57.2
3838.7 -2260.8 57.2
3896.3 -2250.3 57.2
3879.7 -2249.6 57.2
3869.8 -2248.1 57.2
3861.3 -2249.4 57.2
3845.2 -2250.7 57.3
3841.4 -2249.7 57.3
3890.9 -2242.3 57.2
3871.2 -2236.5 57.1
3847.2 -2241.0 57.2
3867.6 -2232.3 57.1
3855.3 -2227.1 57.1
3956.0 -2220.3 57.0
3950.4 -2219.2 56.9
3889.3 -2218.2 57.0
3858.3 -2219.8 57.1
3945.8 -2209.2 56.9
3939.7 -2207.0 56.9
3929.6 -2206.1 56.9
3897.7 -2207.7 57.0
3890.6 -2206.7 57.1
3866.9 -2209.5 57.1
3960.2 -2199.5 56.9
3925.7 -2195.9 57.1
3888.8 -2199.7 57.1
3881.3 -2196.8 57.2
3966.2 -2190.5 56.9
3958.3 -2192.2 56.9
3948.9 -2190.2 57.0
3909.9 -2192.5 57.3
3876.3 -2186.8 57.5
3911.1 -2177.5 57.3
3955.9 -2172.5 57.0
3967.2 -2160.3 57.0
3945.8 -2156.8 57.2
3935.1 -2157.6 57.2
3926.8 -2158.8 57.3
3906.1 -2158.2 57.4
3977.2 -2149.5 56.9
3939.5 -2147.7 57.2
3975.8 -2140.2 57.0
3967.6 -2137.0 57.1
3945.4 -2138.2 57.2
3939.5 -2141.3 57.3
3928.1 -2137.3 57.4
3916.6 -2142.2 57.4
3910.8 -2141.4 57.5
3889.2 -2136.0 57.7
3980.4 -2128.3 57.0
3960.3 -2125.9 57.2
3935.7 -2130.4 57.3
3930.9 -2126.7 57.4
3906.8 -2132.4 57.5
3978.2 -2117.8 57.1
3965.2 -2119.0 57.2
3950.1 -2120.7 57.3
3930.0 -2117.5 57.4
3935.5 -2108.8 57.4
3986.5 -2098.1 57.0
3934.9 -2099.5 57.3
3999.5 -2088.8 57.0
3965.3 -2090.6 57.2
3949.7 -2087.8 57.3
3939.7 -2087.5 57.3
3987.4 -2077.4 57.1
3975.1 -2076.0 57.2
3967.5 -2078.7 57.2
3954.9 -2081.4 57.3
4065.6 -2067.5 57.3
4056.1 -2067.4 57.3
4037.4 -2071.6 57.2
4027.3 -2072.2 57.2
4008.3 -2066.9 57.3
3989.9 -2067.0 57.3
4066.0 -2055.9 57.6
4038.5 -2060.7 57.4
3988.4 -2057.5 57.5
4075.7 -2051.4 57.8
4060.9 -2048.2 57.7
4041.4 -2050.5 57.6
4027.7 -2047.0 57.7
3997.0 -2051.0 57.7
3986.8 -2046.5 57.8
3981.2 -2051.2 57.7
4056.1 -2040.6 57.8
4047.2 -2040.1 57.8
4040.4 -2042.1 57.8
4078.9 -2030.6 58.0
4066.2 -2030.3 58.0
4056.8 -2030.6 58.0
4047.9 -2031.9 58.0
4085.3 -2016.4 58.3
4070.6 -2017.6 58.3
4045.9 -2018.6 58.3
4088.3 -2010.2 58.3
4035.1 -2009.0 58.5
4025.3 -2009.0 58.5
4016.7 -2010.3 58.5
4089.6 -2000.1 58.3
4050.0 -1999.9 58.5
4021.3 -2001.2 58.6
4006.7 -2001.8 58.6
4085.6 -1986.9 58.3
4056.3 -1989.7 58.4
4085.6 -1977.7 58.3
4075.0 -1978.0 58.4
4060.3 -1981.3 58.4
4021.0 -1977.4 58.5
4066.2 -1967.9 58.4
4040.0 -1957.4 58.5
4095.6 -1949.8 58.3
4115.8 -1938.5 58.1
4097.4 -1938.1 58.3
4089.2 -1941.0 58.3
4067.9 -1935.9 58.4
4108.6 -1927.7 58.2
4097.9 -1926.9 58.3
4150.2 -1920.7 58.0
4137.4 -1916.3 57.8
4131.5 -1920.2 57.9
4116.1 -1918.6 58.1
4107.4 -1917.1 58.3
4144.9 -1907.8 57.8
4179.6 -1901.9 58.2
4169.3 -1901.7 58.1
4145.1 -1897.0 57.8
4190.5 -1890.8 58.2
4181.3 -1887.6 58.1
4119.9 -1889.0 58.1
4195.5 -1882.3 58.1
4186.4 -1880.8 58.0
4148.1 -1879.2 57.7
4141.4 -1878.7 57.8
4127.2 -1880.7 58.0
4191.5 -1867.3 58.0
4170.3 -1866.1 57.7
4140.8 -1871.3 57.8
4190.2 -1858.0 57.9
4177.1 -1861.2 57.8
4157.6 -1858.2 57.6
4177.6 -1849.2 57.6
4221.0 -1837.6 57.6
4208.9 -1837.1 57.6
4215.0 -1827.5 57.6
4208.4 -1826.8 57.6
4200.9 -1832.2 57.5
4218.9 -1819.7 57.7
4208.6 -1821.2 57.6
4198.2 -1821.6 57.5
3700.1 -2468.3 57.0
3720.6 -2463.5 57.2
3700.2 -2461.4 57.0
3674.4 -2462.0 57.2
3660.9 -2458.3 57.3
3752.7 -2450.5 57.7
3714.8 -2448.2 57.1
3694.5 -2449.8 57.1
3679.4 -2452.4 57.2
3665.5 -2449.7 57.3
3751.9 -2438.7 57.5
3713.0 -2441.5 57.1
3690.5 -2443.3 57.1
3682.7 -2441.9 57.2
3660.0 -2442.1 57.3
3804.2 -2432.1 57.9
3792.4 -2420.5 57.6
3790.5 -2408.5 57.5
3783.9 -2379.9 57.2
3765.5 -2379.2 57.0
3745.2 -2378.9 57.0
3710.3 -2383.9 57.1
3792.1 -2372.9 57.2
3783.2 -2369.4 57.1
3744.3 -2368.3 57.0
3750.2 -2361.6 57.0
3741.7 -2362.5 57.0
3764.9 -2353.1 57.0
3735.0 -2351.6 57.0
3763.0 -2338.5 57.0
3752.0 -2338.2 57.0
3724.3 -2343.6 57.1
3792.3 -2332.4 57.0
3785.0 -2329.6 57.0
3759.5 -2328.7 57.0
3754.9 -2330.5 57.0
3741.5 -2331.6 57.0
3750.2 -2324.0 57.0
3772.5 -2312.7 57.0
3764.9 -2310.5 57.0
3752.7 -2307.7 57.0
3771.8 -2300.6 57.0
3760.5 -2302.9 57.0
3645.9 -2653.9 57.4
3638.9 -2652.0 57.3
3654.1 -2637.8 57.4
3649.6 -2638.2 57.4
3639.0 -2640.6 57.3
3605.7 -2638.8 57.2
3646.1 -2630.6 57.4
3633.4 -2632.4 57.3
3624.9 -2628.5 57.3
3617.4 -2629.5 57.2
3608.5 -2628.4 57.2
3599.5 -2630.6 57.1
3588.3 -2632.1 57.0
3645.2 -2622.6 57.4
3623.4 -2620.3 57.2
3613.9 -2623.1 57.2
3586.3 -2623.7 57.1
3643.9 -2608.9 57.4
3614.3 -2610.1 57.2
3609.4 -2610.2 57.2
3583.3 -2613.1 57.2
3639.4 -2602.0 57.3
3625.2 -2600.2 57.3
3614.0 -2597.7 57.4
3647.3 -2593.1 57.4
3646.2 -2579.5 57.5
3649.1 -2568.7 57.4
3616.8 -2568.2 57.8
3595.6 -2571.4 58.0
3584.6 -2571.3 58.1
3664.6 -2558.1 57.2
3508.3 -2706.9 56.6
3486.2 -2705.5 56.5
3484.0 -2692.1 56.5
3497.6 -2652.3 56.9
3516.2 -2642.8 57.0
3506.6 -2645.1 57.0
3495.6 -2643.8 57.1
3528.3 -2634.9 57.1
3505.3 -2635.4 57.2
3334.7 -2110.5 60.2
3325.9 -2109.4 60.3
3387.0 -2100.6 60.1
3377.0 -2103.0 60.1
3354.9 -2102.6 60.2
3346.2 -2099.5 60.3
3331.2 -2099.9 60.4
3425.9 -2091.9 59.9
3419.4 -2094.5 60.0
3459.8 -2082.4 59.9
3436.2 -2084.6 59.9
3338.7 -2078.9 60.8
3315.2 -2083.0 60.9
3495.7 -2072.1 59.7
3486.1 -2070.8 59.8
3480.3 -2074.9 59.8
3467.5 -2072.1 59.9
3450.4 -2072.3 59.9
3436.4 -2069.4 60.1
3366.4 -2070.2 60.7
3358.9 -2069.4 60.8
3486.7 -2063.2 59.8
3470.3 -2064.5 59.9
3457.4 -2062.4 60.1
3391.1 -2061.7 60.7
3376.0 -2060.7 60.9
3367.5 -2058.7 61.0
3324.8 -2062.8 61.3
3516.1 -2053.2 59.8
3505.2 -2052.9 59.9
3438.4 -2053.3 60.5
3375.1 -2049.1 61.1
3334.8 -2052.5 61.4
3327.4 -2053.0 61.5
3490.5 -2040.4 60.3
3426.5 -2039.5 60.9
3436.9 -2030.5 61.0
3400.0 -2032.8 61.2
3506.1 -2009.8 60.6
3479.0 -2010.4 60.8
3436.2 -2011.0 61.2
3425.7 -2012.9 61.3
3416.5 -2013.5 61.4
3449.3 -2000.3 61.5
3419.3 -2002.0 61.8
3428.2 -1992.0 62.1
3409.6 -1990.5 62.4
3424.7 -1981.7 62.5
3410.1 -1980.7 62.4
3389.7 -1971.0 62.1
3399.6 -1961.6 62.1
3390.4 -1959.9 62.1
3305.2 -1960.0 61.3
3390.5 -1952.7 62.0
3349.2 -1954.3 61.7
3335.2 -1950.9 61.5
3325.8 -1954.5 61.5
3319.2 -1953.1 61.4
3306.9 -1951.5 61.3
3369.0 -1940.4 62.0
3359.7 -1940.6 61.9
3319.7 -1940.8 61.4
3331.2 -1929.4 61.5
3400.7 -1921.1 62.5
3389.5 -1918.9 62.3
3334.7 -1924.3 61.5
3307.6 -1921.9 61.1
3355.4 -1914.7 61.8
3328.9 -1911.4 61.5
3316.9 -1910.9 61.3
3334.8 -1904.6 61.7
3360.2 -1888.5 62.2
3298.9 -1889.5 61.0
3359.3 -1884.9 62.2
3328.5 -1882.4 61.6
3287.0 -1882.9 60.7
3328.8 -1869.4 61.7
3300.1 -1871.5 61.1
3284.9 -1863.3 60.8
3271.0 -1863.1 60.4
3326.4 -1853.9 61.7
3320.5 -1852.2 61.6
3275.6 -1851.9 60.6
3266.1 -1853.2 60.4
3255.0 -1853.1 60.3
3238.1 -1848.6 60.1
3266.8 -1845.0 60.4
3255.5 -1843.2 60.3
3247.9 -1843.6 60.2
3237.7 -1840.3 60.1
3315.7 -1831.9 61.5
3308.1 -1831.9 61.4
3286.5 -1833.6 60.9
3124.7 -2192.1 61.0
3135.2 -2179.7 60.8
3125.7 -2168.4 60.8
3113.6 -2168.4 60.9
3270.1 -2158.9 59.3
3160.2 -2160.8 60.3
3152.2 -2163.2 60.4
3139.2 -2163.5 60.6
3134.4 -2161.9 60.6
3123.7 -2160.0 60.7
3270.7 -2152.6 59.5
3171.5 -2148.2 60.6
3159.9 -2150.0 60.6
3109.3 -2148.6 61.1
3271.9 -2140.2 59.8
3201.8 -2138.9 60.6
3172.5 -2143.7 60.7
3145.6 -2139.0 61.1
3132.4 -2140.4 61.2
3121.9 -2139.9 61.3
3113.2 -2143.0 61.3
3100.5 -2139.9 61.5
3203.0 -2128.2 60.9
3189.9 -2131.8 60.9
3154.1 -2132.6 61.2
3125.4 -2131.1 61.5
3100.5 -2132.3 61.7
3069.5 -2128.8 62.1
3280.0 -2121.8 60.3
3275.3 -2121.0 60.4
3145.1 -2118.8 61.7
3131.8 -2124.3 61.6
3122.2 -2121.6 61.8
3109.9 -2123.5 61.9
3099.6 -2117.8 62.1
3282.1 -2108.0 60.7
3189.8 -2111.1 61.5
3135.2 -2112.4 61.9
3113.1 -2110.3 62.2
3104.7 -2112.4 62.2
3091.1 -2111.1 62.3
3280.4 -2100.4 60.9
3260.6 -2102.3 61.1
3234.7 -2099.0 61.4
3202.1 -2098.8 61.7
3182.3 -2103.0 61.7
3140.9 -2100.2 62.2
3134.6 -2104.0 62.1
3103.1 -2097.9 62.2
3090.4 -2103.2 62.2
3261.7 -2092.8 61.3
3255.0 -2091.3 61.4
3243.7 -2091.9 61.5
3231.4 -2089.2 61.7
3221.0 -2089.7 61.7
3199.7 -2087.9 62.0
3185.7 -2092.2 62.0
3119.5 -2088.2 62.2
3111.1 -2089.3 62.2
3101.9 -2093.3 62.2
3060.7 -2093.1 62.0
3280.4 -2082.0 61.4
3275.0 -2081.8 61.5
3222.6 -2082.4 61.9
3212.4 -2082.8 62.0
3112.7 -2079.7 62.1
3105.3 -2079.7 62.1
3060.7 -2083.0 62.0
3283.0 -2072.9 61.6
3271.2 -2068.9 61.8
3120.8 -2072.1 62.0
3114.1 -2068.8 62.0
3102.1 -2073.8 62.0
3061.0 -2071.0 61.8
3250.5 -2060.4 62.2
3232.7 -2063.8 62.3
3119.3 -2058.4 61.9
3111.2 -2060.8 61.9
3273.6 -2051.6 62.2
3254.7 -2052.6 62.3
3239.9 -2054.3 62.3
3232.7 -2050.6 62.2
3174.1 -2051.0 62.0
3155.6 -2050.6 62.0
3140.1 -2049.4 61.9
3132.6 -2049.2 61.9
3102.0 -2048.7 61.8
3269.8 -2039.1 62.2
3220.2 -2040.8 62.1
3160.2 -2039.3 61.9
3140.7 -2040.4 61.8
3135.4 -2042.7 61.8
3114.8 -2041.7 61.7
3082.1 -2043.8 61.7
3241.4 -2019.3 61.9
3073.0 -2020.1 60.7
3080.1 -2013.1 60.6
3069.8 -2014.4 60.4
3284.6 -2002.1 61.9
3275.0 -2001.8 61.9
3263.2 -1998.8 61.8
3251.8 -1999.8 61.8
3211.2 -2002.5 61.7
3201.0 -2001.9 61.6
3083.6 -2000.0 60.3
3282.3 -1989.6 61.7
3265.1 -1991.3 61.7
3235.0 -1991.4 61.7
3221.7 -1991.2 61.6
3172.5 -1993.7 61.5
3155.7 -1989.6 61.4
3275.6 -1983.8 61.7
3261.7 -1983.8 61.7
3252.8 -1979.1 61.6
3224.6 -1982.8 61.5
3190.7 -1980.9 61.4
3185.3 -1979.0 61.4
3159.3 -1977.7 61.3
3100.6 -1981.9 60.2
3094.4 -1978.6 59.9
3280.3 -1972.7 61.6
3270.8 -1973.9 61.6
3240.6 -1973.0 61.5
3222.1 -1972.9 61.4
3210.4 -1968.1 61.4
3184.2 -1971.5 61.3
3172.1 -1971.0 61.3
3164.0 -1971.7 61.3
3144.9 -1973.9 61.2
3104.4 -1973.9 60.1
3285.5 -1958.0 61.4
3249.8 -1963.1 61.4
3241.0 -1963.1 61.4
3209.8 -1962.2 61.3
3202.6 -1960.8 61.3
3132.5 -1964.1 60.7
3120.5 -1960.2 60.1
3192.0 -1953.1 61.2
3131.8 -1949.0 60.1
3245.7 -1941.8 61.2
3230.3 -1940.1 61.2
3225.7 -1940.9 61.2
3211.1 -1941.9 61.1
3194.7 -1939.3 61.1
3271.1 -1931.2 61.1
3244.6 -1932.1 61.1
3129.8 -1932.6 60.0
3259.5 -1918.7 60.9
3241.4 -1919.1 61.0
3211.9 -1917.8 60.9
3273.6 -1912.0 60.9
3221.5 -1908.7 60.9
3211.3 -1910.8 60.8
3199.3 -1908.0 60.8
3155.5 -1910.9 60.3
3261.8 -1901.5 60.9
3250.3 -1897.8 60.8
3243.1 -1900.0 60.8
3229.8 -1903.2 60.8
3184.5 -1898.2 60.5
3264.2 -1891.2 60.8
3249.4 -1892.5 60.8
3234.0 -1893.2 60.7
3183.2 -1890.1 60.4
3174.1 -1894.4 60.4
3255.0 -1883.4 60.6
3229.9 -1881.0 60.6
3185.5 -1878.9 60.4
3203.5 -1860.4 60.3
3201.6 -1851.2 60.1
3209.7 -1843.5 60.1
3246.1 -2309.7 59.7
3250.8 -2288.2 59.5
3256.1 -2275.2 59.3
3250.0 -2274.7 59.4
3126.9 -2280.4 61.3
3257.0 -2269.6 59.3
3237.2 -2270.2 59.6
3230.9 -2267.1 59.7
3156.5 -2270.4 60.9
3258.1 -2254.7 59.2
3251.8 -2259.5 59.3
3229.6 -2258.7 59.6
3219.3 -2259.9 59.8
3201.9 -2256.8 60.1
3190.5 -2255.5 60.3
3246.3 -2248.7 59.3
3230.3 -2251.0 59.7
3209.9 -2245.4 59.9
3200.8 -2244.7 60.0
3250.9 -2237.1 59.2
3237.6 -2235.7 59.4
3229.0 -2236.6 59.5
3215.7 -2235.5 59.7
3208.8 -2235.0 59.8
3201.0 -2236.7 59.9
3129.0 -2240.8 61.3
3121.0 -2234.7 61.2
3231.9 -2227.5 59.5
3217.1 -2227.3 59.7
3209.4 -2227.8 59.8
3200.4 -2225.2 59.9
3131.5 -2230.2 60.9
3119.4 -2227.1 61.0
3195.3 -2220.9 60.0
3266.8 -2209.1 59.0
3197.0 -2210.2 60.0
3189.0 -2204.8 60.1
3170.0 -2204.8 60.3
3156.0 -2206.3 60.5
3197.4 -2196.1 60.0
3160.6 -2197.6 60.5
3265.5 -2188.7 59.0
3205.5 -2187.3 59.9
3200.3 -2186.4 59.9
3191.4 -2185.9 60.1
3195.7 -2180.4 60.0
3116.5 -2711.3 60.5
3117.0 -2699.4 60.4
3112.5 -2678.4 60.5
3095.2 -2680.0 60.9
3105.3 -2671.9 60.7
3097.4 -2660.3 60.8
3081.7 -2661.3 61.2
3128.1 -2650.3 60.2
3144.8 -2640.8 59.8
3131.9 -2635.5 60.1
3124.0 -2639.6 60.2
3106.6 -2639.7 60.6
3087.4 -2639.4 61.0
3143.3 -2631.5 59.9
3106.0 -2631.7 60.6
3088.1 -2631.0 61.0
3073.2 -2627.6 61.3
3097.2 -2617.8 60.9
3076.0 -2621.7 61.3
3133.6 -2608.3 60.4
3103.8 -2605.8 61.0
3106.4 -2598.6 61.2
3087.5 -2596.9 61.5
3142.0 -2586.4 61.1
3123.7 -2587.6 61.3
3107.3 -2590.5 61.5
3093.1 -2589.5 61.7
3082.5 -2588.3 61.9
3147.3 -2581.3 61.1
3068.0 -2577.7 62.5
3152.1 -2568.1 61.5
3142.8 -2571.9 61.5
3121.7 -2560.4 62.2
3145.3 -2551.0 62.2
3133.6 -2548.8 62.4
3113.3 -2547.6 62.7
3153.6 -2536.5 62.2
3146.8 -2538.7 62.3
3133.2 -2539.7 62.4
3125.2 -2538.8 62.5
3111.9 -2539.9 62.7
3102.2 -2540.4 62.8
3098.0 -2540.3 62.8
3153.2 -2529.7 62.3
3144.9 -2529.2 62.4
3137.3 -2529.7 62.4
3126.5 -2530.1 62.5
3163.3 -2516.0 62.3
3137.1 -2516.9 62.5
3125.5 -2516.0 62.6
3132.2 -2497.0 62.7
3106.9 -2501.9 62.8
3092.1 -2490.6 63.0
3126.8 -2479.9 62.8
3195.4 -2469.2 61.9
3187.5 -2466.4 61.9
3178.1 -2470.4 62.1
3126.9 -2460.4 62.4
3185.4 -2451.0 61.6
3154.7 -2441.4 61.8
3147.7 -2438.3 61.9
3127.2 -2437.3 62.2
3155.0 -2425.3 61.9
3144.0 -2428.9 62.0
3134.9 -2431.3 62.1
3157.2 -2421.5 61.8
3133.6 -2415.6 62.1
3122.9 -2419.9 62.3
3112.7 -2419.1 62.5
3207.8 -2407.2 60.9
3157.9 -2407.4 61.7
3135.1 -2408.8 62.1
3126.2 -2412.0 62.2
3116.3 -2408.8 62.4
3224.2 -2401.3 60.6
3186.4 -2387.6 61.1
3172.0 -2388.9 61.3
3224.1 -2378.2 60.4
3217.0 -2378.2 60.5
3137.0 -2376.9 61.8
3125.7 -2380.6 62.0
3125.7 -2371.5 61.9
3252.8 -2358.0 59.9
3215.3 -2357.6 60.4
3207.5 -2360.7 60.5
3177.0 -2336.5 60.9
3202.4 -2326.3 60.5
3172.5 -2326.7 61.0
3162.6 -2328.1 61.1
3194.6 -2320.5 60.6
3185.7 -2310.0 60.6
3135.2 -2301.6 61.3
3192.0 -2291.5 60.4
3175.6 -2289.5 60.6
3164.8 -2289.8 60.8
3138.3 -2286.0 61.2
3399.3 -2852.3 56.2
3387.0 -2841.9 56.1
3360.2 -2843.0 56.0
3401.5 -2834.8 56.2
3382.6 -2834.9 56.0
3361.3 -2831.3 56.0
3342.3 -2835.5 56.1
3321.4 -2835.3 56.1
3311.5 -2830.0 56.1
3287.4 -2830.7 56.1
3330.0 -2823.6 56.1
3321.9 -2823.5 56.1
3311.8 -2823.8 56.1
3388.6 -2815.8 56.0
3369.8 -2810.8 56.0
3362.1 -2812.3 56.0
3302.2 -2814.3 56.1
3289.5 -2812.7 56.1
3267.9 -2811.2 56.1
3256.3 -2814.0 56.1
3241.4 -2810.1 56.1
3366.2 -2802.8 56.0
3318.3 -2805.0 56.1
3292.6 -2801.0 56.1
3266.6 -2800.8 56.1
3257.1 -2799.4 56.1
3408.1 -2793.5 56.1
3336.3 -2795.5 56.1
3327.1 -2792.6 56.1
3288.8 -2793.1 56.1
3257.1 -2794.2 56.1
3246.8 -2794.2 56.1
3209.0 -2793.9 57.2
3392.6 -2783.5 56.0
3371.4 -2780.8 56.0
3351.1 -2782.9 56.1
3317.2 -2780.2 56.1
3297.8 -2781.6 56.1
3290.7 -2785.6 56.1
3277.2 -2785.2 56.1
3246.3 -2785.4 56.3
3219.6 -2784.4 57.3
3187.2 -2782.0 58.4
3406.6 -2774.8 56.1
3381.1 -2774.7 56.0
3262.3 -2774.7 56.3
3250.1 -2771.4 56.9
3239.2 -2775.1 57.1
3229.7 -2772.7 57.6
3207.3 -2771.5 58.2
3187.0 -2770.6 58.8
3257.8 -2762.4 57.1
3239.1 -2763.5 57.6
3219.0 -2762.0 58.2
3199.3 -2762.5 58.7
3188.4 -2760.3 59.0
3328.1 -2751.1 56.2
3231.8 -2755.6 58.0
3222.2 -2753.7 58.3
3200.9 -2752.6 58.9
3330.2 -2745.8 56.2
3251.6 -2739.3 57.9
3238.7 -2743.4 58.2
3228.2 -2745.6 58.4
3192.3 -2741.7 59.1
3157.5 -2712.1 59.6
3404.2 -3103.4 57.3
3390.4 -3101.9 57.1
3382.5 -3103.3 57.0
3402.4 -3091.9 57.3
3082.3 -3092.1 56.1
3398.5 -3082.1 57.2
3371.8 -3082.1 56.8
3368.8 -3074.3 56.8
3389.8 -3065.5 56.9
3100.6 -3061.6 56.3
3409.9 -3052.0 56.6
3388.2 -3055.4 56.6
3383.9 -3052.8 56.5
3313.8 -3054.8 56.0
3300.1 -3050.0 55.8
3270.8 -3052.6 55.8
3109.1 -3053.5 56.3
3398.6 -3039.2 56.2
3390.9 -3040.8 56.2
3352.6 -3039.2 55.9
3319.5 -3040.1 55.9
3302.9 -3043.9 55.8
3292.1 -3044.6 55.8
3284.1 -3042.4 55.8
3269.4 -3042.3 55.8
3250.2 -3042.8 55.8
3242.6 -3040.3 55.8
3230.0 -3042.0 55.8
3109.0 -3045.3 56.4
3443.6 -3035.6 56.4
3427.6 -3031.0 56.2
3352.8 -3032.2 55.9
3308.7 -3030.5 55.9
3293.5 -3032.7 55.9
3278.0 -3029.2 55.9
3218.1 -3033.0 55.8
3453.0 -3022.8 56.1
3423.1 -3021.8 56.1
3348.1 -3024.4 56.0
3333.6 -3021.5 55.9
3313.1 -3025.8 55.9
3300.0 -3022.0 55.9
3212.6 -3023.3 55.9
3461.8 -3012.4 56.2
3401.9 -3012.8 56.1
3353.5 -3015.1 56.0
3339.8 -3013.8 56.0
3319.1 -3015.7 56.0
3300.9 -3013.5 56.0
3191.7 -3012.1 56.0
3483.5 -3001.1 56.3
3468.7 -3001.7 56.3
3460.1 -3000.9 56.3
3321.2 -3004.0 56.0
3299.3 -2999.6 56.0
3181.8 -2999.9 56.0
3482.9 -2992.8 56.4
3472.2 -2993.1 56.4
3307.9 -2989.9 56.0
3167.7 -2995.1 56.1
3408.0 -2983.6 56.3
3367.7 -2983.8 56.2
3471.2 -2973.6 56.6
3441.9 -2971.4 56.5
3433.3 -2970.8 56.5
3310.8 -2975.6 56.0
3300.1 -2969.5 56.0
3292.3 -2972.8 56.0
3313.8 -2959.2 56.0
3488.5 -2951.9 56.8
3463.2 -2953.2 56.7
3447.8 -2951.5 56.7
3440.7 -2952.2 56.6
3423.9 -2954.3 56.5
3314.2 -2954.3 56.0
3482.0 -2945.1 56.9
3318.4 -2945.5 56.0
3313.9 -2944.4 56.0
3490.3 -2932.0 56.9
3478.7 -2935.8 56.9
3447.8 -2931.1 56.6
2911.9 -3112.2 57.9
2900.6 -3114.8 58.3
2896.0 -3112.8 58.6
2895.3 -3100.5 59.0
2912.8 -3095.8 58.3
2891.1 -3072.9 60.4
2881.9 -3073.5 60.8
2901.8 -3062.6 60.2
2952.8 -3023.7 59.1
2730.7 -3020.2 70.8
2683.8 -3020.4 73.4
2666.3 -3023.2 74.1
2715.6 -3013.1 72.1
2686.5 -3013.6 73.6
2674.0 -3011.8 74.4
2660.4 -3015.3 74.9
2651.4 -3010.1 75.8
2634.0 -3012.5 76.6
2711.1 -3006.3 72.8
2703.5 -3006.1 73.2
2692.5 -3000.5 74.1
2686.8 -3003.5 74.3
2664.4 -3004.3 75.4
2651.8 -3005.3 76.0
2622.4 -3004.2 77.7
2611.3 -3003.5 78.4
2736.8 -2991.7 72.3
2676.7 -2995.0 75.3
2613.1 -2995.3 78.8
2963.2 -2981.4 59.9
2951.5 -2979.9 60.7
2944.1 -2980.7 61.1
2744.5 -2984.3 72.3
2651.7 -2984.5 77.4
2645.8 -2981.0 77.9
2621.5 -2985.2 79.0
2946.0 -2973.9 61.1
2933.6 -2972.5 61.9
2823.9 -2974.4 67.5
2800.5 -2972.9 69.1
2793.9 -2971.6 69.6
2936.1 -2962.3 62.0
2826.4 -2960.3 67.9
2801.6 -2962.0 69.5
2622.9 -2965.1 80.1
2801.7 -2953.6 69.9
2762.6 -2955.1 72.5
2962.8 -2941.0 60.8
2956.2 -2941.8 61.2
2825.8 -2943.3 68.7
2814.0 -2940.6 69.6
2791.7 -2942.2 71.1
2785.3 -2946.3 71.3
2631.7 -2944.2 81.0
2965.5 -2930.7 60.9
2956.3 -2932.9 61.4
2813.9 -2931.1 70.0
2796.2 -2933.2 71.1
2786.7 -2931.1 71.9
2772.1 -2932.8 72.8
2761.6 -2930.5 73.6
2832.5 -2923.7 69.1
2815.9 -2921.4 70.3
2784.3 -2923.0 72.4
2775.2 -2923.0 73.0
2996.1 -2909.8 59.7
2956.5 -2909.9 62.1
2834.2 -2912.6 69.5
2821.6 -2913.1 70.3
2955.1 -2902.9 62.4
2851.9 -2902.9 68.6
2846.9 -2905.9 68.8
2820.9 -2901.2 70.8
2815.1 -2903.7 71.2
2792.0 -2900.7 72.9
2784.1 -2905.3 73.2
2852.5 -2892.3 68.9
2842.0 -2893.9 69.5
2864.8 -2881.3 68.6
2836.7 -2886.0 70.0
2816.8 -2880.3 71.6
2803.5 -2881.9 72.6
2786.0 -2882.9 74.0
2924.4 -2870.0 65.5
2902.1 -2875.7 66.6
2863.7 -2871.5 69.0
2856.1 -2872.6 69.4
2846.1 -2875.1 69.8
2815.0 -2876.0 71.8
2792.4 -2871.9 73.7
2782.8 -2876.3 74.4
2913.4 -2860.9 66.5
2836.8 -2862.9 70.8
2784.5 -2864.8 74.5
2774.0 -2861.3 75.4
2763.7 -2864.9 76.2
2923.9 -2852.4 66.1
2915.3 -2850.7 66.7
2893.8 -2850.1 67.9
2881.7 -2854.3 68.5
2854.7 -2854.2 70.0
2841.3 -2851.2 70.9
2800.4 -2853.6 73.4
2764.0 -2851.9 76.4
2662.7 -2854.6 84.3
2901.2 -2845.2 67.7
2886.6 -2845.3 68.5
2865.5 -2841.1 69.8
2852.7 -2843.0 70.5
2792.8 -2844.0 74.2
2774.5 -2845.1 75.7
2763.0 -2840.3 76.7
2754.0 -2843.5 77.4
2731.6 -2842.4 79.3
2711.0 -2846.0 81.0
2692.1 -2839.8 82.6
2673.2 -2841.5 84.1
2664.1 -2842.5 84.7
2896.9 -2832.1 68.3
2845.6 -2830.7 71.3
2823.3 -2831.2 72.6
2740.9 -2832.1 78.6
2680.9 -2835.0 83.6
2833.5 -2820.3 72.4
2795.9 -2825.5 74.3
2722.8 -2822.8 80.4
2715.8 -2823.4 81.1
2695.0 -2824.9 82.9
2682.9 -2823.5 83.9
2735.3 -2811.9 79.5
2783.4 -2802.5 75.8
2736.1 -2803.7 79.6
2706.7 -2799.8 82.3
2781.2 -2794.2 76.2
2774.3 -2782.1 77.0
2754.3 -2786.0 78.4
2730.5 -2785.1 80.5
2726.2 -2786.0 80.9
2764.0 -2770.4 78.0
2694.8 -2796.2 83.3
2683.2 -2793.4 84.1
2707.8 -2783.2 82.4
2697.3 -2788.8 83.1
2687.1 -2789.4 83.8
2674.8 -2787.9 84.6
2715.5 -2777.0 81.9
2708.3 -2775.3 82.4
2686.6 -2776.6 83.9
2679.1 -2778.6 84.4
2455.0 -2777.3 100.8
2447.2 -2775.0 101.2
2407.7 -2773.9 102.7
2393.7 -2774.5 103.2
2717.5 -2766.6 81.8
2674.3 -2766.9 84.7
2656.7 -2768.2 86.0
2644.1 -2764.4 87.2
2625.2 -2763.2 89.0
2618.1 -2767.3 89.7
2609.0 -2766.7 90.5
2589.0 -2764.0 92.5
2569.0 -2766.6 94.3
2557.2 -2769.7 95.1
2525.3 -2764.0 97.7
2517.0 -2765.5 98.3
2503.5 -2765.8 99.3
2474.3 -2763.2 101.0
2467.1 -2766.8 101.0
2435.3 -2763.3 102.3
2423.3 -2767.0 102.6
2418.2 -2766.2 102.8
2396.0 -2769.0 103.5
2653.9 -2758.6 86.4
2626.8 -2753.7 89.0
2619.6 -2753.5 89.7
2604.6 -2755.3 91.1
2595.2 -2759.3 91.9
2586.1 -2755.0 92.9
2573.2 -2757.7 94.1
2564.5 -2759.8 94.9
2555.3 -2758.9 95.7
2537.8 -2756.8 97.3
2507.7 -2755.8 99.4
2429.1 -2759.4 102.9
2618.4 -2748.7 89.9
2607.5 -2744.5 91.0
2575.3 -2748.6 94.0
2565.3 -2747.9 94.9
2557.9 -2746.0 95.7
2538.2 -2748.6 97.5
2523.2 -2743.3 99.0
2695.6 -2736.6 83.3
2613.6 -2734.4 90.5
2593.7 -2735.4 92.4
2565.0 -2734.8 95.1
2558.1 -2738.1 95.7
2536.5 -2739.5 97.8
2519.5 -2734.6 99.4
2495.6 -2735.9 100.7
2477.2 -2735.8 102.5
2468.3 -2737.9 102.8
2397.6 -2733.6 105.9
2726.7 -2724.2 81.2
2697.3 -2729.2 83.2
2657.5 -2724.4 86.5
2618.8 -2729.3 90.1
2609.3 -2725.1 91.0
2587.4 -2728.5 93.1
2577.5 -2726.7 94.0
2558.2 -2728.0 95.9
2543.6 -2724.7 97.3
2536.0 -2727.7 98.0
2525.4 -2723.6 98.9
2504.3 -2725.8 100.0
2418.0 -2724.2 105.8
2403.3 -2725.4 106.3
2396.6 -2725.8 106.5
2737.9 -2717.0 80.3
2727.0 -2718.7 81.2
2717.8 -2716.4 81.8
2708.2 -2718.1 82.5
2695.7 -2714.4 83.4
2689.6 -2717.1 83.8
2678.3 -2713.8 84.6
2658.1 -2719.7 86.5
2559.7 -2716.2 95.8
2537.7 -2718.0 97.8
2727.9 -2705.6 81.0
2713.8 -2709.3 82.1
2694.9 -2703.4 83.5
2685.3 -2709.2 84.1
2645.8 -2707.8 87.8
2597.8 -2708.8 92.3
2583.3 -2704.9 93.6
2574.4 -2705.2 94.4
2568.2 -2705.9 95.0
2557.5 -2706.3 96.0
2549.7 -2708.9 96.7
2407.8 -2704.7 107.5
2716.5 -2695.1 81.9
2705.0 -2695.9 82.8
2695.8 -2697.1 83.4
2674.0 -2694.7 85.3
2626.1 -2699.3 89.7
2615.4 -2693.5 90.7
2596.1 -2695.4 92.4
2574.8 -2699.4 94.4
2425.6 -2699.8 107.1
2417.0 -2698.5 107.6
2404.6 -2697.3 108.2
2703.4 -2687.7 82.9
2698.5 -2688.1 83.2
2674.0 -2689.8 85.3
2639.8 -2687.3 88.5
2625.4 -2685.3 89.8
2613.6 -2684.1 90.8
2609.4 -2683.4 91.2
2596.1 -2688.9 92.4
2397.1 -2688.4 109.1
2716.6 -2676.3 81.9
2698.2 -2674.6 83.2
2689.0 -2677.4 84.0
2663.9 -2678.1 86.3
2655.4 -2677.4 87.0
2644.2 -2676.4 88.0
2633.7 -2676.4 89.0
2734.3 -2666.6 80.5
2695.2 -2667.8 83.5
2674.1 -2664.6 85.3
2658.2 -2664.6 86.7
2643.7 -2663.7 88.1
2634.4 -2667.6 88.9
2696.7 -2655.5 83.4
2684.7 -2658.4 84.3
2644.8 -2657.5 87.9
2735.4 -2649.5 80.4
2719.8 -2644.5 81.6
2709.6 -2643.9 82.4
2695.1 -2643.2 83.5
2688.8 -2643.8 84.0
2674.4 -2645.1 85.2
3059.1 -2561.1 63.2
3061.3 -2552.2 63.3
3071.9 -2515.7 63.1
3090.8 -2469.9 63.0
3079.6 -2449.5 62.8
3069.2 -2443.3 62.9
3097.8 -2421.9 62.7
3085.7 -2420.9 62.9
3080.8 -2425.3 62.9
3096.7 -2410.8 62.7
3106.1 -2403.7 62.5
3071.1 -2401.2 63.0
3076.0 -2392.0 62.9
3108.6 -2381.1 62.2
3108.9 -2370.0 62.1
3097.2 -2369.5 62.3
3041.6 -2334.9 62.9
3049.3 -2325.2 62.8
3056.2 -2292.9 62.5
3047.0 -2291.8 62.7
3110.8 -2280.7 61.6
3062.1 -2280.2 62.5
3109.1 -2270.9 61.7
3088.3 -2273.7 62.1
3068.6 -2275.3 62.4
3061.3 -2271.6 62.5
3051.6 -2271.0 62.7
3108.8 -2262.5 61.7
3077.0 -2262.5 62.3
3049.2 -2262.9 62.8
3038.8 -2261.0 63.0
3070.8 -2244.2 62.5
3050.6 -2245.1 62.9
3068.5 -2231.0 62.1
3055.7 -2230.7 62.3
3038.1 -2234.2 62.8
3076.4 -2220.3 61.6
3045.9 -2209.8 62.0
3061.1 -2205.0 61.8
3051.5 -2205.1 62.0
3040.9 -2200.4 62.1
3077.3 -2192.5 61.6
3056.1 -2183.9 61.8
3049.2 -2155.4 61.6
3040.8 -2151.4 61.7
3058.0 -2132.5 62.1
3051.9 -2091.8 62.0
3039.8 -2062.0 61.0
3172.0 -1798.9 60.0
3166.8 -1770.7 60.3
3161.3 -1761.7 60.3
3174.6 -1738.9 60.8
3147.1 -1722.3 60.8
3116.0 -1707.6 60.3
3092.2 -1691.5 59.8
3027.5 -1666.3 59.0
2984.0 -1666.4 59.1
2976.3 -1668.5 59.1
2956.9 -1665.8 59.2
3064.4 -1658.8 59.4
3031.6 -1662.0 59.1
3006.8 -1661.6 59.0
2997.2 -1658.5 59.0
2962.6 -1662.1 59.1
2955.0 -1658.3 59.1
3014.6 -1646.9 59.2
3001.3 -1651.9 59.1
2963.8 -1648.9 59.0
2953.0 -1648.9 59.0
3045.6 -1641.9 59.3
2982.5 -1637.1 59.1
2943.6 -1638.9 59.0
3033.4 -1625.9 59.4
2992.9 -1631.2 59.2
2971.5 -1629.1 59.1
3024.4 -1621.2 59.4
3004.5 -1618.3 59.3
2972.2 -1618.1 59.2
2963.5 -1618.7 59.1
2942.8 -1619.0 59.1
2913.0 -1618.7 59.0
3024.3 -1608.4 59.5
3013.2 -1611.6 59.4
3004.5 -1608.3 59.4
2943.3 -1609.2 59.1
2924.7 -1612.1 59.1
2914.5 -1608.2 59.1
2891.3 -1606.0 59.0
3017.7 -1597.0 59.5
3006.2 -1599.9 59.5
2953.0 -1600.8 59.3
2931.4 -1596.7 59.2
2916.1 -1600.2 59.1
2905.3 -1596.2 59.1
2881.6 -1598.4 59.0
2991.7 -1587.6 59.5
2982.5 -1590.2 59.5
2922.8 -1591.0 59.2
2883.5 -1586.5 59.0
2971.8 -1579.8 59.5
2922.6 -1581.5 59.2
2894.3 -1577.1 59.2
2997.2 -1570.4 59.5
2982.4 -1566.9 59.6
2962.3 -1571.9 59.5
2902.5 -1570.3 59.2
2893.9 -1569.6 59.2
2986.0 -1562.2 59.5
2944.3 -1556.7 59.6
2965.2 -1552.1 59.6
2912.6 -1552.3 59.4
2892.7 -1550.4 59.3
2975.8 -1537.5 59.4
2964.2 -1538.2 59.5
2886.7 -1526.0 59.5
2886.3 -1520.0 59.6
2952.5 -1512.1 59.7
2944.4 -1507.9 59.7
2933.5 -1508.7 59.7
2937.5 -1487.1 60.0
2926.6 -1489.8 60.0
2934.4 -1477.4 60.2
3217.6 -1743.8 61.9
3211.8 -1744.6 61.7
3238.2 -1733.3 63.0
3213.1 -1734.7 62.2
3200.9 -1732.1 62.0
3188.1 -1734.5 61.5
3216.7 -1722.8 62.8
3206.6 -1725.3 62.4
3243.1 -1715.8 64.0
3196.8 -1714.5 62.7
3193.0 -1712.1 62.7
3159.9 -1710.7 61.7
3149.1 -1710.7 61.3
3250.6 -1704.4 64.6
3221.7 -1700.9 64.0
3222.8 -1690.5 64.8
3126.6 -1690.5 61.3
3192.1 -1684.9 64.0
3179.8 -1682.9 63.6
3100.6 -1682.8 60.2
3220.2 -1671.1 66.1
3192.2 -1674.8 64.6
3179.9 -1672.7 64.2
3228.3 -1663.3 66.9
3081.5 -1664.4 60.0
3232.8 -1654.4 67.7
3078.5 -1654.9 60.1
3270.0 -1639.7 70.0
3240.9 -1644.3 68.7
3231.4 -1640.0 68.5
3222.9 -1642.4 67.9
3066.6 -1644.7 59.7
3266.9 -1632.7 70.4
3229.0 -1632.0 68.8
3223.0 -1631.5 68.6
3072.0 -1632.7 60.6
3061.1 -1636.1 59.7
3262.0 -1625.8 70.7
3249.4 -1620.5 70.5
3222.6 -1625.8 68.9
3096.6 -1621.8 62.6
3089.5 -1620.7 62.2
3080.0 -1620.0 61.7
3069.0 -1620.9 60.9
3061.4 -1620.8 60.4
3270.9 -1615.1 71.8
3232.4 -1615.8 70.0
3056.9 -1612.6 60.5
3241.9 -1602.1 71.2
3060.0 -1605.5 61.0
3048.7 -1605.2 60.3
3056.6 -1565.2 64.1
3030.8 -1553.9 62.5
3010.4 -1544.8 61.2
3107.2 -1531.5 70.7
2990.0 -1530.8 60.3
3037.9 -1522.8 64.9
3032.6 -1523.7 64.4
2992.6 -1522.9 60.9
2977.4 -1522.2 59.7
3040.7 -1511.2 65.6
3029.3 -1510.2 64.6
3018.5 -1511.2 63.6
2992.2 -1515.1 61.1
3049.2 -1505.0 66.6
3040.9 -1501.1 66.0
3019.9 -1502.6 64.1
3010.9 -1503.1 63.2
2986.8 -1502.3 61.1
2967.3 -1502.6 60.2
3092.7 -1494.7 70.8
3082.0 -1493.2 69.9
3071.2 -1491.1 69.1
3048.8 -1495.2 66.9
3041.3 -1493.3 66.3
3030.4 -1491.7 65.4
2987.0 -1494.2 61.5
2962.1 -1494.5 60.3
3048.8 -1485.2 67.3
3010.2 -1481.5 64.0
2998.8 -1482.8 62.9
2986.7 -1480.7 62.1
2957.2 -1485.6 60.5
3042.1 -1470.8 67.3
3002.5 -1473.1 63.6
2981.7 -1472.3 62.2
2969.9 -1473.9 61.6
3038.4 -1464.7 67.2
2997.8 -1463.1 63.6
2970.1 -1461.8 62.2
2981.5 -1456.3 63.0
3011.3 -1441.7 65.6
2989.9 -1441.6 64.0
3018.9 -1435.3 66.5
3008.8 -1434.2 65.7
2996.8 -1435.4 64.6
2991.7 -1419.8 65.1
3007.1 -1410.4 66.5
2972.0 -1413.6 64.5
3007.7 -1400.5 66.9
3000.2 -1404.3 66.2
2977.5 -1401.2 65.3
2972.4 -1401.1 65.1
2957.1 -1404.1 64.3
3032.8 -1394.2 69.5
3017.3 -1390.0 68.1
2966.6 -1391.9 65.3
2959.1 -1390.0 65.1
2897.3 -1393.9 62.2
2892.4 -1391.0 62.2
2881.9 -1391.1 61.7
3049.6 -1380.5 72.1
3011.9 -1383.8 67.9
3001.2 -1380.3 67.4
2991.1 -1381.5 66.9
2969.4 -1381.2 66.0
2951.2 -1385.3 65.0
2886.6 -1384.4 62.2
2876.9 -1384.3 61.8
3030.5 -1374.4 70.4
3021.5 -1376.3 69.3
3012.2 -1375.7 68.3
3000.4 -1371.7 67.5
2986.8 -1372.7 66.9
2981.5 -1375.9 66.7
2967.7 -1376.1 66.1
2952.1 -1375.3 65.5
2929.9 -1370.8 64.6
2871.1 -1374.5 62.0
3068.9 -1360.2 75.3
3057.1 -1362.3 73.9
3037.8 -1363.5 71.7
3009.8 -1362.2 68.6
2969.1 -1361.7 66.0
2930.6 -1363.2 64.5
2919.7 -1365.6 64.1
2906.7 -1363.3 63.5
2897.7 -1362.2 63.1
2870.4 -1361.0 62.3
3063.1 -1353.7 74.9
3010.2 -1353.3 68.9
2996.5 -1351.1 67.3
2989.3 -1352.4 66.7
2979.2 -1352.5 66.3
2957.9 -1355.3 65.5
2920.5 -1353.7 63.9
2909.4 -1351.6 63.4
2871.7 -1354.6 62.5
3071.7 -1342.3 76.4
3032.8 -1341.5 72.1
2967.4 -1342.2 65.6
2948.9 -1344.0 64.9
2919.4 -1341.0 63.6
2908.9 -1343.4 63.3
2902.0 -1344.1 63.2
2892.0 -1339.8 63.2
2882.1 -1343.7 63.0
3030.7 -1334.5 72.2
3000.6 -1330.8 68.5
2967.2 -1335.6 65.5
2962.6 -1332.2 65.2
2897.7 -1335.9 63.4
2850.5 -1331.8 63.0
2840.7 -1331.3 62.9
3040.2 -1321.7 73.8
3017.1 -1323.7 70.9
2998.5 -1325.4 68.5
2992.8 -1324.3 67.8
2969.3 -1324.5 65.4
2867.4 -1320.6 63.5
3040.0 -1312.4 74.2
3009.2 -1314.4 70.2
2981.1 -1316.2 66.6
2962.1 -1311.0 64.9
2901.5 -1313.4 64.1
2852.3 -1313.9 63.4
2988.0 -1305.3 67.9
2957.5 -1303.3 65.1
2876.8 -1300.7 63.9
2842.1 -1304.5 63.3
2831.9 -1301.7 63.2
2996.7 -1291.1 70.2
2991.5 -1293.0 69.4
2981.1 -1294.6 68.3
2950.7 -1290.0 66.3
2938.9 -1294.8 64.6
2898.2 -1294.9 64.1
2822.8 -1291.9 63.2
3031.0 -1282.3 74.4
3019.1 -1280.8 73.5
2966.6 -1283.8 68.5
2952.8 -1282.7 67.5
2897.0 -1281.8 64.0
2869.1 -1284.2 63.7
2846.9 -1282.1 63.4
2831.1 -1280.5 63.2
3020.8 -1273.3 74.7
3010.7 -1270.1 74.3
2928.4 -1275.8 66.3
2907.3 -1275.7 64.5
2889.6 -1272.0 63.9
2879.7 -1274.3 63.7
2867.3 -1271.9 63.6
2839.1 -1271.5 63.2
3001.3 -1261.4 74.6
2979.1 -1261.7 72.7
2947.7 -1265.9 69.4
2937.5 -1261.9 69.0
2931.8 -1264.3 68.2
2917.3 -1260.0 67.5
2877.1 -1265.3 63.7
2850.5 -1262.6 63.3
2838.1 -1265.3 63.2
2818.3 -1260.9 62.9
2813.0 -1265.1 62.9
3006.8 -1250.1 75.4
3000.6 -1251.3 75.0
2950.6 -1252.9 71.4
2919.2 -1250.7 69.0
2888.9 -1253.8 65.9
2869.1 -1254.6 64.1
2841.5 -1251.5 63.1
2828.5 -1254.0 63.0
2822.5 -1254.8 62.9
2810.2 -1253.8 62.7
3006.5 -1245.6 75.5
2967.8 -1245.4 73.0
2952.1 -1241.0 72.1
2940.9 -1245.7 71.3
2922.9 -1242.6 70.2
2900.8 -1243.1 68.4
2878.9 -1244.5 66.3
2839.9 -1241.3 63.4
2806.8 -1244.8 62.7
2997.8 -1234.0 75.4
2981.6 -1234.1 74.2
2969.1 -1231.0 73.5
2927.6 -1231.3 70.7
2922.7 -1236.0 70.3
2883.1 -1233.0 67.9
2796.7 -1235.7 62.5
2989.1 -1223.5 75.2
2940.7 -1221.4 71.8
2926.6 -1221.6 70.9
2921.0 -1226.3 70.4
2912.6 -1223.6 69.9
2896.5 -1221.0 69.0
2891.6 -1223.2 68.6
2867.7 -1220.3 67.1
2857.0 -1221.7 66.4
2842.2 -1225.4 65.4
2821.9 -1222.4 64.2
2812.1 -1222.5 63.6
2799.1 -1221.4 62.6
2970.3 -1213.3 74.2
2938.2 -1214.9 71.9
2927.2 -1209.7 71.3
2922.5 -1213.9 70.8
2866.7 -1210.5 67.3
2857.6 -1212.5 66.7
2842.1 -1210.8 65.7
2799.0 -1210.9 63.0
2970.9 -1201.8 74.7
2928.9 -1202.8 71.7
2916.5 -1206.2 70.7
2902.0 -1204.8 69.8
2880.9 -1202.8 68.4
2848.6 -1202.8 66.3
2820.3 -1201.2 64.5
2927.2 -1193.7 72.0
2910.0 -1192.1 70.8
2860.6 -1192.4 67.3
2848.5 -1189.8 66.6
2831.5 -1195.3 65.4
2821.2 -1196.3 64.7
2950.7 -1183.7 74.0
2941.9 -1181.0 73.5
2928.7 -1182.3 72.5
2919.0 -1180.1 71.9
2859.5 -1182.6 67.6
2841.3 -1182.3 66.3
2921.8 -1170.5 72.5
2909.2 -1170.8 71.6
2888.2 -1174.2 69.9
2856.6 -1172.9 67.7
2917.8 -1161.5 72.6
2912.6 -1160.2 72.2
2900.9 -1162.5 71.3
2862.3 -1161.8 68.6
2852.2 -1163.3 67.8
2929.1 -1154.6 73.6
2908.3 -1150.5 72.3
2897.2 -1151.6 71.5
2888.8 -1153.3 70.8
2878.2 -1153.5 70.0
2861.6 -1155.2 68.8
2916.6 -1142.7 73.2
2907.1 -1143.8 72.5
2900.7 -1144.1 72.0
2868.1 -1143.8 69.7
2863.0 -1143.0 69.4
2831.7 -1141.0 67.2
2888.3 -1135.8 71.5
2852.5 -1132.9 69.0
2840.7 -1134.7 68.1
2800.9 -1135.1 65.3
2881.6 -1113.0 71.9
2858.0 -1115.6 70.1
2931.3 -2104.4 65.8
2923.5 -2104.0 66.4
2971.7 -2097.1 62.7
2925.8 -2095.0 66.1
2917.1 -2097.5 66.8
2934.7 -2086.6 65.3
2915.9 -2085.0 66.7
2921.3 -2077.2 66.2
2913.2 -2074.3 66.8
2931.5 -2070.6 65.4
2922.4 -2064.6 65.9
2933.2 -2060.3 65.0
2902.9 -2054.6 66.6
2894.2 -2055.9 67.1
2885.5 -2056.9 67.7
2931.5 -2049.3 64.6
2925.8 -2049.5 64.9
2892.4 -2044.5 66.7
2881.7 -2048.2 67.5
2925.9 -2039.7 64.4
2891.4 -2035.3 66.2
2884.5 -2027.0 66.2
2915.4 -2014.9 63.7
2904.5 -2019.5 64.6
2649.4 -2545.6 87.5
2641.7 -2530.5 88.4
2650.3 -2524.9 87.8
2641.9 -2519.5 88.5
2649.4 -2510.5 88.1
2649.4 -2504.4 88.2
2643.2 -2499.4 88.7
2649.7 -2493.1 88.3
2660.4 -2484.0 87.6
2655.0 -2481.9 88.0
2642.7 -2480.3 89.0
2669.2 -2471.2 87.2
2644.2 -2473.6 89.0
2670.5 -2422.4 87.7
2671.4 -2409.8 87.8
2644.8 -2393.5 89.7
2669.9 -2373.4 87.7
2655.1 -2364.8 88.5
2644.1 -2352.5 89.5
2670.6 -2300.6 87.0
2679.8 -2293.7 86.4
2680.4 -2273.4 86.1
2670.5 -2270.5 86.7
2670.8 -2261.9 86.6
2674.5 -2254.4 86.3
2659.4 -2249.6 87.3
2723.5 -2239.1 83.3
2661.4 -2239.1 87.1
2764.6 -2220.3 80.8
2690.7 -2220.0 84.8
2684.9 -2224.9 85.2
2745.1 -2214.0 81.8
2723.9 -2210.5 82.9
2708.7 -2214.8 83.8
2699.7 -2209.5 84.1
2713.7 -2199.1 83.1
2774.6 -2194.8 79.3
2765.3 -2190.4 79.9
2759.6 -2175.6 80.0
3272.9 -1753.8 63.0
3282.1 -1746.0 63.7
3293.6 -1734.9 64.6
3307.0 -1727.5 65.3
3256.0 -1724.9 64.0
3275.1 -1714.4 64.9
3264.1 -1717.2 64.5
3303.7 -1703.1 66.2
3294.9 -1707.2 65.8
3293.3 -1695.3 66.4
3277.3 -1684.4 66.8
