-5922.7 -8640.8 64.6
-5997.8 -8590.7 63.0
-264.6 -5074.6 70.6
-273.0 -5077.2 70.4
-4727.2 -4540.3 75.0
-4771.7 -4528.1 74.4
-5738.5 -4493.8 59.1
-6036.2 -3478.4 53.4
-5967.9 -3472.3 56.8
-5945.8 -1660.8 40.7
-5946.7 -1680.2 40.4
-6070.9 -1428.7 43.7
-6102.4 -8683.1 51.4
-6101.1 -8744.1 49.2
-6013.6 -8826.8 51.0
-5948.5 -8731.1 59.8
-4988.1 -4328.7 68.1
-6413.4 -3823.1 48.4
-6346.8 -3531.7 47.4
-6035.1 -3537.1 54.7
-6020.7 -3491.7 54.5
-6050.4 -3493.1 53.0
-6054.2 -3119.2 45.3
4200.7 6376.3 170.9
4010.3 6391.6 177.2
4010.5 6335.5 177.4
4180.2 6526.6 164.5
4178.0 6543.0 163.7
3968.1 6509.9 175.6
3954.1 6501.0 176.3
3949.3 6491.3 176.7
3938.7 6463.6 176.7
3961.4 6469.6 176.9
3979.1 6468.4 176.3
297.7 5292.3 67.9
-6537.7 -5031.8 35.3
-6525.9 -5041.9 35.4
4185.9 6484.7 166.7
4181.7 6516.1 165.1
4176.5 6554.1 163.1
4111.8 6966.2 163.9
4119.2 6918.1 165.4
4139.2 6786.0 167.2
4141.0 6775.1 167.1
4230.9 6870.8 164.8
4137.1 6794.1 167.3
4189.1 6461.3 167.8
4182.9 6506.9 165.5
4144.6 6761.4 166.9
3962.2 6498.5 176.1
3947.4 6473.5 177.3
4010.1 6403.8 176.9
4174.6 6568.0 162.4
804.7 6293.7 68.8
-4170.7 -6660.2 42.5
-4177.9 -6700.1 41.1
-6531.2 -5036.9 35.3
-6544.2 -5026.2 35.3
-6619.6 -4932.8 33.6
-6624.7 -4926.0 33.4
-6050.4 -3436.9 51.8
-6039.3 -3535.6 54.4
-6288.8 -3733.8 46.4
-6327.9 -3310.9 45.5
-5079.1 -4251.1 67.4
-5088.4 -4241.6 67.9
-5039.6 -4286.6 67.9
-4688.4 -4555.1 75.5
-4852.0 -4477.4 72.6
-4860.9 -4468.1 72.1
-5987.6 -8688.3 58.2
181.0 3288.2 83.1
-5945.8 -1670.5 40.6
-5946.5 -1689.7 40.3
-5947.1 -1711.3 39.9
-5949.8 -1759.4 39.1
-5970.0 -1734.6 39.1
-5980.7 -1854.9 37.2
285.3 5275.4 66.5
284.5 5299.1 68.0
-4602.0 -6716.4 40.8
-6740.2 -4767.6 32.6
-5049.1 -4278.6 67.8
-6393.7 -3520.1 47.0
-6381.2 -3109.7 45.0
-6370.8 -3094.1 44.6
-6417.3 -3102.5 46.5
-6588.0 -3021.6 53.7
-4551.2 -6699.7 40.3
-4022.8 -6009.9 69.8
-6238.7 -5329.7 39.3
6428.3 8142.0 122.2
276.5 5301.0 67.9
-4960.9 -5733.6 46.2
-4662.0 -5583.1 56.0
-4544.2 -5642.4 60.9
-4807.7 -6006.0 43.7
-4768.3 -5449.9 54.1
-6639.8 -4905.2 32.8
-6655.2 -4883.5 32.2
-288.9 -5075.2 70.4
-4604.9 -5634.5 58.0
6376.0 8237.8 121.0
801.0 6295.2 68.8
290.6 5282.6 67.1
276.1 5286.1 66.8
-6690.2 -8441.0 43.1
-4594.2 -6347.7 38.3
-4211.7 -6620.6 42.4
-4657.8 -6757.6 43.4
-5894.2 -8576.9 69.2
-6001.2 -8551.4 63.4
-5958.9 -8633.5 62.9
-5913.6 -8718.5 62.9
-6051.0 -8817.0 48.9
-6097.3 -8751.1 49.2
-5011.2 -5782.1 43.1
-4577.7 -5638.0 59.3
-4979.6 -5747.1 45.2
-5015.6 -5789.3 42.9
-5056.9 -5731.6 42.5
-4062.5 -6014.9 68.6
-4579.2 -6703.3 40.6
-4255.3 -6625.3 41.0
-6844.2 -4632.6 32.9
3898.9 6369.9 173.2
3954.2 6512.9 176.0
3957.1 6487.5 176.5
3961.7 6510.9 175.8
-6304.8 -3727.8 46.5
-6377.0 -3508.9 46.6
-6046.2 -2920.0 44.4
-6053.7 -2944.5 44.3
-6061.3 -2953.0 44.4
-6055.6 -2955.9 44.3
-6008.0 -2811.4 44.5
-6070.2 -2986.5 44.4
-6086.7 -3000.0 44.5
-6093.4 -3031.4 44.6
-6081.5 -3051.2 44.7
-5045.5 -5805.2 41.5
-4935.6 -5913.7 39.4
-4931.0 -5898.0 40.8
-6369.2 -3211.3 44.8
-6399.7 -3250.4 45.7
-6416.6 -3246.5 45.9
-6088.1 -1419.1 43.6
-4936.1 -5904.9 40.1
-5949.2 -1752.1 39.2
-5977.0 -1803.8 37.9
-5983.8 -1875.3 37.2
-6051.4 -3441.0 51.9
-6056.5 -3459.8 52.0
-6052.2 -3531.5 53.6
-6054.9 -3503.0 52.9
-6006.0 -3559.2 56.7
-6400.6 -3173.7 46.0
-6385.1 -3128.4 45.7
-6376.8 -3130.2 45.5
-6372.8 -3111.4 44.8
-6402.1 -3098.5 45.9
-6394.3 -3061.3 45.7
-6386.1 -3027.3 45.1
-6386.6 -2982.6 44.7
-6403.9 -3036.6 45.9
-6743.9 -3065.0 59.4
-6719.1 -3038.4 58.9
-6547.5 -2991.5 51.6
-6501.8 -2908.1 48.9
-5764.3 -4487.5 59.2
-4747.6 -5421.1 55.3
-4839.8 -5849.9 47.7
-4061.9 -5998.4 68.6
-4050.5 -6033.8 68.9
-4013.9 -6038.3 70.1
-4589.6 -6350.1 38.3
131.7 3306.3 80.2
151.7 3314.5 81.1
169.2 3321.1 81.8
162.0 3313.0 81.6
156.4 3289.0 81.9
158.5 3216.0 84.2
174.2 3296.5 82.6
-4638.6 -5637.8 57.0
6456.5 8266.6 122.5
6450.1 8238.4 122.7
6442.3 8210.4 122.9
6428.3 8155.2 122.3
6284.0 8203.9 120.4
-6610.4 -4946.0 33.9
-4868.4 -4459.8 71.7
-4759.8 -4530.8 74.5
-4747.8 -4534.4 74.7
-4614.8 -4601.5 77.0
271.3 5274.2 66.0
293.7 5296.4 68.1
163.5 3173.0 85.1
255.4 5289.3 66.4
-406.3 1603.9 88.7
-396.7 1626.5 88.1
143.3 3273.7 81.7
161.5 3263.6 82.8
174.2 3281.8 82.9
185.8 3296.5 83.2
187.0 3311.7 82.9
187.5 3328.2 82.6
163.4 3329.2 81.4
150.6 3328.4 80.8
146.5 3321.5 80.7
155.5 3273.2 82.3
149.3 3281.6 81.7
174.8 3311.9 82.3
6453.4 8253.3 122.6
6349.8 8141.1 121.1
6311.9 8196.0 120.6
6296.5 8165.0 120.6
-5946.1 -1641.8 41.0
-5946.7 -1700.0 40.1
-5948.5 -1722.5 39.7
-5947.2 -1744.0 39.4
-5950.9 -1771.5 38.9
-5952.6 -1790.8 38.5
-5974.7 -1784.1 38.3
-5977.7 -1822.8 37.6
-5981.4 -1865.2 37.2
-6079.5 -1423.5 43.7
153.2 3201.0 84.4
-4151.5 -6689.4 42.3
-4571.2 -6683.7 40.5
-4586.6 -6690.1 40.6
-4632.4 -6755.3 41.5
-6597.7 -3029.8 54.2
137.9 3281.8 81.1
179.1 3272.6 83.4
181.3 3321.3 82.4
174.0 3328.4 82.0
157.2 3320.9 81.3
168.6 3306.4 82.1
155.9 3224.7 83.8
150.2 3210.8 84.0
165.2 3196.9 84.9
-5985.9 -8708.4 57.3
-1487.0 -3315.8 106.0
-1423.9 -3336.7 105.7
-1418.1 -3322.4 105.7
-372.6 -5207.4 66.8
-452.9 -5290.2 66.8
-470.2 -5181.7 70.6
-441.9 -5141.4 71.5
-287.3 -5086.1 69.8
-296.5 -5131.3 68.1
-269.0 -5123.0 68.9
-264.6 -4902.0 75.0
-394.7 1615.3 88.2
-373.3 1609.5 88.0
-5945.1 -8769.8 59.1
-5959.7 -8623.6 63.7
-5893.4 -8585.8 69.1
-5928.5 -8593.3 66.9
-5896.3 -8555.9 69.3
-5915.1 -8708.8 63.0
-5892.7 -8596.0 69.0
-5911.6 -8741.1 62.6
-5910.7 -8750.5 62.4
-5936.5 -8574.8 66.7
-5954.2 -8681.5 60.6
-5947.7 -8741.4 59.6
-5928.9 -8583.4 67.1
-5951.1 -8710.3 60.1
-5956.1 -8662.3 61.4
-5921.5 -8651.8 64.2
-5909.6 -8759.7 62.3
-5923.6 -8633.3 64.9
-5958.0 -8642.3 62.3
-5897.0 -8546.0 69.4
-5962.1 -8602.3 64.9
-5955.1 -8671.1 61.1
-5957.2 -8652.0 61.8
-5895.7 -8565.4 69.2
-5943.7 -8780.6 59.0
4193.0 6433.2 169.3
269.3 5296.5 67.3
276.1 5270.0 66.0
-4189.0 -6642.0 42.4
-4202.3 -6681.7 40.7
-4192.3 -6693.0 40.8
-4153.8 -6692.5 42.2
-4571.9 -6359.0 38.3
-4492.2 -6510.8 41.6
-4610.1 -6705.5 40.8
793.7 6298.1 68.6
797.4 6296.7 68.7
-4665.0 -4567.0 76.0
-4714.7 -4544.8 75.1
-6681.9 -4846.7 31.4
-6687.2 -4838.6 31.6
808.4 6292.2 68.9
4184.3 6496.6 166.0
4122.7 6902.8 165.9
4135.5 6813.7 167.5
3921.9 6440.4 175.4
3947.8 6481.1 177.1
-396.6 -5203.0 67.6
-274.4 -5064.8 71.1
-284.0 -5148.0 67.8
-275.3 -4910.0 74.7
137.5 3297.6 80.7
145.0 3306.3 80.9
156.6 3305.3 81.5
149.3 3297.1 81.3
163.9 3298.4 82.0
175.3 3225.3 84.6
161.3 3205.0 84.6
-382.0 1621.2 87.9
-482.9 -5190.0 70.4
4213.5 6876.9 165.4
-4580.6 -6354.6 38.3
-4663.0 -6227.3 39.5
-4250.7 -6583.5 42.7
270.3 5278.8 66.3
-4603.8 -4608.5 77.3
-4653.7 -4574.1 76.2
-4701.3 -4549.8 75.3
-6401.9 -3798.8 45.3
-6396.3 -3787.4 44.1
-6426.9 -3445.6 45.6
-6064.3 -2987.9 44.4
-6341.9 -3287.2 44.7
-6334.5 -3284.2 44.7
-6332.8 -3273.6 44.9
-6396.8 -3174.7 45.9
-6385.6 -3109.0 45.1
-6376.9 -3110.5 44.9
-6388.3 -3035.4 45.2
-6385.7 -2993.2 44.7
-6408.9 -3047.6 46.2
-6715.9 -3040.9 58.8
-6547.5 -2995.2 51.7
269.1 5302.7 67.7
-4051.0 -5993.3 68.9
-4142.5 -6000.6 66.0
-4584.2 -5642.6 59.0
-4589.6 -5641.9 58.7
-6370.6 -2850.7 45.8
-6368.4 -2846.9 45.8
-6052.5 -3444.8 51.9
-6041.5 -3483.1 53.2
-6009.0 -3558.2 56.5
-6012.1 -3557.0 56.3
-6036.9 -3548.7 54.8
-4939.5 -5891.9 40.5
-4974.0 -5742.4 45.5
-4827.4 -5849.0 48.4
-4813.8 -5778.8 52.0
-6108.1 -3119.7 45.6
-6116.1 -3105.0 45.5
-6101.3 -3054.6 44.8
-6108.3 -3082.9 45.2
-6076.2 -3130.0 45.5
-6063.6 -3133.3 45.5
-6057.2 -3134.9 45.5
-4941.2 -4375.5 69.0
-5184.4 -4148.8 67.6
3966.9 6485.6 176.2
-5951.8 -1781.5 38.7
-5972.3 -1753.6 38.8
-5972.8 -1763.5 38.6
-5980.0 -1834.0 37.4
-6012.5 -1456.6 43.7
-5998.0 -1464.6 43.7
-6096.1 -1414.9 43.6
-6725.6 -4786.3 32.8
-6839.2 -4641.1 32.9
112.9 -5198.9 70.2
4148.6 6729.7 166.6
4206.6 6879.4 165.6
-373.9 -5177.1 67.4
-453.1 -5154.9 71.7
-417.6 -5142.7 70.0
4013.4 6360.1 177.6
4203.7 6354.6 171.5
4198.6 6391.5 170.4
4187.6 6472.6 167.3
4172.6 6582.9 161.7
3942.5 6443.3 176.6
-281.4 -5083.2 70.0
-297.4 -5091.8 69.4
-311.6 -5089.1 69.5
-304.4 -5084.1 69.9
-281.5 -5070.7 70.7
-269.1 -5100.6 69.6
-262.5 -5108.3 69.4
-251.3 -5109.4 69.5
-6283.3 -2735.0 45.9
89.5 2786.5 88.3
-4766.3 -6054.8 44.4
-6370.5 -3131.5 45.4
-6382.1 -3091.8 45.2
-6352.1 -3097.7 43.9
-6383.2 -3004.2 44.7
-6422.0 -3101.4 46.7
-6542.7 -2990.4 51.4
-6565.7 -3012.4 52.6
-1485.7 -3329.4 106.0
-1442.4 -3346.3 105.9
-1411.4 -3324.7 105.7
-1411.7 -3317.4 105.7
-6275.9 -3747.5 46.2
-6057.9 -3465.5 52.0
-6048.1 -3533.0 53.9
-6057.1 -3511.6 53.0
-6046.3 -3485.6 53.0
-6324.7 -3252.3 44.6
-6394.8 -3251.5 45.6
-6411.0 -3247.8 45.8
-6028.4 -3520.0 54.7
-6012.9 -3494.3 55.0
-6029.4 -3489.3 54.0
-5967.3 -3467.0 56.5
4023.3 6327.4 177.3
4015.7 6377.5 177.5
4016.8 6326.3 177.3
3999.7 6333.6 177.5
4202.0 6367.2 171.1
3916.7 6439.2 175.1
-5048.6 -5799.7 41.4
-4789.9 -5432.6 54.6
-4820.2 -5784.0 51.5
-4666.8 -5580.8 55.9
-4636.5 -5626.5 56.9
-4035.2 -6022.3 69.4
-4056.1 -5990.8 68.8
-4137.8 -5992.9 66.1
-4434.1 -6544.7 41.1
-5153.3 -4178.5 67.0
-5173.3 -4159.0 67.3
-6053.4 -2918.2 44.4
-6058.0 -2937.8 44.4
-6056.1 -2943.9 44.4
-6083.9 -3039.1 44.6
-6094.9 -3036.4 44.6
-6097.4 -3047.2 44.8
-6085.5 -3050.1 44.7
-6111.7 -3112.3 45.5
-6052.6 -3136.0 45.5
173.5 3264.9 83.3
167.7 3221.3 84.4
293.0 5287.0 67.4
-6089.5 -8704.6 50.8
-5949.6 -8720.4 59.9
-5999.2 -8572.2 63.2
-5926.3 -8613.3 66.3
-5964.0 -8582.8 65.1
-4830.0 -5853.0 48.2
4126.3 6870.0 167.1
4109.2 6984.0 164.1
-5988.4 -1468.3 43.7
-6003.8 -1461.0 43.7
-6863.3 -4592.2 32.6
254.3 5276.0 65.6
131.1 3289.5 80.6
170.5 3211.5 84.8
269.1 5290.4 66.9
-6084.0 -8735.1 49.8
-6065.6 -8745.0 50.4
4164.3 6627.6 160.6
4114.7 6947.0 164.3
4125.0 6881.0 166.7
4132.6 6846.9 167.8
4133.7 6823.5 167.6
4161.6 6799.5 166.6
4221.9 6874.0 165.1
6385.3 8122.5 121.9
6379.9 8259.7 121.0
6368.6 8280.4 120.8
6339.3 8145.8 121.0
6330.0 8222.3 120.7
6312.1 8158.5 120.7
6275.7 8177.4 120.1
-3979.9 -6016.7 71.2
-6034.7 -8818.9 49.7
-6034.6 -8796.0 50.6
-6022.7 -8800.6 51.3
-6032.8 -8841.4 49.0
-6103.5 -8702.8 49.9
-6094.6 -8697.9 50.7
-5924.9 -8623.9 65.5
-5989.8 -8670.6 58.8
-5993.3 -8631.9 61.2
-5986.8 -8698.2 57.7
-4854.4 -5596.5 50.0
-4263.8 -6619.7 41.0
-4308.5 -6595.5 40.5
-4452.5 -6580.7 41.9
-4579.2 -6686.4 40.6
-6060.7 -8753.0 50.5
-5931.0 -8563.5 67.2
-5916.2 -8699.8 63.2
-5965.0 -8573.9 65.1
-5927.6 -8602.4 66.9
-5967.1 -8554.1 65.3
-5947.0 -8751.1 59.4
-5929.7 -8573.7 67.2
-5998.4 -8582.0 63.1
-5963.1 -8592.7 65.0
-5994.6 -8621.5 61.9
-5918.7 -8679.1 63.5
-5961.0 -8612.8 64.4
-5917.3 -8690.1 63.3
-6092.7 -8758.2 49.2
-6119.6 -8712.0 48.9
-6038.6 -8832.7 48.9
-4309.3 -6831.7 43.8
-6667.7 -4865.5 31.7
-6676.8 -4852.8 31.4
-6714.4 -4801.6 32.9
-6730.1 -4780.5 32.8
-6753.2 -4751.4 32.4
-6757.3 -4744.3 32.3
-6764.3 -4735.7 32.1
-6833.6 -4648.8 32.9
-6853.3 -4614.8 32.8
-6857.4 -4605.6 32.7
-6055.4 -3542.3 53.7
-6462.7 -8408.9 50.6
-4543.1 -6702.3 40.1
-6235.9 -5345.2 40.2
-6289.0 -5352.3 41.0
-6565.7 -5003.6 35.2
-6600.5 -4960.8 34.4
-4500.7 -6740.3 39.1
-4602.7 -6699.1 40.7
-4625.1 -6719.3 40.7
-4637.2 -6736.1 41.4
-5.7 -4675.3 82.4
-4454.2 -6516.3 40.9
-4507.0 -6552.3 42.7
-4526.2 -6713.4 39.8
-4534.5 -6707.1 39.9
-4560.2 -6699.1 40.4
-4569.3 -6700.4 40.5
-4607.5 -6723.9 40.8
-4614.0 -6731.2 40.8
-4618.7 -6738.6 40.9
-4626.5 -6748.0 40.9
-5991.9 -8651.1 59.8
-6002.4 -8541.4 63.4
-5967.8 -8542.4 65.4
-5992.5 -8640.6 60.6
-5983.0 -8738.5 56.8
-5965.9 -8564.5 65.2
-5981.5 -8749.0 56.7
-5988.5 -8680.0 58.5
-5980.4 -8758.7 56.5
-6000.1 -8562.0 63.3
-5996.9 -8601.9 62.9
-5995.5 -8613.3 62.5
-5990.8 -8661.0 59.2
-5979.0 -8769.0 56.4
-5978.3 -8779.7 56.2
-5976.4 -8799.9 55.7
-6070.1 -8757.8 50.0
-6073.9 -8717.0 51.2
-6055.9 -8707.3 52.8
-6056.8 -8809.7 48.9
-6115.5 -8719.8 48.9
-6026.7 -8849.8 49.1
-6087.4 -8693.7 51.4
-6084.8 -8713.0 50.7
-6111.1 -8707.1 49.2
-6111.0 -8727.5 49.0
-6096.7 -8730.1 49.5
-6056.1 -8795.9 49.3
-6075.3 -8729.2 50.5
-6078.5 -8762.1 49.6
-6070.3 -8737.4 50.5
-6090.1 -8725.9 49.7
-6029.1 -8804.8 50.6
-6087.8 -8766.7 49.0
-6080.2 -8720.4 50.6
-5001.4 -5768.2 43.7
-4957.7 -5793.2 45.5
-4775.4 -5451.0 54.0
-4603.3 -5553.5 58.0
-4598.6 -5549.0 58.1
-4605.9 -5639.8 58.0
-4565.9 -5639.6 59.8
-4927.7 -5900.8 40.8
-4931.6 -5906.8 40.1
148.5 3264.0 82.2
138.2 3314.3 80.4
168.6 3273.6 82.9
161.7 3280.3 82.3
157.0 3192.4 84.7
71.3 2748.0 88.1
-4179.5 -6651.2 42.4
-4099.1 -6065.8 66.5
-4583.2 -5637.3 59.0
-4560.5 -5640.3 60.1
-4561.4 -5645.6 60.0
-6549.0 -5021.1 35.3
-6554.5 -5015.6 35.3
-4799.1 -4519.7 74.0
-4767.8 -6068.2 43.4
168.0 3288.2 82.5
181.5 3304.6 82.8
147.2 3219.4 83.6
160.7 3182.8 84.9
76.1 2773.9 87.7
85.5 2767.4 88.6
-4035.8 -6035.0 69.4
-4052.8 -5984.5 68.9
-5752.2 -4473.6 59.1
-5733.0 -4500.2 59.3
-6049.4 -3432.8 51.8
-6055.7 -3530.1 53.4
-4259.7 -6622.6 41.0
-6866.4 -4583.2 32.6
-5143.7 -4188.4 67.2
-4231.3 -6659.8 40.3
-4294.3 -6614.8 40.3
-4641.0 -6762.9 43.6
-4643.1 -6744.0 41.9
-4650.2 -6750.8 42.5
-6380.9 -2973.5 44.3
-6373.0 -2853.9 45.8
-6365.9 -2843.1 45.8
-5915.3 -2809.3 43.9
-6289.6 -2736.4 46.0
-6299.7 -2738.5 46.1
-6540.6 -2980.4 51.2
-6383.1 -3517.5 46.9
-6399.5 -3430.8 45.3
-6427.9 -3457.1 45.8
-6333.9 -3279.4 44.9
-6332.0 -3302.1 45.2
-6330.3 -3623.5 47.3
-6326.3 -3635.7 47.4
-6350.3 -3550.9 47.9
-6401.3 -3125.2 46.0
-6389.5 -3108.3 45.2
-6368.0 -3112.1 44.7
-6383.1 -3010.4 44.8
-6484.1 -3089.8 49.6
-6434.7 -3099.0 47.3
-6578.4 -3013.5 53.2
-6548.4 -3004.8 51.8
-6395.6 -3069.4 45.9
-6389.4 -3043.0 45.3
-6413.5 -3071.3 46.6
-6071.6 -2990.8 44.4
-6082.9 -3128.3 45.5
-6103.0 -3123.2 45.6
-6313.0 -3670.7 46.8
-6397.7 -3540.4 47.7
-6046.9 -3514.0 53.6
144.0 3289.9 81.2
-6068.7 -3004.1 44.4
-6077.0 -3041.5 44.6
-6106.0 -3073.1 45.1
-6104.8 -3084.1 45.2
-6089.9 -3126.5 45.5
-6069.7 -3131.7 45.5
-4958.7 -4354.8 68.6
-4966.7 -4346.4 68.3
-4832.3 -4496.8 73.3
-4843.0 -4486.6 73.0
-5007.6 -4312.6 68.4
-5107.6 -4222.5 67.7
6446.3 8223.6 122.8
6438.8 8195.1 122.8
6435.1 8182.6 122.6
6375.6 8129.9 122.0
6367.9 8141.6 121.6
6348.1 8220.8 120.8
6340.0 8168.5 120.9
6324.3 8152.3 120.8
6303.2 8235.7 120.5
4146.8 6744.4 166.7
-4822.0 -4505.3 73.5
-6388.4 -3127.8 45.7
-6391.8 -3052.9 45.5
-6402.4 -3033.2 45.8
-6415.3 -3078.1 46.8
-6081.6 -3034.1 44.5
-6046.6 -3137.6 45.4
-1485.7 -3336.0 106.0
-1435.9 -3350.8 105.9
-4423.5 -6777.5 39.3
-4507.0 -6732.6 39.2
-4592.8 -4616.7 77.4
-377.2 -5193.9 67.5
-452.6 -5143.2 72.1
-314.0 -5105.2 68.6
-321.4 -5095.7 69.1
-303.0 -5121.2 68.3
-244.6 -5125.4 68.9
-3988.9 -6019.2 70.9
-4924.4 -4394.5 69.4
-4976.7 -4338.1 68.0
-5133.0 -4197.8 67.3
-5163.5 -4168.8 67.0
-6058.5 -3118.3 45.3
-6097.1 -3124.7 45.6
-6109.9 -3089.4 45.3
-6091.2 -3087.5 45.1
-6095.6 -3086.4 45.2
-6100.2 -3085.3 45.2
-6103.9 -3064.4 45.0
-6076.2 -3034.9 44.5
-6361.5 -3096.1 44.1
-6359.5 -3213.5 44.7
-6348.4 -3215.9 44.6
-6342.2 -3293.3 44.8
-4595.0 -5641.2 58.4
-4600.5 -5640.5 58.2
-6838.7 -6628.9 95.4
-6511.2 -5052.3 35.4
-6516.8 -5046.7 35.3
-4776.3 -5422.4 55.1
-4794.4 -5439.6 54.1
-4610.2 -5678.8 58.4
-4594.0 -5711.3 58.9
-4962.3 -5718.4 46.2
-4984.9 -5752.4 44.8
-5945.0 -1650.2 40.9
-5949.4 -1733.8 39.5
-5973.5 -1744.5 38.9
-5976.5 -1793.9 38.1
-5977.7 -1815.5 37.7
-5984.9 -1894.0 37.3
-5984.2 -1906.2 37.3
-5985.2 -1914.7 37.3
-5986.6 -1925.2 37.4
-5978.4 -1473.2 43.7
-6105.9 -1410.2 43.4
-6062.2 -1433.8 43.8
-6047.3 -2924.8 44.3
-6062.6 -2916.3 44.5
-6064.5 -2992.3 44.4
-6074.0 -3003.0 44.4
-6285.6 -2746.7 45.6
-6298.4 -2749.4 45.7
-6281.0 -2745.9 45.6
-6493.1 -2906.3 48.5
-291.4 -5113.4 68.8
-281.7 -5126.5 68.5
-258.7 -5117.7 69.2
-274.9 -5141.2 68.2
-239.0 -5078.6 70.8
83.7 -5152.7 67.8
-4661.6 -5577.2 56.0
-6672.5 -4859.0 31.5
-6660.0 -4877.8 32.1
-6650.4 -4890.4 32.4
-6629.4 -4918.9 33.2
-6604.4 -4954.7 34.2
-6560.3 -5009.2 35.2
-4095.2 -6059.6 67.2
-4080.3 -6039.8 68.0
-4073.4 -6036.9 68.2
-4111.2 -5965.1 67.1
-4098.7 -5965.8 67.4
-4076.8 -5976.9 68.1
-4039.3 -6042.3 69.3
-4021.5 -6048.2 69.9
-4772.5 -6068.6 43.0
-3984.5 -6070.7 69.4
-4026.0 -6040.5 69.7
-4079.7 -6030.5 68.0
-4086.3 -6045.4 67.8
-4092.6 -6069.8 66.4
-5041.0 -5818.9 41.6
-4095.4 -5974.2 67.5
-6220.3 -5343.8 40.2
-4969.0 -5720.5 45.9
-6032.2 -3550.1 55.1
-6048.3 -3488.7 53.0
-6039.2 -3476.1 53.2
-6037.5 -3480.3 53.4
-6038.0 -3486.7 53.5
-6041.4 -3515.7 53.9
-6042.4 -3546.8 54.5
-6059.4 -3471.6 52.1
-5019.0 -5795.7 42.7
-4989.9 -5756.9 44.5
-4940.1 -5910.5 39.5
-4813.4 -5784.3 51.7
-4836.1 -5822.3 48.8
-4159.5 -6693.9 41.9
-4197.0 -6708.0 40.2
-4195.9 -6689.5 40.7
-4199.3 -6686.0 40.7
-4252.2 -6627.8 40.9
-4198.6 -6632.4 42.4
-4223.7 -6609.5 42.6
-4233.5 -6599.2 42.8
-4667.1 -6219.7 39.6
-4567.6 -6361.0 38.3
-4563.0 -6363.2 38.3
-6552.1 -3013.8 52.1
-6554.7 -3007.7 52.1
-6568.8 -3005.0 52.7
-6722.3 -3035.7 59.0
-6444.9 -3097.1 47.8
-6409.8 -3060.5 46.4
-6374.0 -3130.7 45.4
-6392.2 -3127.2 45.8
-6324.6 -3627.3 47.3
-6297.4 -3676.8 46.7
-4676.3 -4560.6 75.8
-6427.3 -3451.1 45.7
-6428.3 -3463.9 45.9
-6374.6 -3458.1 45.9
-6350.8 -3539.4 47.6
-6385.0 -3765.7 46.0
-6333.0 -3635.3 47.5
-5768.2 -4451.3 59.1
-4931.0 -5610.7 47.2
-4967.0 -5738.2 45.9
-4997.0 -5763.7 44.0
-5006.5 -5775.2 43.3
-5021.3 -5803.9 42.6
-6453.6 -2997.8 47.7
-6525.9 -2966.7 50.5
-6531.4 -2974.2 50.8
-6538.2 -2987.0 51.2
-6549.8 -2988.8 51.7
-6559.8 -2997.6 52.2
-6386.9 -2906.2 44.8
-6387.0 -2986.8 44.7
-6383.8 -2999.2 44.7
-6080.3 -2982.6 44.5
-6081.8 -2989.0 44.5
-6054.5 -2923.2 44.4
-6072.1 -2950.7 44.4
-6069.5 -2938.8 44.4
-6062.8 -2920.9 44.5
-6299.5 -3716.8 46.5
-6329.0 -3642.7 47.4
-6392.4 -3779.4 44.8
-6407.6 -3810.8 46.8
-6392.6 -3442.2 45.5
-6331.8 -3296.7 45.1
-6053.5 -3448.6 51.9
-6060.0 -3521.2 53.0
-6058.6 -3516.4 53.0
-6024.9 -3521.2 54.9
-6043.5 -3474.7 53.0
-6052.4 -3498.1 53.0
-6027.0 -3551.8 55.4
-4576.3 -6356.7 38.3
-4584.5 -6352.6 38.3
-4597.9 -6345.7 38.3
-4559.0 -6365.0 38.3
-4427.1 -6312.7 45.0
-6615.7 -4939.2 33.8
-6635.2 -4911.6 33.0
-6645.1 -4896.9 32.6
-6663.9 -4871.5 31.9
-6698.0 -4823.2 32.1
-6703.3 -4816.3 32.4
-6709.4 -4808.1 32.6
-6719.3 -4794.3 32.9
-4807.1 -5777.4 52.3
-4806.2 -5784.3 51.9
-4609.5 -5554.6 57.9
-4630.4 -5627.4 57.1
-4624.3 -5628.5 57.3
-4555.1 -5641.0 60.3
-4566.8 -5644.9 59.8
-4550.5 -5647.0 60.5
-4422.2 -6320.9 45.0
-4158.0 -6672.1 42.6
-4188.4 -6697.5 40.8
-4185.5 -6699.7 40.8
-4654.3 -5583.3 56.3
-4599.5 -5635.2 58.2
-4594.0 -5635.9 58.5
-4572.3 -5644.2 59.5
-4556.0 -5646.3 60.3
-4545.1 -5647.7 60.8
-4637.1 -4586.2 76.6
-4625.7 -4593.4 76.8
-4744.5 -5423.2 55.3
-4742.3 -5425.8 55.2
-4685.0 -5357.8 58.3
-4776.1 -6074.9 42.4
-6848.2 -4623.7 32.9
-6744.8 -4760.7 32.5
-6006.5 -2817.6 44.5
-5993.9 -2837.4 44.3
-5999.6 -2825.1 44.4
-5029.2 -4295.0 68.1
-5059.2 -4269.4 67.6
-4933.5 -4384.8 69.2
-6277.5 -2733.8 45.9
-6276.4 -2745.1 45.5
-5924.5 -2792.4 44.0
-6016.3 -2800.7 44.6
-6616.4 4059.6 22.7
-6282.3 -5357.6 41.3
-6244.1 -5345.7 40.2
-6237.8 -5337.0 39.7
-6500.0 -2898.7 48.7
-4675.0 -6766.7 45.9
-4666.1 -6762.2 44.6
-4630.9 -6727.7 40.9
-4618.0 -6711.5 40.7
-4595.5 -6712.1 40.7
-4594.7 -6694.0 40.7
-4587.7 -6707.9 40.7
-4514.0 -6726.4 39.4
-4352.0 -6802.1 41.8
-4273.1 -6616.9 40.9
4019.1 6346.6 177.4
4194.7 6420.5 169.8
4169.8 6603.0 160.6
3931.9 6404.1 175.3
-4571.3 -5638.9 59.6
-4549.6 -5641.7 60.6
-4588.6 -5636.6 58.8
-4578.7 -5643.3 59.2
-5903.7 -1560.5 43.3
-5920.5 -1566.8 42.8
-5933.6 -1577.4 42.3
-5941.1 -1592.0 41.9
975.0 8875.2 61.6
970.2 8889.4 61.5
965.4 8903.6 61.2
960.6 8917.8 60.9
956.3 8932.2 60.6
952.6 8946.7 60.2
948.9 8961.3 59.9
945.2 8975.8 59.6
942.2 8990.5 59.3
939.3 9005.2 58.9
936.7 9020.0 58.6
934.9 9034.9 58.3
933.1 9049.8 58.0
932.0 9064.7 57.6
931.4 9079.7 57.3
931.0 9094.7 57.0
932.6 9109.6 56.7
934.2 9124.5 56.4
936.4 9139.3 56.5
938.7 9154.2 56.9
941.5 9168.9 57.2
944.8 9183.5 56.8
948.1 9198.1 56.5
951.4 9212.8 56.3
960.3 9238.2 57.0
-613.8 4596.3 62.0
-624.2 4607.1 62.2
-634.5 4618.0 62.4
-644.9 4628.8 62.6
-655.3 4639.6 62.9
-665.7 4650.5 63.1
-676.0 4661.3 63.3
-686.4 4672.1 63.5
-696.8 4682.9 63.8
-707.2 4693.8 64.2
-717.5 4704.6 64.6
-727.9 4715.4 64.9
-738.3 4726.3 65.3
-748.7 4737.1 65.7
-759.0 4747.9 65.7
-769.4 4758.8 65.7
-788.3 4778.4 65.6
-590.1 4570.5 61.4
-579.7 4559.7 61.2
-569.2 4549.0 61.0
-558.2 4537.7 60.7
-468.3 4427.8 61.1
-457.8 4417.2 61.7
-447.2 4406.5 62.4
-436.7 4395.8 63.1
-426.2 4385.1 63.8
-415.7 4374.4 64.4
-405.1 4363.7 65.1
-394.6 4353.0 65.8
-384.1 4342.3 66.5
-373.6 4331.6 67.1
-363.1 4320.9 67.6
-343.7 4298.9 68.7
-328.0 4298.3 69.3
-338.3 4309.1 68.7
-348.7 4319.9 68.2
-359.1 4330.8 67.6
-378.1 4350.6 66.5
-5946.9 -1507.7 43.4
-5946.7 -1522.7 43.1
-5946.5 -1537.7 42.8
-5946.3 -1552.7 42.5
-5944.5 -1564.5 42.3
-5932.8 -1555.3 42.7
-5919.4 -1548.7 43.2
-5902.7 -1545.6 43.8
-1578.8 8858.1 66.1
-1591.6 8886.8 67.7
-1562.2 8820.7 63.2
-1574.7 8848.8 65.3
-1545.1 8780.7 63.2
-1558.0 8809.9 63.2
-1320.0 8820.2 66.3
-1306.6 8788.5 66.3
4805.4 3233.9 151.9
4792.7 3241.7 151.9
4779.9 3249.6 151.6
4767.1 3257.4 151.3
4754.3 3265.3 151.0
4741.5 3273.1 150.7
4728.7 3281.0 150.5
4716.0 3288.8 150.2
4703.2 3296.7 149.9
4690.4 3304.5 149.6
4677.6 3312.4 149.3
4664.8 3320.2 149.0
4652.1 3328.0 148.7
4639.3 3335.9 148.4
4626.5 3343.7 148.2
4609.0 3354.5 147.8
-3820.6 6810.5 35.7
-3813.9 6823.9 35.9
-3807.1 6837.3 36.1
-3800.3 6850.7 36.3
-3793.6 6864.1 36.5
-3786.8 6877.5 36.7
-3780.1 6890.9 36.8
-3767.0 6916.8 36.9
-3637.5 6841.2 35.1
-3649.3 6850.5 35.4
-3661.1 6859.8 35.7
-3672.9 6869.0 36.0
-3684.6 6878.3 36.3
-3696.4 6887.6 36.6
-3708.3 6896.7 37.0
-3721.4 6904.0 37.2
-3745.0 6916.9 36.9
5728.6 8508.2 95.9
5750.2 8529.4 96.9
5764.3 8543.3 97.6
5779.8 8555.3 98.4
5793.3 8563.0 98.7
5821.1 8572.9 99.1
5695.5 8012.0 85.9
5708.6 8019.4 86.9
5721.6 8026.8 88.0
5734.7 8034.1 89.2
5747.7 8041.5 90.3
5760.7 8049.0 91.4
5773.7 8056.6 92.2
5786.6 8064.2 93.0
5799.5 8071.8 93.8
5815.7 8081.3 94.7
-3811.5 6807.0 35.7
-3804.8 6820.5 35.9
-3798.1 6833.9 36.1
-3791.4 6847.3 36.3
-3784.7 6860.7 36.5
-3778.0 6874.1 36.7
-3771.3 6887.6 36.9
-3759.0 6912.1 37.0
-1440.2 8542.9 63.5
-1454.6 8572.0 63.4
-3355.3 8599.8 47.0
-3369.2 8605.4 47.0
-3383.2 8610.9 46.9
-3397.1 8616.5 46.9
-3411.0 8622.0 46.9
-3406.9 8634.6 47.1
-3400.4 8648.2 47.2
-3393.9 8661.7 46.9
-3387.4 8675.2 46.7
-3380.9 8688.7 46.7
-3373.7 8699.6 46.6
-3361.4 8691.1 46.8
-3349.0 8682.6 46.9
-3336.6 8674.2 47.1
-3324.3 8665.7 47.2
-3329.0 8652.7 47.3
-3335.7 8639.3 47.5
-3342.3 8625.9 47.6
-3355.3 8599.8 47.0
1030.4 8765.6 66.0
1025.6 8779.8 65.3
1020.7 8794.0 64.7
1015.9 8808.2 64.1
1011.0 8822.4 63.5
1006.1 8836.6 62.9
1000.8 8852.1 62.2
-6418.1 4305.3 24.0
-6433.0 4307.1 24.0
-6447.9 4309.0 23.9
-6462.8 4310.8 23.8
-6477.7 4312.7 23.8
-6492.6 4314.5 23.7
-6507.5 4316.4 23.6
-6522.3 4318.2 23.5
-6537.3 4319.6 23.5
-6552.2 4321.0 23.4
-6567.1 4322.5 23.3
-6582.1 4323.9 23.3
-6597.0 4325.3 23.4
-6611.9 4326.7 23.5
-6626.9 4328.1 23.6
-6641.9 4328.8 23.7
-6656.8 4329.5 23.9
-6671.8 4330.2 24.0
-6686.8 4330.9 24.1
-6701.8 4331.6 24.2
-6716.8 4332.3 24.4
-6731.8 4333.1 24.5
-6746.7 4333.3 24.6
-6761.7 4332.5 24.8
-6776.7 4331.6 24.9
-6791.7 4330.8 25.0
-6806.6 4329.9 25.2
-6822.2 4329.1 25.3
-1426.4 8512.2 63.5
-1434.2 8528.4 63.5
-1337.9 8860.8 68.0
-1324.3 8829.2 66.3
-1246.7 8627.3 66.8
-1260.0 8659.5 66.8
-1287.8 8720.8 66.7
-1293.7 8734.6 66.5
-1299.7 8748.4 66.3
-1305.6 8762.1 66.3
-1311.9 8776.7 66.2
-3703.6 6922.0 35.8
-3696.7 6935.3 35.0
-3689.8 6948.7 34.2
-3683.0 6962.0 33.4
-3672.9 6981.6 32.9
-1263.7 8667.0 66.8
-1270.1 8680.6 66.8
-1276.4 8694.1 66.7
-1282.9 8707.8 66.7
4812.9 3240.7 151.8
4800.1 3248.5 151.9
4787.2 3256.3 151.6
4774.4 3264.1 151.3
4761.6 3271.9 151.0
4748.8 3279.7 150.7
4736.0 3287.5 150.4
4723.2 3295.3 150.2
4710.4 3303.1 149.9
4697.6 3310.9 149.6
4684.7 3318.7 149.3
4671.9 3326.5 149.0
4659.1 3334.3 148.7
4646.3 3342.1 148.4
4629.1 3352.6 148.0
-219.0 4201.1 73.1
-231.2 4201.2 72.6
-241.6 4212.0 72.4
-252.0 4222.8 72.1
-268.8 4240.3 71.7
-595.3 4562.6 61.3
-585.0 4551.8 61.0
-574.6 4540.9 60.8
-564.3 4530.0 60.6
-554.0 4519.2 60.4
-543.6 4508.3 60.1
-533.3 4497.4 59.9
-522.9 4486.6 59.7
-512.6 4475.7 59.5
-502.3 4464.8 59.2
-491.9 4454.0 59.5
-480.2 4441.6 60.3
4112.2 6321.6 175.9
4127.0 6323.9 175.2
4141.9 6326.2 174.6
4156.7 6328.4 174.0
4171.5 6330.7 173.4
4199.8 6335.0 172.3
-1366.6 8924.5 68.3
-1360.7 8910.8 68.7
-1354.7 8897.0 69.1
-1345.6 8875.9 69.2
-2209.2 -6796.8 53.1
-2198.6 -6786.2 52.9
-2187.9 -6775.7 52.7
-2177.3 -6765.1 52.5
-2166.6 -6754.6 52.3
-2156.0 -6744.0 52.1
-2143.7 -6739.0 51.8
-2129.0 -6742.2 51.8
-2114.4 -6745.4 51.8
-2102.6 -6752.7 51.8
-2091.1 -6771.6 52.7
-1351.6 8866.9 68.4
-1364.0 8895.9 69.0
-1333.4 8825.4 66.1
-1347.5 8858.6 67.7
-541.0 4519.6 60.4
-530.6 4508.8 60.1
-520.2 4498.0 59.9
-509.8 4487.2 59.7
-499.4 4476.4 59.5
-488.9 4465.7 59.3
-478.5 4454.9 60.0
-468.1 4444.1 60.6
-457.7 4433.3 61.3
-447.3 4422.5 62.0
-436.9 4411.7 62.7
-426.4 4400.9 63.3
-416.0 4390.1 64.0
-405.6 4379.3 64.7
-390.1 4363.3 65.7
-803.7 4778.6 65.8
-793.3 4767.7 65.8
-782.9 4756.9 65.8
-772.5 4746.1 65.9
-762.1 4735.3 65.6
-751.7 4724.5 65.2
-741.3 4713.7 64.9
-730.9 4702.9 64.5
-720.5 4692.1 64.1
-710.1 4681.3 63.8
-699.7 4670.5 63.5
-689.3 4659.6 63.3
-678.9 4648.8 63.1
-668.5 4638.0 62.8
-658.1 4627.2 62.6
-647.7 4616.4 62.4
-637.3 4605.6 62.2
-617.1 4584.5 61.7
-5970.3 -1710.7 39.5
-5969.9 -1695.7 39.8
-5969.4 -1680.7 40.0
-5969.0 -1665.7 40.2
-5968.6 -1650.7 40.4
-5968.6 -1635.8 40.6
-5969.5 -1620.8 40.9
-5970.3 -1605.8 41.1
-5971.1 -1590.8 41.4
-5973.3 -1576.0 41.6
-5976.0 -1561.3 41.8
-5979.7 -1546.8 42.0
-5986.1 -1533.3 42.2
-5993.6 -1520.4 42.4
-6010.9 -1500.7 42.7
-1527.4 8742.0 63.3
-1540.7 8770.8 63.2
-1474.6 8620.7 63.4
-1488.7 8651.0 63.4
-1315.4 8784.1 66.2
-1327.0 8810.4 66.2
5745.2 8501.1 96.4
5757.6 8509.5 97.0
5770.0 8517.9 97.6
5782.5 8526.3 98.2
5794.9 8534.8 98.8
5807.3 8543.2 99.4
5826.4 8554.8 100.2
4092.9 6318.1 176.7
4078.0 6316.2 176.8
4063.1 6314.3 176.9
4038.1 6311.1 177.1
-270.9 4217.1 71.4
-235.6 4185.3 72.3
-235.0 4173.1 72.2
-228.4 -5105.8 69.7
-216.1 -5097.2 70.1
-203.9 -5088.6 70.4
-191.6 -5079.9 70.7
-179.3 -5071.3 70.6
-167.1 -5062.7 70.6
-155.2 -5053.6 71.6
-143.3 -5040.3 72.9
-3586.9 6850.2 36.1
-3600.2 6857.0 35.6
-3613.6 6863.8 35.0
-3626.9 6870.7 34.5
-3640.3 6877.5 34.6
-3653.6 6884.4 35.0
-3667.0 6891.2 35.4
-3680.3 6898.0 35.8
-3693.7 6904.9 36.1
-3707.0 6911.7 36.4
-3720.4 6918.5 36.3
-3733.8 6925.2 36.2
-3747.2 6931.9 36.1
-3760.6 6938.6 36.0
-3774.0 6945.3 35.9
-3787.5 6952.0 35.8
-3800.9 6958.8 35.7
-3814.3 6965.5 35.6
-3827.7 6972.2 35.5
-3841.1 6978.9 35.4
-3854.5 6985.6 35.3
-3868.0 6992.3 35.2
-3881.4 6999.0 35.1
-3894.8 7005.7 35.2
-3908.2 7012.4 35.2
-3921.6 7019.1 35.2
-3935.0 7026.0 35.0
-3948.3 7032.9 34.8
-3961.6 7039.9 34.5
-3974.9 7046.8 34.3
-3988.2 7053.8 34.0
-4001.5 7060.7 33.8
-4014.8 7067.6 33.5
-4028.0 7074.6 33.4
-4041.3 7081.5 33.4
-4054.6 7088.5 33.4
-4067.9 7095.4 33.4
-4081.2 7102.3 33.4
-4094.5 7109.3 33.4
-4107.8 7116.2 33.4
-4121.1 7123.2 33.4
-4134.4 7130.1 33.4
-4147.7 7137.0 33.4
-4164.8 7146.0 32.9
4006.5 6442.5 176.0
4004.4 6457.4 175.6
4002.3 6472.2 175.3
4000.2 6487.1 175.0
3998.0 6501.9 174.7
3995.9 6516.8 174.3
3990.0 6526.7 174.0
3972.0 6524.7 175.0
-3769.8 6930.1 36.6
-3783.2 6936.9 36.5
-3796.5 6943.7 36.4
-3809.9 6950.6 36.3
-3823.2 6957.4 36.1
-3836.6 6964.2 36.0
-3850.0 6971.1 35.9
-3863.3 6977.9 35.8
-3876.7 6984.7 35.7
-3890.0 6991.6 35.6
-3903.4 6998.4 35.5
-3916.7 7005.2 35.5
-3930.1 7012.0 35.5
-3943.4 7018.9 35.2
-3956.7 7025.8 35.0
-3970.1 7032.7 34.7
-3983.4 7039.6 34.5
-3996.7 7046.5 34.2
-4010.0 7053.4 33.9
-4023.4 7060.3 33.7
-4036.7 7067.1 33.4
-4050.0 7074.0 33.3
-4063.8 7080.0 33.3
-4077.3 7086.3 33.4
-4090.6 7093.3 33.4
-4103.9 7100.2 33.4
-4117.2 7107.2 33.4
-4136.1 7117.1 33.3
-4224.1 -5391.0 70.3
-6462.9 8232.8 22.4
-6469.9 8232.9 22.3
-6608.8 8234.4 21.2
-6621.2 8226.0 21.4
-6638.7 8230.2 21.7
-6654.1 8225.0 22.0
-6487.8 8240.1 21.9
-6499.0 8249.4 21.7
-6552.0 8248.2 21.4
-6594.4 8246.5 21.0
-6603.3 8246.0 21.2
-6624.9 8242.4 21.6
-6634.4 8240.8 21.7
-6714.6 8241.5 23.1
-6476.9 8262.4 22.0
-6485.8 8256.5 21.8
-6517.3 8263.3 21.3
-6568.0 8263.1 20.9
-6573.5 8263.2 20.8
-6597.6 8257.7 21.2
-6611.4 8263.1 21.4
-6642.0 8255.5 21.9
-6656.4 8256.6 22.2
-6693.5 8256.7 22.8
-6741.0 8264.1 23.3
-6492.5 8269.4 21.6
-6520.0 8276.8 21.1
-6606.3 8276.6 21.4
-6717.3 8276.2 23.0
-6440.0 8292.4 22.4
-6520.0 8291.9 21.0
-6607.4 8285.1 21.5
-6724.3 8292.1 23.0
-6417.2 8304.9 22.7
-6425.8 8304.2 22.5
-6474.5 8304.6 21.7
-6622.3 8300.1 21.6
-6700.2 8305.3 22.6
-6712.1 8307.1 22.8
-6670.8 8318.2 22.2
-6679.1 8316.9 22.3
-6729.8 8317.9 22.9
-6745.8 8320.9 23.1
-6416.5 8330.6 22.6
-6423.5 8330.5 22.5
-6475.4 8333.4 21.7
-6549.3 8337.9 20.6
-6576.7 8337.2 20.8
-6649.3 8337.6 21.8
-6671.5 8335.8 22.1
-6685.6 8333.8 22.3
-6701.3 8332.1 22.5
-6761.8 8332.1 23.3
-6417.1 8347.8 22.9
-6423.4 8347.2 22.8
-6445.5 8345.3 22.4
-6474.7 8351.3 21.9
-6500.5 8345.4 21.3
-6610.3 8347.7 21.2
-6710.4 8346.3 22.6
-6743.5 8354.2 23.0
-6415.2 8365.0 23.2
-6447.0 8364.3 22.5
-6536.5 8364.2 20.7
-6655.9 8360.6 21.8
-6683.5 8361.7 22.1
-6726.3 8369.3 22.7
-6770.3 8368.9 23.2
-6472.8 8381.4 21.9
-6504.5 8382.3 21.3
-6533.7 8378.7 20.8
-6559.0 8382.7 20.7
-6606.1 8380.1 21.1
-6668.2 8379.4 21.9
-6774.0 8382.8 23.2
-6790.0 8384.4 23.4
-6490.2 8392.7 21.6
-6518.8 8397.6 21.1
-6578.4 8393.5 20.9
-6593.7 8396.0 21.1
-6655.9 8395.7 21.6
-6700.2 8393.8 22.2
-6725.6 8395.5 22.5
-6802.9 8398.5 23.5
-6410.7 8414.2 23.3
-6462.1 8409.5 22.2
-6476.2 8407.2 22.0
-6506.5 8409.5 21.4
-6559.7 8409.3 20.8
-6730.7 8404.9 22.6
-6742.1 8412.5 22.7
-6773.2 8414.2 23.1
-6414.8 8423.5 23.2
-6460.2 8422.8 22.3
-6491.9 8427.9 21.7
-6537.0 8427.0 20.8
-6595.7 8429.4 21.1
-6655.2 8423.9 21.7
-6671.2 8419.9 21.8
-6754.0 8421.1 22.8
-6770.7 8425.6 23.0
-6787.9 8420.9 23.2
-6385.0 8443.4 24.1
-6502.1 8436.4 21.6
-6583.0 8437.4 21.0
-6654.3 8434.9 21.7
-6686.2 8437.3 22.0
-6776.6 8441.0 23.0
-6801.3 8440.9 23.3
-6394.6 8451.2 24.1
-6432.4 8454.7 23.5
-6446.5 8452.0 23.1
-6471.6 8456.9 22.8
-6507.9 8450.8 21.9
-6523.1 8456.7 21.7
-6531.9 8457.5 21.6
-6548.6 8449.6 21.0
-6619.3 8458.8 21.4
-6672.4 8455.0 21.9
-6711.3 8458.5 22.2
-6758.2 8452.5 22.7
-6787.8 8450.8 23.1
-6817.4 8458.9 23.4
-6427.0 8464.7 23.9
-6454.3 8473.0 23.5
-6502.2 8468.0 22.4
-6549.9 8469.0 21.5
-6604.5 8466.9 21.3
-6650.4 8466.5 21.7
-6664.7 8467.7 21.8
-6686.8 8464.4 22.0
-6801.5 8466.8 23.2
-6385.7 8484.7 24.7
-6409.3 8484.6 24.4
-6446.1 8479.9 23.9
-6457.8 8484.6 23.8
-6473.0 8480.0 23.3
-6529.1 8480.2 22.2
-6637.8 8484.7 21.6
-6684.8 8487.9 22.0
-6695.4 8486.6 22.1
-6401.6 8495.1 24.7
-6443.8 8502.5 24.3
-6550.5 8503.1 22.3
-6561.8 8500.4 22.0
-6655.9 8498.1 21.8
-6688.0 8502.9 22.1
-6699.7 8500.6 22.2
-6725.9 8502.7 22.4
-6756.7 8497.5 22.7
-6787.3 8500.1 23.0
-6592.6 8510.6 21.4
-6506.6 8530.6 24.0
-6521.7 8525.3 23.5
-6700.5 8527.9 22.2
-6710.6 8532.6 22.3
-6770.0 8531.0 22.9
-6790.8 8529.4 23.0
-6551.9 8540.2 23.2
-6563.3 8545.6 23.1
-6607.8 8548.4 21.9
-6621.5 8545.9 21.5
-6700.4 8542.9 22.2
-6577.0 8557.5 23.0
-6595.0 8562.6 22.7
-6610.1 8561.8 22.2
-6725.5 8559.3 22.4
-6776.0 8555.4 22.9
-6626.3 8577.6 22.2
-6679.3 8575.0 22.0
-6696.1 8577.9 22.1
-6717.3 8572.1 22.3
-6757.8 8571.6 22.7
-6758.5 8585.1 22.7
-6717.2 8606.9 22.5
-6743.2 8604.4 22.7
-4585.5 3429.0 36.5
-4593.8 3439.0 34.9
-4578.9 3453.8 36.8
-4577.8 3469.4 36.5
-4559.9 3484.5 38.9
-4624.4 3484.6 32.5
-4694.5 3486.1 37.8
-4722.8 3501.9 37.3
-4555.0 3510.6 38.9
-4638.5 3518.7 30.0
-4646.1 3510.1 32.2
-4753.3 3512.9 36.7
-4771.2 3516.7 36.4
-4594.3 3532.7 32.0
-4602.6 3527.4 30.8
-4619.2 3528.0 28.2
-4691.1 3531.5 35.6
-4563.9 3548.9 35.3
-4594.0 3541.3 31.5
-4604.7 3543.5 29.8
-4624.0 3549.1 26.7
-4635.4 3539.6 26.7
-4669.7 3542.4 31.2
-4709.4 3548.0 36.0
-4587.8 3564.1 31.0
-4606.3 3554.6 28.9
-4707.9 3561.6 38.2
-4740.9 3557.5 37.8
-4798.9 3560.6 36.6
-4545.4 3570.3 36.6
-4739.9 3574.1 37.8
-4798.7 3576.8 37.0
-4519.6 3592.2 38.9
-4563.5 3588.3 32.9
-4576.6 3588.3 33.9
-4689.8 3586.7 38.3
-4783.2 3587.0 37.2
-4810.9 3591.8 36.9
-4517.2 3600.0 38.8
-4574.8 3600.1 39.2
-4603.0 3606.8 39.3
-4758.9 3608.3 37.4
-4816.5 3608.9 36.7
-4518.9 3622.6 40.3
-4541.1 3620.1 40.0
-4600.7 3623.0 39.3
-4617.5 3616.4 39.1
-4667.4 3616.4 38.5
-4679.6 3620.1 38.3
-4699.3 3617.9 38.1
-4720.9 3624.1 37.8
-4737.2 3619.3 37.6
-4787.5 3620.0 37.0
-4518.2 3634.2 40.3
-4528.9 3633.2 40.1
-4603.9 3635.3 39.2
-4666.3 3634.5 38.4
-4711.2 3639.2 37.9
-4757.0 3631.2 37.3
-4786.2 3634.9 37.0
-4831.4 3639.0 36.4
-4667.9 3644.7 38.4
-4690.8 3653.6 38.1
-4768.7 3647.2 37.1
-4831.6 3646.8 36.4
-4848.3 3651.1 36.1
-4578.3 3665.2 39.5
-4649.5 3668.4 38.5
-4695.4 3668.5 38.0
-4729.4 3662.7 37.6
-4753.7 3666.6 37.2
-4818.7 3663.4 36.5
-4849.7 3660.9 36.1
-4517.5 3677.9 40.4
-4532.5 3678.5 40.2
-4573.3 3679.4 39.6
-4591.6 3678.8 39.4
-4645.6 3681.7 38.6
-4682.2 3680.9 38.1
-4609.5 3698.6 39.2
-4501.0 3707.8 41.0
-4513.1 3707.8 40.6
-4534.5 3713.1 40.3
-4572.9 3706.5 39.7
-4587.7 3714.2 39.6
-4675.9 3708.5 38.3
-4771.9 3709.1 36.8
-4828.9 3712.5 36.2
-4560.2 3726.4 40.0
-4578.7 3723.1 39.7
-4633.3 3726.1 38.9
-4678.8 3726.3 38.3
-4694.1 3729.2 38.1
-4829.8 3725.4 36.1
-4683.3 3735.7 38.3
-4736.5 3737.0 37.5
-4783.8 3736.8 36.8
-4532.3 3751.6 40.5
-4540.8 3750.1 40.4
-4558.0 3751.4 40.1
-4606.2 3754.8 39.4
-4682.9 3755.7 38.3
-4695.9 3752.5 38.1
-4529.7 3770.1 40.6
-4649.8 3774.2 38.9
-4705.6 3769.4 38.1
-4737.5 3767.4 37.6
-4800.3 3772.2 36.7
-4843.4 3772.8 36.1
-4472.0 3779.9 42.5
-4503.1 3780.5 41.5
-4519.8 3782.5 41.0
-4564.7 3783.9 40.2
-4577.9 3781.9 40.0
-4616.4 3785.9 39.4
-4752.4 3782.4 37.4
-4771.6 3789.4 37.2
-4804.0 3787.4 36.7
-4811.0 3788.2 36.6
-4831.9 3782.0 36.3
-4846.5 3787.1 36.1
-4559.9 3795.5 40.3
-4594.3 3798.2 39.8
-4637.1 3801.8 39.2
-4785.5 3797.9 37.0
-4496.0 3814.1 42.0
-4509.8 3813.9 41.6
-4531.7 3811.5 40.9
-4591.3 3812.3 39.9
-4633.7 3811.2 39.3
-4709.5 3809.5 38.2
-4799.0 3819.4 36.9
-4504.7 3825.9 41.8
-4586.3 3830.8 40.0
-4630.8 3825.4 39.4
-4648.6 3830.4 39.1
-4661.2 3827.7 38.9
-4758.2 3831.4 37.5
-4825.3 3827.5 36.6
-4534.1 3849.4 41.1
-4558.4 3845.2 40.5
-4592.5 3849.1 40.0
-4681.1 3844.6 38.7
-4725.1 3840.3 38.1
-4813.7 3844.9 36.8
-4571.0 3861.9 40.4
-4586.4 3861.5 40.1
-4607.6 3859.8 39.8
-4616.0 3856.2 39.7
-4638.6 3857.2 39.4
-4652.8 3854.8 39.2
-4690.5 3860.3 38.6
-4829.9 3856.8 36.9
-4515.3 3878.1 41.9
-4529.0 3876.9 41.5
-4570.5 3872.2 40.4
-4622.8 3871.3 39.6
-4630.5 3879.1 39.6
-4680.3 3872.8 38.8
-4818.8 3871.5 37.2
-4824.8 3872.0 37.2
-4540.8 3891.8 41.2
-4615.7 3891.6 39.8
-4635.0 3893.5 39.6
-4654.5 3888.2 39.3
-4710.4 3885.3 38.4
-4737.4 3886.9 38.1
-4772.1 3891.5 37.8
-4841.3 3890.4 37.5
-4527.8 3901.6 41.7
-4600.2 3906.5 40.1
-4615.7 3902.8 39.9
-4708.8 3899.8 38.5
-4739.4 3902.0 38.1
-4749.9 3900.9 38.0
-4766.1 3909.3 38.1
-4786.1 3903.2 37.9
-4840.4 3899.7 37.6
-4555.1 3918.5 41.0
-4651.0 3914.9 39.4
-4786.1 3919.8 38.2
-4804.7 3922.5 38.2
-4815.2 3918.1 38.1
-4843.7 3919.5 38.0
-4510.4 3937.3 42.5
-4608.2 3931.7 40.1
-4623.2 3933.1 39.9
-4635.7 3931.3 39.7
-4653.9 3936.5 39.5
-4680.4 3939.0 39.1
-4724.7 3938.3 38.9
-4841.1 3931.5 38.2
-4624.4 3952.4 39.9
-4669.1 3951.5 39.4
-4680.7 3946.8 39.2
-4759.3 3954.0 39.0
-4780.1 3954.2 38.9
-4812.0 3954.2 38.8
-4518.6 3965.9 42.4
-4653.6 3969.2 39.8
-4741.6 3966.0 39.3
-4783.0 3962.5 39.1
-4796.5 3960.3 39.0
-4617.4 3981.8 40.2
-4693.4 3976.1 39.7
-4544.2 3993.2 41.7
-4630.6 3996.2 40.4
-4680.3 3995.4 40.2
-4694.0 3997.7 40.1
-4728.6 3994.3 39.9
-4769.8 3996.7 39.8
-4786.5 3997.5 39.7
-4606.0 4012.4 40.8
-4699.0 4013.9 40.4
-4654.5 4020.9 40.8
-4678.9 4022.2 40.7
-4742.4 4026.9 40.5
-4754.9 4027.7 40.5
-4603.3 4040.4 41.5
-4636.7 4042.0 41.4
-4711.2 4043.1 41.0
-4779.9 4042.2 40.5
-4621.2 4053.3 41.7
-4698.4 4055.9 41.4
-4722.8 4058.4 41.3
-4757.8 4058.5 40.8
-4771.4 4055.5 40.5
-4616.6 4072.2 42.1
-4697.6 4067.6 41.7
-4758.4 4069.2 40.6
-4635.9 4080.4 42.2
-4675.1 4083.4 42.1
-4756.5 4081.4 40.5
-4680.1 4097.1 41.8
-4711.3 4101.1 41.1
-4690.2 4112.5 41.4
-4734.8 4112.8 40.5
-4667.9 4125.5 41.6
-4708.6 4127.2 40.8
-4726.3 4132.5 40.4
-4714.6 4145.1 40.4
-4665.7 4177.9 41.1
-4681.4 4174.0 40.7
-4694.8 4170.9 40.5
-4696.2 4206.6 40.1
-1043.1 6132.8 52.0
-1043.7 6146.6 51.9
-1027.1 6165.8 52.1
-1029.4 6224.6 55.9
-1048.6 6224.4 55.4
-1058.6 6224.9 54.8
-986.9 6239.1 58.0
-998.8 6243.1 58.0
-1029.6 6253.2 58.1
-1002.2 6264.9 59.6
-1044.4 6271.9 57.7
-833.0 6287.3 53.5
-816.9 6298.9 53.4
-846.0 6300.4 53.2
-997.8 6297.9 57.7
-822.3 6317.6 53.0
-863.3 6316.5 52.6
-877.1 6310.3 52.7
-794.0 6328.7 53.0
-891.7 6328.7 52.1
-936.4 6332.1 53.0
-788.6 6343.3 52.7
-882.5 6341.2 51.9
-889.9 6344.0 51.8
-789.4 6360.0 52.3
-802.8 6356.0 52.3
-849.1 6355.5 51.9
-867.2 6354.3 51.8
-907.9 6357.6 51.4
-921.8 6361.7 51.2
-980.2 6363.1 53.3
-996.1 6358.8 54.3
-636.0 6370.1 53.4
-746.4 6372.8 52.4
-801.7 6377.7 51.8
-818.2 6372.9 51.8
-835.1 6378.3 51.5
-862.2 6371.5 51.4
-897.4 6368.7 51.2
-964.6 6370.0 52.2
-622.2 6389.4 53.1
-635.0 6389.2 53.0
-672.4 6386.9 52.7
-696.5 6392.2 52.4
-757.2 6387.3 52.0
-863.6 6387.4 51.1
-634.9 6400.9 52.7
-658.4 6401.7 52.5
-794.1 6404.6 51.3
-847.9 6400.4 50.9
-860.3 6407.0 50.7
-897.9 6407.7 50.3
-911.1 6398.6 50.4
-732.8 6420.1 51.5
-756.5 6419.9 51.3
-787.3 6414.4 51.1
-801.0 6418.8 50.9
-846.7 6413.7 50.6
-742.3 6437.1 51.0
-755.5 6433.7 51.0
-770.6 6438.2 50.8
-787.4 6437.6 50.6
-817.4 6429.6 50.5
-836.8 6435.7 50.2
-848.3 6432.6 50.2
-883.5 6437.4 49.8
-906.0 6429.5 49.8
-921.9 6434.6 49.5
-802.3 6447.3 50.3
-834.4 6449.4 50.0
-849.4 6451.3 49.8
-884.1 6443.9 49.7
-924.3 6449.0 49.2
-746.4 6466.4 50.5
-853.7 6463.6 49.5
-894.8 6467.6 49.0
-941.3 6460.2 48.8
-777.6 6480.1 50.0
-803.4 6473.9 49.8
-893.7 6475.2 48.9
-922.2 6474.4 48.7
-844.2 6498.2 49.1
-914.2 6496.4 48.3
-746.4 6506.4 50.2
-817.7 6512.3 49.4
-829.5 6506.3 49.2
-852.6 6509.7 49.0
-911.2 6511.0 48.3
-861.1 6521.7 49.0
-775.3 6540.4 50.3
-805.9 6540.6 49.9
-833.8 6541.0 49.6
-863.9 6542.7 49.2
-906.5 6538.1 48.7
-943.3 6539.6 48.2
-789.1 6554.2 50.3
-853.7 6550.2 49.4
-893.0 6556.2 49.1
-958.2 6557.3 48.3
-905.7 6571.9 49.1
-920.5 6570.2 48.9
-968.6 6568.3 48.3
-859.7 6581.6 49.8
-894.3 6583.1 49.4
-928.8 6582.7 49.0
-934.5 6581.3 48.9
-956.5 6585.9 48.7
-909.5 6601.0 49.4
-935.6 6598.2 49.1
-958.5 6593.6 48.7
-994.6 6600.3 48.5
-1018.7 6599.8 48.4
-913.9 6614.1 49.5
-921.7 6615.4 49.4
-958.4 6614.8 49.0
-997.4 6616.2 48.7
-924.5 6624.4 49.5
-938.8 6624.3 49.4
-951.0 6629.9 49.3
-1027.8 6629.8 48.9
-956.0 6648.3 49.5
-980.6 6644.2 49.2
-1001.8 6646.4 49.2
-981.4 6658.9 49.4
-996.9 6660.0 49.4
-1033.9 6660.3 49.3
-995.9 6673.0 49.6
-1032.1 6674.5 49.4
-4186.5 -5428.5 73.5
-1305.4 1809.5 78.4
-1322.2 1844.0 79.5
-1310.0 1861.7 80.5
-1325.8 1852.9 79.6
-1311.5 1870.1 80.7
-4507.7 -5542.2 63.4
-4502.7 -5527.0 63.3
-6679.3 -8495.3 42.8
-6670.4 -8480.9 43.2
-6651.2 -8463.8 43.9
-6651.1 -8453.9 44.1
-6681.2 -8445.9 43.3
-6622.1 -8437.7 44.8
-6593.2 -8420.3 45.7
-6617.5 -8420.2 45.0
-6639.4 -8402.4 44.4
-6578.9 -8391.6 46.2
-6602.4 -8391.7 45.5
-6573.7 -8376.1 46.3
-6594.9 -8379.2 45.7
-6648.5 -8375.3 44.1
-6664.5 -8373.6 43.7
-6681.8 -8375.8 43.2
-6622.0 -8360.4 44.9
-6723.2 -8358.5 41.5
-6590.7 -8346.9 45.8
-6625.8 -8341.3 44.9
-6646.7 -8341.9 44.4
-6669.9 -8344.0 43.6
-6699.3 -8343.2 42.3
-6620.5 -8333.7 45.1
-6714.1 -8326.8 41.4
-6729.4 -8328.2 40.9
-6611.4 -8314.1 45.6
-6743.3 -8316.4 41.0
-6728.9 -8296.7 42.3
-6745.2 -8302.3 41.5
-6678.0 -8281.7 44.5
-6711.0 -8283.5 43.4
-6721.5 -8284.1 43.0
-6746.0 -8283.5 42.2
-6776.0 -8282.7 41.1
-6682.3 -8257.1 45.4
-6753.3 -8251.4 42.6
-6790.2 -8254.0 41.2
-6756.2 -8235.4 42.5
-6768.5 -8239.2 42.0
-6796.5 -8244.6 41.0
-6834.9 -8235.3 40.3
-6847.0 -8239.1 40.0
-6759.4 -8222.1 42.4
-6769.3 -8223.9 42.1
-6782.7 -8223.4 41.7
-6858.5 -8227.1 40.1
-6768.0 -8206.0 42.4
-6832.9 -8214.1 40.9
-6875.6 -8210.7 40.5
-6781.5 -8191.0 42.3
-6830.9 -8193.1 41.8
-6878.4 -8193.6 40.4
-6890.5 -8192.3 39.8
-6818.2 -8177.9 42.7
-6828.9 -8179.9 42.6
-6872.4 -8181.5 40.7
-6887.3 -8176.8 40.0
-6920.9 -8180.3 38.4
-6827.7 -8165.2 42.9
-6862.2 -8165.9 41.3
-6891.2 -8162.3 40.3
-6909.1 -8164.0 39.4
-6833.5 -8152.6 43.6
-6849.5 -8150.6 43.2
-6905.8 -8154.9 40.5
-6934.0 -8151.9 39.0
-6881.1 -8137.4 42.9
-6935.5 -8137.0 39.4
-6876.0 -8121.7 44.0
4698.6 8380.4 78.8
4668.1 8378.3 79.3
4705.8 8397.8 78.1
4673.8 8413.7 79.2
4656.8 8424.9 79.9
4640.3 8443.4 80.6
4646.7 8449.6 80.1
4656.8 8487.7 77.8
4642.3 8495.9 78.3
5295.9 7886.7 78.8
5241.8 7878.7 77.5
5248.5 7897.5 78.1
5571.8 7913.3 80.9
5289.7 7912.7 79.7
5280.2 7916.8 79.7
5571.2 7932.5 81.3
5557.0 7930.0 81.2
5354.3 7925.7 81.8
5339.0 7929.5 81.6
5243.0 7922.7 79.0
5231.9 7926.0 78.9
5559.8 7940.9 81.4
5519.1 7947.4 81.6
5308.8 7940.4 81.4
5219.6 7941.7 78.9
5515.1 7957.3 82.4
5501.1 7958.4 82.7
5392.0 7957.8 84.1
5380.4 7957.2 83.8
5362.3 7955.4 83.3
5338.2 7959.7 82.9
5308.6 7954.3 82.0
5291.6 7959.9 81.8
5275.5 7954.4 81.2
5242.4 7955.0 79.9
5516.6 7970.8 83.4
5423.7 7971.4 84.7
5416.0 7971.5 84.8
5378.7 7970.8 84.4
5302.9 7969.0 82.5
5296.0 7969.3 82.3
5204.6 7974.3 77.5
5514.7 7990.7 84.9
5502.2 7991.5 85.1
5436.9 7990.2 85.9
5369.2 7985.9 84.8
5317.8 7990.5 83.2
5472.5 8004.1 86.4
5395.8 7998.6 86.0
5384.4 8006.1 86.0
5361.3 8003.6 85.2
5322.8 8004.5 83.2
5287.6 8000.7 81.4
5451.7 8018.5 87.8
5443.4 8015.8 87.7
5406.4 8017.8 87.0
5353.7 8015.9 84.6
5323.7 8019.2 82.9
5292.3 8018.6 81.3
5234.2 8013.3 78.4
5406.4 8028.4 87.1
5332.9 8035.2 83.1
5322.3 8027.8 82.7
5301.9 8035.1 81.5
5261.5 8030.1 79.5
5511.9 8047.5 86.9
5502.4 8052.3 87.6
5410.5 8046.4 87.0
5351.0 8049.8 83.8
5278.7 8049.9 80.0
5244.4 8048.9 78.2
5489.3 8062.7 88.4
5458.1 8060.1 88.9
5442.3 8064.1 88.3
5400.3 8064.8 86.1
5369.7 8061.0 84.6
5352.2 8066.9 83.6
5326.1 8065.7 82.2
5247.4 8059.3 78.2
5234.3 8059.5 77.5
5213.0 8062.1 76.8
5380.3 8072.6 84.9
5365.9 8073.5 84.1
5316.8 8080.2 81.4
5423.0 8097.1 84.3
5366.7 8090.8 83.9
5271.3 8096.9 78.7
5258.8 8096.6 78.1
5475.2 8109.2 83.3
5436.9 8104.2 83.6
5428.9 8110.2 82.8
5384.8 8103.8 83.2
5349.2 8103.5 82.7
5333.5 8111.9 81.7
5277.3 8109.9 78.8
5440.1 8122.8 81.4
5351.1 8125.9 80.3
5275.2 8124.6 78.4
5227.9 8122.3 76.3
5414.8 8136.5 80.2
5393.1 8138.4 79.6
5381.6 8139.6 79.4
5281.0 8139.9 78.1
5259.4 8138.3 77.3
5241.6 8134.0 76.5
5294.3 8155.5 77.3
5444.9 8163.8 80.7
5376.3 8162.9 79.1
5308.1 8162.6 77.5
5288.3 8167.7 77.1
5430.3 8181.6 80.3
5334.2 8187.5 78.0
5276.9 8183.6 76.7
5250.9 8181.9 76.5
5425.9 8197.5 80.1
5410.6 8201.2 79.8
5376.7 8194.3 79.0
5335.8 8202.2 78.0
5309.9 8197.3 77.4
5426.2 8213.1 80.1
5411.9 8217.2 79.7
5381.0 8212.4 79.0
5364.2 8216.4 78.6
5319.0 8215.0 77.6
5308.7 8215.1 77.4
5287.9 8217.1 77.2
5275.0 8212.8 77.1
5242.3 8214.3 76.8
5292.6 8224.4 77.4
5277.9 8244.7 77.6
5261.1 8246.4 77.5
5247.3 8246.0 77.3
5321.9 8261.8 78.1
5333.7 8270.9 78.3
5307.4 8272.8 78.2
5243.7 8268.9 77.5
-1694.9 -6453.0 51.1
-1705.3 -6452.6 51.1
-1686.0 -6441.5 51.2
-2507.4 -5625.2 100.4
-2472.0 -5614.3 101.2
-2495.3 -5611.2 100.5
-2501.7 -5610.7 100.4
-2517.8 -5601.3 99.8
-2537.9 -5595.3 99.2
-2495.7 -5580.6 100.2
-2505.0 -5586.8 100.0
-2524.0 -5586.8 99.5
-2509.2 -5570.4 99.7
-2532.5 -5569.9 99.1
-2576.7 -5551.8 97.7
-2611.3 -5524.8 96.4
-2643.7 -5520.0 95.5
-2639.9 -5510.0 95.5
-2585.9 -5492.8 96.7
-2673.3 -5479.6 94.3
-2681.5 -5465.6 94.0
-2660.7 -5452.6 94.3
-2667.4 -5446.2 94.2
-2714.6 -5443.1 93.2
-2670.2 -5431.4 94.0
-2683.6 -5436.8 93.8
-2703.4 -5416.1 93.2
-2670.6 -5398.2 94.4
-2690.8 -5405.0 93.7
-2714.5 -5402.8 93.1
-2726.6 -5403.9 92.8
-2741.2 -5368.1 92.9
-2776.3 -5369.7 91.9
-2835.3 -5370.9 90.3
-2732.2 -5355.8 93.3
-2793.4 -5360.5 91.5
-2840.7 -5361.4 90.2
-2711.8 -5338.3 93.9
-2837.0 -5339.7 90.6
-2747.4 -5328.7 92.9
-2759.2 -5331.4 92.6
-2775.0 -5329.5 92.2
-2817.6 -5326.6 91.1
-2846.2 -5323.7 90.3
-2883.8 -5327.7 89.3
-2762.3 -5312.1 92.4
-2779.7 -5308.8 91.9
-2847.2 -5310.4 90.1
-2914.6 -5316.5 88.4
-2924.5 -5308.8 88.1
-2705.9 -5295.5 93.7
-2855.1 -5299.9 89.8
-2870.2 -5295.3 89.4
-2921.2 -5295.3 88.1
-2941.4 -5293.2 87.6
-2959.3 -5302.7 87.2
-2668.6 -5281.1 94.6
-2698.8 -5280.5 93.8
-2734.5 -5278.3 92.8
-2741.6 -5287.8 92.7
-2984.5 -5283.9 86.4
-2655.1 -5269.7 94.8
-2729.3 -5266.7 92.9
-2771.9 -5264.8 91.7
-2793.6 -5263.7 91.1
-2914.0 -5270.5 88.1
-2923.1 -5269.5 87.9
-2936.3 -5263.4 87.5
-2969.9 -5271.8 86.7
-2685.8 -5252.2 93.9
-2698.4 -5252.5 93.5
-2818.3 -5253.8 90.4
-2891.9 -5248.1 88.5
-2923.5 -5252.9 87.7
-2983.3 -5252.1 86.2
-2999.1 -5255.3 85.9
-2731.2 -5236.0 92.5
-2848.5 -5237.6 89.5
-2883.2 -5233.5 88.6
-2896.2 -5241.5 88.3
-2910.1 -5242.7 88.0
-2952.8 -5239.7 86.9
-2696.9 -5217.9 93.3
-2712.6 -5226.3 93.0
-2734.9 -5224.6 92.3
-2960.5 -5219.4 86.6
-2973.1 -5219.5 86.3
-2985.9 -5222.2 86.0
-3001.5 -5221.0 85.6
-2689.6 -5204.6 93.4
-2702.3 -5202.8 93.0
-2749.0 -5205.3 91.8
-2793.3 -5211.3 90.7
-2805.2 -5211.5 90.4
-2822.3 -5212.3 90.0
-2882.1 -5210.9 88.5
-2909.1 -5204.3 87.8
-2926.8 -5203.8 87.3
-2945.4 -5207.6 86.9
-2966.6 -5206.1 86.3
-2988.3 -5207.8 85.8
-3086.0 -5204.4 83.3
-2712.4 -5196.0 92.7
-2773.9 -5196.0 91.1
-2914.3 -5197.4 87.6
-2974.1 -5194.3 86.1
-2988.0 -5195.7 85.7
-3011.9 -5189.9 85.1
-3030.6 -5195.2 84.7
-2699.7 -5180.3 92.9
-2763.6 -5174.0 91.2
-2775.2 -5177.7 90.9
-2790.0 -5173.3 90.5
-2840.6 -5173.9 89.2
-2855.7 -5180.8 88.9
-2864.3 -5181.5 88.7
-2879.1 -5173.1 88.3
-2895.5 -5174.8 87.9
-2951.8 -5179.8 86.5
-3045.7 -5179.1 84.2
-3124.3 -5176.1 82.2
-2780.5 -5167.5 90.7
-2831.8 -5163.2 89.4
-2876.1 -5159.8 88.3
-2973.7 -5163.8 85.8
-3044.7 -5163.3 84.1
-3121.3 -5158.0 82.1
-2820.3 -5146.5 89.6
-2848.4 -5145.9 88.8
-2868.3 -5144.5 88.3
-2959.8 -5146.4 86.1
-2990.2 -5152.0 85.4
-2996.2 -5148.6 85.2
-3017.5 -5150.2 84.7
-3030.3 -5144.4 84.3
-3124.0 -5150.4 82.0
-2837.9 -5135.7 89.0
-2897.3 -5128.1 87.5
-2953.9 -5134.1 86.1
-3080.7 -5137.6 83.0
-2807.3 -5118.7 89.7
-2868.3 -5116.8 88.1
-2878.5 -5119.6 87.9
-2957.5 -5114.0 85.9
-2982.6 -5114.3 85.3
-3020.3 -5121.1 84.4
-3028.9 -5119.6 84.2
-3045.6 -5120.7 83.8
-3095.7 -5114.8 82.5
-2833.1 -5099.9 88.9
-2893.4 -5102.9 87.4
-2956.6 -5100.8 85.8
-2983.8 -5106.3 85.2
-3062.3 -5106.2 83.2
-2807.5 -5084.9 89.4
-2854.4 -5083.7 88.3
-2866.2 -5085.0 88.0
-3020.7 -5084.1 84.1
-3092.5 -5085.9 82.4
-2824.8 -5076.7 88.9
-2839.0 -5075.9 88.6
-2895.9 -5071.8 87.1
-2959.6 -5074.8 85.6
-3045.8 -5068.4 83.4
-2805.2 -5058.3 89.3
-2855.6 -5058.8 88.1
-2883.6 -5053.1 87.3
-2913.1 -5060.7 86.6
-2971.6 -5059.6 85.2
-3028.4 -5061.7 83.8
-2883.4 -5045.3 87.3
-2996.1 -5042.7 84.5
-2817.5 -5024.1 88.8
-2832.8 -5030.8 88.4
-2881.4 -5025.0 87.2
-2894.1 -5029.5 86.9
-2984.5 -5030.6 84.7
-3019.3 -5028.4 83.8
-2854.0 -5017.2 87.8
-2864.7 -5011.2 87.5
-2928.4 -5008.2 85.9
-2944.8 -5016.0 85.6
-2847.3 -4995.2 87.7
-2915.0 -5002.5 86.2
-2837.0 -4984.3 87.8
-2869.0 -4982.6 87.0
-2909.7 -4982.5 86.2
-2982.5 -4980.3 84.4
-2839.9 -4969.0 87.4
-2898.9 -4965.9 86.1
-2907.0 -4970.6 86.0
-2927.0 -4966.8 85.5
-2959.3 -4966.2 84.8
-2972.3 -4968.6 84.6
-2884.5 -4949.4 86.1
-2923.2 -4949.5 85.3
-2943.2 -4956.8 85.0
-2867.2 -4937.0 86.3
-2883.4 -4933.0 86.0
-2899.0 -4933.0 85.7
-2939.2 -4933.4 84.9
-2833.5 -4920.5 87.0
-2862.8 -4926.0 86.4
-2837.0 -4907.8 86.9
-2855.3 -4903.6 86.6
-2864.9 -4907.3 86.4
-2870.5 -4896.8 86.3
-2876.7 -4890.7 86.1
-2853.6 -4881.0 86.6
-2867.1 -4880.4 86.3
-2852.1 -4861.0 86.6
-2885.2 -4863.3 86.0
-2877.5 -4847.2 86.1
-2867.7 -4829.9 86.3
-4167.2 -2929.9 51.3
-4175.2 -2914.3 51.2
-4175.4 -2900.4 51.0
-905.1 3808.1 77.6
-937.3 3803.3 75.3
-909.8 3818.9 77.5
-871.5 3837.4 78.5
-918.9 3853.8 76.8
-818.4 3868.8 77.4
-844.2 3861.4 77.5
-923.9 3863.9 76.1
-935.3 3868.6 75.6
-814.5 3880.7 76.8
-870.6 3882.0 75.8
-917.4 3885.4 74.9
-947.5 3883.7 74.5
-977.2 3876.4 74.2
-1021.2 3880.6 71.3
-834.4 3897.2 75.5
-871.7 3898.1 74.9
-892.7 3893.6 74.8
-917.4 3890.9 74.6
-979.4 3891.6 73.6
-996.0 3892.2 73.3
-1037.5 3891.9 70.6
-906.1 3911.3 73.5
-962.6 3906.1 73.0
-1011.9 3906.3 72.2
-949.3 3928.9 71.8
-977.2 3923.4 71.7
-993.5 3941.6 70.3
-1006.9 3937.4 70.4
1146.3 5681.5 75.8
1139.0 5675.3 76.0
1116.3 5678.1 75.8
1145.5 5695.1 75.4
1133.0 5695.7 75.3
1211.4 5709.0 75.2
1194.7 5710.8 75.1
1108.7 5711.2 74.8
1076.1 5710.3 74.7
1236.0 5722.0 74.9
1226.7 5720.0 74.9
1194.4 5727.1 74.6
1176.9 5726.5 74.5
1145.2 5727.4 74.4
1058.3 5726.0 74.1
1046.9 5723.4 74.2
1223.7 5734.6 74.6
1198.3 5742.5 74.1
1169.1 5738.6 74.1
1121.1 5736.0 74.0
1109.2 5739.0 73.9
1094.8 5733.8 74.0
1047.6 5734.3 73.8
1031.6 5737.8 73.7
1061.3 5757.2 73.2
1179.7 5768.3 73.5
1115.3 5766.0 73.1
1078.0 5772.1 72.8
1123.5 5781.5 72.6
1045.3 5780.5 72.4
1061.0 5810.4 71.5
-6191.1 3488.6 17.6
-6176.2 3500.8 17.8
-6191.6 3590.7 19.0
-6239.0 3624.3 19.3
-6277.0 3623.7 19.3
-6265.4 3638.1 19.7
-6325.6 3646.8 19.3
-6404.5 3676.4 19.5
7.1 -3082.8 185.1
35.1 -3064.6 182.5
24.5 -3062.7 184.2
9.2 -3066.1 185.2
68.6 -3051.3 178.2
8.8 -3054.8 183.9
86.5 -3022.1 177.1
48.7 -3019.3 178.3
35.0 -3003.8 177.3
21.8 -3006.9 178.1
-11.1 -3006.4 179.6
21.1 -2988.6 177.2
10.7 -2991.1 177.8
40.6 -2977.2 175.7
8.8 -2976.2 177.1
-10.1 -2974.8 178.0
39.8 -2960.4 174.8
-8.4 -2960.4 177.2
159.3 -2932.9 177.4
35.5 -2927.5 173.4
143.6 -2914.8 178.7
55.6 -2920.2 174.6
35.4 -2917.9 174.2
92.5 -2897.5 178.3
82.4 -2904.3 177.2
52.3 -2897.7 176.7
53.4 -2882.9 178.2
191.3 -2868.0 184.2
35.4 -2866.1 179.2
98.8 -2857.3 182.8
78.3 -2857.5 181.9
39.3 -2859.1 179.9
94.8 -2842.2 182.8
80.9 -2836.1 181.9
71.0 -2841.8 181.4
24.8 -2843.6 179.1
9.2 -2843.1 178.3
116.5 -2822.9 183.7
95.4 -2826.2 182.5
40.9 -2824.6 180.1
101.8 -2809.1 182.5
62.4 -2813.8 181.0
47.0 -2810.4 180.6
69.4 -2797.6 181.6
52.7 -2799.2 181.1
35.3 -2761.9 179.7
9.4 -2766.1 177.6
79.3 -2750.7 183.1
38.8 -2735.3 179.7
-3831.0 -5396.2 80.0
-3836.0 -5367.4 78.1
-3857.0 -5362.6 77.3
-3872.0 -5365.4 77.2
-3846.7 -5318.9 74.9
-3859.0 -5309.5 74.0
-4856.8 2427.1 30.0
-4852.2 2436.1 30.0
-4864.3 2453.7 29.9
-3825.4 -6165.1 73.2
-3837.5 -6162.7 72.9
-3759.9 -6136.3 74.8
-3810.5 -6137.0 74.3
-3825.6 -6142.4 73.7
-3851.2 -6133.3 73.2
-3880.9 -6123.5 72.7
-3834.6 -6103.5 74.4
-3783.5 -6095.2 75.7
-3812.6 -6094.0 75.3
-3851.6 -6093.6 74.2
-3766.6 -6074.0 76.3
-3780.5 -6073.4 76.3
-3808.2 -6079.3 75.8
-3879.4 -6073.6 73.3
-3774.9 -6066.2 76.5
-3854.7 -6064.7 74.4
-3737.9 -6045.6 77.2
-3795.6 -6044.3 76.9
-3809.3 -6049.2 76.5
-3856.3 -6052.1 74.5
-3701.1 -6036.6 77.5
-3737.5 -6034.0 77.4
-3810.0 -6033.3 76.7
-3844.0 -6034.7 75.6
-3784.3 -6017.5 76.9
-3750.0 -5998.7 76.9
-3768.9 -5999.0 76.8
-3782.7 -6006.5 76.9
-3797.1 -6005.3 77.0
-3810.0 -6003.3 76.7
-3693.3 -5986.1 77.2
-3759.4 -5989.7 76.8
-3660.0 -5975.4 77.3
-3677.6 -5976.6 77.2
-3692.4 -5969.9 77.0
-3737.8 -5976.4 76.7
-3745.8 -5973.6 76.7
-3777.1 -5969.1 76.9
-3797.7 -5969.0 77.0
-3826.0 -5977.6 76.2
-3718.4 -5962.0 76.7
-3837.1 -5960.4 75.8
-3630.3 -5940.9 77.1
-3692.6 -5940.3 76.6
-3709.2 -5938.3 76.5
-3737.1 -5946.9 76.7
-3762.0 -5940.8 76.8
-3778.9 -5945.6 76.9
-3828.6 -5944.0 76.1
-3854.0 -5943.6 75.3
-3866.4 -5942.9 74.9
-3686.2 -5928.8 76.5
-3717.4 -5927.1 76.6
-3750.1 -5930.9 76.7
-3774.8 -5929.6 76.9
-3792.2 -5928.3 76.9
-3854.7 -5928.6 75.3
-3871.7 -5923.5 74.7
-3734.7 -5908.8 76.6
-3746.1 -5909.1 76.7
-3819.6 -5908.0 76.5
-3841.5 -5911.7 75.7
-3886.3 -5913.0 74.3
-3913.4 -5915.2 73.5
-3720.9 -5895.8 76.6
-3766.2 -5893.2 76.8
-3840.0 -5901.8 75.7
-3702.6 -5887.2 76.5
-3749.8 -5880.9 76.8
-3766.3 -5881.6 76.9
-3826.7 -5884.2 76.5
-3699.6 -5866.0 76.5
-3745.0 -5862.9 77.1
-3779.7 -5867.6 77.4
-3841.5 -5867.5 76.1
-3870.1 -5869.4 75.0
-3899.7 -5864.7 74.7
-3766.8 -5855.8 77.4
-3776.2 -5854.9 77.6
-3851.2 -5851.5 75.8
-3886.7 -5850.7 74.7
-3902.6 -5849.7 74.5
-3692.0 -5840.7 76.8
-3724.0 -5838.7 77.2
-3751.3 -5840.4 77.6
-3820.4 -5833.2 77.0
-3834.6 -5838.9 76.5
-3884.9 -5833.1 74.8
-3777.0 -5821.7 78.1
-3807.4 -5825.5 77.4
-3903.2 -5823.9 74.7
-5487.5 2498.2 27.5
-5470.2 2514.5 27.4
-5483.8 2512.6 27.4
-5497.5 2530.3 27.1
-6821.3 -8521.5 43.6
-6780.7 -8510.2 43.0
-6822.7 -8504.4 43.6
-6869.0 -8507.2 43.6
-6886.7 -8508.3 43.6
-6723.7 -8489.3 42.2
-6814.0 -8490.1 43.2
-6826.0 -8490.9 43.2
-6765.6 -8476.1 42.9
-6778.9 -8482.1 43.0
-6793.8 -8475.3 42.8
-6884.7 -8479.2 42.8
-6793.2 -8461.8 42.5
-6889.4 -8461.4 42.3
-6897.2 -8466.8 42.5
-6932.6 -8462.4 42.3
-6795.6 -8451.9 42.2
-6909.9 -8452.4 42.0
-6796.7 -8434.4 41.8
-6828.8 -8431.3 41.8
-6870.2 -8438.5 41.8
-6747.3 -8422.4 41.7
-6781.5 -8418.0 41.6
-6812.8 -8416.7 41.5
-6842.5 -8417.3 41.3
-6763.7 -8399.6 41.1
-6883.8 -8399.2 40.1
-6896.7 -8408.6 40.5
-6793.7 -8390.1 40.4
-6868.8 -8391.4 39.9
-6914.6 -8385.9 39.3
-6914.8 -8375.3 38.8
-6838.5 -8361.9 39.0
-6853.8 -8354.7 38.7
-6915.3 -8363.1 38.6
-6826.6 -8348.2 38.8
-6840.8 -8340.3 38.8
-6902.3 -8348.2 38.6
-6931.1 -8324.2 38.3
-6843.9 -8309.5 38.8
-6856.3 -8316.5 38.8
-6870.4 -8313.2 38.7
-6883.9 -8311.1 38.7
-6931.8 -8309.2 38.2
-6868.2 -8295.4 38.7
-6975.3 -8297.1 38.9
-6988.7 -8297.9 39.5
-6903.0 -8283.1 38.3
-6976.5 -8279.6 38.6
-6929.8 -8271.6 38.1
-6987.0 -8272.5 38.9
-7018.9 -8266.3 39.9
-6926.1 -8258.6 38.3
-6942.5 -8256.1 37.8
-6962.8 -8236.0 37.8
-6993.9 -8237.6 39.0
-7054.2 -8241.4 40.9
-6991.9 -8206.0 38.6
-1925.7 2918.0 56.3
-1938.8 2923.9 56.2
-1907.5 2940.1 56.3
-1950.4 2937.4 56.0
-1923.6 2955.9 55.9
-1967.7 2957.1 55.7
-1905.7 2969.4 56.0
-1925.9 2965.6 55.7
-1865.8 2986.9 56.5
-1880.3 2982.7 56.3
-1921.3 2979.2 55.6
-1937.4 2977.6 55.4
-1957.0 2977.7 55.0
-2016.4 2982.6 55.8
-1881.5 3001.1 56.0
-1928.4 2998.4 55.3
-1937.1 2992.8 55.2
-1958.5 2992.7 54.8
-2019.6 3001.9 55.3
-1846.1 3012.9 56.5
-1882.8 3013.4 55.9
-1939.4 3015.1 54.9
-1898.9 3023.8 55.5
-1913.6 3026.1 55.2
-1950.3 3024.4 54.6
-1965.2 3028.0 54.3
-1983.8 3031.5 53.9
-1869.3 3046.3 55.7
-1891.4 3040.2 55.4
-1908.1 3041.0 55.1
-1942.9 3040.7 54.5
-1973.6 3038.9 54.0
-1995.3 3044.6 53.7
-2014.1 3038.1 54.2
-2029.2 3046.5 54.2
-2042.2 3042.1 54.7
-2071.9 3042.2 55.3
-1970.9 3053.4 54.0
-1988.6 3058.6 53.8
-2003.3 3053.6 53.6
-2057.4 3059.9 54.2
-2070.7 3060.4 54.4
-1921.4 3071.6 54.7
-1954.3 3075.2 54.2
-1973.0 3077.1 54.0
-2025.9 3075.6 53.3
-2040.8 3074.8 53.1
-2004.0 3092.5 53.6
-2015.6 3087.5 53.5
-2027.4 3085.7 53.3
-2046.4 3090.5 53.1
-2056.5 3086.6 52.9
-1910.1 3098.6 54.8
-1941.1 3104.2 54.4
-1951.0 3098.5 54.3
-1981.1 3106.9 54.0
-1998.4 3097.7 53.7
-2025.7 3104.3 53.5
-2040.4 3099.2 53.2
-2057.5 3101.2 53.1
-2077.1 3106.8 52.9
-1927.0 3119.0 54.9
-2017.8 3117.4 53.9
-2029.8 3120.9 53.8
-2061.0 3119.6 53.3
-2115.2 3113.2 53.2
-2154.8 3118.7 54.0
-1953.7 3137.1 55.0
-1968.9 3129.9 54.7
-2060.9 3133.2 53.5
-2115.7 3135.7 52.7
-2145.6 3132.3 53.1
-1968.4 3144.1 55.0
-2012.2 3143.2 54.4
-2056.2 3144.3 53.7
-2131.6 3149.5 52.6
-2153.7 3145.6 52.8
-2175.5 3142.8 53.5
-1956.9 3160.3 55.4
-1969.7 3166.7 55.4
-1985.7 3167.5 55.1
-2003.7 3162.0 54.8
-2016.1 3158.4 54.5
-2091.8 3159.9 53.4
-2109.0 3165.5 53.2
-1968.6 3174.2 55.5
-1985.3 3180.4 55.3
-2002.0 3179.7 55.1
-2042.2 3177.5 54.4
-2134.8 3179.4 53.0
-2150.7 3173.4 52.7
-2046.7 3189.8 54.5
-2161.2 3192.7 52.8
-2002.3 3204.9 55.4
-2026.1 3203.8 55.0
-2123.0 3205.9 53.6
-2148.7 3207.1 53.2
-2165.5 3203.5 52.9
-2056.3 3219.5 54.8
-2154.2 3225.9 53.4
-2178.9 3226.4 53.0
-2191.0 3226.8 52.8
-2103.1 3233.7 54.3
-2181.7 3235.9 53.1
-2079.6 3257.4 55.0
-2088.8 3249.4 54.7
-2177.5 3255.6 53.4
-2210.4 3256.0 52.9
-2034.4 3266.4 55.8
-2072.2 3263.1 55.2
-2169.4 3268.2 53.7
-2178.2 3271.7 53.6
-2060.8 3278.1 55.5
-2094.7 3279.8 55.0
-2184.3 3285.7 53.7
-2045.4 3292.8 56.0
-2063.3 3301.3 55.8
-2205.6 3299.0 53.5
-2026.4 3314.4 56.3
-2045.4 3315.1 55.9
-2087.1 3316.6 55.1
-2167.3 3309.3 53.9
-2047.9 3330.8 55.5
-2116.0 3327.2 54.3
-2147.0 3323.0 53.9
-2180.2 3323.7 53.3
-1998.4 3342.3 56.1
-2012.2 3338.8 55.9
-2032.0 3339.7 55.5
-2060.2 3346.7 54.9
-2095.1 3340.4 54.4
-2120.8 3346.1 53.8
-2137.0 3344.2 53.5
-2154.7 3339.3 53.3
-2032.8 3362.0 55.0
-2162.4 3359.1 52.7
-2178.8 3357.2 52.5
-2031.6 3383.8 54.6
-2079.8 3389.5 53.4
-2154.5 3391.9 52.0
-1984.7 3403.1 57.0
-2002.2 3402.3 56.4
-2161.0 3406.3 51.6
-2073.6 3414.3 54.7
-1969.1 3433.6 58.9
-1987.6 3433.4 58.3
-2012.9 3436.1 57.7
-2057.8 3436.3 56.3
-2027.0 3447.7 57.3
-2059.8 3446.2 56.3
-2087.6 3443.8 55.4
-1971.2 3466.7 58.9
-1983.7 3460.1 58.6
-2117.0 3460.5 54.2
-2136.8 3459.1 53.6
-1967.9 3478.2 58.9
-1981.6 3482.1 58.4
-2001.7 3473.4 57.8
-2027.8 3473.1 57.0
-2048.5 3475.5 56.3
-2094.6 3480.8 54.7
-2117.9 3478.6 54.0
-2018.7 3487.6 57.1
-2079.1 3490.7 55.3
-2017.9 3507.1 57.2
-2047.0 3508.9 56.6
-2108.7 3508.5 55.1
-2118.7 3503.0 54.7
