5660.8 8670.1 42.4
6383.4 3626.0 20.4
6390.4 3636.8 20.6
6768.7 3236.2 23.1
6751.9 2914.6 19.7
6758.1 2900.1 19.5
-4161.2 3822.1 11.4
-4162.3 3825.5 11.4
-4224.5 3878.5 11.9
-4199.4 3855.2 11.7
-4179.8 3866.5 11.7
-4177.9 3867.3 11.7
1992.0 5747.4 16.7
2119.2 5845.2 19.7
2160.1 5835.6 20.0
5345.3 -639.9 9.4
5386.4 -637.7 10.0
5437.1 -633.3 10.1
5456.6 -630.9 9.9
5482.9 -629.3 10.2
5472.6 -634.6 10.0
5444.2 -645.1 10.2
5405.9 -659.2 10.3
5396.4 -662.5 10.1
5358.9 -675.2 9.8
1978.0 5775.5 16.6
6767.3 2903.8 19.5
6769.3 2920.8 19.9
6761.1 2917.6 19.8
6784.2 2910.0 19.7
-3800.0 4108.2 14.1
-3821.7 4163.7 13.7
-3827.5 4178.2 13.6
-3833.9 4193.9 13.4
1984.9 5761.4 16.7
4607.1 -1338.0 12.0
4653.8 -1294.5 13.6
4630.3 -1313.4 12.8
5524.3 8727.0 43.7
5562.2 8652.5 41.7
5564.6 8641.7 41.5
5677.0 8660.8 41.9
5673.8 8673.2 42.2
5356.1 -640.2 9.6
5426.6 -633.3 10.1
5453.5 -641.7 10.2
5378.4 -668.9 10.0
-4275.6 3821.1 11.8
-4282.8 3830.9 11.8
-4264.5 3828.8 11.8
-4270.1 3841.1 11.8
-4282.4 3849.6 11.9
-4278.7 3870.9 11.9
-4250.7 3908.2 12.2
-4168.4 3818.8 11.4
-4165.0 3820.2 11.4
-4235.0 3865.5 11.8
-4176.0 3862.6 11.7
4652.0 -1302.6 13.5
4646.4 -1306.8 13.3
4622.3 -1319.2 12.5
-4277.5 3824.7 11.8
-4280.2 3829.7 11.8
-4309.5 3813.7 12.0
-4269.8 3821.3 11.8
-4275.7 3834.3 11.8
-4253.5 3804.5 11.8
-4256.2 3810.4 11.8
-4279.7 3898.2 12.1
-4264.8 3873.6 11.9
-3794.9 4094.2 13.8
-3805.3 4122.5 14.2
-3821.0 4132.5 14.1
-3837.4 4174.1 13.7
-3909.4 4255.1 12.9
-3804.4 4090.5 13.8
-3826.5 4146.2 14.0
-3840.9 4211.1 13.2
-4177.6 3861.9 11.7
-4176.7 3864.5 11.7
-4178.3 3863.8 11.7
4656.6 -1298.9 13.7
4613.6 -1333.1 12.2
5466.2 -6533.7 14.4
-4217.2 3754.2 12.2
1970.9 5789.4 16.6
6778.0 2924.5 19.9
5425.2 -652.0 10.3
5349.7 -679.3 9.8
5607.4 8746.9 44.6
5546.7 8648.7 41.4
5366.6 -639.3 9.7
5340.6 -682.8 9.7
5661.1 8760.2 44.5
5662.5 8659.7 42.2
4638.8 -1313.1 13.1
4626.3 -1322.8 12.6
4646.3 -1300.6 13.3
4638.2 -1307.0 13.0
4614.6 -1325.4 12.2
-4314.9 3816.7 12.0
-4272.5 3827.5 11.8
-4261.5 3822.1 11.7
-4253.5 3783.1 12.1
-4279.4 3876.5 12.0
-4237.8 3871.7 11.9
-4267.4 3907.1 12.3
-3810.6 4136.1 14.0
-3816.6 4150.2 13.9
-3799.6 4077.4 13.5
-3810.0 4104.6 14.1
-3815.4 4118.3 14.2
-3832.1 4160.2 13.8
-3850.4 4168.2 13.8
-3903.8 4256.1 12.9
-3844.7 4213.3 13.2
-4662.7 5083.4 21.6
-3844.2 4189.9 13.5
5550.8 8733.6 44.1
5576.0 8739.6 44.4
5549.0 8638.4 41.3
4606.9 -1330.9 11.9
5634.0 8754.0 44.6
4633.6 -1317.2 12.9
4620.7 -1327.2 12.4
5375.3 -638.6 9.9
5406.9 -635.4 10.1
5447.3 -632.5 10.0
5463.1 -638.4 10.0
5435.2 -648.6 10.3
5387.4 -665.5 10.0
5368.5 -671.7 9.9
6363.3 3616.0 20.0
-4267.0 3814.9 11.8
-4284.1 3854.4 11.9
-4276.6 3856.9 11.9
-4280.4 3902.1 12.2
2117.2 5852.2 19.7
6789.7 3249.6 23.5
6776.2 2906.8 19.6
5416.0 -655.4 10.3
5462.6 -6484.9 14.2
5447.0 -6523.5 14.4
5492.5 -6520.0 14.3
5479.1 -6502.4 14.3
5523.0 -1989.7 10.7
5534.6 -1980.1 10.7
5546.1 -1970.5 10.7
5557.6 -1960.9 10.7
5569.2 -1951.3 10.8
5580.7 -1941.7 10.8
5598.7 -1926.8 10.8
5605.6 -1920.5 10.8
5616.9 -1910.7 11.0
5628.3 -1900.9 11.1
5639.5 -1890.9 11.2
5650.8 -1881.0 11.3
5662.0 -1871.1 11.7
5677.5 -1857.4 12.2
4246.3 4609.4 16.6
4235.3 4603.4 16.4
4221.3 4601.2 16.1
4194.1 4606.4 15.8
4246.6 4615.1 16.6
4239.2 4618.6 16.6
4217.6 4620.3 16.2
4178.4 4621.0 15.7
4264.9 4631.0 16.7
4253.3 4638.2 16.5
4298.7 4651.4 16.7
4277.1 4652.1 16.6
4290.6 4668.8 16.6
4279.5 4676.2 16.5
-1877.4 -1656.0 2.7
-1945.2 -1521.8 3.7
-1610.4 -1716.9 1.8
5200.4 7308.0 30.7
5206.6 7326.4 30.3
5907.5 -3999.6 16.2
5859.0 -4006.6 14.6
5836.3 -4000.2 14.4
5925.3 -3987.6 17.2
5906.5 -3992.1 16.4
5894.5 -3992.2 16.0
5863.4 -3991.0 14.9
5851.7 -3987.0 14.6
5836.3 -3985.7 14.2
5897.4 -3967.9 16.8
5956.2 -3960.3 18.8
5938.7 -3960.9 18.3
5908.7 -3954.8 17.4
5881.2 -3960.2 16.4
5867.4 -3958.8 16.0
5966.2 -3945.4 18.9
5907.7 -3944.1 17.1
5882.5 -3944.3 16.4
5862.0 -3945.0 15.8
5846.8 -3947.3 15.4
5978.0 -3928.3 19.0
5957.4 -3930.7 18.4
5903.4 -3925.8 16.7
5893.5 -3930.7 16.5
5876.6 -3923.4 15.9
5892.1 -3915.9 16.3
2994.2 3393.5 11.7
3024.7 3408.2 12.0
2189.8 6081.9 21.7
1968.3 6096.7 20.5
1949.7 6096.3 20.4
2061.1 6105.1 20.9
1966.2 6108.0 20.5
2009.6 6124.1 20.7
1982.8 6120.3 20.6
2032.2 6137.9 20.9
2162.0 6154.0 21.4
2028.5 6153.9 21.0
2533.9 2790.7 8.8
2571.8 2832.1 8.9
2601.6 2847.1 9.1
2590.1 2845.6 9.0
2579.6 2862.1 9.2
2559.0 2864.4 9.1
2544.6 2857.9 9.0
2518.9 2871.6 9.0
2616.5 2894.8 9.5
2594.3 2890.8 9.4
2576.7 2908.3 9.4
-493.6 -8806.3 2.5
-510.2 -8809.2 2.4
-536.7 -8807.6 2.4
-479.8 -8797.9 2.5
-509.3 -8792.4 2.5
-496.7 -8782.9 2.6
-551.8 -8779.7 2.6
-469.6 -8767.5 2.9
-528.8 -8761.7 2.9
-557.2 -8747.1 3.1
-452.1 -8740.0 3.3
-469.3 -8735.6 3.3
-498.9 -8737.0 3.3
-523.7 -8738.0 3.2
-555.3 -8734.3 3.2
-436.2 -8722.7 3.5
-527.3 -8719.9 3.4
-356.5 -8701.4 3.9
-469.4 -8705.2 3.7
-491.4 -8710.7 3.6
-357.6 -8695.6 3.9
-555.2 -8691.8 3.5
-462.8 -8673.7 3.7
-481.9 -8680.4 3.6
-530.2 -8677.6 3.6
-449.1 -8660.2 3.7
-556.5 -8665.2 3.5
-596.0 -8658.8 3.4
-318.7 -8646.6 4.0
-423.3 -8647.3 3.7
-556.6 -8641.5 3.5
-316.2 -8635.3 4.0
-453.3 -8632.7 3.7
-478.6 -8634.6 3.7
-496.0 -8631.1 3.6
-512.2 -8630.9 3.6
-526.6 -8630.0 3.6
-596.0 -8628.9 3.4
-286.7 -8611.5 4.1
-297.9 -8613.3 4.1
-334.6 -8613.3 4.0
-405.6 -8613.4 3.8
-480.4 -8620.6 3.6
-510.8 -8614.0 3.6
-604.7 -8620.2 3.4
-438.9 -8601.4 3.7
-451.8 -8601.5 3.7
-462.8 -8606.0 3.7
-494.8 -8600.1 3.6
-506.8 -8603.8 3.6
-393.5 -8585.7 3.9
-434.5 -8590.7 3.8
-461.3 -8587.6 3.7
-422.2 -8575.7 3.8
2680.6 3047.7 9.4
2697.9 3068.9 9.3
2700.8 3077.5 9.3
2650.6 3132.0 9.1
2167.9 6007.1 20.8
2166.8 6016.5 21.1
2133.6 6029.6 21.1
2138.5 6047.8 21.3
4516.3 -1641.8 8.6
4483.2 -1623.3 8.2
4478.6 -1612.3 8.0
4514.5 -1565.2 7.6
4441.2 -1713.8 9.0
4414.3 -1676.5 8.5
