-4839.6 7385.8 17.8
-4858.0 7386.5 17.6
-4910.0 7434.1 17.5
-4921.4 7447.5 17.5
-4925.6 7446.2 17.5
-4889.0 7460.5 17.7
-4911.6 7468.3 17.6
-4886.9 7477.2 17.8
-4899.0 7485.2 17.8
-4911.2 7485.2 17.7
-4920.5 7488.5 17.7
-4899.2 7499.9 17.8
-4905.6 7500.4 17.8
-4887.6 7510.2 17.9
-4901.1 7508.0 17.9
-4906.3 7510.5 17.9
-4887.2 7519.6 18.0
-4900.5 7518.4 17.9
-4896.8 7529.6 18.0
-4865.3 7538.4 18.2
-4898.4 7536.4 18.0
-4847.9 7547.9 18.3
-4860.5 7544.3 18.2
-4881.2 7548.4 18.2
-4860.7 7556.6 18.3
-4756.8 7438.9 18.6
-4787.8 7446.9 18.4
-4780.0 7457.2 18.5
-4737.9 7466.0 18.8
-4779.1 7469.5 18.5
-4775.8 7478.5 18.6
-4779.2 7486.1 18.6
-4784.1 7485.4 18.5
-4554.6 7188.7 19.1
-4613.3 7183.8 18.6
-4619.3 7188.6 18.6
-4631.1 7198.9 18.6
-4490.3 7069.5 18.8
-4503.2 7075.6 18.8
-4517.3 7077.4 18.7
-4533.0 7075.3 18.6
-4539.2 7077.1 18.6
-4577.0 7073.6 18.4
-4519.2 7083.3 18.7
-4540.8 7088.7 18.6
-4552.0 7088.5 18.5
-4559.5 7087.9 18.4
-4587.7 7086.3 18.3
-4531.6 7095.4 18.7
-4461.3 7108.9 19.3
-4530.6 7103.4 18.7
-4542.7 7106.5 18.7
-4558.4 7106.8 18.6
-4570.0 7108.7 18.5
-4580.4 7105.1 18.4
-4451.3 7118.2 19.4
-4537.6 7118.2 18.8
-4551.2 7116.7 18.7
-4562.7 7119.1 18.6
-4569.2 7119.5 18.6
-4579.5 7114.8 18.4
-4450.5 7129.2 19.5
-4533.5 7128.4 18.9
-4553.4 7123.6 18.7
-4532.2 7134.4 18.9
-4548.9 7137.6 18.8
-4501.9 7147.3 19.2
-4541.4 7145.5 18.9
-4467.5 7153.4 19.5
-4507.1 7157.1 19.2
-4418.5 7169.6 20.0
-4468.7 7166.2 19.6
-4532.8 7168.9 19.1
-4540.6 7165.8 19.1
-4490.1 7174.2 19.5
-4469.4 7188.4 19.7
-4489.0 7184.9 19.6
-4521.8 7189.2 19.3
-4521.4 7194.9 19.4
-4472.4 7029.8 18.8
-4478.3 7028.2 18.8
-4441.9 7041.6 19.0
-4468.2 7044.7 18.9
-4479.5 7039.5 18.8
-4428.5 7052.9 19.1
-4438.0 7051.8 19.1
-4472.1 7050.2 18.9
-4477.8 7051.4 18.8
-4433.4 7063.8 19.2
-4438.7 7064.7 19.2
-4459.4 7060.4 19.0
-4473.3 7061.7 18.9
-4479.1 7062.9 18.8
-4433.1 7071.1 19.2
-4449.0 7070.0 19.1
-4460.1 7068.4 19.0
-4432.1 7079.3 19.3
-4439.9 7079.1 19.2
-4467.5 7083.5 19.1
-4461.4 7091.2 19.2
-4423.4 7104.1 19.5
-4449.6 7104.2 19.3
-4420.4 7108.3 19.6
-4428.0 7113.6 19.5
-4419.6 7124.9 19.7
-4432.3 7122.1 19.6
-4703.4 7121.9 17.8
-4701.8 7134.0 17.8
-4782.5 6979.9 17.0
-4774.8 6994.1 17.0
-4797.0 7003.8 16.9
-4804.2 7004.4 16.9
-4782.2 7030.7 17.1
-5126.1 7140.0 20.8
-5141.2 7159.9 20.5
-5151.5 7155.4 20.7
-5042.1 7164.8 19.5
-5164.6 7164.9 20.6
-5173.1 7165.9 20.6
-5125.8 7177.2 20.0
-5161.3 7177.2 20.3
-5061.2 7189.2 19.1
-5071.7 7186.1 19.3
-5082.8 7191.4 19.3
-5095.3 7191.0 19.4
-5106.5 7189.9 19.5
-5127.8 7185.3 19.8
-5157.5 7185.4 20.0
-5065.8 7201.0 18.9
-5094.4 7198.5 19.2
-5135.3 7197.2 19.6
-5142.8 7198.4 19.6
-5153.2 7196.6 19.7
-5182.4 7196.8 20.0
-5202.6 7197.0 20.2
-5035.1 7209.1 18.4
-5086.7 7208.3 18.9
-5103.9 7205.2 19.1
-5124.2 7210.3 19.2
-5136.5 7206.1 19.4
-5166.5 7207.7 19.6
-5172.2 7207.6 19.7
-5192.8 7206.2 19.9
-5217.1 7207.1 20.1
-5031.2 7219.4 18.2
-5054.1 7220.8 18.3
-5074.3 7216.5 18.6
-5091.3 7216.2 18.8
-5134.8 7220.0 19.1
-5147.4 7217.5 19.2
-5151.6 7218.1 19.3
-5163.8 7215.6 19.4
-5174.2 7216.0 19.5
-5211.4 7218.4 19.8
-5062.2 7225.5 18.3
-5076.1 7225.5 18.4
-5083.1 7226.9 18.5
-5095.8 7230.3 18.5
-5125.2 7226.1 18.9
-5135.8 7230.7 18.9
-5162.9 7227.9 19.2
-5191.6 7228.3 19.4
-5203.5 7225.7 19.6
-5051.3 7237.8 18.0
-5066.9 7240.5 18.1
-5132.1 7239.2 18.7
-5155.5 7235.7 18.9
-5175.2 7236.8 19.1
-5185.1 7239.1 19.2
-5085.0 7250.4 18.0
-5114.8 7248.5 18.4
-5142.9 7249.8 18.6
-5156.5 7247.2 18.7
-5182.6 7247.9 18.9
-5073.1 7257.7 17.8
-5141.4 7260.3 18.3
-5165.9 7260.9 18.5
-5174.8 7258.3 18.6
-5192.7 7258.5 18.8
-5117.1 7265.9 18.0
-5137.7 7267.6 18.2
-5164.3 7268.4 18.5
-5195.9 7267.4 18.9
-5147.4 7280.0 18.4
-5286.5 7223.2 20.4
-5257.2 7232.5 19.9
-5273.2 7252.9 19.7
-5329.1 7250.2 20.3
-5338.7 7252.7 20.4
-5274.3 7264.3 19.8
-5286.6 7258.6 19.9
-5349.1 7262.1 20.6
-5206.4 7273.6 19.1
-5254.8 7272.9 19.6
-5274.1 7270.2 19.8
-5285.6 7269.4 19.9
-5246.0 7280.3 19.6
-5258.9 7281.2 19.7
-5268.9 7279.0 19.8
-5274.0 7280.8 19.9
-5348.4 7284.2 20.8
-5354.2 7280.8 20.8
-5177.0 7294.2 18.9
-5198.0 7291.7 19.1
-5235.5 7290.3 19.5
-5244.5 7290.4 19.6
-5269.0 7294.7 19.9
-5285.3 7293.5 20.0
-5345.5 7288.7 20.7
-5145.9 7304.6 18.4
-5226.7 7300.4 19.4
-5236.8 7299.6 19.5
-5245.0 7302.1 19.6
-5258.8 7300.0 19.7
-5276.4 7299.2 19.9
-5285.8 7298.4 20.0
-5324.7 7303.8 20.5
-5379.2 7303.7 21.1
-5383.1 7303.1 21.2
-5186.9 7313.0 18.9
-5236.9 7312.2 19.5
-5255.4 7312.8 19.7
-5289.3 7313.5 20.1
-5359.7 7314.8 20.9
-5188.1 7324.3 18.9
-5249.0 7319.0 19.6
-5255.3 7323.7 19.7
-5269.6 7323.7 19.8
-5277.2 7319.9 19.9
-5297.0 7323.3 20.1
-5347.2 7321.4 20.7
-5237.1 7331.3 19.4
-5276.7 7330.9 19.9
-5316.7 7328.5 20.4
-5373.6 7334.3 21.0
-5199.0 7344.0 18.7
-5209.4 7341.5 18.9
-5239.6 7341.6 19.3
-5255.2 7338.5 19.5
-5268.7 7344.3 19.6
-5273.7 7344.5 19.7
-5316.8 7342.9 20.2
-5369.1 7339.1 21.0
-5176.7 7350.1 18.3
-5208.3 7351.2 18.7
-5213.2 7349.7 18.8
-5233.6 7352.9 19.0
-5283.9 7351.0 19.6
-5297.0 7351.8 19.8
-5333.6 7349.7 20.3
-5207.2 7362.8 18.4
-5275.6 7364.0 19.2
-5283.2 7362.8 19.4
-5227.2 7371.9 18.4
-5234.2 7374.9 18.5
-5259.0 7373.8 18.8
-5278.0 7369.3 19.2
-5226.1 7379.1 18.3
-5268.6 7384.7 18.8
-5314.5 7384.0 19.5
-5324.8 7381.5 19.7
-5349.4 7380.1 20.0
-5315.1 7391.7 19.4
-5333.9 7390.3 19.6
-5339.0 7398.9 19.6
-5306.3 7409.1 18.9
-5318.1 7413.5 19.0
-5328.4 7411.3 19.2
-5333.4 7411.5 19.3
-5334.2 7422.8 19.1
-5279.0 7428.9 18.1
-5323.8 7430.4 18.9
-4888.1 7355.0 17.2
-4894.9 7348.7 17.1
-4886.4 7360.5 17.2
-4906.3 7364.2 17.1
-4905.4 7372.9 17.2
-4898.8 7384.3 17.3
-4932.6 7384.1 17.1
-4942.7 7384.2 17.1
-5003.4 7404.6 16.9
-4999.0 7410.5 17.0
-5002.8 7409.0 16.9
-5013.1 7414.0 16.9
-5027.9 7413.2 16.8
-4986.9 7420.4 17.1
-4992.5 7422.1 17.1
-5007.4 7418.9 17.0
-5026.8 7424.3 16.8
-5008.7 7431.4 17.0
-5027.5 7434.4 16.7
-5036.2 7428.7 16.6
-5048.9 7434.3 16.5
-4934.7 7438.9 17.4
-4997.5 7441.5 17.1
-5003.3 7439.7 17.0
-5024.5 7444.5 16.8
-5048.9 7439.0 16.5
-5056.2 7439.4 16.4
-5067.7 7441.3 16.3
-5077.4 7441.1 16.2
-4988.3 7450.5 17.2
-5004.7 7452.6 17.0
-5034.2 7452.1 16.7
-5047.0 7454.5 16.5
-5053.3 7449.6 16.5
-4996.7 7461.4 17.1
-5027.3 7462.0 16.8
-5044.6 7463.8 16.5
-5053.2 7459.5 16.4
-5014.2 7474.6 16.9
-5024.2 7470.8 16.8
-5037.8 7474.1 16.6
-5045.5 7470.2 16.5
-5054.1 7471.1 16.4
-5067.8 7470.8 16.3
-5076.0 7474.9 16.3
-5083.4 7470.5 16.2
-5023.6 7479.7 16.7
-5058.4 7484.8 16.4
-5066.6 7480.3 16.4
-5028.8 7494.5 16.7
-5036.6 7492.2 16.6
-5043.6 7492.3 16.6
-4826.7 7160.8 17.2
-4807.6 7204.6 17.4
-4860.0 7206.3 17.1
-4874.4 7210.9 17.1
-4830.5 7230.5 17.4
-4887.8 7227.9 16.9
-4837.8 7240.0 17.4
-4848.8 7235.6 17.3
-4857.8 7237.2 17.2
-4866.1 7240.1 17.2
-4886.9 7239.7 17.0
-4849.0 7250.0 17.3
-4875.5 7250.9 17.2
-4846.9 7259.5 17.4
-4855.5 7259.8 17.3
-4878.5 7256.4 17.1
-4839.3 7266.5 17.5
-4847.8 7269.4 17.4
-4840.4 7275.8 17.5
-4857.2 7280.5 17.4
-4848.1 7286.2 17.5
-4845.9 7301.0 17.5
-4890.7 7307.2 17.2
-4814.6 7317.8 17.8
-4869.7 7316.7 17.4
-4874.8 7346.9 17.4
-4902.8 7211.0 16.9
-4951.8 7251.9 16.8
-4977.7 7263.5 16.8
-4986.4 7263.6 16.9
-4987.6 7268.0 16.8
-4995.9 7270.3 16.9
-5014.9 7288.7 17.0
-5086.2 7311.5 17.8
-5074.4 7320.5 17.6
-5088.2 7330.0 17.6
-5058.0 7342.2 17.0
-5083.9 7338.8 17.4
-5066.0 7351.1 16.9
-5073.5 7353.6 17.0
-5132.1 7360.4 17.6
-5141.0 7368.3 17.5
-5140.9 7376.9 17.2
-5150.2 7377.3 17.3
-5137.1 7385.5 16.9
-5161.2 7391.7 17.2
-5112.8 7400.8 16.3
-5122.8 7397.9 16.5
-5127.1 7397.9 16.6
-5147.8 7398.2 16.8
-5172.2 7398.8 17.2
-5177.8 7401.1 17.2
-5121.1 7411.9 16.1
-5130.2 7406.0 16.4
-5141.8 7406.4 16.6
-5150.4 7411.2 16.6
-5129.2 7417.0 16.1
-5163.4 7416.0 16.6
-5170.5 7419.2 16.7
-5140.2 7428.1 16.0
-5146.8 7425.6 16.2
-5166.8 7429.8 16.4
-5152.1 7435.8 16.0
-5170.7 7446.4 16.1
-5182.3 7447.9 16.2
-5191.1 7448.2 16.4
-5167.3 7459.3 15.7
-5186.8 7457.8 16.1
-5213.0 7460.2 16.5
-5228.6 7456.7 16.9
-5240.6 7457.4 17.1
-5242.6 7470.4 16.6
-5249.6 7471.4 16.7
-5258.6 7468.4 17.0
-5192.6 7478.1 15.4
-5216.8 7477.9 15.9
-5232.6 7478.6 16.1
-5243.2 7479.8 16.3
-5249.1 7481.8 16.4
-5270.2 7475.7 17.0
-5232.8 7488.6 16.0
-5237.0 7491.7 16.0
-5247.5 7488.4 16.3
-5263.0 7487.1 16.7
-5217.9 7500.4 15.4
-5258.8 7501.4 16.3
-5231.9 7508.7 15.6
-5251.2 7510.7 16.0
-5257.6 7507.8 16.1
-5227.9 7519.3 15.4
-5241.8 7518.7 15.7
-5247.3 7521.1 15.7
-5262.8 7521.0 16.0
-5243.4 7529.3 15.5
-5248.7 7531.0 15.6
-5262.6 7527.6 15.9
-5260.7 7541.9 15.6
-5273.2 7536.0 16.0
-5278.5 7538.9 16.0
-5281.0 7546.3 15.9
-5267.2 7561.3 15.7
-5290.3 7559.0 16.1
-5060.0 7044.4 22.5
-5081.0 7059.8 22.3
-5017.0 7068.5 21.2
-5037.2 7067.8 21.7
-5048.0 7066.2 21.9
-5058.4 7068.4 21.9
-5066.2 7067.8 22.0
-5020.2 6977.1 21.9
-4979.0 6986.9 20.4
-5040.3 6983.3 22.6
-5062.6 6987.2 23.3
-4970.0 7008.6 19.9
-5001.6 7009.8 21.0
-5042.1 7004.4 22.5
-5077.7 7008.0 23.5
-5032.4 7014.4 22.1
-5047.3 7018.5 22.6
-5042.0 7026.4 22.4
-5003.8 7038.3 20.9
-5007.3 7034.9 21.1
-4921.7 6898.6 18.9
-4878.1 6917.3 17.0
-4905.7 6916.7 18.2
-4891.0 6926.0 17.5
-4911.3 6926.4 18.3
-4888.1 6935.5 17.3
-4892.0 6957.1 17.4
-4909.4 6955.8 18.1
-4869.5 6966.2 16.4
-4861.8 7073.6 16.8
-4872.0 7077.5 16.7
-4887.5 7077.6 16.6
-4901.4 7088.0 16.9
-4898.8 7094.2 16.7
-4909.0 7094.3 17.2
-5041.2 7096.8 21.1
-5040.3 7105.6 20.9
-4827.5 7128.1 17.1
-4868.2 7127.2 16.9
-4889.0 7125.4 16.8
-4908.0 7125.5 16.9
-4829.9 7137.6 17.1
-4919.5 7137.8 17.3
-5052.8 7134.8 20.3
-4863.5 7142.2 17.0
-4917.4 7143.0 17.2
-4970.7 7153.3 19.0
-5191.8 7123.1 21.8
-5188.8 7135.7 21.5
-5213.1 7136.2 21.7
-5201.4 7141.7 21.4
-5263.0 7198.2 20.7
-5280.8 7194.6 20.9
-5232.1 7207.8 20.2
-5249.0 7212.2 20.2
-4623.1 7222.9 18.8
-4655.4 7221.3 18.6
-4609.2 7230.6 19.0
-4621.7 7234.0 18.9
-4612.4 7241.6 19.0
-4628.9 7243.0 18.9
-5363.0 6695.0 27.4
-5313.9 6726.8 27.9
-5360.7 6725.9 27.6
-5378.8 6723.1 27.4
-5302.6 6735.9 28.0
-5333.6 6733.6 27.8
-5364.5 6737.7 27.4
-5373.6 6734.4 27.4
-5283.8 6748.0 28.1
-5292.7 6747.8 28.1
-5370.9 6744.4 27.3
-5380.0 6745.5 27.2
-5254.4 6754.8 28.3
-5265.3 6754.3 28.2
-5269.3 6753.7 28.2
-5294.6 6756.1 28.1
-5383.3 6754.6 27.1
-5189.1 6766.2 28.7
-5243.1 6764.3 28.4
-5273.0 6768.1 28.3
-5284.3 6767.7 28.2
-5293.8 6766.4 28.1
-5304.5 6763.2 28.0
-5329.3 6768.3 27.6
-5362.6 6763.2 27.3
-5254.3 6778.0 28.5
-5262.6 6774.9 28.4
-5281.9 6774.8 28.2
-5289.8 6773.7 28.1
-5330.3 6778.2 27.6
-5371.7 6778.3 27.5
-5171.3 6788.0 28.1
-5254.4 6788.4 28.4
-5270.7 6785.0 28.2
-5284.5 6785.5 28.1
-5292.8 6783.6 28.0
-5328.9 6783.3 27.8
-5351.0 6783.5 27.7
-5114.5 6795.1 26.4
-5191.5 6794.4 28.9
-5203.9 6792.9 28.8
-5209.9 6795.8 28.8
-5249.8 6793.5 28.4
-5282.0 6794.6 28.2
-5329.8 6798.1 28.2
-5380.6 6797.8 28.1
-5094.6 6807.9 25.6
-5155.4 6808.4 27.8
-5162.3 6807.9 28.0
-5191.4 6805.7 28.9
-5234.6 6803.8 28.6
-5254.1 6805.1 28.6
-5263.3 6807.7 28.7
-5281.0 6804.8 28.5
-5082.1 6814.8 25.1
-5093.7 6813.4 25.5
-5125.0 6813.8 26.6
-5149.4 6816.0 27.5
-5161.6 6816.2 27.9
-5172.6 6818.6 28.3
-5192.1 6817.4 28.9
-5211.5 6818.6 29.0
-5242.4 6816.9 29.0
-5254.6 6815.7 29.0
-5312.8 6816.5 28.9
-5322.4 6812.3 28.8
-5081.5 6822.1 25.0
-5110.5 6824.5 26.0
-5161.9 6823.4 27.9
-5171.0 6828.2 28.2
-5181.8 6827.6 28.6
-5192.6 6824.9 28.7
-5203.4 6827.6 28.8
-5231.8 6827.1 29.0
-5244.8 6828.5 29.0
-5119.9 6834.2 26.3
-5142.5 6836.7 27.1
-5151.8 6837.3 27.4
-5180.4 6832.2 28.5
-5240.4 6836.6 28.9
-5282.6 6834.4 29.0
-5313.9 6838.2 29.0
-5050.9 6847.1 23.8
-5071.6 6845.1 24.5
-5079.1 6844.0 24.8
-5130.8 6843.1 26.7
-5219.5 6843.9 28.5
-5275.2 6845.4 28.9
-5283.2 6844.4 29.0
-5303.5 6845.2 29.0
-5351.1 6842.7 29.0
-5234.9 6852.5 28.5
-5240.2 6855.3 28.5
-5273.0 6857.8 28.8
-4606.0 7393.8 19.7
-4618.7 7417.2 19.6
-4616.4 7430.0 19.7
-4618.0 7434.8 19.7
-4595.8 7446.9 19.9
-4583.4 7454.8 20.0
-4606.8 7459.3 19.8
-4592.8 7477.1 20.0
-4603.7 7476.1 19.9
-4588.0 7489.4 20.1
-4594.6 7488.3 20.0
-4596.5 7497.5 20.0
-4625.6 7497.4 19.8
-4605.2 7505.6 20.0
-4619.3 7506.4 19.9
-4564.2 7519.1 20.3
-4602.9 7518.6 20.0
-4616.0 7516.9 19.9
-4623.3 7518.7 19.9
-4635.7 7518.1 19.8
-4578.8 7527.3 20.2
-4589.3 7524.8 20.2
-4593.1 7528.1 20.1
-4603.8 7529.2 20.1
-4615.4 7529.3 20.0
-4635.7 7524.6 19.8
-4586.2 7533.7 20.2
-4594.9 7537.1 20.1
-4605.2 7537.5 20.1
-4597.9 7546.4 20.1
-4644.9 7557.1 19.8
-4565.4 7566.9 20.5
-4576.5 7567.2 20.4
-4628.7 7598.0 20.0
-4633.8 7596.9 20.0
-4607.0 7619.2 20.3
-4614.1 7623.5 20.2
-4628.2 7637.4 20.2
-4638.7 7639.8 20.1
-4635.2 7645.2 20.1
-4645.3 7645.3 20.1
-4653.8 7647.3 20.0
-4636.0 7658.2 20.2
-4644.7 7689.1 20.2
-4646.6 7694.0 20.2
-4658.8 7697.9 20.1
-4656.4 7707.9 20.1
-4666.4 7729.3 20.1
-4747.9 7549.2 19.0
-4729.7 7561.5 19.2
-4746.8 7560.9 19.0
-4727.0 7571.5 19.2
-4738.3 7581.8 19.1
-4775.1 7581.3 18.8
-4727.4 7592.1 19.3
-4739.0 7595.0 19.2
-4748.9 7594.4 19.1
-4754.3 7594.9 19.1
-4725.2 7603.0 19.3
-4747.3 7600.7 19.1
-4758.4 7599.3 19.0
-4736.1 7611.6 19.2
-4768.3 7612.7 19.0
-4775.1 7608.9 18.9
-4697.9 7640.6 19.6
-4799.8 7672.1 19.1
-4796.0 7689.1 19.1
-4720.8 7702.7 19.6
-4710.3 7711.5 19.7
-4716.7 7723.4 19.7
-4735.1 7721.8 19.6
-4806.0 7722.0 19.0
-4727.0 7732.8 19.7
-4747.1 7749.0 19.6
-4756.3 7750.6 19.5
-4912.7 6791.7 19.2
-4924.0 6803.0 19.5
-4848.5 6867.0 16.3
-5065.2 6626.8 23.0
-5060.0 6634.0 22.9
-5082.3 6633.2 24.0
-5053.3 6648.2 22.7
-5064.1 6648.1 23.2
-5062.3 6652.0 23.2
-5072.2 6656.4 23.6
-5103.6 6656.5 25.0
-5044.9 6665.1 22.5
-5101.7 6663.0 24.9
-5034.9 6675.0 22.0
-5045.6 6673.4 22.5
-5091.8 6677.0 24.5
-5092.8 6688.0 24.6
-5120.5 6684.8 25.7
-5082.9 6695.5 24.1
-5095.0 6695.5 24.7
-5120.1 6696.3 25.7
-5052.0 6707.5 22.8
-5064.6 6705.8 23.4
-5072.6 6707.7 23.7
-5090.9 6702.9 24.5
-5123.4 6704.5 25.9
-5139.7 6707.0 26.6
-5152.5 6704.0 27.1
-5201.8 6702.6 28.1
-5044.4 6714.3 22.5
-5055.1 6716.8 23.0
-5074.2 6716.2 23.8
-5089.9 6714.6 24.5
-5105.4 6713.1 25.1
-5112.3 6713.1 25.4
-5153.4 6716.6 27.2
-5171.3 6718.0 28.0
-5185.4 6718.3 28.3
-5041.8 6728.3 22.4
-5062.7 6725.4 23.3
-5115.2 6724.1 25.6
-5162.4 6726.4 27.6
-5005.1 6733.3 21.5
-5012.4 6733.4 21.6
-5040.5 6735.9 22.4
-5051.9 6734.3 22.9
-5062.3 6738.7 23.3
-5074.4 6733.4 23.8
-5126.1 6736.9 26.1
-5129.7 6732.7 26.2
-5140.5 6734.8 26.7
-5160.8 6733.0 27.6
-5183.5 6732.4 28.4
-4999.9 6746.4 22.4
-5051.6 6743.2 22.9
-5061.9 6742.9 23.3
-5141.8 6744.1 26.8
-5030.4 6754.1 23.3
-5069.7 6752.9 23.7
-5182.0 6756.3 28.5
-5025.7 6768.4 23.4
-5041.7 6766.0 24.0
-5099.6 6764.1 25.0
-5005.1 6776.0 22.6
-4973.4 6786.5 21.4
-4971.8 6793.3 21.3
-5006.0 6792.5 22.5
-5005.4 6805.8 22.4
-5011.6 6808.3 22.6
-4964.2 6824.5 20.8
-5004.6 6822.4 22.3
-4960.7 6832.6 20.7
-4975.1 6838.4 21.1
-4983.1 6837.3 21.4
-4970.3 6846.9 20.9
-4995.8 6843.9 21.8
-5000.0 6847.1 22.0
-4750.9 6742.1 16.5
-4741.7 6751.8 16.6
-4756.1 6753.1 16.5
-4744.3 6778.8 16.6
-4844.3 6802.9 16.3
-4833.5 6808.0 16.2
-4796.7 6828.3 16.5
-4842.7 6831.8 16.2
-4793.2 6841.8 16.5
-4629.9 6777.0 17.3
-4658.9 6776.2 17.1
-4628.8 6784.7 17.3
-4647.5 6787.7 17.2
-4664.3 6820.2 17.2
