-6562.3 6439.5 103.4
-6572.9 6440.6 103.3
-6556.4 6447.8 103.3
-6578.0 6449.2 103.1
-6582.8 6447.1 103.2
-6542.2 6459.6 103.2
-6552.3 6461.1 103.1
-6587.6 6459.4 102.9
-6597.1 6458.1 102.9
-6537.6 6469.5 103.1
-6576.5 6471.6 102.8
-6584.8 6472.9 102.7
-6596.8 6467.6 102.7
-6555.4 6480.8 102.8
-6583.9 6478.1 102.7
-6603.2 6477.7 102.5
-6614.9 6481.5 102.4
-6576.5 6493.3 102.5
-6586.5 6489.6 102.5
-6594.1 6489.3 102.4
-6611.7 6492.1 102.3
-6622.8 6491.5 102.2
-6551.7 6498.3 102.5
-6615.0 6502.8 102.1
-6625.0 6502.8 102.0
-6625.9 6512.2 101.9
-6632.2 6520.6 101.7
-6643.8 6521.3 101.6
-6676.9 6521.2 101.4
-6682.0 6522.2 101.4
-6694.5 6520.1 101.3
-6643.2 6533.6 101.4
-6657.7 6543.1 100.9
-6682.0 6549.4 100.5
-6734.1 6551.8 100.5
-6755.9 6548.4 100.6
-6765.5 6552.2 100.6
-6692.5 6562.3 99.6
-6701.9 6557.7 100.0
-6792.0 6562.2 100.6
-6822.9 6563.6 100.8
-6857.3 6559.8 101.2
-6703.9 6568.8 99.2
-6724.6 6572.5 99.4
-6785.5 6572.6 100.4
-6797.7 6568.4 100.5
-6803.9 6571.7 100.5
-6813.9 6571.1 100.6
-6822.6 6568.4 100.7
-6863.1 6571.2 101.0
-6802.1 6582.1 100.3
-6816.6 6578.1 100.4
-6823.8 6582.6 100.4
-6835.8 6577.4 100.6
-6874.4 6577.5 100.9
-6801.5 6591.0 100.5
-6835.7 6593.5 100.2
-6884.5 6590.9 100.7
-6762.6 6599.6 99.5
-6878.0 6613.5 100.1
-6914.3 6609.9 100.2
-6923.9 6611.0 100.1
-6843.6 6623.1 100.4
-6854.8 6622.9 100.2
-6877.0 6620.9 99.9
-6884.8 6619.0 100.0
-6897.1 6621.2 100.1
-6902.2 6618.4 100.2
-6822.8 6627.7 100.5
-6856.1 6628.1 100.3
-6882.5 6628.2 99.9
-6893.2 6631.2 99.8
-6844.7 6639.7 100.7
-6856.5 6641.8 100.5
-6864.0 6638.2 100.4
-6864.0 6649.0 100.6
-6923.5 6648.6 99.7
-6751.5 6639.8 98.2
-6779.4 6645.5 98.8
-6769.2 6661.8 98.1
-6790.7 6661.3 98.7
-6807.9 6665.1 99.1
-6819.2 6662.4 99.5
-6823.4 6669.7 99.4
-6833.9 6672.6 99.6
-6842.5 6674.4 99.8
-6862.7 6671.2 100.5
-6868.1 6672.0 100.6
-6782.7 6683.0 97.9
-6820.6 6682.7 99.0
-6827.7 6679.8 99.3
-6837.3 6681.0 99.5
-6868.0 6681.6 100.4
-6861.6 6690.6 99.9
-6812.5 6704.5 98.2
-6822.3 6701.1 98.6
-6831.5 6704.9 98.7
-6873.6 6704.1 99.9
-6893.6 6701.0 100.6
-6873.5 6713.4 99.7
-6881.4 6711.8 100.0
-6852.3 6725.5 98.8
-6861.4 6725.4 99.0
-6872.7 6722.2 99.4
-6912.1 6719.3 100.6
-6828.4 6733.5 97.9
-6860.3 6731.4 98.8
-6867.6 6734.8 99.0
-6818.5 6745.2 97.3
-6830.0 6742.4 97.7
-6842.9 6740.8 98.1
-6847.4 6741.0 98.2
-6934.1 6762.7 100.5
-6852.2 6785.4 97.2
-6850.0 6793.9 97.0
-6880.0 6803.1 99.1
-6891.9 6825.9 99.6
-6889.9 6834.2 99.5
-6898.0 6837.4 99.3
-6910.2 6854.6 98.9
-6931.7 6856.3 98.7
-6923.4 6866.2 98.5
-6927.8 6863.3 98.6
-6913.6 6873.5 98.4
-6944.2 6874.6 98.2
-6938.3 6887.0 98.0
-6933.3 6895.6 97.8
-6943.3 6891.7 97.8
-6939.1 6903.1 97.6
-6931.0 6944.5 96.7
-6525.2 6514.0 102.4
-6593.8 6531.1 101.5
-6503.7 6542.8 100.4
-6521.2 6543.1 100.4
-6535.3 6538.9 100.7
-6541.2 6540.1 100.7
-6562.5 6542.6 100.6
-6574.4 6539.8 100.8
-6585.2 6543.9 100.6
-6595.2 6539.5 100.9
-6613.9 6541.8 100.8
-6623.3 6540.0 101.0
-6511.2 6548.6 100.0
-6554.9 6552.8 99.8
-6573.1 6549.2 100.1
-6594.2 6554.0 99.9
-6613.0 6551.3 100.1
-6624.1 6551.8 100.1
-6640.5 6553.6 100.0
-6511.1 6562.4 99.0
-6592.9 6562.8 99.2
-6605.5 6563.5 99.2
-6629.9 6562.4 99.4
-6491.7 6573.9 99.1
-6684.8 6574.3 98.8
-6689.4 6573.7 98.9
-6461.9 6583.6 101.4
-6682.4 6578.9 98.6
-6714.4 6582.4 99.0
-6684.4 6590.6 98.3
-6690.2 6593.9 98.3
-6701.6 6588.8 98.6
-6670.9 6602.0 97.7
-6684.8 6601.5 98.0
-6732.2 6599.8 98.8
-6670.8 6613.3 97.4
-6679.0 6611.4 97.6
-6674.9 6624.4 97.1
-6714.7 6623.2 97.8
-6699.7 6630.2 97.4
-6730.1 6633.8 97.7
-6663.9 6644.6 96.4
-6654.8 6660.2 95.8
-6662.1 6658.6 95.9
-6745.4 6661.7 97.4
-6650.4 6674.7 95.3
-6710.0 6673.8 96.2
-6729.9 6693.7 96.1
-6644.0 6703.7 94.3
-6675.2 6701.4 94.9
-6709.0 6701.6 95.4
-6732.7 6699.6 96.1
-6739.8 6704.2 96.1
-6643.4 6713.6 94.0
-6701.4 6709.0 95.1
-6740.2 6710.3 96.0
-6663.0 6724.1 94.0
-6672.3 6722.2 94.2
-6691.1 6719.4 94.6
-6703.5 6719.7 94.8
-6732.1 6719.1 95.5
-6753.0 6723.5 96.0
-6763.1 6720.2 96.4
-6684.7 6734.7 94.1
-6689.1 6729.3 94.3
-6755.4 6729.0 95.9
-6759.9 6733.8 95.9
-6663.9 6742.7 93.5
-6750.6 6744.7 95.4
-6769.6 6741.5 96.0
-6779.8 6740.5 96.3
-6771.8 6752.1 95.8
-6809.4 6753.0 96.8
-6764.4 6761.0 95.3
-6774.7 6759.6 95.7
-6813.7 6771.2 96.5
-6780.2 6779.0 95.3
-6793.5 6782.6 95.6
-6805.0 6782.2 95.9
-6814.2 6794.7 95.9
-6819.8 6799.6 95.9
-6800.7 6808.5 95.1
-6805.1 6821.7 95.6
-6810.1 6823.8 95.9
-6829.2 6832.3 97.4
-6814.8 6838.6 96.8
-6823.4 6842.8 97.5
-6831.9 6851.5 98.3
-6823.7 6864.8 98.4
-6831.5 6860.1 98.6
-6819.8 6873.1 98.5
-6844.7 6874.3 98.8
-6823.9 6879.9 98.8
-6842.1 6882.7 98.7
-6854.4 6882.5 98.6
-6840.3 6893.8 98.4
-6852.9 6893.0 98.4
-6889.7 6894.9 98.1
-6835.2 6900.0 98.3
-6820.5 6911.2 98.2
-6850.6 6911.1 98.0
-6863.6 6914.8 97.8
-6812.3 6919.6 98.0
-6829.9 6920.1 97.9
-6852.1 6922.1 97.7
-6865.5 6919.2 97.7
-6815.4 6934.6 97.7
-6893.7 6930.9 97.2
-6793.2 6941.4 97.6
-6872.2 6942.3 97.1
-6889.4 6942.5 97.0
-6785.2 6950.8 97.5
-6885.0 6951.0 96.8
-6803.8 6958.7 97.2
-6861.5 6962.8 96.7
-6814.4 6973.6 96.8
-6839.7 6969.9 96.7
-6854.8 6974.3 96.5
-6863.9 6971.8 96.5
-6871.0 6971.3 96.5
-6800.1 6979.1 96.7
-6811.1 6982.0 96.6
-6814.9 6993.2 96.3
-6820.4 6994.0 96.3
-6845.4 6989.6 96.2
-6855.1 6988.6 96.2
-6901.5 6995.0 95.7
-6815.2 7001.2 96.1
-6850.8 7000.3 95.9
-6819.0 7011.1 95.9
-6841.5 7008.6 95.8
-6772.3 7064.2 95.0
-6803.2 7113.3 93.7
-6802.9 7122.7 93.5
-6804.2 7136.1 93.2
-6812.6 7133.3 93.2
-6814.6 7146.1 92.9
-6816.0 7155.2 92.6
-6823.5 7161.4 92.5
-6836.8 7172.2 92.1
-6835.4 7185.9 91.8
-6847.0 7207.4 91.3
-6855.7 7202.9 91.3
-6848.5 7215.0 91.1
-6853.8 7214.4 91.1
-6857.0 7226.6 90.8
-6878.2 7261.9 89.8
-6865.2 7324.3 89.4
-6862.2 7337.0 89.3
-6874.5 7334.3 89.2
-6854.1 7346.1 89.3
-6865.2 7347.4 89.2
-6887.5 7351.9 88.8
-6872.6 7361.9 88.9
-6886.7 7364.0 88.7
-6875.6 7373.6 88.6
-6875.7 7395.5 88.2
-6528.9 6561.4 99.1
-6534.0 6563.0 99.0
-6540.3 6574.1 98.2
-6547.7 6590.9 97.1
-6555.9 6592.8 96.9
-6567.3 6606.9 96.0
-6568.3 6612.5 95.8
-6573.8 6616.1 95.8
-6586.4 6646.5 95.1
-6596.8 6653.4 95.0
-6599.5 6665.9 94.7
-6604.5 6662.7 94.9
-6605.5 6670.9 94.7
-6608.2 6684.2 94.3
-6615.7 6773.5 91.8
-6696.3 6803.7 92.3
-6686.8 6822.2 91.5
-6710.0 6825.4 92.1
-6696.7 6833.4 91.5
-6709.6 6834.3 91.9
-6720.3 6836.6 92.1
-6728.3 6836.1 92.4
-6657.9 6841.0 90.5
-6688.6 6846.2 91.0
-6694.0 6841.6 91.2
-6706.2 6840.8 91.6
-6668.5 6851.1 90.4
-6739.3 6856.3 93.2
-6685.5 6863.6 90.5
-6708.1 6866.9 91.9
-6699.7 6873.9 91.7
-6719.0 6876.1 92.9
-6735.2 6874.3 93.7
-6696.6 6887.0 92.0
-6689.8 6894.1 92.0
-6699.0 6894.3 92.5
-6705.1 6896.3 92.9
