1686.9 -6917.0 59.3
1731.2 -6902.3 59.2
1731.9 -6930.9 59.1
1699.7 -6918.2 59.2
1702.4 -7082.3 58.3
1708.7 -7291.6 60.7
1713.0 -6946.4 58.7
1712.4 -6918.1 59.0
1771.0 -6901.5 59.5
1772.3 -6942.7 59.4
2118.4 -7138.1 66.1
-5755.0 4847.0 35.5
-5791.9 1195.2 56.1
-5935.8 1014.6 62.1
-5880.2 962.8 63.4
-5846.6 950.3 63.7
-5766.7 1223.3 54.7
-5752.9 1242.8 54.8
-5879.7 1018.9 62.0
-5875.1 1011.1 62.2
-5888.3 956.3 63.6
3238.7 -6044.1 83.4
3384.5 -6403.6 80.9
-5337.4 -6259.6 127.1
-5265.2 -6172.1 126.4
-5310.8 -6227.8 126.9
-5223.0 -6132.3 126.8
-5227.5 -6138.0 126.7
-5259.8 -6176.3 126.4
-5278.3 -6199.6 126.6
-5295.4 -6221.0 126.8
3357.5 -5919.2 86.3
3256.6 -5919.5 85.0
2909.3 -6204.8 78.3
2894.3 -6210.9 78.0
2918.8 -6221.5 77.8
2941.1 -6183.2 79.1
2931.6 -6184.9 79.0
2929.3 -6223.9 77.8
2889.4 -6202.3 78.2
2895.7 -6185.7 78.8
3352.4 -6376.4 80.7
3352.9 -6370.6 80.8
3407.9 -6369.5 81.3
3418.1 -6376.7 81.3
3418.9 -6388.9 81.3
3391.6 -6442.1 80.9
3471.0 -6410.0 81.7
3466.1 -6405.6 81.7
3462.2 -6412.7 81.6
3433.1 -6434.6 81.3
3426.5 -6417.8 81.3
3412.3 -6406.8 81.2
3394.4 -6446.7 80.9
3396.4 -6389.0 81.1
3392.4 -6393.9 81.1
3386.1 -6433.0 80.9
3388.5 -6398.7 81.0
3380.6 -6423.9 80.8
3376.5 -6413.4 80.8
3152.9 -6448.3 78.7
3156.0 -6430.7 78.8
3171.7 -6430.7 78.8
3126.1 -6408.5 78.5
3091.4 -6447.0 77.9
-862.8 -4213.4 85.7
-873.1 -4197.3 85.6
-882.0 -4183.6 85.5
-891.4 -4168.3 85.4
-900.3 -4154.6 85.0
3451.7 -6096.0 84.7
3380.5 -6408.5 80.9
4687.9 -5841.3 96.6
2585.5 -7090.4 69.1
3383.4 -6428.5 80.9
3458.7 -6375.0 81.7
3377.8 -6419.4 80.8
-5197.7 -6090.3 126.7
-5233.5 -6133.2 127.0
-5206.4 -6100.8 126.8
-5211.2 -6105.7 126.8
-5328.5 -6248.5 127.1
-5332.8 -6254.2 127.1
-5359.0 -6287.2 127.1
-5237.0 -6138.2 126.9
-5261.3 -6166.9 126.4
-5243.1 -6144.5 126.8
-5252.1 -6155.9 126.6
-5278.5 -6189.0 126.6
-5283.7 -6195.4 126.6
-5287.5 -6200.2 126.7
-5372.9 -6313.8 127.1
-5179.5 -6077.9 126.5
-5214.3 -6121.2 126.8
-5218.9 -6126.4 126.8
-5237.8 -6148.7 126.5
-5255.9 -6171.2 126.4
-5264.0 -6182.4 126.5
-5268.9 -6188.0 126.5
-5282.1 -6204.4 126.7
-5286.5 -6209.2 126.7
-5305.4 -6232.0 126.9
-5309.2 -6237.1 126.9
-5327.4 -6258.4 127.0
-5335.7 -6269.2 127.0
-5353.6 -6291.4 127.0
-5358.1 -6296.6 127.0
4195.3 -7345.6 80.0
2778.5 -7231.5 64.2
2774.1 -7269.9 64.7
2768.3 -7334.8 65.7
2685.5 -7065.3 69.2
2753.1 -7056.2 68.8
3380.2 -5120.6 85.0
2596.1 -7788.9 62.8
2578.7 -7755.7 63.1
3497.4 -5182.5 85.7
2825.4 -6330.9 76.9
2874.2 -6270.2 76.5
2547.0 -7922.0 65.6
2696.9 -7071.8 69.0
2163.2 -7805.7 74.1
2769.0 -7262.6 64.7
2730.9 -7007.7 70.4
2859.4 -6265.7 76.4
2329.7 -7283.4 64.0
106.5 -8788.1 76.0
101.3 -8792.5 76.2
1973.3 -8524.8 81.0
1709.7 -6835.0 58.5
1772.5 -6949.6 59.3
1910.7 -7141.8 61.8
3647.5 -6582.9 82.8
3323.0 -5083.5 84.1
2850.3 -6556.7 74.5
2868.4 -6579.4 74.6
2878.3 -6589.1 74.5
2398.6 -6297.7 76.5
2342.6 -6271.1 76.2
2329.1 -6255.0 76.0
2325.4 -6241.5 76.0
3514.7 -5193.3 86.0
3503.6 -5186.4 85.8
3491.4 -5179.5 85.6
3485.4 -5175.7 85.5
3467.1 -5164.8 85.2
3460.9 -5161.3 85.1
3454.6 -5158.0 85.0
3430.8 -5144.2 84.9
3424.8 -5140.4 84.8
3399.1 -5129.6 84.8
3386.6 -5124.1 85.0
3369.1 -5103.2 84.7
3306.2 -5166.4 85.4
3337.7 -5108.5 85.0
3335.4 -5114.7 85.0
3332.6 -5122.4 85.1
3330.7 -5127.5 85.2
3328.0 -5134.9 85.4
3317.5 -5096.7 84.5
3299.4 -5146.9 85.1
3301.8 -5140.8 85.1
3304.7 -5132.0 85.1
3424.8 -5162.2 85.1
3442.3 -5171.3 85.3
3459.0 -5180.4 85.6
1349.2 -5089.8 53.4
1360.7 -5090.0 53.1
1377.2 -5130.6 53.6
3699.1 -6836.9 84.8
2937.0 -6086.1 79.8
2933.0 -6094.4 79.8
2917.1 -6134.5 79.5
2917.3 -6011.4 81.0
2907.9 -6007.8 81.2
2940.0 -6005.5 80.6
2949.7 -6008.8 80.3
2941.9 -6097.4 79.8
2949.5 -6091.9 79.9
2926.5 -6137.5 79.6
3427.8 -6127.0 84.2
1367.7 -5088.7 52.9
2540.5 -7685.3 63.7
2435.1 -7567.1 64.4
3203.7 -6067.6 82.8
3187.4 -6475.9 78.9
3117.6 -6417.9 78.4
2423.5 -6386.7 77.2
2416.3 -6425.6 76.7
2292.0 -6534.1 75.3
2285.6 -6538.4 75.2
2905.9 -6221.2 77.7
2935.9 -6219.5 78.0
2934.4 -6225.1 77.8
2898.5 -6267.1 76.8
2912.4 -6224.8 77.6
2892.2 -6216.5 77.7
2872.1 -6276.0 76.4
2862.0 -6277.8 76.3
2915.7 -6214.5 78.0
2858.2 -6254.3 76.6
2928.1 -6249.9 77.3
2923.9 -6265.6 77.2
2910.3 -6241.8 77.2
2882.4 -6266.1 76.6
2864.1 -6258.8 76.6
3050.0 -5789.5 82.1
3054.8 -5777.5 81.7
2502.5 -6203.9 77.3
2533.4 -6242.2 76.7
2536.5 -6264.4 76.1
2560.8 -6279.3 75.6
2551.9 -6286.1 75.6
2859.9 -6408.5 76.0
2880.0 -6247.8 76.8
2878.8 -6252.0 76.7
2862.4 -6364.5 76.0
2896.3 -6372.0 76.0
2736.3 -6411.0 74.1
2816.2 -6350.8 76.5
2897.6 -6284.8 76.7
2864.9 -6272.0 76.4
2895.7 -6291.4 76.6
2870.0 -6281.8 76.4
2820.5 -6375.6 76.2
2876.5 -6401.6 75.5
2853.4 -6261.9 76.5
2840.0 -6275.7 76.5
2846.3 -6281.4 76.4
2899.5 -6278.3 76.7
2901.5 -6271.7 76.8
2672.4 -6455.1 75.2
2665.3 -6443.2 75.3
2659.4 -6430.7 75.4
2652.5 -6417.2 75.6
2678.6 -6454.1 75.0
2654.5 -6406.9 75.2
2676.6 -6462.8 75.1
2698.5 -6464.9 74.6
2790.7 -6317.2 77.2
2611.0 -6345.5 75.9
2599.2 -6330.2 75.8
2725.3 -6397.6 74.4
2776.1 -6463.8 73.3
2785.7 -6474.8 73.6
2943.2 -6070.0 79.9
2939.8 -6077.9 79.9
2913.3 -6143.2 79.4
2932.7 -6017.7 80.7
2927.0 -6169.3 79.2
2928.1 -6161.7 79.5
2969.2 -6078.3 80.2
2966.3 -6091.9 80.2
2959.8 -6122.3 80.2
2961.2 -6102.4 80.1
2923.7 -6205.2 78.4
2935.7 -6004.9 80.7
2920.6 -5998.9 81.2
2910.8 -5995.6 81.4
1878.5 -6548.5 62.8
3463.2 -6350.8 81.8
3451.8 -6481.6 81.3
-91.6 -2785.8 90.1
-126.0 -2807.4 90.4
-149.2 -2763.7 91.0
3386.4 -6234.8 81.9
3710.7 -6891.9 84.2
699.3 -7871.6 78.0
3658.9 -6892.3 83.2
4134.1 -7462.0 80.5
4133.2 -7477.7 80.5
4170.3 -7465.6 80.1
4207.7 -7349.0 79.9
111.6 -8783.8 75.8
96.2 -8796.9 76.3
2905.7 -7313.9 67.8
2892.2 -7323.4 67.7
1966.1 -8500.0 80.2
1963.0 -8523.3 80.7
1961.0 -8446.2 78.7
-3809.4 -6474.9 98.4
-3835.9 -6458.1 98.0
2596.4 -7427.7 64.6
2589.8 -7415.4 64.4
2809.8 -6712.8 73.0
2798.2 -6731.5 73.2
2788.8 -6688.6 73.1
2779.2 -6691.7 73.3
2824.2 -6728.3 72.9
2761.7 -6670.8 73.5
2784.6 -6756.5 73.7
2726.6 -6860.8 74.4
2709.2 -6892.2 74.0
2692.9 -6923.7 73.3
-5367.5 -6297.2 127.2
-5366.4 -6307.8 127.0
-5370.7 -6321.0 127.0
-5348.9 -6331.0 126.5
2558.8 -7684.2 63.7
1941.0 -7117.1 63.0
1891.5 -7113.8 61.3
3005.3 -7786.4 62.9
3020.2 -7880.9 65.9
2187.2 -7214.0 65.2
-5201.6 -6095.5 126.7
-5319.1 -6238.4 127.0
-5363.5 -6292.4 127.2
-5247.4 -6150.5 126.6
-5307.1 -6223.4 126.9
-5291.9 -6205.0 126.7
-5182.8 -6082.7 126.5
-5231.7 -6142.4 126.6
-5251.7 -6165.8 126.3
-5313.7 -6242.6 126.9
-5318.6 -6247.3 127.0
-5332.1 -6263.8 127.0
-5349.0 -6285.3 127.0
-5377.3 -6317.7 127.1
2340.1 -6601.5 76.1
2266.6 -6593.2 75.4
2279.3 -6594.4 75.5
2260.3 -6597.5 75.5
2441.7 -6618.8 76.5
2435.3 -6613.1 76.5
2448.0 -6614.5 76.6
2477.8 -6623.6 76.4
2471.7 -6617.9 76.6
2196.7 -6630.4 74.2
2679.5 -6740.4 74.9
2657.9 -6707.6 75.2
2650.8 -6704.8 75.4
1709.2 -6802.3 58.5
1694.7 -6798.5 58.5
1696.0 -6816.2 58.8
1710.2 -6850.2 58.6
1710.6 -6860.6 58.6
1696.9 -6834.3 58.9
1696.0 -6826.5 58.9
1696.8 -6860.1 59.1
1433.3 -6756.2 54.9
3691.8 -6797.1 85.2
3686.5 -6892.4 83.7
3653.4 -6892.2 83.1
3647.8 -6892.2 83.0
3642.3 -6892.1 82.8
2190.4 -7080.4 69.1
2185.4 -7072.2 69.2
2242.5 -7111.1 69.2
2251.0 -7115.8 69.2
2474.1 -6789.4 76.3
3474.0 -6143.3 84.4
3599.2 -6524.4 82.5
3605.6 -6566.3 82.5
2260.9 -7273.3 64.6
2215.4 -7275.4 64.0
2208.5 -7251.9 64.5
2131.7 -7141.5 66.2
2106.9 -7188.7 64.4
2245.9 -7283.2 64.3
2191.2 -7223.9 65.0
2228.3 -7182.9 66.8
2227.8 -7194.7 66.5
2216.5 -7186.1 66.5
2234.3 -7169.2 67.3
2222.7 -7160.2 67.4
2357.6 -7186.0 67.0
2349.3 -7204.2 66.5
2353.8 -7197.3 66.7
2350.8 -7193.1 66.8
2330.1 -7171.7 67.6
2327.3 -7180.7 67.3
2313.8 -7170.8 67.7
2319.2 -7175.9 67.5
2331.6 -7196.5 66.8
2325.1 -7191.8 67.0
2297.1 -7168.1 67.9
2261.4 -7140.2 68.7
2235.1 -7122.8 68.7
2293.0 -7144.1 68.7
2342.7 -7279.3 64.0
2325.5 -7290.7 63.7
2235.1 -7247.9 65.1
2337.4 -7262.9 64.6
2189.0 -7251.8 64.1
2980.1 -6873.2 71.8
2786.7 -6878.5 73.8
2770.4 -6847.8 74.3
2116.3 -7170.4 65.1
2105.3 -7164.8 65.1
1962.9 -7144.2 63.0
1951.8 -7126.4 63.3
1947.8 -7155.3 62.4
2588.6 -6619.3 76.5
2646.8 -6698.5 75.4
2631.6 -6675.2 75.7
2627.2 -6663.2 75.9
2608.4 -6638.9 76.3
2598.0 -6632.9 76.3
2588.9 -6636.8 76.2
2558.7 -6628.1 76.5
2546.2 -6626.1 76.6
2533.1 -6624.8 76.6
2526.8 -6629.1 76.4
2514.4 -6627.9 76.4
2501.5 -6626.0 76.4
2496.2 -6620.7 76.6
2489.9 -6625.0 76.4
2351.4 -6603.3 76.2
2327.6 -6600.4 76.0
2297.5 -6601.5 75.9
2316.0 -6599.3 75.9
2309.7 -6603.6 76.0
2333.7 -6605.8 76.2
2357.4 -6609.0 76.3
2291.3 -6596.0 75.7
2285.0 -6600.3 75.8
2009.0 -6564.5 68.7
1945.9 -6556.3 65.6
1913.5 -6551.7 64.2
2783.8 -7195.4 64.9
2781.5 -7207.3 64.7
2780.6 -7219.3 64.5
2775.3 -7211.4 64.7
2767.4 -7275.4 64.9
2775.1 -7257.2 64.5
2765.8 -7288.2 65.1
2787.0 -7130.3 67.0
2784.5 -7156.5 66.1
2779.0 -7064.7 68.4
2758.9 -7116.3 67.3
2751.0 -7101.4 67.8
2750.8 -7116.6 67.4
2747.8 -7132.0 66.9
2743.5 -7126.1 67.1
2948.3 -6677.8 73.4
2938.4 -6665.6 73.5
2929.2 -6654.5 73.6
2769.6 -6694.9 73.4
3033.7 -6798.5 72.6
3018.2 -6775.1 73.1
2991.9 -6737.3 72.9
3199.0 -6835.2 71.9
3195.9 -6847.7 71.6
2761.0 -6836.2 74.6
2974.5 -6713.2 73.2
2812.0 -6731.6 73.0
2821.8 -6746.5 73.0
2842.7 -6730.9 72.6
2841.5 -6740.7 72.7
2840.2 -6750.4 72.7
2481.0 -6796.6 76.2
2476.5 -6764.5 76.3
2478.5 -6802.3 76.2
2479.4 -6811.9 76.1
2459.6 -6796.1 76.4
2475.9 -6770.7 76.3
2473.4 -6795.6 76.3
2258.5 -7120.9 69.2
2223.9 -7183.5 66.7
2233.5 -7186.6 66.8
2208.8 -7180.2 66.5
2214.4 -7172.5 66.9
2220.3 -7180.8 66.7
2217.0 -7168.8 67.0
2230.5 -7174.6 67.1
2242.3 -7175.3 67.3
2230.5 -7166.3 67.4
2204.4 -6637.2 74.4
2164.1 -7091.9 68.2
2173.7 -7083.3 68.7
-3795.8 -6478.7 98.4
4542.2 -6130.1 91.6
-3751.3 -6452.7 96.6
2901.9 -6206.7 78.2
2937.3 -6213.9 78.2
3347.1 -6115.1 83.6
2493.8 -6210.6 77.2
3407.2 -6224.8 82.2
2929.5 -6244.6 77.3
2888.9 -6224.5 77.4
3402.9 -6122.3 84.0
3190.9 -6835.8 71.7
3342.5 -5839.3 86.5
-5340.8 -6274.9 127.0
-5345.5 -6280.1 127.0
-5362.1 -6301.5 127.0
3476.4 -6362.5 81.9
3425.7 -6347.6 81.5
2828.5 -6325.9 76.9
2838.2 -6305.3 76.7
2925.3 -6260.4 77.2
2321.3 -6604.7 76.1
2303.8 -6597.2 75.8
2273.0 -6598.7 75.7
2477.8 -6752.0 76.3
2683.4 -6476.4 75.0
2678.8 -6468.7 75.1
3102.8 -6434.3 78.1
2064.7 -6806.0 67.7
2878.6 -6368.1 75.8
2927.0 -6194.3 78.8
2925.4 -6199.7 78.6
2590.9 -6337.0 76.0
2949.8 -6178.1 79.2
2947.7 -6186.6 79.1
2806.8 -6371.7 76.1
2914.0 -6180.7 79.0
2884.3 -6260.1 76.7
2864.8 -6241.0 76.9
2811.5 -6361.3 76.3
-5220.7 -6117.2 126.9
-5216.1 -6112.0 126.8
-5324.0 -6243.1 127.1
-5341.1 -6264.9 127.1
-5144.9 -6099.7 125.9
-5166.1 -6096.6 126.2
-5173.9 -6092.3 126.4
-5196.0 -6098.5 126.6
-5273.2 -6193.2 126.6
-5300.1 -6227.0 126.9
2687.7 -6751.1 74.9
2701.3 -6760.0 74.7
3009.5 -6762.9 73.1
2619.8 -6653.5 76.1
2583.0 -6631.1 76.3
2576.7 -6635.4 76.3
2567.5 -6634.4 76.3
2323.4 -7467.5 61.7
3086.8 -5695.5 81.1
3090.9 -5685.0 81.3
3104.3 -5679.6 81.8
3143.3 -5663.9 83.1
3114.6 -5666.0 82.2
3247.5 -6031.7 83.6
3235.7 -6016.0 83.7
3267.5 -6060.4 83.5
3258.7 -6053.4 83.5
3637.4 -6547.2 82.8
4920.9 -7514.3 76.2
4958.1 -7555.0 75.5
4915.9 -7539.1 75.9
3357.5 -6094.2 83.9
3352.4 -6105.2 83.7
3316.5 -6095.7 83.5
3421.3 -6145.9 83.9
3430.3 -6141.1 84.0
3270.6 -5923.4 85.2
3243.4 -5919.0 84.8
3189.7 -5874.4 84.0
3173.9 -5877.0 83.7
3194.9 -5873.5 84.1
3198.0 -5877.1 84.1
3192.8 -5877.9 84.0
3182.3 -5879.7 83.8
3177.1 -5880.6 83.7
3043.0 -6810.9 72.3
2795.1 -6880.0 73.6
2779.0 -6868.1 74.1
2779.2 -6858.7 74.1
3233.4 -6303.9 79.9
3250.3 -6282.9 80.1
2822.4 -6336.0 76.8
3370.9 -5863.8 86.8
3386.9 -5905.6 86.7
3405.5 -5132.0 84.6
2475.2 -7985.0 68.3
2472.5 -7978.1 68.4
2466.0 -7963.9 68.9
2479.6 -7967.4 68.2
2693.2 -6480.1 74.7
2695.6 -6488.4 74.7
2687.1 -6482.9 74.9
2867.0 -6411.7 75.8
2852.4 -6359.9 76.3
2846.0 -6357.4 76.4
2865.1 -6395.5 75.9
2863.9 -6391.8 75.9
2859.0 -6390.5 76.1
2895.8 -6356.9 76.1
2818.6 -6345.6 76.6
2847.6 -6391.4 76.3
2795.5 -6487.7 73.9
2815.9 -6513.4 74.4
2824.6 -6523.8 74.6
4332.7 -8356.8 65.1
4139.5 -7416.0 80.5
4138.6 -7431.7 80.5
4138.0 -7447.4 80.5
4183.1 -7424.6 80.0
4160.8 -7480.0 80.2
4212.6 -7334.3 79.8
4193.8 -7373.3 80.0
-5764.8 1251.7 54.8
-5776.5 4843.5 35.6
2912.0 -8053.2 63.9
4983.3 -7532.0 75.7
1972.0 -6821.3 64.2
2650.1 -6696.2 75.4
2573.8 -6630.1 76.4
2350.9 -7281.9 63.9
2343.7 -7267.8 64.4
2331.2 -7258.0 64.8
-3825.2 -6425.6 99.1
-3830.0 -6440.0 98.3
2474.7 -6783.2 76.3
2672.6 -6959.2 72.4
2619.1 -7043.8 70.4
2592.4 -7080.8 69.4
2729.9 -6795.5 74.5
2720.2 -6793.6 74.6
2737.4 -6805.5 74.6
2720.4 -6783.6 74.5
2712.1 -6783.0 74.7
2704.0 -6772.3 74.8
2695.8 -6761.7 74.8
2769.6 -6857.8 74.2
2761.0 -6846.6 74.3
2771.3 -6780.8 74.1
2700.4 -6908.4 73.6
2339.2 -7188.1 67.0
2328.7 -7471.8 61.9
1946.4 -7121.7 63.1
1924.8 -7103.3 62.5
1918.4 -7152.9 61.9
1914.6 -7147.4 61.9
2175.4 -813.1 59.8
2197.9 -844.4 60.2
4402.6 4883.8 77.3
-5757.2 1225.3 54.6
-5979.6 981.3 62.5
-5903.9 1079.3 60.4
-5939.6 1011.9 62.2
-5834.6 933.1 64.2
-5753.7 1229.4 54.7
-5767.8 1247.3 54.8
-5999.3 991.7 61.2
-5914.8 1072.7 60.6
2807.3 -6981.5 71.1
2801.2 -7005.1 70.2
2807.4 -6955.0 71.7
2804.3 -6980.1 70.9
2660.5 -6979.2 71.8
2817.1 -6722.1 72.9
2804.0 -6722.2 73.1
2763.2 -6685.1 73.5
2771.0 -6672.0 73.3
2771.8 -6651.7 73.7
2761.0 -6650.3 74.1
2706.7 -7077.2 68.7
2767.8 -7124.6 67.0
2767.8 -7107.1 67.4
2767.2 -7141.9 66.5
2740.7 -7117.0 67.4
2739.8 -7107.9 67.7
2802.5 -7019.6 70.1
2799.3 -7045.0 69.2
2651.9 -6993.8 71.4
3702.6 -6892.1 84.1
3670.0 -6892.5 83.4
4366.4 -7016.5 78.6
4758.9 -5957.2 96.5
2905.6 -6261.1 77.0
2714.6 -6383.8 74.6
2901.8 -6956.2 71.3
3061.3 -6835.5 71.8
3010.5 -6927.1 72.1
3062.6 -7127.6 71.0
2927.6 -7004.5 70.8
2919.7 -6985.4 71.0
2710.9 -6771.8 74.6
2851.6 -6939.3 71.5
2511.5 -6232.9 76.9
1967.1 -6826.9 64.0
1683.2 -6799.2 58.5
2900.9 -6214.7 77.9
3250.6 -6023.9 83.8
2936.2 -6018.7 80.6
4189.2 -7477.5 79.9
4183.3 -7469.6 80.0
4139.5 -7424.3 80.5
4137.2 -7470.9 80.4
4135.0 -7430.5 80.5
4134.4 -7446.2 80.5
4193.8 -7390.6 80.0
4187.9 -7388.3 80.0
4169.5 -7447.7 80.1
2186.5 -831.4 59.9
2160.0 -783.6 59.9
4204.0 -7333.5 79.9
4196.9 -7363.7 80.0
-5163.1 -6056.2 126.4
-5160.8 -6085.9 126.2
-5186.7 -6088.4 126.5
-5747.4 1238.2 54.8
-5847.5 920.7 64.5
2750.7 -8763.3 72.4
1976.3 -8479.7 79.9
1966.7 -8452.9 79.0
1954.1 -8512.5 80.3
2642.1 -8407.6 68.3
2668.0 -8458.8 69.0
4369.2 4874.0 78.6
-5886.9 1054.5 61.0
2465.4 -6622.2 76.5
2460.1 -6774.9 76.4
2783.7 -6679.9 73.2
2781.5 -6673.3 73.1
2717.1 -7104.0 68.0
2990.0 -7033.0 70.7
2475.3 -6776.9 76.3
2452.5 -6794.6 76.4
2775.8 -6772.7 74.0
1960.4 -7505.7 63.8
1708.0 -7262.7 60.7
4472.7 -7776.2 76.5
91.1 -8801.2 76.5
2762.3 -7335.6 65.8
2603.0 -7414.8 64.6
2995.5 -7768.2 62.7
2620.7 -7809.2 62.6
1955.3 -7149.7 62.7
2217.0 -7316.7 62.8
2542.4 -7650.5 64.0
2535.9 -7637.0 64.2
-5323.1 -6252.7 127.0
-5229.3 -6128.8 126.9
-5350.9 -6275.8 127.1
-3775.9 -6444.3 96.7
-873.1 -4143.2 85.5
-151.3 -2772.0 90.9
-125.0 -2747.9 90.9
5403.2 -6125.2 97.6
2336.2 -7274.5 64.2
2320.0 -7298.2 63.5
2314.8 -7283.6 64.0
1708.4 -7282.1 60.7
2773.7 -7224.2 64.5
3104.7 -7239.9 71.3
3091.5 -7204.7 71.3
2319.1 -7276.6 64.2
2309.5 -7290.8 63.8
2298.4 -7306.7 63.3
2735.6 -7063.5 68.8
2772.4 -7076.2 68.2
2771.3 -7099.0 67.6
2759.3 -7107.4 67.6
2778.2 -7186.2 65.0
2345.6 -7209.7 66.3
2288.0 -7140.7 68.8
2697.9 -8143.8 64.1
2709.1 -8140.6 64.0
2729.2 -8134.9 63.7
2777.2 -8112.3 63.1
2785.0 -8120.3 63.1
2794.8 -8118.2 63.0
2841.8 -8105.8 62.5
-822.5 -4156.2 86.1
4190.1 -7402.3 80.0
4178.1 -7423.8 80.1
4201.9 -7348.0 79.9
-5841.1 916.1 64.7
1718.0 -7416.6 61.5
1699.7 -6936.7 59.0
1702.2 -7093.0 58.4
-109.2 -2761.8 90.5
1935.6 -7112.5 62.8
1895.4 -7119.4 61.4
2584.9 -6312.0 75.3
2340.8 -6224.8 76.1
3449.9 -6339.2 81.8
3408.3 -6397.6 81.2
3445.5 -6380.1 81.6
2385.1 -8222.5 69.7
-3753.5 -6459.3 96.9
2646.6 -6400.2 75.4
2533.3 -6242.6 76.7
2428.7 -6425.3 77.0
3148.8 -6383.3 78.9
3142.6 -6390.1 78.8
686.3 -7868.0 78.7
3371.9 -5109.4 84.8
-5750.5 1233.6 54.7
-5836.5 925.4 64.4
-5833.6 922.6 64.4
2839.7 -6381.1 76.4
3133.4 -6400.3 78.5
3469.8 -6356.7 81.9
3449.4 -6373.0 81.6
3387.6 -5869.9 86.9
-5224.8 -6123.1 126.9
-5152.4 -6042.4 126.3
-5903.3 1054.9 61.0
-5892.2 1062.2 60.8
-5868.0 1026.9 61.7
-5870.3 972.3 63.2
5185.5 -6253.3 96.4
5178.2 -6285.8 96.3
-5299.9 -6213.7 126.8
-5269.4 -6178.2 126.5
-5295.7 -6208.8 126.8
-5168.4 -6061.6 126.4
-5242.0 -6154.7 126.4
-5246.7 -6160.2 126.3
2222.3 -7172.5 67.0
2236.4 -7182.9 67.0
1710.8 -7205.6 59.8
1710.2 -7196.3 59.6
1687.7 -6941.6 59.1
1701.2 -7072.9 58.3
1771.6 -6922.1 59.4
1752.0 -6922.6 59.3
4332.0 -8374.4 64.4
-5314.6 -6232.8 127.0
-5346.2 -6270.7 127.1
-5257.0 -6161.6 126.5
-5173.7 -6071.6 126.4
-5176.8 -6088.6 126.4
-5209.4 -6114.9 126.7
-861.1 -4145.8 85.7
2257.2 -7289.0 64.1
2219.5 -7176.1 66.9
2300.7 -7153.2 68.3
2284.3 -7155.3 68.3
2314.1 -7306.2 63.3
2325.7 -7267.0 64.5
2303.9 -7298.1 63.6
2460.9 -6616.5 76.7
2690.0 -6490.1 74.9
2776.9 -7198.6 64.9
2770.6 -7249.8 64.6
2769.3 -7307.9 65.3
2785.6 -7144.9 66.5
3026.7 -6787.4 72.9
3059.0 -7117.8 71.0
3003.2 -7068.6 70.8
2909.1 -6976.5 71.1
3151.3 -6426.7 78.8
3159.7 -6434.2 78.8
2828.3 -6389.0 76.1
2753.3 -7044.6 69.1
2805.8 -6967.5 71.3
2756.1 -7101.6 67.7
2749.9 -7107.7 67.7
3182.5 -6471.5 78.9
1847.2 -7388.9 56.5
1771.8 -6929.0 59.4
1685.4 -6867.9 59.3
678.3 -7865.8 79.0
3053.0 -7767.7 62.6
2965.7 -7778.2 62.8
2998.2 -7655.5 63.5
2782.8 -7355.4 66.0
2757.3 -7931.2 61.6
2527.7 -7767.8 63.3
2515.7 -7639.2 64.2
2574.3 -7714.7 63.4
2577.7 -7721.5 63.4
2604.4 -7776.0 62.9
2610.2 -7815.6 62.6
2137.5 -7764.2 72.9
2130.8 -7819.5 75.3
2942.4 -7564.5 63.3
2919.7 -7536.4 63.4
2854.2 -7455.2 65.3
2812.2 -7402.9 65.9
-116.6 -2808.5 90.3
2644.9 -6691.6 75.5
2520.2 -6226.2 76.9
3489.7 -6374.2 82.0
3456.6 -6345.0 81.8
3426.3 -6496.3 81.0
3051.8 -6824.9 72.0
2806.7 -6501.1 74.3
3179.2 -5876.1 83.8
3187.6 -5878.8 83.9
2965.3 -6942.5 72.1
1731.4 -6909.5 59.2
3479.0 -5172.2 85.4
3418.6 -5137.4 84.7
3411.9 -5134.5 84.6
-5195.6 -6087.7 126.7
-5354.4 -6281.1 127.1
-5303.6 -6219.0 126.9
-5383.1 -6316.7 127.2
-889.3 -4139.2 85.1
-5906.6 952.6 63.7
2790.9 -7365.2 66.1
2922.1 -7799.1 64.0
2894.0 -8015.1 63.9
2792.1 -8111.3 62.9
1763.0 -7168.8 57.8
3509.0 -5189.7 85.9
3473.0 -5168.9 85.3
3375.8 -5115.2 84.9
3476.1 -5194.9 86.0
2679.7 -8148.6 64.3
2739.2 -8132.3 63.6
2770.6 -8806.1 72.1
2764.4 -8766.0 72.1
2661.1 -8469.5 69.2
-5734.6 1228.1 54.6
-5773.8 1238.5 54.8
-5854.9 925.9 64.4
-118.0 -2748.4 90.8
-141.6 -2784.1 90.7
2355.5 -6245.7 76.3
2014.0 -8377.6 78.4
3328.2 -5069.7 83.7
3126.4 -5661.2 82.6
2055.2 -5611.5 63.3
4961.7 -7541.8 75.7
2214.7 -864.5 60.5
2916.0 -6197.9 78.6
3215.7 -6074.3 82.8
3483.1 -6368.3 82.0
2746.7 -6423.9 73.9
2936.8 -6167.2 79.2
2945.0 -6092.3 79.9
2942.7 -6203.8 78.6
2804.5 -6376.9 76.0
2816.7 -6310.4 77.2
-5758.9 1247.1 54.9
-5770.8 1243.3 54.9
-5789.9 1223.9 55.1
-5994.1 978.9 62.0
-6003.0 959.2 62.4
-5862.9 1005.2 62.3
3496.3 -6380.0 82.0
3170.0 -6428.0 78.8
3164.4 -6437.7 78.9
3388.9 -6437.5 80.9
3269.1 -6274.1 80.3
3689.9 -6833.5 84.7
3666.5 -6882.4 83.5
3664.4 -6892.4 83.3
3463.9 -8081.1 70.0
5026.8 -6102.5 96.3
2689.3 -8146.3 64.2
2747.3 -8129.9 63.5
2755.9 -8116.0 63.3
2766.4 -8125.0 63.3
2759.7 -7125.1 67.1
2345.0 -6607.6 76.3
2363.7 -6604.7 76.3
2429.0 -6617.4 76.5
2520.7 -6623.6 76.6
2424.5 -7567.4 64.4
2927.2 -7545.9 63.4
2956.1 -7574.2 63.1
2772.2 -7237.0 64.5
2767.6 -7345.8 65.9
2811.1 -7393.5 66.1
2831.8 -7418.8 65.8
2818.8 -7371.9 66.6
2800.9 -7032.3 69.6
2798.1 -7030.1 69.6
3214.4 -6827.4 72.3
2656.0 -6424.4 75.5
2687.2 -6442.5 74.8
2680.3 -6459.1 75.0
2854.2 -6406.7 76.1
2906.7 -6213.2 78.0
2933.0 -6230.7 77.7
2523.3 -6248.3 76.6
2546.2 -6260.2 76.2
2601.5 -6351.5 76.2
2759.3 -6441.5 73.6
2922.1 -6210.6 78.2
2882.1 -6242.8 76.9
2883.6 -6237.3 77.1
2857.5 -6394.5 76.1
2831.5 -6320.8 76.9
2922.5 -6270.9 77.1
2809.2 -6366.5 76.2
2883.0 -6386.3 75.7
2917.1 -6227.0 77.6
2909.3 -6314.8 76.6
2886.0 -6211.2 77.9
2908.7 -6294.3 76.8
2905.0 -6262.3 77.0
2907.7 -6250.9 77.1
2903.2 -6267.6 76.9
2813.9 -6356.0 76.4
3346.5 -5900.6 86.3
2841.3 -6544.7 74.5
2860.0 -6568.3 74.4
3069.2 -5740.0 81.1
3283.4 -5932.3 85.3
3184.4 -5875.2 83.9
3200.1 -5872.6 84.2
2921.9 -6179.8 79.0
2919.7 -6127.9 79.5
2983.6 -7837.3 65.0
2955.1 -7771.3 62.8
2610.8 -7788.9 62.8
4546.8 -5406.8 94.1
3001.1 -6749.8 72.9
2956.5 -6689.5 73.4
2926.3 -6949.1 71.5
2877.8 -6961.8 71.0
2861.5 -6948.6 71.1
2728.4 -6804.2 74.6
2804.1 -7006.9 70.3
2805.7 -6994.2 70.6
2802.7 -6992.6 70.6
2807.0 -6741.2 73.2
2547.2 -7697.9 63.6
2536.9 -7678.7 63.8
2571.0 -7708.0 63.5
2391.4 -8211.2 70.5
3443.4 -5150.4 84.9
3436.9 -5147.0 84.9
3392.4 -5126.9 84.9
3315.2 -5156.5 85.5
2404.4 -6276.5 76.7
1998.7 -7481.8 63.1
2098.7 -7184.6 64.4
2219.6 -7188.8 66.5
2292.6 -7164.6 68.0
2253.6 -7135.0 68.7
2245.5 -7129.7 68.7
2268.5 -7127.6 69.2
1631.1 -6780.1 57.2
1731.7 -6923.8 59.1
1697.2 -6851.0 59.0
1713.8 -6907.5 59.1
1752.9 -6950.1 59.2
1772.1 -6935.9 59.4
2052.7 -6811.7 67.2
1966.8 -6833.3 64.0
1715.5 -7470.5 61.9
3045.4 -5802.4 82.5
3057.2 -5771.9 81.6
3065.7 -5749.2 81.2
3037.7 -5821.8 82.5
3356.4 -5906.4 86.4
-5363.3 -6323.7 126.8
1856.4 -6543.6 62.2
2874.2 -6414.8 75.6
2903.1 -6293.9 76.7
2684.7 -6469.4 74.9
2668.7 -6410.9 74.8
2576.1 -6319.0 75.5
2571.4 -6293.3 75.4
2562.4 -6298.7 75.3
3443.3 -6333.4 81.7
3410.1 -6474.7 81.0
3166.1 -6425.6 78.8
3447.1 -6681.9 80.5
2671.4 -6729.8 75.0
2832.9 -6534.3 74.6
2930.9 -6239.4 77.5
2882.7 -6219.5 77.6
2875.9 -6236.0 77.1
3401.3 -6091.4 84.3
3242.4 -6083.9 83.0
3378.7 -6239.5 81.7
2951.9 -6158.4 79.5
2932.6 -6123.4 79.7
2378.4 -8055.8 72.8
2376.2 -8043.2 72.8
2328.8 -7764.3 68.1
2358.3 -7876.1 71.0
-5274.3 -6183.7 126.5
-5158.4 -6050.4 126.3
2242.9 -7110.4 69.2
2719.1 -7075.3 68.7
2724.0 -7066.7 68.9
2764.1 -7094.8 67.8
2759.3 -7092.2 67.9
2786.9 -6991.0 70.7
2895.1 -6945.5 71.2
2995.5 -6934.2 72.1
2989.0 -6935.9 72.2
2952.9 -6946.5 71.8
2946.5 -6947.5 71.7
2981.5 -6938.3 72.2
2941.2 -6948.2 71.6
3024.0 -7086.0 70.9
2993.4 -7060.4 70.7
2917.2 -6995.6 70.9
2956.1 -6946.7 71.9
-102.6 -2770.3 90.3
-5376.9 -6309.0 127.2
4137.8 -7455.7 80.4
4136.0 -7490.2 80.4
4202.6 -7364.7 79.9
2983.2 -6726.0 73.1
-5371.8 -6303.5 127.2
-5290.5 -6213.5 126.8
-5357.0 -6326.8 126.7
3039.7 -5816.1 82.6
3344.7 -6378.3 80.7
3276.0 -5900.5 85.3
3425.2 -6428.3 81.2
2917.6 -6637.8 73.8
2766.8 -6452.4 73.4
2945.6 -6022.3 80.3
2930.3 -6002.2 80.9
2751.6 -7125.6 67.1
2226.8 -7172.1 67.1
2231.2 -7179.0 67.0
2764.2 -7301.0 65.2
3074.7 -7204.4 71.1
3197.2 -6831.6 71.9
3189.7 -6845.7 71.5
3666.4 -6834.3 84.2
2054.6 -6853.3 67.3
1696.5 -6843.4 59.0
1697.8 -6892.1 59.3
1751.6 -6908.8 59.3
-5199.8 -6104.7 126.7
-5898.2 1046.7 61.3
-5864.1 1018.1 62.0
-5844.8 914.5 64.8
4686.9 -5826.5 96.6
4667.6 -5838.1 96.7
3495.9 -8107.9 69.5
2829.8 -7756.6 62.3
2888.9 -7821.1 64.0
2977.4 -7761.7 62.6
3004.6 -7950.7 66.8
2957.6 -7717.2 62.4
3036.1 -7708.8 62.3
2772.0 -7950.8 61.7
2744.1 -7914.6 61.5
3160.0 -7875.6 65.1
2884.7 -6944.2 71.1
2862.6 -6941.1 71.3
2871.4 -6946.7 71.0
3018.8 -6923.1 72.2
2934.0 -6949.1 71.6
3003.5 -6929.9 72.1
2947.3 -7021.3 70.7
2957.0 -7029.6 70.7
2937.5 -7000.5 70.9
2960.3 -7019.6 70.8
2928.6 -6992.9 71.0
2936.8 -7012.3 70.8
2909.1 -6988.7 71.0
2888.5 -6959.2 71.1
2900.8 -6969.5 71.1
2891.5 -6973.6 71.1
2868.0 -6954.9 70.9
2972.4 -6941.0 72.1
1976.2 -6561.7 67.0
2118.4 -6577.2 71.8
2431.4 -7568.5 64.4
4920.5 -7536.8 75.9
2414.6 -6414.1 76.8
2426.3 -6408.1 77.2
2773.5 -6682.5 73.3
1975.5 -7478.9 62.8
2008.8 -7511.6 64.5
2334.0 -7477.0 62.0
648.9 -7861.5 80.2
2319.9 -7471.8 61.8
2383.8 -8045.1 72.5
2406.7 -8127.6 72.4
1909.4 -7427.8 59.7
1833.1 -7385.9 57.1
1962.6 -7135.6 63.2
4136.8 -7478.9 80.4
2454.6 -6620.8 76.5
2507.8 -6621.7 76.6
2484.1 -6619.3 76.6
2410.1 -6285.2 76.6
3703.5 -6839.3 84.9
2799.6 -7017.6 69.9
2796.5 -7042.7 69.2
2940.7 -7554.8 63.2
2933.2 -7545.9 63.2
2925.6 -7536.5 63.2
2870.0 -7466.1 65.0
2805.1 -7393.4 65.9
3023.9 -7236.2 69.7
4138.7 -7440.5 80.4
4327.6 -8378.1 64.2
5181.7 -6301.8 96.3
4757.2 -5948.1 96.5
4747.5 -5952.4 96.5
3368.2 -5900.4 86.5
3265.0 -5925.1 85.1
2522.2 -7761.3 63.3
2424.0 -7926.0 70.7
2447.2 -7971.4 69.6
2581.0 -7728.2 63.3
2584.3 -7735.0 63.2
2594.2 -7755.2 63.1
2613.9 -7795.5 62.7
2599.7 -7795.6 62.8
2557.7 -7715.8 63.5
2554.2 -7709.1 63.5
2551.4 -8130.2 66.5
2442.5 -8110.2 70.7
2629.8 -8342.1 68.9
3674.5 -6840.6 84.2
3672.7 -6833.9 84.3
3694.6 -6892.2 83.9
1698.2 -6899.8 59.3
1709.6 -6807.2 58.5
1695.6 -6807.8 58.7
1709.5 -6824.7 58.5
2910.1 -6152.0 79.4
2610.0 -7470.7 65.1
2595.8 -7450.9 64.8
2847.1 -7445.6 65.5
2595.0 -7399.6 64.4
743.4 -7877.9 75.8
720.3 -7877.7 77.0
3227.3 -6036.9 83.4
3329.5 -6090.3 83.7
3379.1 -5860.7 86.9
3203.3 -5876.2 84.2
2926.8 -6015.1 80.8
4947.6 -7492.9 76.3
3046.0 -7737.6 62.3
2947.2 -7776.0 62.9
2965.8 -7754.4 62.5
3034.1 -7751.3 62.5
2972.3 -7602.7 63.2
2948.3 -7564.6 63.2
2776.6 -7244.6 64.3
2782.0 -7364.6 66.0
2776.0 -7355.5 66.0
2784.4 -7381.1 65.7
2635.5 -6672.5 75.6
2623.7 -6665.4 75.8
2615.9 -6656.2 76.0
2552.4 -6632.4 76.3
2539.9 -6630.4 76.4
2833.9 -7361.6 66.9
2628.9 -7029.5 70.6
2782.6 -6653.0 73.2
2157.2 -7782.2 73.3
2136.3 -7786.3 73.9
1875.0 -7707.2 69.1
3479.5 -8139.0 69.9
4336.3 -8370.7 64.6
4189.8 -7350.9 80.0
4184.6 -7401.3 80.0
4133.6 -7469.7 80.5
4135.9 -7414.8 80.5
4483.8 8834.4 47.2
-3781.7 -6461.0 97.4
-3825.1 -6469.1 98.4
-5191.6 -6094.3 126.6
-5204.5 -6109.9 126.7
2355.9 -7821.7 69.2
2533.4 -7672.1 63.8
2508.6 -7626.0 64.3
2497.7 -7605.6 64.6
2597.5 -7762.0 63.0
2607.4 -7782.1 62.9
2624.2 -7816.4 62.6
2582.2 -7762.4 63.1
2571.7 -7742.4 63.2
2519.6 -7603.4 64.6
2532.6 -7630.3 64.2
2549.0 -7664.0 63.9
2562.1 -7691.1 63.6
2262.0 -8133.8 78.4
1982.9 -7474.6 62.6
1970.6 -7464.4 62.1
1900.8 -7411.6 58.3
1899.7 -7420.7 59.0
4362.7 -7011.0 78.6
2485.1 -6814.3 76.1
2477.2 -6758.2 76.3
2472.8 -6801.9 76.2
2456.5 -6783.0 76.4
2453.0 -6789.3 76.4
3098.8 -7224.0 71.3
3084.8 -7186.7 71.2
3071.4 -7151.1 71.1
3058.6 -7214.4 70.7
3037.2 -7228.0 70.1
3006.7 -7248.3 69.0
2981.3 -7264.2 68.6
2928.3 -7300.0 68.1
2329.9 -7481.9 62.0
2325.7 -7486.8 62.1
2324.9 -7476.9 61.9
2317.3 -7496.5 62.2
2313.2 -7501.3 62.2
2312.7 -7491.0 62.0
2308.0 -7485.6 61.9
2307.8 -7496.1 62.1
2302.4 -7490.9 61.9
2035.4 -6567.9 69.7
2163.8 -6583.8 73.0
1977.3 -8501.8 80.5
1919.6 -8451.6 78.3
1959.0 -7456.7 61.7
1943.2 -7444.6 61.1
1920.3 -7426.3 59.7
1839.0 -7395.4 57.1
1831.6 -7384.2 57.1
2192.9 -6616.5 74.2
2142.5 -6579.9 72.4
2088.7 -6574.0 71.0
2051.9 -6569.5 70.2
2051.0 -6827.3 67.1
2957.5 -7583.0 63.2
2963.5 -7583.1 63.1
2950.1 -7574.2 63.3
2934.7 -7554.7 63.3
2879.6 -7485.5 64.6
2870.1 -7473.7 64.9
2862.7 -7456.6 65.2
2854.5 -7447.3 65.3
2838.9 -7435.7 65.6
2839.7 -7428.5 65.6
2885.6 -7485.5 64.7
2877.6 -7474.8 64.9
2861.9 -7464.3 65.1
2847.0 -7438.1 65.5
2831.6 -7426.7 65.7
2367.9 -8059.1 73.3
2343.5 -8032.8 74.0
2353.3 -8027.6 73.6
2467.4 -8009.5 68.7
2460.7 -7997.1 68.8
2267.1 -8052.4 77.4
2266.5 -8061.8 77.5
2273.4 -7972.6 76.7
2297.8 -7935.1 74.8
2429.9 -8119.1 71.4
2472.8 -8099.5 69.4
2751.2 -7878.4 61.8
2796.5 -7983.3 61.7
2777.3 -7957.3 61.8
2873.7 -8031.2 62.7
2720.9 -8124.6 63.7
2757.1 -8127.8 63.4
2776.2 -8122.1 63.2
2814.4 -8111.8 62.8
2821.6 -8112.3 62.7
2831.9 -8109.5 62.6
2393.0 -8043.0 72.1
2380.9 -8025.6 72.4
2360.1 -8046.5 73.5
2497.0 -8059.5 68.0
2520.6 -8099.3 67.4
2480.8 -8031.9 68.4
2260.8 -8151.6 77.6
2264.7 -8092.5 77.9
2381.5 -8178.2 73.4
2382.0 -8136.4 73.5
1993.9 -6946.8 65.4
2059.5 -6806.0 67.5
2053.3 -6805.5 67.3
2978.3 -7602.8 63.1
2965.1 -7592.8 63.2
2971.1 -7592.9 63.1
2960.1 -7807.2 64.0
2982.6 -7754.4 62.5
3032.4 -7742.8 62.4
2966.1 -7727.6 62.3
3042.9 -7740.1 62.3
3048.1 -7726.7 62.3
3039.8 -7798.7 63.1
3020.6 -7807.1 63.4
2988.9 -7799.6 63.4
2988.7 -7787.8 63.0
2999.8 -7810.1 63.8
1772.4 -7221.1 58.5
1708.6 -7271.3 60.7
1709.0 -7302.4 60.8
1991.3 -7518.9 64.6
1965.0 -7528.6 64.9
1731.6 -6916.6 59.2
1732.0 -6938.1 59.0
1710.9 -6874.3 58.8
1697.2 -6867.9 59.1
1713.8 -6899.7 59.0
1712.6 -6927.0 58.9
1713.0 -6935.4 58.8
1697.4 -6885.0 59.2
1697.6 -6876.2 59.2
1752.6 -6943.2 59.2
1751.8 -6915.7 59.3
1684.7 -6842.8 59.1
1686.2 -6892.4 59.5
2613.8 -7484.2 65.2
2616.9 -7477.8 65.2
2540.2 -7919.5 66.0
2551.4 -7927.4 65.4
1717.4 -7398.9 61.6
1714.9 -7453.0 61.8
1713.8 -7437.3 61.7
2337.5 -7786.5 68.6
1708.6 -7253.0 60.7
2366.3 -8037.5 73.1
2371.5 -8014.3 72.7
2357.0 -8036.2 73.5
2336.9 -8038.3 74.4
2265.8 -8074.4 77.7
2268.4 -8031.5 77.1
2289.0 -7946.4 75.4
2369.6 -8175.0 73.9
2385.1 -8190.3 72.6
2373.1 -8185.6 73.2
2378.1 -8166.9 74.0
2365.9 -8163.8 74.5
2262.7 -8122.7 78.3
2263.6 -8109.4 78.1
4381.2 4873.6 78.2
4393.2 4882.8 77.6
1688.4 -6966.1 58.8
3140.8 -7890.8 65.9
3003.6 -7833.8 64.7
3065.4 -7834.6 64.1
3001.2 -7866.5 65.6
2918.6 -7996.8 65.5
2926.6 -8047.4 64.5
2519.2 -7645.7 64.1
2539.3 -7644.0 64.1
2526.1 -7616.8 64.4
2762.1 -7326.9 65.6
2809.0 -7398.1 65.9
1709.9 -7185.2 59.4
1701.8 -7063.8 58.2
1728.3 -7143.4 58.0
1957.2 -7131.0 63.3
1940.3 -7160.8 62.1
1932.7 -7166.4 61.8
1930.2 -7107.9 62.6
1926.1 -7164.1 61.8
1922.3 -7158.5 61.8
3014.0 -7077.6 70.8
3031.9 -7092.6 70.9
2982.9 -7051.5 70.7
2973.7 -7043.8 70.6
2307.9 -7314.2 63.1
2363.7 -8022.7 73.1
2280.7 -7960.8 76.1
2247.0 -8023.2 78.1
2321.5 -7491.6 62.1
2348.0 -6234.9 76.2
2144.4 -7772.4 73.2
2136.2 -7831.2 75.6
2168.9 -7790.0 73.3
2146.9 -7802.1 74.3
1732.2 -6945.2 59.0
1732.4 -6952.4 58.9
1711.3 -6884.1 58.8
1713.8 -6955.4 58.6
1771.4 -6915.2 59.5
1771.2 -6908.3 59.5
1752.4 -6936.3 59.2
1752.2 -6929.5 59.3
1751.3 -6901.9 59.4
2652.9 -6701.7 75.3
2346.4 -7804.2 68.9
2159.3 -7820.3 74.7
2148.5 -7831.9 75.4
2141.2 -7793.3 74.1
2772.9 -7282.6 64.8
2771.0 -7295.1 65.0
2762.6 -7313.8 65.4
2768.3 -7320.0 65.5
2774.5 -7345.0 65.8
2823.9 -7417.0 65.8
2821.3 -7407.4 65.9
2818.2 -7403.0 66.0
2815.3 -7407.3 65.8
2815.0 -7398.1 66.0
2610.2 -7409.1 64.6
2604.7 -7401.2 64.5
2966.3 -6701.4 73.4
2788.0 -6870.2 73.9
2823.0 -6737.4 72.9
2780.2 -6764.6 73.8
2766.9 -6788.9 74.3
2762.5 -6797.0 74.4
2735.3 -6845.1 74.4
2718.7 -6875.4 74.4
2755.5 -6865.6 74.2
1878.8 -7678.8 68.1
1884.8 -7683.7 68.4
5198.8 -6296.8 96.4
2867.5 -7339.5 67.5
2856.8 -7345.9 67.4
2575.1 -7806.0 62.8
2617.4 -7802.4 62.7
2603.0 -7802.1 62.7
2606.6 -7808.9 62.7
2544.0 -7691.9 63.7
2590.9 -7748.5 63.1
2600.8 -7768.7 63.0
2585.7 -7769.0 63.0
2564.7 -7729.1 63.4
2552.2 -7670.7 63.8
2926.7 -6255.1 77.2
2902.6 -6338.1 76.3
2876.3 -6264.4 76.6
2231.0 -7297.6 63.6
2208.3 -7288.3 63.4
2529.8 -7665.5 63.9
2526.3 -7658.9 64.0
2522.9 -7652.5 64.0
2512.1 -7632.6 64.3
2505.1 -7619.4 64.4
2501.5 -7612.8 64.5
2567.9 -7701.6 63.5
2587.6 -7741.7 63.2
2575.2 -7749.1 63.2
2568.2 -7735.8 63.3
2561.2 -7722.5 63.4
2555.5 -7677.4 63.7
2545.7 -7657.2 63.9
2529.4 -7623.6 64.3
2522.8 -7610.1 64.5
2515.6 -7595.2 64.6
2428.0 -7581.7 64.6
2425.3 -7573.0 64.5
2589.2 -7460.6 64.8
2541.0 -7789.4 63.1
2592.9 -7782.9 62.9
2589.2 -7775.7 63.0
1951.8 -7507.8 63.9
1999.9 -7515.8 64.6
1981.0 -7524.6 64.8
1844.7 -7399.8 57.2
3497.6 -8094.1 69.5
2484.6 -7977.7 67.9
2477.3 -7949.0 68.5
2536.5 -7914.2 66.2
2469.0 -7957.6 68.8
2540.3 -8111.2 66.7
2507.8 -8077.4 67.7
2613.6 -7822.3 62.6
2703.3 -8118.9 63.7
2719.1 -8137.9 63.8
2765.0 -8113.9 63.2
2804.6 -8114.8 62.9
2789.3 -7973.4 61.8
728.1 -7879.9 76.7
713.9 -7875.8 77.3
2381.6 -8211.9 70.4
2388.6 -8201.8 71.6
2395.0 -8223.5 69.6
2377.2 -8198.2 72.0
2637.4 -8366.9 68.4
2633.7 -8354.9 68.7
2542.5 -7925.5 65.8
2530.5 -7919.0 66.4
2437.3 -7947.1 70.3
2659.8 -8439.5 68.5
2654.5 -8422.4 68.3
2645.2 -8392.2 68.2
2691.2 -8534.3 70.7
2670.3 -8468.2 69.2
1919.4 -7098.6 62.3
1914.0 -7094.0 62.1
1906.9 -7136.2 61.7
1903.0 -7130.6 61.6
1899.2 -7125.0 61.5
3008.2 -7913.3 66.3
3021.9 -7915.1 66.4
2982.2 -7861.5 65.3
2995.2 -7850.7 65.3
2901.4 -7831.9 64.2
2764.5 -7941.3 61.7
705.9 -7873.6 77.7
1949.1 -8432.3 78.4
1931.6 -8433.6 78.2
1965.9 -8514.2 80.6
1958.7 -8482.9 79.6
1955.1 -8459.5 79.0
1954.8 -8528.6 80.7
1951.5 -8484.3 79.5
1947.5 -8468.4 79.0
2769.6 -8793.0 72.0
2767.1 -8784.3 72.1
2748.4 -8753.2 72.4
3405.6 -8255.4 72.4
2648.4 -8402.5 68.2
2642.5 -8383.4 68.2
2639.9 -8375.0 68.3
4327.8 -8360.0 64.9
4318.1 -8366.4 64.6
4323.0 -8363.1 64.7
4340.7 -8367.0 64.8
4176.8 -7475.6 80.1
4137.7 -7463.2 80.4
4135.9 -7423.1 80.5
4134.3 -7454.5 80.5
4175.2 -7449.8 80.1
4165.0 -7464.1 80.2
4165.3 -7481.4 80.2
4199.6 -7374.4 79.9
-2735.6 3624.0 57.2
-2722.7 3631.6 57.1
-2709.7 3639.1 56.9
-2696.8 3646.7 56.6
-2683.8 3654.3 56.4
-2670.9 3661.9 56.2
-2658.0 3669.5 55.9
-2645.0 3677.1 55.7
-2632.1 3684.6 55.4
-2619.1 3692.2 55.1
-2606.2 3699.8 54.7
-2593.3 3707.4 54.4
-2580.3 3715.0 54.0
-2567.4 3722.6 53.7
-2543.3 3736.7 52.8
604.4 4958.0 45.0
597.9 4971.6 45.0
591.5 4985.1 45.1
585.0 4998.7 45.1
577.1 5015.2 45.2
4556.8 8880.2 49.0
4543.3 8873.7 48.6
4529.8 8867.2 48.3
4508.4 8856.9 47.9
2120.0 2800.1 45.9
2131.1 2810.2 45.8
2142.2 2820.3 45.7
2153.3 2830.4 45.6
2164.4 2840.5 45.6
2175.5 2850.6 45.5
2197.3 2870.4 45.0
3365.5 4773.7 79.6
3380.5 4772.4 79.9
3395.4 4771.1 80.2
3410.4 4769.9 80.5
3425.3 4768.6 80.8
3440.3 4767.3 81.1
3455.2 4766.0 81.4
3470.1 4764.7 81.7
3485.1 4764.1 82.0
3500.0 4765.2 82.3
3515.0 4766.3 82.6
3530.0 4767.4 82.9
3553.1 4769.1 83.3
2190.5 2917.5 44.9
2197.6 2893.9 45.0
2202.9 2878.5 44.9
3456.3 4423.7 82.2
3462.0 4437.6 82.3
3467.7 4451.4 82.3
3473.4 4465.3 82.4
3479.2 4479.2 82.4
3489.1 4503.2 82.6
1050.3 -6264.8 65.3
1062.1 -6274.1 64.8
1073.8 -6283.4 64.2
1084.8 -6293.6 63.7
1096.7 -6306.7 63.1
2166.1 3494.0 43.0
2171.2 3480.0 43.0
2176.3 3465.9 43.0
2181.4 3451.8 43.1
2186.6 3437.7 43.2
2194.7 3415.3 43.7
3454.8 4569.7 81.8
3462.5 4582.5 81.9
3470.2 4595.4 82.1
3478.0 4608.2 82.2
3485.7 4621.1 82.3
3493.4 4633.9 82.4
3501.2 4646.8 82.6
3508.9 4659.6 82.7
3516.6 4672.5 82.8
3524.4 4685.3 82.9
3539.4 4710.3 83.2
3197.8 4565.9 77.5
3204.9 4579.1 77.5
3212.0 4592.3 77.6
3219.2 4605.4 77.7
3226.3 4618.6 77.7
3233.4 4631.8 77.8
3240.6 4645.0 77.9
3247.7 4658.2 77.9
3254.8 4671.4 78.0
3261.9 4684.6 78.1
3269.0 4697.9 78.1
3275.8 4711.2 78.2
3282.6 4724.6 78.3
3289.4 4738.0 78.3
3296.2 4751.3 78.4
3305.3 4769.1 78.5
3373.9 4420.7 80.8
3381.3 4433.7 80.9
3388.7 4446.7 81.0
3396.1 4459.8 81.1
3403.5 4472.8 81.2
3411.0 4485.9 81.2
3418.4 4498.9 81.3
3427.3 4514.7 81.4
3511.9 4577.3 82.9
3519.3 4590.4 83.0
3526.6 4603.5 83.1
3533.9 4616.6 83.3
3541.2 4629.7 83.4
3548.5 4642.8 83.5
3555.8 4655.9 83.6
3563.1 4669.0 83.7
3573.7 4688.1 83.9
3917.3 6066.4 73.4
3909.0 6078.9 73.2
3900.8 6091.4 73.0
3892.5 6104.0 72.7
3884.3 6116.5 72.5
3876.0 6129.0 72.3
3867.8 6141.5 72.0
3852.1 6165.4 71.6
1706.9 -6500.3 58.1
1721.7 -6497.9 58.2
1736.5 -6495.5 58.2
1759.0 -6491.7 58.5
4262.8 -6164.1 87.7
4275.1 -6155.4 87.9
4287.3 -6146.8 88.0
4298.7 -6137.1 88.2
4310.1 -6127.3 88.4
4315.7 -6115.3 88.5
4313.6 -6100.5 88.6
4311.6 -6085.6 88.7
4309.6 -6070.7 88.8
4307.6 -6055.9 88.9
4305.4 -6041.0 89.0
4303.2 -6026.2 89.1
4301.0 -6011.3 89.2
4298.8 -5996.5 89.5
4296.6 -5981.7 89.8
4294.4 -5966.8 90.2
4287.6 -5964.5 90.1
4278.7 -5976.7 89.5
4269.9 -5988.8 89.1
4261.1 -6000.9 89.0
4253.1 -6013.6 88.9
4242.2 -6040.3 88.6
2224.0 2813.9 45.7
2239.0 2813.3 46.2
2254.0 2812.7 46.5
2280.1 2811.6 46.9
2736.0 -8609.8 70.9
2749.4 -8603.0 70.3
2762.8 -8596.3 69.7
2776.2 -8589.6 69.1
2789.6 -8582.8 68.6
2815.9 -8569.7 67.5
2842.8 -8502.2 66.4
2857.5 -8499.1 66.4
2872.1 -8496.0 66.5
2886.7 -8492.5 66.5
2901.3 -8489.0 66.5
2915.9 -8485.5 66.6
2930.5 -8482.1 66.6
2945.1 -8478.6 66.7
2959.7 -8475.1 66.7
2974.3 -8471.6 66.8
2987.6 -8473.9 66.7
2999.5 -8483.0 66.5
3012.8 -8489.7 66.3
3041.2 -8483.1 66.4
2762.5 -8567.5 69.1
2749.3 -8574.7 69.7
2726.7 -8586.8 70.6
4497.5 8865.9 47.9
4500.8 8880.6 47.7
4504.0 8895.2 48.1
4507.4 8909.8 48.4
4510.9 8924.4 48.5
4514.7 8938.9 48.6
4519.1 8953.6 48.6
1953.9 -7730.5 69.2
1984.2 -7704.8 68.5
2826.2 -5634.3 76.7
2828.4 -5619.5 76.5
2830.7 -5604.6 76.4
2840.0 -5599.4 76.5
2854.8 -5601.6 76.7
2869.6 -5603.9 77.0
2884.5 -5606.1 77.2
2899.3 -5608.4 77.4
2914.1 -5610.8 77.6
2922.1 -5605.9 77.7
2920.3 -5591.2 77.5
2917.7 -5577.0 77.3
2909.4 -5564.5 77.1
2899.5 -5554.6 76.9
2884.6 -5552.5 76.7
2869.8 -5550.5 76.4
2854.9 -5548.4 76.3
2839.1 -5546.2 76.1
4267.4 -7807.2 75.5
4278.1 -7817.7 75.7
4289.0 -7827.9 75.9
4300.4 -7837.7 76.1
4311.9 -7847.4 76.3
4320.0 -7844.2 76.4
4325.4 -7830.2 76.3
4330.8 -7816.2 76.3
4338.3 -7796.7 76.3
-4033.6 1354.5 57.5
-4026.7 1341.2 57.6
-4019.8 1327.8 57.7
-4013.0 1314.5 57.8
-4006.1 1301.1 57.9
-3999.2 1287.8 58.0
-3989.5 1269.0 58.2
2794.2 -8548.8 67.8
2827.3 -8529.3 66.3
2800.1 -8562.2 67.8
2826.8 -8545.8 66.7
-3436.7 -2224.0 75.7
-3428.9 -2211.2 75.6
-3421.1 -2198.4 75.4
-3407.6 -2176.4 75.2
2088.7 3373.7 43.4
2096.2 3360.7 43.6
2103.7 3347.7 44.1
2111.3 3334.8 44.7
2118.8 3321.8 45.2
2126.3 3308.8 45.6
2140.5 3284.3 45.6
-2562.7 3739.0 53.3
-2575.9 3731.8 53.8
-2589.1 3724.7 54.3
-2602.3 3717.6 54.6
-2615.5 3710.5 55.0
-2628.7 3703.3 55.3
-2641.9 3696.2 55.5
-2655.1 3689.1 55.7
-2668.3 3681.9 56.0
-2681.5 3674.8 56.2
-2694.6 3667.7 56.4
-2707.8 3660.5 56.6
-2721.0 3653.4 56.8
-2734.2 3646.3 57.1
-2754.3 3635.4 57.4
2649.2 -7020.0 70.7
2661.2 -7001.8 71.0
2734.0 -8257.1 63.7
2749.0 -8256.2 63.8
2763.9 -8255.3 64.0
2782.1 -8254.2 64.3
1464.0 -8660.6 62.4
1455.3 -8648.4 62.5
1446.6 -8636.1 62.6
1438.0 -8623.9 62.7
1429.3 -8611.6 62.8
1420.6 -8599.4 62.9
1412.0 -8587.1 62.8
1403.3 -8574.9 62.5
1394.6 -8562.7 62.2
1386.0 -8550.4 62.0
1377.3 -8538.2 61.7
1361.8 -8516.2 61.4
-4564.6 2366.6 53.8
-4552.7 2375.7 53.8
-4540.8 2384.9 53.9
-4528.9 2394.0 54.0
-4517.0 2403.1 54.0
-4494.6 2420.3 54.1
2721.9 -8247.4 63.5
2722.2 -8232.4 63.2
2722.4 -8217.4 62.9
2722.6 -8202.4 62.6
2722.9 -8187.4 62.3
2739.7 -8172.9 62.0
2558.0 -8025.5 65.1
2570.6 -8017.4 64.5
2583.2 -8009.3 63.9
2607.7 -7993.6 62.7
-3530.8 -2126.8 74.7
-3519.4 -2117.1 74.6
-3508.0 -2107.3 74.5
-3496.6 -2097.5 74.4
-3485.3 -2087.7 74.3
-3469.6 -2089.7 74.3
2863.7 -8188.8 64.0
2862.4 -8203.7 64.3
2861.1 -8218.7 64.6
2859.8 -8233.6 64.9
2858.6 -8248.6 65.2
2846.2 -8252.0 65.1
2831.2 -8252.8 64.9
2815.5 -8253.6 64.7
2541.6 -7988.3 65.4
2554.5 -7980.7 64.8
2567.5 -7973.1 64.2
2592.9 -7958.3 63.2
-58.4 -2833.3 89.7
-67.2 -2821.1 89.7
-76.0 -2809.0 89.8
1352.2 -8522.9 61.2
1360.9 -8535.2 61.3
1369.5 -8547.4 61.6
1378.2 -8559.7 61.8
1386.9 -8571.9 62.1
1395.5 -8584.2 62.4
1404.2 -8596.4 62.5
1412.8 -8608.7 62.4
1421.5 -8620.9 62.3
1430.2 -8633.1 62.2
1438.8 -8645.4 62.1
1454.4 -8667.4 61.9
-6120.5 -4653.9 77.5
-6123.1 -4638.7 77.3
-6137.1 -4640.9 76.9
-347.9 4786.8 54.3
-383.9 4780.5 55.1
-337.8 4800.6 54.0
-377.1 4801.3 54.9
2024.6 -8356.0 78.0
2003.6 -8347.6 78.0
2071.2 -8332.5 76.7
2057.8 -8332.2 76.9
2000.2 -8330.9 77.7
1972.7 -8324.2 78.0
2164.0 -8295.1 74.4
2115.5 -8302.2 75.4
2092.8 -8295.8 75.7
2258.9 -8278.5 73.1
2161.8 -8278.5 74.1
2152.7 -8285.8 74.4
2135.2 -8286.4 74.7
2105.2 -8280.4 75.2
2077.7 -8285.7 75.7
2063.9 -8284.4 75.9
2279.5 -8268.9 72.7
2258.9 -8271.3 73.0
2204.9 -8266.3 73.5
2195.0 -8271.2 73.7
2178.1 -8264.0 73.7
2132.6 -8268.1 74.4
2258.9 -8256.7 72.7
2207.1 -8252.5 73.2
2130.5 -8249.6 74.1
2116.3 -8256.0 74.5
2063.0 -8257.0 75.4
2146.6 -8239.3 73.6
2130.5 -8243.0 74.0
2090.4 -8240.2 74.6
2073.9 -8234.9 74.8
2055.3 -8235.2 75.1
1965.9 -8236.0 77.3
1954.0 -8233.4 77.6
1937.7 -8237.3 78.0
2264.8 -8225.4 71.7
2236.8 -8223.5 72.2
2213.6 -8226.0 72.7
2199.0 -8227.8 72.9
2166.9 -8222.0 73.1
2121.8 -8223.6 73.8
2071.5 -8221.0 74.6
2010.2 -8222.5 76.2
1983.4 -8226.2 76.8
1967.3 -8225.8 77.2
1923.7 -8220.3 78.2
2197.8 -8208.6 72.4
2119.7 -8205.5 73.5
2106.1 -8207.3 73.7
2074.8 -8210.4 74.5
2057.6 -8207.5 74.9
1924.1 -8207.7 78.4
2259.1 -8193.7 72.6
2135.8 -8192.7 73.0
2071.9 -8195.1 74.7
2062.4 -8191.3 75.3
2043.4 -8195.5 75.6
1988.9 -8196.9 77.3
1936.8 -8191.8 79.5
2280.7 -8180.7 74.2
966.1 -7249.2 64.5
951.7 -7255.7 64.3
903.8 -7253.1 64.9
956.0 -7242.1 65.1
903.7 -7233.8 66.3
893.8 -7220.4 67.2
909.5 -7187.6 68.9
1022.0 -7178.6 67.9
1015.4 -7175.9 68.2
992.3 -7181.2 68.2
911.2 -7172.8 69.8
890.7 -7179.8 69.6
978.0 -7161.2 69.6
4588.5 -5600.4 96.4
4562.0 -5598.8 96.4
4614.7 -5584.9 96.3
4605.8 -5584.6 96.3
4591.2 -5590.1 96.3
4556.2 -5584.6 96.3
4604.4 -5568.6 96.2
4538.4 -5567.9 96.1
4513.4 -5569.3 96.1
4622.1 -5556.7 96.1
4544.2 -5559.7 96.0
4632.0 -5544.0 96.0
4530.7 -5546.2 95.9
4616.5 -5523.5 95.8
4494.0 -5528.6 95.7
4614.8 -5507.8 95.7
4559.7 -5516.8 95.7
4546.0 -5509.4 95.6
4527.2 -5511.8 95.5
4510.3 -5515.0 95.5
4607.9 -5496.4 95.6
4543.8 -5478.8 95.0
4509.1 -5482.9 94.9
4541.5 -5471.2 94.8
4524.4 -5466.8 94.7
1943.6 -5925.9 62.0
2020.1 -5889.6 62.9
1999.5 -5882.4 62.5
1987.6 -5870.8 62.2
2027.7 -5858.4 62.7
2045.8 -5844.4 62.8
1997.6 -5841.6 62.1
1967.3 -5823.7 61.4
1956.2 -5814.2 61.1
1916.7 -5807.7 60.4
2014.0 -5795.6 61.8
2006.3 -5790.3 61.7
1956.9 -5790.2 60.9
1941.1 -5775.5 60.5
2045.6 -5767.0 62.5
2001.6 -5769.3 61.4
1937.2 -5760.6 60.3
2029.5 -5751.7 62.2
2004.2 -5753.6 61.5
1986.8 -5750.0 61.1
1970.5 -5749.8 60.7
1956.2 -5748.9 60.4
2051.7 -5732.9 63.4
2016.0 -5730.4 62.2
2004.8 -5732.3 61.7
1968.1 -5732.3 60.7
1987.3 -5724.6 61.3
1957.0 -5718.0 60.5
2028.0 -5709.2 62.6
2012.8 -5701.3 62.2
2013.8 -5690.4 62.0
2001.0 -5690.4 61.8
1990.0 -5694.9 61.7
1957.9 -5689.0 61.0
1945.9 -5692.7 60.6
1992.1 -5677.2 61.5
1976.5 -5661.5 61.1
1961.8 -5640.7 60.9
1945.3 -5631.7 60.5
1942.7 -5618.4 60.4
1938.3 -5558.8 61.0
1926.3 -5539.6 61.0
1912.1 -5543.8 60.6
5738.6 -5735.6 92.8
5594.8 -6519.5 86.9
5777.9 -6457.6 90.7
5800.1 -6440.8 91.4
5785.1 -6444.6 91.1
5771.0 -6443.1 90.8
5763.1 -6442.1 90.7
5713.9 -6441.6 89.9
5679.1 -6425.2 89.7
5695.8 -6406.1 90.3
5656.2 -6411.3 89.8
5638.9 -6410.2 89.7
5845.4 -6392.4 92.7
5831.7 -6392.4 92.6
5803.2 -6394.7 92.3
5770.2 -6398.9 91.8
5758.1 -6398.0 91.5
5726.7 -6395.6 90.9
5732.9 -6379.6 91.4
5822.1 -6361.2 93.1
5798.5 -6368.8 92.7
5755.9 -6361.6 92.3
5741.3 -6365.4 91.9
5763.0 -6352.5 92.6
346.4 5192.6 46.8
1122.2 -4542.0 55.2
1129.7 -4531.1 55.3
1102.8 -4527.0 55.5
1091.0 -4530.9 55.6
1144.2 -4518.7 55.3
1115.8 -4495.3 55.8
1113.2 -4487.6 55.9
1082.5 -4473.6 56.3
1113.9 -4458.6 56.2
1068.4 -4449.7 56.7
1075.3 -4444.3 56.7
1117.0 -4422.7 56.0
1085.5 -4421.5 56.2
1061.4 -4426.0 56.7
1101.0 -4411.2 55.8
1090.1 -4409.9 55.9
1073.5 -4397.9 56.5
1770.4 -5056.1 60.4
1736.5 -5047.0 58.3
1652.0 -5050.0 54.0
1800.0 -5038.2 62.7
1693.0 -5032.1 56.5
1862.1 -5017.0 66.3
1795.2 -5020.1 62.8
1786.9 -5021.4 62.2
1697.2 -5021.9 57.3
1668.6 -5024.1 55.7
1616.2 -5020.6 54.1
1846.4 -5004.8 66.2
1831.2 -5011.0 65.3
1810.2 -5010.4 64.0
1781.5 -5009.2 62.3
1754.6 -5005.2 61.2
1720.8 -5003.2 59.6
1648.1 -5008.4 55.6
1629.9 -5006.1 54.8
1616.4 -5009.9 54.3
1862.5 -4992.4 66.9
1784.8 -4988.6 63.7
1765.1 -4989.3 62.7
1712.9 -4987.8 60.1
1691.9 -4989.9 58.9
1679.9 -4988.3 58.4
1663.9 -4988.0 57.6
1584.9 -4988.4 53.7
1860.9 -4972.5 66.7
1847.9 -4972.5 66.5
1739.6 -4973.7 62.1
1574.1 -4974.3 53.9
1842.5 -4957.5 66.2
1722.7 -4957.1 61.5
1682.6 -4964.9 59.6
1664.6 -4962.8 58.8
1647.4 -4963.8 58.0
1599.5 -4963.4 55.7
1576.8 -4957.5 54.8
1785.3 -4951.2 64.2
1738.4 -4947.1 62.3
1693.0 -4950.6 60.2
1649.9 -4941.8 58.3
1619.6 -4943.6 57.0
1827.4 -4929.8 65.7
1786.4 -4933.9 64.2
1767.8 -4935.1 63.5
1605.2 -4933.7 56.4
1586.5 -4927.6 55.6
1559.6 -4932.9 54.3
1812.1 -4912.3 65.2
1780.3 -4921.3 64.0
1719.3 -4919.5 61.5
1692.3 -4914.1 60.4
1645.6 -4918.1 58.4
1786.5 -4898.9 64.2
1751.1 -4896.3 62.7
1735.9 -4900.8 62.1
1708.5 -4906.1 61.1
1631.5 -4902.5 58.0
1584.3 -4902.1 55.8
1576.1 -4904.9 55.4
1739.9 -4882.0 62.3
1724.3 -4888.0 61.7
1691.2 -4889.9 60.3
1589.2 -4886.8 56.2
1570.8 -4890.4 55.3
1546.7 -4885.3 54.3
1788.3 -4875.1 64.2
1771.9 -4874.1 63.5
1723.0 -4875.4 61.6
1703.9 -4875.5 60.8
1660.4 -4875.4 59.1
1644.5 -4875.1 58.4
1616.6 -4872.0 57.3
1544.4 -4873.5 54.3
1748.9 -4858.8 62.6
1691.1 -4856.5 60.3
1570.8 -4858.5 55.5
1757.1 -4836.4 62.9
1708.0 -4842.7 60.9
1693.2 -4842.8 60.3
1660.8 -4837.9 59.0
1652.1 -4840.9 58.7
1739.5 -4824.0 62.1
1675.0 -4825.7 59.6
1616.5 -4827.5 57.3
1555.4 -4825.6 55.5
1547.1 -4825.6 55.2
1743.8 -4812.9 62.3
1683.4 -4809.1 59.9
1605.1 -4812.8 57.3
1588.1 -4808.4 56.9
1574.4 -4814.0 56.3
1563.7 -4816.0 56.0
1723.3 -4797.2 61.4
1707.3 -4795.9 60.8
1574.1 -4795.0 56.7
1712.4 -4780.6 61.2
1646.3 -4782.1 59.2
1569.5 -4779.4 56.9
1692.9 -4769.8 60.9
1668.0 -4763.2 60.3
1614.7 -4766.1 58.6
1586.1 -4765.4 57.7
1698.4 -4749.4 61.3
1615.4 -4753.2 58.9
1599.2 -4749.4 58.5
1560.7 -4748.5 57.3
1636.5 -4734.5 59.7
1588.4 -4736.5 58.4
1555.6 -4738.7 57.4
1707.8 -4724.1 61.4
1691.8 -4719.2 61.0
1664.3 -4717.8 60.4
1555.5 -4716.6 57.7
1694.8 -4703.2 61.1
1601.5 -4707.2 58.9
1575.4 -4703.1 58.3
1557.5 -4704.4 57.9
1600.0 -4671.8 59.2
1593.7 -4676.0 59.0
1555.1 -4679.0 58.1
1683.7 -4664.2 61.5
1635.1 -4658.4 60.5
1602.9 -4660.1 59.6
1562.7 -4665.8 58.5
1619.1 -4644.4 60.5
1665.5 -4632.6 62.0
1604.1 -4629.4 60.5
1577.6 -4634.6 59.7
1555.4 -4626.5 59.0
1528.2 -4631.5 57.4
1662.2 -4616.5 62.0
1617.7 -4612.4 61.3
1589.2 -4616.2 60.5
1545.6 -4618.1 58.4
1662.3 -4600.7 61.9
1615.4 -4598.1 61.7
1586.7 -4600.3 60.8
1648.0 -4586.7 61.9
1616.5 -4591.2 61.8
1554.8 -4583.5 59.0
1573.3 -4568.7 59.6
1542.1 -4569.2 58.1
925.5 -6197.0 69.6
5665.0 -6971.8 81.5
5645.4 -6971.4 81.4
5713.5 -6950.3 82.2
5654.3 -6954.4 81.6
5631.7 -6953.0 81.4
5646.4 -6939.8 81.6
5635.3 -6934.4 81.5
5617.8 -6941.1 81.7
5692.2 -6926.2 82.2
5664.6 -6923.3 81.9
5586.5 -6923.0 82.6
5736.0 -6902.2 82.8
5705.9 -6911.7 82.4
5592.6 -6904.6 82.9
5578.3 -6903.3 83.2
5724.2 -6886.9 82.8
5618.0 -6893.3 82.5
5728.0 -6872.2 82.9
5693.3 -6874.7 82.6
5593.6 -6877.0 83.2
5532.7 -6872.9 83.8
5512.4 -6875.6 83.9
5768.4 -6858.3 83.4
5752.0 -6861.0 83.2
5693.1 -6861.4 82.7
5646.1 -6860.9 82.6
5542.8 -6857.0 83.8
5533.1 -6865.4 83.8
5752.4 -6850.4 83.3
5737.1 -6851.4 83.2
5645.5 -6848.0 82.8
5633.2 -6851.4 83.0
5606.9 -6845.5 83.3
5589.0 -6846.0 83.4
5532.2 -6851.1 83.9
5515.6 -6849.6 84.0
5635.5 -6830.2 83.1
5713.0 -6820.4 83.3
5695.6 -6816.7 83.1
5675.9 -6815.5 82.9
5660.2 -6813.6 82.9
5529.6 -6815.6 84.1
5545.4 -6799.9 84.0
5527.0 -6802.0 84.2
5558.5 -6768.8 84.1
5559.5 -6752.5 84.5
5527.7 -6756.7 84.4
466.3 5422.7 45.1
433.6 5423.5 45.2
347.3 5429.4 45.1
510.2 5440.2 45.0
493.9 5436.3 45.0
465.7 5435.4 45.0
449.6 5442.8 45.0
521.2 5452.0 44.8
514.1 5454.8 44.8
463.8 5456.4 44.9
408.2 5450.5 44.9
341.7 5451.0 44.9
513.4 5469.5 44.7
462.8 5473.7 44.8
448.0 5469.3 44.9
420.7 5465.8 44.9
375.2 5471.1 44.9
354.8 5472.9 44.9
344.7 5470.3 44.9
512.9 5484.5 44.6
434.5 5488.7 44.8
418.7 5489.4 44.8
388.3 5485.5 44.9
359.8 5488.8 44.9
506.5 5498.1 44.5
491.2 5501.0 44.5
451.7 5499.4 44.6
430.9 5501.5 44.7
357.2 5501.2 44.9
519.4 5510.3 44.3
390.4 5515.0 44.7
331.5 5511.5 44.8
512.6 5534.4 43.9
389.8 5527.4 44.5
360.2 5530.9 44.6
327.3 5530.9 44.7
284.2 5527.5 44.8
453.9 5547.4 44.1
423.8 5542.6 44.3
403.7 5545.6 44.3
310.6 5546.0 44.6
527.3 5563.2 43.4
496.3 5556.6 43.7
408.8 5556.8 44.2
520.9 5579.0 43.2
508.0 5570.6 43.4
483.4 5578.4 43.4
343.6 5575.6 44.2
328.4 5577.7 44.2
303.1 5574.3 44.3
284.1 5575.6 44.3
223.7 5579.1 44.5
541.8 5588.3 42.9
479.6 5588.7 43.3
468.8 5585.1 43.4
399.3 5585.1 43.8
355.9 5594.5 43.9
343.5 5590.2 44.0
256.6 5587.6 44.3
476.0 5607.1 43.0
416.4 5603.9 43.4
400.4 5603.4 43.5
371.5 5601.3 43.7
354.9 5608.6 43.7
495.8 5616.5 42.8
466.5 5620.5 42.9
407.2 5619.9 43.3
346.7 5620.3 43.7
522.9 5638.1 42.3
492.3 5632.4 42.6
461.8 5630.9 42.8
405.7 5632.9 43.2
389.5 5633.1 43.3
358.7 5632.2 43.6
342.9 5635.5 43.6
327.5 5637.0 43.7
301.6 5635.3 43.8
207.6 5630.7 44.2
504.4 5648.9 42.4
479.3 5654.1 42.5
417.0 5650.7 43.0
389.3 5648.1 43.3
372.3 5645.2 43.4
331.4 5654.8 43.6
264.7 5655.0 43.8
255.7 5647.3 43.9
207.4 5650.3 44.0
359.9 5669.2 43.3
342.6 5667.8 43.4
265.8 5661.9 43.7
493.1 5681.2 42.1
400.7 5676.4 43.1
490.9 5696.1 42.1
474.8 5694.0 42.3
423.1 5690.4 42.9
391.7 5698.8 43.0
360.3 5690.4 43.2
316.3 5697.8 43.3
460.3 5714.0 42.4
401.8 5706.7 42.9
378.3 5711.4 43.0
460.7 5742.6 42.4
1461.5 -6861.8 54.6
1201.0 -8479.0 58.2
1182.3 -8455.2 58.6
1175.0 -8455.5 58.6
1189.3 -8434.2 59.5
1232.7 -8427.1 59.7
1202.5 -8419.5 59.4
1183.2 -8427.2 59.2
1168.2 -8428.0 58.7
1204.8 -8407.6 58.9
1232.0 -8397.7 59.3
1184.5 -8389.3 57.5
1219.9 -8376.3 57.9
1166.4 -8378.5 56.9
1187.3 -8365.4 56.9
1197.5 -8331.1 55.8
1199.4 -8320.0 55.5
1123.3 -8315.1 54.3
1182.9 -8305.2 55.0
1153.7 -8298.9 54.8
1140.0 -8298.3 54.7
1141.5 -8289.2 55.1
1151.1 -8271.7 55.8
1106.9 -8269.6 54.9
1158.1 -8256.1 56.2
1145.5 -8257.5 55.9
1203.0 -8240.7 57.6
1190.7 -8227.9 57.7
1157.5 -8227.5 56.7
1129.2 -8230.3 55.8
1156.0 -8218.0 56.8
1109.7 -8215.7 55.7
1189.0 -8200.9 58.7
1139.9 -8193.6 56.8
1123.3 -8194.9 56.3
1201.2 -8187.7 59.6
1158.5 -8179.0 58.1
1185.5 -8172.3 59.2
1154.3 -8167.1 58.0
1110.0 -8170.7 56.4
1199.1 -8153.0 59.8
1190.7 -8155.1 59.5
1184.8 -8141.1 59.2
1154.8 -8142.4 58.3
1122.8 -8136.8 58.0
1168.9 -8120.5 59.1
1138.0 -8125.7 58.6
1125.5 -8082.0 60.2
1112.8 -8079.9 60.1
1113.9 -8063.9 60.1
1143.7 -8049.2 60.2
1159.9 -8030.0 60.2
1122.7 -8037.6 60.2
4874.1 -6876.9 84.0
4874.5 -6845.5 84.4
2102.2 -8384.6 77.1
2106.5 -8376.9 76.9
-113.1 5003.8 49.5
-92.8 5023.3 49.2
-115.1 5020.5 49.6
-142.6 5018.6 50.1
-127.5 5040.6 49.9
-130.5 5053.8 49.9
872.3 -4513.7 62.2
2428.7 -8775.4 81.3
2448.2 -8762.9 80.7
2432.1 -8748.2 80.6
2576.7 -8919.4 77.7
2625.5 -8907.8 76.8
2611.8 -8903.1 77.3
2633.6 -8887.6 76.4
2597.2 -8888.9 77.4
2650.8 -8869.5 75.7
2635.4 -8872.6 76.1
2625.0 -8870.0 76.3
2521.0 -7724.6 63.5
2510.6 -7727.4 63.6
-7086.3 -8010.4 132.0
-7281.4 -8013.7 134.1
-7038.9 -7995.9 132.3
-7075.3 -7996.8 132.9
-7081.8 -7998.0 132.8
-7296.0 -8002.2 134.8
-7036.4 -7984.6 132.9
-7254.5 -7981.0 134.4
-7308.9 -7982.2 136.2
-6999.2 -7972.5 132.5
-7012.2 -7969.8 132.9
-7066.4 -7971.3 134.2
-7043.3 -7951.8 134.2
-7070.1 -7953.1 134.7
-7099.8 -7953.8 135.0
-7128.3 -7958.7 134.8
-7236.1 -7950.9 135.6
-7278.8 -7956.7 136.7
-7329.3 -7955.3 138.6
-7022.7 -7940.8 134.2
-7192.0 -7936.6 136.0
-7225.7 -7938.4 136.3
-7232.8 -7941.1 136.2
-7296.5 -7940.2 138.3
-7037.5 -7923.8 135.4
-7089.0 -7925.3 135.8
-7161.7 -7920.7 136.6
-7192.4 -7920.7 137.0
-7248.7 -7927.6 137.2
-7278.3 -7921.9 138.6
-7292.8 -7927.5 138.9
-6798.2 -7906.1 132.2
-7085.0 -7906.1 136.9
-7104.0 -7908.4 136.9
-7132.3 -7914.8 136.8
-7207.4 -7911.3 137.8
-7237.4 -7907.4 138.4
-6845.5 -7894.1 134.6
-6865.0 -7899.1 135.4
-6992.7 -7897.4 136.9
-7119.1 -7892.5 138.1
-7174.9 -7892.8 138.6
-7221.0 -7895.1 139.0
-7237.0 -7895.6 139.1
-7263.3 -7893.8 139.7
-7278.5 -7895.8 140.1
-7352.0 -7897.8 142.7
-7371.4 -7897.4 143.4
-6811.5 -7879.3 133.3
-6843.3 -7881.5 134.7
-7000.2 -7881.4 138.0
-7029.4 -7882.2 138.1
-7113.2 -7880.7 138.8
-7134.4 -7880.9 139.0
-7284.6 -7881.8 141.2
-7299.4 -7881.4 141.7
-7308.0 -7881.2 142.1
-6968.9 -7866.2 139.2
-6999.1 -7863.2 139.1
-7008.7 -7864.6 139.2
-7082.5 -7862.6 139.9
-7121.0 -7863.4 140.1
-7176.3 -7865.8 140.3
-7193.2 -7865.3 140.5
-7233.6 -7869.1 140.7
-7385.6 -7860.4 145.3
-6858.7 -7853.8 135.8
-6953.3 -7851.5 140.2
-6970.3 -7854.5 139.9
-6980.5 -7853.7 139.8
-7043.5 -7849.5 140.4
-7059.9 -7846.1 140.8
-7098.9 -7847.2 141.0
-7126.3 -7848.3 141.1
-7190.4 -7851.1 141.4
-7368.1 -7847.2 145.8
-7385.6 -7846.6 145.1
-6814.6 -7839.7 133.9
-6833.4 -7832.9 134.8
-6860.6 -7830.7 136.1
-6977.5 -7834.6 140.8
-7027.1 -7837.2 140.9
-7090.5 -7832.3 141.9
-7179.4 -7837.2 142.3
-7269.5 -7831.8 143.5
-7357.5 -7834.6 146.1
-7404.3 -7839.7 144.3
-6817.8 -7823.2 134.3
-6841.2 -7818.4 135.4
-6962.4 -7824.5 141.5
-7001.0 -7823.6 141.4
-7054.1 -7816.3 142.4
-7132.3 -7815.3 143.3
-7232.5 -7823.2 143.6
-7296.7 -7821.1 145.1
-7375.6 -7818.5 145.2
-6830.4 -7810.2 135.0
-6880.4 -7803.7 138.2
-6893.0 -7800.9 139.1
-6955.2 -7802.7 142.6
-7073.0 -7806.9 143.2
-7089.8 -7801.8 143.6
-7195.8 -7801.0 144.8
-7225.1 -7801.0 145.0
-7231.3 -7809.7 144.5
-7306.3 -7806.3 146.3
-7375.3 -7806.2 145.1
-7400.9 -7807.8 144.1
-6904.8 -7794.0 140.2
-6922.1 -7787.9 141.6
-7074.4 -7786.5 144.4
-7129.2 -7789.1 144.8
-7157.7 -7790.0 145.1
-7208.8 -7786.4 145.8
-7219.7 -7789.7 145.8
-7322.9 -7787.4 146.9
-7360.8 -7792.4 145.5
-7389.3 -7793.4 144.4
-6865.6 -7777.6 138.3
-6894.1 -7780.2 140.2
-6917.0 -7771.8 142.1
-6954.3 -7771.4 144.2
-7111.2 -7776.2 145.3
-7208.1 -7773.5 146.6
-7221.1 -7771.3 146.8
-7240.8 -7778.1 146.7
-7306.6 -7779.5 147.4
-7402.4 -7773.4 143.6
-7431.2 -7777.6 142.6
-6917.1 -7762.6 142.5
-6950.2 -7757.9 144.8
-6997.2 -7755.6 145.3
-7188.6 -7762.0 147.0
-7263.2 -7763.4 147.8
-7277.0 -7762.9 147.9
-7321.7 -7760.5 146.9
-7375.8 -7757.8 144.9
-6920.7 -7749.2 143.4
-6948.3 -7748.9 145.1
-6976.8 -7742.6 145.8
-7001.0 -7742.4 146.1
-7053.7 -7746.1 146.4
-7130.4 -7745.8 147.3
-7156.7 -7748.5 147.4
-7180.8 -7746.0 147.8
-7221.5 -7745.5 148.1
-7235.6 -7740.7 148.4
-7254.4 -7744.6 148.4
-7283.4 -7748.3 148.3
-7344.4 -7743.0 146.9
-7360.2 -7750.2 145.9
-7369.4 -7745.3 145.8
-7383.8 -7743.6 145.3
-7405.6 -7740.4 144.6
-7417.6 -7744.0 144.0
-6907.5 -7725.5 143.1
-6922.7 -7733.4 144.2
-6969.3 -7728.1 146.5
-7067.3 -7726.6 147.6
-7082.6 -7734.1 147.4
-7143.3 -7726.2 148.2
-7176.1 -7731.2 148.3
-7235.7 -7729.0 148.9
-7282.5 -7728.7 148.7
-7294.6 -7734.1 148.5
-7321.2 -7729.3 148.3
-7429.8 -7733.2 144.1
-7442.6 -7735.0 143.5
-6919.2 -7716.2 144.2
-6976.7 -7715.4 147.2
-7012.6 -7715.4 147.5
-7030.6 -7711.9 147.8
-7076.1 -7718.9 147.9
-7083.5 -7713.1 148.2
-7119.4 -7712.2 148.5
-7186.7 -7719.9 148.8
-7253.2 -7716.5 149.3
-7262.4 -7714.5 149.3
-7327.6 -7711.4 148.6
-7427.1 -7715.5 145.2
-7444.7 -7713.2 144.6
-7462.7 -7717.9 142.9
-6920.5 -7698.7 144.5
-6947.9 -7696.5 146.8
-6964.7 -7705.2 147.6
-7006.6 -7700.6 148.1
-7097.2 -7697.6 148.9
-7116.1 -7702.0 148.9
-7204.5 -7702.3 149.6
-7251.0 -7696.9 149.7
-7351.5 -7701.7 148.5
-7442.3 -7701.5 145.3
-6877.1 -7689.2 142.4
-6893.1 -7684.7 143.3
-6907.0 -7689.1 143.5
-6936.4 -7683.3 146.0
-6970.1 -7689.0 148.2
-7029.3 -7680.9 149.0
-7098.7 -7685.1 149.4
-7176.0 -7687.3 150.0
-7222.3 -7687.7 150.2
-7326.3 -7687.9 149.1
-7479.3 -7685.7 142.1
-6849.8 -7669.6 142.6
-6891.5 -7668.0 143.6
-6934.8 -7670.3 146.0
-6954.2 -7666.8 147.6
-6992.5 -7669.6 149.4
-7104.5 -7672.4 149.9
-7144.1 -7673.7 150.2
-7270.6 -7669.5 150.1
-7276.5 -7668.8 150.0
-7323.2 -7674.7 149.4
-7343.8 -7672.0 149.2
-7356.1 -7674.7 149.0
-7372.3 -7669.7 148.9
-7384.7 -7667.2 148.8
-7435.1 -7666.0 146.9
-7476.2 -7674.3 142.7
-6736.4 -7650.8 138.7
-6955.3 -7650.9 147.8
-6969.5 -7657.0 148.5
-6991.5 -7658.1 149.6
-7014.9 -7654.1 150.2
-7028.7 -7651.0 150.3
-7045.7 -7654.8 150.1
-7061.1 -7657.4 150.1
-7098.8 -7652.6 150.6
-7121.1 -7655.6 150.7
-7148.0 -7657.5 150.8
-7174.2 -7652.6 151.2
-7279.3 -7660.2 150.1
-7310.6 -7651.8 150.0
-7465.7 -7654.8 144.2
-6729.2 -7642.0 139.0
-6739.3 -7643.0 139.3
-6755.6 -7638.4 140.4
-6864.5 -7643.0 143.8
-6873.6 -7636.1 144.0
-6892.9 -7638.6 144.2
-6917.4 -7641.9 144.9
-6993.0 -7643.3 149.9
-7055.9 -7638.2 151.0
-7081.4 -7637.0 151.1
-7267.3 -7641.9 150.6
-7300.4 -7644.6 150.2
-7312.5 -7636.2 150.2
-7328.8 -7641.0 150.0
-7343.4 -7638.0 150.2
-7367.7 -7640.2 150.1
-7478.9 -7642.5 143.1
-6723.2 -7628.1 139.6
-6860.5 -7628.2 144.0
-6908.1 -7629.9 144.6
-6999.6 -7621.5 150.4
-7011.1 -7623.6 151.0
-7103.8 -7621.3 151.8
-7189.7 -7623.7 151.9
-7239.8 -7621.9 151.4
-7326.8 -7626.2 151.3
-7383.8 -7626.1 151.7
-7509.0 -7625.0 140.8
-6767.0 -7609.4 143.3
-6804.6 -7610.1 143.7
-6816.1 -7614.7 143.8
-6841.6 -7607.0 144.2
-6888.3 -7612.6 144.7
-6950.8 -7613.0 147.9
-7000.4 -7608.0 150.6
-7120.0 -7614.2 152.2
-7186.3 -7611.1 152.2
-7225.0 -7608.1 152.5
-7262.9 -7609.7 152.6
-7309.9 -7605.8 153.4
-7390.5 -7605.4 154.0
-7414.4 -7610.6 153.6
-7463.2 -7615.3 145.1
-6708.0 -7593.8 139.3
-6728.9 -7591.8 140.9
-6783.1 -7591.1 143.9
-6813.2 -7590.4 144.2
-6891.2 -7591.2 145.1
-6978.9 -7593.3 149.6
-7042.3 -7595.6 152.9
-7086.7 -7593.8 152.9
-7143.0 -7593.3 152.8
-7164.5 -7599.5 153.0
-7209.8 -7597.2 153.5
-7238.6 -7593.8 153.6
-7277.9 -7591.3 153.7
-7294.9 -7593.1 153.9
-7398.9 -7598.8 154.8
-7504.3 -7590.9 141.8
-6647.2 -7582.1 138.5
-6680.9 -7583.7 138.6
-6709.8 -7583.4 139.7
-6757.4 -7580.9 143.2
-6798.6 -7580.6 144.2
-6816.0 -7579.3 144.5
-6865.5 -7583.0 145.0
-6875.5 -7584.2 145.1
-7022.6 -7579.6 152.0
-7052.1 -7584.8 152.6
-7069.7 -7583.9 152.6
-7193.4 -7580.9 152.7
-7232.8 -7585.3 153.2
-7369.4 -7581.4 154.0
-7384.5 -7581.3 154.1
-7431.5 -7579.3 152.5
-7480.1 -7585.0 144.0
-6444.3 -7569.2 134.2
-6459.0 -7565.3 134.7
-6475.9 -7561.9 135.2
-6527.0 -7561.6 136.5
-6605.8 -7566.0 138.2
-6631.7 -7565.7 138.2
-6708.9 -7570.1 139.9
-6815.2 -7565.0 144.7
-6905.8 -7566.9 145.8
-6940.5 -7561.3 147.6
-6946.6 -7564.6 148.1
-7007.2 -7562.2 151.4
-7042.6 -7566.9 152.5
-7103.6 -7563.1 152.0
-7134.1 -7560.7 152.0
-7161.6 -7564.2 151.8
-7171.7 -7563.4 151.8
-7223.1 -7567.6 152.4
-7353.9 -7563.7 153.1
-7382.2 -7564.0 153.2
-7417.3 -7568.1 152.5
-7430.8 -7564.2 151.7
-6394.7 -7549.8 133.5
-6428.9 -7552.5 134.3
-6580.4 -7552.5 138.0
-6601.2 -7551.3 138.0
-6622.8 -7547.7 138.0
-6907.2 -7555.1 146.0
-6921.3 -7551.4 146.2
-6953.4 -7550.7 148.8
-6992.5 -7553.3 150.8
-7164.9 -7546.9 151.1
-7178.4 -7552.9 151.4
-7205.3 -7548.5 151.4
-7270.0 -7545.7 151.8
-7301.1 -7549.2 152.2
-7314.5 -7550.9 152.3
-7343.4 -7547.0 152.4
-7385.6 -7549.0 151.8
-7404.7 -7554.3 151.7
-7419.1 -7549.5 150.8
-7432.8 -7551.7 150.6
-6528.2 -7539.1 137.3
-6609.1 -7532.1 137.7
-6619.8 -7532.9 137.7
-6663.9 -7535.2 137.8
-6681.6 -7531.8 138.7
-6711.4 -7535.8 140.9
-6745.6 -7538.5 143.1
-6758.4 -7538.0 143.9
-6784.0 -7537.7 144.7
-6805.4 -7533.0 145.1
-6814.2 -7539.0 145.2
-6857.2 -7535.5 145.8
-6879.1 -7539.8 146.0
-7040.6 -7533.1 152.0
-7098.7 -7530.4 151.2
-7321.3 -7538.5 151.9
-7341.2 -7535.2 151.9
-7367.1 -7533.6 151.1
-7388.1 -7536.9 150.8
-7397.3 -7538.4 150.6
-7463.0 -7535.6 148.3
-7477.9 -7538.2 144.9
-6427.1 -7515.9 135.4
-6444.0 -7515.8 135.9
-6468.7 -7518.3 136.4
-6481.8 -7519.5 136.7
-6596.0 -7524.6 137.6
-6609.9 -7517.1 137.5
-6737.6 -7518.4 142.9
-6758.2 -7516.6 144.3
-6769.8 -7515.7 144.7
-6783.3 -7517.8 144.9
-6862.2 -7522.7 146.1
-6877.6 -7523.9 146.3
-6909.5 -7517.3 146.8
-6936.9 -7521.6 147.7
-6954.9 -7515.7 149.2
-7130.9 -7519.6 150.9
-7210.1 -7520.7 150.3
-7219.5 -7523.8 150.5
-7285.7 -7517.9 150.8
-7294.1 -7521.3 151.0
-7388.9 -7519.5 149.3
-7450.1 -7516.1 147.1
-7458.1 -7519.5 147.1
-6408.5 -7503.8 135.3
-6429.3 -7503.8 135.9
-6445.8 -7510.2 136.1
-6451.6 -7501.3 136.5
-6466.3 -7508.5 136.7
-6577.4 -7507.4 137.3
-6587.9 -7506.1 137.3
-6634.8 -7503.6 137.3
-6646.5 -7502.4 137.3
-6706.5 -7504.1 141.0
-6770.3 -7508.9 144.8
-6797.9 -7503.1 145.4
-6890.3 -7505.7 146.8
-6909.8 -7505.9 147.0
-6921.0 -7510.3 147.0
-6934.4 -7507.7 147.7
-6962.2 -7503.6 149.7
-6992.5 -7504.6 151.2
-7027.8 -7508.9 152.0
-7039.0 -7503.1 151.6
-7103.3 -7507.3 150.5
-7165.2 -7507.6 149.9
-7223.7 -7501.8 149.6
-7239.1 -7504.0 149.8
-7252.5 -7510.2 150.2
-7265.2 -7507.9 150.2
-7314.9 -7508.4 150.6
-7331.1 -7506.3 150.0
-7386.3 -7503.8 148.0
-7414.6 -7508.5 147.5
-7430.8 -7502.6 146.6
-7458.8 -7502.7 145.7
-7471.4 -7506.0 145.6
-7517.4 -7502.0 143.8
-6376.9 -7492.3 134.9
-6393.3 -7488.6 135.4
-6406.9 -7489.4 135.8
-6426.0 -7493.9 136.1
-6461.0 -7485.6 136.8
-6575.2 -7493.9 137.1
-6708.5 -7489.3 141.4
-6742.3 -7489.9 143.6
-6773.4 -7487.8 145.2
-6781.6 -7485.8 145.4
-6802.5 -7492.8 145.7
-6846.1 -7486.7 146.6
-6909.8 -7485.7 147.4
-6938.2 -7490.4 148.1
-6998.5 -7486.9 151.7
-7009.5 -7488.9 152.2
-7087.1 -7490.5 150.1
-7146.1 -7487.1 149.7
-7201.6 -7488.6 148.9
-7232.2 -7488.9 149.2
-7267.0 -7492.9 149.6
-7284.3 -7489.3 149.6
-7297.7 -7494.9 149.9
-7340.2 -7494.9 148.7
-7355.5 -7487.9 147.7
-7368.0 -7493.2 147.7
-7478.0 -7491.7 144.5
-7509.0 -7492.5 144.2
-6442.8 -7471.2 136.5
-6454.6 -7478.9 136.7
-6520.0 -7473.0 136.7
-6535.9 -7474.2 136.7
-6572.7 -7477.9 136.8
-6588.4 -7480.1 136.9
-6639.3 -7475.9 136.9
-6681.0 -7471.7 139.8
-6723.1 -7478.4 142.5
-6783.8 -7476.4 145.5
-6804.2 -7476.7 145.9
-6846.6 -7478.0 146.7
-6909.2 -7473.3 147.6
-6953.3 -7470.5 149.6
-6994.7 -7478.0 151.6
-7014.4 -7470.6 151.7
-7055.6 -7475.7 150.7
-7100.7 -7480.1 149.8
-7133.3 -7475.5 149.6
-7173.7 -7477.6 148.8
-7192.2 -7480.0 148.5
-7220.2 -7479.0 148.7
-7310.3 -7475.2 148.0
-7327.1 -7470.5 147.1
-7336.7 -7470.6 146.8
-7358.9 -7474.4 146.4
-7451.1 -7472.6 144.7
-7465.5 -7480.0 144.6
-7472.1 -7477.0 144.5
-7509.2 -7473.5 144.3
-6353.0 -7464.3 135.3
-6426.3 -7457.6 136.3
-6442.4 -7460.9 136.4
-6459.1 -7456.4 136.3
-6482.3 -7456.0 136.4
-6655.6 -7457.5 138.4
-6729.1 -7460.4 143.2
-6774.6 -7460.5 145.6
-6804.7 -7459.4 146.2
-6848.2 -7459.7 147.0
-6874.0 -7458.9 147.5
-6907.5 -7462.4 147.8
-7043.0 -7462.4 150.8
-7067.1 -7463.4 150.2
-7086.9 -7457.8 149.5
-7159.7 -7461.5 148.7
-7190.5 -7458.5 148.0
-7223.0 -7460.2 147.9
-7326.9 -7460.4 146.3
-7384.1 -7464.2 145.1
-7405.3 -7458.7 145.0
-7472.8 -7461.3 144.6
-7538.3 -7458.5 144.2
-6291.4 -7448.3 135.3
-6458.9 -7445.9 136.2
-6503.4 -7442.6 136.2
-6557.9 -7447.8 136.3
-6590.0 -7449.8 136.4
-6603.4 -7445.3 136.3
-6650.6 -7450.1 138.2
-6664.1 -7444.3 139.2
-6784.4 -7443.1 146.0
-6811.3 -7443.5 146.5
-6886.5 -7442.7 148.0
-6936.9 -7445.6 148.5
-6996.1 -7447.9 151.8
-7026.0 -7443.9 151.0
-7045.0 -7445.8 150.5
-7085.1 -7440.7 149.3
-7129.2 -7446.0 148.8
-7181.1 -7441.8 147.7
-7250.7 -7445.7 147.4
-7264.6 -7445.7 147.0
-7345.7 -7444.6 145.4
-7354.8 -7442.5 145.4
-7384.9 -7442.4 145.2
-7479.9 -7440.8 144.6
-7540.6 -7443.7 144.2
-6304.6 -7430.8 136.4
-6355.0 -7433.7 136.2
-6396.8 -7431.2 136.0
-6452.3 -7432.8 136.0
-6467.2 -7426.2 135.9
-6501.0 -7430.6 136.0
-6521.1 -7429.5 136.0
-6745.5 -7434.2 144.7
-6757.5 -7433.3 145.5
-6784.7 -7427.4 146.2
-6802.4 -7430.4 146.6
-6828.7 -7431.7 147.1
-6856.4 -7426.3 147.7
-6926.2 -7432.7 148.6
-6967.8 -7428.7 150.7
-7006.3 -7426.0 151.2
-7178.3 -7431.1 147.4
-7314.8 -7426.2 145.6
-7322.5 -7435.1 145.6
-7338.0 -7432.9 145.5
-7429.6 -7428.0 144.9
-7447.0 -7434.6 144.8
-7462.5 -7425.6 144.6
-7548.1 -7426.0 144.0
-7565.5 -7434.4 144.0
-6334.0 -7413.5 136.3
-6398.8 -7419.7 136.0
-6446.0 -7415.9 135.8
-6488.2 -7411.2 135.7
-6518.5 -7414.6 135.8
-6559.2 -7416.6 135.8
-6602.9 -7418.0 135.9
-6654.2 -7417.1 138.9
-6669.9 -7416.3 140.0
-6715.7 -7416.5 143.0
-6725.0 -7412.4 143.7
-6739.9 -7418.8 144.6
-6767.7 -7411.3 146.1
-6781.4 -7418.1 146.3
-6874.0 -7411.8 148.2
-6952.9 -7415.4 150.1
-6997.3 -7413.3 151.2
-7084.6 -7414.0 148.9
-7315.3 -7413.4 145.6
-7330.2 -7414.0 145.5
-7390.2 -7413.3 145.1
-7401.9 -7412.5 145.0
-7417.3 -7413.2 144.9
-7431.8 -7417.8 144.8
-7450.0 -7417.2 144.7
-7538.5 -7410.8 144.0
-6244.2 -7396.8 137.1
-6350.7 -7395.4 136.2
-6423.2 -7400.8 135.8
-6571.4 -7401.6 135.6
-6649.4 -7398.9 138.9
-6666.3 -7404.9 139.9
-6681.2 -7398.2 141.0
-6692.2 -7403.9 141.7
-6724.8 -7404.4 143.8
-6846.7 -7398.4 147.9
-6903.5 -7396.6 149.0
-7030.7 -7395.8 150.0
-7156.9 -7401.2 147.0
-7269.5 -7400.2 145.9
-7398.8 -7397.8 145.0
-7432.7 -7401.4 144.7
-7478.9 -7398.6 144.4
-7553.8 -7403.3 143.9
-7568.1 -7402.3 143.8
-6228.7 -7381.7 137.1
-6262.4 -7381.8 136.7
-6280.5 -7380.8 136.6
-6410.4 -7389.6 135.9
-6439.2 -7381.3 135.7
-6474.2 -7381.4 135.6
-6503.0 -7382.9 135.4
-6526.3 -7385.6 135.3
-6576.8 -7384.5 135.4
-6608.5 -7385.5 136.4
-6700.9 -7386.2 142.5
-6754.0 -7387.5 146.0
-6783.9 -7390.1 146.8
-6800.7 -7388.0 147.1
-6845.5 -7382.0 148.1
-6858.5 -7385.4 148.3
-6874.8 -7389.8 148.6
-7007.9 -7386.8 150.5
-7086.1 -7382.8 148.3
-7159.8 -7387.0 147.1
-7187.8 -7381.7 146.9
-7237.2 -7384.1 146.4
-7269.2 -7388.7 145.9
-7298.1 -7388.3 145.6
-7412.8 -7383.7 144.8
-7442.4 -7387.0 144.6
-7461.7 -7382.3 144.5
-7541.1 -7383.4 143.9
-6292.1 -7369.0 136.5
-6319.7 -7370.3 136.3
-6368.9 -7367.8 136.1
-6413.0 -7365.8 135.9
-6430.8 -7371.5 135.8
-6438.7 -7374.4 135.7
-6482.1 -7369.0 135.5
-6592.3 -7370.8 135.6
-6758.4 -7370.0 146.6
-6847.2 -7374.9 148.2
-6891.0 -7374.5 149.1
-6933.0 -7368.8 149.9
-6996.1 -7369.5 150.5
-7015.7 -7367.2 150.0
-7066.4 -7369.3 148.6
-7103.3 -7371.0 147.8
-7116.6 -7371.6 147.6
-7172.1 -7374.6 147.1
-7190.9 -7368.7 147.0
-7231.4 -7373.9 146.6
-7357.0 -7368.8 145.1
-7429.9 -7371.4 144.7
-7533.6 -7372.1 143.9
-6200.3 -7352.0 137.1
-6214.4 -7359.9 137.1
-6260.7 -7356.6 136.6
-6280.3 -7358.1 136.5
-6305.3 -7355.2 136.4
-6318.6 -7354.0 136.3
-6428.9 -7352.5 135.8
-6504.6 -7356.9 135.4
-6530.9 -7351.8 135.4
-6562.1 -7351.9 135.4
-6619.6 -7358.9 137.7
-6652.4 -7355.0 140.2
-6697.1 -7351.6 143.6
-6723.6 -7357.1 145.0
-6754.5 -7358.4 146.9
-6863.1 -7352.3 148.9
-6903.2 -7354.8 149.6
-6963.7 -7357.4 151.2
-7024.9 -7352.2 149.5
-7055.8 -7351.0 148.8
-7191.1 -7357.8 147.1
-7209.4 -7354.8 147.0
-7266.1 -7354.0 146.3
-7351.6 -7350.4 145.2
-7441.6 -7356.1 144.5
-7504.0 -7353.1 144.1
-7564.7 -7351.0 143.6
-7630.9 -7358.6 143.0
-6229.0 -7336.1 136.8
-6290.7 -7336.8 136.4
-6320.6 -7341.2 136.3
-6353.7 -7336.8 136.1
-6382.9 -7343.3 136.0
-6406.4 -7341.9 135.9
-6512.9 -7338.5 136.1
-6590.0 -7336.3 137.1
-6608.1 -7335.7 138.4
-6666.9 -7345.1 141.9
-6797.8 -7342.7 148.0
-6952.3 -7343.7 150.8
-7070.3 -7343.5 148.5
-7116.9 -7339.1 148.0
-7134.9 -7336.6 147.8
-7145.9 -7342.4 147.6
-7202.0 -7339.3 147.3
-7224.0 -7342.6 147.0
-7249.9 -7339.8 146.7
-7307.9 -7342.1 145.9
-7345.1 -7340.3 145.4
-7402.3 -7342.9 144.7
-7430.7 -7340.7 144.5
-7442.8 -7338.2 144.4
-7489.1 -7344.0 144.1
-7538.5 -7339.8 143.8
-7552.7 -7340.6 143.7
-7584.6 -7339.5 143.5
-7629.8 -7343.6 142.8
-6204.1 -7328.9 136.9
-6243.7 -7321.3 136.7
-6273.2 -7326.6 136.5
-6302.6 -7327.9 136.4
-6384.9 -7321.4 136.9
-6421.6 -7324.8 136.7
-6436.9 -7321.8 136.9
-6526.8 -7324.7 136.9
-6685.0 -7324.5 144.4
-6696.3 -7326.0 145.1
-6746.2 -7325.3 147.8
-6773.3 -7327.0 148.1
-6782.6 -7324.0 148.4
-6802.4 -7328.4 148.6
-6920.5 -7321.5 150.6
-6956.1 -7328.2 150.9
-6993.4 -7322.4 150.1
-7012.9 -7328.7 149.7
-7058.5 -7326.9 148.8
-7101.7 -7324.5 148.3
-7117.5 -7322.9 148.2
-7174.0 -7325.1 147.6
-7201.4 -7328.1 147.4
-7285.7 -7326.3 146.4
-7307.7 -7329.3 146.0
-7338.7 -7321.5 145.7
-7358.2 -7321.1 145.4
-7478.9 -7323.7 144.1
-7490.3 -7329.7 144.1
-7534.9 -7327.0 143.8
-7580.2 -7321.0 143.4
-6250.4 -7308.5 137.4
-6346.6 -7314.5 137.2
-6385.2 -7307.4 137.6
-6393.9 -7310.4 137.5
-6427.3 -7314.6 137.3
-6474.0 -7313.7 137.4
-6622.7 -7312.3 140.9
-6640.5 -7311.1 142.2
-6652.9 -7306.8 143.3
-6691.8 -7314.9 145.5
-6716.2 -7313.8 147.1
-6739.5 -7312.5 148.1
-6817.9 -7308.6 149.4
-6833.3 -7312.3 149.5
-6844.8 -7308.8 149.8
-6905.1 -7307.3 150.8
-6925.9 -7310.7 151.1
-6935.7 -7306.7 151.2
-6953.3 -7307.9 151.2
-6984.9 -7307.8 150.5
-7008.7 -7313.7 149.8
-7036.6 -7312.0 149.3
-7248.2 -7305.6 147.1
-7293.9 -7307.9 146.4
-7358.9 -7313.3 145.5
-7375.8 -7314.9 145.3
-7414.0 -7310.8 144.8
-7464.5 -7314.7 144.2
-7510.4 -7309.6 143.9
-7518.8 -7313.1 143.8
-7539.4 -7306.8 143.7
-7636.2 -7312.9 141.9
-6220.5 -7291.8 138.2
-6247.8 -7298.5 137.9
-6347.9 -7293.0 138.4
-6428.8 -7296.7 138.3
-6457.6 -7293.4 138.5
-6511.9 -7290.8 138.7
-6528.9 -7292.7 138.6
-6561.2 -7296.9 138.9
-6576.3 -7295.0 139.3
-6617.1 -7296.8 141.5
-6648.7 -7294.9 143.8
-6684.1 -7292.3 146.4
-6756.0 -7295.0 148.9
-6766.5 -7294.0 149.1
-6785.5 -7292.4 149.4
-6800.2 -7292.6 149.7
-6894.5 -7292.9 151.1
-6906.8 -7292.5 151.3
-6963.1 -7300.0 151.2
-7054.3 -7300.2 149.2
-7130.9 -7294.4 148.3
-7179.3 -7299.1 147.8
-7188.7 -7293.9 147.8
-7271.2 -7293.7 146.9
-7294.0 -7290.3 146.6
-7315.9 -7290.5 146.3
-7351.5 -7296.2 145.8
-7489.4 -7292.6 144.0
-7600.3 -7292.8 143.2
-7629.9 -7291.0 142.0
-7652.2 -7293.7 140.6
-6197.3 -7281.3 138.1
-6228.7 -7276.4 139.0
-6272.2 -7278.3 139.1
-6293.5 -7280.6 139.0
-6323.0 -7277.1 139.2
-6383.5 -7279.5 139.1
-6393.6 -7280.4 139.1
-6452.6 -7282.4 139.1
-6472.0 -7281.2 139.2
-6513.7 -7278.2 139.4
-6592.0 -7278.4 140.9
-6610.9 -7279.5 142.2
-6633.7 -7283.0 143.5
-6692.3 -7282.5 147.4
-6876.4 -7281.5 151.2
-6920.1 -7283.9 151.4
-6966.1 -7282.9 151.3
-7055.8 -7284.7 149.4
-7099.0 -7283.9 148.9
-7147.1 -7280.0 148.3
-7293.5 -7285.1 146.7
-7345.5 -7280.2 146.0
-7373.1 -7280.1 145.7
-7411.4 -7277.9 145.2
-7444.0 -7282.9 144.7
-7462.9 -7277.7 144.5
-7503.0 -7280.0 143.9
-7580.4 -7277.6 143.3
-7640.4 -7278.1 141.1
-6302.0 -7270.2 139.5
-6416.1 -7269.3 139.7
-6438.3 -7268.1 139.8
-6636.6 -7262.4 145.0
-6668.1 -7269.9 146.7
-6738.4 -7262.1 149.6
-6815.5 -7267.5 150.7
-6993.2 -7263.0 151.0
-7117.5 -7268.3 148.8
-7133.1 -7267.3 148.6
-7171.3 -7265.6 148.2
-7238.8 -7269.2 147.6
-7311.4 -7267.7 146.6
-7360.2 -7261.0 146.0
-7375.1 -7260.5 145.8
-7401.9 -7265.0 145.4
-7417.3 -7266.1 145.2
-7428.8 -7267.5 145.0
-7456.4 -7262.6 144.7
-7517.3 -7261.6 143.9
-7553.2 -7268.0 143.4
-7566.0 -7269.2 143.3
-7583.6 -7264.5 143.2
-7672.3 -7265.2 138.7
-7686.7 -7267.9 137.7
-6234.2 -7253.3 139.6
-6323.6 -7249.8 140.7
-6383.8 -7255.0 140.5
-6398.1 -7247.6 140.9
-6407.0 -7248.1 140.9
-6437.0 -7248.9 140.9
-6490.1 -7250.9 140.8
-6542.7 -7255.1 141.4
-6608.7 -7248.9 144.0
-6652.0 -7249.3 146.9
-6693.0 -7254.5 148.6
-6714.1 -7250.3 149.6
-6832.6 -7251.5 151.4
-6857.7 -7252.6 151.7
-6926.1 -7250.2 151.7
-7006.6 -7249.8 150.9
-7134.0 -7247.6 148.9
-7146.5 -7246.8 148.7
-7194.8 -7246.0 148.3
-7238.6 -7246.2 147.8
-7267.6 -7245.7 147.4
-7308.1 -7252.8 146.8
-7327.7 -7253.4 146.5
-7432.6 -7250.1 145.2
-7502.5 -7247.8 144.3
-7520.5 -7246.9 144.0
-7550.8 -7252.8 143.6
-7592.8 -7249.0 143.1
-7609.1 -7251.6 142.6
-7629.1 -7253.4 141.4
-7641.6 -7251.6 140.3
-7687.9 -7248.0 136.4
-6278.4 -7237.6 141.1
-6393.2 -7237.4 141.4
-6423.1 -7232.1 141.8
-6473.5 -7239.1 141.5
-6482.1 -7232.3 141.8
-6500.9 -7235.8 141.9
-6511.7 -7239.1 141.9
-6527.1 -7237.9 142.3
-6605.3 -7239.9 144.3
-6666.2 -7232.7 148.4
-6677.1 -7230.4 148.9
-6699.0 -7231.7 149.7
-6706.3 -7235.1 149.8
-6721.5 -7238.2 150.1
-6739.5 -7234.5 150.5
-6781.3 -7235.1 151.2
-6862.2 -7232.1 151.9
-6880.4 -7231.2 151.9
-6890.1 -7233.5 151.9
-6937.2 -7239.6 151.8
-6952.6 -7231.6 151.8
-7089.3 -7238.4 149.5
-7247.5 -7233.0 147.8
-7279.9 -7239.9 147.3
-7315.6 -7237.9 146.9
-7341.4 -7232.9 146.6
-7374.7 -7236.0 146.1
-7389.9 -7230.9 145.9
-7415.2 -7236.7 145.5
-7445.1 -7232.7 145.2
-7495.7 -7238.2 144.4
-7504.6 -7237.8 144.3
-7622.6 -7233.9 140.8
-7683.6 -7239.9 136.3
-7701.5 -7240.3 134.8
-6226.7 -7224.0 140.1
-6277.9 -7224.8 141.3
-6379.1 -7217.3 142.5
-6427.0 -7215.4 142.7
-6457.4 -7218.3 142.6
-6485.0 -7219.6 142.7
-6501.7 -7222.4 142.8
-6551.0 -7218.5 144.0
-6576.5 -7222.4 144.3
-6619.5 -7222.8 146.4
-6707.9 -7223.4 150.4
-6754.1 -7217.1 151.3
-6786.8 -7221.3 151.7
-6803.2 -7221.2 151.9
-6815.2 -7220.6 152.0
-6841.5 -7215.6 152.1
-6880.6 -7222.2 152.0
-6888.4 -7220.1 152.0
-6970.2 -7223.9 151.8
-6986.0 -7217.0 151.8
-7000.8 -7216.3 151.6
-7007.6 -7224.1 151.3
-7087.1 -7223.8 149.7
-7160.0 -7221.5 148.8
-7206.0 -7225.2 148.4
-7323.7 -7217.8 147.0
-7401.3 -7222.2 145.9
-7458.4 -7220.5 145.1
-7490.1 -7221.0 144.7
-7501.7 -7224.7 144.5
-7521.2 -7217.7 144.3
-7570.9 -7222.0 142.9
-7576.9 -7224.8 142.8
-7670.7 -7222.1 136.2
-7686.4 -7216.7 134.6
-7702.6 -7215.8 133.3
-6217.2 -7205.9 140.8
-6263.5 -7201.5 141.5
-6272.5 -7206.2 141.6
-6321.1 -7202.9 142.9
-6440.2 -7207.7 143.1
-6544.3 -7200.8 145.1
-6559.6 -7208.6 144.9
-6576.6 -7209.2 145.2
-6617.8 -7201.3 147.6
-6696.3 -7207.9 150.5
-6889.4 -7201.7 152.1
-6948.9 -7209.4 152.0
-6963.2 -7208.0 152.0
-7067.9 -7203.6 150.4
-7158.0 -7205.0 149.1
-7206.9 -7206.1 148.6
-7238.1 -7202.5 148.3
-7263.5 -7201.6 147.9
-7277.3 -7207.9 147.7
-7324.6 -7206.2 147.1
-7373.2 -7205.4 146.4
-7431.0 -7209.1 145.6
-7465.2 -7205.4 145.2
-7486.3 -7201.7 144.9
-7502.6 -7206.6 144.7
-7629.0 -7206.7 138.3
-7718.9 -7205.1 131.7
-7746.9 -7208.9 130.2
-6295.7 -7186.6 142.6
-6324.2 -7186.8 143.3
-6333.5 -7188.4 143.5
-6353.4 -7191.0 143.9
-6370.9 -7192.8 143.8
-6426.7 -7189.2 144.1
-6511.6 -7187.8 145.3
-6561.6 -7193.0 146.0
-6625.5 -7193.4 148.3
-6695.8 -7188.7 151.3
-6755.6 -7189.6 152.2
-6782.5 -7186.9 152.4
-6832.6 -7194.9 152.2
-6986.1 -7191.7 152.1
-7114.9 -7191.9 149.8
-7147.1 -7191.4 149.4
-7192.6 -7192.4 148.9
-7293.1 -7186.7 147.7
-7315.5 -7186.1 147.4
-7435.3 -7190.5 145.7
-7521.5 -7193.1 143.0
-7533.4 -7191.6 142.3
-7551.8 -7190.3 141.3
-7593.8 -7190.4 139.3
-7627.3 -7192.1 137.3
-7639.1 -7187.6 136.1
-7719.4 -7186.4 130.6
-7747.2 -7186.2 128.9
-6213.6 -7177.0 141.7
-6229.8 -7179.5 141.7
-6303.4 -7178.3 143.0
-6377.2 -7170.8 145.0
-6394.4 -7175.8 144.8
-6444.8 -7178.8 144.7
-6458.9 -7177.5 145.0
-6485.0 -7178.5 145.5
-6516.4 -7173.4 146.4
-6556.3 -7172.7 147.2
-6640.1 -7176.3 149.6
-6655.3 -7174.7 150.2
-6670.7 -7176.2 150.8
-6680.3 -7174.5 151.2
-6694.0 -7174.9 151.7
-6713.3 -7178.9 151.9
-6739.0 -7171.4 152.5
-6769.8 -7176.1 152.5
-6789.6 -7172.4 152.5
-6910.5 -7180.1 152.3
-7008.6 -7179.6 152.0
-7037.4 -7170.4 151.4
-7174.0 -7173.5 149.2
-7270.8 -7178.9 148.1
-7300.2 -7176.1 147.7
-7309.1 -7173.1 147.6
-7344.7 -7179.0 147.1
-7360.4 -7173.3 146.9
-7383.4 -7179.6 146.5
-7404.3 -7173.2 146.3
-7447.3 -7179.1 145.5
-7462.5 -7173.9 144.3
-7506.4 -7171.5 142.0
-7613.3 -7176.3 136.9
-7713.9 -7174.7 130.3
-6248.6 -7156.8 142.5
-6340.8 -7158.1 144.4
-6426.8 -7163.1 145.5
-6468.0 -7165.0 146.0
-6498.3 -7156.2 147.2
-6589.2 -7164.6 148.2
-6634.8 -7162.1 149.9
-6692.4 -7162.6 152.0
-6713.6 -7160.7 152.4
-6820.7 -7159.5 152.6
-6850.1 -7164.2 152.5
-6871.2 -7159.5 152.5
-6983.4 -7156.2 152.4
-7007.6 -7157.1 152.3
-7026.4 -7155.9 151.9
-7223.0 -7160.9 148.9
-7252.9 -7156.5 148.5
-7315.4 -7157.3 147.7
-7321.6 -7157.2 147.6
-7355.1 -7163.0 147.1
-7400.8 -7162.1 146.4
-7434.9 -7155.8 144.2
-7464.0 -7164.4 143.5
-7508.7 -7155.9 140.6
-7576.8 -7160.2 137.9
-7597.0 -7156.2 136.3
-7613.1 -7164.5 135.9
-7697.8 -7164.2 130.2
-6232.4 -7149.9 142.7
-6290.6 -7145.0 143.4
-6318.3 -7142.8 144.2
-6497.1 -7148.6 147.5
-6577.0 -7141.7 148.6
-6669.7 -7148.4 151.8
-6680.0 -7146.8 152.3
-6698.6 -7142.2 152.8
-6726.9 -7143.2 152.8
-6759.4 -7144.5 152.7
-6770.7 -7148.0 152.7
-6816.6 -7144.8 152.7
-6849.7 -7149.0 152.6
-6887.6 -7148.8 152.6
-7201.5 -7141.7 149.3
-7266.8 -7140.7 148.5
-7280.4 -7145.8 148.3
-7294.9 -7144.1 148.1
-7324.0 -7146.8 147.7
-7338.7 -7140.9 147.5
-7359.3 -7148.9 147.2
-7443.3 -7149.1 143.3
-7460.3 -7142.9 142.0
-7520.4 -7145.4 139.2
-7577.3 -7146.7 136.8
-7609.6 -7149.2 134.9
-6275.7 -7128.6 143.5
-6291.2 -7129.4 143.8
-6354.0 -7127.3 145.4
-6400.4 -7125.9 147.8
-6410.6 -7126.4 147.9
-6496.8 -7135.1 148.1
-6556.4 -7129.0 149.2
-6653.7 -7134.9 151.7
-6699.4 -7129.8 152.9
-6741.9 -7128.4 152.9
-6782.9 -7132.1 152.8
-6906.5 -7127.5 152.8
-7239.4 -7134.6 148.9
-7270.8 -7126.8 148.6
-7337.3 -7126.9 146.7
-7372.8 -7128.7 145.1
-7431.7 -7126.3 142.0
-7444.9 -7134.5 142.0
-7461.3 -7129.2 140.8
-7495.2 -7129.5 139.2
-7505.6 -7134.5 139.1
-7537.1 -7130.3 137.3
-7596.7 -7134.6 134.6
-6258.1 -7118.5 143.8
-6325.5 -7113.6 145.0
-6362.8 -7117.6 145.8
-6446.2 -7114.5 148.5
-6457.5 -7115.5 148.7
-6532.0 -7119.4 149.5
-6648.4 -7114.8 152.0
-6669.0 -7116.8 152.9
-6697.9 -7112.3 153.1
-6801.7 -7116.6 153.0
-6815.5 -7111.0 153.0
-7222.8 -7117.8 149.3
-7232.8 -7113.9 149.2
-7250.3 -7118.3 149.0
-7356.3 -7117.1 145.0
-7390.3 -7113.3 143.0
-7416.2 -7112.8 141.7
-7488.9 -7113.3 138.2
-7509.6 -7116.2 137.4
-7540.5 -7111.3 135.7
-7581.9 -7114.4 133.9
-6262.0 -7098.3 144.5
-6367.1 -7102.0 146.4
-6376.7 -7097.3 147.0
-6461.1 -7097.5 147.8
-6481.6 -7096.4 148.1
-6547.2 -7103.0 149.7
-6560.1 -7099.8 149.8
-6602.2 -7098.8 150.5
-6745.9 -7102.3 153.1
-6788.0 -7095.3 153.2
-6817.3 -7096.7 153.1
-7232.7 -7104.1 149.3
-7270.8 -7100.8 147.9
-7420.3 -7104.4 140.8
-7428.7 -7097.2 139.8
-7451.1 -7098.9 138.9
-7472.3 -7099.9 137.9
-7506.1 -7100.5 136.4
-7585.5 -7101.7 132.6
-7593.9 -7096.0 131.6
-6266.0 -7088.6 144.9
-6272.5 -7088.6 144.9
-6363.9 -7080.5 146.4
-6397.7 -7087.8 146.5
-6444.6 -7081.6 146.6
-6499.0 -7080.5 147.6
-6531.1 -7083.0 148.3
-6551.0 -7083.0 148.7
-6573.3 -7086.3 149.3
-6683.0 -7084.9 153.5
-6694.7 -7081.3 153.5
-6744.0 -7089.6 153.2
-6753.7 -7082.0 153.3
-6770.1 -7088.4 153.2
-6784.4 -7080.5 153.3
-6820.1 -7087.6 153.2
-7314.0 -7085.0 144.5
-7327.2 -7082.7 143.7
-7358.2 -7085.5 142.4
-7374.6 -7089.3 141.9
-7436.1 -7081.7 138.2
-7457.9 -7083.2 137.3
-7577.3 -7088.8 132.1
-6339.9 -7069.3 146.0
-6353.3 -7068.5 145.9
-6395.0 -7073.4 145.9
-6439.1 -7066.3 145.7
-6488.7 -7069.4 146.8
-6504.0 -7072.6 147.3
-6512.6 -7069.8 147.3
-6563.0 -7072.2 148.3
-6605.8 -7065.4 149.7
-6616.2 -7066.2 150.7
-6634.5 -7072.5 152.1
-6654.5 -7071.5 153.0
-6680.5 -7074.9 153.7
-6693.9 -7071.4 153.7
-6724.9 -7071.4 153.4
-6743.2 -7068.2 153.4
-6761.1 -7065.9 153.4
-7340.7 -7065.4 141.6
-7356.8 -7070.1 141.2
-7369.2 -7071.5 140.7
-7406.0 -7067.7 138.6
-7434.0 -7065.9 137.1
-7476.1 -7074.1 135.7
-7520.0 -7070.4 133.5
-6245.5 -7059.9 145.8
-6316.2 -7055.3 145.6
-6352.5 -7059.8 145.5
-6378.9 -7056.9 145.3
-6429.8 -7057.5 145.1
-6445.4 -7055.3 145.2
-6469.0 -7051.5 145.5
-6527.8 -7055.1 146.8
-6616.3 -7052.6 150.8
-6652.6 -7050.9 153.3
-6662.4 -7059.7 153.6
-6742.8 -7050.5 153.6
-6784.8 -7059.9 153.5
-7276.8 -7056.1 144.5
-7295.5 -7050.5 142.9
-7312.1 -7055.8 142.2
-7339.2 -7057.8 141.1
-7421.0 -7056.5 136.9
-7429.2 -7050.6 136.1
-7444.5 -7054.9 135.7
-7478.2 -7051.0 133.9
-7551.8 -7058.7 131.3
-6295.4 -7042.2 145.3
-6326.2 -7038.5 144.9
-6333.0 -7038.6 144.8
-6355.2 -7037.5 144.6
-6384.8 -7045.2 144.8
-6391.7 -7038.3 144.4
-6445.3 -7036.0 144.2
-6472.1 -7038.5 144.8
-6500.6 -7041.9 145.5
-6530.6 -7044.3 146.2
-6639.5 -7038.7 152.9
-6668.0 -7042.4 154.1
-6715.2 -7043.3 153.9
-7309.5 -7036.8 142.2
-7397.5 -7042.2 136.9
-7533.4 -7043.1 130.9
-6274.3 -7022.6 144.8
-6324.2 -7026.1 144.4
-6443.1 -7021.4 143.5
-6474.2 -7029.2 144.3
-6488.7 -7028.1 144.5
-6532.7 -7028.6 145.4
-7307.2 -7023.4 143.3
-7356.2 -7022.7 138.1
-7385.2 -7026.2 136.3
-7418.3 -7029.7 134.9
-7445.8 -7025.9 133.3
-7522.7 -7023.5 129.9
-6301.8 -7011.7 144.1
-6334.2 -7007.5 143.7
-6363.2 -7011.4 143.6
-6396.9 -7008.1 143.1
-6485.5 -7011.5 143.6
-6505.9 -7014.4 144.1
-7340.0 -7011.6 140.5
-7404.9 -7015.2 134.4
-7442.4 -7009.4 132.2
-7492.9 -7014.8 130.5
-6325.5 -6991.6 143.2
-6400.2 -6998.8 142.8
-7401.7 -6992.1 135.2
-7416.8 -6994.7 133.7
-7435.8 -6993.3 133.3
-7465.4 -6994.0 132.4
-7473.8 -6995.0 132.2
-6443.9 -6984.6 141.9
-7399.5 -6979.5 136.2
-7367.3 -6961.6 140.6
-7389.8 -6968.3 137.9
-7444.5 -6966.4 135.0
-7449.1 -6950.9 135.9
-7431.6 -6938.1 137.3
-7446.9 -6939.9 136.8
-7464.7 -6938.1 136.5
-7396.9 -6925.3 139.7
4078.5 -4006.7 90.6
4075.9 -3995.7 91.0
4158.8 -3978.3 93.0
4081.5 -3973.8 91.8
4048.6 -3976.3 91.1
4036.3 -3959.1 91.2
4123.2 -3942.1 93.5
4110.3 -3948.9 93.0
4075.7 -3942.7 92.3
4024.5 -3943.8 91.1
4078.8 -3934.3 92.5
4067.1 -3932.9 92.3
4015.7 -3932.8 91.1
4090.5 -3920.5 93.0
4076.3 -3920.0 92.6
4157.6 -3903.1 94.2
4109.5 -3898.7 93.0
