-4876.8 -319.4 16.8
2837.8 8079.8 74.4
2836.6 8041.2 72.1
2802.4 8040.2 70.6
2748.7 8070.1 69.9
2085.5 1355.5 46.0
2078.4 1344.2 46.0
2068.6 1330.1 45.9
2058.1 1325.2 45.8
2059.4 1318.3 45.8
-854.2 2953.8 37.3
-852.4 2933.5 37.0
-844.6 2946.4 37.1
-4755.9 7169.0 17.5
-5275.9 7626.1 15.5
-4811.9 7306.1 17.8
-4788.3 7433.2 18.3
-4828.4 7131.7 17.1
6845.1 1327.6 29.0
6843.7 1317.8 28.8
6839.9 1295.6 28.3
6870.0 1291.7 28.6
6853.5 1315.4 28.6
6829.8 1229.4 30.0
6819.0 1245.5 29.5
6911.1 1308.7 30.1
6916.6 1316.5 30.0
-4588.4 7047.9 18.2
-4564.3 7026.4 18.3
-4571.0 7030.0 18.3
-4882.5 -333.7 16.8
6841.9 1306.3 28.5
6848.5 1285.4 28.2
6858.7 1283.7 28.3
6869.2 1282.9 28.8
6857.6 1271.9 28.7
6869.0 1271.5 29.3
6878.1 1280.2 29.4
6860.1 1293.9 28.0
6850.2 1294.4 28.2
6851.5 1306.1 28.4
6818.6 1234.6 29.8
6836.6 1242.6 29.6
6833.7 1251.7 29.3
1654.8 8664.8 47.5
-4556.4 7022.2 18.3
-4830.5 7120.1 17.1
2883.7 8080.7 77.3
2704.2 8127.8 70.8
2822.0 8100.9 74.8
-2734.5 2979.1 53.2
-4779.0 7435.7 18.4
-4772.7 7439.6 18.5
-4794.9 7432.3 18.3
-842.8 2934.6 36.9
6839.4 1286.7 28.2
6861.2 1262.4 29.2
6889.3 1287.5 29.8
6820.9 1223.0 30.2
6817.6 1254.8 29.2
2062.7 1321.2 45.9
2051.4 1324.1 45.8
2055.1 1321.2 45.8
2100.7 1308.5 46.0
2129.1 1431.9 45.0
2083.5 1352.5 46.0
2073.3 1336.8 45.9
2054.7 1328.1 45.8
-4826.4 7143.7 17.2
-4757.6 7175.4 17.5
-4592.1 7042.3 18.2
2127.9 1457.0 44.3
2116.2 1466.4 43.8
2104.5 1475.8 43.3
2092.8 1485.2 43.0
2081.1 1494.5 42.8
2069.4 1503.9 42.6
2057.7 1513.3 42.5
2046.0 1522.7 42.4
2034.3 1532.1 42.5
2022.6 1541.5 42.6
2010.9 1550.9 42.6
1999.2 1560.2 42.7
1987.5 1569.6 42.8
1975.6 1578.7 42.8
1963.4 1587.4 42.9
1951.2 1596.1 42.9
1939.1 1605.0 43.0
1926.9 1613.8 43.0
1914.8 1622.6 43.1
1902.6 1631.4 43.1
1890.5 1640.2 43.2
1878.4 1649.0 43.2
1866.2 1657.8 43.1
1854.1 1666.7 42.8
1842.0 1675.5 42.6
1829.8 1684.3 42.3
1817.7 1693.1 42.0
1805.5 1701.9 41.8
1793.4 1710.7 41.5
1781.3 1719.5 41.2
1769.1 1728.4 41.0
1757.0 1737.2 40.6
1744.9 1746.0 40.2
1732.7 1754.8 39.7
1720.6 1763.6 39.2
1708.4 1772.4 39.3
1696.3 1781.2 40.4
1684.2 1790.0 41.5
1670.2 1800.2 41.7
-2998.9 -30.7 17.9
-2975.8 -103.4 16.8
-2974.6 -117.4 16.7
-2978.6 -118.0 16.7
-2979.4 -112.5 16.8
-2981.4 -105.9 16.8
-2987.6 -85.3 17.0
-3004.1 -30.7 17.9
-3001.5 -30.3 17.9
-2998.9 -30.7 17.9
-2992.1 -27.8 17.8
-2992.4 -39.2 17.9
-2987.8 -53.5 17.9
-2983.1 -67.7 17.5
-2978.5 -82.0 17.1
-2973.8 -96.3 16.8
-2970.0 -110.8 16.7
-2969.8 -125.8 16.6
-2965.5 -118.1 16.6
-2967.0 -103.3 16.7
-2971.7 -89.1 16.9
-2976.5 -74.8 17.3
-2981.2 -60.6 17.7
-2985.9 -46.4 17.9
-2992.1 -27.8 17.8
-4843.1 -612.0 15.1
-4870.1 -623.2 14.7
-4878.7 -627.8 14.6
-4886.5 -631.9 14.5
-4887.8 -628.9 14.5
-4844.2 -610.0 15.1
-4843.1 -612.0 15.1
-597.5 6521.5 29.3
-592.1 6510.6 29.0
-592.4 6525.7 29.4
-585.8 6512.6 29.0
-568.9 6524.0 29.2
-1136.5 6818.5 32.2
-1125.1 6808.8 32.2
-1113.6 6799.1 32.2
-1102.2 6789.4 32.2
-1083.1 6773.1 32.3
-3192.1 8134.3 28.7
-3178.6 8140.8 28.5
-3165.1 8147.4 28.4
-3151.6 8154.0 28.2
-3138.5 8153.1 28.3
-3125.8 8145.2 28.4
-3113.0 8137.4 28.4
-3100.2 8129.5 28.4
-3076.7 8115.1 28.3
1670.2 1800.2 41.7
1658.5 1809.6 41.7
1646.9 1819.1 41.6
1635.2 1828.5 41.6
1623.6 1837.9 41.5
1611.9 1847.4 41.5
1600.2 1856.8 41.5
1581.0 1872.3 41.4
1796.7 3615.2 86.5
1790.0 3628.6 86.9
1783.3 3642.0 87.4
1776.5 3655.5 87.8
1769.8 3668.9 88.2
1763.1 3682.3 88.5
1756.3 3695.7 88.6
1749.6 3709.1 88.8
1744.7 3722.1 89.1
1756.6 3731.2 90.8
1768.5 3740.3 92.3
1776.7 3749.6 93.8
1765.3 3759.4 93.2
1754.0 3769.1 91.2
1742.6 3778.9 89.1
1731.2 3788.7 86.9
1719.8 3798.5 84.7
1708.5 3808.3 82.5
1699.2 3800.4 82.3
1690.5 3788.2 82.5
1681.8 3776.0 82.3
1672.4 3762.8 81.1
1869.1 3778.8 97.6
1859.9 3790.6 95.5
1850.6 3802.4 93.4
1841.4 3814.2 91.2
1832.2 3826.1 89.8
1823.0 3837.9 89.2
1813.7 3849.7 88.7
1795.3 3873.3 87.6
2979.5 8075.7 82.7
2966.8 8095.2 83.2
-3166.1 -8256.0 20.3
-3151.5 -8259.4 20.3
-3136.9 -8262.7 20.4
-3122.3 -8266.1 20.5
-3117.5 -8254.4 20.3
-3114.6 -8239.7 20.1
-3111.8 -8224.9 19.9
-3109.0 -8210.2 20.0
-3106.2 -8195.5 20.2
-3103.4 -8180.7 20.4
-3100.6 -8166.0 20.5
-3097.1 -8152.1 20.7
-3082.1 -8152.1 20.8
-3067.1 -8152.1 20.9
-3052.1 -8152.1 21.1
-3026.7 -8152.1 21.2
3959.7 -4983.0 48.2
3963.6 -4985.9 48.3
4004.0 -5017.1 48.8
6956.8 1359.6 29.7
6950.6 1345.9 29.8
6944.5 1332.2 29.7
6938.4 1318.5 29.7
6929.2 1309.0 29.7
6921.1 1296.4 29.9
6913.0 1283.8 30.0
6904.9 1271.1 30.2
6896.3 1257.8 30.3
6914.8 1218.0 30.1
6884.0 1220.9 30.5
6864.0 1220.6 30.8
3718.1 7064.9 107.0
3673.6 7060.8 110.8
3795.6 7075.4 100.7
3756.6 7076.5 104.3
3744.1 7071.3 105.1
3628.6 7079.9 116.2
3788.5 7091.6 102.4
3712.9 7095.0 109.5
3675.4 7095.7 113.0
3630.0 7093.8 117.0
3839.1 7105.4 98.8
3808.1 7103.2 101.5
3791.9 7107.7 103.2
3630.6 7109.8 118.1
3821.5 7121.9 101.5
3809.4 7124.3 102.8
3726.4 7122.9 110.3
3674.4 7118.7 114.7
3816.6 7139.5 103.2
3809.6 7139.7 103.8
3713.4 7133.8 112.2
3670.7 7141.1 116.2
3658.3 7132.7 117.1
3640.8 7137.0 118.7
3625.4 7131.8 119.9
3760.3 7148.6 108.9
3684.1 7148.2 115.1
3855.5 7171.1 101.1
3802.5 7170.0 105.4
3760.1 7168.2 108.9
3751.2 7167.7 109.6
3729.6 7164.2 111.4
3720.1 7162.5 112.2
3639.9 7163.2 118.7
3808.6 7182.6 104.9
3792.0 7181.7 106.3
3745.8 7185.2 110.1
3734.8 7182.0 111.0
3682.7 7184.1 115.2
3673.8 7178.3 116.0
3856.0 7200.0 99.0
3832.0 7194.5 102.7
3818.2 7199.8 103.9
3787.5 7192.3 106.7
3773.1 7193.4 107.9
3736.0 7193.5 110.9
3688.5 7200.9 114.8
3636.9 7196.5 119.5
3606.6 7193.0 123.1
3820.2 7209.3 102.6
3742.0 7206.2 110.4
3714.6 7213.6 112.6
3628.3 7213.4 121.4
3787.2 7228.0 104.8
3789.5 7243.7 102.9
3702.1 7236.9 113.7
3741.8 7257.1 108.1
3729.1 7257.3 109.8
3697.3 7256.7 114.7
3688.7 7255.9 115.8
3640.0 7256.4 122.0
3684.3 7272.0 116.9
3672.5 7273.8 118.5
3615.2 7319.4 127.4
3652.5 7329.6 123.0
3646.2 7328.9 123.7
3624.1 7327.0 126.5
3629.1 7343.0 125.3
650.9 -3387.4 24.2
59.7 -2753.0 21.2
28.0 -2752.2 22.0
-1.5 -2736.7 23.0
-17.5 -2735.0 23.0
57.3 -2726.7 22.6
28.7 -2721.9 22.9
-15.4 -2705.9 22.4
-47.9 -2710.1 22.4
56.0 -2695.0 22.4
2.7 -2695.1 22.2
71.8 -2684.6 22.3
60.4 -2676.9 22.1
29.3 -2675.2 21.9
-30.2 -2676.3 21.8
-77.3 -2680.9 21.7
85.6 -2661.5 21.9
40.5 -2662.4 21.7
-18.2 -2660.1 21.5
-77.7 -2665.6 21.4
63.4 -2653.3 21.6
46.8 -2648.8 21.5
29.6 -2653.6 21.5
-32.5 -2646.0 21.2
90.4 -2638.0 21.4
9.5 -2637.1 21.1
-61.8 -2639.5 20.9
146.2 -2622.2 21.3
55.9 -2618.4 20.9
31.1 -2618.6 20.9
-13.7 -2624.1 20.8
-27.1 -2623.3 20.7
-64.9 -2619.7 20.5
-79.0 -2622.5 20.5
135.8 -2602.6 20.9
99.6 -2608.6 20.9
84.4 -2602.8 20.7
75.6 -2602.0 20.7
58.9 -2609.9 20.8
-11.8 -2600.6 20.3
-64.9 -2604.4 20.2
89.3 -2592.0 20.5
59.7 -2593.7 20.5
30.0 -2585.6 20.2
15.1 -2593.5 20.3
-44.5 -2594.7 20.1
120.3 -2576.4 20.4
72.6 -2575.5 20.2
61.0 -2562.7 19.9
660.1 -2949.2 24.2
648.8 -2951.8 24.1
-101.5 -3231.0 26.9
786.2 -3149.7 24.4
766.7 -3146.5 24.5
751.7 -3130.3 24.9
5440.2 6795.1 31.3
-5242.1 -118.5 13.2
-5253.5 -113.1 13.3
-5225.6 -100.8 13.0
-5249.1 -82.8 13.1
-5207.4 -67.3 12.6
-5237.2 -71.2 12.9
-5255.2 -66.1 13.0
-5270.3 -66.9 13.2
-5220.7 -54.4 12.6
-5271.2 -58.3 13.1
-5278.9 -50.4 13.1
-5181.6 -36.6 12.5
-5166.8 -24.6 12.7
-5193.1 -19.4 13.0
-5256.5 -21.1 13.4
-5161.3 -5.8 13.0
-5182.5 -11.5 13.0
-5223.0 -12.0 13.3
-5165.0 9.1 12.8
-5176.3 2.1 13.0
-5189.9 7.7 13.0
-5203.5 5.2 13.1
-5255.7 6.2 13.3
-5189.6 20.3 12.8
-5203.6 21.7 12.9
-5193.7 31.4 12.7
-5222.4 36.3 12.8
-5263.6 33.3 13.1
-5146.8 53.1 12.8
-5196.3 47.5 12.6
-5256.2 46.4 12.9
-5183.4 65.9 12.3
-5222.0 62.6 12.6
-5236.8 69.4 12.6
-5148.5 80.7 12.7
-5166.5 80.9 12.4
-5179.5 76.5 12.3
-5191.7 81.2 12.2
-5168.5 94.3 12.3
-5189.2 100.2 12.0
-5196.1 109.5 11.9
-4896.4 7243.4 17.0
-4913.0 7258.6 16.9
-4867.1 7292.7 17.3
-4874.7 7284.2 17.3
-4981.9 7287.0 16.8
-4984.0 7321.4 16.6
-5001.9 7315.3 16.5
-5013.5 7321.8 16.7
-4879.5 7331.5 17.3
-4979.1 7352.9 16.8
-4997.5 7343.8 16.6
-5018.1 7351.2 16.6
-4985.8 7359.0 16.8
-5043.4 7359.1 16.5
-4979.7 7379.1 16.9
-5039.3 7382.0 16.7
-5056.1 7375.4 16.5
-5074.9 7393.5 16.3
-5046.5 7403.7 16.6
-5069.4 7412.6 16.3
-5078.0 7421.7 16.2
-5102.3 7425.7 15.9
-5159.1 7471.4 15.5
-5137.8 7479.7 15.7
-5120.9 7495.6 15.9
-5129.4 7494.2 15.8
-5146.6 7495.4 15.5
-5208.4 7518.2 15.1
-5106.5 7525.9 15.9
-5145.0 7529.9 15.5
-5135.7 7545.9 15.7
-5178.1 7553.5 15.5
-5196.8 7575.4 15.6
-5222.3 7588.9 15.9
-5249.0 7590.3 15.7
-5208.5 7600.8 16.0
-5238.1 7601.0 15.8
-3660.7 6253.4 20.5
-3697.2 6251.9 20.4
-3671.4 6268.6 20.4
-3690.9 6263.4 20.5
-3688.5 6281.7 20.3
-3714.3 6291.7 20.4
-5077.0 6447.3 19.3
-5065.7 6470.6 19.9
-5062.9 6495.1 21.0
-5082.9 6489.0 21.2
-5077.3 6500.5 21.6
-5061.9 6534.2 22.7
-5125.5 6506.4 23.0
-5148.4 6499.5 23.3
-5085.8 6514.0 22.4
-5104.0 6519.2 23.1
-5130.5 6521.7 23.8
-5084.8 6536.1 23.4
-5133.3 6551.4 25.2
-5113.6 6566.9 24.4
-5125.9 6561.2 24.8
-4031.9 7379.0 23.8
-4026.2 7420.5 24.3
-5400.6 6785.6 27.6
-3787.3 6926.6 21.6
-3766.4 7021.2 23.7
-3790.8 7022.6 23.5
-3776.8 7058.1 24.0
-5081.4 7813.1 17.2
-5083.6 7827.7 17.2
6318.5 1402.8 39.6
6319.4 1416.8 40.0
6324.4 1429.3 40.3
6361.8 1446.7 40.7
6337.4 1449.2 40.9
6453.8 1461.3 40.7
6420.5 1461.8 41.0
6353.5 1461.0 41.4
6335.1 1457.5 41.2
6318.7 1464.3 41.5
6451.7 1478.7 40.8
6383.6 1477.9 41.4
6406.8 1490.0 41.4
6376.5 1486.0 41.6
6352.5 1489.1 41.8
6442.3 1504.9 41.3
6425.6 1508.1 41.5
6332.8 1502.0 42.1
6430.1 1519.1 41.5
6348.7 1517.2 42.2
6382.5 1533.3 42.0
6367.1 1536.2 42.2
6338.6 1533.9 42.5
