1410.7 6964.0 4.2
1398.5 6953.7 4.1
1394.5 6950.5 4.1
-4760.7 8475.1 2.3
-2744.2 564.0 13.5
-2730.1 648.7 13.3
-2754.6 647.5 13.4
-2797.2 653.2 13.6
-2806.2 618.7 13.7
-2818.8 616.6 13.7
-4883.7 8714.6 4.2
1406.6 6960.5 4.1
598.7 7803.4 4.8
589.6 7800.7 4.9
-2776.5 622.5 13.5
-2782.6 641.9 13.5
-2776.0 643.3 13.5
-2783.3 606.4 13.6
-2734.6 546.6 13.5
1402.7 6957.2 4.1
-289.8 2595.9 1.0
-304.2 2591.7 1.0
-318.6 2587.5 1.1
-333.0 2583.3 1.0
-347.4 2579.0 1.0
-361.8 2574.8 1.0
-376.2 2570.6 1.0
-390.6 2566.4 0.9
-405.0 2562.1 0.9
-419.4 2557.9 0.9
-433.8 2553.7 0.8
-448.2 2549.5 0.8
-462.6 2545.3 0.8
-461.0 2538.4 0.7
-446.7 2542.8 0.7
-432.3 2547.3 0.8
-418.0 2551.7 0.8
-403.7 2556.1 0.8
-389.3 2560.5 0.9
-375.0 2564.9 0.9
-360.7 2569.4 0.9
-346.3 2573.8 1.0
-332.0 2578.2 1.0
-317.7 2582.6 1.0
-303.3 2587.0 1.1
-289.8 2595.9 1.0
-270.9 2561.1 0.8
-285.3 2556.9 0.7
-299.7 2552.6 0.7
-314.1 2548.4 0.7
-328.5 2544.1 0.6
-342.8 2539.9 0.6
-357.2 2535.6 0.6
-371.6 2531.4 0.6
-386.0 2527.1 0.5
-400.4 2522.9 0.5
-414.8 2518.6 0.5
-420.9 2509.7 0.4
-407.8 2511.7 0.4
-393.5 2515.9 0.4
-379.1 2520.2 0.5
-364.7 2524.5 0.5
-350.3 2528.8 0.5
-336.0 2533.1 0.5
-321.6 2537.4 0.6
-307.2 2541.7 0.6
-292.9 2546.0 0.6
-278.5 2550.3 0.7
-270.9 2561.1 0.8
1362.4 5615.4 3.1
1373.5 5614.9 3.2
1387.8 5619.4 3.3
1402.1 5623.9 3.6
1409.5 5616.2 3.6
1420.6 5614.8 3.7
1434.9 5619.2 4.1
1449.3 5623.6 4.1
1463.6 5627.9 3.9
1477.9 5632.5 3.6
1480.7 5637.0 3.6
1466.4 5632.5 3.9
1452.1 5628.0 4.1
1437.8 5623.5 4.2
1423.5 5619.1 3.9
1412.2 5620.1 3.7
1403.6 5626.7 3.7
1389.2 5622.7 3.4
1362.4 5615.4 3.1
1416.9 5576.4 3.8
1431.3 5580.6 3.8
1445.7 5584.9 3.8
1460.0 5589.2 3.9
1474.4 5593.4 4.0
1488.8 5597.7 4.1
1493.7 5595.3 4.1
1479.3 5590.9 4.0
1465.0 5586.5 3.9
1450.7 5582.1 3.8
1436.3 5577.7 3.8
1416.9 5576.4 3.8
3060.7 3543.6 10.1
3051.2 3555.2 9.9
3041.7 3566.8 9.8
3032.2 3578.4 9.6
3022.7 3590.0 9.5
3013.2 3601.6 9.4
3007.5 3600.0 9.3
3017.1 3588.4 9.5
3026.6 3576.8 9.6
3036.1 3565.2 9.7
3045.7 3553.6 9.8
3060.7 3543.6 10.1
4883.4 8482.7 13.6
4887.7 8468.3 14.0
4891.4 8453.8 15.0
4894.7 8439.1 16.1
4897.5 8424.4 15.9
4901.0 8409.8 15.8
4906.5 8395.9 15.7
4912.3 8382.0 15.8
4918.0 8368.2 15.8
4923.8 8354.3 15.8
4929.7 8340.5 15.9
4935.5 8326.7 16.0
4939.9 8326.4 16.0
4934.2 8340.3 15.9
4928.4 8354.2 15.9
4922.7 8368.0 15.9
4917.0 8381.9 15.8
4911.2 8395.8 15.8
4905.5 8409.6 15.8
4900.5 8423.8 16.0
4897.5 8438.4 16.2
4894.2 8452.9 15.0
4889.9 8467.3 14.1
4883.4 8482.7 13.6
5957.5 2736.0 13.8
5988.6 2755.5 13.4
5990.3 2752.8 13.4
5960.2 2732.2 13.9
5957.5 2736.0 13.8
6045.1 2798.5 14.9
6032.7 2790.1 14.5
6020.3 2781.6 14.1
6007.9 2773.2 13.7
5997.5 2764.4 13.5
6009.3 2769.3 13.9
6021.6 2777.8 14.3
6033.9 2786.4 14.7
6045.1 2798.5 14.9
5915.6 2704.3 14.4
5903.4 2695.6 14.4
5891.1 2686.9 14.6
5878.9 2678.2 14.7
5866.7 2669.6 14.5
5854.4 2660.9 14.3
5842.2 2652.2 14.1
5850.2 2653.1 14.2
5862.3 2661.9 14.4
5874.5 2670.7 14.5
5886.6 2679.5 14.7
5898.8 2688.3 14.7
5915.6 2704.3 14.4
6054.2 2789.7 14.9
6041.9 2781.1 14.6
6029.6 2772.6 14.3
6017.3 2764.0 13.9
6005.0 2755.4 13.5
5992.7 2746.8 13.3
5980.4 2738.2 13.6
5968.1 2729.6 13.8
5973.5 2725.3 13.7
5985.9 2733.8 13.4
5998.2 2742.3 13.1
6010.5 2750.9 13.5
6022.9 2759.4 13.8
6035.2 2768.0 14.2
6047.5 2776.5 14.6
6054.2 2789.7 14.9
5934.6 2705.5 14.5
5922.3 2696.8 14.6
5910.1 2688.2 14.7
5897.8 2679.5 14.8
5885.6 2670.8 14.8
5873.3 2662.2 14.6
5861.1 2653.5 14.4
5848.9 2644.8 14.1
5836.6 2636.2 14.0
5824.4 2627.5 14.0
5812.1 2618.9 14.1
5799.8 2610.2 14.1
5787.6 2601.6 14.2
5796.9 2599.5 14.1
5809.5 2607.8 14.1
5821.9 2616.1 14.1
5834.1 2624.8 14.1
5846.3 2633.6 14.1
5858.5 2642.3 14.2
5870.7 2651.0 14.4
5883.0 2659.7 14.6
5895.3 2668.3 14.8
5907.5 2676.9 14.8
5919.7 2685.6 14.7
5931.8 2694.6 14.6
5934.6 2705.5 14.5
6278.2 2948.9 14.7
6244.5 2924.8 14.4
6249.1 2917.8 14.4
6282.3 2942.3 14.8
6278.2 2948.9 14.7
597.0 7769.9 4.5
618.1 7777.4 4.5
600.4 7753.5 4.2
626.3 7762.5 4.3
631.4 7756.0 4.2
592.0 7784.6 4.7
612.6 7792.3 4.7
-2703.1 614.1 13.3
-2706.7 628.6 13.3
-2710.3 643.2 13.3
-2713.9 657.8 13.3
-2717.7 673.2 13.2
-2682.5 533.1 14.4
-2686.2 547.6 14.1
-2689.9 562.2 13.8
-2693.6 576.7 13.3
-2699.4 599.4 13.3
-2744.6 532.6 13.6
-2755.6 531.2 13.7
-2832.1 652.1 13.7
-2817.3 654.7 13.6
-2787.7 659.9 13.5
-2770.2 663.0 13.5
6155.0 -5971.4 11.3
6167.8 -5963.6 11.4
6180.5 -5955.7 11.5
6193.8 -5948.7 11.6
6215.3 -5938.0 11.7
4440.0 6558.6 17.7
4424.6 6577.8 17.7
4454.5 6586.1 16.9
4438.2 6590.5 17.3
4447.8 6605.8 17.3
4395.7 6601.5 21.0
4509.8 6616.7 15.8
4467.1 6624.0 16.8
4454.7 6615.6 17.3
4437.2 6619.8 18.8
4421.8 6614.6 19.7
4388.0 6615.6 21.6
4468.0 6629.8 17.1
4456.9 6639.0 18.4
4403.8 6637.9 21.6
4688.6 6695.8 14.4
4479.6 6708.6 17.9
4691.4 6724.3 14.4
4465.7 6724.9 18.6
4587.7 6829.1 14.3
-4648.8 -2837.5 5.5
-4621.3 -2820.3 5.7
-4665.7 -2822.2 6.1
-4663.3 -2802.4 6.2
-4631.1 -2786.7 6.2
-4621.9 -2776.5 6.2
-525.0 8735.6 2.0
-515.4 8759.8 2.4
-484.7 8777.1 2.5
-498.8 8774.4 2.5
-524.0 8779.3 2.5
-465.5 8789.9 2.7
-495.1 8788.2 2.6
-524.8 8796.3 2.7
-539.7 8788.4 2.6
-477.8 8803.9 2.8
-492.1 8805.1 2.9
-514.2 8801.9 2.8
-476.4 8817.6 3.0
-468.9 8832.5 3.2
-511.2 8840.0 3.3
-378.2 8850.5 3.6
-410.3 8855.3 3.6
-422.0 8853.0 3.6
-448.3 8855.1 3.6
-479.0 8849.9 3.5
-509.6 8852.5 3.5
-569.8 8849.0 3.3
-434.9 8863.0 3.7
-333.9 8881.8 3.9
-349.2 8877.6 3.9
-391.4 8885.5 3.8
-416.7 8881.0 3.8
-468.9 8883.0 3.7
-484.0 8877.7 3.6
-317.9 8895.3 3.9
-328.0 8900.0 3.9
-387.4 8898.4 3.8
-408.1 8896.8 3.8
-424.8 8896.3 3.7
-477.1 8898.1 3.7
-300.7 8913.0 4.0
-345.1 8915.8 3.9
-358.8 8913.4 3.9
-437.7 8910.3 3.7
-281.3 8928.3 4.1
-349.7 8928.4 3.9
-361.4 8925.2 3.9
-404.5 8928.8 3.8
-434.4 8924.9 3.7
-452.3 8930.0 3.7
-467.5 8929.2 3.7
-582.9 8926.7 3.5
-288.3 8937.8 4.1
-296.0 8945.7 4.1
-329.4 8938.1 4.0
-363.7 8944.5 3.9
-480.9 8941.3 3.6
-513.9 8941.5 3.6
-540.2 8946.7 3.5
-603.6 8945.0 3.4
-311.6 8957.4 4.0
-328.4 8960.3 4.0
-349.7 8954.6 3.9
-390.1 8954.1 3.8
-475.9 8955.6 3.7
-497.1 8960.2 3.6
-508.5 8953.2 3.6
-522.0 8958.8 3.6
-535.6 8956.3 3.6
-587.9 8957.3 3.5
-341.7 8971.4 4.0
-355.8 8972.8 4.0
-510.9 8967.5 3.6
-539.5 8972.4 3.5
-580.8 8969.4 3.5
-333.4 8983.6 3.9
-393.4 8982.5 3.9
-485.5 8987.0 3.6
-301.6 8997.6 3.9
-313.8 9002.3 3.8
-4777.6 -3262.5 3.9
-4799.7 -3268.3 3.6
-4772.5 -3236.9 4.4
-4713.9 -3217.0 4.1
-4748.0 -3219.2 4.2
-4672.2 -3204.6 4.0
-4696.2 -3201.0 4.1
-4652.2 -3186.2 4.1
-4686.3 -3188.2 4.1
-4715.9 -3189.9 4.1
-4634.4 -3177.4 4.1
2331.4 -5491.0 21.1
2323.8 -5490.3 21.1
2304.3 -5491.9 21.1
2290.1 -5494.2 21.1
2256.7 -5485.7 21.0
2376.5 -5470.5 21.1
2365.1 -5480.0 21.1
2330.9 -5477.3 21.1
2291.1 -5471.6 21.0
2365.1 -5457.2 21.1
2347.2 -5463.3 21.1
2335.6 -5456.8 21.0
2382.8 -5440.6 21.1
2364.3 -5450.0 21.1
2262.7 -5443.1 21.0
2229.6 -5447.1 20.9
2351.6 -5429.0 21.0
2250.0 -5426.4 20.9
2380.7 -5400.6 21.0
2321.8 -5397.9 20.9
2305.0 -5397.6 20.9
2250.1 -5395.8 20.9
2231.7 -5404.8 20.9
2347.1 -5386.3 20.9
2334.0 -5386.3 20.9
2307.3 -5372.6 20.9
2279.7 -5367.8 20.9
2258.1 -5370.9 20.8
2248.7 -5374.9 20.8
2363.4 -5359.6 20.9
2305.8 -5359.5 20.9
2277.6 -5352.8 20.8
1118.2 -8301.7 22.3
1120.6 -8286.1 22.5
1108.2 -8292.3 22.5
1118.8 -8275.7 22.6
1126.0 -8259.9 22.7
-281.6 -5944.1 20.2
-266.8 -5924.7 20.7
-283.5 -5930.0 20.5
-310.2 -5934.0 19.8
-313.2 -5919.0 19.8
-234.1 -5901.5 21.5
-296.9 -5901.9 20.7
-313.7 -5897.6 20.2
-323.9 -5903.2 19.7
-253.7 -5883.5 22.1
-324.9 -5880.3 20.2
-224.7 -5871.0 21.8
-249.1 -5867.0 22.3
-314.1 -5870.2 20.9
-222.8 -5855.7 21.9
-237.8 -5855.2 22.2
-278.7 -5854.2 22.6
-296.9 -5854.8 22.0
-207.5 -5837.8 21.7
-173.0 -5774.4 19.6
-4496.2 -2940.4 4.7
