-4448.4 840.6 21.1
-4438.2 852.4 21.2
-4427.1 890.4 21.2
-4440.6 901.9 21.2
-4440.7 912.7 21.2
-4445.9 912.9 21.2
-4435.4 925.1 21.3
-4447.6 919.4 21.1
-4427.5 942.7 21.4
-4703.1 849.8 17.5
-4710.1 855.6 17.5
-4730.5 864.6 17.5
-4701.0 871.7 17.9
-4710.1 869.9 17.8
-4721.6 870.7 17.7
-4742.2 873.8 17.5
-4691.9 882.4 18.1
-4714.7 880.8 17.9
-4684.2 892.5 18.4
-4695.7 893.6 18.3
-4700.0 889.8 18.2
-4675.4 900.5 18.6
-4681.4 904.2 18.6
-4609.3 851.2 18.8
-4649.3 847.5 18.3
-4662.1 849.0 18.1
-4639.0 859.0 18.4
-4648.3 872.6 18.3
-4612.1 880.2 18.8
-4647.5 880.1 18.5
-4661.4 879.5 18.3
-4653.7 892.0 18.6
-4629.1 899.4 18.9
-4660.2 901.9 18.7
-4564.0 878.4 19.5
-4572.4 873.1 19.4
-4573.1 887.6 19.4
-4603.3 893.8 19.1
-4603.8 907.9 19.3
-4596.9 913.5 19.5
-4614.5 915.8 19.4
-4592.7 934.1 19.8
-4593.9 945.7 20.0
-4596.0 957.9 20.2
-4577.7 964.0 20.5
-4608.0 963.7 20.2
-4574.6 975.1 20.7
-4586.3 986.2 20.8
-4594.7 984.5 20.7
-4603.3 983.8 20.6
-4575.4 993.2 21.0
-4607.4 992.9 20.7
-4616.8 997.9 20.7
-4575.7 1003.5 21.3
-4586.6 1007.4 21.2
-4592.9 1016.7 21.4
-4617.1 1026.2 21.3
-4330.4 282.8 21.3
-4332.5 293.3 21.1
-4410.3 999.4 22.1
-4420.1 1007.2 22.0
-4427.2 1017.1 21.9
-4435.4 1020.6 21.8
-4430.2 1039.1 21.6
-4438.0 1038.1 21.6
-4451.5 1039.4 21.6
-4438.0 1046.0 21.5
-4449.9 1045.6 21.5
-4264.6 356.5 20.5
-4283.4 354.7 20.3
-4262.8 363.6 20.3
-4232.0 374.8 20.5
-4260.2 371.5 20.1
-4299.3 373.0 19.5
-4330.3 306.8 20.8
-4321.9 327.0 20.4
-4328.1 323.5 20.4
-4339.1 327.0 20.2
-4317.3 333.8 20.3
-4331.2 332.4 20.1
-4330.6 343.0 19.9
-4340.6 342.7 19.7
-4369.2 343.2 19.3
-4327.0 358.2 19.5
-4340.6 358.5 19.3
-4329.4 368.2 19.2
-4347.4 362.8 19.1
-4340.5 373.1 19.0
-4337.1 396.0 19.1
-4353.4 398.1 19.0
-4349.2 402.7 19.0
-4357.1 403.1 19.0
-4481.8 852.6 20.6
-4490.6 854.9 20.5
-4499.7 854.9 20.4
-4481.4 861.3 20.6
-4509.5 862.3 20.2
-4494.0 871.0 20.5
-4501.7 868.4 20.4
-4504.3 893.4 20.3
-4504.7 900.3 20.3
-4505.4 909.3 20.3
-4514.2 913.8 20.2
-4491.8 919.8 20.5
-4475.0 952.9 21.2
-4479.3 950.1 21.1
-4495.0 948.6 20.9
-4502.4 950.4 20.9
-4483.9 960.4 21.2
-4495.4 960.3 21.1
-4511.6 964.7 21.1
-4512.4 969.6 21.1
-4511.9 992.7 21.8
-4356.1 1097.8 21.8
-4246.2 542.1 21.7
-4273.5 547.6 21.6
-4281.4 544.0 21.5
-4255.4 556.1 21.7
-4264.6 551.6 21.6
-4256.0 563.8 21.6
-4256.4 582.9 21.3
-4311.2 636.4 20.8
-4668.3 600.2 17.3
-4667.7 615.9 17.3
-4710.8 631.1 16.6
-4691.2 660.9 17.1
-4697.4 707.7 17.1
-4708.6 741.5 17.0
-4716.7 759.9 16.9
-4685.6 768.6 17.5
-4588.7 598.2 18.7
-4597.7 600.4 18.5
-4607.5 597.4 18.3
-4615.2 601.1 18.2
-4567.2 607.1 19.1
-4585.8 609.2 18.7
-4606.7 608.6 18.4
-4619.1 609.3 18.2
-4623.8 630.3 18.1
-4566.9 636.2 19.1
-4618.2 649.9 18.3
-4377.5 480.6 19.7
-4394.9 561.4 20.6
-4417.5 581.5 20.6
-4392.8 64.2 22.0
-4363.2 108.0 22.2
-4384.3 109.1 22.1
-4353.1 134.2 22.4
-4373.8 162.0 22.2
-4420.1 162.5 21.9
-4372.5 170.4 22.2
-4393.5 172.1 22.0
-4404.4 169.3 21.9
-4421.0 169.9 21.8
-4691.2 533.2 16.7
-4700.0 529.4 16.5
-4706.3 532.0 16.4
-4670.0 539.2 17.1
-4666.9 584.1 17.3
-4421.0 785.3 21.1
-4429.8 785.2 21.1
-4975.4 816.9 17.0
-4865.7 824.7 16.7
-4952.6 825.2 17.0
-4982.9 822.1 17.1
-4868.0 835.5 16.8
-4925.2 837.4 17.1
-4955.1 832.5 17.1
-4993.6 838.2 17.3
-4905.0 844.9 17.1
-4896.8 857.6 17.2
-4906.5 854.6 17.2
-4936.5 856.6 17.3
-4887.8 868.1 17.4
-4894.3 865.2 17.3
-4936.5 864.1 17.5
-4943.8 865.4 17.5
-4957.3 873.2 17.7
-4963.7 874.3 17.7
-4893.2 886.4 17.7
-4928.2 886.2 17.8
-4933.0 886.9 17.8
-4964.5 884.2 17.9
-4914.9 897.5 17.9
-4898.3 904.6 18.0
-4906.4 907.0 18.1
-4884.0 915.5 18.2
-4916.3 917.2 18.3
-4972.0 916.9 18.4
-4906.3 923.3 18.4
-4964.2 927.5 18.6
-4985.2 923.9 18.6
-4906.7 933.4 18.5
-4911.8 938.4 18.6
-4936.5 944.3 18.8
-4467.2 1184.5 23.2
-4463.4 1195.3 23.3
-4483.3 1192.0 23.1
-4523.0 1193.2 22.9
-4534.4 1192.2 22.8
-4541.7 1191.8 22.7
-4564.2 1192.4 22.6
-4584.5 1191.3 22.4
-4631.3 1192.7 22.1
-4645.3 1192.2 22.0
-4706.9 1195.7 21.5
-4457.9 1203.6 23.4
-4464.4 1199.5 23.3
-4544.3 1199.9 22.7
-4615.0 1199.7 22.2
-4642.7 1200.1 22.0
-4677.8 1201.2 21.8
-4704.3 1200.0 21.6
-4757.1 1203.5 21.2
-4462.5 1215.7 23.4
-4475.1 1212.0 23.3
-4464.6 1219.3 23.4
-4474.2 1221.8 23.3
-4493.5 1222.3 23.2
-4505.0 1225.6 23.1
-4541.8 1223.7 22.8
-4555.4 1224.0 22.7
-4587.0 1224.6 22.5
-4632.4 1224.5 22.2
-4695.6 1225.2 21.7
-4747.3 1222.7 21.4
-4755.4 1220.4 21.3
-4466.3 1230.1 23.4
-4524.3 1232.5 23.0
-4537.8 1231.9 22.9
-4543.7 1232.4 22.9
-4564.1 1232.5 22.7
-4686.6 1232.1 21.8
-4735.6 1233.2 21.5
-4753.3 1231.1 21.3
-4467.9 1245.5 23.5
-4484.9 1244.0 23.3
-4562.7 1243.2 22.8
-4575.5 1243.5 22.7
-4621.5 1242.4 22.3
-4646.9 1243.1 22.2
-4656.7 1245.0 22.1
-4681.6 1242.8 21.9
-4724.5 1241.3 21.6
-4746.4 1245.4 21.5
-4582.1 1251.8 22.7
-4591.8 1249.8 22.6
-4637.3 1251.6 22.3
-4657.7 1254.7 22.1
-4663.8 1255.6 22.1
-4693.5 1252.8 21.9
-4707.2 1250.7 21.8
-4732.4 1253.0 21.6
-4741.4 1250.6 21.5
-4596.1 1259.9 22.6
-4607.2 1264.8 22.5
-4626.9 1262.6 22.4
-4637.8 1261.3 22.3
-4667.3 1265.8 22.1
-4693.9 1264.6 21.9
-4741.9 1264.4 21.6
-4467.5 1273.7 23.8
-4595.1 1274.3 22.7
-4602.1 1272.5 22.6
-4683.5 1269.4 22.0
-4723.3 1270.9 21.7
-4583.8 1285.8 22.9
-4598.0 1284.0 22.7
-4607.1 1280.7 22.6
-4681.5 1281.7 22.1
-4717.0 1284.9 21.8
-4593.2 1290.8 22.8
-4604.2 1289.3 22.7
-4634.9 1292.0 22.5
-4714.4 1292.6 21.9
-4673.0 1304.5 22.2
-4693.8 1302.4 22.0
-4563.2 1310.1 23.3
-4587.8 1309.5 23.1
-4656.9 1312.4 22.5
-4686.7 1322.7 22.3
-4605.0 1332.4 23.2
-4631.8 1352.3 23.2
-4676.4 1349.6 22.7
-4687.2 1350.9 22.6
-4626.7 1364.1 23.4
-4646.4 1359.6 23.1
-4368.0 1256.8 24.6
-4379.8 1258.1 24.5
-4378.9 1263.0 24.6
-4389.8 1265.7 24.5
-4395.2 1267.5 24.5
-4376.5 1277.1 24.7
-4394.6 1275.2 24.5
-4378.6 1283.4 24.8
-4395.1 1283.8 24.6
-4299.3 1295.2 25.7
-4348.8 1298.9 25.3
-4295.1 1308.6 25.9
-4306.4 1304.5 25.7
-4319.2 1305.7 25.6
-4324.9 1305.7 25.6
-4386.0 1303.6 25.0
-4397.4 1303.2 24.9
-4316.3 1316.5 25.8
-4327.0 1317.0 25.7
-4354.6 1316.8 25.4
-4376.3 1315.6 25.2
-4396.8 1314.2 25.0
-4296.6 1325.4 26.1
-4336.2 1324.1 25.7
-4346.2 1323.7 25.6
-4365.5 1326.5 25.4
-4386.0 1327.2 25.2
-4395.8 1324.2 25.1
-4336.1 1336.9 25.8
-4349.8 1332.7 25.6
-4365.0 1338.1 25.6
-4389.1 1335.3 25.3
-4309.8 1346.3 26.2
-4356.8 1346.4 25.7
-4380.7 1344.9 25.5
-4388.8 1348.7 25.5
-4350.0 1358.3 25.9
-4345.9 1368.5 26.1
-4360.0 1368.7 26.0
-4376.2 1368.5 25.8
-4828.3 826.8 16.6
-4782.1 836.5 16.5
-4789.6 834.7 16.5
-4847.4 845.2 16.9
-4813.0 854.8 16.9
-4827.3 862.5 17.1
-4810.8 886.7 17.5
-4820.7 882.2 17.4
-4800.3 895.5 17.6
-4812.6 902.5 17.7
-4817.9 913.0 17.9
-4799.6 926.0 18.1
-4791.4 952.1 18.5
-4828.6 954.8 18.7
-4798.7 962.3 18.7
-4812.5 965.1 18.8
-4819.8 962.6 18.8
-4832.5 960.8 18.8
-4839.7 966.4 18.9
-4860.5 965.1 18.9
-4792.0 971.2 18.8
-4800.2 974.1 18.9
-4827.3 971.4 18.9
-4807.1 985.4 19.1
-4842.5 985.3 19.2
-4837.3 992.2 19.3
-4797.6 1003.9 19.4
-4823.2 1000.8 19.4
-4848.8 1001.5 19.5
-4799.5 1016.2 19.6
-4837.8 1016.1 19.7
-4851.5 1012.7 19.7
-4799.9 1023.5 19.7
-4827.5 1023.3 19.8
-4838.4 1022.3 19.8
-4880.4 1024.5 19.8
-4842.3 1031.3 20.0
-4848.7 1034.4 20.0
-4798.0 1044.8 20.1
-4810.7 1045.3 20.1
-4833.6 1046.1 20.1
-4799.1 1055.1 20.3
-4823.2 1053.8 20.1
-4829.2 1056.5 20.2
-4837.4 1053.8 20.1
-4827.5 1067.0 20.4
-4842.3 1064.4 20.4
-4867.7 1065.5 20.4
-4832.9 1071.7 20.3
-4841.4 1071.9 20.3
-4869.6 1076.2 20.3
-4881.7 1076.7 20.2
-4888.5 1072.1 20.3
-4074.4 923.2 21.4
-3927.1 696.0 19.8
-3906.4 714.0 19.8
-3960.2 688.3 19.9
-3930.2 671.3 19.7
-4433.7 423.6 18.3
-4462.0 535.0 19.6
-4470.6 539.2 19.6
-4481.3 544.6 19.5
-4482.9 558.8 19.7
-4406.8 326.4 19.2
-4396.5 329.9 19.3
-4414.7 351.3 18.5
-4435.2 373.6 18.0
-4421.0 381.9 18.2
-3871.5 696.3 19.7
-3867.3 708.4 19.7
-3866.3 720.7 19.7
-3866.5 729.9 19.6
-3868.6 749.5 19.6
-4242.1 896.7 20.7
-4250.6 901.0 20.8
-4245.8 916.1 21.4
-4254.8 918.8 21.4
-4202.5 947.0 21.9
-4211.8 960.5 22.2
-4206.3 969.0 22.4
-4221.7 964.8 22.3
-4204.2 975.5 22.5
-4223.2 975.1 22.5
-4215.7 985.1 22.7
-4482.6 627.2 20.6
-4491.3 624.5 20.4
-4498.4 648.0 20.4
-4057.3 1018.8 23.4
-4077.9 1021.5 23.5
-4033.6 1030.4 23.7
-4048.7 1050.7 24.0
-4014.2 1063.2 23.6
-4035.0 1062.4 23.8
-4047.2 1061.1 24.0
-4094.2 1021.6 23.5
-4094.6 1034.3 23.8
-4094.9 1038.4 23.9
-4086.3 1050.7 24.1
-4069.2 993.2 22.9
4928.7 8638.9 17.8
4953.6 8650.2 17.6
4938.5 8648.4 17.9
4959.1 8658.6 17.7
4938.9 8659.7 18.0
4926.1 8656.5 18.1
4955.8 8669.0 17.9
4924.5 8669.6 18.4
4978.8 8691.6 17.0
4923.7 8686.2 18.6
4917.9 8691.9 18.6
4989.0 8699.4 16.4
4976.2 8701.5 16.7
4925.8 8700.1 18.1
4918.5 8696.4 18.4
4978.3 8711.1 16.5
4918.7 8730.8 17.3
4927.9 8737.0 17.1
4919.0 8738.7 17.2
4923.4 8746.1 17.0
4907.6 8749.8 17.0
4894.5 8748.8 17.2
4946.3 8767.8 16.1
4936.3 8765.6 16.2
4935.9 8778.9 15.9
4943.0 8788.1 15.6
4935.0 8789.6 15.7
4896.2 8789.5 16.2
4746.0 8731.8 18.1
4694.0 8732.3 18.3
4682.8 8727.4 18.5
4676.6 8730.8 18.4
4756.5 8739.3 17.9
4737.4 8741.9 17.9
4727.6 8738.6 18.0
4684.4 8738.8 18.2
4771.5 8752.4 17.5
4763.7 8752.4 17.6
4724.1 8746.7 17.9
4714.0 8745.9 17.9
4787.2 8756.3 17.4
4761.4 8758.4 17.4
4745.5 8762.4 17.4
4722.5 8757.2 17.6
4774.2 8771.9 17.1
4743.4 8767.1 17.4
4676.6 8546.7 18.7
4634.6 8556.6 19.0
4624.4 8558.2 19.1
4615.2 8556.1 19.1
4711.8 8571.2 18.8
4642.0 8567.9 19.2
4626.0 8566.4 19.3
4706.6 8578.8 19.0
4686.7 8580.2 19.2
4664.4 8578.1 19.3
4651.8 8576.0 19.3
4704.5 8587.7 19.2
4700.6 8598.6 19.2
4683.2 8596.5 19.3
4623.3 8597.4 19.7
4774.6 8611.4 18.8
4756.2 8610.0 18.9
4726.5 8610.8 19.1
4716.2 8611.3 19.1
4640.8 8610.2 19.6
4774.0 8620.0 18.8
4754.9 8619.2 18.9
4741.2 8618.5 19.0
4646.4 8617.7 19.5
4774.4 8630.0 18.8
4762.9 8630.4 18.9
4751.0 8626.2 18.9
4740.7 8628.1 19.0
4664.3 8628.3 19.5
4654.7 8632.2 19.7
4646.7 8628.9 19.7
4616.4 8627.1 19.8
4802.3 8636.5 18.7
4773.8 8637.5 18.9
4764.5 8636.4 19.0
4751.7 8636.8 19.1
4670.9 8639.0 19.6
4634.1 8641.0 19.7
4835.0 8650.5 18.7
4796.8 8646.1 18.9
4771.3 8646.3 19.1
4751.0 8647.1 19.3
4861.2 8661.9 18.8
4846.8 8661.1 18.8
4823.4 8661.2 19.0
4815.6 8657.6 19.0
4806.6 8657.0 19.0
4773.6 8658.2 19.3
4762.4 8657.5 19.3
4670.6 8659.8 19.4
4662.8 8662.1 19.3
4652.6 8656.6 19.4
4842.5 8672.6 19.0
4831.4 8672.1 19.1
4824.6 8672.0 19.1
4791.8 8670.8 19.1
4786.3 8667.2 19.2
4771.2 8669.5 19.1
4745.0 8667.1 19.2
4893.1 8678.1 18.8
4795.2 8681.1 18.9
4783.1 8678.1 18.9
4763.4 8677.1 19.0
4742.3 8677.3 18.9
4901.8 8686.4 18.8
4830.3 8686.0 18.8
4826.4 8689.5 18.7
4782.2 8690.9 18.6
4771.7 8691.4 18.6
4751.4 8691.4 18.6
4745.1 8686.3 18.7
4706.0 8689.7 18.9
4845.4 8702.0 18.4
4824.0 8697.1 18.5
4804.9 8702.0 18.4
4793.7 8696.6 18.5
4763.4 8696.2 18.5
4744.7 8696.3 18.6
4896.6 8706.2 18.3
4811.8 8709.0 18.2
4794.8 8711.3 18.3
4781.8 8711.2 18.4
4754.6 8706.8 18.6
4745.4 8707.0 18.6
4844.2 8718.0 18.0
4813.5 8719.0 18.2
4804.8 8716.2 18.2
4795.7 8722.1 18.2
4783.5 8718.2 18.4
4804.0 8732.5 17.9
4784.9 8727.2 18.1
4881.8 8739.2 17.5
4876.1 8738.0 17.6
4781.6 8737.4 17.9
4775.7 8737.2 17.9
4834.5 8746.3 17.5
4824.9 8750.4 17.4
4822.7 8760.4 17.2
4691.0 8404.1 17.5
4679.5 8414.4 17.4
4698.8 8422.3 17.5
4688.4 8422.4 17.5
4689.5 8434.1 17.6
4756.4 8440.5 18.2
4759.0 8453.2 18.7
4741.7 8456.8 18.6
4699.8 8452.5 17.9
4677.0 8456.0 17.8
4740.5 8461.2 18.8
4725.5 8466.8 18.7
4686.6 8463.8 18.0
4679.7 8465.9 18.0
4735.4 8472.6 19.0
4690.2 8474.7 18.5
4726.1 8482.3 19.2
4739.3 8494.7 19.3
4671.9 8491.8 18.6
4658.4 8494.4 18.5
4790.8 8503.3 18.4
4736.8 8506.6 18.6
4681.4 8504.4 19.2
4665.9 8504.2 18.9
4736.6 8514.2 18.6
4666.0 8515.6 19.2
4661.8 8512.5 19.1
4819.9 8520.3 18.3
4809.5 8522.7 18.3
4796.2 8524.1 18.4
4778.0 8525.8 18.4
4755.3 8523.8 18.5
4750.0 8523.8 18.5
4727.6 8525.4 18.6
4685.4 8524.5 18.8
4828.8 8530.5 18.3
4817.1 8536.3 18.3
4805.5 8530.8 18.3
4787.2 8530.3 18.4
4691.3 8532.1 18.7
4671.4 8531.1 18.8
4760.8 8545.9 18.5
4740.9 8546.4 18.5
4728.8 8544.6 18.6
4721.6 8541.8 18.6
4705.4 8543.0 18.7
4758.6 8550.3 18.5
4748.1 8556.6 18.5
4735.5 8550.4 18.5
4755.7 8570.2 18.4
4769.5 8580.4 18.6
4755.5 8584.7 18.8
4776.3 8590.8 18.8
4878.9 8603.7 18.1
4876.0 8624.4 18.1
4821.9 8621.9 18.5
4908.4 8646.0 18.1
4850.2 8641.2 18.5
4787.9 8454.0 19.2
4796.4 8465.5 19.8
4785.1 8460.0 19.4
4816.8 8475.6 19.0
4822.2 8480.6 18.6
4826.5 8492.5 18.3
4813.8 8492.6 18.4
4906.1 8504.0 17.7
4872.9 8501.2 18.2
4844.6 8504.9 18.3
4867.5 8513.1 18.2
4857.7 8510.6 18.2
4844.8 8512.5 18.2
4947.1 8521.2 17.2
4932.1 8520.3 17.5
4926.0 8524.8 17.6
4876.8 8521.8 18.1
4863.2 8520.5 18.2
4853.5 8525.5 18.2
4833.2 8519.6 18.3
4857.8 8532.2 18.2
4868.6 8540.1 18.1
4942.5 8555.4 17.6
4894.3 8554.0 18.0
4882.6 8555.3 18.0
4932.1 8569.2 17.8
4925.8 8569.7 17.8
4916.0 8580.5 17.9
4902.2 8584.2 17.9
4894.5 8584.3 17.9
4913.6 8592.3 17.9
4892.8 8594.8 18.0
4922.0 8600.2 17.8
4915.6 8604.9 17.9
4902.7 8599.4 18.0
4908.1 8611.2 17.9
5007.9 8605.0 17.2
4975.8 8600.3 17.5
4998.5 8612.7 17.2
4973.3 8610.2 17.4
5035.5 8625.3 16.9
4987.1 8621.0 17.3
4965.5 8624.4 17.4
5055.8 8633.6 15.9
5045.0 8631.9 16.3
5037.8 8630.2 16.5
5056.2 8644.0 16.1
5033.7 8641.1 16.3
4967.3 8643.4 17.5
5068.2 8652.5 15.9
5057.7 8651.4 16.2
5034.3 8652.1 16.5
5078.1 8664.9 15.2
5053.1 8660.4 16.0
5048.4 8662.3 16.1
5068.5 8675.0 15.2
5013.3 8673.0 16.7
5063.4 8679.1 15.3
5016.6 8679.7 16.3
5066.7 8693.7 15.2
5047.8 8692.0 15.5
5012.6 8689.3 16.1
4998.5 8689.7 16.5
5053.1 8700.8 15.3
5044.4 8704.1 15.5
5052.2 8711.1 15.3
5045.6 8725.5 15.4
5037.5 8722.0 15.5
5099.3 8678.8 14.7
5102.9 8690.2 14.6
5091.5 8691.5 14.8
5114.0 8699.4 14.4
5101.8 8709.7 14.6
5087.6 8707.4 14.8
5082.5 8713.0 14.9
5151.3 8722.4 13.8
5133.1 8719.7 14.1
5122.1 8720.7 14.2
5110.8 8721.2 14.4
5089.0 8723.3 14.7
5078.7 8719.1 14.9
5162.4 8730.7 13.6
5140.8 8732.6 13.9
5133.6 8733.0 14.0
5118.7 8727.6 14.3
5102.6 8728.9 14.5
5091.9 8728.4 14.7
5081.4 8728.0 14.8
5140.8 8740.2 13.9
5119.9 8739.2 14.2
5113.1 8740.1 14.3
5081.0 8740.1 14.8
5063.5 8741.9 15.1
5181.3 8750.0 13.2
5167.8 8750.2 13.4
5069.2 8747.4 14.9
5083.7 8769.4 14.5
5182.7 8781.5 13.0
5083.9 8779.2 14.2
5070.5 8779.0 14.3
5178.1 8789.5 12.8
5079.2 8792.1 13.9
5071.1 8792.7 14.0
5028.8 8753.2 15.5
5034.6 8760.1 15.3
5023.3 8763.1 15.3
-4699.7 1143.0 21.4
-4695.4 1165.0 21.5
-4703.4 1162.4 21.4
-4694.3 1175.3 21.5
-3965.9 430.8 23.0
-3997.1 464.6 22.8
-4135.8 642.1 20.8
-4146.8 637.7 20.8
-4122.0 645.9 20.8
-4437.2 184.4 21.6
-4361.5 188.9 22.4
-4370.6 191.0 22.3
-4378.4 191.0 22.2
-4412.1 193.2 21.8
-4427.4 190.0 21.7
-4468.7 189.4 21.4
-4350.9 198.9 22.6
-4359.5 201.3 22.5
-4452.8 199.5 21.5
-4467.0 200.0 21.4
-4488.0 201.2 21.3
-4347.1 209.6 22.7
-4489.7 214.6 21.2
-4351.3 224.6 22.7
-4490.7 242.9 21.0
-4491.6 253.2 21.0
-4501.0 251.5 20.9
-4418.6 272.9 20.8
-4429.0 271.7 20.8
-4478.5 268.7 20.7
-4624.8 247.0 21.9
-4591.9 256.3 22.2
-4479.6 275.3 20.2
-4492.8 279.4 19.9
-4424.9 286.5 19.9
-4432.7 290.6 19.6
-4441.9 285.2 19.9
-4451.4 288.3 19.6
-4490.5 289.3 19.4
-4503.7 287.5 19.9
-4511.8 286.2 20.3
-4412.2 296.7 19.7
-4419.9 298.8 19.5
-4431.1 295.3 19.3
-4510.4 296.7 20.1
-4522.4 298.2 20.3
-4525.2 305.2 20.1
-4502.6 315.6 19.3
-4512.1 317.6 19.4
-4495.4 330.9 18.7
-4501.6 335.2 18.6
-4519.8 340.2 18.7
-4501.7 361.2 17.7
-4494.9 376.1 17.4
-4492.2 389.4 17.5
-4499.3 387.7 17.5
-4484.0 399.3 17.7
-4491.5 395.8 17.6
-4499.5 399.2 17.5
-4482.4 407.9 17.7
-4493.2 407.3 17.6
-4504.3 408.6 17.5
-4501.2 420.6 17.6
-4492.9 430.5 17.7
-4500.0 428.9 17.7
-4495.3 436.7 17.8
-4513.7 437.9 17.6
-4525.4 437.0 17.5
-4504.9 448.7 17.9
-4489.9 456.2 18.2
-4504.9 459.1 18.1
-4620.8 457.7 16.8
-4504.0 467.0 18.2
-4609.6 468.5 16.9
-4640.1 469.0 16.7
-4509.1 476.3 18.3
-4603.2 479.8 17.1
-4612.1 481.0 17.0
-4649.9 478.0 16.7
-4600.8 489.5 17.3
-4621.2 489.8 17.0
-4631.3 488.4 16.8
-4510.0 498.0 18.6
-4529.2 500.1 18.5
-4564.9 497.3 18.0
-4580.9 500.8 17.8
-4599.9 495.6 17.4
-4613.5 496.1 17.2
-4621.9 496.9 17.1
-4633.8 495.2 16.9
-4643.3 497.6 16.8
-4811.8 270.2 19.8
-4794.3 279.0 20.5
-4804.9 278.7 20.3
-4815.9 280.5 20.2
-4826.2 276.5 19.8
-4830.9 279.5 19.9
-4786.5 284.1 20.7
-4804.9 285.0 20.6
-4810.1 286.5 20.5
-4825.9 284.2 20.2
-4773.0 300.6 20.4
-4782.0 299.7 20.4
-4805.3 297.0 20.3
-4773.3 306.5 20.3
-4791.9 305.8 20.2
-4800.3 308.8 20.1
-4830.5 310.7 19.9
-4861.0 305.2 19.9
-4782.8 318.9 20.0
-4825.3 315.7 19.8
-4833.8 317.0 19.8
-4781.3 326.6 19.8
-4841.3 324.4 19.6
-4851.3 327.2 19.5
-4793.1 335.9 19.6
-4804.0 337.5 19.5
-4841.2 335.9 19.3
-4850.1 340.4 19.2
-4760.8 344.4 19.6
-4772.3 347.7 19.4
-4783.8 344.6 19.4
-4814.3 344.3 19.3
-4744.1 354.7 19.4
-4772.7 357.2 19.2
-4754.3 368.4 19.1
-4774.2 364.8 19.1
-4780.6 376.9 18.8
-4618.9 126.2 20.8
-4625.3 145.8 20.8
-4634.9 142.3 20.8
-4645.5 145.1 20.7
-4647.9 154.4 20.5
-4659.0 157.2 20.3
-4634.9 166.5 20.4
-4649.1 165.4 20.2
-4668.1 168.3 20.0
-4635.7 176.2 20.6
-4666.4 176.9 20.2
-4678.2 178.0 20.0
-4674.9 194.1 20.3
-4699.1 194.9 20.0
-4676.6 206.3 20.5
-4684.8 208.0 20.4
-4717.2 206.5 19.9
-4725.4 206.6 19.8
-4733.5 208.6 19.7
-4683.5 218.5 20.6
-4709.2 215.3 20.2
-4686.3 226.2 20.7
-4709.1 222.7 20.3
-4697.1 236.5 20.7
-4704.9 235.4 20.6
-4718.0 237.2 20.4
-4724.0 232.7 20.2
-4773.5 236.6 19.6
-4694.4 247.4 20.9
-4707.6 247.6 20.7
-4713.8 248.1 20.7
-4727.2 248.6 20.5
-4737.0 243.6 20.2
-4748.0 243.5 20.1
-4754.2 246.8 20.1
-4769.4 248.6 19.9
-4694.3 256.5 21.1
-4726.1 256.5 20.6
-4747.6 256.4 20.3
-4764.0 255.5 20.1
-4774.6 257.6 20.0
-4707.8 278.7 21.2
-4718.3 274.6 21.2
-4726.6 277.8 21.1
-4745.5 273.6 21.1
-4774.1 277.1 20.7
-4719.5 283.6 21.0
-4747.6 284.0 20.9
-4759.5 283.3 20.8
-4769.8 282.1 20.8
-4747.9 296.5 20.6
-4717.5 302.8 20.6
-4726.4 303.6 20.6
-4997.2 591.8 13.0
-4998.2 599.6 13.1
-5012.1 598.6 12.9
-5021.1 599.6 12.7
-5020.6 606.7 12.9
-5020.3 628.4 13.4
-4941.3 681.5 15.4
-4942.3 696.8 15.6
-4967.6 696.1 15.2
-4958.0 716.8 15.8
-4906.1 730.4 15.9
-4931.5 730.9 15.8
-4952.1 736.0 15.8
-4782.4 418.6 18.0
-4772.5 427.9 17.8
-4781.2 433.1 17.7
-4811.9 458.0 17.0
-4836.7 458.6 16.9
-4801.7 467.6 16.9
-4811.9 469.5 16.8
-4849.2 466.6 16.9
-4801.7 474.7 16.7
-4808.8 476.2 16.7
-4812.0 498.6 15.9
-4832.5 495.4 15.7
-4882.6 468.7 16.1
-5045.7 396.3 16.7
-4985.8 408.0 17.4
-5006.0 408.7 16.9
-5045.7 405.8 16.3
-4977.3 416.7 17.0
-4982.0 430.4 16.2
-4992.1 427.8 16.2
-5007.1 427.4 16.0
-5025.9 426.8 15.8
-5051.4 430.7 15.4
-4983.7 435.6 16.0
-5014.0 436.1 15.7
-4913.4 458.1 16.1
-4786.0 569.7 16.0
-4796.1 572.0 16.0
-4806.5 571.3 15.9
-4816.0 578.2 15.8
-4821.9 580.4 15.7
-4791.9 593.5 16.0
-4802.9 589.8 16.0
-4816.7 589.9 16.0
-4832.2 590.5 15.7
-4796.4 603.2 16.0
-4815.0 603.5 16.0
-4824.8 604.1 16.0
-4794.8 623.6 16.0
-4797.1 628.4 16.0
-4802.8 629.7 16.0
-4796.5 641.1 16.0
-4805.6 693.0 16.0
-4936.7 559.3 13.4
-4931.4 568.4 13.7
-4819.3 751.3 16.0
-4332.3 713.0 20.8
-4342.8 713.2 20.8
-4397.7 625.0 20.8
-4407.4 622.8 20.8
-4433.3 1120.5 22.2
-4420.9 1149.0 23.1
-4430.3 1144.7 23.0
-4381.0 1160.5 23.4
-4391.5 1160.4 23.4
-4431.9 1154.8 23.2
-4378.7 1166.5 23.6
-4390.7 1169.0 23.6
-4152.5 439.3 21.3
-4154.3 447.5 21.5
-4150.6 458.0 21.6
-4096.3 341.4 23.3
-4132.6 338.2 22.9
-4081.1 365.9 22.9
-3966.7 771.1 19.8
-3960.9 782.2 19.8
-3986.6 783.8 19.9
-3971.8 789.6 19.9
-3985.2 807.6 19.9
-3962.4 828.2 19.9
-3947.0 868.9 20.2
-4107.2 872.2 20.5
-4175.2 849.0 20.5
-4162.3 858.0 20.5
-4141.7 868.7 20.4
-4150.8 865.3 20.4
-4083.6 511.4 22.2
-4103.7 512.8 22.2
-4115.0 512.4 22.2
-4134.3 509.6 22.2
-4089.9 521.9 22.1
-4105.8 525.3 22.0
-4124.7 519.9 22.2
-4075.1 530.2 21.9
-4083.8 533.6 21.9
-4119.9 531.9 22.0
-4124.4 530.1 22.0
-4086.2 540.0 21.8
-4121.7 625.5 20.7
-4095.1 748.6 20.2
-3872.5 817.3 19.8
-3862.8 831.5 19.8
-3875.6 828.2 19.9
-3867.4 836.6 19.8
-3873.6 839.2 19.9
-3875.2 849.1 19.9
-3892.5 850.9 19.9
-3874.1 868.2 20.1
-3898.5 878.9 20.4
-3982.7 623.0 20.6
-4042.3 627.2 20.7
-4055.5 627.6 20.7
-4094.2 625.0 20.7
-4013.3 637.8 20.4
-4024.1 632.9 20.6
-4083.2 638.2 20.8
-3994.0 645.1 20.2
-4005.3 644.3 20.3
-4014.7 648.6 20.2
-4044.4 647.9 20.4
-4061.1 645.8 20.5
-4005.7 658.4 20.0
-4056.5 657.2 20.2
-4062.5 654.7 20.3
-4010.9 667.5 19.9
-4033.0 667.3 20.0
-4062.1 665.9 20.1
-4083.8 666.0 20.2
-4061.9 674.1 20.0
-4037.0 688.7 20.0
-4041.6 687.4 20.0
-4054.8 683.3 20.1
-4070.8 687.8 20.1
-4041.0 694.9 20.1
-4051.1 698.7 20.1
-3790.4 584.8 20.5
-3896.9 580.6 20.8
-3901.5 603.5 20.6
-3830.0 641.2 19.5
-3838.3 640.3 19.5
-3851.3 640.5 19.6
-3865.2 640.6 19.7
-4139.7 1085.5 24.9
-4095.8 1096.0 24.7
-4135.2 1105.4 25.2
-4621.1 681.9 18.3
-4639.8 697.3 18.1
-4589.4 708.7 19.0
-4609.3 710.5 18.6
-4619.4 711.5 18.5
-4630.1 706.1 18.3
-4639.3 712.4 18.1
-4574.6 721.3 19.2
-4589.2 720.5 18.9
-4601.7 719.1 18.8
-4582.1 731.1 19.0
-4589.7 729.2 18.9
-4595.6 751.7 18.8
-4592.7 757.6 18.9
-4603.2 762.6 18.8
-4575.5 771.1 19.3
-4609.5 767.7 18.7
-4590.3 778.0 19.1
-4605.2 779.2 18.9
